195
209
224
230
237
242
246
247
251
250
251
252
253
254
254
254
255
255
255
255
255
255
255
255
255
255
255
255
255
255
255
255
255
255
255
255
255
255
255
255
255
255
255
255
255
255
255
255
255
255
255
255
255
255
255
255
255
255
255
255
255
255
255
255
255
255
255
255
255
255
255
255
255
255
255
255
255
255
255
255
255
255
255
255
255
255
255
255
254
254
254
254
254
253
252
252
248
248
243
240
233
229
217
205
189
166
132
100
75
54
39
30
22
18
13
9
7
7
4
2
2
2
2
1
1
1
1
0
0
0
0
0
0
0
0
0
0
0
0
0
0
0
0
0
0
0
0
0
0
0
0
0
0
0
0
0
0
0
0
0
0
0
0
0
0
0
0
0
0
0
0
0
0
0
0
0
0
0
0
0
0
0
0
0
0
0
0
0
0
1
1
1
1
2
3
4
4
7
10
13
16
24
27
39
55
71
97
128
163
186
204
217
229
234
239
245
247
248
251
251
253
254
254
254
254
254
254
255
255
255
255
255
255
255
255
255
255
255
255
255
255
255
255
255
255
255
255
255
254
254
254
253
252
251
250
248
246
244
241
232
227
216
199
183
157
122
89
69
51
36
27
20
13
12
8
4
5
4
2
1
1
1
1
1
1
1
1
1
1
1
1
1
2
3
4
5
8
9
13
18
24
30
46
58
78
107
142
171
192
211
222
229
237
240
243
247
250
250
251
252
253
253
253
252
252
251
248
250
245
243
240
232
228
217
201
187
161
132
95
71
53
40
28
24
15
13
11
9
5
7
5
7
8
8
11
15
17
23
34
42
58
76
104
139
168
192
209
218
229
232
240
243
244
244
244
245
243
238
235
230
218
208
192
169
140
106
76
62
42
34
26
21
17
15
15
17
20
24
31
39
53
68
97
127
157
182
203
214
220
228
232
233
233
230
226
218
211
192
175
146
111
84
64
48
38
34
29
28
28
33
40
51
66
88
117
150
177
194
206
215
219
222
219
214
206
195
171
150
112
89
66
54
48
40
40
43
51
64
78
102
138
164
181
197
205
209
208
203
193
179
153
129
95
78
63
54
52
52
62
72
99
127
158
178
189
196
199
193
186
169
144
116
91
75
64
62
64
73
88
112
139
163
178
187
188
184
176
155
130
103
85
74
71
74
82
102
126
151
168
178
180
176
163
141
116
95
82
78
80
91
111
135
156
169
174
171
161
139
114
97
86
82
92
105
128
149
164
166
164
153
131
110
93
91
92
104
126
145
160
164
156
148
122
102
95
95
104
124
142
156
158
152
140
118
102
99
103
115
138
153
153
152
138
115
103
103
107
125
141
152
150
141
124
107
102
111
124
140
152
144
137
117
106
109
116
133
148
144
139
119
109
111
116
135
146
142
136
116
109
115
125
140
145
138
120
114
112
123
140
144
135
122
114
117
127
140
141
132
119
114
