025K09D0M2
  0.5 0.00000E+00
  1.0 0.00000E+00
  1.5 0.00000E+00
  2.0 0.00000E+00
  2.5 0.00000E+00
  3.0 0.00000E+00
  3.5 2.39030E+04
  4.0 2.98250E+04
  4.5 3.58760E+04
  5.0 4.19430E+04
  5.5 4.77200E+04
  6.0 5.27460E+04
  6.5 5.66460E+04
  7.0 5.92310E+04
  7.5 6.05310E+04
  8.0 6.06900E+04
  8.5 5.99100E+04
  9.0 5.84370E+04
  9.5 5.64580E+04
 10.0 5.41470E+04
 10.5 5.16340E+04
 11.0 4.90340E+04
 11.5 4.64200E+04
 12.0 4.38060E+04
 12.5 4.12640E+04
 13.0 3.88080E+04
 13.5 3.64250E+04
 14.0 3.41430E+04
 14.5 3.19480E+04
 15.0 2.98540E+04
 15.5 2.78320E+04
 16.0 2.59110E+04
 16.5 2.40480E+04
 17.0 2.22710E+04
 17.5 1.01920E+05
 18.0 1.88910E+04
 18.5 1.72740E+04
 19.0 1.57140E+04
 19.5 2.67340E+04
 20.0 1.14100E+04
 20.5 1.00520E+04
 21.0 8.96910E+03
 21.5 7.87150E+03
 22.0 6.75930E+03
 22.5 5.63280E+03
 23.0 4.50620E+03
 23.5 3.36520E+03
 24.0 2.23870E+03
 24.5 1.11210E+03
 25.0 8.66580E+01
