025K13D0M2
  0.5 0.00000E+00
  1.0 0.00000E+00
  1.5 0.00000E+00
  2.0 0.00000E+00
  2.5 0.00000E+00
  3.0 0.00000E+00
  3.5 3.72490E+04
  4.0 4.61390E+04
  4.5 5.51650E+04
  5.0 6.35950E+04
  5.5 7.05220E+04
  6.0 7.53340E+04
  6.5 7.79280E+04
  7.0 7.84910E+04
  7.5 7.74500E+04
  8.0 7.52490E+04
  8.5 7.22460E+04
  9.0 6.87820E+04
  9.5 6.50620E+04
 10.0 6.12740E+04
 10.5 5.75370E+04
 11.0 5.39030E+04
 11.5 5.04220E+04
 12.0 4.71120E+04
 12.5 4.39720E+04
 13.0 4.10370E+04
 13.5 3.82560E+04
 14.0 3.56450E+04
 14.5 3.31880E+04
 15.0 3.08670E+04
 15.5 2.86660E+04
 16.0 2.65850E+04
 16.5 2.46050E+04
 17.0 2.27110E+04
 17.5 1.03490E+05
 18.0 1.91620E+04
 18.5 1.75070E+04
 19.0 1.59030E+04
 19.5 2.70110E+04
 20.0 1.18930E+04
 20.5 1.04940E+04
 21.0 9.31650E+03
 21.5 8.12210E+03
 22.0 6.92770E+03
 22.5 5.75030E+03
 23.0 4.57290E+03
 23.5 3.41260E+03
 24.0 2.25230E+03
 24.5 1.10910E+03
 25.0 8.53160E+01
