025K19D0M2
  0.5 0.00000E+00
  1.0 0.00000E+00
  1.5 0.00000E+00
  2.0 0.00000E+00
  2.5 0.00000E+00
  3.0 0.00000E+00
  3.5 5.93110E+04
  4.0 7.29290E+04
  4.5 8.53810E+04
  5.0 9.48620E+04
  5.5 1.00550E+05
  6.0 1.02570E+05
  6.5 1.01610E+05
  7.0 9.85170E+04
  7.5 9.40780E+04
  8.0 8.88760E+04
  8.5 8.33330E+04
  9.0 7.77690E+04
  9.5 7.23460E+04
 10.0 6.71840E+04
 10.5 6.23040E+04
 11.0 5.77650E+04
 11.5 5.35670E+04
 12.0 4.96500E+04
 12.5 4.60550E+04
 13.0 4.27210E+04
 13.5 3.96280E+04
 14.0 3.67560E+04
 14.5 3.41040E+04
 15.0 3.15940E+04
 15.5 2.92640E+04
 16.0 2.70750E+04
 16.5 2.49860E+04
 17.0 2.30170E+04
 17.5 1.04600E+05
 18.0 1.93620E+04
 18.5 1.76550E+04
 19.0 1.60280E+04
 19.5 2.71950E+04
 20.0 1.22720E+04
 20.5 1.08260E+04
 21.0 9.56050E+03
 21.5 8.29510E+03
 22.0 7.06990E+03
 22.5 5.82470E+03
 23.0 4.61960E+03
 23.5 3.43450E+03
 24.0 2.26960E+03
 24.5 1.10470E+03
 25.0 8.03400E+01
