025K15D0M2
  0.5 0.00000E+00
  1.0 0.00000E+00
  1.5 0.00000E+00
  2.0 0.00000E+00
  2.5 0.00000E+00
  3.0 0.00000E+00
  3.5 4.43030E+04
  4.0 5.47840E+04
  4.5 6.51740E+04
  5.0 7.43100E+04
  5.5 8.11580E+04
  6.0 8.52820E+04
  6.5 8.67890E+04
  7.0 8.61350E+04
  7.5 8.39010E+04
  8.0 8.06130E+04
  8.5 7.66540E+04
  9.0 7.23850E+04
  9.5 6.80070E+04
 10.0 6.36840E+04
 10.5 5.94880E+04
 11.0 5.54920E+04
 11.5 5.17140E+04
 12.0 4.81720E+04
 12.5 4.48480E+04
 13.0 4.17420E+04
 13.5 3.88350E+04
 14.0 3.61110E+04
 14.5 3.35680E+04
 15.0 3.11700E+04
 15.5 2.89180E+04
 16.0 2.67920E+04
 16.5 2.47580E+04
 17.0 2.28510E+04
 17.5 1.03970E+05
 18.0 1.92540E+04
 18.5 1.75650E+04
 19.0 1.59480E+04
 19.5 2.70830E+04
 20.0 1.20430E+04
 20.5 1.06440E+04
 21.0 9.40910E+03
 21.5 8.19210E+03
 22.0 6.99330E+03
 22.5 5.79440E+03
 23.0 4.59560E+03
 23.5 3.41490E+03
 24.0 2.25240E+03
 24.5 1.10800E+03
 25.0 9.08220E+01
