025K17D0M2
  0.5 0.00000E+00
  1.0 0.00000E+00
  1.5 0.00000E+00
  2.0 0.00000E+00
  2.5 0.00000E+00
  3.0 0.00000E+00
  3.5 5.16470E+04
  4.0 6.37390E+04
  4.5 7.52760E+04
  5.0 8.47620E+04
  5.5 9.11820E+04
  6.0 9.43240E+04
  6.5 9.46310E+04
  7.0 9.27530E+04
  7.5 8.93800E+04
  8.0 8.50680E+04
  8.5 8.02960E+04
  9.0 7.53330E+04
  9.5 7.03890E+04
 10.0 6.55980E+04
 10.5 6.10370E+04
 11.0 5.67440E+04
 11.5 5.27390E+04
 12.0 4.89830E+04
 12.5 4.55140E+04
 13.0 4.22750E+04
 13.5 3.92670E+04
 14.0 3.64690E+04
 14.5 3.38620E+04
 15.0 3.14100E+04
 15.5 2.91100E+04
 16.0 2.69440E+04
 16.5 2.48940E+04
 17.0 2.29390E+04
 17.5 1.04330E+05
 18.0 1.93170E+04
 18.5 1.76310E+04
 19.0 1.59830E+04
 19.5 2.71550E+04
 20.0 1.21690E+04
 20.5 1.07510E+04
 21.0 9.50530E+03
 21.5 8.25960E+03
 22.0 7.03310E+03
 22.5 5.80660E+03
 23.0 4.61850E+03
 23.5 3.43030E+03
 24.0 2.26130E+03
 24.5 1.11150E+03
 25.0 7.66550E+01
