025K10D0M2
  0.5 0.00000E+00
  1.0 0.00000E+00
  1.5 0.00000E+00
  2.0 0.00000E+00
  2.5 0.00000E+00
  3.0 0.00000E+00
  3.5 2.71580E+04
  4.0 3.37690E+04
  4.5 4.05770E+04
  5.0 4.73250E+04
  5.5 5.35420E+04
  6.0 5.87120E+04
  6.5 6.24270E+04
  7.0 6.46110E+04
  7.5 6.53690E+04
  8.0 6.49290E+04
  8.5 6.35650E+04
  9.0 6.15330E+04
  9.5 5.90610E+04
 10.0 5.63320E+04
 10.5 5.34510E+04
 11.0 5.05550E+04
 11.5 4.76580E+04
 12.0 4.48380E+04
 12.5 4.21240E+04
 13.0 3.95000E+04
 13.5 3.69990E+04
 14.0 3.46180E+04
 14.5 3.23430E+04
 15.0 3.01750E+04
 15.5 2.80980E+04
 16.0 2.61260E+04
 16.5 2.42310E+04
 17.0 2.24110E+04
 17.5 1.02430E+05
 18.0 1.89690E+04
 18.5 1.73470E+04
 19.0 1.57700E+04
 19.5 2.68240E+04
 20.0 1.15700E+04
 20.5 1.01900E+04
 21.0 9.08280E+03
 21.5 7.96080E+03
 22.0 6.80830E+03
 22.5 5.67110E+03
 23.0 4.51870E+03
 23.5 3.38140E+03
 24.0 2.24420E+03
 24.5 1.10690E+03
 25.0 9.09800E+01
