025K22D0M2
  0.5 0.00000E+00
  1.0 0.00000E+00
  1.5 0.00000E+00
  2.0 0.00000E+00
  2.5 0.00000E+00
  3.0 0.00000E+00
  3.5 7.14120E+04
  4.0 8.71720E+04
  4.5 1.00410E+05
  5.0 1.09320E+05
  5.5 1.13500E+05
  6.0 1.13630E+05
  6.5 1.10770E+05
  7.0 1.05940E+05
  7.5 1.00050E+05
  8.0 9.36430E+04
  8.5 8.71300E+04
  9.0 8.07870E+04
  9.5 7.47650E+04
 10.0 6.91060E+04
 10.5 6.38520E+04
 11.0 5.90050E+04
 11.5 5.45630E+04
 12.0 5.04630E+04
 12.5 4.67040E+04
 13.0 4.32450E+04
 13.5 4.00630E+04
 14.0 3.71160E+04
 14.5 3.43820E+04
 15.0 3.18410E+04
 15.5 2.94490E+04
 16.0 2.72280E+04
 16.5 2.51140E+04
 17.0 2.31280E+04
 17.5 1.04960E+05
 18.0 1.94330E+04
 18.5 1.77040E+04
 19.0 1.60590E+04
 19.5 2.72490E+04
 20.0 1.23860E+04
 20.5 1.09340E+04
 21.0 9.63130E+03
 21.5 8.37130E+03
 22.0 7.09000E+03
 22.5 5.85140E+03
 23.0 4.63410E+03
 23.5 3.43820E+03
 24.0 2.26370E+03
 24.5 1.11050E+03
 25.0 8.54210E+01
