025K23D0M2
  0.5 0.00000E+00
  1.0 0.00000E+00
  1.5 0.00000E+00
  2.0 0.00000E+00
  2.5 0.00000E+00
  3.0 0.00000E+00
  3.5 7.56220E+04
  4.0 9.20040E+04
  4.5 1.05380E+05
  5.0 1.13950E+05
  5.5 1.17570E+05
  6.0 1.17020E+05
  6.5 1.13520E+05
  7.0 1.08170E+05
  7.5 1.01790E+05
  8.0 9.50280E+04
  8.5 8.82400E+04
  9.0 8.16700E+04
  9.5 7.54480E+04
 10.0 6.96610E+04
 10.5 6.43090E+04
 11.0 5.93710E+04
 11.5 5.48450E+04
 12.0 5.07120E+04
 12.5 4.69050E+04
 13.0 4.34020E+04
 13.5 4.01820E+04
 14.0 3.72240E+04
 14.5 3.44610E+04
 15.0 3.18930E+04
 15.5 2.95000E+04
 16.0 2.72600E+04
 16.5 2.51490E+04
 17.0 2.31480E+04
 17.5 1.05080E+05
 18.0 1.94490E+04
 18.5 1.77310E+04
 19.0 1.60770E+04
 19.5 2.72810E+04
 20.0 1.24220E+04
 20.5 1.09650E+04
 21.0 9.65940E+03
 21.5 8.37580E+03
 22.0 7.11400E+03
 22.5 5.87400E+03
 23.0 4.63390E+03
 23.5 3.43740E+03
 24.0 2.26260E+03
 24.5 1.10950E+03
 25.0 8.70220E+01
