026K09D0M2
  0.5 0.00000E+00
  1.0 0.00000E+00
  1.5 0.00000E+00
  2.0 0.00000E+00
  2.5 0.00000E+00
  3.0 0.00000E+00
  3.5 2.33790E+04
  4.0 2.92120E+04
  4.5 3.52310E+04
  5.0 4.13280E+04
  5.5 4.72230E+04
  6.0 5.25280E+04
  6.5 5.68100E+04
  7.0 5.98510E+04
  7.5 6.15880E+04
  8.0 6.21470E+04
  8.5 6.16970E+04
  9.0 6.04870E+04
  9.5 5.87030E+04
 10.0 5.65310E+04
 10.5 5.40950E+04
 11.0 5.15360E+04
 11.5 4.89290E+04
 12.0 4.63230E+04
 12.5 4.37480E+04
 13.0 4.12500E+04
 13.5 3.88300E+04
 14.0 3.65190E+04
 14.5 3.42850E+04
 15.0 3.21440E+04
 15.5 3.00960E+04
 16.0 2.81410E+04
 16.5 2.62640E+04
 17.0 2.44490E+04
 17.5 1.32380E+05
 18.0 2.10520E+04
 18.5 1.94380E+04
 19.0 1.78710E+04
 19.5 3.32450E+04
 20.0 1.30310E+04
 20.5 1.16510E+04
 21.0 1.06580E+04
 21.5 9.63380E+03
 22.0 8.59440E+03
 22.5 7.52400E+03
 23.0 6.45360E+03
 23.5 5.38320E+03
 24.0 4.29720E+03
 24.5 3.21130E+03
 25.0 2.12530E+03
 25.5 1.05490E+03
 26.0 7.75670E+01
