026K10D0M2
  0.5 0.00000E+00
  1.0 0.00000E+00
  1.5 0.00000E+00
  2.0 0.00000E+00
  2.5 0.00000E+00
  3.0 0.00000E+00
  3.5 2.65420E+04
  4.0 3.30840E+04
  4.5 3.98540E+04
  5.0 4.66560E+04
  5.5 5.30840E+04
  6.0 5.86010E+04
  6.5 6.27990E+04
  7.0 6.54840E+04
  7.5 6.67210E+04
  8.0 6.66880E+04
  8.5 6.56470E+04
  9.0 6.38730E+04
  9.5 6.15620E+04
 10.0 5.89420E+04
 10.5 5.61270E+04
 11.0 5.32300E+04
 11.5 5.03340E+04
 12.0 4.74860E+04
 12.5 4.47190E+04
 13.0 4.20510E+04
 13.5 3.95120E+04
 14.0 3.70710E+04
 14.5 3.47440E+04
 15.0 3.25310E+04
 15.5 3.04150E+04
 16.0 2.83970E+04
 16.5 2.64770E+04
 17.0 2.46220E+04
 17.5 1.33070E+05
 18.0 2.11550E+04
 18.5 1.95280E+04
 19.0 1.79500E+04
 19.5 3.33610E+04
 20.0 1.32470E+04
 20.5 1.18470E+04
 21.0 1.08220E+04
 21.5 9.76410E+03
 22.0 8.69000E+03
 22.5 7.59970E+03
 23.0 6.50940E+03
 23.5 5.40280E+03
 24.0 4.31250E+03
 24.5 3.22210E+03
 25.0 2.13180E+03
 25.5 1.05780E+03
 26.0 8.13670E+01
