026K19D0M2
  0.5 0.00000E+00
  1.0 0.00000E+00
  1.5 0.00000E+00
  2.0 0.00000E+00
  2.5 0.00000E+00
  3.0 0.00000E+00
  3.5 5.79120E+04
  4.0 7.15210E+04
  4.5 8.43570E+04
  5.0 9.46600E+04
  5.5 1.01360E+05
  6.0 1.04360E+05
  6.5 1.04230E+05
  7.0 1.01770E+05
  7.5 9.77510E+04
  8.0 9.27930E+04
  8.5 8.73840E+04
  9.0 8.18240E+04
  9.5 7.63510E+04
 10.0 7.10700E+04
 10.5 6.60910E+04
 11.0 6.13900E+04
 11.5 5.70320E+04
 12.0 5.29970E+04
 12.5 4.92410E+04
 13.0 4.57630E+04
 13.5 4.25650E+04
 14.0 3.95810E+04
 14.5 3.68120E+04
 15.0 3.42150E+04
 15.5 3.18110E+04
 16.0 2.95360E+04
 16.5 2.74110E+04
 17.0 2.53930E+04
 17.5 1.36070E+05
 18.0 2.16580E+04
 18.5 1.99190E+04
 19.0 1.82670E+04
 19.5 3.38930E+04
 20.0 1.42100E+04
 20.5 1.27720E+04
 21.0 1.15270E+04
 21.5 1.03030E+04
 22.0 9.10110E+03
 22.5 7.89910E+03
 23.0 6.71850E+03
 23.5 5.53800E+03
 24.0 4.40030E+03
 24.5 3.26270E+03
 25.0 2.14650E+03
 25.5 1.05180E+03
 26.0 8.58600E+01
