026K16D0M2
  0.5 0.00000E+00
  1.0 0.00000E+00
  1.5 0.00000E+00
  2.0 0.00000E+00
  2.5 0.00000E+00
  3.0 0.00000E+00
  3.5 4.68220E+04
  4.0 5.80080E+04
  4.5 6.91540E+04
  5.0 7.90220E+04
  5.5 8.64530E+04
  6.0 9.09670E+04
  6.5 9.26650E+04
  7.0 9.20660E+04
  7.5 8.97290E+04
  8.0 8.62530E+04
  8.5 8.20780E+04
  9.0 7.75440E+04
  9.5 7.28890E+04
 10.0 6.82750E+04
 10.5 6.38010E+04
 11.0 5.95460E+04
 11.5 5.55310E+04
 12.0 5.17760E+04
 12.5 4.82400E+04
 13.0 4.49640E+04
 13.5 4.18880E+04
 14.0 3.90320E+04
 14.5 3.63550E+04
 15.0 3.38580E+04
 15.5 3.15010E+04
 16.0 2.93040E+04
 16.5 2.72060E+04
 17.0 2.52290E+04
 17.5 1.35430E+05
 18.0 2.15530E+04
 18.5 1.98350E+04
 19.0 1.81970E+04
 19.5 3.37780E+04
 20.0 1.40030E+04
 20.5 1.25640E+04
 21.0 1.13660E+04
 21.5 1.01870E+04
 22.0 9.00880E+03
 22.5 7.83030E+03
 23.0 6.67170E+03
 23.5 5.51320E+03
 24.0 4.37460E+03
 24.5 3.25600E+03
 25.0 2.13730E+03
 25.5 1.05870E+03
 26.0 7.99010E+01
