026K18D0M2
  0.5 0.00000E+00
  1.0 0.00000E+00
  1.5 0.00000E+00
  2.0 0.00000E+00
  2.5 0.00000E+00
  3.0 0.00000E+00
  3.5 5.41440E+04
  4.0 6.69450E+04
  4.5 7.92640E+04
  5.0 8.95050E+04
  5.5 9.65140E+04
  6.0 1.00080E+05
  6.5 1.00590E+05
  7.0 9.87390E+04
  7.5 9.52550E+04
  8.0 9.07850E+04
  8.5 8.57480E+04
  9.0 8.05230E+04
  9.5 7.52970E+04
 10.0 7.02190E+04
 10.5 6.53920E+04
 11.0 6.08380E+04
 11.5 5.65780E+04
 12.0 5.26120E+04
 12.5 4.89390E+04
 13.0 4.55180E+04
 13.5 4.23490E+04
 14.0 3.94110E+04
 14.5 3.66620E+04
 15.0 3.41020E+04
 15.5 3.17100E+04
 16.0 2.94640E+04
 16.5 2.73450E+04
 17.0 2.53300E+04
 17.5 1.35860E+05
 18.0 2.16360E+04
 18.5 1.98950E+04
 19.0 1.82370E+04
 19.5 3.38500E+04
 20.0 1.41440E+04
 20.5 1.26960E+04
 21.0 1.14790E+04
 21.5 1.02620E+04
 22.0 9.06590E+03
 22.5 7.86970E+03
 23.0 6.69450E+03
 23.5 5.54030E+03
 24.0 4.38600E+03
 24.5 3.25280E+03
 25.0 2.14060E+03
 25.5 1.04930E+03
 26.0 8.39440E+01
