026K12D0M2
  0.5 0.00000E+00
  1.0 0.00000E+00
  1.5 0.00000E+00
  2.0 0.00000E+00
  2.5 0.00000E+00
  3.0 0.00000E+00
  3.5 3.30480E+04
  4.0 4.10590E+04
  4.5 4.93340E+04
  5.0 5.74330E+04
  5.5 6.46140E+04
  6.0 7.02070E+04
  6.5 7.38770E+04
  7.0 7.56240E+04
  7.5 7.56950E+04
  8.0 7.44770E+04
  8.5 7.22890E+04
  9.0 6.94660E+04
  9.5 6.62550E+04
 10.0 6.28320E+04
 10.5 5.93560E+04
 11.0 5.59150E+04
 11.5 5.25450E+04
 12.0 4.93160E+04
 12.5 4.62280E+04
 13.0 4.32990E+04
 13.5 4.05290E+04
 14.0 3.79180E+04
 14.5 3.54480E+04
 15.0 3.31010E+04
 15.5 3.08780E+04
 16.0 2.87780E+04
 16.5 2.67840E+04
 17.0 2.48790E+04
 17.5 1.34100E+05
 18.0 2.13320E+04
 18.5 1.96560E+04
 19.0 1.80500E+04
 19.5 3.35420E+04
 20.0 1.35690E+04
 20.5 1.21570E+04
 21.0 1.10630E+04
 21.5 9.95140E+03
 22.0 8.82220E+03
 22.5 7.69300E+03
 23.0 6.58140E+03
 23.5 5.45210E+03
 24.0 4.34050E+03
 24.5 3.22890E+03
 25.0 2.13500E+03
 25.5 1.05870E+03
 26.0 8.82220E+01
