026K14D0M2
  0.5 0.00000E+00
  1.0 0.00000E+00
  1.5 0.00000E+00
  2.0 0.00000E+00
  2.5 0.00000E+00
  3.0 0.00000E+00
  3.5 3.97860E+04
  4.0 4.93690E+04
  4.5 5.91230E+04
  5.0 6.82720E+04
  5.5 7.57800E+04
  6.0 8.09870E+04
  6.5 8.37790E+04
  7.0 8.44020E+04
  7.5 8.32700E+04
  8.0 8.08740E+04
  8.5 7.76480E+04
  9.0 7.39130E+04
  9.5 6.99130E+04
 10.0 6.58570E+04
 10.5 6.18390E+04
 11.0 5.79340E+04
 11.5 5.42180E+04
 12.0 5.06900E+04
 12.5 4.73510E+04
 13.0 4.42380E+04
 13.5 4.12950E+04
 14.0 3.85410E+04
 14.5 3.59570E+04
 15.0 3.35230E+04
 15.5 3.12400E+04
 16.0 2.90710E+04
 16.5 2.70150E+04
 17.0 2.50710E+04
 17.5 1.34830E+05
 18.0 2.14490E+04
 18.5 1.97520E+04
 19.0 1.81290E+04
 19.5 3.36740E+04
 20.0 1.38090E+04
 20.5 1.23940E+04
 21.0 1.12430E+04
 21.5 1.00740E+04
 22.0 8.92310E+03
 22.5 7.77230E+03
 23.0 6.62160E+03
 23.5 5.48970E+03
 24.0 4.35780E+03
 24.5 3.24480E+03
 25.0 2.15060E+03
 25.5 1.05640E+03
 26.0 7.54600E+01
