026K21D0M2
  0.5 0.00000E+00
  1.0 0.00000E+00
  1.5 0.00000E+00
  2.0 0.00000E+00
  2.5 0.00000E+00
  3.0 0.00000E+00
  3.5 6.57170E+04
  4.0 8.08880E+04
  4.5 9.45370E+04
  5.0 1.04720E+05
  5.5 1.10580E+05
  6.0 1.12390E+05
  6.5 1.10980E+05
  7.0 1.07340E+05
  7.5 1.02260E+05
  8.0 9.64390E+04
  8.5 9.03080E+04
  9.0 8.41770E+04
  9.5 7.82250E+04
 10.0 7.25860E+04
 10.5 6.73060E+04
 11.0 6.23830E+04
 11.5 5.78410E+04
 12.0 5.36340E+04
 12.5 4.97630E+04
 13.0 4.62060E+04
 13.5 4.29160E+04
 14.0 3.98730E+04
 14.5 3.70320E+04
 15.0 3.44140E+04
 15.5 3.19750E+04
 16.0 2.96700E+04
 16.5 2.75000E+04
 17.0 2.54860E+04
 17.5 1.36400E+05
 18.0 2.17270E+04
 18.5 1.99810E+04
 19.0 1.83030E+04
 19.5 3.39440E+04
 20.0 1.43200E+04
 20.5 1.28660E+04
 21.0 1.16130E+04
 21.5 1.03600E+04
 22.0 9.15160E+03
 22.5 7.94330E+03
 23.0 6.73510E+03
 23.5 5.57150E+03
 24.0 4.40800E+03
 24.5 3.26680E+03
 25.0 2.14810E+03
 25.5 1.05170E+03
 26.0 6.71270E+01
