027K14D0M2
  0.5 0.00000E+00
  1.0 0.00000E+00
  1.5 0.00000E+00
  2.0 0.00000E+00
  2.5 0.00000E+00
  3.0 0.00000E+00
  3.5 3.89190E+04
  4.0 4.83720E+04
  4.5 5.81470E+04
  5.0 6.75390E+04
  5.5 7.55400E+04
  6.0 8.14260E+04
  6.5 8.49120E+04
  7.0 8.61820E+04
  7.5 8.55770E+04
  8.0 8.36020E+04
  8.5 8.06600E+04
  9.0 7.70920E+04
  9.5 7.31820E+04
 10.0 6.91510E+04
 10.5 6.51000E+04
 11.0 6.11500E+04
 11.5 5.73610E+04
 12.0 5.37330E+04
 12.5 5.03060E+04
 13.0 4.70820E+04
 13.5 4.40580E+04
 14.0 4.11960E+04
 14.5 3.85360E+04
 15.0 3.60170E+04
 15.5 3.36590E+04
 16.0 3.14420E+04
 16.5 2.93250E+04
 17.0 2.73500E+04
 17.5 1.69160E+05
 18.0 2.36420E+04
 18.5 2.19280E+04
 19.0 2.02760E+04
 19.5 4.07330E+04
 20.0 1.55190E+04
 20.5 1.40480E+04
 21.0 1.29600E+04
 21.5 1.18510E+04
 22.0 1.07430E+04
 22.5 9.63400E+03
 23.0 8.52550E+03
 23.5 7.41700E+03
 24.0 6.32860E+03
 24.5 5.24030E+03
 25.0 4.15190E+03
 25.5 3.10380E+03
 26.0 2.03560E+03
 26.5 1.00770E+03
 27.0 8.06190E+01
