027K10D0M2
  0.5 0.00000E+00
  1.0 0.00000E+00
  1.5 0.00000E+00
  2.0 0.00000E+00
  2.5 0.00000E+00
  3.0 0.00000E+00
  3.5 2.59650E+04
  4.0 3.24250E+04
  4.5 3.91300E+04
  5.0 4.59560E+04
  5.5 5.25390E+04
  6.0 5.83720E+04
  6.5 6.29870E+04
  7.0 6.61560E+04
  7.5 6.78630E+04
  8.0 6.82640E+04
  8.5 6.75840E+04
  9.0 6.60690E+04
  9.5 6.39620E+04
 10.0 6.14550E+04
 10.5 5.87030E+04
 11.0 5.58470E+04
 11.5 5.29570E+04
 12.0 5.00830E+04
 12.5 4.72790E+04
 13.0 4.45630E+04
 13.5 4.19680E+04
 14.0 3.94780E+04
 14.5 3.70920E+04
 15.0 3.48280E+04
 15.5 3.26690E+04
 16.0 3.06140E+04
 16.5 2.86640E+04
 17.0 2.67830E+04
 17.5 1.66710E+05
 18.0 2.32650E+04
 18.5 2.16110E+04
 19.0 2.00260E+04
 19.5 4.02960E+04
 20.0 1.47670E+04
 20.5 1.33390E+04
 21.0 1.23640E+04
 21.5 1.13890E+04
 22.0 1.03790E+04
 22.5 9.35140E+03
 23.0 8.30660E+03
 23.5 7.26170E+03
 24.0 6.21690E+03
 24.5 5.17200E+03
 25.0 4.10970E+03
 25.5 3.06490E+03
 26.0 2.03750E+03
 26.5 1.01000E+03
 27.0 6.96570E+01
