027K21D0M2
  0.5 0.00000E+00
  1.0 0.00000E+00
  1.5 0.00000E+00
  2.0 0.00000E+00
  2.5 0.00000E+00
  3.0 0.00000E+00
  3.5 6.42450E+04
  4.0 7.94170E+04
  4.5 9.35400E+04
  5.0 1.04630E+05
  5.5 1.11580E+05
  6.0 1.14410E+05
  6.5 1.13890E+05
  7.0 1.10860E+05
  7.5 1.06210E+05
  8.0 1.00630E+05
  8.5 9.45900E+04
  9.0 8.84590E+04
  9.5 8.24470E+04
 10.0 7.66980E+04
 10.5 7.12580E+04
 11.0 6.61770E+04
 11.5 6.14540E+04
 12.0 5.70880E+04
 12.5 5.30800E+04
 13.0 4.93580E+04
 13.5 4.59230E+04
 14.0 4.27500E+04
 14.5 3.98160E+04
 15.0 3.70730E+04
 15.5 3.45200E+04
 16.0 3.21580E+04
 16.5 2.99160E+04
 17.0 2.78160E+04
 17.5 1.71260E+05
 18.0 2.39750E+04
 18.5 2.21860E+04
 19.0 2.04920E+04
 19.5 4.10800E+04
 20.0 1.61980E+04
 20.5 1.46950E+04
 21.0 1.34790E+04
 21.5 1.22620E+04
 22.0 1.10690E+04
 22.5 9.87650E+03
 23.0 8.70750E+03
 23.5 7.56240E+03
 24.0 6.41730E+03
 24.5 5.29610E+03
 25.0 4.19870E+03
 25.5 3.12520E+03
 26.0 2.05160E+03
 26.5 1.00200E+03
 27.0 7.15690E+01
