027K23D0M2
  0.5 0.00000E+00
  1.0 0.00000E+00
  1.5 0.00000E+00
  2.0 0.00000E+00
  2.5 0.00000E+00
  3.0 0.00000E+00
  3.5 7.22150E+04
  4.0 8.89250E+04
  4.5 1.03780E+05
  5.0 1.14650E+05
  5.5 1.20690E+05
  6.0 1.22300E+05
  6.5 1.20460E+05
  7.0 1.16260E+05
  7.5 1.10560E+05
  8.0 1.04130E+05
  8.5 9.73920E+04
  9.0 9.07080E+04
  9.5 8.42460E+04
 10.0 7.81310E+04
 10.5 7.24130E+04
 11.0 6.71150E+04
 11.5 6.22380E+04
 12.0 5.77320E+04
 12.5 5.35730E+04
 13.0 4.97600E+04
 13.5 4.62700E+04
 14.0 4.30270E+04
 14.5 4.00310E+04
 15.0 3.72580E+04
 15.5 3.46840E+04
 16.0 3.22820E+04
 16.5 3.00300E+04
 17.0 2.79250E+04
 17.5 1.71640E+05
 18.0 2.40390E+04
 18.5 2.22310E+04
 19.0 2.05230E+04
 19.5 4.11450E+04
 20.0 1.63140E+04
 20.5 1.48290E+04
 21.0 1.35670E+04
 21.5 1.23530E+04
 22.0 1.11160E+04
 22.5 9.92730E+03
 23.0 8.73900E+03
 23.5 7.57550E+03
 24.0 6.43670E+03
 24.5 5.32260E+03
 25.0 4.20860E+03
 25.5 3.11930E+03
 26.0 2.05480E+03
 26.5 1.01500E+03
 27.0 7.42690E+01
