028K19D0M2
  0.5 0.00000E+00
  1.0 0.00000E+00
  1.5 0.00000E+00
  2.0 0.00000E+00
  2.5 0.00000E+00
  3.0 0.00000E+00
  3.5 5.53860E+04
  4.0 6.88060E+04
  4.5 8.21290E+04
  5.0 9.37220E+04
  5.5 1.02220E+05
  6.0 1.07140E+05
  6.5 1.08700E+05
  7.0 1.07610E+05
  7.5 1.04590E+05
  8.0 1.00250E+05
  8.5 9.51840E+04
  9.0 8.97770E+04
  9.5 8.42720E+04
 10.0 7.88650E+04
 10.5 7.36530E+04
 11.0 6.87090E+04
 11.5 6.40570E+04
 12.0 5.97210E+04
 12.5 5.56780E+04
 13.0 5.19270E+04
 13.5 4.84690E+04
 14.0 4.52290E+04
 14.5 4.22330E+04
 15.0 3.94570E+04
 15.5 3.68510E+04
 16.0 3.44400E+04
 16.5 3.21500E+04
 17.0 3.00070E+04
 17.5 2.08490E+05
 18.0 2.60850E+04
 18.5 2.42830E+04
 19.0 2.25540E+04
 19.5 4.85170E+04
 20.0 1.77800E+04
 20.5 1.62460E+04
 21.0 1.50760E+04
 21.5 1.39070E+04
 22.0 1.27630E+04
 22.5 1.16180E+04
 23.0 1.04970E+04
 23.5 9.37710E+03
 24.0 8.28110E+03
 24.5 7.18500E+03
 25.0 6.11340E+03
 25.5 5.04170E+03
 26.0 3.99440E+03
 26.5 2.97140E+03
 27.0 1.94850E+03
 27.5 9.74240E+02
 28.0 7.30680E+01
