028K17D0M2
  0.5 0.00000E+00
  1.0 0.00000E+00
  1.5 0.00000E+00
  2.0 0.00000E+00
  2.5 0.00000E+00
  3.0 0.00000E+00
  3.5 4.82500E+04
  4.0 6.00040E+04
  4.5 7.19910E+04
  5.0 8.30010E+04
  5.5 9.17290E+04
  6.0 9.74780E+04
  6.5 1.00220E+05
  7.0 1.00360E+05
  7.5 9.85020E+04
  8.0 9.52440E+04
  8.5 9.10770E+04
  9.0 8.64220E+04
  9.5 8.15340E+04
 10.0 7.66230E+04
 10.5 7.18280E+04
 11.0 6.72200E+04
 11.5 6.28440E+04
 12.0 5.87240E+04
 12.5 5.48610E+04
 13.0 5.12530E+04
 13.5 4.79010E+04
 14.0 4.47820E+04
 14.5 4.18500E+04
 15.0 3.91260E+04
 15.5 3.65890E+04
 16.0 3.42150E+04
 16.5 3.19810E+04
 17.0 2.98630E+04
 17.5 2.07800E+05
 18.0 2.59990E+04
 18.5 2.42070E+04
 19.0 2.24840E+04
 19.5 4.84130E+04
 20.0 1.75500E+04
 20.5 1.60140E+04
 21.0 1.48960E+04
 21.5 1.37790E+04
 22.0 1.26390E+04
 22.5 1.15450E+04
 23.0 1.04270E+04
 23.5 9.33350E+03
 24.0 8.23960E+03
 24.5 7.14560E+03
 25.0 6.09820E+03
 25.5 5.02750E+03
 26.0 3.98010E+03
 26.5 2.95600E+03
 27.0 1.95510E+03
 27.5 9.54300E+02
 28.0 6.98270E+01
