028K18D0M2
  0.5 0.00000E+00
  1.0 0.00000E+00
  1.5 0.00000E+00
  2.0 0.00000E+00
  2.5 0.00000E+00
  3.0 0.00000E+00
  3.5 5.17740E+04
  4.0 6.43550E+04
  4.5 7.70540E+04
  5.0 8.83710E+04
  5.5 9.70440E+04
  6.0 1.02400E+05
  6.5 1.04570E+05
  7.0 1.04100E+05
  7.5 1.01640E+05
  8.0 9.78540E+04
  8.5 9.32320E+04
  9.0 8.81570E+04
  9.5 8.29630E+04
 10.0 7.77930E+04
 10.5 7.27650E+04
 11.0 6.80000E+04
 11.5 6.34730E+04
 12.0 5.92320E+04
 12.5 5.53010E+04
 13.0 5.16080E+04
 13.5 4.82000E+04
 14.0 4.50080E+04
 14.5 4.20530E+04
 15.0 3.93130E+04
 15.5 3.67400E+04
 16.0 3.43340E+04
 16.5 3.20700E+04
 17.0 2.99500E+04
 17.5 2.08170E+05
 18.0 2.60420E+04
 18.5 2.42310E+04
 19.0 2.25160E+04
 19.5 4.84620E+04
 20.0 1.76550E+04
 20.5 1.61300E+04
 21.0 1.49870E+04
 21.5 1.38430E+04
 22.0 1.26990E+04
 22.5 1.15800E+04
 23.0 1.04600E+04
 23.5 9.36370E+03
 24.0 8.26770E+03
 24.5 7.17170E+03
 25.0 6.09950E+03
 25.5 5.02730E+03
 26.0 4.00280E+03
 26.5 2.95440E+03
 27.0 1.95370E+03
 27.5 9.53050E+02
 28.0 7.14790E+01
