029K09D0M2
  0.5 0.00000E+00
  1.0 0.00000E+00
  1.5 0.00000E+00
  2.0 0.00000E+00
  2.5 0.00000E+00
  3.0 0.00000E+00
  3.5 2.19220E+04
  4.0 2.75590E+04
  4.5 3.34220E+04
  5.0 3.94560E+04
  5.5 4.55660E+04
  6.0 5.14290E+04
  6.5 5.66120E+04
  7.0 6.08110E+04
  7.5 6.37990E+04
  8.0 6.55580E+04
  8.5 6.61830E+04
  9.0 6.58610E+04
  9.5 6.47640E+04
 10.0 6.31000E+04
 10.5 6.10190E+04
 11.0 5.86730E+04
 11.5 5.61580E+04
 12.0 5.35850E+04
 12.5 5.09750E+04
 13.0 4.84030E+04
 13.5 4.58870E+04
 14.0 4.34280E+04
 14.5 4.10830E+04
 15.0 3.88130E+04
 15.5 3.66380E+04
 16.0 3.45760E+04
 16.5 3.25900E+04
 17.0 3.06800E+04
 17.5 2.41010E+05
 18.0 2.71240E+04
 18.5 2.54590E+04
 19.0 2.38510E+04
 19.5 5.50610E+04
 20.0 1.70420E+04
 20.5 1.54720E+04
 21.0 1.46970E+04
 21.5 1.38830E+04
 22.0 1.30510E+04
 22.5 1.21810E+04
 23.0 1.12920E+04
 23.5 1.03840E+04
 24.0 9.45740E+03
 24.5 8.53050E+03
 25.0 7.56590E+03
 25.5 6.62020E+03
 26.0 5.67440E+03
 26.5 4.70980E+03
 27.0 3.74510E+03
 27.5 2.79940E+03
 28.0 1.85360E+03
 28.5 9.07910E+02
 29.0 7.56590E+01
