029K12D0M2
  0.5 0.00000E+00
  1.0 0.00000E+00
  1.5 0.00000E+00
  2.0 0.00000E+00
  2.5 0.00000E+00
  3.0 0.00000E+00
  3.5 3.10100E+04
  4.0 3.87200E+04
  4.5 4.68150E+04
  5.0 5.51240E+04
  5.5 6.30690E+04
  6.0 6.99650E+04
  6.5 7.52760E+04
  7.0 7.87460E+04
  7.5 8.04160E+04
  8.0 8.05230E+04
  8.5 7.93880E+04
  9.0 7.73110E+04
  9.5 7.46130E+04
 10.0 7.14860E+04
 10.5 6.81240E+04
 11.0 6.46760E+04
 11.5 6.12280E+04
 12.0 5.78440E+04
 12.5 5.45670E+04
 13.0 5.14190E+04
 13.5 4.84210E+04
 14.0 4.55730E+04
 14.5 4.28740E+04
 15.0 4.03260E+04
 15.5 3.79270E+04
 16.0 3.56360E+04
 16.5 3.34940E+04
 17.0 3.14380E+04
 17.5 2.44870E+05
 18.0 2.76690E+04
 18.5 2.59130E+04
 19.0 2.42210E+04
 19.5 5.57240E+04
 20.0 1.80960E+04
 20.5 1.65330E+04
 21.0 1.55910E+04
 21.5 1.46480E+04
 22.0 1.36850E+04
 22.5 1.27000E+04
 23.0 1.17140E+04
 23.5 1.07290E+04
 24.0 9.72280E+03
 24.5 8.73760E+03
 25.0 7.73110E+03
 25.5 6.74600E+03
 26.0 5.73940E+03
 26.5 4.75430E+03
 27.0 3.79060E+03
 27.5 2.82690E+03
 28.0 1.86320E+03
 28.5 9.20880E+02
 29.0 6.42470E+01
