029K10D0M2
  0.5 0.00000E+00
  1.0 0.00000E+00
  1.5 0.00000E+00
  2.0 0.00000E+00
  2.5 0.00000E+00
  3.0 0.00000E+00
  3.5 2.48960E+04
  4.0 3.12140E+04
  4.5 3.77890E+04
  5.0 4.45830E+04
  5.5 5.13760E+04
  6.0 5.76940E+04
  6.5 6.30420E+04
  7.0 6.71220E+04
  7.5 6.97360E+04
  8.0 7.09840E+04
  8.5 7.10430E+04
  9.0 7.01120E+04
  9.5 6.84490E+04
 10.0 6.62700E+04
 10.5 6.37350E+04
 11.0 6.09620E+04
 11.5 5.81100E+04
 12.0 5.52180E+04
 12.5 5.23660E+04
 13.0 4.95740E+04
 13.5 4.68600E+04
 14.0 4.42660E+04
 14.5 4.17900E+04
 15.0 3.94130E+04
 15.5 3.71360E+04
 16.0 3.49970E+04
 16.5 3.29370E+04
 17.0 3.09760E+04
 17.5 2.42520E+05
 18.0 2.73320E+04
 18.5 2.56290E+04
 19.0 2.40050E+04
 19.5 5.53170E+04
 20.0 1.74490E+04
 20.5 1.58840E+04
 21.0 1.50520E+04
 21.5 1.41810E+04
 22.0 1.32900E+04
 22.5 1.23790E+04
 23.0 1.14680E+04
 23.5 1.05170E+04
 24.0 9.56620E+03
 24.5 8.59570E+03
 25.0 7.64500E+03
 25.5 6.67450E+03
 26.0 5.70410E+03
 26.5 4.73360E+03
 27.0 3.76310E+03
 27.5 2.81240E+03
 28.0 1.86170E+03
 28.5 9.11060E+02
 29.0 5.94170E+01
