029K14D0M2
  0.5 0.00000E+00
  1.0 0.00000E+00
  1.5 0.00000E+00
  2.0 0.00000E+00
  2.5 0.00000E+00
  3.0 0.00000E+00
  3.5 3.73140E+04
  4.0 4.65170E+04
  4.5 5.62000E+04
  5.0 6.58820E+04
  5.5 7.46510E+04
  6.0 8.17080E+04
  6.5 8.65260E+04
  7.0 8.90610E+04
  7.5 8.96090E+04
  8.0 8.85130E+04
  8.5 8.62070E+04
  9.0 8.31010E+04
  9.5 7.94700E+04
 10.0 7.55420E+04
 10.5 7.15230E+04
 11.0 6.75040E+04
 11.5 6.35760E+04
 12.0 5.97850E+04
 12.5 5.62000E+04
 13.0 5.27740E+04
 13.5 4.95540E+04
 14.0 4.65170E+04
 14.5 4.36630E+04
 15.0 4.09910E+04
 15.5 3.84790E+04
 16.0 3.61040E+04
 16.5 3.38660E+04
 17.0 3.17650E+04
 17.5 2.46490E+05
 18.0 2.78830E+04
 18.5 2.60790E+04
 19.0 2.43890E+04
 19.5 5.60170E+04
 20.0 1.85890E+04
 20.5 1.70130E+04
 21.0 1.60080E+04
 21.5 1.49810E+04
 22.0 1.39530E+04
 22.5 1.29250E+04
 23.0 1.18980E+04
 23.5 1.08700E+04
 24.0 9.84240E+03
 24.5 8.81480E+03
 25.0 7.81000E+03
 25.5 6.78230E+03
 26.0 5.77750E+03
 26.5 4.79560E+03
 27.0 3.79080E+03
 27.5 2.83170E+03
 28.0 1.87260E+03
 28.5 9.13450E+02
 29.0 6.85080E+01
