029K17D0M2
  0.5 0.00000E+00
  1.0 0.00000E+00
  1.5 0.00000E+00
  2.0 0.00000E+00
  2.5 0.00000E+00
  3.0 0.00000E+00
  3.5 4.72520E+04
  4.0 5.88480E+04
  4.5 7.08650E+04
  5.0 8.22150E+04
  5.5 9.15610E+04
  6.0 9.80890E+04
  6.5 1.01620E+05
  7.0 1.02470E+05
  7.5 1.01180E+05
  8.0 9.83360E+04
  8.5 9.44540E+04
  9.0 8.99540E+04
  9.5 8.51320E+04
 10.0 8.02360E+04
 10.5 7.53900E+04
 11.0 7.06920E+04
 11.5 6.62170E+04
 12.0 6.19890E+04
 12.5 5.80080E+04
 13.0 5.42740E+04
 13.5 5.08120E+04
 14.0 4.75730E+04
 14.5 4.45320E+04
 15.0 4.17130E+04
 15.5 3.90920E+04
 16.0 3.66190E+04
 16.5 3.42950E+04
 17.0 3.21190E+04
 17.5 2.48250E+05
 18.0 2.81380E+04
 18.5 2.63090E+04
 19.0 2.45530E+04
 19.5 5.63020E+04
 20.0 1.91380E+04
 20.5 1.75560E+04
 21.0 1.64680E+04
 21.5 1.53550E+04
 22.0 1.42670E+04
 22.5 1.31790E+04
 23.0 1.21160E+04
 23.5 1.10530E+04
 24.0 9.96470E+03
 24.5 8.92620E+03
 25.0 7.88770E+03
 25.5 6.84920E+03
 26.0 5.81070E+03
 26.5 4.82160E+03
 27.0 3.80780E+03
 27.5 2.84350E+03
 28.0 1.87920E+03
 28.5 9.14870E+02
 29.0 7.41790E+01
