029K16D0M2
  0.5 0.00000E+00
  1.0 0.00000E+00
  1.5 0.00000E+00
  2.0 0.00000E+00
  2.5 0.00000E+00
  3.0 0.00000E+00
  3.5 4.38840E+04
  4.0 5.46680E+04
  4.5 6.59110E+04
  5.0 7.67670E+04
  5.5 8.60080E+04
  6.0 9.28110E+04
  6.5 9.68160E+04
  7.0 9.82630E+04
  7.5 9.75880E+04
  8.0 9.53200E+04
  8.5 9.19420E+04
  9.0 8.78650E+04
  9.5 8.34260E+04
 10.0 7.88180E+04
 10.5 7.42340E+04
 11.0 6.97470E+04
 11.5 6.54280E+04
 12.0 6.13510E+04
 12.5 5.74670E+04
 13.0 5.38480E+04
 13.5 5.04470E+04
 14.0 4.72620E+04
 14.5 4.42950E+04
 15.0 4.14960E+04
 15.5 3.89150E+04
 16.0 3.64780E+04
 16.5 3.41860E+04
 17.0 3.20150E+04
 17.5 2.47750E+05
 18.0 2.80580E+04
 18.5 2.62490E+04
 19.0 2.45120E+04
 19.5 5.62370E+04
 20.0 1.89630E+04
 20.5 1.73950E+04
 21.0 1.63330E+04
 21.5 1.52470E+04
 22.0 1.41860E+04
 22.5 1.31240E+04
 23.0 1.20630E+04
 23.5 1.10010E+04
 24.0 9.93970E+03
 24.5 8.90230E+03
 25.0 7.86490E+03
 25.5 6.82750E+03
 26.0 5.81430E+03
 26.5 4.80100E+03
 27.0 3.81180E+03
 27.5 2.82270E+03
 28.0 1.85770E+03
 28.5 9.16770E+02
 29.0 7.23770E+01
