029K22D0M2
  0.5 0.00000E+00
  1.0 0.00000E+00
  1.5 0.00000E+00
  2.0 0.00000E+00
  2.5 0.00000E+00
  3.0 0.00000E+00
  3.5 6.52770E+04
  4.0 8.11030E+04
  4.5 9.64070E+04
  5.0 1.09080E+05
  5.5 1.17720E+05
  6.0 1.22050E+05
  6.5 1.22630E+05
  7.0 1.20380E+05
  7.5 1.16130E+05
  8.0 1.10670E+05
  8.5 1.04580E+05
  9.0 9.82180E+04
  9.5 9.18820E+04
 10.0 8.57380E+04
 10.5 7.98690E+04
 11.0 7.43830E+04
 11.5 6.92270E+04
 12.0 6.44540E+04
 12.5 6.00660E+04
 13.0 5.59790E+04
 13.5 5.21940E+04
 14.0 4.87380E+04
 14.5 4.55020E+04
 15.0 4.25120E+04
 15.5 3.97420E+04
 16.0 3.71640E+04
 16.5 3.47780E+04
 17.0 3.25010E+04
 17.5 2.50190E+05
 18.0 2.84150E+04
 18.5 2.65220E+04
 19.0 2.47400E+04
 19.5 5.66380E+04
 20.0 1.97480E+04
 20.5 1.81570E+04
 21.0 1.69500E+04
 21.5 1.57710E+04
 22.0 1.46190E+04
 22.5 1.34670E+04
 23.0 1.23420E+04
 23.5 1.12180E+04
 24.0 1.01210E+04
 24.5 9.02360E+03
 25.0 7.95390E+03
 25.5 6.91170E+03
 26.0 5.86950E+03
 26.5 4.82720E+03
 27.0 3.83980E+03
 27.5 2.85250E+03
 28.0 1.86510E+03
 28.5 9.32530E+02
 29.0 5.48550E+01
