030K17D0M2
  0.5 0.00000E+00
  1.0 0.00000E+00
  1.5 0.00000E+00
  2.0 0.00000E+00
  2.5 0.00000E+00
  3.0 0.00000E+00
  3.5 4.63000E+04
  4.0 5.77600E+04
  4.5 6.97600E+04
  5.0 8.13500E+04
  5.5 9.12300E+04
  6.0 9.85000E+04
  6.5 1.02800E+05
  7.0 1.04400E+05
  7.5 1.03700E+05
  8.0 1.01300E+05
  8.5 9.77100E+04
  9.0 9.34100E+04
  9.5 8.86900E+04
 10.0 8.38200E+04
 10.5 7.89400E+04
 11.0 7.41900E+04
 11.5 6.96300E+04
 12.0 6.52800E+04
 12.5 6.11900E+04
 13.0 5.73400E+04
 13.5 5.37400E+04
 14.0 5.03900E+04
 14.5 4.72400E+04
 15.0 4.43300E+04
 15.5 4.15800E+04
 16.0 3.90400E+04
 16.5 3.66200E+04
 17.0 3.44000E+04
 17.5 2.91500E+05
 18.0 3.02800E+04
 18.5 2.83900E+04
 19.0 2.65800E+04
 19.5 6.46200E+04
 20.0 2.06300E+04
 20.5 1.89800E+04
 21.0 1.79300E+04
 21.5 1.68600E+04
 22.0 1.58100E+04
 22.5 1.47600E+04
 23.0 1.36900E+04
 23.5 1.26600E+04
 24.0 1.16100E+04
 24.5 1.05900E+04
 25.0 9.56900E+03
 25.5 8.54700E+03
 26.0 7.55000E+03
 26.5 6.55400E+03
 27.0 5.58400E+03
 27.5 4.61400E+03
 28.0 3.64400E+03
 28.5 2.72700E+03
 29.0 1.78300E+03
 29.5 8.91400E+02
 30.0 5.24300E+01
