030K13D0M2
  0.5 0.00000E+00
  1.0 0.00000E+00
  1.5 0.00000E+00
  2.0 0.00000E+00
  2.5 0.00000E+00
  3.0 0.00000E+00
  3.5 3.34730E+04
  4.0 4.17940E+04
  4.5 5.06090E+04
  5.0 5.96350E+04
  5.5 6.82620E+04
  6.0 7.57130E+04
  6.5 8.13550E+04
  7.0 8.49750E+04
  7.5 8.66440E+04
  8.0 8.66440E+04
  8.5 8.53040E+04
  9.0 8.29770E+04
  9.5 7.99910E+04
 10.0 7.65590E+04
 10.5 7.29160E+04
 11.0 6.91780E+04
 11.5 6.54650E+04
 12.0 6.18210E+04
 12.5 5.82950E+04
 13.0 5.49340E+04
 13.5 5.17130E+04
 14.0 4.87050E+04
 14.5 4.58370E+04
 15.0 4.31340E+04
 15.5 4.05950E+04
 16.0 3.81970E+04
 16.5 3.59170E+04
 17.0 3.38020E+04
 17.5 2.88370E+05
 18.0 2.98530E+04
 18.5 2.80190E+04
 19.0 2.63030E+04
 19.5 6.40780E+04
 20.0 1.97220E+04
 20.5 1.80760E+04
 21.0 1.71360E+04
 21.5 1.61960E+04
 22.0 1.52320E+04
 22.5 1.42680E+04
 23.0 1.33040E+04
 23.5 1.23410E+04
 24.0 1.13530E+04
 24.5 1.03660E+04
 25.0 9.40240E+03
 25.5 8.41520E+03
 26.0 7.45140E+03
 26.5 6.48770E+03
 27.0 5.52390E+03
 27.5 4.58370E+03
 28.0 3.64340E+03
 28.5 2.70320E+03
 29.0 1.78650E+03
 29.5 8.69730E+02
 30.0 7.05180E+01
