030K23D0M2
  0.5 0.00000E+00
  1.0 0.00000E+00
  1.5 0.00000E+00
  2.0 0.00000E+00
  2.5 0.00000E+00
  3.0 0.00000E+00
  3.5 6.76860E+04
  4.0 8.42680E+04
  4.5 1.00410E+05
  5.0 1.13880E+05
  5.5 1.23170E+05
  6.0 1.27980E+05
  6.5 1.28840E+05
  7.0 1.26680E+05
  7.5 1.22400E+05
  8.0 1.16810E+05
  8.5 1.10490E+05
  9.0 1.03860E+05
  9.5 9.72440E+04
 10.0 9.08000E+04
 10.5 8.46820E+04
 11.0 7.88890E+04
 11.5 7.34800E+04
 12.0 6.84550E+04
 12.5 6.38140E+04
 13.0 5.95290E+04
 13.5 5.55380E+04
 14.0 5.19030E+04
 14.5 4.85040E+04
 15.0 4.53710E+04
 15.5 4.24740E+04
 16.0 3.97550E+04
 16.5 3.72420E+04
 17.0 3.49070E+04
 17.5 2.94240E+05
 18.0 3.06210E+04
 18.5 2.86710E+04
 19.0 2.68380E+04
 19.5 6.50850E+04
 20.0 2.14880E+04
 20.5 1.98330E+04
 21.0 1.86510E+04
 21.5 1.74680E+04
 22.0 1.63160E+04
 22.5 1.51630E+04
 23.0 1.40400E+04
 23.5 1.29170E+04
 24.0 1.18530E+04
 24.5 1.07590E+04
 25.0 9.69480E+03
 25.5 8.66030E+03
 26.0 7.62580E+03
 26.5 6.62090E+03
 27.0 5.61590E+03
 27.5 4.64050E+03
 28.0 3.66510E+03
 28.5 2.71930E+03
 29.0 1.80300E+03
 29.5 8.86720E+02
 30.0 5.91150E+01
