031K12D0M2
  0.5 0.00000E+00
  1.0 0.00000E+00
  1.5 0.00000E+00
  2.0 0.00000E+00
  2.5 0.00000E+00
  3.0 0.00000E+00
  3.5 2.96380E+04
  4.0 3.71130E+04
  4.5 4.49970E+04
  5.0 5.32180E+04
  5.5 6.13900E+04
  6.0 6.88900E+04
  6.5 7.50670E+04
  7.0 7.95860E+04
  7.5 8.23270E+04
  8.0 8.34320E+04
  8.5 8.31200E+04
  9.0 8.17020E+04
  9.5 7.94660E+04
 10.0 7.66780E+04
 10.5 7.35290E+04
 11.0 7.01880E+04
 11.5 6.67750E+04
 12.0 6.33370E+04
 12.5 5.99720E+04
 13.0 5.67270E+04
 13.5 5.36020E+04
 14.0 5.06220E+04
 14.5 4.77850E+04
 15.0 4.50930E+04
 15.5 4.25450E+04
 16.0 4.01420E+04
 16.5 3.78580E+04
 17.0 3.56950E+04
 17.5 3.32050E+05
 18.0 3.17050E+04
 18.5 2.98780E+04
 19.0 2.81230E+04
 19.5 7.23750E+04
 20.0 2.06000E+04
 20.5 1.88690E+04
 21.0 1.80280E+04
 21.5 1.71860E+04
 22.0 1.62970E+04
 22.5 1.54080E+04
 23.0 1.45180E+04
 23.5 1.36050E+04
 24.0 1.26920E+04
 24.5 1.17540E+04
 25.0 1.08410E+04
 25.5 9.90320E+03
 26.0 8.96580E+03
 26.5 8.05240E+03
 27.0 7.11490E+03
 27.5 6.20150E+03
 28.0 5.28810E+03
 28.5 4.37470E+03
 29.0 3.48540E+03
 29.5 2.59600E+03
 30.0 1.70660E+03
 30.5 8.41290E+02
 31.0 4.80740E+01
