031K10D0M2
  0.5 0.00000E+00
  1.0 0.00000E+00
  1.5 0.00000E+00
  2.0 0.00000E+00
  2.5 0.00000E+00
  3.0 0.00000E+00
  3.5 2.37910E+04
  4.0 2.99390E+04
  4.5 3.63320E+04
  5.0 4.30370E+04
  5.5 4.98530E+04
  6.0 5.64690E+04
  6.5 6.23940E+04
  7.0 6.72280E+04
  7.5 7.07260E+04
  8.0 7.28640E+04
  8.5 7.37110E+04
  9.0 7.34660E+04
  9.5 7.23520E+04
 10.0 7.05920E+04
 10.5 6.83420E+04
 11.0 6.57800E+04
 11.5 6.30180E+04
 12.0 6.01670E+04
 12.5 5.72930E+04
 13.0 5.44640E+04
 13.5 5.16800E+04
 14.0 4.90070E+04
 14.5 4.64000E+04
 15.0 4.39280E+04
 15.5 4.15670E+04
 16.0 3.92940E+04
 16.5 3.71560E+04
 17.0 3.51070E+04
 17.5 3.28680E+05
 18.0 3.12750E+04
 18.5 2.95150E+04
 19.0 2.78000E+04
 19.5 7.18170E+04
 20.0 1.97140E+04
 20.5 1.79540E+04
 21.0 1.72410E+04
 21.5 1.64840E+04
 22.0 1.57270E+04
 22.5 1.49030E+04
 23.0 1.40780E+04
 23.5 1.32540E+04
 24.0 1.23850E+04
 24.5 1.15170E+04
 25.0 1.06260E+04
 25.5 9.75680E+03
 26.0 8.84350E+03
 26.5 7.95250E+03
 27.0 7.06140E+03
 27.5 6.14810E+03
 28.0 5.25710E+03
 28.5 4.36610E+03
 29.0 3.47500E+03
 29.5 2.58400E+03
 30.0 1.71520E+03
 30.5 8.46480E+02
 31.0 6.68270E+01
