031K11D0M2
  0.5 0.00000E+00
  1.0 0.00000E+00
  1.5 0.00000E+00
  2.0 0.00000E+00
  2.5 0.00000E+00
  3.0 0.00000E+00
  3.5 2.66870E+04
  4.0 3.34810E+04
  4.5 4.06220E+04
  5.0 4.80880E+04
  5.5 5.56010E+04
  6.0 6.26960E+04
  6.5 6.88170E+04
  7.0 7.35700E+04
  7.5 7.67230E+04
  8.0 7.83460E+04
  8.5 7.86250E+04
  9.0 7.78130E+04
  9.5 7.61200E+04
 10.0 7.38250E+04
 10.5 7.11120E+04
 11.0 6.81440E+04
 11.5 6.50370E+04
 12.0 6.18840E+04
 12.5 5.87540E+04
 13.0 5.56930E+04
 13.5 5.27260E+04
 14.0 4.98740E+04
 14.5 4.71380E+04
 15.0 4.45640E+04
 15.5 4.20830E+04
 16.0 3.97410E+04
 16.5 3.75390E+04
 17.0 3.54290E+04
 17.5 3.30520E+05
 18.0 3.15100E+04
 18.5 2.97020E+04
 19.0 2.79860E+04
 19.5 7.21320E+04
 20.0 2.01950E+04
 20.5 1.84560E+04
 21.0 1.76680E+04
 21.5 1.68560E+04
 22.0 1.60220E+04
 22.5 1.51870E+04
 23.0 1.43290E+04
 23.5 1.34480E+04
 24.0 1.25440E+04
 24.5 1.16400E+04
 25.0 1.07350E+04
 25.5 9.83100E+03
 26.0 8.92670E+03
 26.5 7.99930E+03
 27.0 7.09500E+03
 27.5 6.16750E+03
 28.0 5.26330E+03
 28.5 4.35900E+03
 29.0 3.47790E+03
 29.5 2.59690E+03
 30.0 1.71580E+03
 30.5 8.34710E+02
 31.0 6.95590E+01
