031K18D0M2
  0.5 0.00000E+00
  1.0 0.00000E+00
  1.5 0.00000E+00
  2.0 0.00000E+00
  2.5 0.00000E+00
  3.0 0.00000E+00
  3.5 4.84240E+04
  4.0 6.04590E+04
  4.5 7.31460E+04
  5.0 8.54360E+04
  5.5 9.59700E+04
  6.0 1.03730E+05
  6.5 1.08370E+05
  7.0 1.10130E+05
  7.5 1.09480E+05
  8.0 1.07010E+05
  8.5 1.03300E+05
  9.0 9.88310E+04
  9.5 9.38750E+04
 10.0 8.87490E+04
 10.5 8.36240E+04
 11.0 7.86400E+04
 11.5 7.38260E+04
 12.0 6.92380E+04
 12.5 6.49050E+04
 13.0 6.08560E+04
 13.5 5.70610E+04
 14.0 5.35500E+04
 14.5 5.02370E+04
 15.0 4.71500E+04
 15.5 4.42900E+04
 16.0 4.15990E+04
 16.5 3.91070E+04
 17.0 3.67570E+04
 17.5 3.38060E+05
 18.0 3.24810E+04
 18.5 3.04990E+04
 19.0 2.86580E+04
 19.5 7.34290E+04
 20.0 2.22580E+04
 20.5 2.05310E+04
 21.0 1.94830E+04
 21.5 1.84070E+04
 22.0 1.73590E+04
 22.5 1.63110E+04
 23.0 1.52640E+04
 23.5 1.42440E+04
 24.0 1.31960E+04
 24.5 1.22050E+04
 25.0 1.11860E+04
 25.5 1.01950E+04
 26.0 9.20340E+03
 26.5 8.21230E+03
 27.0 7.24950E+03
 27.5 6.28660E+03
 28.0 5.35210E+03
 28.5 4.41760E+03
 29.0 3.51150E+03
 29.5 2.60530E+03
 30.0 1.72740E+03
 30.5 8.49550E+02
 31.0 5.66360E+01
