031K13D0M2
  0.5 0.00000E+00
  1.0 0.00000E+00
  1.5 0.00000E+00
  2.0 0.00000E+00
  2.5 0.00000E+00
  3.0 0.00000E+00
  3.5 3.26500E+04
  4.0 4.08000E+04
  4.5 4.94720E+04
  5.0 5.84670E+04
  5.5 6.72390E+04
  6.0 7.50160E+04
  6.5 8.11780E+04
  7.0 8.53780E+04
  7.5 8.76390E+04
  8.0 8.81360E+04
  8.5 8.72410E+04
  9.0 8.52530E+04
  9.5 8.25200E+04
 10.0 7.92650E+04
 10.5 7.57120E+04
 11.0 7.20340E+04
 11.5 6.83070E+04
 12.0 6.46540E+04
 12.5 6.10760E+04
 13.0 5.76470E+04
 13.5 5.43920E+04
 14.0 5.12860E+04
 14.5 4.83290E+04
 15.0 4.55710E+04
 15.5 4.29370E+04
 16.0 4.04770E+04
 16.5 3.81420E+04
 17.0 3.59300E+04
 17.5 3.33480E+05
 18.0 3.18800E+04
 18.5 3.00160E+04
 19.0 2.82520E+04
 19.5 7.26310E+04
 20.0 2.09720E+04
 20.5 1.92320E+04
 21.0 1.83630E+04
 21.5 1.74430E+04
 22.0 1.65490E+04
 22.5 1.56050E+04
 23.0 1.46850E+04
 23.5 1.37410E+04
 24.0 1.27970E+04
 24.5 1.18520E+04
 25.0 1.09080E+04
 25.5 9.96400E+03
 26.0 9.01980E+03
 26.5 8.10040E+03
 27.0 7.15620E+03
 27.5 6.23680E+03
 28.0 5.29260E+03
 28.5 4.39810E+03
 29.0 3.47870E+03
 29.5 2.58420E+03
 30.0 1.71450E+03
 30.5 8.44830E+02
 31.0 4.96960E+01
