031K22D0M2
  0.5 0.00000E+00
  1.0 0.00000E+00
  1.5 0.00000E+00
  2.0 0.00000E+00
  2.5 0.00000E+00
  3.0 0.00000E+00
  3.5 6.22570E+04
  4.0 7.77290E+04
  4.5 9.33550E+04
  5.0 1.07260E+05
  5.5 1.17740E+05
  6.0 1.24120E+05
  6.5 1.26600E+05
  7.0 1.25860E+05
  7.5 1.22800E+05
  8.0 1.18110E+05
  8.5 1.12500E+05
  9.0 1.06380E+05
  9.5 1.00060E+05
 10.0 9.38450E+04
 10.5 8.78090E+04
 11.0 8.20490E+04
 11.5 7.66570E+04
 12.0 7.15710E+04
 12.5 6.68530E+04
 13.0 6.24710E+04
 13.5 5.84270E+04
 14.0 5.46590E+04
 14.5 5.11660E+04
 15.0 4.79490E+04
 15.5 4.49460E+04
 16.0 4.21580E+04
 16.5 3.95540E+04
 17.0 3.71340E+04
 17.5 3.40180E+05
 18.0 3.27520E+04
 18.5 3.07300E+04
 19.0 2.88610E+04
 19.5 7.37770E+04
 20.0 2.29170E+04
 20.5 2.12020E+04
 21.0 2.00370E+04
 21.5 1.89040E+04
 22.0 1.77700E+04
 22.5 1.66670E+04
 23.0 1.55640E+04
 23.5 1.44610E+04
 24.0 1.34200E+04
 24.5 1.23470E+04
 25.0 1.13060E+04
 25.5 1.02940E+04
 26.0 9.28340E+03
 26.5 8.27230E+03
 27.0 7.29190E+03
 27.5 6.34210E+03
 28.0 5.39230E+03
 28.5 4.44250E+03
 29.0 3.52340E+03
 29.5 2.60430E+03
 30.0 1.71570E+03
 30.5 8.57870E+02
 31.0 6.12770E+01
