031K21D0M2
  0.5 0.00000E+00
  1.0 0.00000E+00
  1.5 0.00000E+00
  2.0 0.00000E+00
  2.5 0.00000E+00
  3.0 0.00000E+00
  3.5 5.86740E+04
  4.0 7.32670E+04
  4.5 8.82210E+04
  5.0 1.01820E+05
  5.5 1.12440E+05
  6.0 1.19240E+05
  6.5 1.22310E+05
  7.0 1.22220E+05
  7.5 1.19750E+05
  8.0 1.15600E+05
  8.5 1.10430E+05
  9.0 1.04680E+05
  9.5 9.86920E+04
 10.0 9.27340E+04
 10.5 8.68970E+04
 11.0 8.13010E+04
 11.5 7.60350E+04
 12.0 7.10700E+04
 12.5 6.64370E+04
 13.0 6.21340E+04
 13.5 5.81320E+04
 14.0 5.44310E+04
 14.5 5.09710E+04
 15.0 4.77810E+04
 15.5 4.48030E+04
 16.0 4.20340E+04
 16.5 3.94770E+04
 17.0 3.70700E+04
 17.5 3.39770E+05
 18.0 3.26770E+04
 18.5 3.06910E+04
 19.0 2.88250E+04
 19.5 7.37180E+04
 20.0 2.27770E+04
 20.5 2.10620E+04
 21.0 1.99190E+04
 21.5 1.88060E+04
 22.0 1.76920E+04
 22.5 1.65790E+04
 23.0 1.54960E+04
 23.5 1.44130E+04
 24.0 1.33600E+04
 24.5 1.23060E+04
 25.0 1.12830E+04
 25.5 1.02600E+04
 26.0 9.26740E+03
 26.5 8.27450E+03
 27.0 7.28150E+03
 27.5 6.31870E+03
 28.0 5.38590E+03
 28.5 4.42310E+03
 29.0 3.52040E+03
 29.5 2.61770E+03
 30.0 1.71510E+03
 30.5 8.42490E+02
 31.0 6.01780E+01
