031K20D0M2
  0.5 0.00000E+00
  1.0 0.00000E+00
  1.5 0.00000E+00
  2.0 0.00000E+00
  2.5 0.00000E+00
  3.0 0.00000E+00
  3.5 5.52000E+04
  4.0 6.88960E+04
  4.5 8.31240E+04
  5.0 9.63780E+04
  5.5 1.07030E+05
  6.0 1.14210E+05
  6.5 1.17840E+05
  7.0 1.18400E+05
  7.5 1.16510E+05
  8.0 1.12940E+05
  8.5 1.08220E+05
  9.0 1.02870E+05
  9.5 9.72050E+04
 10.0 9.15080E+04
 10.5 8.58990E+04
 11.0 8.04970E+04
 11.5 7.53610E+04
 12.0 7.05200E+04
 12.5 6.59740E+04
 13.0 6.17530E+04
 13.5 5.77970E+04
 14.0 5.41370E+04
 14.5 5.07420E+04
 15.0 4.75840E+04
 15.5 4.46620E+04
 16.0 4.19160E+04
 16.5 3.93480E+04
 17.0 3.69570E+04
 17.5 3.39260E+05
 18.0 3.26180E+04
 18.5 3.06400E+04
 19.0 2.87810E+04
 19.5 7.36190E+04
 20.0 2.26110E+04
 20.5 2.08990E+04
 21.0 1.97770E+04
 21.5 1.86850E+04
 22.0 1.75930E+04
 22.5 1.65010E+04
 23.0 1.54380E+04
 23.5 1.43760E+04
 24.0 1.33130E+04
 24.5 1.22800E+04
 25.0 1.12470E+04
 25.5 1.02430E+04
 26.0 9.23930E+03
 26.5 8.26520E+03
 27.0 7.29110E+03
 27.5 6.31700E+03
 28.0 5.37240E+03
 28.5 4.42780E+03
 29.0 3.51270E+03
 29.5 2.59760E+03
 30.0 1.71210E+03
 30.5 8.56040E+02
 31.0 5.90370E+01
