032K13D0M2
  0.5 0.00000E+00
  1.0 0.00000E+00
  1.5 0.00000E+00
  2.0 0.00000E+00
  2.5 0.00000E+00
  3.0 0.00000E+00
  3.5 3.18550E+04
  4.0 3.98770E+04
  4.5 4.83980E+04
  5.0 5.73120E+04
  5.5 6.61740E+04
  6.0 7.42230E+04
  6.5 8.08560E+04
  7.0 8.56010E+04
  7.5 8.84330E+04
  8.0 8.94820E+04
  8.5 8.90100E+04
  9.0 8.74100E+04
  9.5 8.49460E+04
 10.0 8.18780E+04
 10.5 7.84440E+04
 11.0 7.48260E+04
 11.5 7.11290E+04
 12.0 6.74590E+04
 12.5 6.38670E+04
 13.0 6.03800E+04
 13.5 5.70500E+04
 14.0 5.38780E+04
 14.5 5.08360E+04
 15.0 4.80050E+04
 15.5 4.53040E+04
 16.0 4.27610E+04
 16.5 4.03490E+04
 17.0 3.80950E+04
 17.5 3.81050E+05
 18.0 3.39260E+04
 18.5 3.20120E+04
 19.0 3.01770E+04
 19.5 8.15640E+04
 20.0 2.21540E+04
 20.5 2.03190E+04
 21.0 1.94800E+04
 21.5 1.86150E+04
 22.0 1.77490E+04
 22.5 1.68580E+04
 23.0 1.59670E+04
 23.5 1.50750E+04
 24.0 1.41580E+04
 24.5 1.32400E+04
 25.0 1.23220E+04
 25.5 1.14050E+04
 26.0 1.05130E+04
 26.5 9.59570E+03
 27.0 8.67810E+03
 27.5 7.78670E+03
 28.0 6.86910E+03
 28.5 5.97770E+03
 29.0 5.08630E+03
 29.5 4.22110E+03
 30.0 3.35590E+03
 30.5 2.49070E+03
 31.0 1.65170E+03
 31.5 8.12750E+02
 32.0 5.24360E+01
