032K10D0M2
  0.5 0.00000E+00
  1.0 0.00000E+00
  1.5 0.00000E+00
  2.0 0.00000E+00
  2.5 0.00000E+00
  3.0 0.00000E+00
  3.5 2.32220E+04
  4.0 2.92680E+04
  4.5 3.55740E+04
  5.0 4.21610E+04
  5.5 4.89610E+04
  6.0 5.56430E+04
  6.5 6.18070E+04
  7.0 6.69590E+04
  7.5 7.08880E+04
  8.0 7.34290E+04
  8.5 7.47000E+04
  9.0 7.48410E+04
  9.5 7.40410E+04
 10.0 7.25120E+04
 10.5 7.04410E+04
 11.0 6.80180E+04
 11.5 6.53360E+04
 12.0 6.25360E+04
 12.5 5.96890E+04
 13.0 5.68430E+04
 13.5 5.40430E+04
 14.0 5.13140E+04
 14.5 4.86780E+04
 15.0 4.61610E+04
 15.5 4.37380E+04
 16.0 4.14320E+04
 16.5 3.92200E+04
 17.0 3.71260E+04
 17.5 3.75290E+05
 18.0 3.32210E+04
 18.5 3.14090E+04
 19.0 2.96680E+04
 19.5 8.05820E+04
 20.0 2.07280E+04
 20.5 1.88460E+04
 21.0 1.81870E+04
 21.5 1.74810E+04
 22.0 1.67750E+04
 22.5 1.60220E+04
 23.0 1.52460E+04
 23.5 1.44460E+04
 24.0 1.36220E+04
 24.5 1.27990E+04
 25.0 1.19520E+04
 25.5 1.11050E+04
 26.0 1.02580E+04
 26.5 9.38750E+03
 27.0 8.51700E+03
 27.5 7.64640E+03
 28.0 6.77590E+03
 28.5 5.90540E+03
 29.0 5.05840E+03
 29.5 4.18790E+03
 30.0 3.34090E+03
 30.5 2.47040E+03
 31.0 1.64690E+03
 31.5 7.99940E+02
 32.0 4.70550E+01
