032K14D0M2
  0.5 0.00000E+00
  1.0 0.00000E+00
  1.5 0.00000E+00
  2.0 0.00000E+00
  2.5 0.00000E+00
  3.0 0.00000E+00
  3.5 3.48140E+04
  4.0 4.35380E+04
  4.5 5.28560E+04
  5.0 6.25250E+04
  5.5 7.19510E+04
  6.0 8.02970E+04
  6.5 8.68330E+04
  7.0 9.12620E+04
  7.5 9.35850E+04
  8.0 9.40440E+04
  8.5 9.30180E+04
  9.0 9.08300E+04
  9.5 8.78590E+04
 10.0 8.43480E+04
 10.5 8.05400E+04
 11.0 7.65970E+04
 11.5 7.25990E+04
 12.0 6.87100E+04
 12.5 6.49020E+04
 13.0 6.12560E+04
 13.5 5.77710E+04
 14.0 5.44760E+04
 14.5 5.13700E+04
 15.0 4.84540E+04
 15.5 4.56720E+04
 16.0 4.30790E+04
 16.5 4.06210E+04
 17.0 3.83250E+04
 17.5 3.82390E+05
 18.0 3.40850E+04
 18.5 3.21400E+04
 19.0 3.03040E+04
 19.5 8.17820E+04
 20.0 2.25250E+04
 20.5 2.07160E+04
 21.0 1.97970E+04
 21.5 1.89060E+04
 22.0 1.79880E+04
 22.5 1.70690E+04
 23.0 1.61510E+04
 23.5 1.52060E+04
 24.0 1.42880E+04
 24.5 1.33420E+04
 25.0 1.24240E+04
 25.5 1.14790E+04
 26.0 1.05600E+04
 26.5 9.64210E+03
 27.0 8.72380E+03
 27.5 7.80550E+03
 28.0 6.88720E+03
 28.5 5.99590E+03
 29.0 5.10460E+03
 29.5 4.21330E+03
 30.0 3.34910E+03
 30.5 2.48480E+03
 31.0 1.64750E+03
 31.5 8.10260E+02
 32.0 5.40170E+01
