032K16D0M2
  0.5 0.00000E+00
  1.0 0.00000E+00
  1.5 0.00000E+00
  2.0 0.00000E+00
  2.5 0.00000E+00
  3.0 0.00000E+00
  3.5 4.09080E+04
  4.0 5.11070E+04
  4.5 6.20460E+04
  5.0 7.31850E+04
  5.5 8.35540E+04
  6.0 9.21290E+04
  6.5 9.82540E+04
  7.0 1.01840E+05
  7.5 1.03040E+05
  8.0 1.02330E+05
  8.5 1.00130E+05
  9.0 9.68870E+04
  9.5 9.29550E+04
 10.0 8.86540E+04
 10.5 8.41240E+04
 11.0 7.95950E+04
 11.5 7.51220E+04
 12.0 7.08200E+04
 12.5 6.66900E+04
 13.0 6.27580E+04
 13.5 5.90260E+04
 14.0 5.55510E+04
 14.5 5.22750E+04
 15.0 4.91980E+04
 15.5 4.63210E+04
 16.0 4.36150E+04
 16.5 4.10790E+04
 17.0 3.87150E+04
 17.5 3.84700E+05
 18.0 3.43850E+04
 18.5 3.23910E+04
 19.0 3.05100E+04
 19.5 8.21870E+04
 20.0 2.31600E+04
 20.5 2.13370E+04
 21.0 2.03690E+04
 21.5 1.93720E+04
 22.0 1.84030E+04
 22.5 1.74340E+04
 23.0 1.64370E+04
 23.5 1.54690E+04
 24.0 1.45000E+04
 24.5 1.35320E+04
 25.0 1.25630E+04
 25.5 1.16230E+04
 26.0 1.06540E+04
 26.5 9.71430E+03
 27.0 8.77420E+03
 27.5 7.86260E+03
 28.0 6.92250E+03
 28.5 6.03940E+03
 29.0 5.12780E+03
 29.5 4.24470E+03
 30.0 3.36150E+03
 30.5 2.50690E+03
 31.0 1.65230E+03
 31.5 7.97660E+02
 32.0 5.69750E+01
