032K20D0M2
  0.5 0.00000E+00
  1.0 0.00000E+00
  1.5 0.00000E+00
  2.0 0.00000E+00
  2.5 0.00000E+00
  3.0 0.00000E+00
  3.5 5.38160E+04
  4.0 6.72770E+04
  4.5 8.14230E+04
  5.0 9.49160E+04
  5.5 1.06230E+05
  6.0 1.14250E+05
  6.5 1.18760E+05
  7.0 1.20130E+05
  7.5 1.18920E+05
  8.0 1.15840E+05
  8.5 1.11520E+05
  9.0 1.06390E+05
  9.5 1.00850E+05
 10.0 9.51960E+04
 10.5 8.95680E+04
 11.0 8.40970E+04
 11.5 7.88740E+04
 12.0 7.39300E+04
 12.5 6.92670E+04
 13.0 6.49150E+04
 13.5 6.08420E+04
 14.0 5.70800E+04
 14.5 5.35360E+04
 15.0 5.02710E+04
 15.5 4.72250E+04
 16.0 4.43960E+04
 16.5 4.17220E+04
 17.0 3.92660E+04
 17.5 3.87870E+05
 18.0 3.47580E+04
 18.5 3.27060E+04
 19.0 3.07780E+04
 19.5 8.27290E+04
 20.0 2.40630E+04
 20.5 2.22600E+04
 21.0 2.11720E+04
 21.5 2.00840E+04
 22.0 1.89960E+04
 22.5 1.79390E+04
 23.0 1.68820E+04
 23.5 1.58560E+04
 24.0 1.47990E+04
 24.5 1.38040E+04
 25.0 1.27780E+04
 25.5 1.17830E+04
 26.0 1.07880E+04
 26.5 9.82420E+03
 27.0 8.86050E+03
 27.5 7.92780E+03
 28.0 6.99510E+03
 28.5 6.06240E+03
 29.0 5.16080E+03
 29.5 4.25920E+03
 30.0 3.35760E+03
 30.5 2.48710E+03
 31.0 1.64770E+03
 31.5 8.08320E+02
 32.0 6.21790E+01
