032K23D0M2
  0.5 0.00000E+00
  1.0 0.00000E+00
  1.5 0.00000E+00
  2.0 0.00000E+00
  2.5 0.00000E+00
  3.0 0.00000E+00
  3.5 6.42810E+04
  4.0 8.03350E+04
  4.5 9.67180E+04
  5.0 1.11390E+05
  5.5 1.22560E+05
  6.0 1.29480E+05
  6.5 1.32310E+05
  7.0 1.31780E+05
  7.5 1.28760E+05
  8.0 1.24030E+05
  8.5 1.18290E+05
  9.0 1.11950E+05
  9.5 1.05420E+05
 10.0 9.89500E+04
 10.5 9.26470E+04
 11.0 8.66390E+04
 11.5 8.09590E+04
 12.0 7.56740E+04
 12.5 7.07160E+04
 13.0 6.61200E+04
 13.5 6.18520E+04
 14.0 5.79120E+04
 14.5 5.42350E+04
 15.0 5.08540E+04
 15.5 4.77350E+04
 16.0 4.48130E+04
 16.5 4.20880E+04
 17.0 3.95600E+04
 17.5 3.89660E+05
 18.0 3.49970E+04
 18.5 3.28960E+04
 19.0 3.09260E+04
 19.5 8.30280E+04
 20.0 2.45900E+04
 20.5 2.27840E+04
 21.0 2.16350E+04
 21.5 2.04530E+04
 22.0 1.93370E+04
 22.5 1.82210E+04
 23.0 1.71370E+04
 23.5 1.60540E+04
 24.0 1.49710E+04
 24.5 1.39200E+04
 25.0 1.29020E+04
 25.5 1.18850E+04
 26.0 1.08670E+04
 26.5 9.88190E+03
 27.0 8.92980E+03
 27.5 7.94490E+03
 28.0 7.02570E+03
 28.5 6.07360E+03
 29.0 5.15430E+03
 29.5 4.26790E+03
 30.0 3.38150E+03
 30.5 2.49510E+03
 31.0 1.64150E+03
 31.5 8.20750E+02
 32.0 6.56600E+01
