025K18D0R2
  0.5 0.00000E+00
  1.0 0.00000E+00
  1.5 0.00000E+00
  2.0 0.00000E+00
  2.5 0.00000E+00
  3.0 0.00000E+00
  3.5 6.19300E+04
  4.0 7.06400E+04
  4.5 7.87200E+04
  5.0 8.50200E+04
  5.5 8.88400E+04
  6.0 8.99100E+04
  6.5 8.99100E+04
  7.0 8.88300E+04
  7.5 8.61900E+04
  8.0 8.25800E+04
  8.5 7.83900E+04
  9.0 7.39300E+04
  9.5 6.94000E+04
 10.0 6.49500E+04
 10.5 6.06500E+04
 11.0 5.65700E+04
 11.5 5.27200E+04
 12.0 4.91200E+04
 12.5 4.57500E+04
 13.0 4.26000E+04
 13.5 3.96600E+04
 14.0 3.69100E+04
 14.5 3.43300E+04
 15.0 3.19100E+04
 15.5 2.96300E+04
 16.0 2.74700E+04
 16.5 2.54200E+04
 17.0 2.34700E+04
 17.5 2.16100E+04
 18.0 1.98300E+04
 18.5 1.81100E+04
 19.0 1.64600E+04
 19.5 1.48600E+04
 20.0 2.27500E+04
 20.5 1.18200E+04
 21.0 1.03600E+04
 21.5 8.94500E+03
 22.0 7.56600E+03
 22.5 6.22100E+03
 23.0 6.45300E+03
 23.5 3.57700E+03
 24.0 2.36600E+03
 24.5 1.17300E+03
 25.0 0.00000E+00
