025K12D0R2
  0.5 0.00000E+00
  1.0 0.00000E+00
  1.5 0.00000E+00
  2.0 0.00000E+00
  2.5 0.00000E+00
  3.0 0.00000E+00
  3.5 4.14000E+04
  4.0 4.67500E+04
  4.5 5.28200E+04
  5.0 5.85600E+04
  5.5 6.34800E+04
  6.0 6.67500E+04
  6.5 6.67500E+04
  7.0 6.84300E+04
  7.5 6.86600E+04
  8.0 6.77600E+04
  8.5 6.60100E+04
  9.0 6.36700E+04
  9.5 6.09300E+04
 10.0 5.79700E+04
 10.5 5.49200E+04
 11.0 5.18600E+04
 11.5 4.88500E+04
 12.0 4.59300E+04
 12.5 4.31300E+04
 13.0 4.04400E+04
 13.5 3.78900E+04
 14.0 3.54500E+04
 14.5 3.31400E+04
 15.0 3.09300E+04
 15.5 2.88300E+04
 16.0 2.68100E+04
 16.5 2.48900E+04
 17.0 2.30400E+04
 17.5 2.12600E+04
 18.0 1.95500E+04
 18.5 1.78900E+04
 19.0 1.62900E+04
 19.5 1.47300E+04
 20.0 2.23100E+04
 20.5 1.17400E+04
 21.0 1.03000E+04
 21.5 8.90400E+03
 22.0 7.53800E+03
 22.5 6.20300E+03
 23.0 6.40100E+03
 23.5 3.54300E+03
 24.0 2.35200E+03
 24.5 1.17000E+03
 25.0 0.00000E+00
