025K15D0R2
  0.5 0.00000E+00
  1.0 0.00000E+00
  1.5 0.00000E+00
  2.0 0.00000E+00
  2.5 0.00000E+00
  3.0 0.00000E+00
  3.5 5.15600E+04
  4.0 5.87300E+04
  4.5 6.60500E+04
  5.0 7.24000E+04
  5.5 7.70300E+04
  6.0 7.93700E+04
  6.5 7.93700E+04
  7.0 7.97200E+04
  7.5 7.84900E+04
  8.0 7.61600E+04
  8.5 7.30900E+04
  9.0 6.95800E+04
  9.5 6.58400E+04
 10.0 6.20400E+04
 10.5 5.82700E+04
 11.0 5.46300E+04
 11.5 5.11300E+04
 12.0 4.78100E+04
 12.5 4.46800E+04
 13.0 4.17200E+04
 13.5 3.89400E+04
 14.0 3.63200E+04
 14.5 3.38500E+04
 15.0 3.15100E+04
 15.5 2.93000E+04
 16.0 2.72100E+04
 16.5 2.52100E+04
 17.0 2.33000E+04
 17.5 2.14700E+04
 18.0 1.97100E+04
 18.5 1.80200E+04
 19.0 1.63900E+04
 19.5 1.48100E+04
 20.0 2.25700E+04
 20.5 1.17900E+04
 21.0 1.03400E+04
 21.5 8.92900E+03
 22.0 7.55400E+03
 22.5 6.21400E+03
 23.0 6.43200E+03
 23.5 3.56300E+03
 24.0 2.36100E+03
 24.5 1.17200E+03
 25.0 0.00000E+00
