025K10D0R2
  0.5 0.00000E+00
  1.0 0.00000E+00
  1.5 0.00000E+00
  2.0 0.00000E+00
  2.5 0.00000E+00
  3.0 0.00000E+00
  3.5 3.48400E+04
  4.0 3.88700E+04
  4.5 4.39000E+04
  5.0 4.88400E+04
  5.5 5.35100E+04
  6.0 5.70500E+04
  6.5 5.70500E+04
  7.0 5.94200E+04
  7.5 6.05400E+04
  8.0 6.06300E+04
  8.5 5.98500E+04
  9.0 5.84200E+04
  9.5 5.64900E+04
 10.0 5.42500E+04
 10.5 5.18100E+04
 11.0 4.92700E+04
 11.5 4.66900E+04
 12.0 4.41400E+04
 12.5 4.16400E+04
 13.0 3.92100E+04
 13.5 3.68700E+04
 14.0 3.46100E+04
 14.5 3.24400E+04
 15.0 3.03600E+04
 15.5 2.83600E+04
 16.0 2.64300E+04
 16.5 2.45800E+04
 17.0 2.27900E+04
 17.5 2.10600E+04
 18.0 1.93800E+04
 18.5 1.77600E+04
 19.0 1.61800E+04
 19.5 1.46500E+04
 20.0 2.20400E+04
 20.5 1.16900E+04
 21.0 1.02700E+04
 21.5 8.88000E+03
 22.0 7.52100E+03
 22.5 6.19200E+03
 23.0 6.37000E+03
 23.5 3.52400E+03
 24.0 2.34400E+03
 24.5 1.16800E+03
 25.0 0.00000E+00
