025K20D0R2
  0.5 0.00000E+00
  1.0 0.00000E+00
  1.5 0.00000E+00
  2.0 0.00000E+00
  2.5 0.00000E+00
  3.0 0.00000E+00
  3.5 6.88700E+04
  4.0 7.84100E+04
  4.5 8.67200E+04
  5.0 9.27100E+04
  5.5 9.58000E+04
  6.0 9.59600E+04
  6.5 9.59600E+04
  7.0 9.39400E+04
  7.5 9.04300E+04
  8.0 8.60600E+04
  8.5 8.12200E+04
  9.0 7.62300E+04
  9.5 7.12700E+04
 10.0 6.64600E+04
 10.5 6.18900E+04
 11.0 5.75700E+04
 11.5 5.35400E+04
 12.0 4.97800E+04
 12.5 4.62900E+04
 13.0 4.30400E+04
 13.5 4.00200E+04
 14.0 3.72100E+04
 14.5 3.45700E+04
 15.0 3.21100E+04
 15.5 2.97900E+04
 16.0 2.76000E+04
 16.5 2.55300E+04
 17.0 2.35600E+04
 17.5 2.16800E+04
 18.0 1.98800E+04
 18.5 1.81500E+04
 19.0 1.64900E+04
 19.5 1.48900E+04
 20.0 2.28400E+04
 20.5 1.18300E+04
 21.0 1.03700E+04
 21.5 8.95300E+03
 22.0 7.57100E+03
 22.5 6.22500E+03
 23.0 6.46300E+03
 23.5 3.58300E+03
 24.0 2.36900E+03
 24.5 1.17400E+03
 25.0 0.00000E+00
