025K21D0R2
  0.5 0.00000E+00
  1.0 0.00000E+00
  1.5 0.00000E+00
  2.0 0.00000E+00
  2.5 0.00000E+00
  3.0 0.00000E+00
  3.5 7.23300E+04
  4.0 8.22200E+04
  4.5 9.05700E+04
  5.0 9.63400E+04
  5.5 9.90300E+04
  6.0 9.87300E+04
  6.5 9.87300E+04
  7.0 9.62500E+04
  7.5 9.23300E+04
  8.0 8.76000E+04
  8.5 8.24800E+04
  9.0 7.72500E+04
  9.5 7.20900E+04
 10.0 6.71300E+04
 10.5 6.24200E+04
 11.0 5.80100E+04
 11.5 5.38900E+04
 12.0 5.00700E+04
 12.5 4.65200E+04
 13.0 4.32300E+04
 13.5 4.01800E+04
 14.0 3.73300E+04
 14.5 3.46800E+04
 15.0 3.21900E+04
 15.5 2.98600E+04
 16.0 2.76600E+04
 16.5 2.55700E+04
 17.0 2.35900E+04
 17.5 2.17100E+04
 18.0 1.99000E+04
 18.5 1.81700E+04
 19.0 1.65100E+04
 19.5 1.49000E+04
 20.0 2.28800E+04
 20.5 1.18400E+04
 21.0 1.03800E+04
 21.5 8.95600E+03
 22.0 7.57400E+03
 22.5 6.22600E+03
 23.0 6.46800E+03
 23.5 3.58600E+03
 24.0 2.37000E+03
 24.5 1.17400E+03
 25.0 0.00000E+00
