026K09D0R2
  0.5 0.00000E+00
  1.0 0.00000E+00
  1.5 0.00000E+00
  2.0 0.00000E+00
  2.5 0.00000E+00
  3.0 0.00000E+00
  3.5 3.14100E+04
  4.0 3.47500E+04
  4.5 3.92900E+04
  5.0 4.38100E+04
  5.5 4.84300E+04
  6.0 5.22400E+04
  6.5 5.22400E+04
  7.0 5.51800E+04
  7.5 5.70400E+04
  8.0 5.79500E+04
  8.5 5.79600E+04
  9.0 5.72600E+04
  9.5 5.59700E+04
 10.0 5.42700E+04
 10.5 5.22700E+04
 11.0 5.00800E+04
 11.5 4.77900E+04
 12.0 4.54700E+04
 12.5 4.31400E+04
 13.0 4.08500E+04
 13.5 3.86100E+04
 14.0 3.64300E+04
 14.5 3.43300E+04
 15.0 3.22900E+04
 15.5 3.03300E+04
 16.0 2.84400E+04
 16.5 2.66100E+04
 17.0 2.48500E+04
 17.5 2.31400E+04
 18.0 2.14800E+04
 18.5 1.98800E+04
 19.0 1.83200E+04
 19.5 1.68000E+04
 20.0 3.32000E+04
 20.5 1.38900E+04
 21.0 1.24800E+04
 21.5 1.11000E+04
 22.0 9.76000E+03
 22.5 8.44400E+03
 23.0 1.01500E+04
 23.5 5.59200E+03
 24.0 4.47900E+03
 24.5 3.35800E+03
 25.0 2.23500E+03
 25.5 1.11500E+03
 26.0 0.00000E+00
