026K19D0R2
  0.5 0.00000E+00
  1.0 0.00000E+00
  1.5 0.00000E+00
  2.0 0.00000E+00
  2.5 0.00000E+00
  3.0 0.00000E+00
  3.5 6.47600E+04
  4.0 7.41600E+04
  4.5 8.29100E+04
  5.0 8.98500E+04
  5.5 9.41400E+04
  6.0 9.55100E+04
  6.5 9.55100E+04
  7.0 9.45500E+04
  7.5 9.19000E+04
  8.0 8.81700E+04
  8.5 8.38000E+04
  9.0 7.91100E+04
  9.5 7.43400E+04
 10.0 6.96300E+04
 10.5 6.50700E+04
 11.0 6.07500E+04
 11.5 5.66600E+04
 12.0 5.28400E+04
 12.5 4.92700E+04
 13.0 4.59400E+04
 13.5 4.28400E+04
 14.0 3.99400E+04
 14.5 3.72400E+04
 15.0 3.47100E+04
 15.5 3.23300E+04
 16.0 3.00900E+04
 16.5 2.79700E+04
 17.0 2.59600E+04
 17.5 2.40500E+04
 18.0 2.22300E+04
 18.5 2.04800E+04
 19.0 1.88100E+04
 19.5 1.71900E+04
 20.0 3.51000E+04
 20.5 1.41300E+04
 21.0 1.26600E+04
 21.5 1.12400E+04
 22.0 9.86300E+03
 22.5 8.51800E+03
 23.0 1.03900E+04
 23.5 5.77900E+03
 24.0 4.59200E+03
 24.5 3.41900E+03
 25.0 2.26100E+03
 25.5 1.12100E+03
 26.0 0.00000E+00
