026K13D0R2
  0.5 0.00000E+00
  1.0 0.00000E+00
  1.5 0.00000E+00
  2.0 0.00000E+00
  2.5 0.00000E+00
  3.0 0.00000E+00
  3.5 4.43600E+04
  4.0 5.03700E+04
  4.5 5.70700E+04
  5.0 6.34300E+04
  5.5 6.88200E+04
  6.0 7.23800E+04
  6.5 7.23800E+04
  7.0 7.41800E+04
  7.5 7.43900E+04
  8.0 7.33700E+04
  8.5 7.14300E+04
  9.0 6.88500E+04
  9.5 6.58500E+04
 10.0 6.26300E+04
 10.5 5.93100E+04
 11.0 5.60000E+04
 11.5 5.27500E+04
 12.0 4.96100E+04
 12.5 4.66000E+04
 13.0 4.37400E+04
 13.5 4.10200E+04
 14.0 3.84400E+04
 14.5 3.60000E+04
 15.0 3.36800E+04
 15.5 3.14800E+04
 16.0 2.93900E+04
 16.5 2.74000E+04
 17.0 2.54900E+04
 17.5 2.36700E+04
 18.0 2.19200E+04
 18.5 2.02300E+04
 19.0 1.86000E+04
 19.5 1.70300E+04
 20.0 3.43000E+04
 20.5 1.40300E+04
 21.0 1.25900E+04
 21.5 1.11900E+04
 22.0 9.82000E+03
 22.5 8.48700E+03
 23.0 1.02900E+04
 23.5 5.70100E+03
 24.0 4.54500E+03
 24.5 3.39400E+03
 25.0 2.25000E+03
 25.5 1.11800E+03
 26.0 0.00000E+00
