026K11D0R2
  0.5 0.00000E+00
  1.0 0.00000E+00
  1.5 0.00000E+00
  2.0 0.00000E+00
  2.5 0.00000E+00
  3.0 0.00000E+00
  3.5 3.77800E+04
  4.0 4.24900E+04
  4.5 4.81500E+04
  5.0 5.37300E+04
  5.5 5.89200E+04
  6.0 6.28000E+04
  6.5 6.28000E+04
  7.0 6.53100E+04
  7.5 6.64300E+04
  8.0 6.64000E+04
  8.5 6.54200E+04
  9.0 6.37400E+04
  9.5 6.15400E+04
 10.0 5.90100E+04
 10.5 5.62800E+04
 11.0 5.34700E+04
 11.5 5.06500E+04
 12.0 4.78600E+04
 12.5 4.51500E+04
 13.0 4.25300E+04
 13.5 4.00100E+04
 14.0 3.76000E+04
 14.5 3.53000E+04
 15.0 3.31100E+04
 15.5 3.10000E+04
 16.0 2.90000E+04
 16.5 2.70700E+04
 17.0 2.52300E+04
 17.5 2.34500E+04
 18.0 2.17400E+04
 18.5 2.00900E+04
 19.0 1.84900E+04
 19.5 1.69400E+04
 20.0 3.38500E+04
 20.5 1.39700E+04
 21.0 1.25400E+04
 21.5 1.11500E+04
 22.0 9.79600E+03
 22.5 8.47000E+03
 23.0 1.02300E+04
 23.5 5.65600E+03
 24.0 4.51800E+03
 24.5 3.37900E+03
 25.0 2.24400E+03
 25.5 1.11700E+03
 26.0 0.00000E+00
