026K18D0R2
  0.5 0.00000E+00
  1.0 0.00000E+00
  1.5 0.00000E+00
  2.0 0.00000E+00
  2.5 0.00000E+00
  3.0 0.00000E+00
  3.5 6.13200E+04
  4.0 7.02300E+04
  4.5 7.87800E+04
  5.0 8.57800E+04
  5.5 9.03800E+04
  6.0 9.21800E+04
  6.5 9.21800E+04
  7.0 9.17000E+04
  7.5 8.95100E+04
  8.0 8.61900E+04
  8.5 8.21700E+04
  9.0 7.77800E+04
  9.5 7.32400E+04
 10.0 6.87300E+04
 10.5 6.43500E+04
 11.0 6.01500E+04
 11.5 5.61800E+04
 12.0 5.24400E+04
 12.5 4.89400E+04
 13.0 4.56700E+04
 13.5 4.26200E+04
 14.0 3.97600E+04
 14.5 3.70900E+04
 15.0 3.45800E+04
 15.5 3.22300E+04
 16.0 3.00000E+04
 16.5 2.79000E+04
 17.0 2.59100E+04
 17.5 2.40100E+04
 18.0 2.21900E+04
 18.5 2.04500E+04
 19.0 1.87800E+04
 19.5 1.71700E+04
 20.0 3.50000E+04
 20.5 1.41100E+04
 21.0 1.26500E+04
 21.5 1.12400E+04
 22.0 9.85800E+03
 22.5 8.51400E+03
 23.0 1.03800E+04
 23.5 5.77000E+03
 24.0 4.58700E+03
 24.5 3.41600E+03
 25.0 2.26000E+03
 25.5 1.12100E+03
 26.0 0.00000E+00
