026K16D0R2
  0.5 0.00000E+00
  1.0 0.00000E+00
  1.5 0.00000E+00
  2.0 0.00000E+00
  2.5 0.00000E+00
  3.0 0.00000E+00
  3.5 5.44700E+04
  4.0 6.23100E+04
  4.5 7.02700E+04
  5.0 7.72200E+04
  5.5 8.23100E+04
  6.0 8.49300E+04
  6.5 8.49300E+04
  7.0 8.54000E+04
  7.5 8.41500E+04
  8.0 8.17100E+04
  8.5 7.84500E+04
  9.0 7.47200E+04
  9.5 7.07300E+04
 10.0 6.66700E+04
 10.5 6.26500E+04
 11.0 5.87600E+04
 11.5 5.50300E+04
 12.0 5.15000E+04
 12.5 4.81700E+04
 13.0 4.50300E+04
 13.5 4.20900E+04
 14.0 3.93300E+04
 14.5 3.67300E+04
 15.0 3.42900E+04
 15.5 3.19800E+04
 16.0 2.98000E+04
 16.5 2.77400E+04
 17.0 2.57700E+04
 17.5 2.39000E+04
 18.0 2.21000E+04
 18.5 2.03800E+04
 19.0 1.87200E+04
 19.5 1.71300E+04
 20.0 3.47700E+04
 20.5 1.40800E+04
 21.0 1.26300E+04
 21.5 1.12200E+04
 22.0 9.84500E+03
 22.5 8.50500E+03
 23.0 1.03500E+04
 23.5 5.74700E+03
 24.0 4.57300E+03
 24.5 3.40900E+03
 25.0 2.25700E+03
 25.5 1.12000E+03
 26.0 0.00000E+00
