026K22D0R2
  0.5 0.00000E+00
  1.0 0.00000E+00
  1.5 0.00000E+00
  2.0 0.00000E+00
  2.5 0.00000E+00
  3.0 0.00000E+00
  3.5 7.50700E+04
  4.0 8.56900E+04
  4.5 9.47700E+04
  5.0 1.01200E+05
  5.5 1.04400E+05
  6.0 1.04400E+05
  6.5 1.04400E+05
  7.0 1.02100E+05
  7.5 9.81500E+04
  8.0 9.33000E+04
  8.5 8.79800E+04
  9.0 8.25100E+04
  9.5 7.71000E+04
 10.0 7.18700E+04
 10.5 6.69000E+04
 11.0 6.22400E+04
 11.5 5.78800E+04
 12.0 5.38400E+04
 12.5 5.00900E+04
 13.0 4.66100E+04
 13.5 4.33900E+04
 14.0 4.04000E+04
 14.5 3.76100E+04
 15.0 3.50200E+04
 15.5 3.25800E+04
 16.0 3.03000E+04
 16.5 2.81400E+04
 17.0 2.61000E+04
 17.5 2.41700E+04
 18.0 2.23200E+04
 18.5 2.05600E+04
 19.0 1.88700E+04
 19.5 1.72400E+04
 20.0 3.53400E+04
 20.5 1.41500E+04
 21.0 1.26900E+04
 21.5 1.12600E+04
 22.0 9.87500E+03
 22.5 8.52700E+03
 23.0 1.04200E+04
 23.5 5.80200E+03
 24.0 4.60600E+03
 24.5 3.42600E+03
 25.0 2.26400E+03
 25.5 1.12200E+03
 26.0 0.00000E+00
