027K16D0R2
  0.5 0.00000E+00
  1.0 0.00000E+00
  1.5 0.00000E+00
  2.0 0.00000E+00
  2.5 0.00000E+00
  3.0 0.00000E+00
  3.5 5.38900E+04
  4.0 6.17900E+04
  4.5 7.00200E+04
  5.0 7.74600E+04
  5.5 8.32000E+04
  6.0 8.64900E+04
  6.5 8.64900E+04
  7.0 8.75700E+04
  7.5 8.68200E+04
  8.0 8.47500E+04
  8.5 8.17400E+04
  9.0 7.81600E+04
  9.5 7.42400E+04
 10.0 7.01900E+04
 10.5 6.61300E+04
 11.0 6.21600E+04
 11.5 5.83500E+04
 12.0 5.47100E+04
 12.5 5.12700E+04
 13.0 4.80300E+04
 13.5 4.49800E+04
 14.0 4.21200E+04
 14.5 3.94300E+04
 15.0 3.69000E+04
 15.5 3.45200E+04
 16.0 3.22800E+04
 16.5 3.01500E+04
 17.0 2.81400E+04
 17.5 2.62200E+04
 18.0 2.43900E+04
 18.5 2.26400E+04
 19.0 2.09600E+04
 19.5 1.93500E+04
 20.0 4.92300E+04
 20.5 1.62800E+04
 21.0 1.48200E+04
 21.5 1.34100E+04
 22.0 1.20300E+04
 22.5 1.06900E+04
 23.0 1.45600E+04
 23.5 7.77400E+03
 24.0 6.63500E+03
 24.5 5.50200E+03
 25.0 4.37700E+03
 25.5 3.26200E+03
 26.0 2.15900E+03
 26.5 1.07200E+03
 27.0 0.00000E+00
