027K14D0R2
  0.5 0.00000E+00
  1.0 0.00000E+00
  1.5 0.00000E+00
  2.0 0.00000E+00
  2.5 0.00000E+00
  3.0 0.00000E+00
  3.5 4.72100E+04
  4.0 5.38700E+04
  4.5 6.12100E+04
  5.0 6.81900E+04
  5.5 7.40600E+04
  6.0 7.79400E+04
  6.5 7.79400E+04
  7.0 7.98900E+04
  7.5 8.01100E+04
  8.0 7.90000E+04
  8.5 7.68800E+04
  9.0 7.40800E+04
  9.5 7.08400E+04
 10.0 6.73600E+04
 10.5 6.37900E+04
 11.0 6.02200E+04
 11.5 5.67300E+04
 12.0 5.33700E+04
 12.5 5.01600E+04
 13.0 4.71000E+04
 13.5 4.42100E+04
 14.0 4.14800E+04
 14.5 3.89000E+04
 15.0 3.64600E+04
 15.5 3.41600E+04
 16.0 3.19700E+04
 16.5 2.99000E+04
 17.0 2.79300E+04
 17.5 2.60500E+04
 18.0 2.42500E+04
 18.5 2.25200E+04
 19.0 2.08700E+04
 19.5 1.92700E+04
 20.0 4.87300E+04
 20.5 1.62300E+04
 21.0 1.47800E+04
 21.5 1.33800E+04
 22.0 1.20100E+04
 22.5 1.06700E+04
 23.0 1.44900E+04
 23.5 7.72000E+03
 24.0 6.59700E+03
 24.5 5.47700E+03
 25.0 4.36200E+03
 25.5 3.25400E+03
 26.0 2.15600E+03
 26.5 1.07100E+03
 27.0 0.00000E+00
