027K10D0R2
  0.5 0.00000E+00
  1.0 0.00000E+00
  1.5 0.00000E+00
  2.0 0.00000E+00
  2.5 0.00000E+00
  3.0 0.00000E+00
  3.5 3.42700E+04
  4.0 3.82800E+04
  4.5 4.34300E+04
  5.0 4.86300E+04
  5.5 5.38100E+04
  6.0 5.80400E+04
  6.5 5.80400E+04
  7.0 6.12100E+04
  7.5 6.31300E+04
  8.0 6.39600E+04
  8.5 6.37900E+04
  9.0 6.28500E+04
  9.5 6.12800E+04
 10.0 5.92800E+04
 10.5 5.69800E+04
 11.0 5.45000E+04
 11.5 5.19400E+04
 12.0 4.93600E+04
 12.5 4.67900E+04
 13.0 4.42900E+04
 13.5 4.18600E+04
 14.0 3.95100E+04
 14.5 3.72500E+04
 15.0 3.50900E+04
 15.5 3.30100E+04
 16.0 3.10200E+04
 16.5 2.91000E+04
 17.0 2.72700E+04
 17.5 2.55000E+04
 18.0 2.38000E+04
 18.5 2.21500E+04
 19.0 2.05600E+04
 19.5 1.90200E+04
 20.0 4.71600E+04
 20.5 1.60700E+04
 21.0 1.46600E+04
 21.5 1.32800E+04
 22.0 1.19300E+04
 22.5 1.06200E+04
 23.0 1.42800E+04
 23.5 7.54700E+03
 24.0 6.47700E+03
 24.5 5.39700E+03
 25.0 4.31300E+03
 25.5 3.22800E+03
 26.0 2.14500E+03
 26.5 1.06800E+03
 27.0 0.00000E+00
