027K11D0R2
  0.5 0.00000E+00
  1.0 0.00000E+00
  1.5 0.00000E+00
  2.0 0.00000E+00
  2.5 0.00000E+00
  3.0 0.00000E+00
  3.5 3.74400E+04
  4.0 4.21300E+04
  4.5 4.78500E+04
  5.0 5.36000E+04
  5.5 5.90900E+04
  6.0 6.33700E+04
  6.5 6.33700E+04
  7.0 6.63300E+04
  7.5 6.78900E+04
  8.0 6.82500E+04
  8.5 6.75800E+04
  9.0 6.61500E+04
  9.5 6.41200E+04
 10.0 6.17000E+04
 10.5 5.90400E+04
 11.0 5.62400E+04
 11.5 5.34100E+04
 12.0 5.05900E+04
 12.5 4.78300E+04
 13.0 4.51600E+04
 13.5 4.25900E+04
 14.0 4.01200E+04
 14.5 3.77700E+04
 15.0 3.55200E+04
 15.5 3.33700E+04
 16.0 3.13200E+04
 16.5 2.93500E+04
 17.0 2.74800E+04
 17.5 2.56700E+04
 18.0 2.39400E+04
 18.5 2.22700E+04
 19.0 2.06600E+04
 19.5 1.91000E+04
 20.0 4.76500E+04
 20.5 1.61200E+04
 21.0 1.47000E+04
 21.5 1.33100E+04
 22.0 1.19600E+04
 22.5 1.06300E+04
 23.0 1.43500E+04
 23.5 7.60100E+03
 24.0 6.51500E+03
 24.5 5.42200E+03
 25.0 4.32800E+03
 25.5 3.23600E+03
 26.0 2.14800E+03
 26.5 1.06900E+03
 27.0 0.00000E+00
