027K13D0R2
  0.5 0.00000E+00
  1.0 0.00000E+00
  1.5 0.00000E+00
  2.0 0.00000E+00
  2.5 0.00000E+00
  3.0 0.00000E+00
  3.5 4.39200E+04
  4.0 4.99300E+04
  4.5 5.67600E+04
  5.0 6.34000E+04
  5.5 6.92300E+04
  6.0 7.33200E+04
  6.5 7.33200E+04
  7.0 7.56600E+04
  7.5 7.63500E+04
  8.0 7.57300E+04
  8.5 7.40800E+04
  9.0 7.17200E+04
  9.5 6.88500E+04
 10.0 6.57000E+04
 10.5 6.24000E+04
 11.0 5.90600E+04
 11.5 5.57700E+04
 12.0 5.25700E+04
 12.5 4.94900E+04
 13.0 4.65500E+04
 13.5 4.37500E+04
 14.0 4.10900E+04
 14.5 3.85800E+04
 15.0 3.61900E+04
 15.5 3.39300E+04
 16.0 3.17900E+04
 16.5 2.97400E+04
 17.0 2.78000E+04
 17.5 2.59400E+04
 18.0 2.41600E+04
 18.5 2.24500E+04
 19.0 2.08100E+04
 19.5 1.92200E+04
 20.0 4.84200E+04
 20.5 1.62000E+04
 21.0 1.47600E+04
 21.5 1.33600E+04
 22.0 1.19900E+04
 22.5 1.06600E+04
 23.0 1.44500E+04
 23.5 7.68600E+03
 24.0 6.57400E+03
 24.5 5.46100E+03
 25.0 4.35200E+03
 25.5 3.24900E+03
 26.0 2.15400E+03
 26.5 1.07000E+03
 27.0 0.00000E+00
