027K21D0R2
  0.5 0.00000E+00
  1.0 0.00000E+00
  1.5 0.00000E+00
  2.0 0.00000E+00
  2.5 0.00000E+00
  3.0 0.00000E+00
  3.5 7.08600E+04
  4.0 8.13800E+04
  4.5 9.10000E+04
  5.0 9.84800E+04
  5.5 1.03000E+05
  6.0 1.04200E+05
  6.5 1.04200E+05
  7.0 1.03000E+05
  7.5 9.98800E+04
  8.0 9.56700E+04
  8.5 9.08000E+04
  9.0 8.56300E+04
  9.5 8.03800E+04
 10.0 7.52300E+04
 10.5 7.02700E+04
 11.0 6.55700E+04
 11.5 6.11500E+04
 12.0 5.70200E+04
 12.5 5.31800E+04
 13.0 4.96100E+04
 13.5 4.62900E+04
 14.0 4.32000E+04
 14.5 4.03300E+04
 15.0 3.76500E+04
 15.5 3.51400E+04
 16.0 3.27900E+04
 16.5 3.05800E+04
 17.0 2.84900E+04
 17.5 2.65100E+04
 18.0 2.46300E+04
 18.5 2.28400E+04
 19.0 2.11200E+04
 19.5 1.94800E+04
 20.0 5.00700E+04
 20.5 1.63700E+04
 21.0 1.48900E+04
 21.5 1.34600E+04
 22.0 1.20700E+04
 22.5 1.07200E+04
 23.0 1.46700E+04
 23.5 7.86600E+03
 24.0 6.69900E+03
 24.5 5.54400E+03
 25.0 4.40200E+03
 25.5 3.27500E+03
 26.0 2.16500E+03
 26.5 1.07300E+03
 27.0 0.00000E+00
