028K11D0R2
  0.5 0.00000E+00
  1.0 0.00000E+00
  1.5 0.00000E+00
  2.0 0.00000E+00
  2.5 0.00000E+00
  3.0 0.00000E+00
  3.5 3.70700E+04
  4.0 4.17400E+04
  4.5 4.75000E+04
  5.0 5.33700E+04
  5.5 5.91100E+04
  6.0 6.37600E+04
  6.5 6.37600E+04
  7.0 6.71500E+04
  7.5 6.91500E+04
  8.0 6.99100E+04
  8.5 6.95800E+04
  9.0 6.84200E+04
  9.5 6.65900E+04
 10.0 6.43100E+04
 10.5 6.17200E+04
 11.0 5.89600E+04
 11.5 5.61300E+04
 12.0 5.33000E+04
 12.5 5.05000E+04
 13.0 4.77800E+04
 13.5 4.51500E+04
 14.0 4.26300E+04
 14.5 4.02200E+04
 15.0 3.79100E+04
 15.5 3.57100E+04
 16.0 3.36100E+04
 16.5 3.16000E+04
 17.0 2.96900E+04
 17.5 2.78500E+04
 18.0 2.60900E+04
 18.5 2.44000E+04
 19.0 2.27700E+04
 19.5 2.11900E+04
 20.0 6.33000E+04
 20.5 1.82000E+04
 21.0 1.67700E+04
 21.5 1.53800E+04
 22.0 1.40200E+04
 22.5 1.27100E+04
 23.0 1.87000E+04
 23.5 9.38400E+03
 24.0 8.35100E+03
 24.5 7.30700E+03
 25.0 6.25800E+03
 25.5 5.20500E+03
 26.0 4.15300E+03
 26.5 3.10400E+03
 27.0 2.06000E+03
 27.5 1.02500E+03
 28.0 0.00000E+00
