028K12D0R2
  0.5 0.00000E+00
  1.0 0.00000E+00
  1.5 0.00000E+00
  2.0 0.00000E+00
  2.5 0.00000E+00
  3.0 0.00000E+00
  3.5 4.02400E+04
  4.0 4.55800E+04
  4.5 5.19200E+04
  5.0 5.83200E+04
  5.5 6.43500E+04
  6.0 6.90100E+04
  6.5 6.90100E+04
  7.0 7.21800E+04
  7.5 7.37900E+04
  8.0 7.40700E+04
  8.5 7.32600E+04
  9.0 7.16000E+04
  9.5 6.93200E+04
 10.0 6.66400E+04
 10.5 6.37000E+04
 11.0 6.06300E+04
 11.5 5.75400E+04
 12.0 5.44800E+04
 12.5 5.15000E+04
 13.0 4.86200E+04
 13.5 4.58600E+04
 14.0 4.32300E+04
 14.5 4.07200E+04
 15.0 3.83300E+04
 15.5 3.60600E+04
 16.0 3.39100E+04
 16.5 3.18500E+04
 17.0 2.99000E+04
 17.5 2.80200E+04
 18.0 2.62300E+04
 18.5 2.45200E+04
 19.0 2.28700E+04
 19.5 2.12700E+04
 20.0 6.39300E+04
 20.5 1.82500E+04
 21.0 1.68100E+04
 21.5 1.54100E+04
 22.0 1.40500E+04
 22.5 1.27300E+04
 23.0 1.87900E+04
 23.5 9.45700E+03
 24.0 8.40600E+03
 24.5 7.34700E+03
 25.0 6.28600E+03
 25.5 5.22400E+03
 26.0 4.16400E+03
 26.5 3.11000E+03
 27.0 2.06300E+03
 27.5 1.02500E+03
 28.0 0.00000E+00
