028K17D0R2
  0.5 0.00000E+00
  1.0 0.00000E+00
  1.5 0.00000E+00
  2.0 0.00000E+00
  2.5 0.00000E+00
  3.0 0.00000E+00
  3.5 5.66000E+04
  4.0 6.51200E+04
  4.5 7.40000E+04
  5.0 8.20600E+04
  5.5 8.83000E+04
  6.0 9.19300E+04
  6.5 9.19300E+04
  7.0 9.31900E+04
  7.5 9.24800E+04
  8.0 9.03400E+04
  8.5 8.72000E+04
  9.0 8.34300E+04
  9.5 7.92800E+04
 10.0 7.49900E+04
 10.5 7.06800E+04
 11.0 6.64700E+04
 11.5 6.24200E+04
 12.0 5.85600E+04
 12.5 5.49100E+04
 13.0 5.14700E+04
 13.5 4.82500E+04
 14.0 4.52200E+04
 14.5 4.23900E+04
 15.0 3.97300E+04
 15.5 3.72400E+04
 16.0 3.48900E+04
 16.5 3.26800E+04
 17.0 3.05800E+04
 17.5 2.86000E+04
 18.0 2.67100E+04
 18.5 2.49100E+04
 19.0 2.31900E+04
 19.5 2.15500E+04
 20.0 6.60100E+04
 20.5 1.84300E+04
 21.0 1.69600E+04
 21.5 1.55300E+04
 22.0 1.41500E+04
 22.5 1.28000E+04
 23.0 1.90700E+04
 23.5 9.69800E+03
 24.0 8.58600E+03
 24.5 7.47800E+03
 25.0 6.37800E+03
 25.5 5.28400E+03
 26.0 4.20100E+03
 26.5 3.13000E+03
 27.0 2.07100E+03
 27.5 1.02700E+03
 28.0 0.00000E+00
