028K23D0R2
  0.5 0.00000E+00
  1.0 0.00000E+00
  1.5 0.00000E+00
  2.0 0.00000E+00
  2.5 0.00000E+00
  3.0 0.00000E+00
  3.5 7.67400E+04
  4.0 8.83500E+04
  4.5 9.88200E+04
  5.0 1.06900E+05
  5.5 1.11600E+05
  6.0 1.12800E+05
  6.5 1.12800E+05
  7.0 1.11200E+05
  7.5 1.07800E+05
  8.0 1.03100E+05
  8.5 9.78000E+04
  9.0 9.21600E+04
  9.5 8.64700E+04
 10.0 8.08900E+04
 10.5 7.55400E+04
 11.0 7.04700E+04
 11.5 6.57200E+04
 12.0 6.12800E+04
 12.5 5.71600E+04
 13.0 5.33400E+04
 13.5 4.98000E+04
 14.0 4.65200E+04
 14.5 4.34700E+04
 15.0 4.06300E+04
 15.5 3.79900E+04
 16.0 3.55200E+04
 16.5 3.32000E+04
 17.0 3.10200E+04
 17.5 2.89600E+04
 18.0 2.70100E+04
 18.5 2.51600E+04
 19.0 2.34000E+04
 19.5 2.17200E+04
 20.0 6.73400E+04
 20.5 1.85500E+04
 21.0 1.70500E+04
 21.5 1.56100E+04
 22.0 1.42100E+04
 22.5 1.28500E+04
 23.0 1.92400E+04
 23.5 9.85100E+03
 24.0 8.70100E+03
 24.5 7.56100E+03
 25.0 6.43500E+03
 25.5 5.32200E+03
 26.0 4.22400E+03
 26.5 3.14200E+03
 27.0 2.07600E+03
 27.5 1.02900E+03
 28.0 0.00000E+00
