029K10D0R2
  0.5 0.00000E+00
  1.0 0.00000E+00
  1.5 0.00000E+00
  2.0 0.00000E+00
  2.5 0.00000E+00
  3.0 0.00000E+00
  3.5 3.36200E+04
  4.0 3.75700E+04
  4.5 4.27500E+04
  5.0 4.80800E+04
  5.5 5.36200E+04
  6.0 5.84100E+04
  6.5 5.84100E+04
  7.0 6.22900E+04
  7.5 6.49900E+04
  8.0 6.65800E+04
  8.5 6.70900E+04
  9.0 6.67200E+04
  9.5 6.56000E+04
 10.0 6.39300E+04
 10.5 6.18500E+04
 11.0 5.95200E+04
 11.5 5.70100E+04
 12.0 5.44400E+04
 12.5 5.18500E+04
 13.0 4.92800E+04
 13.5 4.67700E+04
 14.0 4.43400E+04
 14.5 4.19900E+04
 15.0 3.97300E+04
 15.5 3.75600E+04
 16.0 3.54800E+04
 16.5 3.34900E+04
 17.0 3.15800E+04
 17.5 2.97500E+04
 18.0 2.79900E+04
 18.5 2.63000E+04
 19.0 2.46800E+04
 19.5 2.31100E+04
 20.0 7.95300E+04
 20.5 2.01200E+04
 21.0 1.87000E+04
 21.5 1.73100E+04
 22.0 1.59700E+04
 22.5 1.46600E+04
 23.0 2.31200E+04
 23.5 1.08900E+04
 24.0 9.93900E+03
 24.5 8.96800E+03
 25.0 7.98300E+03
 25.5 6.98900E+03
 26.0 5.98800E+03
 26.5 4.98400E+03
 27.0 3.97800E+03
 27.5 2.97500E+03
 28.0 1.97600E+03
 28.5 9.83300E+02
 29.0 0.00000E+00
