029K12D0R2
  0.5 0.00000E+00
  1.0 0.00000E+00
  1.5 0.00000E+00
  2.0 0.00000E+00
  2.5 0.00000E+00
  3.0 0.00000E+00
  3.5 3.98100E+04
  4.0 4.51000E+04
  4.5 5.14800E+04
  5.0 5.80100E+04
  5.5 6.43200E+04
  6.0 6.93800E+04
  6.5 6.93800E+04
  7.0 7.30100E+04
  7.5 7.50900E+04
  8.0 7.58000E+04
  8.5 7.53500E+04
  9.0 7.39700E+04
  9.5 7.19000E+04
 10.0 6.93600E+04
 10.5 6.65000E+04
 11.0 6.34700E+04
 11.5 6.03800E+04
 12.0 5.73000E+04
 12.5 5.42700E+04
 13.0 5.13300E+04
 13.5 4.85100E+04
 14.0 4.58100E+04
 14.5 4.32300E+04
 15.0 4.07800E+04
 15.5 3.84500E+04
 16.0 3.62300E+04
 16.5 3.41300E+04
 17.0 3.21200E+04
 17.5 3.02000E+04
 18.0 2.83800E+04
 18.5 2.66200E+04
 19.0 2.49500E+04
 19.5 2.33300E+04
 20.0 8.14700E+04
 20.5 2.02800E+04
 21.0 1.88300E+04
 21.5 1.74200E+04
 22.0 1.60500E+04
 22.5 1.47200E+04
 23.0 2.33800E+04
 23.5 1.11200E+04
 24.0 1.01200E+04
 24.5 9.10800E+03
 25.0 8.09000E+03
 25.5 7.06700E+03
 26.0 6.04300E+03
 26.5 5.02000E+03
 27.0 4.00000E+03
 27.5 2.98700E+03
 28.0 1.98100E+03
 28.5 9.84500E+02
 29.0 0.00000E+00
