029K11D0R2
  0.5 0.00000E+00
  1.0 0.00000E+00
  1.5 0.00000E+00
  2.0 0.00000E+00
  2.5 0.00000E+00
  3.0 0.00000E+00
  3.5 3.66900E+04
  4.0 4.13200E+04
  4.5 4.70900E+04
  5.0 5.30500E+04
  5.5 5.90100E+04
  6.0 6.39900E+04
  6.5 6.39900E+04
  7.0 6.77900E+04
  7.5 7.02200E+04
  8.0 7.13800E+04
  8.5 7.14200E+04
  9.0 7.05400E+04
  9.5 6.89400E+04
 10.0 6.68200E+04
 10.5 6.43300E+04
 11.0 6.16300E+04
 11.5 5.88200E+04
 12.0 5.59700E+04
 12.5 5.31500E+04
 13.0 5.03900E+04
 13.5 4.77100E+04
 14.0 4.51300E+04
 14.5 4.26600E+04
 15.0 4.03000E+04
 15.5 3.80400E+04
 16.0 3.58900E+04
 16.5 3.38300E+04
 17.0 3.18700E+04
 17.5 3.00000E+04
 18.0 2.82000E+04
 18.5 2.64800E+04
 19.0 2.48200E+04
 19.5 2.32300E+04
 20.0 8.05800E+04
 20.5 2.02100E+04
 21.0 1.87700E+04
 21.5 1.73700E+04
 22.0 1.60100E+04
 22.5 1.46900E+04
 23.0 2.32600E+04
 23.5 1.10200E+04
 24.0 1.00400E+04
 24.5 9.04400E+03
 25.0 8.04100E+03
 25.5 7.03100E+03
 26.0 6.01800E+03
 26.5 5.00300E+03
 27.0 3.99000E+03
 27.5 2.98100E+03
 28.0 1.97800E+03
 28.5 9.84000E+02
 29.0 0.00000E+00
