029K23D0R2
  0.5 0.00000E+00
  1.0 0.00000E+00
  1.5 0.00000E+00
  2.0 0.00000E+00
  2.5 0.00000E+00
  3.0 0.00000E+00
  3.5 7.57600E+04
  4.0 8.75700E+04
  4.5 9.85900E+04
  5.0 1.07500E+05
  5.5 1.13100E+05
  6.0 1.15100E+05
  6.5 1.15100E+05
  7.0 1.14300E+05
  7.5 1.11400E+05
  8.0 1.07100E+05
  8.5 1.01900E+05
  9.0 9.63800E+04
  9.5 9.06900E+04
 10.0 8.50500E+04
 10.5 7.96000E+04
 11.0 7.44000E+04
 11.5 6.95000E+04
 12.0 6.49100E+04
 12.5 6.06400E+04
 13.0 5.66600E+04
 13.5 5.29800E+04
 14.0 4.95600E+04
 14.5 4.63800E+04
 15.0 4.34300E+04
 15.5 4.06700E+04
 16.0 3.81100E+04
 16.5 3.57000E+04
 17.0 3.34400E+04
 17.5 3.13200E+04
 18.0 2.93100E+04
 18.5 2.74100E+04
 19.0 2.56000E+04
 19.5 2.38800E+04
 20.0 8.63000E+04
 20.5 2.06500E+04
 21.0 1.91300E+04
 21.5 1.76700E+04
 22.0 1.62600E+04
 22.5 1.48900E+04
 23.0 2.40400E+04
 23.5 1.17000E+04
 24.0 1.05700E+04
 24.5 9.45400E+03
 25.0 8.34900E+03
 25.5 7.25500E+03
 26.0 6.17500E+03
 26.5 5.10700E+03
 27.0 4.05300E+03
 27.5 3.01500E+03
 28.0 1.99300E+03
 28.5 9.87400E+02
 29.0 0.00000E+00
