029K20D0R2
  0.5 0.00000E+00
  1.0 0.00000E+00
  1.5 0.00000E+00
  2.0 0.00000E+00
  2.5 0.00000E+00
  3.0 0.00000E+00
  3.5 6.58000E+04
  4.0 7.60900E+04
  4.5 8.63400E+04
  5.0 9.52500E+04
  5.5 1.01700E+05
  6.0 1.05000E+05
  6.5 1.05000E+05
  7.0 1.05500E+05
  7.5 1.03900E+05
  8.0 1.00900E+05
  8.5 9.68000E+04
  9.0 9.21600E+04
  9.5 8.72200E+04
 10.0 8.22000E+04
 10.5 7.72500E+04
 11.0 7.24700E+04
 11.5 6.79000E+04
 12.0 6.35900E+04
 12.5 5.95400E+04
 13.0 5.57500E+04
 13.5 5.22200E+04
 14.0 4.89200E+04
 14.5 4.58500E+04
 15.0 4.29800E+04
 15.5 4.03000E+04
 16.0 3.77900E+04
 16.5 3.54400E+04
 17.0 3.32200E+04
 17.5 3.11300E+04
 18.0 2.91500E+04
 18.5 2.72800E+04
 19.0 2.54900E+04
 19.5 2.37900E+04
 20.0 8.55000E+04
 20.5 2.05900E+04
 21.0 1.90800E+04
 21.5 1.76300E+04
 22.0 1.62300E+04
 22.5 1.48600E+04
 23.0 2.39300E+04
 23.5 1.16000E+04
 24.0 1.05000E+04
 24.5 9.39700E+03
 25.0 8.30600E+03
 25.5 7.22400E+03
 26.0 6.15300E+03
 26.5 5.09300E+03
 27.0 4.04500E+03
 27.5 3.01000E+03
 28.0 1.99100E+03
 28.5 9.86900E+02
 29.0 0.00000E+00
