030K19D0R2
  0.5 0.00000E+00
  1.0 0.00000E+00
  1.5 0.00000E+00
  2.0 0.00000E+00
  2.5 0.00000E+00
  3.0 0.00000E+00
  3.5 6.16700E+04
  4.0 7.14000E+04
  4.5 8.15300E+04
  5.0 9.08600E+04
  5.5 9.81700E+04
  6.0 1.02600E+05
  6.5 1.02600E+05
  7.0 1.04300E+05
  7.5 1.03700E+05
  8.0 1.01600E+05
  8.5 9.82100E+04
  9.0 9.41100E+04
  9.5 8.95600E+04
 10.0 8.48100E+04
 10.5 8.00200E+04
 11.0 7.53300E+04
 11.5 7.08100E+04
 12.0 6.65000E+04
 12.5 6.24200E+04
 13.0 5.85800E+04
 13.5 5.49800E+04
 14.0 5.16200E+04
 14.5 4.84700E+04
 15.0 4.55300E+04
 15.5 4.27800E+04
 16.0 4.02000E+04
 16.5 3.77800E+04
 17.0 3.55100E+04
 17.5 3.33600E+04
 18.0 3.13400E+04
 18.5 2.94200E+04
 19.0 2.75900E+04
 19.5 2.58600E+04
 20.0 1.05500E+05
 20.5 2.26100E+04
 21.0 2.10800E+04
 21.5 1.96100E+04
 22.0 1.81900E+04
 22.5 1.68200E+04
 23.0 2.88700E+04
 23.5 1.32600E+04
 24.0 1.21900E+04
 24.5 1.11200E+04
 25.0 1.00700E+04
 25.5 9.01400E+03
 26.0 7.96900E+03
 26.5 6.93300E+03
 27.0 5.90600E+03
 27.5 4.88900E+03
 28.0 3.88400E+03
 28.5 2.89200E+03
 29.0 1.91300E+03
 29.5 9.48700E+02
 30.0 0.00000E+00
