030K17D0R2
  0.5 0.00000E+00
  1.0 0.00000E+00
  1.5 0.00000E+00
  2.0 0.00000E+00
  2.5 0.00000E+00
  3.0 0.00000E+00
  3.5 5.51900E+04
  4.0 6.36900E+04
  4.5 7.29000E+04
  5.0 8.17500E+04
  5.5 8.91800E+04
  6.0 9.41500E+04
  6.5 9.41500E+04
  7.0 9.67100E+04
  7.5 9.71300E+04
  8.0 9.58900E+04
  8.5 9.34000E+04
  9.0 9.00700E+04
  9.5 8.61800E+04
 10.0 8.19900E+04
 10.5 7.76800E+04
 11.0 7.33800E+04
 11.5 6.91800E+04
 12.0 6.51400E+04
 12.5 6.12800E+04
 13.0 5.76300E+04
 13.5 5.41800E+04
 14.0 5.09500E+04
 14.5 4.79100E+04
 15.0 4.50600E+04
 15.5 4.23800E+04
 16.0 3.98600E+04
 16.5 3.75000E+04
 17.0 3.52700E+04
 17.5 3.31600E+04
 18.0 3.11700E+04
 18.5 2.92700E+04
 19.0 2.74700E+04
 19.5 2.57500E+04
 20.0 1.04500E+05
 20.5 2.25300E+04
 21.0 2.10200E+04
 21.5 1.95600E+04
 22.0 1.81500E+04
 22.5 1.67900E+04
 23.0 2.87300E+04
 23.5 1.31300E+04
 24.0 1.20900E+04
 24.5 1.10500E+04
 25.0 1.00000E+04
 25.5 8.96600E+03
 26.0 7.93400E+03
 26.5 6.90700E+03
 27.0 5.88800E+03
 27.5 4.87700E+03
 28.0 3.87700E+03
 28.5 2.88800E+03
 29.0 1.91100E+03
 29.5 9.48300E+02
 30.0 0.00000E+00
