030K18D0R2
  0.5 0.00000E+00
  1.0 0.00000E+00
  1.5 0.00000E+00
  2.0 0.00000E+00
  2.5 0.00000E+00
  3.0 0.00000E+00
  3.5 5.84200E+04
  4.0 6.75400E+04
  4.5 7.72400E+04
  5.0 8.63600E+04
  5.5 9.37500E+04
  6.0 9.84600E+04
  6.5 9.84600E+04
  7.0 1.00600E+05
  7.5 1.00500E+05
  8.0 9.88300E+04
  8.5 9.59000E+04
  9.0 9.21700E+04
  9.5 8.79400E+04
 10.0 8.34600E+04
 10.5 7.89100E+04
 11.0 7.44000E+04
 11.5 7.00300E+04
 12.0 6.58500E+04
 12.5 6.18800E+04
 13.0 5.81300E+04
 13.5 5.46000E+04
 14.0 5.13000E+04
 14.5 4.82000E+04
 15.0 4.53100E+04
 15.5 4.25900E+04
 16.0 4.00400E+04
 16.5 3.76500E+04
 17.0 3.53900E+04
 17.5 3.32700E+04
 18.0 3.12600E+04
 18.5 2.93500E+04
 19.0 2.75400E+04
 19.5 2.58100E+04
 20.0 1.05000E+05
 20.5 2.25700E+04
 21.0 2.10500E+04
 21.5 1.95900E+04
 22.0 1.81700E+04
 22.5 1.68000E+04
 23.0 2.88100E+04
 23.5 1.32000E+04
 24.0 1.21400E+04
 24.5 1.10900E+04
 25.0 1.00400E+04
 25.5 8.99100E+03
 26.0 7.95200E+03
 26.5 6.92000E+03
 27.0 5.89700E+03
 27.5 4.88400E+03
 28.0 3.88100E+03
 28.5 2.89000E+03
 29.0 1.91200E+03
 29.5 9.48500E+02
 30.0 0.00000E+00
