030K14D0R2
  0.5 0.00000E+00
  1.0 0.00000E+00
  1.5 0.00000E+00
  2.0 0.00000E+00
  2.5 0.00000E+00
  3.0 0.00000E+00
  3.5 4.56100E+04
  4.0 5.21700E+04
  4.5 5.97500E+04
  5.0 6.74400E+04
  5.5 7.45600E+04
  6.0 8.00200E+04
  6.5 8.00200E+04
  7.0 8.36400E+04
  7.5 8.54200E+04
  8.0 8.56300E+04
  8.5 8.45700E+04
  9.0 8.25400E+04
  9.5 7.98100E+04
 10.0 7.66300E+04
 10.5 7.31700E+04
 11.0 6.96000E+04
 11.5 6.60100E+04
 12.0 6.24700E+04
 12.5 5.90400E+04
 13.0 5.57500E+04
 13.5 5.26000E+04
 14.0 4.96100E+04
 14.5 4.67800E+04
 15.0 4.41000E+04
 15.5 4.15700E+04
 16.0 3.91800E+04
 16.5 3.69200E+04
 17.0 3.47800E+04
 17.5 3.27500E+04
 18.0 3.08200E+04
 18.5 2.89800E+04
 19.0 2.72200E+04
 19.5 2.55400E+04
 20.0 1.02400E+05
 20.5 2.23900E+04
 21.0 2.09000E+04
 21.5 1.94600E+04
 22.0 1.80700E+04
 22.5 1.67200E+04
 23.0 2.84500E+04
 23.5 1.28900E+04
 24.0 1.18900E+04
 24.5 1.08900E+04
 25.0 9.87900E+03
 25.5 8.87000E+03
 26.0 7.86100E+03
 26.5 6.85400E+03
 27.0 5.85100E+03
 27.5 4.85300E+03
 28.0 3.86200E+03
 28.5 2.88000E+03
 29.0 1.90800E+03
 29.5 9.47500E+02
 30.0 0.00000E+00
