030K23D0R2
  0.5 0.00000E+00
  1.0 0.00000E+00
  1.5 0.00000E+00
  2.0 0.00000E+00
  2.5 0.00000E+00
  3.0 0.00000E+00
  3.5 7.47400E+04
  4.0 8.66800E+04
  4.5 9.81600E+04
  5.0 1.07800E+05
  5.5 1.14300E+05
  6.0 1.17200E+05
  6.5 1.17200E+05
  7.0 1.17100E+05
  7.5 1.14700E+05
  8.0 1.10800E+05
  8.5 1.05900E+05
  9.0 1.00500E+05
  9.5 9.48500E+04
 10.0 8.91800E+04
 10.5 8.36400E+04
 11.0 7.83300E+04
 11.5 7.32900E+04
 12.0 6.85600E+04
 12.5 6.41300E+04
 13.0 6.00100E+04
 13.5 5.61800E+04
 14.0 5.26200E+04
 14.5 4.93200E+04
 15.0 4.62400E+04
 15.5 4.33800E+04
 16.0 4.07100E+04
 16.5 3.82100E+04
 17.0 3.58700E+04
 17.5 3.36700E+04
 18.0 3.15900E+04
 18.5 2.96300E+04
 19.0 2.77700E+04
 19.5 2.60100E+04
 20.0 1.07000E+05
 20.5 2.27100E+04
 21.0 2.11700E+04
 21.5 1.96800E+04
 22.0 1.82500E+04
 22.5 1.68700E+04
 23.0 2.90800E+04
 23.5 1.34400E+04
 24.0 1.23400E+04
 24.5 1.12400E+04
 25.0 1.01600E+04
 25.5 9.08500E+03
 26.0 8.02200E+03
 26.5 6.97100E+03
 27.0 5.93300E+03
 27.5 4.90700E+03
 28.0 3.89500E+03
 28.5 2.89800E+03
 29.0 1.91500E+03
 29.5 9.49200E+02
 30.0 0.00000E+00
