031K19D0R2
  0.5 0.00000E+00
  1.0 0.00000E+00
  1.5 0.00000E+00
  2.0 0.00000E+00
  2.5 0.00000E+00
  3.0 0.00000E+00
  3.5 6.08400E+04
  4.0 7.05300E+04
  4.5 8.08400E+04
  5.0 9.05900E+04
  5.5 9.85300E+04
  6.0 1.03700E+05
  6.5 1.03700E+05
  7.0 1.06100E+05
  7.5 1.06100E+05
  8.0 1.04400E+05
  8.5 1.01400E+05
  9.0 9.75600E+04
  9.5 9.31500E+04
 10.0 8.84600E+04
 10.5 8.36800E+04
 11.0 7.89400E+04
 11.5 7.43400E+04
 12.0 6.99300E+04
 12.5 6.57400E+04
 13.0 6.17900E+04
 13.5 5.80700E+04
 14.0 5.45900E+04
 14.5 5.13300E+04
 15.0 4.82800E+04
 15.5 4.54200E+04
 16.0 4.27500E+04
 16.5 4.02400E+04
 17.0 3.78900E+04
 17.5 3.56700E+04
 18.0 3.35800E+04
 18.5 3.16000E+04
 19.0 2.97200E+04
 19.5 2.79400E+04
 20.0 1.27500E+05
 20.5 2.46100E+04
 21.0 2.30600E+04
 21.5 2.15600E+04
 22.0 2.01200E+04
 22.5 1.87400E+04
 23.0 3.40700E+04
 23.5 1.48500E+04
 24.0 1.38100E+04
 24.5 1.27800E+04
 25.0 1.17400E+04
 25.5 1.07100E+04
 26.0 9.69300E+03
 26.5 8.67800E+03
 27.0 7.67100E+03
 27.5 6.67300E+03
 28.0 5.68400E+03
 28.5 4.70600E+03
 29.0 3.73800E+03
 29.5 2.78300E+03
 30.0 1.84100E+03
 30.5 9.13300E+02
 31.0 0.00000E+00
