031K11D0R2
  0.5 0.00000E+00
  1.0 0.00000E+00
  1.5 0.00000E+00
  2.0 0.00000E+00
  2.5 0.00000E+00
  3.0 0.00000E+00
  3.5 3.58900E+04
  4.0 4.04200E+04
  4.5 4.61800E+04
  5.0 5.22200E+04
  5.5 5.85000E+04
  6.0 6.40300E+04
  6.5 6.40300E+04
  7.0 6.85700E+04
  7.5 7.18200E+04
  8.0 7.38100E+04
  8.5 7.45900E+04
  9.0 7.43600E+04
  9.5 7.32600E+04
 10.0 7.15200E+04
 10.5 6.93000E+04
 11.0 6.67700E+04
 11.5 6.40500E+04
 12.0 6.12300E+04
 12.5 5.83800E+04
 13.0 5.55500E+04
 13.5 5.27900E+04
 14.0 5.01100E+04
 14.5 4.75300E+04
 15.0 4.50500E+04
 15.5 4.26800E+04
 16.0 4.04200E+04
 16.5 3.82600E+04
 17.0 3.62000E+04
 17.5 3.42300E+04
 18.0 3.23500E+04
 18.5 3.05600E+04
 19.0 2.88400E+04
 19.5 2.71900E+04
 20.0 1.19400E+05
 20.5 2.40700E+04
 21.0 2.26000E+04
 21.5 2.11800E+04
 22.0 1.98000E+04
 22.5 1.84700E+04
 23.0 3.29500E+04
 23.5 1.39000E+04
 24.0 1.30200E+04
 24.5 1.21200E+04
 25.0 1.12100E+04
 25.5 1.02900E+04
 26.0 9.35900E+03
 26.5 8.42000E+03
 27.0 7.47700E+03
 27.5 6.53100E+03
 28.0 5.58500E+03
 28.5 4.64000E+03
 29.0 3.69800E+03
 29.5 2.76200E+03
 30.0 1.83200E+03
 30.5 9.11100E+02
 31.0 0.00000E+00
