031K10D0R2
  0.5 0.00000E+00
  1.0 0.00000E+00
  1.5 0.00000E+00
  2.0 0.00000E+00
  2.5 0.00000E+00
  3.0 0.00000E+00
  3.5 3.29200E+04
  4.0 3.67800E+04
  4.5 4.19300E+04
  5.0 4.73100E+04
  5.5 5.30700E+04
  6.0 5.82800E+04
  6.5 5.82800E+04
  7.0 6.27700E+04
  7.5 6.61900E+04
  8.0 6.85300E+04
  8.5 6.97600E+04
  9.0 7.00200E+04
  9.5 6.94200E+04
 10.0 6.81600E+04
 10.5 6.63900E+04
 11.0 6.42500E+04
 11.5 6.18800E+04
 12.0 5.93700E+04
 12.5 5.67800E+04
 13.0 5.41900E+04
 13.5 5.16200E+04
 14.0 4.91100E+04
 14.5 4.66800E+04
 15.0 4.43200E+04
 15.5 4.20600E+04
 16.0 3.98900E+04
 16.5 3.78000E+04
 17.0 3.58100E+04
 17.5 3.39000E+04
 18.0 3.20700E+04
 18.5 3.03100E+04
 19.0 2.86300E+04
 19.5 2.70100E+04
 20.0 1.17600E+05
 20.5 2.39500E+04
 21.0 2.25000E+04
 21.5 2.10900E+04
 22.0 1.97300E+04
 22.5 1.84100E+04
 23.0 3.26900E+04
 23.5 1.36800E+04
 24.0 1.28400E+04
 24.5 1.19800E+04
 25.0 1.10900E+04
 25.5 1.01900E+04
 26.0 9.28100E+03
 26.5 8.36000E+03
 27.0 7.43100E+03
 27.5 6.49700E+03
 28.0 5.56100E+03
 28.5 4.62400E+03
 29.0 3.68900E+03
 29.5 2.75700E+03
 30.0 1.83000E+03
 30.5 9.10600E+02
 31.0 0.00000E+00
