031K16D0R2
  0.5 0.00000E+00
  1.0 0.00000E+00
  1.5 0.00000E+00
  2.0 0.00000E+00
  2.5 0.00000E+00
  3.0 0.00000E+00
  3.5 5.13000E+04
  4.0 5.91100E+04
  4.5 6.78600E+04
  5.0 7.66300E+04
  5.5 8.44700E+04
  6.0 9.02400E+04
  6.5 9.02400E+04
  7.0 9.38000E+04
  7.5 9.52600E+04
  8.0 9.49900E+04
  8.5 9.33500E+04
  9.0 9.07200E+04
  9.5 8.73900E+04
 10.0 8.36300E+04
 10.5 7.96300E+04
 11.0 7.55500E+04
 11.5 7.15000E+04
 12.0 6.75500E+04
 12.5 6.37400E+04
 13.0 6.01000E+04
 13.5 5.66500E+04
 14.0 5.33900E+04
 14.5 5.03200E+04
 15.0 4.74200E+04
 15.5 4.47000E+04
 16.0 4.21400E+04
 16.5 3.97200E+04
 17.0 3.74400E+04
 17.5 3.52900E+04
 18.0 3.32600E+04
 18.5 3.13300E+04
 19.0 2.94900E+04
 19.5 2.77400E+04
 20.0 1.25300E+05
 20.5 2.44700E+04
 21.0 2.29400E+04
 21.5 2.14600E+04
 22.0 2.00400E+04
 22.5 1.86700E+04
 23.0 3.37800E+04
 23.5 1.46000E+04
 24.0 1.36000E+04
 24.5 1.26000E+04
 25.0 1.16000E+04
 25.5 1.06000E+04
 26.0 9.60600E+03
 26.5 8.61100E+03
 27.0 7.62100E+03
 27.5 6.63600E+03
 28.0 5.65800E+03
 28.5 4.68900E+03
 29.0 3.72800E+03
 29.5 2.77800E+03
 30.0 1.83900E+03
 30.5 9.12700E+02
 31.0 0.00000E+00
