031K13D0R2
  0.5 0.00000E+00
  1.0 0.00000E+00
  1.5 0.00000E+00
  2.0 0.00000E+00
  2.5 0.00000E+00
  3.0 0.00000E+00
  3.5 4.19600E+04
  4.0 4.78100E+04
  4.5 5.47900E+04
  5.0 6.20700E+04
  5.5 6.91900E+04
  6.0 7.50700E+04
  6.5 7.50700E+04
  7.0 7.94200E+04
  7.5 8.20900E+04
  8.0 8.32500E+04
  8.5 8.30700E+04
  9.0 8.18400E+04
  9.5 7.97900E+04
 10.0 7.71600E+04
 10.5 7.41500E+04
 11.0 7.09200E+04
 11.5 6.75800E+04
 12.0 6.42400E+04
 12.5 6.09400E+04
 13.0 5.77400E+04
 13.5 5.46500E+04
 14.0 5.17000E+04
 14.5 4.88800E+04
 15.0 4.62000E+04
 15.5 4.36600E+04
 16.0 4.12500E+04
 16.5 3.89700E+04
 17.0 3.68100E+04
 17.5 3.47500E+04
 18.0 3.28000E+04
 18.5 3.09300E+04
 19.0 2.91600E+04
 19.5 2.74600E+04
 20.0 1.22300E+05
 20.5 2.42700E+04
 21.0 2.27700E+04
 21.5 2.13200E+04
 22.0 1.99200E+04
 22.5 1.85700E+04
 23.0 3.33600E+04
 23.5 1.42400E+04
 24.0 1.33000E+04
 24.5 1.23600E+04
 25.0 1.14000E+04
 25.5 1.04400E+04
 26.0 9.48000E+03
 26.5 8.51300E+03
 27.0 7.54700E+03
 27.5 6.58200E+03
 28.0 5.62100E+03
 28.5 4.66400E+03
 29.0 3.71300E+03
 29.5 2.77000E+03
 30.0 1.83500E+03
 30.5 9.11900E+02
 31.0 0.00000E+00
