031K14D0R2
  0.5 0.00000E+00
  1.0 0.00000E+00
  1.5 0.00000E+00
  2.0 0.00000E+00
  2.5 0.00000E+00
  3.0 0.00000E+00
  3.5 4.50500E+04
  4.0 5.15500E+04
  4.5 5.91400E+04
  5.0 6.69700E+04
  5.5 7.44000E+04
  6.0 8.03200E+04
  6.5 8.03200E+04
  7.0 8.44700E+04
  7.5 8.67700E+04
  8.0 8.74600E+04
  8.5 8.67900E+04
  9.0 8.50700E+04
  9.5 8.25700E+04
 10.0 7.95400E+04
 10.5 7.61800E+04
 11.0 7.26400E+04
 11.5 6.90400E+04
 12.0 6.54800E+04
 12.5 6.19900E+04
 13.0 5.86300E+04
 13.5 5.54000E+04
 14.0 5.23300E+04
 14.5 4.94200E+04
 15.0 4.66600E+04
 15.5 4.40500E+04
 16.0 4.15900E+04
 16.5 3.92600E+04
 17.0 3.70500E+04
 17.5 3.49600E+04
 18.0 3.29700E+04
 18.5 3.10800E+04
 19.0 2.92800E+04
 19.5 2.75700E+04
 20.0 1.23400E+05
 20.5 2.43500E+04
 21.0 2.28300E+04
 21.5 2.13700E+04
 22.0 1.99700E+04
 22.5 1.86000E+04
 23.0 3.35200E+04
 23.5 1.43800E+04
 24.0 1.34200E+04
 24.5 1.24500E+04
 25.0 1.14800E+04
 25.5 1.05000E+04
 26.0 9.52800E+03
 26.5 8.55000E+03
 27.0 7.57500E+03
 27.5 6.60300E+03
 28.0 5.63500E+03
 28.5 4.67300E+03
 29.0 3.71900E+03
 29.5 2.77300E+03
 30.0 1.83700E+03
 30.5 9.12200E+02
 31.0 0.00000E+00
