031K18D0R2
  0.5 0.00000E+00
  1.0 0.00000E+00
  1.5 0.00000E+00
  2.0 0.00000E+00
  2.5 0.00000E+00
  3.0 0.00000E+00
  3.5 5.76400E+04
  4.0 6.67200E+04
  4.5 7.65400E+04
  5.0 8.60200E+04
  5.5 9.39900E+04
  6.0 9.93800E+04
  6.5 9.93800E+04
  7.0 1.02200E+05
  7.5 1.02700E+05
  8.0 1.01500E+05
  8.5 9.89400E+04
  9.0 9.54700E+04
  9.5 9.13900E+04
 10.0 8.69900E+04
 10.5 8.24500E+04
 11.0 7.79200E+04
 11.5 7.34900E+04
 12.0 6.92100E+04
 12.5 6.51400E+04
 13.0 6.12800E+04
 13.5 5.76500E+04
 14.0 5.42300E+04
 14.5 5.10300E+04
 15.0 4.80200E+04
 15.5 4.52100E+04
 16.0 4.25700E+04
 16.5 4.00900E+04
 17.0 3.77600E+04
 17.5 3.55600E+04
 18.0 3.34800E+04
 18.5 3.15200E+04
 19.0 2.96500E+04
 19.5 2.78800E+04
 20.0 1.26800E+05
 20.5 2.45700E+04
 21.0 2.30200E+04
 21.5 2.15300E+04
 22.0 2.01000E+04
 22.5 1.87200E+04
 23.0 3.39800E+04
 23.5 1.47800E+04
 24.0 1.37500E+04
 24.5 1.27300E+04
 25.0 1.17000E+04
 25.5 1.06800E+04
 26.0 9.66700E+03
 26.5 8.65800E+03
 27.0 7.65600E+03
 27.5 6.66200E+03
 28.0 5.67700E+03
 28.5 4.70100E+03
 29.0 3.73500E+03
 29.5 2.78200E+03
 30.0 1.84100E+03
 30.5 9.13100E+02
 31.0 0.00000E+00
