031K23D0R2
  0.5 0.00000E+00
  1.0 0.00000E+00
  1.5 0.00000E+00
  2.0 0.00000E+00
  2.5 0.00000E+00
  3.0 0.00000E+00
  3.5 7.36900E+04
  4.0 8.57000E+04
  4.5 9.75600E+04
  5.0 1.07900E+05
  5.5 1.15200E+05
  6.0 1.19000E+05
  6.5 1.19000E+05
  7.0 1.19600E+05
  7.5 1.17800E+05
  8.0 1.14400E+05
  8.5 1.09800E+05
  9.0 1.04500E+05
  9.5 9.89300E+04
 10.0 9.32600E+04
 10.5 8.76600E+04
 11.0 8.22500E+04
 11.5 7.70900E+04
 12.0 7.22200E+04
 12.5 6.76600E+04
 13.0 6.33900E+04
 13.5 5.94200E+04
 14.0 5.57200E+04
 14.5 5.22800E+04
 15.0 4.90800E+04
 15.5 4.61100E+04
 16.0 4.33300E+04
 16.5 4.07300E+04
 17.0 3.83000E+04
 17.5 3.60200E+04
 18.0 3.38700E+04
 18.5 3.18500E+04
 19.0 2.99400E+04
 19.5 2.81200E+04
 20.0 1.29400E+05
 20.5 2.47400E+04
 21.0 2.31700E+04
 21.5 2.16500E+04
 22.0 2.02000E+04
 22.5 1.88000E+04
 23.0 3.43400E+04
 23.5 1.50900E+04
 24.0 1.40100E+04
 24.5 1.29400E+04
 25.0 1.18700E+04
 25.5 1.08200E+04
 26.0 9.77500E+03
 26.5 8.74100E+03
 27.0 7.71800E+03
 27.5 6.70700E+03
 28.0 5.70800E+03
 28.5 4.72100E+03
 29.0 3.74800E+03
 29.5 2.78900E+03
 30.0 1.84300E+03
 30.5 9.13800E+02
 31.0 0.00000E+00
