031K20D0R2
  0.5 0.00000E+00
  1.0 0.00000E+00
  1.5 0.00000E+00
  2.0 0.00000E+00
  2.5 0.00000E+00
  3.0 0.00000E+00
  3.5 6.40400E+04
  4.0 7.43400E+04
  4.5 8.51000E+04
  5.0 9.50600E+04
  5.5 1.02900E+05
  6.0 1.07800E+05
  6.5 1.07800E+05
  7.0 1.09700E+05
  7.5 1.09300E+05
  8.0 1.07200E+05
  8.5 1.03700E+05
  9.0 9.95000E+04
  9.5 9.47700E+04
 10.0 8.98100E+04
 10.5 8.48000E+04
 11.0 7.98800E+04
 11.5 7.51200E+04
 12.0 7.05800E+04
 12.5 6.62900E+04
 13.0 6.22400E+04
 13.5 5.84600E+04
 14.0 5.49100E+04
 14.5 5.16000E+04
 15.0 4.85100E+04
 15.5 4.56200E+04
 16.0 4.29200E+04
 16.5 4.03800E+04
 17.0 3.80100E+04
 17.5 3.57700E+04
 18.0 3.36600E+04
 18.5 3.16700E+04
 19.0 2.97800E+04
 19.5 2.79900E+04
 20.0 1.28000E+05
 20.5 2.46500E+04
 21.0 2.30900E+04
 21.5 2.15900E+04
 22.0 2.01500E+04
 22.5 1.87500E+04
 23.0 3.41500E+04
 23.5 1.49200E+04
 24.0 1.38700E+04
 24.5 1.28200E+04
 25.0 1.17800E+04
 25.5 1.07400E+04
 26.0 9.71700E+03
 26.5 8.69600E+03
 27.0 7.68500E+03
 27.5 6.68300E+03
 28.0 5.69100E+03
 28.5 4.71000E+03
 29.0 3.74100E+03
 29.5 2.78500E+03
 30.0 1.84200E+03
 30.5 9.13400E+02
 31.0 0.00000E+00
