031K22D0R2
  0.5 0.00000E+00
  1.0 0.00000E+00
  1.5 0.00000E+00
  2.0 0.00000E+00
  2.5 0.00000E+00
  3.0 0.00000E+00
  3.5 7.04700E+04
  4.0 8.19300E+04
  4.5 9.34700E+04
  5.0 1.03700E+05
  5.5 1.11300E+05
  6.0 1.15400E+05
  6.5 1.15400E+05
  7.0 1.16500E+05
  7.5 1.15200E+05
  8.0 1.12100E+05
  8.5 1.07900E+05
  9.0 1.03000E+05
  9.5 9.76500E+04
 10.0 9.22000E+04
 10.5 8.67800E+04
 11.0 8.15200E+04
 11.5 7.64900E+04
 12.0 7.17200E+04
 12.5 6.72400E+04
 13.0 6.30400E+04
 13.5 5.91300E+04
 14.0 5.54800E+04
 14.5 5.20800E+04
 15.0 4.89100E+04
 15.5 4.59600E+04
 16.0 4.32000E+04
 16.5 4.06300E+04
 17.0 3.82100E+04
 17.5 3.59400E+04
 18.0 3.38100E+04
 18.5 3.18000E+04
 19.0 2.98900E+04
 19.5 2.80800E+04
 20.0 1.29000E+05
 20.5 2.47100E+04
 21.0 2.31400E+04
 21.5 2.16300E+04
 22.0 2.01800E+04
 22.5 1.87900E+04
 23.0 3.42900E+04
 23.5 1.50400E+04
 24.0 1.39700E+04
 24.5 1.29000E+04
 25.0 1.18400E+04
 25.5 1.08000E+04
 26.0 9.75700E+03
 26.5 8.72700E+03
 27.0 7.70800E+03
 27.5 6.70000E+03
 28.0 5.70300E+03
 28.5 4.71800E+03
 29.0 3.74600E+03
 29.5 2.78700E+03
 30.0 1.84300E+03
 30.5 9.13700E+02
 31.0 0.00000E+00
