032K19D0R2
  0.5 0.00000E+00
  1.0 0.00000E+00
  1.5 0.00000E+00
  2.0 0.00000E+00
  2.5 0.00000E+00
  3.0 0.00000E+00
  3.5 6.00000E+04
  4.0 6.96300E+04
  4.5 8.00600E+04
  5.0 9.01600E+04
  5.5 9.86900E+04
  6.0 1.04500E+05
  6.5 1.04500E+05
  7.0 1.07600E+05
  7.5 1.08300E+05
  8.0 1.07100E+05
  8.5 1.04500E+05
  9.0 1.00900E+05
  9.5 9.66500E+04
 10.0 9.20400E+04
 10.5 8.72800E+04
 11.0 8.25200E+04
 11.5 7.78600E+04
 12.0 7.33700E+04
 12.5 6.90700E+04
 13.0 6.50100E+04
 13.5 6.11800E+04
 14.0 5.75800E+04
 14.5 5.42100E+04
 15.0 5.10500E+04
 15.5 4.80900E+04
 16.0 4.53200E+04
 16.5 4.27200E+04
 17.0 4.02800E+04
 17.5 3.79800E+04
 18.0 3.58200E+04
 18.5 3.37700E+04
 19.0 3.18400E+04
 19.5 3.00100E+04
 20.0 1.50900E+05
 20.5 2.66000E+04
 21.0 2.50100E+04
 21.5 2.34800E+04
 22.0 2.20200E+04
 22.5 2.06100E+04
 23.0 3.94800E+04
 23.5 1.63700E+04
 24.0 1.53500E+04
 24.5 1.43400E+04
 25.0 1.33300E+04
 25.5 1.23200E+04
 26.0 1.13200E+04
 26.5 1.03300E+04
 27.0 9.34400E+03
 27.5 8.36400E+03
 28.0 7.39300E+03
 28.5 6.43100E+03
 29.0 5.47800E+03
 29.5 4.53500E+03
 30.0 3.60300E+03
 30.5 2.68300E+03
 31.0 1.77500E+03
 31.5 8.80400E+02
 32.0 0.00000E+00
