032K12D0R2
  0.5 0.00000E+00
  1.0 0.00000E+00
  1.5 0.00000E+00
  2.0 0.00000E+00
  2.5 0.00000E+00
  3.0 0.00000E+00
  3.5 3.84500E+04
  4.0 4.35800E+04
  4.5 4.99200E+04
  5.0 5.66300E+04
  5.5 6.35200E+04
  6.0 6.95600E+04
  6.5 6.95600E+04
  7.0 7.44300E+04
  7.5 7.78600E+04
  8.0 7.98900E+04
  8.5 8.06000E+04
  9.0 8.02100E+04
  9.5 7.89000E+04
 10.0 7.69200E+04
 10.5 7.44300E+04
 11.0 7.16300E+04
 11.5 6.86400E+04
 12.0 6.55500E+04
 12.5 6.24600E+04
 13.0 5.94000E+04
 13.5 5.64200E+04
 14.0 5.35300E+04
 14.5 5.07700E+04
 15.0 4.81200E+04
 15.5 4.55900E+04
 16.0 4.31900E+04
 16.5 4.09000E+04
 17.0 3.87200E+04
 17.5 3.66500E+04
 18.0 3.46800E+04
 18.5 3.28000E+04
 19.0 3.10100E+04
 19.5 2.93000E+04
 20.0 1.42700E+05
 20.5 2.60800E+04
 21.0 2.45700E+04
 21.5 2.31100E+04
 22.0 2.17000E+04
 22.5 2.03400E+04
 23.0 3.83400E+04
 23.5 1.54000E+04
 24.0 1.45400E+04
 24.5 1.36500E+04
 25.0 1.27600E+04
 25.5 1.18600E+04
 26.0 1.09500E+04
 26.5 1.00300E+04
 27.0 9.10400E+03
 27.5 8.17900E+03
 28.0 7.25400E+03
 28.5 6.32900E+03
 29.0 5.40600E+03
 29.5 4.48700E+03
 30.0 3.57400E+03
 30.5 2.66700E+03
 31.0 1.76800E+03
 31.5 8.78800E+02
 32.0 0.00000E+00
