030K08D0W2
  0.5 0.00000E+00
  1.0 0.00000E+00
  1.5 0.00000E+00
  2.0 0.00000E+00
  2.5 0.00000E+00
  3.0 0.00000E+00
  3.5 3.64132E+04
  4.0 4.63361E+04
  4.5 5.63724E+04
  5.0 6.65150E+04
  5.5 7.66776E+04
  6.0 8.65865E+04
  6.5 9.57771E+04
  7.0 1.03734E+05
  7.5 1.10055E+05
  8.0 1.14543E+05
  8.5 9.53122E+05
  9.0 1.18189E+05
  9.5 5.06920E+05
 10.0 4.24585E+05
 10.5 5.64410E+04
 11.0 5.79258E+04
 11.5 1.24072E+05
 12.0 4.31773E+04
 12.5 3.93899E+04
 13.0 4.04175E+04
 13.5 4.12677E+04
 14.0 4.19255E+04
 14.5 4.23817E+04
 15.0 4.26324E+04
 15.5 4.26786E+04
 16.0 4.25252E+04
 16.5 4.21804E+04
 17.0 4.16549E+04
 17.5 4.09605E+04
 18.0 4.01103E+04
 18.5 3.91176E+04
 19.0 3.79955E+04
 19.5 3.67571E+04
 20.0 3.54147E+04
 20.5 3.39800E+04
 21.0 3.24641E+04
 21.5 3.08773E+04
 22.0 2.92289E+04
 22.5 2.75278E+04
 23.0 2.57822E+04
 23.5 2.39994E+04
 24.0 2.21863E+04
 24.5 2.03493E+04
 25.0 1.84942E+04
 25.5 1.66266E+04
 26.0 1.47515E+04
 26.5 1.28736E+04
 27.0 1.09975E+04
 27.5 9.12737E+03
 28.0 7.26723E+03
 28.5 5.42093E+03
 29.0 3.59214E+03
 29.5 1.78440E+03
 30.0 1.48069E+02
