030K06D0W2
  0.5 0.00000E+00
  1.0 0.00000E+00
  1.5 0.00000E+00
  2.0 0.00000E+00
  2.5 0.00000E+00
  3.0 0.00000E+00
  3.5 2.53364E+04
  4.0 3.28013E+04
  4.5 4.02617E+04
  5.0 4.76976E+04
  5.5 5.50929E+04
  6.0 6.23968E+04
  6.5 6.94776E+04
  7.0 7.61111E+04
  7.5 8.20275E+04
  8.0 8.69857E+04
  8.5 7.80245E+05
  9.0 9.34984E+04
  9.5 4.34418E+05
 10.0 3.64126E+05
 10.5 4.20984E+04
 11.0 4.37346E+04
 11.5 9.70053E+04
 12.0 3.21763E+04
 12.5 2.93152E+04
 13.0 3.04039E+04
 13.5 3.14296E+04
 14.0 3.23691E+04
 14.5 3.31999E+04
 15.0 3.39018E+04
 15.5 3.44579E+04
 16.0 3.48557E+04
 16.5 3.50868E+04
 17.0 3.51471E+04
 17.5 3.50361E+04
 18.0 3.47567E+04
 18.5 3.43140E+04
 19.0 3.37153E+04
 19.5 3.29693E+04
 20.0 3.20857E+04
 20.5 3.10747E+04
 21.0 2.99468E+04
 21.5 2.87126E+04
 22.0 2.73825E+04
 22.5 2.59666E+04
 23.0 2.44747E+04
 23.5 2.29160E+04
 24.0 2.12994E+04
 24.5 1.96334E+04
 25.0 1.79257E+04
 25.5 1.61838E+04
 26.0 1.44147E+04
 26.5 1.26250E+04
 27.0 1.08209E+04
 27.5 9.00827E+03
 28.0 7.19262E+03
 28.5 5.37919E+03
 29.0 3.57297E+03
 29.5 1.77868E+03
 30.0 1.47777E+02
