030K17D0W2
  0.5 0.00000E+00
  1.0 0.00000E+00
  1.5 0.00000E+00
  2.0 0.00000E+00
  2.5 0.00000E+00
  3.0 0.00000E+00
  3.5 9.08600E+04
  4.0 1.13875E+05
  4.5 1.37714E+05
  5.0 1.60482E+05
  5.5 1.79719E+05
  6.0 1.93686E+05
  6.5 2.01869E+05
  7.0 2.04740E+05
  7.5 2.03274E+05
  8.0 1.98569E+05
  8.5 1.32997E+06
  9.0 1.83292E+05
  9.5 6.58835E+05
 10.0 5.52073E+05
 10.5 1.04360E+05
 11.0 1.02344E+05
 11.5 1.94068E+05
 12.0 7.97375E+04
 12.5 7.29570E+04
 13.0 7.18589E+04
 13.5 7.04539E+04
 14.0 6.87986E+04
 14.5 6.69429E+04
 15.0 6.49303E+04
 15.5 6.27973E+04
 16.0 6.05746E+04
 16.5 5.82872E+04
 17.0 5.59556E+04
 17.5 5.35962E+04
 18.0 5.12219E+04
 18.5 4.88429E+04
 19.0 4.64673E+04
 19.5 4.41009E+04
 20.0 4.17486E+04
 20.5 3.94136E+04
 21.0 3.70987E+04
 21.5 3.48057E+04
 22.0 3.25361E+04
 22.5 3.02908E+04
 23.0 2.80708E+04
 23.5 2.58766E+04
 24.0 2.37088E+04
 24.5 2.15679E+04
 25.0 1.94545E+04
 25.5 1.73691E+04
 26.0 1.53125E+04
 26.5 1.32852E+04
 27.0 1.12882E+04
 27.5 9.32243E+03
 28.0 7.38885E+03
 28.5 5.48866E+03
 29.0 3.62312E+03
 29.5 1.79361E+03
 30.0 1.48539E+02
