030K15D0W2
  0.5 0.00000E+00
  1.0 0.00000E+00
  1.5 0.00000E+00
  2.0 0.00000E+00
  2.5 0.00000E+00
  3.0 0.00000E+00
  3.5 7.80023E+04
  4.0 9.77625E+04
  4.5 1.18360E+05
  5.0 1.38702E+05
  5.5 1.56926E+05
  6.0 1.71322E+05
  6.5 1.81009E+05
  7.0 1.85989E+05
  7.5 1.86852E+05
  8.0 1.84440E+05
  8.5 1.27655E+06
  9.0 1.73147E+05
  9.5 6.37717E+05
 10.0 5.34221E+05
 10.5 9.58989E+04
 11.0 9.47742E+04
 11.5 1.83156E+05
 12.0 7.33059E+04
 12.5 6.70453E+04
 13.0 6.64958E+04
 13.5 6.56226E+04
 14.0 6.44727E+04
 14.5 6.30903E+04
 15.0 6.15152E+04
 15.5 5.97829E+04
 16.0 5.79242E+04
 16.5 5.59654E+04
 17.0 5.39287E+04
 17.5 5.18328E+04
 18.0 4.96930E+04
 18.5 4.75220E+04
 19.0 4.53301E+04
 19.5 4.31258E+04
 20.0 4.09158E+04
 20.5 3.87057E+04
 21.0 3.64998E+04
 21.5 3.43019E+04
 22.0 3.21149E+04
 22.5 2.99412E+04
 23.0 2.77829E+04
 23.5 2.56417E+04
 24.0 2.35192E+04
 24.5 2.14169E+04
 25.0 1.93360E+04
 25.5 1.72779E+04
 26.0 1.52438E+04
 26.5 1.32350E+04
 27.0 1.12529E+04
 27.5 9.29876E+03
 28.0 7.37413E+03
 28.5 5.48048E+03
 29.0 3.61938E+03
 29.5 1.79250E+03
 30.0 1.48483E+02
