030K10D0W2
  0.5 0.00000E+00
  1.0 0.00000E+00
  1.5 0.00000E+00
  2.0 0.00000E+00
  2.5 0.00000E+00
  3.0 0.00000E+00
  3.5 4.78271E+04
  4.0 6.03342E+04
  4.5 7.31498E+04
  5.0 8.62128E+04
  5.5 9.91643E+04
  6.0 1.11289E+05
  6.5 1.21752E+05
  7.0 1.29908E+05
  7.5 1.35468E+05
  8.0 1.38477E+05
  8.5 1.07793E+06
  9.0 1.38056E+05
  9.5 5.58040E+05
 10.0 4.67297E+05
 10.5 6.94752E+04
 11.0 7.04186E+04
 11.5 1.45500E+05
 12.0 5.31542E+04
 12.5 4.85394E+04
 13.0 4.92509E+04
 13.5 4.96995E+04
 14.0 4.98896E+04
 14.5 4.98314E+04
 15.0 4.95392E+04
 15.5 4.90297E+04
 16.0 4.83216E+04
 16.5 4.74336E+04
 17.0 4.63845E+04
 17.5 4.51924E+04
 18.0 4.38743E+04
 18.5 4.24460E+04
 19.0 4.09220E+04
 19.5 3.93154E+04
 20.0 3.76381E+04
 20.5 3.59007E+04
 21.0 3.41127E+04
 21.5 3.22827E+04
 22.0 3.04183E+04
 22.5 2.85263E+04
 23.0 2.66128E+04
 23.5 2.46834E+04
 24.0 2.27431E+04
 24.5 2.07964E+04
 25.0 1.88477E+04
 25.5 1.69007E+04
 26.0 1.49591E+04
 26.5 1.30263E+04
 27.0 1.11056E+04
 27.5 9.20003E+03
 28.0 7.31262E+03
 28.5 5.44625E+03
 29.0 3.60373E+03
 29.5 1.78785E+03
 30.0 1.48246E+02
