030K14D0W2
  0.5 0.00000E+00
  1.0 0.00000E+00
  1.5 0.00000E+00
  2.0 0.00000E+00
  2.5 0.00000E+00
  3.0 0.00000E+00
  3.5 7.17567E+04
  4.0 8.99647E+04
  4.5 1.08942E+05
  5.0 1.27926E+05
  5.5 1.45388E+05
  6.0 1.59730E+05
  6.5 1.69957E+05
  7.0 1.75865E+05
  7.5 1.77841E+05
  8.0 1.76581E+05
  8.5 1.24551E+06
  9.0 1.67387E+05
  9.5 6.25385E+05
 10.0 5.23823E+05
 10.5 9.12595E+04
 11.0 9.05799E+04
 11.5 1.76970E+05
 12.0 6.97748E+04
 12.5 6.38007E+04
 13.0 6.35246E+04
 13.5 6.29233E+04
 14.0 6.20373E+04
 14.5 6.09062E+04
 15.0 5.95671E+04
 15.5 5.80537E+04
 16.0 5.63961E+04
 16.5 5.46206E+04
 17.0 5.27498E+04
 17.5 5.08033E+04
 18.0 4.87974E+04
 18.5 4.67458E+04
 19.0 4.46601E+04
 19.5 4.25498E+04
 20.0 4.04227E+04
 20.5 3.82856E+04
 21.0 3.61439E+04
 21.5 3.40020E+04
 22.0 3.18637E+04
 22.5 2.97324E+04
 23.0 2.76107E+04
 23.5 2.55011E+04
 24.0 2.34056E+04
 24.5 2.13263E+04
 25.0 1.92648E+04
 25.5 1.72230E+04
 26.0 1.52024E+04
 26.5 1.32047E+04
 27.0 1.12315E+04
 27.5 9.28449E+03
 28.0 7.36525E+03
 28.5 5.47554E+03
 29.0 3.61713E+03
 29.5 1.79183E+03
 30.0 1.48449E+02
