030K19D0W2
  0.5 0.00000E+00
  1.0 0.00000E+00
  1.5 0.00000E+00
  2.0 0.00000E+00
  2.5 0.00000E+00
  3.0 0.00000E+00
  3.5 1.04260E+05
  4.0 1.30706E+05
  4.5 1.57685E+05
  5.0 1.82396E+05
  5.5 2.01970E+05
  6.0 2.14885E+05
  6.5 2.21135E+05
  7.0 2.21677E+05
  7.5 2.17834E+05
  8.0 2.10905E+05
  8.5 1.37434E+06
  9.0 1.91943E+05
  9.5 6.76291E+05
 10.0 5.66874E+05
 10.5 1.11866E+05
 11.0 1.08981E+05
 11.5 2.03397E+05
 12.0 8.54361E+04
 12.5 7.81967E+04
 13.0 7.65617E+04
 13.5 7.46497E+04
 14.0 7.25229E+04
 14.5 7.02340E+04
 15.0 6.78271E+04
 15.5 6.53381E+04
 16.0 6.27958E+04
 16.5 6.02231E+04
 17.0 5.76378E+04
 17.5 5.50535E+04
 18.0 5.24807E+04
 18.5 4.99268E+04
 19.0 4.73974E+04
 19.5 4.48963E+04
 20.0 4.24260E+04
 20.5 3.99882E+04
 21.0 3.75837E+04
 21.5 3.52129E+04
 22.0 3.28759E+04
 22.5 3.05724E+04
 23.0 2.83023E+04
 23.5 2.60652E+04
 24.0 2.38608E+04
 24.5 2.16889E+04
 25.0 1.95494E+04
 25.5 1.74421E+04
 26.0 1.53674E+04
 26.5 1.33254E+04
 27.0 1.13165E+04
 27.5 9.34131E+03
 28.0 7.40059E+03
 28.5 5.49517E+03
 29.0 3.62609E+03
 29.5 1.79449E+03
 30.0 1.48584E+02
