030K22D0W2
  0.5 0.00000E+00
  1.0 0.00000E+00
  1.5 0.00000E+00
  2.0 0.00000E+00
  2.5 0.00000E+00
  3.0 0.00000E+00
  3.5 1.25522E+05
  4.0 1.57326E+05
  4.5 1.88575E+05
  5.0 2.15159E+05
  5.5 2.34067E+05
  6.0 2.44489E+05
  6.5 2.47304E+05
  7.0 2.44162E+05
  7.5 2.36802E+05
  8.0 2.26728E+05
  8.5 1.42857E+06
  9.0 2.02783E+05
  9.5 6.97512E+05
 10.0 5.84934E+05
 10.5 1.21652E+05
 11.0 1.17531E+05
 11.5 2.15125E+05
 12.0 9.28540E+04
 12.5 8.50194E+04
 13.0 8.26200E+04
 13.5 8.00030E+04
 14.0 7.72338E+04
 14.5 7.43649E+04
 15.0 7.14381E+04
 15.5 6.84856E+04
 16.0 6.55321E+04
 16.5 6.25959E+04
 17.0 5.96903E+04
 17.5 5.68245E+04
 18.0 5.40047E+04
 18.5 5.12347E+04
 19.0 4.85164E+04
 19.5 4.58505E+04
 20.0 4.32368E+04
 20.5 4.06743E+04
 21.0 3.81616E+04
 21.5 3.56972E+04
 22.0 3.32793E+04
 22.5 3.09063E+04
 23.0 2.85765E+04
 23.5 2.62883E+04
 24.0 2.40404E+04
 24.5 2.18317E+04
 25.0 1.96611E+04
 25.5 1.75281E+04
 26.0 1.54320E+04
 26.5 1.33725E+04
 27.0 1.13496E+04
 27.5 9.36347E+03
 28.0 7.41435E+03
 28.5 5.50281E+03
 29.0 3.62957E+03
 29.5 1.79552E+03
 30.0 1.48637E+02
