031K06D0W2
  0.5 0.00000E+00
  1.0 0.00000E+00
  1.5 0.00000E+00
  2.0 0.00000E+00
  2.5 0.00000E+00
  3.0 0.00000E+00
  3.5 2.46353E+04
  4.0 3.19804E+04
  4.5 3.93348E+04
  5.0 4.66783E+04
  5.5 5.39981E+04
  6.0 6.12577E+04
  6.5 6.83524E+04
  7.0 7.50873E+04
  7.5 8.12080E+04
  8.0 8.64668E+04
  8.5 8.00483E+05
  9.0 9.37665E+04
  9.5 4.52014E+05
 10.0 3.78799E+05
 10.5 4.18822E+04
 11.0 4.35820E+04
 11.5 9.88268E+04
 12.0 3.19967E+04
 12.5 2.91295E+04
 13.0 3.02246E+04
 13.5 3.12681E+04
 14.0 3.22401E+04
 14.5 3.31196E+04
 15.0 3.38869E+04
 15.5 3.45249E+04
 16.0 3.50199E+04
 16.5 3.53621E+04
 17.0 3.55451E+04
 17.5 3.55668E+04
 18.0 3.54276E+04
 18.5 3.51308E+04
 19.0 3.46820E+04
 19.5 3.40882E+04
 20.0 3.33576E+04
 20.5 3.24991E+04
 21.0 3.15223E+04
 21.5 3.04367E+04
 22.0 2.92521E+04
 22.5 2.79779E+04
 23.0 2.66232E+04
 23.5 2.51970E+04
 24.0 2.37077E+04
 24.5 2.21632E+04
 25.0 2.05713E+04
 25.5 1.89390E+04
 26.0 1.72731E+04
 26.5 1.55800E+04
 27.0 1.38656E+04
 27.5 1.21355E+04
 28.0 1.03952E+04
 28.5 8.64960E+03
 29.0 6.90345E+03
 29.5 5.16130E+03
 30.0 3.42743E+03
 30.5 1.70597E+03
 31.0 1.41727E+02
