031K07D0W2
  0.5 0.00000E+00
  1.0 0.00000E+00
  1.5 0.00000E+00
  2.0 0.00000E+00
  2.5 0.00000E+00
  3.0 0.00000E+00
  3.5 2.99992E+04
  4.0 3.85375E+04
  4.5 4.71328E+04
  5.0 5.57751E+04
  5.5 6.44432E+04
  6.0 7.30391E+04
  6.5 8.13301E+04
  7.0 8.89697E+04
  7.5 9.55933E+04
  8.0 1.00920E+05
  8.5 9.01975E+05
  9.0 1.07248E+05
  9.5 4.95264E+05
 10.0 4.14850E+05
 10.5 4.92539E+04
 11.0 5.09860E+04
 11.5 1.14021E+05
 12.0 3.76487E+04
 12.5 3.42983E+04
 13.0 3.54325E+04
 13.5 3.64595E+04
 14.0 3.73588E+04
 14.5 3.81125E+04
 15.0 3.87066E+04
 15.5 3.91312E+04
 16.0 3.93807E+04
 16.5 3.94538E+04
 17.0 3.93524E+04
 17.5 3.90813E+04
 18.0 3.86476E+04
 18.5 3.80599E+04
 19.0 3.73282E+04
 19.5 3.64627E+04
 20.0 3.54743E+04
 20.5 3.43737E+04
 21.0 3.31714E+04
 21.5 3.18776E+04
 22.0 3.05022E+04
 22.5 2.90544E+04
 23.0 2.75429E+04
 23.5 2.59760E+04
 24.0 2.43611E+04
 24.5 2.27056E+04
 25.0 2.10161E+04
 25.5 1.92987E+04
 26.0 1.75593E+04
 26.5 1.58033E+04
 27.0 1.40357E+04
 27.5 1.22614E+04
 28.0 1.04848E+04
 28.5 8.71010E+03
 29.0 6.94142E+03
 29.5 5.18257E+03
 30.0 3.43722E+03
 30.5 1.70889E+03
 31.0 1.41876E+02
