031K12D0W2
  0.5 0.00000E+00
  1.0 0.00000E+00
  1.5 0.00000E+00
  2.0 0.00000E+00
  2.5 0.00000E+00
  3.0 0.00000E+00
  3.5 5.80483E+04
  4.0 7.30071E+04
  4.5 8.85303E+04
  5.0 1.04429E+05
  5.5 1.19983E+05
  6.0 1.34060E+05
  6.5 1.45584E+05
  7.0 1.53909E+05
  7.5 1.58907E+05
  8.0 1.60843E+05
  8.5 1.22709E+06
  9.0 1.57519E+05
  9.5 6.29282E+05
 10.0 5.26801E+05
 10.5 8.18103E+04
 11.0 8.22926E+04
 11.5 1.69162E+05
 12.0 6.25683E+04
 12.5 5.71438E+04
 13.0 5.75619E+04
 13.5 5.76685E+04
 14.0 5.74855E+04
 14.5 5.70382E+04
 15.0 5.63534E+04
 15.5 5.54582E+04
 16.0 5.43788E+04
 16.5 5.31398E+04
 17.0 5.17638E+04
 17.5 5.02712E+04
 18.0 4.86802E+04
 18.5 4.70069E+04
 19.0 4.52654E+04
 19.5 4.34677E+04
 20.0 4.16245E+04
 20.5 3.97449E+04
 21.0 3.78367E+04
 21.5 3.59066E+04
 22.0 3.39605E+04
 22.5 3.20034E+04
 23.0 3.00396E+04
 23.5 2.80731E+04
 24.0 2.61070E+04
 24.5 2.41446E+04
 25.0 2.21886E+04
 25.5 2.02413E+04
 26.0 1.83051E+04
 26.5 1.63823E+04
 27.0 1.44748E+04
 27.5 1.25847E+04
 28.0 1.07139E+04
 28.5 8.86437E+03
 29.0 7.03791E+03
 29.5 5.23647E+03
 30.0 3.46194E+03
 30.5 1.71626E+03
 31.0 1.42253E+02
