031K16D0W2
  0.5 0.00000E+00
  1.0 0.00000E+00
  1.5 0.00000E+00
  2.0 0.00000E+00
  2.5 0.00000E+00
  3.0 0.00000E+00
  3.5 8.21591E+04
  4.0 1.03055E+05
  4.5 1.24946E+05
  5.0 1.46630E+05
  5.5 1.66077E+05
  6.0 1.81442E+05
  6.5 1.91785E+05
  7.0 1.97115E+05
  7.5 1.98064E+05
  8.0 1.95534E+05
  8.5 1.37325E+06
  9.0 1.83603E+05
  9.5 6.87799E+05
 10.0 5.76023E+05
 10.5 1.02031E+05
 11.0 1.00798E+05
 11.5 1.97499E+05
 12.0 7.79945E+04
 12.5 7.13187E+04
 13.0 7.06930E+04
 13.5 6.97311E+04
 14.0 6.84854E+04
 14.5 6.70042E+04
 15.0 6.53313E+04
 15.5 6.35045E+04
 16.0 6.15568E+04
 16.5 5.95160E+04
 17.0 5.74052E+04
 17.5 5.52437E+04
 18.0 5.30472E+04
 18.5 5.08282E+04
 19.0 4.85971E+04
 19.5 4.63619E+04
 20.0 4.41289E+04
 20.5 4.19032E+04
 21.0 3.96886E+04
 21.5 3.74881E+04
 22.0 3.53041E+04
 22.5 3.31384E+04
 23.0 3.09922E+04
 23.5 2.88668E+04
 24.0 2.67631E+04
 24.5 2.46817E+04
 25.0 2.26234E+04
 25.5 2.05889E+04
 26.0 1.85788E+04
 26.5 1.65937E+04
 27.0 1.46344E+04
 27.5 1.27018E+04
 28.0 1.07966E+04
 28.5 8.91979E+03
 29.0 7.07246E+03
 29.5 5.25571E+03
 30.0 3.47075E+03
 30.5 1.71888E+03
 31.0 1.42386E+02
