031K13D0W2
  0.5 0.00000E+00
  1.0 0.00000E+00
  1.5 0.00000E+00
  2.0 0.00000E+00
  2.5 0.00000E+00
  3.0 0.00000E+00
  3.5 6.39203E+04
  4.0 8.02875E+04
  4.5 9.73511E+04
  5.0 1.14761E+05
  5.5 1.31497E+05
  6.0 1.46184E+05
  6.5 1.57691E+05
  7.0 1.65479E+05
  7.5 1.69592E+05
  8.0 1.70462E+05
  8.5 1.26987E+06
  9.0 1.64933E+05
  9.5 6.46503E+05
 10.0 5.41254E+05
 10.5 8.73221E+04
 11.0 8.73985E+04
 11.5 1.77214E+05
 12.0 6.67772E+04
 12.5 6.10093E+04
 13.0 6.11821E+04
 13.5 6.10276E+04
 14.0 6.05768E+04
 14.5 5.98621E+04
 15.0 5.89164E+04
 15.5 5.77709E+04
 16.0 5.64546E+04
 16.5 5.49940E+04
 17.0 5.34125E+04
 17.5 5.17311E+04
 18.0 4.99676E+04
 18.5 4.81376E+04
 19.0 4.62546E+04
 19.5 4.43296E+04
 20.0 4.23724E+04
 20.5 4.03911E+04
 21.0 3.83925E+04
 21.5 3.63823E+04
 22.0 3.43654E+04
 22.5 3.23460E+04
 23.0 3.03276E+04
 23.5 2.83134E+04
 24.0 2.63060E+04
 24.5 2.43077E+04
 25.0 2.23207E+04
 25.5 2.03471E+04
 26.0 1.83885E+04
 26.5 1.64467E+04
 27.0 1.45235E+04
 27.5 1.26205E+04
 28.0 1.07392E+04
 28.5 8.88132E+03
 29.0 7.04848E+03
 29.5 5.24236E+03
 30.0 3.46464E+03
 30.5 1.71706E+03
 31.0 1.42294E+02
