031K10D0W2
  0.5 0.00000E+00
  1.0 0.00000E+00
  1.5 0.00000E+00
  2.0 0.00000E+00
  2.5 0.00000E+00
  3.0 0.00000E+00
  3.5 4.65786E+04
  4.0 5.88577E+04
  4.5 7.14510E+04
  5.0 8.43323E+04
  5.5 9.72315E+04
  6.0 1.09529E+05
  6.5 1.20423E+05
  7.0 1.29226E+05
  7.5 1.35557E+05
  8.0 1.39370E+05
  8.5 1.12386E+06
  9.0 1.40386E+05
  9.5 5.87361E+05
 10.0 4.91704E+05
 10.5 6.97818E+04
 11.0 7.09691E+04
 11.5 1.50520E+05
 12.0 5.33723E+04
 12.5 4.87043E+04
 13.0 4.95423E+04
 13.5 5.01256E+04
 14.0 5.04561E+04
 14.5 5.05413E+04
 15.0 5.03934E+04
 15.5 5.00274E+04
 16.0 4.94605E+04
 16.5 4.87106E+04
 17.0 4.77958E+04
 17.5 4.67339E+04
 18.0 4.55415E+04
 18.5 4.42345E+04
 19.0 4.28274E+04
 19.5 4.13335E+04
 20.0 3.97646E+04
 20.5 3.81317E+04
 21.0 3.64443E+04
 21.5 3.47111E+04
 22.0 3.29398E+04
 22.5 3.11372E+04
 23.0 2.93096E+04
 23.5 2.74624E+04
 24.0 2.56006E+04
 24.5 2.37287E+04
 25.0 2.18508E+04
 25.5 1.99705E+04
 26.0 1.80915E+04
 26.5 1.62169E+04
 27.0 1.43497E+04
 27.5 1.24928E+04
 28.0 1.06489E+04
 28.5 8.82067E+03
 29.0 7.01063E+03
 29.5 5.22125E+03
 30.0 3.45497E+03
 30.5 1.71419E+03
 31.0 1.42147E+02
