031K19D0W2
  0.5 0.00000E+00
  1.0 0.00000E+00
  1.5 0.00000E+00
  2.0 0.00000E+00
  2.5 0.00000E+00
  3.0 0.00000E+00
  3.5 1.01487E+05
  4.0 1.27361E+05
  4.5 1.54126E+05
  5.0 1.79305E+05
  5.5 2.00034E+05
  6.0 2.14521E+05
  6.5 2.22442E+05
  7.0 2.24522E+05
  7.5 2.21962E+05
  8.0 2.16023E+05
  8.5 1.45054E+06
  9.0 1.98242E+05
  9.5 7.18387E+05
 10.0 6.01900E+05
 10.5 1.14399E+05
 11.0 1.11837E+05
 11.5 2.13446E+05
 12.0 8.74090E+04
 12.5 7.99785E+04
 13.0 7.85367E+04
 13.5 7.67900E+04
 14.0 7.48032E+04
 14.5 7.26320E+04
 15.0 7.03235E+04
 15.5 6.79167E+04
 16.0 6.54435E+04
 16.5 6.29291E+04
 17.0 6.03939E+04
 17.5 5.78533E+04
 18.0 5.53194E+04
 18.5 5.28012E+04
 19.0 5.03052E+04
 19.5 4.78361E+04
 20.0 4.53971E+04
 20.5 4.29902E+04
 21.0 4.06168E+04
 21.5 3.82773E+04
 22.0 3.59718E+04
 22.5 3.37003E+04
 23.0 3.14623E+04
 23.5 2.92573E+04
 24.0 2.70848E+04
 24.5 2.49444E+04
 25.0 2.28357E+04
 25.5 2.07582E+04
 26.0 1.87117E+04
 26.5 1.66962E+04
 27.0 1.47117E+04
 27.5 1.27583E+04
 28.0 1.08365E+04
 28.5 8.94650E+03
 29.0 7.08909E+03
 29.5 5.26496E+03
 30.0 3.47497E+03
 30.5 1.72013E+03
 31.0 1.42450E+02
