031K14D0W2
  0.5 0.00000E+00
  1.0 0.00000E+00
  1.5 0.00000E+00
  2.0 0.00000E+00
  2.5 0.00000E+00
  3.0 0.00000E+00
  3.5 6.98916E+04
  4.0 8.77168E+04
  4.5 1.06362E+05
  5.0 1.25254E+05
  5.5 1.43043E+05
  6.0 1.58145E+05
  6.5 1.69436E+05
  7.0 1.76528E+05
  7.5 1.79655E+05
  8.0 1.79412E+05
  8.5 1.30803E+06
  9.0 1.71701E+05
  9.5 6.61799E+05
 10.0 5.54113E+05
 10.5 9.25173E+04
 11.0 9.21673E+04
 11.5 1.84565E+05
 12.0 7.07416E+04
 12.5 6.46516E+04
 13.0 6.45654E+04
 13.5 6.41431E+04
 14.0 6.34238E+04
 14.5 6.24465E+04
 15.0 6.12485E+04
 15.5 5.98641E+04
 16.0 5.83244E+04
 16.5 5.66568E+04
 17.0 5.48853E+04
 17.5 5.30304E+04
 18.0 5.11096E+04
 18.5 4.91377E+04
 19.0 4.71271E+04
 19.5 4.50880E+04
 20.0 4.30291E+04
 20.5 4.09573E+04
 21.0 3.88784E+04
 21.5 3.67975E+04
 22.0 3.47183E+04
 22.5 3.26442E+04
 23.0 3.05780E+04
 23.5 2.85221E+04
 24.0 2.64785E+04
 24.5 2.44489E+04
 25.0 2.24351E+04
 25.5 2.04385E+04
 26.0 1.84605E+04
 26.5 1.65024E+04
 27.0 1.45655E+04
 27.5 1.26513E+04
 28.0 1.07609E+04
 28.5 8.89591E+03
 29.0 7.05758E+03
 29.5 5.24743E+03
 30.0 3.46696E+03
 30.5 1.71775E+03
 31.0 1.42329E+02
