031K22D0W2
  0.5 0.00000E+00
  1.0 0.00000E+00
  1.5 0.00000E+00
  2.0 0.00000E+00
  2.5 0.00000E+00
  3.0 0.00000E+00
  3.5 1.22124E+05
  4.0 1.53326E+05
  4.5 1.84639E+05
  5.0 2.12208E+05
  5.5 2.32801E+05
  6.0 2.45185E+05
  6.5 2.49885E+05
  7.0 2.48344E+05
  7.5 2.42231E+05
  8.0 2.33053E+05
  8.5 1.51076E+06
  9.0 2.10042E+05
  9.5 7.42058E+05
 10.0 6.22013E+05
 10.5 1.24903E+05
 11.0 1.21067E+05
 11.5 2.26346E+05
 12.0 9.53933E+04
 12.5 8.73270E+04
 13.0 8.51007E+04
 13.5 8.26237E+04
 14.0 7.99659E+04
 14.5 7.71843E+04
 15.0 7.43251E+04
 15.5 7.14245E+04
 16.0 6.85106E+04
 16.5 6.56047E+04
 17.0 6.27226E+04
 17.5 5.98756E+04
 18.0 5.70717E+04
 18.5 5.43158E+04
 19.0 5.16112E+04
 19.5 4.89591E+04
 20.0 4.63599E+04
 20.5 4.38131E+04
 21.0 4.13174E+04
 21.5 3.88714E+04
 22.0 3.64734E+04
 22.5 3.41215E+04
 23.0 3.18139E+04
 23.5 2.95489E+04
 24.0 2.73247E+04
 24.5 2.51400E+04
 25.0 2.29934E+04
 25.5 2.08838E+04
 26.0 1.88103E+04
 26.5 1.67722E+04
 27.0 1.47689E+04
 27.5 1.28002E+04
 28.0 1.08659E+04
 28.5 8.96622E+03
 29.0 7.10136E+03
 29.5 5.27178E+03
 30.0 3.47809E+03
 30.5 1.72106E+03
 31.0 1.42498E+02
