032K07D0W2
  0.5 0.00000E+00
  1.0 0.00000E+00
  1.5 0.00000E+00
  2.0 0.00000E+00
  2.5 0.00000E+00
  3.0 0.00000E+00
  3.5 2.92144E+04
  4.0 3.76154E+04
  4.5 4.60844E+04
  5.0 5.46118E+04
  5.5 6.31847E+04
  6.0 7.17318E+04
  6.5 8.00617E+04
  7.0 8.78621E+04
  7.5 9.47760E+04
  8.0 1.00502E+05
  8.5 9.27354E+05
  9.0 1.07795E+05
  9.5 5.15554E+05
 10.0 4.31771E+05
 10.5 4.90734E+04
 11.0 5.09075E+04
 11.5 1.16313E+05
 12.0 3.75108E+04
 12.5 3.41534E+04
 13.0 3.53180E+04
 13.5 3.63877E+04
 14.0 3.73433E+04
 14.5 3.81670E+04
 15.0 3.88442E+04
 15.5 3.93638E+04
 16.0 3.97190E+04
 16.5 3.99065E+04
 17.0 3.99264E+04
 17.5 3.97820E+04
 18.0 3.94786E+04
 18.5 3.90236E+04
 19.0 3.84255E+04
 19.5 3.76936E+04
 20.0 3.68380E+04
 20.5 3.58684E+04
 21.0 3.47950E+04
 21.5 3.36274E+04
 22.0 3.23749E+04
 22.5 3.10466E+04
 23.0 2.96508E+04
 23.5 2.81956E+04
 24.0 2.66883E+04
 24.5 2.51359E+04
 25.0 2.35450E+04
 25.5 2.19216E+04
 26.0 2.02713E+04
 26.5 1.85994E+04
 27.0 1.69108E+04
 27.5 1.52101E+04
 28.0 1.35016E+04
 28.5 1.17894E+04
 29.0 1.00774E+04
 29.5 8.36912E+03
 30.0 6.66810E+03
 30.5 4.97764E+03
 31.0 3.30094E+03
 31.5 1.64105E+03
 32.0 1.36243E+02
