032K09D0W2
  0.5 0.00000E+00
  1.0 0.00000E+00
  1.5 0.00000E+00
  2.0 0.00000E+00
  2.5 0.00000E+00
  3.0 0.00000E+00
  3.5 3.99298E+04
  4.0 5.07414E+04
  4.5 6.17687E+04
  5.0 7.30182E+04
  5.5 8.43992E+04
  6.0 9.55923E+04
  6.5 1.06047E+05
  7.0 1.15151E+05
  7.5 1.22426E+05
  8.0 1.27631E+05
  8.5 1.09917E+06
  9.0 1.31993E+05
  9.5 5.87738E+05
 10.0 4.91957E+05
 10.5 6.32995E+04
 11.0 6.49501E+04
 11.5 1.43526E+05
 12.0 4.84094E+04
 12.5 4.41274E+04
 13.0 4.52107E+04
 13.5 4.60926E+04
 14.0 4.67637E+04
 14.5 4.72197E+04
 15.0 4.74620E+04
 15.5 4.74961E+04
 16.0 4.73307E+04
 16.5 4.69773E+04
 17.0 4.64488E+04
 17.5 4.57591E+04
 18.0 4.49225E+04
 18.5 4.39528E+04
 19.0 4.28639E+04
 19.5 4.16686E+04
 20.0 4.03790E+04
 20.5 3.90064E+04
 21.0 3.75611E+04
 21.5 3.60525E+04
 22.0 3.44894E+04
 22.5 3.28794E+04
 23.0 3.12296E+04
 23.5 2.95465E+04
 24.0 2.78359E+04
 24.5 2.61030E+04
 25.0 2.43527E+04
 25.5 2.25893E+04
 26.0 2.08170E+04
 26.5 1.90393E+04
 27.0 1.72599E+04
 27.5 1.54818E+04
 28.0 1.37082E+04
 28.5 1.19419E+04
 29.0 1.01857E+04
 29.5 8.44222E+03
 30.0 6.71392E+03
 30.5 5.00330E+03
 31.0 3.31273E+03
 31.5 1.64457E+03
 32.0 1.36423E+02
