032K06D0W2
  0.5 0.00000E+00
  1.0 0.00000E+00
  1.5 0.00000E+00
  2.0 0.00000E+00
  2.5 0.00000E+00
  3.0 0.00000E+00
  3.5 2.39748E+04
  4.0 3.12043E+04
  4.5 3.84556E+04
  5.0 4.57080E+04
  5.5 5.29508E+04
  6.0 6.01580E+04
  6.5 6.72480E+04
  7.0 7.40542E+04
  7.5 8.03412E+04
  8.0 8.58615E+04
  8.5 8.18288E+05
  9.0 9.38878E+04
  9.5 4.68645E+05
 10.0 3.92674E+05
 10.5 4.16580E+04
 11.0 4.34155E+04
 11.5 1.00305E+05
 12.0 3.18291E+04
 12.5 2.89624E+04
 13.0 3.00613E+04
 13.5 3.11174E+04
 14.0 3.21135E+04
 14.5 3.30307E+04
 15.0 3.38504E+04
 15.5 3.45556E+04
 16.0 3.51320E+04
 16.5 3.55685E+04
 17.0 3.58576E+04
 17.5 3.59952E+04
 18.0 3.59799E+04
 18.5 3.58134E+04
 19.0 3.54994E+04
 19.5 3.50436E+04
 20.0 3.44526E+04
 20.5 3.37344E+04
 21.0 3.28973E+04
 21.5 3.19501E+04
 22.0 3.09017E+04
 22.5 2.97609E+04
 23.0 2.85363E+04
 23.5 2.72364E+04
 24.0 2.58691E+04
 24.5 2.44422E+04
 25.0 2.29631E+04
 25.5 2.14384E+04
 26.0 1.98750E+04
 26.5 1.82787E+04
 27.0 1.66555E+04
 27.5 1.50108E+04
 28.0 1.33496E+04
 28.5 1.16769E+04
 29.0 9.99726E+03
 29.5 8.31493E+03
 30.0 6.63405E+03
 30.5 4.95855E+03
 31.0 3.29215E+03
 31.5 1.63842E+03
 32.0 1.36108E+02
