032K21D0W2
  0.5 0.00000E+00
  1.0 0.00000E+00
  1.5 0.00000E+00
  2.0 0.00000E+00
  2.5 0.00000E+00
  3.0 0.00000E+00
  3.5 1.12103E+05
  4.0 1.40885E+05
  4.5 1.70569E+05
  5.0 1.98082E+05
  5.5 2.20193E+05
  6.0 2.35112E+05
  6.5 2.42726E+05
  7.0 2.44013E+05
  7.5 2.40384E+05
  8.0 2.33254E+05
  8.5 1.57199E+06
  9.0 2.13068E+05
  9.5 7.78686E+05
 10.0 6.52360E+05
 10.5 1.24400E+05
 11.0 1.21303E+05
 11.5 2.32826E+05
 12.0 9.50833E+04
 12.5 8.70113E+04
 13.0 8.52312E+04
 13.5 8.31484E+04
 14.0 8.08353E+04
 14.5 7.83525E+04
 15.0 7.57509E+04
 15.5 7.30716E+04
 16.0 7.03473E+04
 16.5 6.76040E+04
 17.0 6.48614E+04
 17.5 6.21347E+04
 18.0 5.94348E+04
 18.5 5.67698E+04
 19.0 5.41450E+04
 19.5 5.15638E+04
 20.0 4.90284E+04
 20.5 4.65393E+04
 21.0 4.40968E+04
 21.5 4.17001E+04
 22.0 3.93482E+04
 22.5 3.70398E+04
 23.0 3.47736E+04
 23.5 3.25480E+04
 24.0 3.03616E+04
 24.5 2.82129E+04
 25.0 2.61007E+04
 25.5 2.40239E+04
 26.0 2.19813E+04
 26.5 1.99721E+04
 27.0 1.79957E+04
 27.5 1.60515E+04
 28.0 1.41393E+04
 28.5 1.22587E+04
 29.0 1.04098E+04
 29.5 8.59283E+03
 30.0 6.80799E+03
 30.5 5.05578E+03
 31.0 3.33678E+03
 31.5 1.65173E+03
 32.0 1.36789E+02
