033K06D0W2
  0.5 0.00000E+00
  1.0 0.00000E+00
  1.5 0.00000E+00
  2.0 0.00000E+00
  2.5 0.00000E+00
  3.0 0.00000E+00
  3.5 2.33515E+04
  4.0 3.04697E+04
  4.5 3.76208E+04
  5.0 4.47837E+04
  5.5 5.19489E+04
  6.0 5.90983E+04
  6.5 6.61689E+04
  7.0 7.30210E+04
  7.5 7.94404E+04
  8.0 8.51853E+04
  8.5 8.33710E+05
  9.0 9.38769E+04
  9.5 4.84273E+05
 10.0 4.05718E+05
 10.5 4.14266E+04
 11.0 4.32367E+04
 11.5 1.01450E+05
 12.0 3.16713E+04
 12.5 2.88107E+04
 13.0 2.99128E+04
 13.5 3.09782E+04
 14.0 3.19927E+04
 14.5 3.29394E+04
 15.0 3.38012E+04
 15.5 3.45616E+04
 16.0 3.52062E+04
 16.5 3.57231E+04
 17.0 3.61037E+04
 17.5 3.63424E+04
 18.0 3.64365E+04
 18.5 3.63861E+04
 19.0 3.61933E+04
 19.5 3.58623E+04
 20.0 3.53986E+04
 20.5 3.48090E+04
 21.0 3.41008E+04
 21.5 3.32819E+04
 22.0 3.23605E+04
 22.5 3.13447E+04
 23.0 3.02427E+04
 23.5 2.90623E+04
 24.0 2.78114E+04
 24.5 2.64971E+04
 25.0 2.51267E+04
 25.5 2.37066E+04
 26.0 2.22433E+04
 26.5 2.07427E+04
 27.0 1.92103E+04
 27.5 1.76514E+04
 28.0 1.60711E+04
 28.5 1.44740E+04
 29.0 1.28645E+04
 29.5 1.12467E+04
 30.0 9.62467E+03
 30.5 8.00211E+03
 31.0 6.38258E+03
 31.5 4.76950E+03
 32.0 3.16611E+03
 32.5 1.57553E+03
 33.0 1.30879E+02
