033K12D0W2
  0.5 0.00000E+00
  1.0 0.00000E+00
  1.5 0.00000E+00
  2.0 0.00000E+00
  2.5 0.00000E+00
  3.0 0.00000E+00
  3.5 5.52238E+04
  4.0 6.96269E+04
  4.5 8.45953E+04
  5.0 1.00076E+05
  5.5 1.15611E+05
  6.0 1.30276E+05
  6.5 1.43002E+05
  7.0 1.52973E+05
  7.5 1.59821E+05
  8.0 1.63595E+05
  8.5 1.33202E+06
  9.0 1.63381E+05
  9.5 6.94408E+05
 10.0 5.81010E+05
 10.5 8.29405E+04
 11.0 8.40099E+04
 11.5 1.80656E+05
 12.0 6.34639E+04
 12.5 5.79078E+04
 13.0 5.86381E+04
 13.5 5.90573E+04
 14.0 5.91813E+04
 14.5 5.90309E+04
 15.0 5.86301E+04
 15.5 5.80043E+04
 16.0 5.71790E+04
 16.5 5.61786E+04
 17.0 5.50264E+04
 17.5 5.37437E+04
 18.0 5.23498E+04
 18.5 5.08620E+04
 19.0 4.92956E+04
 19.5 4.76638E+04
 20.0 4.59784E+04
 20.5 4.42494E+04
 21.0 4.24855E+04
 21.5 4.06940E+04
 22.0 3.88814E+04
 22.5 3.70532E+04
 23.0 3.52139E+04
 23.5 3.33676E+04
 24.0 3.15179E+04
 24.5 2.96677E+04
 25.0 2.78196E+04
 25.5 2.59760E+04
 26.0 2.41389E+04
 26.5 2.23103E+04
 27.0 2.04919E+04
 27.5 1.86853E+04
 28.0 1.68919E+04
 28.5 1.51133E+04
 29.0 1.33510E+04
 29.5 1.16061E+04
 30.0 9.88026E+03
 30.5 8.17471E+03
 31.0 6.49089E+03
 31.5 4.83018E+03
 32.0 3.19403E+03
 32.5 1.58388E+03
 33.0 1.31306E+02
