033K18D0W2
  0.5 0.00000E+00
  1.0 0.00000E+00
  1.5 0.00000E+00
  2.0 0.00000E+00
  2.5 0.00000E+00
  3.0 0.00000E+00
  3.5 9.02258E+04
  4.0 1.13354E+05
  4.5 1.37805E+05
  5.0 1.62170E+05
  5.5 1.84091E+05
  6.0 2.01451E+05
  6.5 2.13184E+05
  7.0 2.19303E+05
  7.5 2.20520E+05
  8.0 2.17840E+05
  8.5 1.57205E+06
  9.0 2.04772E+05
  9.5 7.91200E+05
 10.0 6.62339E+05
 10.5 1.14501E+05
 11.0 1.13084E+05
 11.5 2.26576E+05
 12.0 8.75963E+04
 12.5 8.00887E+04
 13.0 7.93229E+04
 13.5 7.81896E+04
 14.0 7.67520E+04
 14.5 7.50674E+04
 15.0 7.31869E+04
 15.5 7.11546E+04
 16.0 6.90079E+04
 16.5 6.67782E+04
 17.0 6.44912E+04
 17.5 6.21678E+04
 18.0 5.98249E+04
 18.5 5.74756E+04
 19.0 5.51303E+04
 19.5 5.27969E+04
 20.0 5.04813E+04
 20.5 4.81879E+04
 21.0 4.59197E+04
 21.5 4.36788E+04
 22.0 4.14667E+04
 22.5 3.92839E+04
 23.0 3.71309E+04
 23.5 3.50077E+04
 24.0 3.29139E+04
 24.5 3.08494E+04
 25.0 2.88136E+04
 25.5 2.68062E+04
 26.0 2.48267E+04
 26.5 2.28748E+04
 27.0 2.09501E+04
 27.5 1.90524E+04
 28.0 1.71817E+04
 28.5 1.53378E+04
 29.0 1.35208E+04
 29.5 1.17310E+04
 30.0 9.96866E+03
 30.5 8.23417E+03
 31.0 6.52805E+03
 31.5 4.85093E+03
 32.0 3.20354E+03
 32.5 1.58671E+03
 33.0 1.31451E+02
