033K11D0W2
  0.5 0.00000E+00
  1.0 0.00000E+00
  1.5 0.00000E+00
  2.0 0.00000E+00
  2.5 0.00000E+00
  3.0 0.00000E+00
  3.5 4.97194E+04
  4.0 6.28294E+04
  4.5 7.63735E+04
  5.0 9.03469E+04
  5.5 1.04481E+05
  6.0 1.18109E+05
  6.5 1.30336E+05
  7.0 1.40368E+05
  7.5 1.47741E+05
  8.0 1.52357E+05
  8.5 1.27463E+06
  9.0 1.54242E+05
  9.5 6.70912E+05
 10.0 5.61359E+05
 10.5 7.66818E+04
 11.0 7.80681E+04
 11.5 1.70478E+05
 12.0 5.86730E+04
 12.5 5.35127E+04
 13.0 5.44279E+04
 13.5 5.50648E+04
 14.0 5.54294E+04
 14.5 5.55337E+04
 15.0 5.53940E+04
 15.5 5.50292E+04
 16.0 5.44597E+04
 16.5 5.37062E+04
 17.0 5.27893E+04
 17.5 5.17285E+04
 18.0 5.05419E+04
 18.5 4.92464E+04
 19.0 4.78572E+04
 19.5 4.63879E+04
 20.0 4.48507E+04
 20.5 4.32562E+04
 21.0 4.16139E+04
 21.5 3.99321E+04
 22.0 3.82180E+04
 22.5 3.64779E+04
 23.0 3.47173E+04
 23.5 3.29411E+04
 24.0 3.11534E+04
 24.5 2.93581E+04
 25.0 2.75583E+04
 25.5 2.57571E+04
 26.0 2.39572E+04
 26.5 2.21608E+04
 27.0 2.03702E+04
 27.5 1.85875E+04
 28.0 1.68146E+04
 28.5 1.50534E+04
 29.0 1.33055E+04
 29.5 1.15727E+04
 30.0 9.85652E+03
 30.5 8.15873E+03
 31.0 6.48089E+03
 31.5 4.82459E+03
 32.0 3.19146E+03
 32.5 1.58311E+03
 33.0 1.31267E+02
