033K13D0W2
  0.5 0.00000E+00
  1.0 0.00000E+00
  1.5 0.00000E+00
  2.0 0.00000E+00
  2.5 0.00000E+00
  3.0 0.00000E+00
  3.5 6.08125E+04
  4.0 7.65499E+04
  4.5 9.29953E+04
  5.0 1.10006E+05
  5.5 1.26880E+05
  6.0 1.42426E+05
  6.5 1.55443E+05
  7.0 1.65148E+05
  7.5 1.71307E+05
  8.0 1.74131E+05
  8.5 1.38305E+06
  9.0 1.71755E+05
  9.5 7.15178E+05
 10.0 5.98405E+05
 10.5 8.88984E+04
 11.0 8.96073E+04
 11.5 1.89958E+05
 12.0 6.80230E+04
 12.5 6.20931E+04
 13.0 6.26102E+04
 13.5 6.27910E+04
 14.0 6.26612E+04
 14.5 6.22499E+04
 15.0 6.15880E+04
 15.5 6.07061E+04
 16.0 5.96338E+04
 16.5 5.83984E+04
 17.0 5.70250E+04
 17.5 5.55359E+04
 18.0 5.39509E+04
 18.5 5.22874E+04
 19.0 5.05602E+04
 19.5 4.87820E+04
 20.0 4.69639E+04
 20.5 4.51151E+04
 21.0 4.32432E+04
 21.5 4.13550E+04
 22.0 3.94558E+04
 22.5 3.75502E+04
 23.0 3.56422E+04
 23.5 3.37350E+04
 24.0 3.18313E+04
 24.5 2.99335E+04
 25.0 2.80437E+04
 25.5 2.61635E+04
 26.0 2.42945E+04
 26.5 2.24382E+04
 27.0 2.05959E+04
 27.5 1.87687E+04
 28.0 1.69578E+04
 28.5 1.51645E+04
 29.0 1.33897E+04
 29.5 1.16346E+04
 30.0 9.90045E+03
 30.5 8.18830E+03
 31.0 6.49939E+03
 31.5 4.83493E+03
 32.0 3.19621E+03
 32.5 1.58453E+03
 33.0 1.31339E+02
