033K15D0W2
  0.5 0.00000E+00
  1.0 0.00000E+00
  1.5 0.00000E+00
  2.0 0.00000E+00
  2.5 0.00000E+00
  3.0 0.00000E+00
  3.5 7.22647E+04
  4.0 9.08079E+04
  4.5 1.10353E+05
  5.0 1.30419E+05
  5.5 1.49691E+05
  6.0 1.66485E+05
  6.5 1.79492E+05
  7.0 1.88145E+05
  7.5 1.92557E+05
  8.0 1.93272E+05
  8.5 1.46986E+06
  9.0 1.86532E+05
  9.5 7.50268E+05
 10.0 6.27857E+05
 10.5 9.99389E+04
 11.0 9.98396E+04
 11.5 2.06348E+05
 12.0 7.64673E+04
 12.5 6.98517E+04
 13.0 6.98846E+04
 13.5 6.95520E+04
 14.0 6.88970E+04
 14.5 6.79629E+04
 15.0 6.67915E+04
 15.5 6.54211E+04
 16.0 6.38865E+04
 16.5 6.22183E+04
 17.0 6.04432E+04
 17.5 5.85842E+04
 18.0 5.66605E+04
 18.5 5.46884E+04
 19.0 5.26814E+04
 19.5 5.06505E+04
 20.0 4.86049E+04
 20.5 4.65518E+04
 21.0 4.44972E+04
 21.5 4.24458E+04
 22.0 4.04013E+04
 22.5 3.83667E+04
 23.0 3.63443E+04
 23.5 3.43360E+04
 24.0 3.23432E+04
 24.5 3.03670E+04
 25.0 2.84085E+04
 25.5 2.64683E+04
 26.0 2.45471E+04
 26.5 2.26456E+04
 27.0 2.07643E+04
 27.5 1.89037E+04
 28.0 1.70644E+04
 28.5 1.52470E+04
 29.0 1.34522E+04
 29.5 1.16806E+04
 30.0 9.93299E+03
 30.5 8.21019E+03
 31.0 6.51307E+03
 31.5 4.84257E+03
 32.0 3.19971E+03
 32.5 1.58557E+03
 33.0 1.31393E+02
