033K21D0W2
  0.5 0.00000E+00
  1.0 0.00000E+00
  1.5 0.00000E+00
  2.0 0.00000E+00
  2.5 0.00000E+00
  3.0 0.00000E+00
  3.5 1.09306E+05
  4.0 1.37472E+05
  4.5 1.66889E+05
  5.0 1.94832E+05
  5.5 2.18085E+05
  6.0 2.34594E+05
  6.5 2.43919E+05
  7.0 2.46796E+05
  7.5 2.44505E+05
  8.0 2.38418E+05
  8.5 1.65111E+06
  9.0 2.19502E+05
  9.5 8.22614E+05
 10.0 6.88919E+05
 10.5 1.27020E+05
 11.0 1.24267E+05
 11.5 2.42948E+05
 12.0 9.71558E+04
 12.5 8.88912E+04
 13.0 8.73092E+04
 13.5 8.53926E+04
 14.0 8.32161E+04
 14.5 8.08441E+04
 15.0 7.83309E+04
 15.5 7.57211E+04
 16.0 7.30508E+04
 16.5 7.03489E+04
 17.0 6.76380E+04
 17.5 6.49353E+04
 18.0 6.22539E+04
 18.5 5.96034E+04
 19.0 5.69906E+04
 19.5 5.44200E+04
 20.0 5.18944E+04
 20.5 4.94153E+04
 21.0 4.69832E+04
 21.5 4.45978E+04
 22.0 4.22584E+04
 22.5 3.99638E+04
 23.0 3.77125E+04
 23.5 3.55032E+04
 24.0 3.33341E+04
 24.5 3.12038E+04
 25.0 2.91108E+04
 25.5 2.70537E+04
 26.0 2.50312E+04
 26.5 2.30422E+04
 27.0 2.10857E+04
 27.5 1.91608E+04
 28.0 1.72670E+04
 28.5 1.54038E+04
 29.0 1.35707E+04
 29.5 1.17676E+04
 30.0 9.99453E+03
 30.5 8.25154E+03
 31.0 6.53889E+03
 31.5 4.85698E+03
 32.0 3.20631E+03
 32.5 1.58754E+03
 33.0 1.31493E+02
