033K20D0W2
  0.5 0.00000E+00
  1.0 0.00000E+00
  1.5 0.00000E+00
  2.0 0.00000E+00
  2.5 0.00000E+00
  3.0 0.00000E+00
  3.5 1.02808E+05
  4.0 1.29247E+05
  4.5 1.57022E+05
  5.0 1.83873E+05
  5.5 2.06832E+05
  6.0 2.23767E+05
  6.5 2.33996E+05
  7.0 2.38008E+05
  7.5 2.36903E+05
  8.0 2.31942E+05
  8.5 1.62680E+06
  9.0 2.14916E+05
  9.5 8.12977E+05
 10.0 6.80753E+05
 10.5 1.23049E+05
 11.0 1.20739E+05
 11.5 2.37846E+05
 12.0 9.41248E+04
 12.5 8.60993E+04
 13.0 8.47883E+04
 13.5 8.31288E+04
 14.0 8.11925E+04
 14.5 7.90421E+04
 15.0 7.67314E+04
 15.5 7.43052E+04
 16.0 7.18005E+04
 16.5 6.92473E+04
 17.0 6.66692E+04
 17.5 6.40850E+04
 18.0 6.15089E+04
 18.5 5.89518E+04
 19.0 5.64218E+04
 19.5 5.39243E+04
 20.0 5.14634E+04
 20.5 4.90413E+04
 21.0 4.66595E+04
 21.5 4.43184E+04
 22.0 4.20179E+04
 22.5 3.97574E+04
 23.0 3.75361E+04
 23.5 3.53530E+04
 24.0 3.32068E+04
 24.5 3.10965E+04
 25.0 2.90209E+04
 25.5 2.69788E+04
 26.0 2.49694E+04
 26.5 2.29916E+04
 27.0 2.10447E+04
 27.5 1.91281E+04
 28.0 1.72413E+04
 28.5 1.53838E+04
 29.0 1.35556E+04
 29.5 1.17566E+04
 30.0 9.98673E+03
 30.5 8.24630E+03
 31.0 6.53562E+03
 31.5 4.85515E+03
 32.0 3.20548E+03
 32.5 1.58729E+03
 33.0 1.31480E+02
