034K15D0W2
  0.5 0.00000E+00
  1.0 0.00000E+00
  1.5 0.00000E+00
  2.0 0.00000E+00
  2.5 0.00000E+00
  3.0 0.00000E+00
  3.5 7.05731E+04
  4.0 8.87507E+04
  4.5 1.07937E+05
  5.0 1.27799E+05
  5.5 1.47207E+05
  6.0 1.64555E+05
  6.5 1.78462E+05
  7.0 1.88205E+05
  7.5 1.93744E+05
  8.0 1.95508E+05
  8.5 1.53151E+06
  9.0 1.90407E+05
  9.5 7.87112E+05
 10.0 6.58520E+05
 10.5 1.00963E+05
 11.0 1.01213E+05
 11.5 2.13228E+05
 12.0 7.73009E+04
 12.5 7.05937E+04
 13.0 7.08174E+04
 13.5 7.06640E+04
 14.0 7.01747E+04
 14.5 6.93916E+04
 15.0 6.83563E+04
 15.5 6.71077E+04
 16.0 6.56815E+04
 16.5 6.41095E+04
 17.0 6.24197E+04
 17.5 6.06365E+04
 18.0 5.87806E+04
 18.5 5.68694E+04
 19.0 5.49175E+04
 19.5 5.29372E+04
 20.0 5.09384E+04
 20.5 4.89291E+04
 21.0 4.69160E+04
 21.5 4.49042E+04
 22.0 4.28980E+04
 22.5 4.09006E+04
 23.0 3.89146E+04
 23.5 3.69421E+04
 24.0 3.49846E+04
 24.5 3.30433E+04
 25.0 3.11191E+04
 25.5 2.92127E+04
 26.0 2.73247E+04
 26.5 2.54557E+04
 27.0 2.36059E+04
 27.5 2.17759E+04
 28.0 1.99659E+04
 28.5 1.81764E+04
 29.0 1.64079E+04
 29.5 1.46607E+04
 30.0 1.29354E+04
 30.5 1.12325E+04
 31.0 9.55266E+03
 31.5 7.89660E+03
 32.0 6.26505E+03
 32.5 4.65882E+03
 33.0 3.07880E+03
 33.5 1.52593E+03
 34.0 1.26465E+02
