034K14D0W2
  0.5 0.00000E+00
  1.0 0.00000E+00
  1.5 0.00000E+00
  2.0 0.00000E+00
  2.5 0.00000E+00
  3.0 0.00000E+00
  3.5 6.49365E+04
  4.0 8.17259E+04
  4.5 9.93690E+04
  5.0 1.17688E+05
  5.5 1.35858E+05
  6.0 1.52530E+05
  6.5 1.66389E+05
  7.0 1.76617E+05
  7.5 1.83002E+05
  8.0 1.85805E+05
  8.5 1.48674E+06
  9.0 1.82881E+05
  9.5 7.68970E+05
 10.0 6.43297E+05
 10.5 9.53628E+04
 11.0 9.60115E+04
 11.5 2.04809E+05
 12.0 7.30136E+04
 12.5 6.66543E+04
 13.0 6.71162E+04
 13.5 6.72168E+04
 14.0 6.69882E+04
 14.5 6.64655E+04
 15.0 6.56847E+04
 15.5 6.46806E+04
 16.0 6.34863E+04
 16.5 6.21318E+04
 17.0 6.06444E+04
 17.5 5.90479E+04
 18.0 5.73633E+04
 18.5 5.56085E+04
 19.0 5.37989E+04
 19.5 5.19473E+04
 20.0 5.00646E+04
 20.5 4.81599E+04
 21.0 4.62407E+04
 21.5 4.43130E+04
 22.0 4.23819E+04
 22.5 4.04516E+04
 23.0 3.85252E+04
 23.5 3.66057E+04
 24.0 3.46951E+04
 24.5 3.27953E+04
 25.0 3.09077E+04
 25.5 2.90335E+04
 26.0 2.71738E+04
 26.5 2.53294E+04
 27.0 2.35012E+04
 27.5 2.16898E+04
 28.0 1.98960E+04
 28.5 1.81203E+04
 29.0 1.63635E+04
 29.5 1.46263E+04
 30.0 1.29093E+04
 30.5 1.12133E+04
 31.0 9.53905E+03
 31.5 7.88743E+03
 32.0 6.25931E+03
 32.5 4.65561E+03
 33.0 3.07733E+03
 33.5 1.52549E+03
 34.0 1.26443E+02
