034K11D0W2
  0.5 0.00000E+00
  1.0 0.00000E+00
  1.5 0.00000E+00
  2.0 0.00000E+00
  2.5 0.00000E+00
  3.0 0.00000E+00
  3.5 4.85512E+04
  4.0 6.14349E+04
  4.5 7.47493E+04
  5.0 8.85117E+04
  5.5 1.02529E+05
  6.0 1.16236E+05
  6.5 1.28793E+05
  7.0 1.39389E+05
  7.5 1.47484E+05
  8.0 1.52892E+05
  8.5 1.31959E+06
  9.0 1.56273E+05
  9.5 7.00526E+05
 10.0 5.86029E+05
 10.5 7.68908E+04
 11.0 7.85287E+04
 11.5 1.74926E+05
 12.0 5.88675E+04
 12.5 5.36730E+04
 13.0 5.47136E+04
 13.5 5.54811E+04
 14.0 5.59789E+04
 14.5 5.62164E+04
 15.0 5.62079E+04
 15.5 5.59707E+04
 16.0 5.55241E+04
 16.5 5.48883E+04
 17.0 5.40834E+04
 17.5 5.31288E+04
 18.0 5.20429E+04
 18.5 5.08427E+04
 19.0 4.95437E+04
 19.5 4.81601E+04
 20.0 4.67043E+04
 20.5 4.51874E+04
 21.0 4.36194E+04
 21.5 4.20087E+04
 22.0 4.03630E+04
 22.5 3.86887E+04
 23.0 3.69917E+04
 23.5 3.52769E+04
 24.0 3.35486E+04
 24.5 3.18107E+04
 25.0 3.00664E+04
 25.5 2.83189E+04
 26.0 2.65707E+04
 26.5 2.48241E+04
 27.0 2.30812E+04
 27.5 2.13441E+04
 28.0 1.96146E+04
 28.5 1.78942E+04
 29.0 1.61846E+04
 29.5 1.44874E+04
 30.0 1.28039E+04
 30.5 1.11356E+04
 31.0 9.48394E+03
 31.5 7.85029E+03
 32.0 6.23605E+03
 32.5 4.64260E+03
 33.0 3.07135E+03
 33.5 1.52370E+03
 34.0 1.26352E+02
