034K17D0W2
  0.5 0.00000E+00
  1.0 0.00000E+00
  1.5 0.00000E+00
  2.0 0.00000E+00
  2.5 0.00000E+00
  3.0 0.00000E+00
  3.5 8.21443E+04
  4.0 1.03244E+05
  4.5 1.25643E+05
  5.0 1.48525E+05
  5.5 1.70075E+05
  6.0 1.88269E+05
  6.5 2.01752E+05
  7.0 2.10113E+05
  7.5 2.13695E+05
  8.0 2.13256E+05
  8.5 1.60911E+06
  9.0 2.03844E+05
  9.5 8.18380E+05
 10.0 6.84812E+05
 10.5 1.11380E+05
 11.0 1.10777E+05
 11.5 2.28252E+05
 12.0 8.52734E+04
 12.5 7.79252E+04
 13.0 7.76355E+04
 13.5 7.69548E+04
 14.0 7.59398E+04
 14.5 7.46441E+04
 15.0 7.31177E+04
 15.5 7.14050E+04
 16.0 6.95450E+04
 16.5 6.75713E+04
 17.0 6.55121E+04
 17.5 6.33912E+04
 18.0 6.12281E+04
 18.5 5.90387E+04
 19.0 5.68358E+04
 19.5 5.46294E+04
 20.0 5.24277E+04
 20.5 5.02368E+04
 21.0 4.80613E+04
 21.5 4.59047E+04
 22.0 4.37696E+04
 22.5 4.16576E+04
 23.0 3.95700E+04
 23.5 3.75075E+04
 24.0 3.54704E+04
 24.5 3.34589E+04
 25.0 3.14729E+04
 25.5 2.95123E+04
 26.0 2.75768E+04
 26.5 2.56663E+04
 27.0 2.37805E+04
 27.5 2.19193E+04
 28.0 2.00824E+04
 28.5 1.82698E+04
 29.0 1.64816E+04
 29.5 1.47178E+04
 30.0 1.29787E+04
 30.5 1.12643E+04
 31.0 9.57523E+03
 31.5 7.91179E+03
 32.0 6.27455E+03
 32.5 4.66413E+03
 33.0 3.08124E+03
 33.5 1.52665E+03
 34.0 1.26503E+02
