034K16D0W2
  0.5 0.00000E+00
  1.0 0.00000E+00
  1.5 0.00000E+00
  2.0 0.00000E+00
  2.5 0.00000E+00
  3.0 0.00000E+00
  3.5 7.63069E+04
  4.0 9.59206E+04
  4.5 1.16695E+05
  5.0 1.38084E+05
  5.5 1.58622E+05
  6.0 1.76478E+05
  6.5 1.90254E+05
  7.0 1.99369E+05
  7.5 2.03967E+05
  8.0 2.04645E+05
  8.5 1.57211E+06
  9.0 1.97375E+05
  9.5 8.03498E+05
 10.0 6.72289E+05
 10.5 1.06298E+05
 11.0 1.06128E+05
 11.5 2.21020E+05
 12.0 8.13844E+04
 12.5 7.43480E+04
 13.0 7.43197E+04
 13.5 7.39048E+04
 14.0 7.31524E+04
 14.5 7.21111E+04
 15.0 7.08269E+04
 15.5 6.93419E+04
 16.0 6.76937E+04
 16.5 6.59154E+04
 17.0 6.40353E+04
 17.5 6.20776E+04
 18.0 6.00626E+04
 18.5 5.80069E+04
 19.0 5.59244E+04
 19.5 5.38263E+04
 20.0 5.17215E+04
 20.5 4.96173E+04
 21.0 4.75191E+04
 21.5 4.54314E+04
 22.0 4.33575E+04
 22.5 4.12999E+04
 23.0 3.92606E+04
 23.5 3.72407E+04
 24.0 3.52412E+04
 24.5 3.32629E+04
 25.0 3.13061E+04
 25.5 2.93711E+04
 26.0 2.74581E+04
 26.5 2.55671E+04
 27.0 2.36983E+04
 27.5 2.18518E+04
 28.0 2.00276E+04
 28.5 1.82259E+04
 29.0 1.64469E+04
 29.5 1.46910E+04
 30.0 1.29583E+04
 30.5 1.12494E+04
 31.0 9.56462E+03
 31.5 7.90465E+03
 32.0 6.27009E+03
 32.5 4.66164E+03
 33.0 3.08009E+03
 33.5 1.52631E+03
 34.0 1.26485E+02
