034K21D0W2
  0.5 0.00000E+00
  1.0 0.00000E+00
  1.5 0.00000E+00
  2.0 0.00000E+00
  2.5 0.00000E+00
  3.0 0.00000E+00
  3.5 1.06679E+05
  4.0 1.34240E+05
  4.5 1.63316E+05
  5.0 1.91534E+05
  5.5 2.15760E+05
  6.0 2.33725E+05
  6.5 2.44686E+05
  7.0 2.49133E+05
  7.5 2.48200E+05
  8.0 2.43200E+05
  8.5 1.72948E+06
  9.0 2.25665E+05
  9.5 8.66470E+05
 10.0 7.25418E+05
 10.5 1.29443E+05
 11.0 1.27054E+05
 11.5 2.52677E+05
 12.0 9.90903E+04
 12.5 9.06471E+04
 13.0 8.92714E+04
 13.5 8.75293E+04
 14.0 8.54977E+04
 14.5 8.32439E+04
 15.0 8.08255E+04
 15.5 7.82904E+04
 16.0 7.56781E+04
 16.5 7.30204E+04
 17.0 7.03426E+04
 17.5 6.76644E+04
 18.0 6.50009E+04
 18.5 6.23634E+04
 19.0 5.97602E+04
 19.5 5.71970E+04
 20.0 5.46777E+04
 20.5 5.22044E+04
 21.0 4.97784E+04
 21.5 4.73997E+04
 22.0 4.50680E+04
 22.5 4.27822E+04
 23.0 4.05411E+04
 23.5 3.83432E+04
 24.0 3.61869E+04
 24.5 3.40706E+04
 25.0 3.19928E+04
 25.5 2.99517E+04
 26.0 2.79460E+04
 26.5 2.59743E+04
 27.0 2.40355E+04
 27.5 2.21284E+04
 28.0 2.02520E+04
 28.5 1.84057E+04
 29.0 1.65888E+04
 29.5 1.48009E+04
 30.0 1.30415E+04
 30.5 1.13105E+04
 31.0 9.60794E+03
 31.5 7.93379E+03
 32.0 6.28830E+03
 32.5 4.67181E+03
 33.0 3.08476E+03
 33.5 1.52771E+03
 34.0 1.26556E+02
