035K09D0W2
  0.5 0.00000E+00
  1.0 0.00000E+00
  1.5 0.00000E+00
  2.0 0.00000E+00
  2.5 0.00000E+00
  3.0 0.00000E+00
  3.5 3.71402E+04
  4.0 4.74347E+04
  4.5 5.79570E+04
  5.0 6.87226E+04
  5.5 7.97188E+04
  6.0 9.07970E+04
  6.5 1.01593E+05
  7.0 1.11580E+05
  7.5 1.20227E+05
  8.0 1.27144E+05
  8.5 1.20104E+06
  9.0 1.35232E+05
  9.5 6.61691E+05
 10.0 5.53620E+05
 10.5 6.30764E+04
 11.0 6.52432E+04
 11.5 1.52704E+05
 12.0 4.83292E+04
 12.5 4.40160E+04
 13.0 4.53249E+04
 13.5 4.64634E+04
 14.0 4.74180E+04
 14.5 4.81799E+04
 15.0 4.87449E+04
 15.5 4.91131E+04
 16.0 4.92888E+04
 16.5 4.92790E+04
 17.0 4.90932E+04
 17.5 4.87425E+04
 18.0 4.82390E+04
 18.5 4.75953E+04
 19.0 4.68239E+04
 19.5 4.59372E+04
 20.0 4.49468E+04
 20.5 4.38641E+04
 21.0 4.26994E+04
 21.5 4.14622E+04
 22.0 4.01614E+04
 22.5 3.88051E+04
 23.0 3.74005E+04
 23.5 3.59542E+04
 24.0 3.44723E+04
 24.5 3.29599E+04
 25.0 3.14221E+04
 25.5 2.98631E+04
 26.0 2.82870E+04
 26.5 2.66972E+04
 27.0 2.50971E+04
 27.5 2.34897E+04
 28.0 2.18775E+04
 28.5 2.02633E+04
 29.0 1.86493E+04
 29.5 1.70377E+04
 30.0 1.54306E+04
 30.5 1.38299E+04
 31.0 1.22375E+04
 31.5 1.06552E+04
 32.0 9.08465E+03
 32.5 7.52760E+03
 33.0 5.98566E+03
 33.5 4.46045E+03
 34.0 2.95355E+03
 34.5 1.46653E+03
 35.0 1.21673E+02
