035K06D0W2
  0.5 0.00000E+00
  1.0 0.00000E+00
  1.5 0.00000E+00
  2.0 0.00000E+00
  2.5 0.00000E+00
  3.0 0.00000E+00
  3.5 2.22054E+04
  4.0 2.91125E+04
  4.5 3.60721E+04
  5.0 4.30618E+04
  5.5 5.00731E+04
  6.0 5.70968E+04
  6.5 6.40979E+04
  7.0 7.09821E+04
  7.5 7.75807E+04
  8.0 8.36748E+04
  8.5 8.57668E+05
  9.0 9.35145E+04
  9.5 5.12418E+05
 10.0 4.29222E+05
 10.5 4.09442E+04
 11.0 4.28468E+04
 11.5 1.02813E+05
 12.0 3.13760E+04
 12.5 2.85422E+04
 13.0 2.96519E+04
 13.5 3.07321E+04
 14.0 3.17732E+04
 14.5 3.27628E+04
 15.0 3.36870E+04
 15.5 3.45311E+04
 16.0 3.52814E+04
 16.5 3.59256E+04
 17.0 3.64538E+04
 17.5 3.68584E+04
 18.0 3.71344E+04
 18.5 3.72793E+04
 19.0 3.72929E+04
 19.5 3.71769E+04
 20.0 3.69345E+04
 20.5 3.65702E+04
 21.0 3.60897E+04
 21.5 3.54991E+04
 22.0 3.48053E+04
 22.5 3.40151E+04
 23.0 3.31356E+04
 23.5 3.21740E+04
 24.0 3.11371E+04
 24.5 3.00317E+04
 25.0 2.88643E+04
 25.5 2.76411E+04
 26.0 2.63679E+04
 26.5 2.50504E+04
 27.0 2.36939E+04
 27.5 2.23033E+04
 28.0 2.08834E+04
 28.5 1.94385E+04
 29.0 1.79728E+04
 29.5 1.64903E+04
 30.0 1.49946E+04
 30.5 1.34892E+04
 31.0 1.19775E+04
 31.5 1.04625E+04
 32.0 8.94722E+03
 32.5 7.43451E+03
 33.0 5.92708E+03
 33.5 4.42753E+03
 34.0 2.93836E+03
 34.5 1.46198E+03
 35.0 1.21440E+02
