035K17D0W2
  0.5 0.00000E+00
  1.0 0.00000E+00
  1.5 0.00000E+00
  2.0 0.00000E+00
  2.5 0.00000E+00
  3.0 0.00000E+00
  3.5 8.02770E+04
  4.0 1.00952E+05
  4.5 1.22949E+05
  5.0 1.45657E+05
  5.5 1.67464E+05
  6.0 1.86388E+05
  6.5 2.00947E+05
  7.0 2.10542E+05
  7.5 2.15349E+05
  8.0 2.16013E+05
  8.5 1.67589E+06
  9.0 2.08258E+05
  9.5 8.57585E+05
 10.0 7.17441E+05
 10.5 1.12697E+05
 11.0 1.12467E+05
 11.5 2.35757E+05
 12.0 8.63532E+04
 12.5 7.88978E+04
 13.0 7.88142E+04
 13.5 7.83216E+04
 14.0 7.74752E+04
 14.5 7.63284E+04
 15.0 7.49320E+04
 15.5 7.33315E+04
 16.0 7.15677E+04
 16.5 6.96759E+04
 17.0 6.76863E+04
 17.5 6.56245E+04
 18.0 6.35118E+04
 18.5 6.13655E+04
 19.0 5.91998E+04
 19.5 5.70262E+04
 20.0 5.48537E+04
 20.5 5.26893E+04
 21.0 5.05385E+04
 21.5 4.84053E+04
 22.0 4.62927E+04
 22.5 4.42029E+04
 23.0 4.21374E+04
 23.5 4.00970E+04
 24.0 3.80823E+04
 24.5 3.60934E+04
 25.0 3.41303E+04
 25.5 3.21929E+04
 26.0 3.02809E+04
 26.5 2.83939E+04
 27.0 2.65316E+04
 27.5 2.46936E+04
 28.0 2.28797E+04
 28.5 2.10896E+04
 29.0 1.93230E+04
 29.5 1.75799E+04
 30.0 1.58603E+04
 30.5 1.41641E+04
 31.0 1.24915E+04
 31.5 1.08426E+04
 32.0 9.21781E+03
 32.5 7.61747E+03
 33.0 6.04203E+03
 33.5 4.49202E+03
 34.0 2.96807E+03
 34.5 1.47087E+03
 35.0 1.21896E+02
