035K10D0W2
  0.5 0.00000E+00
  1.0 0.00000E+00
  1.5 0.00000E+00
  2.0 0.00000E+00
  2.5 0.00000E+00
  3.0 0.00000E+00
  3.5 4.22581E+04
  4.0 5.37251E+04
  4.5 6.55106E+04
  5.0 7.76422E+04
  5.5 9.00677E+04
  6.0 1.02502E+05
  6.5 1.14386E+05
  7.0 1.25034E+05
  7.5 1.33857E+05
  8.0 1.40502E+05
  8.5 1.28693E+06
  9.0 1.47108E+05
  9.5 6.97865E+05
 10.0 5.83779E+05
 10.5 7.01577E+04
 11.0 7.22208E+04
 11.5 1.66429E+05
 12.0 5.37556E+04
 12.5 4.89803E+04
 13.0 5.02392E+04
 13.5 5.12772E+04
 14.0 5.20867E+04
 14.5 5.26661E+04
 15.0 5.30192E+04
 15.5 5.31540E+04
 16.0 5.30818E+04
 16.5 5.28163E+04
 17.0 5.23727E+04
 17.5 5.17665E+04
 18.0 5.10136E+04
 18.5 5.01293E+04
 19.0 4.91283E+04
 19.5 4.80243E+04
 20.0 4.68299E+04
 20.5 4.55567E+04
 21.0 4.42153E+04
 21.5 4.28150E+04
 22.0 4.13644E+04
 22.5 3.98709E+04
 23.0 3.83413E+04
 23.5 3.67815E+04
 24.0 3.51967E+04
 24.5 3.35916E+04
 25.0 3.19704E+04
 25.5 3.03366E+04
 26.0 2.86937E+04
 26.5 2.70444E+04
 27.0 2.53916E+04
 27.5 2.37375E+04
 28.0 2.20844E+04
 28.5 2.04343E+04
 29.0 1.87890E+04
 29.5 1.71504E+04
 30.0 1.55201E+04
 30.5 1.38996E+04
 31.0 1.22906E+04
 31.5 1.06944E+04
 32.0 9.11256E+03
 32.5 7.54646E+03
 33.0 5.99750E+03
 33.5 4.46709E+03
 34.0 2.95661E+03
 34.5 1.46744E+03
 35.0 1.21720E+02
