035K12D0W2
  0.5 0.00000E+00
  1.0 0.00000E+00
  1.5 0.00000E+00
  2.0 0.00000E+00
  2.5 0.00000E+00
  3.0 0.00000E+00
  3.5 5.27084E+04
  4.0 6.66099E+04
  4.5 8.10621E+04
  5.0 9.60845E+04
  5.5 1.11418E+05
  6.0 1.26361E+05
  6.5 1.39933E+05
  7.0 1.51235E+05
  7.5 1.59711E+05
  8.0 1.65208E+05
  8.5 1.42956E+06
  9.0 1.68130E+05
  9.5 7.57148E+05
 10.0 6.33266E+05
 10.5 8.36147E+04
 11.0 8.52440E+04
 11.5 1.90438E+05
 12.0 6.40686E+04
 12.5 5.84285E+04
 13.0 5.94459E+04
 13.5 6.01563E+04
 14.0 6.05693E+04
 14.5 6.07007E+04
 15.0 6.05709E+04
 15.5 6.02027E+04
 16.0 5.96201E+04
 16.5 5.88472E+04
 17.0 5.79072E+04
 17.5 5.68222E+04
 18.0 5.56123E+04
 18.5 5.42960E+04
 19.0 5.28897E+04
 19.5 5.14080E+04
 20.0 4.98639E+04
 20.5 4.82683E+04
 21.0 4.66311E+04
 21.5 4.49605E+04
 22.0 4.32637E+04
 22.5 4.15468E+04
 23.0 3.98150E+04
 23.5 3.80728E+04
 24.0 3.63239E+04
 24.5 3.45716E+04
 25.0 3.28186E+04
 25.5 3.10673E+04
 26.0 2.93198E+04
 26.5 2.75778E+04
 27.0 2.58430E+04
 27.5 2.41167E+04
 28.0 2.24003E+04
 28.5 2.06950E+04
 29.0 1.90018E+04
 29.5 1.73218E+04
 30.0 1.56559E+04
 30.5 1.40054E+04
 31.0 1.23710E+04
 31.5 1.07538E+04
 32.0 9.15476E+03
 32.5 7.57496E+03
 33.0 6.01538E+03
 33.5 4.47711E+03
 34.0 2.96122E+03
 34.5 1.46882E+03
 35.0 1.21791E+02
