035K18D0W2
  0.5 0.00000E+00
  1.0 0.00000E+00
  1.5 0.00000E+00
  2.0 0.00000E+00
  2.5 0.00000E+00
  3.0 0.00000E+00
  3.5 8.60824E+04
  4.0 1.08253E+05
  4.5 1.31889E+05
  5.0 1.56097E+05
  5.5 1.78907E+05
  6.0 1.98153E+05
  6.5 2.12401E+05
  7.0 2.21230E+05
  7.5 2.25014E+05
  8.0 2.24560E+05
  8.5 1.71274E+06
  9.0 2.14670E+05
  9.5 8.72418E+05
 10.0 7.29927E+05
 10.5 1.17766E+05
 11.0 1.17100E+05
 11.5 2.42980E+05
 12.0 9.02365E+04
 12.5 8.24711E+04
 13.0 8.21247E+04
 13.5 8.13661E+04
 14.0 8.02574E+04
 14.5 7.88575E+04
 15.0 7.72204E+04
 15.5 7.53942E+04
 16.0 7.34206E+04
 16.5 7.13355E+04
 17.0 6.91689E+04
 17.5 6.69459E+04
 18.0 6.46868E+04
 18.5 6.24083E+04
 19.0 6.01236E+04
 19.5 5.78430E+04
 20.0 5.55745E+04
 20.5 5.33242E+04
 21.0 5.10966E+04
 21.5 4.88949E+04
 22.0 4.67213E+04
 22.5 4.45772E+04
 23.0 4.24633E+04
 23.5 4.03801E+04
 24.0 3.83274E+04
 24.5 3.63049E+04
 25.0 3.43121E+04
 25.5 3.23485E+04
 26.0 3.04134E+04
 26.5 2.85062E+04
 27.0 2.66261E+04
 27.5 2.47727E+04
 28.0 2.29453E+04
 28.5 2.11435E+04
 29.0 1.93668E+04
 29.5 1.76151E+04
 30.0 1.58881E+04
 30.5 1.41856E+04
 31.0 1.25078E+04
 31.5 1.08546E+04
 32.0 9.22635E+03
 32.5 7.62322E+03
 33.0 6.04563E+03
 33.5 4.49404E+03
 34.0 2.96900E+03
 34.5 1.47115E+03
 35.0 1.21910E+02
