035K15D0W2
  0.5 0.00000E+00
  1.0 0.00000E+00
  1.5 0.00000E+00
  2.0 0.00000E+00
  2.5 0.00000E+00
  3.0 0.00000E+00
  3.5 6.89766E+04
  4.0 8.68077E+04
  4.5 1.05643E+05
  5.0 1.25267E+05
  5.5 1.44729E+05
  6.0 1.62523E+05
  6.5 1.77228E+05
  7.0 1.87988E+05
  7.5 1.94613E+05
  8.0 1.97416E+05
  8.5 1.59163E+06
  9.0 1.93991E+05
  9.5 8.23482E+05
 10.0 6.88795E+05
 10.5 1.01838E+05
 11.0 1.02437E+05
 11.5 2.19682E+05
 12.0 7.80336E+04
 12.5 7.12483E+04
 13.0 7.16604E+04
 13.5 7.16858E+04
 14.0 7.13626E+04
 14.5 7.07318E+04
 15.0 6.98342E+04
 15.5 6.87089E+04
 16.0 6.73924E+04
 16.5 6.59175E+04
 17.0 6.43136E+04
 17.5 6.26062E+04
 18.0 6.08174E+04
 18.5 5.89659E+04
 19.0 5.70676E+04
 19.5 5.51356E+04
 20.0 5.31808E+04
 20.5 5.12122E+04
 21.0 4.92371E+04
 21.5 4.72614E+04
 22.0 4.52896E+04
 22.5 4.33255E+04
 23.0 4.13719E+04
 23.5 3.94312E+04
 24.0 3.75051E+04
 24.5 3.55947E+04
 25.0 3.37012E+04
 25.5 3.18253E+04
 26.0 2.99674E+04
 26.5 2.81281E+04
 27.0 2.63076E+04
 27.5 2.45062E+04
 28.0 2.27241E+04
 28.5 2.09616E+04
 29.0 1.92189E+04
 29.5 1.74964E+04
 30.0 1.57942E+04
 30.5 1.41128E+04
 31.0 1.24525E+04
 31.5 1.08139E+04
 32.0 9.19747E+03
 32.5 7.60376E+03
 33.0 6.03344E+03
 33.5 4.48722E+03
 34.0 2.96587E+03
 34.5 1.47021E+03
 35.0 1.21862E+02
