035K16D0W2
  0.5 0.00000E+00
  1.0 0.00000E+00
  1.5 0.00000E+00
  2.0 0.00000E+00
  2.5 0.00000E+00
  3.0 0.00000E+00
  3.5 7.45773E+04
  4.0 9.38059E+04
  4.5 1.14201E+05
  5.0 1.35376E+05
  5.5 1.56062E+05
  6.0 1.74502E+05
  6.5 1.89218E+05
  7.0 1.99463E+05
  7.5 2.05223E+05
  8.0 2.06977E+05
  8.5 1.63569E+06
  9.0 2.01382E+05
  9.5 8.41345E+05
 10.0 7.03791E+05
 10.5 1.07391E+05
 11.0 1.07585E+05
 11.5 2.28011E+05
 12.0 8.22884E+04
 12.5 7.51593E+04
 13.0 7.53297E+04
 13.5 7.50995E+04
 14.0 7.45156E+04
 14.5 7.36258E+04
 15.0 7.24761E+04
 15.5 7.11095E+04
 16.0 6.95646E+04
 16.5 6.78762E+04
 17.0 6.60740E+04
 17.5 6.41838E+04
 18.0 6.22275E+04
 18.5 6.02231E+04
 19.0 5.81859E+04
 19.5 5.61282E+04
 20.0 5.40598E+04
 20.5 5.19890E+04
 21.0 4.99220E+04
 21.5 4.78638E+04
 22.0 4.58182E+04
 22.5 4.37881E+04
 23.0 4.17757E+04
 23.5 3.97826E+04
 24.0 3.78098E+04
 24.5 3.58581E+04
 25.0 3.39280E+04
 25.5 3.20196E+04
 26.0 3.01332E+04
 26.5 2.82687E+04
 27.0 2.64261E+04
 27.5 2.46054E+04
 28.0 2.28065E+04
 28.5 2.10294E+04
 29.0 1.92741E+04
 29.5 1.75406E+04
 30.0 1.58292E+04
 30.5 1.41400E+04
 31.0 1.24732E+04
 31.5 1.08291E+04
 32.0 9.20825E+03
 32.5 7.61103E+03
 33.0 6.03799E+03
 33.5 4.48977E+03
 34.0 2.96704E+03
 34.5 1.47056E+03
 35.0 1.21880E+02
