036K07D0W2
  0.5 0.00000E+00
  1.0 0.00000E+00
  1.5 0.00000E+00
  2.0 0.00000E+00
  2.5 0.00000E+00
  3.0 0.00000E+00
  3.5 2.64843E+04
  4.0 3.43859E+04
  4.5 4.23902E+04
  5.0 5.04849E+04
  5.5 5.86689E+04
  6.0 6.69289E+04
  6.5 7.51927E+04
  7.0 8.32856E+04
  7.5 9.09358E+04
  8.0 9.78338E+04
  8.5 1.00539E+06
  9.0 1.08377E+05
  9.5 5.87019E+05
 10.0 4.91430E+05
 10.5 4.81473E+04
 11.0 5.03086E+04
 11.5 1.21979E+05
 12.0 3.69440E+04
 12.5 3.36228E+04
 13.0 3.48781E+04
 13.5 3.60696E+04
 14.0 3.71838E+04
 14.5 3.82064E+04
 15.0 3.91234E+04
 15.5 3.99226E+04
 16.0 4.05936E+04
 16.5 4.11289E+04
 17.0 4.15239E+04
 17.5 4.17764E+04
 18.0 4.18870E+04
 18.5 4.18581E+04
 19.0 4.16941E+04
 19.5 4.14005E+04
 20.0 4.09839E+04
 20.5 4.04518E+04
 21.0 3.98116E+04
 21.5 3.90713E+04
 22.0 3.82387E+04
 22.5 3.73217E+04
 23.0 3.63275E+04
 23.5 3.52634E+04
 24.0 3.41363E+04
 24.5 3.29525E+04
 25.0 3.17180E+04
 25.5 3.04385E+04
 26.0 2.91193E+04
 26.5 2.77653E+04
 27.0 2.63809E+04
 27.5 2.49705E+04
 28.0 2.35379E+04
 28.5 2.20868E+04
 29.0 2.06206E+04
 29.5 1.91425E+04
 30.0 1.76555E+04
 30.5 1.61623E+04
 31.0 1.46656E+04
 31.5 1.31679E+04
 32.0 1.16715E+04
 32.5 1.01787E+04
 33.0 8.69167E+03
 33.5 7.21242E+03
 34.0 5.74297E+03
 34.5 4.28523E+03
 35.0 2.84108E+03
 35.5 1.41234E+03
 36.0 1.17259E+02
