036K08D0W2
  0.5 0.00000E+00
  1.0 0.00000E+00
  1.5 0.00000E+00
  2.0 0.00000E+00
  2.5 0.00000E+00
  3.0 0.00000E+00
  3.5 3.13625E+04
  4.0 4.03721E+04
  4.5 4.95409E+04
  5.0 5.88693E+04
  5.5 6.83617E+04
  6.0 7.79757E+04
  6.5 8.75463E+04
  7.0 9.67566E+04
  7.5 1.05199E+05
  8.0 1.12486E+05
  8.5 1.12577E+06
  9.0 1.22628E+05
  9.5 6.39572E+05
 10.0 5.35219E+05
 10.5 5.55744E+04
 11.0 5.78619E+04
 11.5 1.39248E+05
 12.0 4.26352E+04
 12.5 3.88147E+04
 13.0 4.01574E+04
 13.5 4.13900E+04
 14.0 4.24966E+04
 14.5 4.34632E+04
 15.0 4.42786E+04
 15.5 4.49347E+04
 16.0 4.54272E+04
 16.5 4.57549E+04
 17.0 4.59196E+04
 17.5 4.59257E+04
 18.0 4.57796E+04
 18.5 4.54889E+04
 19.0 4.50626E+04
 19.5 4.45100E+04
 20.0 4.38408E+04
 20.5 4.30647E+04
 21.0 4.21912E+04
 21.5 4.12294E+04
 22.0 4.01880E+04
 22.5 3.90753E+04
 23.0 3.78989E+04
 23.5 3.66658E+04
 24.0 3.53828E+04
 24.5 3.40557E+04
 25.0 3.26902E+04
 25.5 3.12913E+04
 26.0 2.98636E+04
 26.5 2.84115E+04
 27.0 2.69388E+04
 27.5 2.54491E+04
 28.0 2.39457E+04
 28.5 2.24315E+04
 29.0 2.09095E+04
 29.5 1.93823E+04
 30.0 1.78521E+04
 30.5 1.63215E+04
 31.0 1.47924E+04
 31.5 1.32670E+04
 32.0 1.17472E+04
 32.5 1.02349E+04
 33.0 8.73173E+03
 33.5 7.23958E+03
 34.0 5.76007E+03
 34.5 4.29485E+03
 35.0 2.84552E+03
 35.5 1.41367E+03
 36.0 1.17327E+02
