036K09D0W2
  0.5 0.00000E+00
  1.0 0.00000E+00
  1.5 0.00000E+00
  2.0 0.00000E+00
  2.5 0.00000E+00
  3.0 0.00000E+00
  3.5 3.63080E+04
  4.0 4.64444E+04
  4.5 5.68115E+04
  5.0 6.74244E+04
  5.5 7.82833E+04
  6.0 8.92799E+04
  6.5 1.00107E+05
  7.0 1.10280E+05
  7.5 1.19274E+05
  8.0 1.26667E+05
  8.5 1.23055E+06
  9.0 1.35895E+05
  9.5 6.84557E+05
 10.0 5.72701E+05
 10.5 6.29037E+04
 11.0 6.52205E+04
 11.5 1.55009E+05
 12.0 4.82526E+04
 12.5 4.39453E+04
 13.0 4.53181E+04
 13.5 4.65298E+04
 14.0 4.75660E+04
 14.5 4.84165E+04
 15.0 4.90757E+04
 15.5 4.95423E+04
 16.0 4.98189E+04
 16.5 4.99112E+04
 17.0 4.98275E+04
 17.5 4.95781E+04
 18.0 4.91742E+04
 18.5 4.86279E+04
 19.0 4.79514E+04
 19.5 4.71568E+04
 20.0 4.62556E+04
 20.5 4.52591E+04
 21.0 4.41777E+04
 21.5 4.30211E+04
 22.0 4.17981E+04
 22.5 4.05169E+04
 23.0 3.91850E+04
 23.5 3.78090E+04
 24.0 3.63950E+04
 24.5 3.49485E+04
 25.0 3.34744E+04
 25.5 3.19771E+04
 26.0 3.04605E+04
 26.5 2.89284E+04
 27.0 2.73840E+04
 27.5 2.58302E+04
 28.0 2.42696E+04
 28.5 2.27049E+04
 29.0 2.11382E+04
 29.5 1.95717E+04
 30.0 1.80073E+04
 30.5 1.64469E+04
 31.0 1.48922E+04
 31.5 1.33449E+04
 32.0 1.18066E+04
 32.5 1.02789E+04
 33.0 8.76311E+03
 33.5 7.26082E+03
 34.0 5.77343E+03
 34.5 4.30236E+03
 35.0 2.84899E+03
 35.5 1.41471E+03
 36.0 1.17381E+02
