036K15D0W2
  0.5 0.00000E+00
  1.0 0.00000E+00
  1.5 0.00000E+00
  2.0 0.00000E+00
  2.5 0.00000E+00
  3.0 0.00000E+00
  3.5 6.74671E+04
  4.0 8.49700E+04
  4.5 1.03463E+05
  5.0 1.22827E+05
  5.5 1.42275E+05
  6.0 1.60418E+05
  6.5 1.75822E+05
  7.0 1.87522E+05
  7.5 1.95187E+05
  8.0 1.99011E+05
  8.5 1.65017E+06
  9.0 1.97291E+05
  9.5 8.59307E+05
 10.0 7.18624E+05
 10.5 1.02573E+05
 11.0 1.03517E+05
 11.5 2.25721E+05
 12.0 7.86706E+04
 12.5 7.18201E+04
 13.0 7.24183E+04
 13.5 7.26214E+04
 14.0 7.24649E+04
 14.5 7.19875E+04
 15.0 7.12293E+04
 15.5 7.02293E+04
 16.0 6.90243E+04
 16.5 6.76482E+04
 17.0 6.61312E+04
 17.5 6.45003E+04
 18.0 6.27787E+04
 18.5 6.09865E+04
 19.0 5.91407E+04
 19.5 5.72555E+04
 20.0 5.53429E+04
 20.5 5.34126E+04
 21.0 5.14729E+04
 21.5 4.95300E+04
 22.0 4.75894E+04
 22.5 4.56550E+04
 23.0 4.37303E+04
 23.5 4.18177E+04
 24.0 3.99192E+04
 24.5 3.80362E+04
 25.0 3.61698E+04
 25.5 3.43209E+04
 26.0 3.24899E+04
 26.5 3.06773E+04
 27.0 2.88833E+04
 27.5 2.71081E+04
 28.0 2.53519E+04
 28.5 2.36148E+04
 29.0 2.18968E+04
 29.5 2.01981E+04
 30.0 1.85189E+04
 30.5 1.68593E+04
 31.0 1.52195E+04
 31.5 1.35999E+04
 32.0 1.20006E+04
 32.5 1.04223E+04
 33.0 8.86513E+03
 33.5 7.32977E+03
 34.0 5.81674E+03
 34.5 4.32665E+03
 35.0 2.86018E+03
 35.5 1.41806E+03
 36.0 1.17552E+02
