036K13D0W2
  0.5 0.00000E+00
  1.0 0.00000E+00
  1.5 0.00000E+00
  2.0 0.00000E+00
  2.5 0.00000E+00
  3.0 0.00000E+00
  3.5 5.67764E+04
  4.0 7.16852E+04
  4.5 8.72716E+04
  5.0 1.03555E+05
  5.5 1.20201E+05
  6.0 1.36369E+05
  6.5 1.50938E+05
  7.0 1.62930E+05
  7.5 1.71779E+05
  8.0 1.77368E+05
  8.5 1.53984E+06
  9.0 1.79859E+05
  9.5 8.14072E+05
 10.0 6.80761E+05
 10.5 9.03089E+04
 11.0 9.19319E+04
 11.5 2.05871E+05
 12.0 6.92652E+04
 12.5 6.31856E+04
 13.0 6.41813E+04
 13.5 6.48366E+04
 14.0 6.51674E+04
 14.5 6.51958E+04
 15.0 6.49480E+04
 15.5 6.44518E+04
 16.0 6.37359E+04
 16.5 6.28280E+04
 17.0 6.17544E+04
 17.5 6.05395E+04
 18.0 5.92054E+04
 18.5 5.77718E+04
 19.0 5.62561E+04
 19.5 5.46736E+04
 20.0 5.30373E+04
 20.5 5.13586E+04
 21.0 4.96470E+04
 21.5 4.79107E+04
 22.0 4.61566E+04
 22.5 4.43905E+04
 23.0 4.26169E+04
 23.5 4.08401E+04
 24.0 3.90633E+04
 24.5 3.72891E+04
 25.0 3.55200E+04
 25.5 3.37576E+04
 26.0 3.20037E+04
 26.5 3.02594E+04
 27.0 2.85260E+04
 27.5 2.68043E+04
 28.0 2.50952E+04
 28.5 2.33994E+04
 29.0 2.17176E+04
 29.5 2.00504E+04
 30.0 1.83985E+04
 30.5 1.67624E+04
 31.0 1.51427E+04
 31.5 1.35401E+04
 32.0 1.19552E+04
 32.5 1.03887E+04
 33.0 8.84131E+03
 33.5 7.31369E+03
 34.0 5.80665E+03
 34.5 4.32099E+03
 35.0 2.85758E+03
 35.5 1.41728E+03
 36.0 1.17513E+02
