036K17D0W2
  0.5 0.00000E+00
  1.0 0.00000E+00
  1.5 0.00000E+00
  2.0 0.00000E+00
  2.5 0.00000E+00
  3.0 0.00000E+00
  3.5 7.85134E+04
  4.0 9.87843E+04
  4.5 1.20382E+05
  5.0 1.42868E+05
  5.5 1.64833E+05
  6.0 1.84369E+05
  6.5 1.99902E+05
  7.0 2.10664E+05
  7.5 2.16663E+05
  8.0 2.18429E+05
  8.5 1.74132E+06
  9.0 2.12382E+05
  9.5 8.96355E+05
 10.0 7.49713E+05
 10.5 1.13851E+05
 11.0 1.13998E+05
 11.5 2.42850E+05
 12.0 8.73206E+04
 12.5 7.97718E+04
 13.0 7.98947E+04
 13.5 7.95925E+04
 14.0 7.89179E+04
 14.5 7.79240E+04
 15.0 7.66615E+04
 15.5 7.51771E+04
 16.0 7.35129E+04
 16.5 7.17059E+04
 17.0 6.97882E+04
 17.5 6.77870E+04
 18.0 6.57254E+04
 18.5 6.36222E+04
 19.0 6.14933E+04
 19.5 5.93512E+04
 20.0 5.72060E+04
 20.5 5.50659E+04
 21.0 5.29370E+04
 21.5 5.08241E+04
 22.0 4.87307E+04
 22.5 4.66595E+04
 23.0 4.46123E+04
 23.5 4.25903E+04
 24.0 4.05941E+04
 24.5 3.86240E+04
 25.0 3.66802E+04
 25.5 3.47624E+04
 26.0 3.28704E+04
 26.5 3.10038E+04
 27.0 2.91621E+04
 27.5 2.73449E+04
 28.0 2.55517E+04
 28.5 2.37822E+04
 29.0 2.20360E+04
 29.5 2.03127E+04
 30.0 1.86123E+04
 30.5 1.69344E+04
 31.0 1.52790E+04
 31.5 1.36461E+04
 32.0 1.20357E+04
 32.5 1.04481E+04
 33.0 8.88351E+03
 33.5 7.34218E+03
 34.0 5.82452E+03
 34.5 4.33101E+03
 35.0 2.86219E+03
 35.5 1.41866E+03
 36.0 1.17583E+02
