036K22D0W2
  0.5 0.00000E+00
  1.0 0.00000E+00
  1.5 0.00000E+00
  2.0 0.00000E+00
  2.5 0.00000E+00
  3.0 0.00000E+00
  3.5 1.08027E+05
  4.0 1.36097E+05
  4.5 1.66059E+05
  5.0 1.95779E+05
  5.5 2.22090E+05
  6.0 2.42432E+05
  6.5 2.55717E+05
  7.0 2.62180E+05
  7.5 2.62830E+05
  8.0 2.58954E+05
  8.5 1.91291E+06
  9.0 2.42457E+05
  9.5 9.65362E+05
 10.0 8.07879E+05
 10.5 1.38181E+05
 11.0 1.36112E+05
 11.5 2.76965E+05
 12.0 1.05979E+05
 12.5 9.69546E+04
 13.0 9.57371E+04
 13.5 9.41008E+04
 14.0 9.21296E+04
 14.5 8.98980E+04
 15.0 8.74703E+04
 15.5 8.49012E+04
 16.0 8.22360E+04
 16.5 7.95118E+04
 17.0 7.67581E+04
 17.5 7.39987E+04
 18.0 7.12516E+04
 18.5 6.85309E+04
 19.0 6.58467E+04
 19.5 6.32066E+04
 20.0 6.06153E+04
 20.5 5.80763E+04
 21.0 5.55910E+04
 21.5 5.31602E+04
 22.0 5.07834E+04
 22.5 4.84599E+04
 23.0 4.61881E+04
 23.5 4.39664E+04
 24.0 4.17930E+04
 24.5 3.96656E+04
 25.0 3.75825E+04
 25.5 3.55414E+04
 26.0 3.35403E+04
 26.5 3.15775E+04
 27.0 2.96512E+04
 27.5 2.77595E+04
 28.0 2.59012E+04
 28.5 2.40746E+04
 29.0 2.22788E+04
 29.5 2.05124E+04
 30.0 1.87747E+04
 30.5 1.70649E+04
 31.0 1.53822E+04
 31.5 1.37262E+04
 32.0 1.20966E+04
 32.5 1.04930E+04
 33.0 8.91535E+03
 33.5 7.36364E+03
 34.0 5.83797E+03
 34.5 4.33854E+03
 35.0 2.86565E+03
 35.5 1.41970E+03
 36.0 1.17636E+02
