036K21D0W2
  0.5 0.00000E+00
  1.0 0.00000E+00
  1.5 0.00000E+00
  2.0 0.00000E+00
  2.5 0.00000E+00
  3.0 0.00000E+00
  3.5 1.01878E+05
  4.0 1.28283E+05
  4.5 1.56533E+05
  5.0 1.84926E+05
  5.5 2.10623E+05
  6.0 2.31097E+05
  6.5 2.45080E+05
  7.0 2.52568E+05
  7.5 2.54371E+05
  8.0 2.51642E+05
  8.5 1.88356E+06
  9.0 2.37159E+05
  9.5 9.53620E+05
 10.0 7.97954E+05
 10.5 1.33715E+05
 11.0 1.32100E+05
 11.5 2.70950E+05
 12.0 1.02555E+05
 12.5 9.37977E+04
 13.0 9.28561E+04
 13.5 9.14869E+04
 14.0 8.97695E+04
 14.5 8.77755E+04
 15.0 8.55678E+04
 15.5 8.32006E+04
 16.0 8.07193E+04
 16.5 7.81617E+04
 17.0 7.55584E+04
 17.5 7.29342E+04
 18.0 7.03084E+04
 18.5 6.76961E+04
 19.0 6.51089E+04
 19.5 6.25551E+04
 20.0 6.00409E+04
 20.5 5.75703E+04
 21.0 5.51460E+04
 21.5 5.27693E+04
 22.0 5.04407E+04
 22.5 4.81598E+04
 23.0 4.59259E+04
 23.5 4.37378E+04
 24.0 4.15941E+04
 24.5 3.94931E+04
 25.0 3.74332E+04
 25.5 3.54126E+04
 26.0 3.34297E+04
 26.5 3.14829E+04
 27.0 2.95706E+04
 27.5 2.76913E+04
 28.0 2.58437E+04
 28.5 2.40266E+04
 29.0 2.22389E+04
 29.5 2.04796E+04
 30.0 1.87481E+04
 30.5 1.70435E+04
 31.0 1.53653E+04
 31.5 1.37131E+04
 32.0 1.20866E+04
 32.5 1.04856E+04
 33.0 8.91014E+03
 33.5 7.36013E+03
 34.0 5.83577E+03
 34.5 4.33731E+03
 35.0 2.86508E+03
 35.5 1.41953E+03
 36.0 1.17627E+02
