036K20D0W2
  0.5 0.00000E+00
  1.0 0.00000E+00
  1.5 0.00000E+00
  2.0 0.00000E+00
  2.5 0.00000E+00
  3.0 0.00000E+00
  3.5 9.58597E+04
  4.0 1.20653E+05
  4.5 1.47203E+05
  5.0 1.74196E+05
  5.5 1.99146E+05
  6.0 2.19610E+05
  6.5 2.34178E+05
  7.0 2.42622E+05
  7.5 2.45547E+05
  8.0 2.43963E+05
  8.5 1.85202E+06
  9.0 2.31537E+05
  9.5 9.40976E+05
 10.0 7.87280E+05
 10.5 1.29060E+05
 11.0 1.27896E+05
 11.5 2.64571E+05
 12.0 9.89845E+04
 12.5 9.05084E+04
 13.0 8.98406E+04
 13.5 8.87398E+04
 14.0 8.72799E+04
 14.5 8.55290E+04
 15.0 8.35481E+04
 15.5 8.13902E+04
 16.0 7.91007E+04
 16.5 7.67177E+04
 17.0 7.42726E+04
 17.5 7.17912E+04
 18.0 6.92939E+04
 18.5 6.67969E+04
 19.0 6.43129E+04
 19.5 6.18515E+04
 20.0 5.94196E+04
 20.5 5.70226E+04
 21.0 5.46638E+04
 21.5 5.23454E+04
 22.0 5.00686E+04
 22.5 4.78338E+04
 23.0 4.56409E+04
 23.5 4.34891E+04
 24.0 4.13776E+04
 24.5 3.93051E+04
 25.0 3.72705E+04
 25.5 3.52723E+04
 26.0 3.33091E+04
 26.5 3.13796E+04
 27.0 2.94826E+04
 27.5 2.76167E+04
 28.0 2.57809E+04
 28.5 2.39740E+04
 29.0 2.21953E+04
 29.5 2.04438E+04
 30.0 1.87189E+04
 30.5 1.70201E+04
 31.0 1.53468E+04
 31.5 1.36987E+04
 32.0 1.20757E+04
 32.5 1.04776E+04
 33.0 8.90443E+03
 33.5 7.35628E+03
 34.0 5.83336E+03
 34.5 4.33596E+03
 35.0 2.86446E+03
 35.5 1.41934E+03
 36.0 1.17618E+02
