037K08D0W2
  0.5 0.00000E+00
  1.0 0.00000E+00
  1.5 0.00000E+00
  2.0 0.00000E+00
  2.5 0.00000E+00
  3.0 0.00000E+00
  3.5 3.06711E+04
  4.0 3.95488E+04
  4.5 4.85909E+04
  5.0 5.77965E+04
  5.5 6.71725E+04
  6.0 7.66931E+04
  6.5 8.62282E+04
  7.0 9.55018E+04
  7.5 1.04132E+05
  8.0 1.11728E+05
  8.5 1.14658E+06
  9.0 1.22745E+05
  9.5 6.58354E+05
 10.0 5.50905E+05
 10.5 5.53174E+04
 11.0 5.77043E+04
 11.5 1.40550E+05
 12.0 4.25007E+04
 12.5 3.86984E+04
 13.0 4.00786E+04
 13.5 4.13561E+04
 14.0 4.25156E+04
 14.5 4.35429E+04
 15.0 4.44264E+04
 15.5 4.51572E+04
 16.0 4.57299E+04
 16.5 4.61423E+04
 17.0 4.63949E+04
 17.5 4.64912E+04
 18.0 4.64364E+04
 18.5 4.62376E+04
 19.0 4.59028E+04
 19.5 4.54408E+04
 20.0 4.48610E+04
 20.5 4.41726E+04
 21.0 4.33850E+04
 21.5 4.25070E+04
 22.0 4.15474E+04
 22.5 4.05143E+04
 23.0 3.94153E+04
 23.5 3.82575E+04
 24.0 3.70475E+04
 24.5 3.57914E+04
 25.0 3.44947E+04
 25.5 3.31626E+04
 26.0 3.17997E+04
 26.5 3.04103E+04
 27.0 2.89982E+04
 27.5 2.75672E+04
 28.0 2.61203E+04
 28.5 2.46607E+04
 29.0 2.31910E+04
 29.5 2.17140E+04
 30.0 2.02318E+04
 30.5 1.87468E+04
 31.0 1.72610E+04
 31.5 1.57764E+04
 32.0 1.42948E+04
 32.5 1.28180E+04
 33.0 1.13476E+04
 33.5 9.88531E+03
 34.0 8.43262E+03
 34.5 6.99105E+03
 35.0 5.56210E+03
 35.5 4.14719E+03
 36.0 2.74774E+03
 36.5 1.36516E+03
 37.0 1.13305E+02
