037K18D0W2
  0.5 0.00000E+00
  1.0 0.00000E+00
  1.5 0.00000E+00
  2.0 0.00000E+00
  2.5 0.00000E+00
  3.0 0.00000E+00
  3.5 8.23912E+04
  4.0 1.03697E+05
  4.5 1.26494E+05
  5.0 1.50289E+05
  5.5 1.73534E+05
  6.0 1.94169E+05
  6.5 2.10530E+05
  7.0 2.21822E+05
  7.5 2.28079E+05
  8.0 2.29876E+05
  8.5 1.84843E+06
  9.0 2.23416E+05
  9.5 9.52114E+05
 10.0 7.96266E+05
 10.5 1.20347E+05
 11.0 1.20458E+05
 11.5 2.57762E+05
 12.0 9.24001E+04
 12.5 8.44335E+04
 13.0 8.45147E+04
 13.5 8.41452E+04
 14.0 8.33837E+04
 14.5 8.22884E+04
 15.0 8.09146E+04
 15.5 7.93129E+04
 16.0 7.75287E+04
 16.5 7.56016E+04
 17.0 7.35657E+04
 17.5 7.14501E+04
 18.0 6.92788E+04
 18.5 6.70719E+04
 19.0 6.48455E+04
 19.5 6.26129E+04
 20.0 6.03842E+04
 20.5 5.81678E+04
 21.0 5.59697E+04
 21.5 5.37946E+04
 22.0 5.16458E+04
 22.5 4.95258E+04
 23.0 4.74360E+04
 23.5 4.53773E+04
 24.0 4.33500E+04
 24.5 4.13541E+04
 25.0 3.93893E+04
 25.5 3.74550E+04
 26.0 3.55505E+04
 26.5 3.36752E+04
 27.0 3.18282E+04
 27.5 3.00087E+04
 28.0 2.82159E+04
 28.5 2.64490E+04
 29.0 2.47073E+04
 29.5 2.29902E+04
 30.0 2.12971E+04
 30.5 1.96276E+04
 31.0 1.79812E+04
 31.5 1.63576E+04
 32.0 1.47566E+04
 32.5 1.31781E+04
 33.0 1.16220E+04
 33.5 1.00883E+04
 34.0 8.57724E+03
 34.5 7.08891E+03
 35.0 5.62362E+03
 35.5 4.18174E+03
 36.0 2.76368E+03
 36.5 1.36993E+03
 37.0 1.13550E+02
