037K13D0W2
  0.5 0.00000E+00
  1.0 0.00000E+00
  1.5 0.00000E+00
  2.0 0.00000E+00
  2.5 0.00000E+00
  3.0 0.00000E+00
  3.5 5.55718E+04
  4.0 7.02313E+04
  4.5 8.55544E+04
  5.0 1.01587E+05
  5.5 1.18086E+05
  6.0 1.34324E+05
  6.5 1.49244E+05
  7.0 1.61845E+05
  7.5 1.71475E+05
  8.0 1.77918E+05
  8.5 1.58843E+06
  9.0 1.82023E+05
  9.5 8.45669E+05
 10.0 7.07090E+05
 10.5 9.05582E+04
 11.0 9.24702E+04
 11.5 2.10374E+05
 12.0 6.95338E+04
 12.5 6.34274E+04
 13.0 6.45723E+04
 13.5 6.53783E+04
 14.0 6.58575E+04
 14.5 6.60293E+04
 15.0 6.59176E+04
 15.5 6.55490E+04
 16.0 6.49514E+04
 16.5 6.41523E+04
 17.0 6.31781E+04
 17.5 6.20536E+04
 18.0 6.08015E+04
 18.5 5.94423E+04
 19.0 5.79942E+04
 19.5 5.64732E+04
 20.0 5.48932E+04
 20.5 5.32662E+04
 21.0 5.16026E+04
 21.5 4.99110E+04
 22.0 4.81989E+04
 22.5 4.64724E+04
 23.0 4.47369E+04
 23.5 4.29965E+04
 24.0 4.12549E+04
 24.5 3.95150E+04
 25.0 3.77793E+04
 25.5 3.60497E+04
 26.0 3.43280E+04
 26.5 3.26154E+04
 27.0 3.09131E+04
 27.5 2.92220E+04
 28.0 2.75429E+04
 28.5 2.58764E+04
 29.0 2.42232E+04
 29.5 2.25839E+04
 30.0 2.09588E+04
 30.5 1.93485E+04
 31.0 1.77535E+04
 31.5 1.61742E+04
 32.0 1.46112E+04
 32.5 1.30649E+04
 33.0 1.15359E+04
 33.5 1.00247E+04
 34.0 8.53199E+03
 34.5 7.05834E+03
 35.0 5.60443E+03
 35.5 4.17097E+03
 36.0 2.75872E+03
 36.5 1.36845E+03
 37.0 1.13474E+02
