037K20D0W2
  0.5 0.00000E+00
  1.0 0.00000E+00
  1.5 0.00000E+00
  2.0 0.00000E+00
  2.5 0.00000E+00
  3.0 0.00000E+00
  3.5 9.38007E+04
  4.0 1.18092E+05
  4.5 1.44191E+05
  5.0 1.71050E+05
  5.5 1.96394E+05
  6.0 2.17775E+05
  6.5 2.33600E+05
  7.0 2.43421E+05
  7.5 2.47670E+05
  8.0 2.47247E+05
  8.5 1.92496E+06
  9.0 2.36510E+05
  9.5 9.83022E+05
 10.0 8.22280E+05
 10.5 1.30698E+05
 11.0 1.29937E+05
 11.5 2.72699E+05
 12.0 1.00348E+05
 12.5 9.17503E+04
 13.0 9.13067E+04
 13.5 9.04045E+04
 14.0 8.91172E+04
 14.5 8.75133E+04
 15.0 8.56555E+04
 15.5 8.35991E+04
 16.0 8.13918E+04
 16.5 7.90741E+04
 17.0 7.66801E+04
 17.5 7.42377E+04
 18.0 7.17695E+04
 18.5 6.92937E+04
 19.0 6.68246E+04
 19.5 6.43732E+04
 20.0 6.19479E+04
 20.5 5.95548E+04
 21.0 5.71984E+04
 21.5 5.48814E+04
 22.0 5.26058E+04
 22.5 5.03724E+04
 23.0 4.81812E+04
 23.5 4.60321E+04
 24.0 4.39242E+04
 24.5 4.18565E+04
 25.0 3.98277E+04
 25.5 3.78366E+04
 26.0 3.58817E+04
 26.5 3.39616E+04
 27.0 3.20749E+04
 27.5 3.02203E+04
 28.0 2.83966E+04
 28.5 2.66024E+04
 29.0 2.48368E+04
 29.5 2.30988E+04
 30.0 2.13874E+04
 30.5 1.97019E+04
 31.0 1.80418E+04
 31.5 1.64063E+04
 32.0 1.47952E+04
 32.5 1.32081E+04
 33.0 1.16448E+04
 33.5 1.01052E+04
 34.0 8.58921E+03
 34.5 7.09699E+03
 35.0 5.62869E+03
 35.5 4.18458E+03
 36.0 2.76498E+03
 36.5 1.37032E+03
 37.0 1.13570E+02
