038K08D0W2
  0.5 0.00000E+00
  1.0 0.00000E+00
  1.5 0.00000E+00
  2.0 0.00000E+00
  2.5 0.00000E+00
  3.0 0.00000E+00
  3.5 3.00142E+04
  4.0 3.87651E+04
  4.5 4.76852E+04
  5.0 5.67719E+04
  5.5 6.60338E+04
  6.0 7.54572E+04
  6.5 8.49419E+04
  7.0 9.42509E+04
  7.5 1.03031E+05
  8.0 1.10896E+05
  8.5 1.16519E+06
  9.0 1.22722E+05
  9.5 6.76104E+05
 10.0 5.65734E+05
 10.5 5.50389E+04
 11.0 5.75164E+04
 11.5 1.41569E+05
 12.0 4.23564E+04
 12.5 3.85769E+04
 13.0 3.99921E+04
 13.5 4.13114E+04
 14.0 4.25200E+04
 14.5 4.36037E+04
 15.0 4.45506E+04
 15.5 4.53511E+04
 16.0 4.59988E+04
 16.5 4.64906E+04
 17.0 4.68259E+04
 17.5 4.70071E+04
 18.0 4.70386E+04
 18.5 4.69265E+04
 19.0 4.66783E+04
 19.5 4.63021E+04
 20.0 4.58069E+04
 20.5 4.52016E+04
 21.0 4.44953E+04
 21.5 4.36968E+04
 22.0 4.28145E+04
 22.5 4.18567E+04
 23.0 4.08309E+04
 23.5 3.97442E+04
 24.0 3.86034E+04
 24.5 3.74144E+04
 25.0 3.61829E+04
 25.5 3.49141E+04
 26.0 3.36126E+04
 26.5 3.22827E+04
 27.0 3.09285E+04
 27.5 2.95534E+04
 28.0 2.81607E+04
 28.5 2.67535E+04
 29.0 2.53344E+04
 29.5 2.39061E+04
 30.0 2.24708E+04
 30.5 2.10308E+04
 31.0 1.95879E+04
 31.5 1.81442E+04
 32.0 1.67013E+04
 32.5 1.52610E+04
 33.0 1.38249E+04
 33.5 1.23943E+04
 34.0 1.09709E+04
 34.5 9.55606E+03
 35.0 8.15105E+03
 35.5 6.75723E+03
 36.0 5.37591E+03
 36.5 4.00835E+03
 37.0 2.65582E+03
 37.5 1.31955E+03
 38.0 1.09525E+02
