038K09D0W2
  0.5 0.00000E+00
  1.0 0.00000E+00
  1.5 0.00000E+00
  2.0 0.00000E+00
  2.5 0.00000E+00
  3.0 0.00000E+00
  3.5 3.47687E+04
  4.0 4.46076E+04
  4.5 5.46823E+04
  5.0 6.50050E+04
  5.5 7.55901E+04
  6.0 8.63882E+04
  6.5 9.71917E+04
  7.0 1.07609E+05
  7.5 1.17148E+05
  8.0 1.25355E+05
  8.5 1.28297E+06
  9.0 1.36679E+05
  9.5 7.27382E+05
 10.0 6.08456E+05
 10.5 6.24438E+04
 11.0 6.50278E+04
 11.5 1.58636E+05
 12.0 4.80384E+04
 12.5 4.37622E+04
 13.0 4.52497E+04
 13.5 4.65935E+04
 14.0 4.77778E+04
 14.5 4.87903E+04
 15.0 4.96228E+04
 15.5 5.02711E+04
 16.0 5.07349E+04
 16.5 5.10173E+04
 17.0 5.11243E+04
 17.5 5.10643E+04
 18.0 5.08468E+04
 18.5 5.04829E+04
 19.0 4.99839E+04
 19.5 4.93612E+04
 20.0 4.86264E+04
 20.5 4.77904E+04
 21.0 4.68638E+04
 21.5 4.58562E+04
 22.0 4.47769E+04
 22.5 4.36343E+04
 23.0 4.24361E+04
 23.5 4.11893E+04
 24.0 3.99002E+04
 24.5 3.85745E+04
 25.0 3.72173E+04
 25.5 3.58334E+04
 26.0 3.44267E+04
 26.5 3.30011E+04
 27.0 3.15599E+04
 27.5 3.01060E+04
 28.0 2.86422E+04
 28.5 2.71709E+04
 29.0 2.56944E+04
 29.5 2.42147E+04
 30.0 2.27335E+04
 30.5 2.12528E+04
 31.0 1.97739E+04
 31.5 1.82985E+04
 32.0 1.68280E+04
 32.5 1.53636E+04
 33.0 1.39066E+04
 33.5 1.24583E+04
 34.0 1.10198E+04
 34.5 9.59231E+03
 35.0 8.17694E+03
 35.5 6.77479E+03
 36.0 5.38698E+03
 36.5 4.01459E+03
 37.0 2.65870E+03
 37.5 1.32042E+03
 38.0 1.09569E+02
