038K17D0W2
  0.5 0.00000E+00
  1.0 0.00000E+00
  1.5 0.00000E+00
  2.0 0.00000E+00
  2.5 0.00000E+00
  3.0 0.00000E+00
  3.5 7.52645E+04
  4.0 9.47905E+04
  4.5 1.15614E+05
  5.0 1.37556E+05
  5.5 1.59596E+05
  6.0 1.80037E+05
  6.5 1.97220E+05
  7.0 2.10095E+05
  7.5 2.18360E+05
  8.0 2.22297E+05
  8.5 1.86785E+06
  9.0 2.19777E+05
  9.5 9.72323E+05
 10.0 8.12966E+05
 10.5 1.15702E+05
 11.0 1.16604E+05
 11.5 2.55889E+05
 12.0 8.89364E+04
 12.5 8.12410E+04
 13.0 8.17758E+04
 13.5 8.18583E+04
 14.0 8.15360E+04
 14.5 8.08585E+04
 15.0 7.98760E+04
 15.5 7.86360E+04
 16.0 7.71827E+04
 16.5 7.55558E+04
 17.0 7.37906E+04
 17.5 7.19177E+04
 18.0 6.99633E+04
 18.5 6.79495E+04
 19.0 6.58949E+04
 19.5 6.38149E+04
 20.0 6.17219E+04
 20.5 5.96261E+04
 21.0 5.75355E+04
 21.5 5.54565E+04
 22.0 5.33938E+04
 22.5 5.13512E+04
 23.0 4.93313E+04
 23.5 4.73361E+04
 24.0 4.53667E+04
 24.5 4.34240E+04
 25.0 4.15083E+04
 25.5 3.96195E+04
 26.0 3.77575E+04
 26.5 3.59220E+04
 27.0 3.41124E+04
 27.5 3.23282E+04
 28.0 3.05688E+04
 28.5 2.88335E+04
 29.0 2.71219E+04
 29.5 2.54334E+04
 30.0 2.37674E+04
 30.5 2.21234E+04
 31.0 2.05011E+04
 31.5 1.89001E+04
 32.0 1.73201E+04
 32.5 1.57610E+04
 33.0 1.42226E+04
 33.5 1.27049E+04
 34.0 1.12078E+04
 34.5 9.73152E+03
 35.0 8.27617E+03
 35.5 6.84199E+03
 36.0 5.42926E+03
 36.5 4.03835E+03
 37.0 2.66967E+03
 37.5 1.32371E+03
 38.0 1.09738E+02
