038K11D0W2
  0.5 0.00000E+00
  1.0 0.00000E+00
  1.5 0.00000E+00
  2.0 0.00000E+00
  2.5 0.00000E+00
  3.0 0.00000E+00
  3.5 4.44665E+04
  4.0 5.65444E+04
  4.5 6.90339E+04
  5.0 8.19814E+04
  5.5 9.53719E+04
  6.0 1.08964E+05
  6.5 1.22207E+05
  7.0 1.34364E+05
  7.5 1.44745E+05
  8.0 1.52886E+05
  8.5 1.47902E+06
  9.0 1.61951E+05
  9.5 8.11080E+05
 10.0 6.78205E+05
 10.5 7.69226E+04
 11.0 7.94595E+04
 11.5 1.88805E+05
 12.0 5.91511E+04
 12.5 5.39193E+04
 13.0 5.53981E+04
 13.5 5.66315E+04
 14.0 5.76118E+04
 14.5 5.83382E+04
 15.0 5.88161E+04
 15.5 5.90555E+04
 16.0 5.90703E+04
 16.5 5.88768E+04
 17.0 5.84926E+04
 17.5 5.79361E+04
 18.0 5.72253E+04
 18.5 5.63779E+04
 19.0 5.54104E+04
 19.5 5.43383E+04
 20.0 5.31757E+04
 20.5 5.19354E+04
 21.0 5.06289E+04
 21.5 4.92665E+04
 22.0 4.78571E+04
 22.5 4.64088E+04
 23.0 4.49283E+04
 23.5 4.34219E+04
 24.0 4.18947E+04
 24.5 4.03513E+04
 25.0 3.87956E+04
 25.5 3.72309E+04
 26.0 3.56603E+04
 26.5 3.40862E+04
 27.0 3.25108E+04
 27.5 3.09360E+04
 28.0 2.93636E+04
 28.5 2.77949E+04
 29.0 2.62313E+04
 29.5 2.46739E+04
 30.0 2.31238E+04
 30.5 2.15820E+04
 31.0 2.00494E+04
 31.5 1.85267E+04
 32.0 1.70149E+04
 32.5 1.55147E+04
 33.0 1.40269E+04
 33.5 1.25523E+04
 34.0 1.10916E+04
 34.5 9.64550E+03
 35.0 8.21489E+03
 35.5 6.80051E+03
 36.0 5.40318E+03
 36.5 4.02370E+03
 37.0 2.66291E+03
 37.5 1.32168E+03
 38.0 1.09634E+02
