038K13D0W2
  0.5 0.00000E+00
  1.0 0.00000E+00
  1.5 0.00000E+00
  2.0 0.00000E+00
  2.5 0.00000E+00
  3.0 0.00000E+00
  3.5 5.44286E+04
  4.0 6.88506E+04
  4.5 8.39220E+04
  5.0 9.97061E+04
  5.5 1.16036E+05
  6.0 1.32293E+05
  6.5 1.47493E+05
  7.0 1.60628E+05
  7.5 1.70979E+05
  8.0 1.78236E+05
  8.5 1.63514E+06
  9.0 1.83933E+05
  9.5 8.76491E+05
 10.0 7.32781E+05
 10.5 9.07107E+04
 11.0 9.29019E+04
 11.5 2.14520E+05
 12.0 6.97379E+04
 12.5 6.36150E+04
 13.0 6.49039E+04
 13.5 6.58565E+04
 14.0 6.64815E+04
 14.5 6.67950E+04
 15.0 6.68186E+04
 15.5 6.65775E+04
 16.0 6.60984E+04
 16.5 6.54085E+04
 17.0 6.45340E+04
 17.5 6.35003E+04
 18.0 6.23304E+04
 18.5 6.10455E+04
 19.0 5.96646E+04
 19.5 5.82043E+04
 20.0 5.66795E+04
 20.5 5.51028E+04
 21.0 5.34853E+04
 21.5 5.18363E+04
 22.0 5.01638E+04
 22.5 4.84745E+04
 23.0 4.67742E+04
 23.5 4.50673E+04
 24.0 4.33580E+04
 24.5 4.16494E+04
 25.0 3.99440E+04
 25.5 3.82442E+04
 26.0 3.65516E+04
 26.5 3.48678E+04
 27.0 3.31937E+04
 27.5 3.15306E+04
 28.0 2.98790E+04
 28.5 2.82397E+04
 29.0 2.66131E+04
 29.5 2.49999E+04
 30.0 2.34003E+04
 30.5 2.18148E+04
 31.0 2.02438E+04
 31.5 1.86876E+04
 32.0 1.71465E+04
 32.5 1.56210E+04
 33.0 1.41114E+04
 33.5 1.26182E+04
 34.0 1.11418E+04
 34.5 9.68271E+03
 35.0 8.24141E+03
 35.5 6.81847E+03
 36.0 5.41448E+03
 36.5 4.03005E+03
 37.0 2.66584E+03
 37.5 1.32256E+03
 38.0 1.09679E+02
