038K14D0W2
  0.5 0.00000E+00
  1.0 0.00000E+00
  1.5 0.00000E+00
  2.0 0.00000E+00
  2.5 0.00000E+00
  3.0 0.00000E+00
  3.5 5.95170E+04
  4.0 7.51582E+04
  4.5 9.15916E+04
  5.0 1.08866E+05
  5.5 1.26673E+05
  6.0 1.44149E+05
  6.5 1.60095E+05
  7.0 1.73427E+05
  7.5 1.83478E+05
  8.0 1.90061E+05
  8.5 1.70179E+06
  9.0 1.93824E+05
  9.5 9.04131E+05
 10.0 7.55873E+05
 10.5 9.72918E+04
 11.0 9.92220E+04
 11.5 2.25987E+05
 12.0 7.47924E+04
 12.5 6.82503E+04
 13.0 6.93895E+04
 13.5 7.01548E+04
 14.0 7.05643E+04
 14.5 7.06431E+04
 15.0 7.04208E+04
 15.5 6.99293E+04
 16.0 6.92007E+04
 16.5 6.82666E+04
 17.0 6.71564E+04
 17.5 6.58976E+04
 18.0 6.45148E+04
 18.5 6.30301E+04
 19.0 6.14628E+04
 19.5 5.98297E+04
 20.0 5.81453E+04
 20.5 5.64218E+04
 21.0 5.46697E+04
 21.5 5.28978E+04
 22.0 5.11132E+04
 22.5 4.93220E+04
 23.0 4.75290E+04
 23.5 4.57384E+04
 24.0 4.39532E+04
 24.5 4.21760E+04
 25.0 4.04089E+04
 25.5 3.86535E+04
 26.0 3.69110E+04
 26.5 3.51823E+04
 27.0 3.34681E+04
 27.5 3.17691E+04
 28.0 3.00854E+04
 28.5 2.84176E+04
 29.0 2.67657E+04
 29.5 2.51300E+04
 30.0 2.35105E+04
 30.5 2.19075E+04
 31.0 2.03212E+04
 31.5 1.87515E+04
 32.0 1.71988E+04
 32.5 1.56632E+04
 33.0 1.41449E+04
 33.5 1.26443E+04
 34.0 1.11617E+04
 34.5 9.69743E+03
 35.0 8.25190E+03
 35.5 6.82557E+03
 36.0 5.41894E+03
 36.5 4.03255E+03
 37.0 2.66700E+03
 37.5 1.32291E+03
 38.0 1.09697E+02
