038K10D0W2
  0.5 0.00000E+00
  1.0 0.00000E+00
  1.5 0.00000E+00
  2.0 0.00000E+00
  2.5 0.00000E+00
  3.0 0.00000E+00
  3.5 3.95858E+04
  4.0 5.05326E+04
  4.5 6.17957E+04
  5.0 7.34044E+04
  5.5 8.53684E+04
  6.0 9.75653E+04
  6.5 1.09634E+05
  7.0 1.21010E+05
  7.5 1.31085E+05
  8.0 1.39376E+05
  8.5 1.38685E+06
  9.0 1.49749E+05
  9.5 7.71967E+05
 10.0 6.45604E+05
 10.5 6.97538E+04
 11.0 7.23559E+04
 11.5 1.74338E+05
 12.0 5.36484E+04
 12.5 4.88871E+04
 13.0 5.03953E+04
 13.5 5.17085E+04
 14.0 5.28139E+04
 14.5 5.37038E+04
 15.0 5.43761E+04
 15.5 5.48333E+04
 16.0 5.50822E+04
 16.5 5.51326E+04
 17.0 5.49967E+04
 17.5 5.46881E+04
 18.0 5.42212E+04
 18.5 5.36107E+04
 19.0 5.28709E+04
 19.5 5.20158E+04
 20.0 5.10585E+04
 20.5 5.00111E+04
 21.0 4.88849E+04
 21.5 4.76902E+04
 22.0 4.64362E+04
 22.5 4.51312E+04
 23.0 4.37827E+04
 23.5 4.23972E+04
 24.0 4.09806E+04
 24.5 3.95380E+04
 25.0 3.80741E+04
 25.5 3.65928E+04
 26.0 3.50977E+04
 26.5 3.35918E+04
 27.0 3.20779E+04
 27.5 3.05585E+04
 28.0 2.90358E+04
 28.5 2.75116E+04
 29.0 2.59877E+04
 29.5 2.44656E+04
 30.0 2.29470E+04
 30.5 2.14329E+04
 31.0 1.99247E+04
 31.5 1.84235E+04
 32.0 1.69304E+04
 32.5 1.54464E+04
 33.0 1.39726E+04
 33.5 1.25098E+04
 34.0 1.10592E+04
 34.5 9.62149E+03
 35.0 8.19776E+03
 35.5 6.78891E+03
 36.0 5.39587E+03
 36.5 4.01959E+03
 37.0 2.66101E+03
 37.5 1.32111E+03
 38.0 1.09605E+02
