038K20D0W2
  0.5 0.00000E+00
  1.0 0.00000E+00
  1.5 0.00000E+00
  2.0 0.00000E+00
  2.5 0.00000E+00
  3.0 0.00000E+00
  3.5 9.18529E+04
  4.0 1.15667E+05
  4.5 1.41310E+05
  5.0 1.67971E+05
  5.5 1.93598E+05
  6.0 2.15772E+05
  6.5 2.32755E+05
  7.0 2.43894E+05
  7.5 2.49443E+05
  8.0 2.50187E+05
  8.5 1.99671E+06
  9.0 2.41200E+05
  9.5 1.02464E+06
 10.0 8.56928E+05
 10.5 1.32164E+05
 11.0 1.31813E+05
 11.5 2.80471E+05
 12.0 1.01588E+05
 12.5 9.28838E+04
 13.0 9.26676E+04
 13.5 9.19693E+04
 14.0 9.08606E+04
 14.5 8.94105E+04
 15.0 8.76826E+04
 15.5 8.57340E+04
 16.0 8.36147E+04
 16.5 8.13676E+04
 17.0 7.90289E+04
 17.5 7.66291E+04
 18.0 7.41927E+04
 18.5 7.17398E+04
 19.0 6.92866E+04
 19.5 6.68455E+04
 20.0 6.44263E+04
 20.5 6.20362E+04
 21.0 5.96806E+04
 21.5 5.73631E+04
 22.0 5.50862E+04
 22.5 5.28514E+04
 23.0 5.06591E+04
 23.5 4.85094E+04
 24.0 4.64017E+04
 24.5 4.43352E+04
 25.0 4.23089E+04
 25.5 4.03213E+04
 26.0 3.83712E+04
 26.5 3.64571E+04
 27.0 3.45776E+04
 27.5 3.27312E+04
 28.0 3.09166E+04
 28.5 2.91325E+04
 29.0 2.73776E+04
 29.5 2.56508E+04
 30.0 2.39512E+04
 30.5 2.22777E+04
 31.0 2.06296E+04
 31.5 1.90061E+04
 32.0 1.74066E+04
 32.5 1.58307E+04
 33.0 1.42779E+04
 33.5 1.27479E+04
 34.0 1.12406E+04
 34.5 9.75573E+03
 35.0 8.29340E+03
 35.5 6.85363E+03
 36.0 5.43658E+03
 36.5 4.04245E+03
 37.0 2.67156E+03
 37.5 1.32427E+03
 38.0 1.09767E+02
