039K06D0W2
  0.5 0.00000E+00
  1.0 0.00000E+00
  1.5 0.00000E+00
  2.0 0.00000E+00
  2.5 0.00000E+00
  3.0 0.00000E+00
  3.5 2.02488E+04
  4.0 2.67771E+04
  4.5 3.33879E+04
  5.0 4.00563E+04
  5.5 4.67732E+04
  6.0 5.35352E+04
  6.5 6.03337E+04
  7.0 6.71330E+04
  7.5 7.38445E+04
  8.0 8.03177E+04
  8.5 8.80309E+05
  9.0 9.17760E+04
  9.5 5.55970E+05
 10.0 4.65629E+05
 10.5 3.99207E+04
 11.0 4.19654E+04
 11.5 1.02521E+05
 12.0 3.08177E+04
 12.5 2.80756E+04
 13.0 2.92148E+04
 13.5 3.03271E+04
 14.0 3.14097E+04
 14.5 3.24566E+04
 15.0 3.34599E+04
 15.5 3.44099E+04
 16.0 3.52959E+04
 16.5 3.61072E+04
 17.0 3.68338E+04
 17.5 3.74669E+04
 18.0 3.79993E+04
 18.5 3.84256E+04
 19.0 3.87421E+04
 19.5 3.89471E+04
 20.0 3.90403E+04
 20.5 3.90231E+04
 21.0 3.88979E+04
 21.5 3.86681E+04
 22.0 3.83379E+04
 22.5 3.79121E+04
 23.0 3.73960E+04
 23.5 3.67950E+04
 24.0 3.61146E+04
 24.5 3.53605E+04
 25.0 3.45380E+04
 25.5 3.36526E+04
 26.0 3.27096E+04
 26.5 3.17139E+04
 27.0 3.06703E+04
 27.5 2.95833E+04
 28.0 2.84573E+04
 28.5 2.72963E+04
 29.0 2.61041E+04
 29.5 2.48843E+04
 30.0 2.36403E+04
 30.5 2.23753E+04
 31.0 2.10923E+04
 31.5 1.97940E+04
 32.0 1.84831E+04
 32.5 1.71621E+04
 33.0 1.58333E+04
 33.5 1.44991E+04
 34.0 1.31614E+04
 34.5 1.18223E+04
 35.0 1.04838E+04
 35.5 9.14758E+03
 36.0 7.81551E+03
 36.5 6.48924E+03
 37.0 5.17042E+03
 37.5 3.86063E+03
 38.0 2.56141E+03
 38.5 1.27426E+03
 39.0 1.05844E+02
