039K07D0W2
  0.5 0.00000E+00
  1.0 0.00000E+00
  1.5 0.00000E+00
  2.0 0.00000E+00
  2.5 0.00000E+00
  3.0 0.00000E+00
  3.5 2.47857E+04
  4.0 3.23594E+04
  4.5 4.00544E+04
  5.0 4.78558E+04
  5.5 5.57627E+04
  6.0 6.37749E+04
  6.5 7.18661E+04
  7.0 7.99404E+04
  7.5 8.78075E+04
  8.0 9.52045E+04
  8.5 1.04064E+06
  9.0 1.07518E+05
  9.5 6.29722E+05
 10.0 5.27121E+05
 10.5 4.73066E+04
 11.0 4.96429E+04
 11.5 1.23186E+05
 12.0 3.64924E+04
 12.5 3.32447E+04
 13.0 3.45563E+04
 13.5 3.58157E+04
 14.0 3.70133E+04
 14.5 3.81379E+04
 15.0 3.91775E+04
 15.5 4.01204E+04
 16.0 4.09560E+04
 16.5 4.16756E+04
 17.0 4.22722E+04
 17.5 4.27417E+04
 18.0 4.30817E+04
 18.5 4.32921E+04
 19.0 4.33747E+04
 19.5 4.33328E+04
 20.0 4.31709E+04
 20.5 4.28946E+04
 21.0 4.25098E+04
 21.5 4.20233E+04
 22.0 4.14419E+04
 22.5 4.07723E+04
 23.0 4.00216E+04
 23.5 3.91963E+04
 24.0 3.83029E+04
 24.5 3.73475E+04
 25.0 3.63359E+04
 25.5 3.52736E+04
 26.0 3.41658E+04
 26.5 3.30172E+04
 27.0 3.18322E+04
 27.5 3.06151E+04
 28.0 2.93696E+04
 28.5 2.80994E+04
 29.0 2.68076E+04
 29.5 2.54974E+04
 30.0 2.41717E+04
 30.5 2.28329E+04
 31.0 2.14836E+04
 31.5 2.01261E+04
 32.0 1.87625E+04
 32.5 1.73949E+04
 33.0 1.60250E+04
 33.5 1.46548E+04
 34.0 1.32860E+04
 34.5 1.19201E+04
 35.0 1.05587E+04
 35.5 9.20335E+03
 36.0 7.85545E+03
 36.5 6.51641E+03
 37.0 5.18759E+03
 37.5 3.87032E+03
 38.0 2.56590E+03
 38.5 1.27561E+03
 39.0 1.05914E+02
