039K09D0W2
  0.5 0.00000E+00
  1.0 0.00000E+00
  1.5 0.00000E+00
  2.0 0.00000E+00
  2.5 0.00000E+00
  3.0 0.00000E+00
  3.5 3.40555E+04
  4.0 4.37545E+04
  4.5 5.36914E+04
  5.0 6.38765E+04
  5.5 7.43277E+04
  6.0 8.50158E+04
  6.5 9.57752E+04
  7.0 1.06260E+05
  7.5 1.16006E+05
  8.0 1.24552E+05
  8.5 1.30592E+06
  9.0 1.36827E+05
  9.5 7.47290E+05
 10.0 6.25085E+05
 10.5 6.21663E+04
 11.0 6.48680E+04
 11.5 1.60025E+05
 12.0 4.79046E+04
 12.5 4.36520E+04
 13.0 4.51912E+04
 13.5 4.65947E+04
 14.0 4.78465E+04
 14.5 4.89333E+04
 15.0 4.98459E+04
 15.5 5.05786E+04
 16.0 5.11298E+04
 16.5 5.15013E+04
 17.0 5.16980E+04
 17.5 5.17272E+04
 18.0 5.15978E+04
 18.5 5.13199E+04
 19.0 5.09046E+04
 19.5 5.03631E+04
 20.0 4.97066E+04
 20.5 4.89459E+04
 21.0 4.80917E+04
 21.5 4.71537E+04
 22.0 4.61413E+04
 22.5 4.50630E+04
 23.0 4.39266E+04
 23.5 4.27394E+04
 24.0 4.15077E+04
 24.5 4.02375E+04
 25.0 3.89340E+04
 25.5 3.76021E+04
 26.0 3.62458E+04
 26.5 3.48691E+04
 27.0 3.34753E+04
 27.5 3.20675E+04
 28.0 3.06485E+04
 28.5 2.92207E+04
 29.0 2.77863E+04
 29.5 2.63474E+04
 30.0 2.49058E+04
 30.5 2.34633E+04
 31.0 2.20212E+04
 31.5 2.05812E+04
 32.0 1.91444E+04
 32.5 1.77123E+04
 33.0 1.62859E+04
 33.5 1.48664E+04
 34.0 1.34548E+04
 34.5 1.20523E+04
 35.0 1.06599E+04
 35.5 9.27854E+03
 36.0 7.90922E+03
 36.5 6.55293E+03
 37.0 5.21064E+03
 37.5 3.88331E+03
 38.0 2.57192E+03
 38.5 1.27741E+03
 39.0 1.06007E+02
