039K08D0W2
  0.5 0.00000E+00
  1.0 0.00000E+00
  1.5 0.00000E+00
  2.0 0.00000E+00
  2.5 0.00000E+00
  3.0 0.00000E+00
  3.5 2.93895E+04
  4.0 3.80184E+04
  4.5 4.68207E+04
  5.0 5.57926E+04
  5.5 6.49429E+04
  6.0 7.42671E+04
  6.5 8.36900E+04
  7.0 9.30109E+04
  7.5 1.01907E+05
  8.0 1.10004E+05
  8.5 1.18166E+06
  9.0 1.22572E+05
  9.5 6.92810E+05
 10.0 5.79696E+05
 10.5 5.47420E+04
 11.0 5.73018E+04
 11.5 1.42338E+05
 12.0 4.22030E+04
 12.5 3.84501E+04
 13.0 3.98983E+04
 13.5 4.12567E+04
 14.0 4.25110E+04
 14.5 4.36474E+04
 15.0 4.46535E+04
 15.5 4.55193E+04
 16.0 4.62376E+04
 16.5 4.68042E+04
 17.0 4.72176E+04
 17.5 4.74792E+04
 18.0 4.75924E+04
 18.5 4.75627E+04
 19.0 4.73967E+04
 19.5 4.71021E+04
 20.0 4.66874E+04
 20.5 4.61611E+04
 21.0 4.55320E+04
 21.5 4.48089E+04
 22.0 4.40001E+04
 22.5 4.31138E+04
 23.0 4.21574E+04
 23.5 4.11381E+04
 24.0 4.00627E+04
 24.5 3.89373E+04
 25.0 3.77675E+04
 25.5 3.65586E+04
 26.0 3.53153E+04
 26.5 3.40420E+04
 27.0 3.27426E+04
 27.5 3.14208E+04
 28.0 3.00798E+04
 28.5 2.87227E+04
 29.0 2.73522E+04
 29.5 2.59708E+04
 30.0 2.45809E+04
 30.5 2.31845E+04
 31.0 2.17837E+04
 31.5 2.03803E+04
 32.0 1.89760E+04
 32.5 1.75724E+04
 33.0 1.61710E+04
 33.5 1.47733E+04
 34.0 1.33806E+04
 34.5 1.19942E+04
 35.0 1.06154E+04
 35.5 9.24551E+03
 36.0 7.88562E+03
 36.5 6.53691E+03
 37.0 5.20053E+03
 37.5 3.87762E+03
 38.0 2.56928E+03
 38.5 1.27662E+03
 39.0 1.05966E+02
