039K17D0W2
  0.5 0.00000E+00
  1.0 0.00000E+00
  1.5 0.00000E+00
  2.0 0.00000E+00
  2.5 0.00000E+00
  3.0 0.00000E+00
  3.5 7.37647E+04
  4.0 9.29470E+04
  4.5 1.13400E+05
  5.0 1.35040E+05
  5.5 1.57021E+05
  6.0 1.77775E+05
  6.5 1.95639E+05
  7.0 2.09458E+05
  7.5 2.18786E+05
  8.0 2.23781E+05
  8.5 1.92884E+06
  9.0 2.23056E+05
  9.5 1.00940E+06
 10.0 8.43848E+05
 10.5 1.16413E+05
 11.0 1.17689E+05
 11.5 2.61898E+05
 12.0 8.95944E+04
 12.5 8.18448E+04
 13.0 8.25832E+04
 13.5 8.28591E+04
 14.0 8.27159E+04
 14.5 8.22015E+04
 15.0 8.13648E+04
 15.5 8.02532E+04
 16.0 7.89115E+04
 16.5 7.73806E+04
 17.0 7.56968E+04
 17.5 7.38924E+04
 18.0 7.19952E+04
 18.5 7.00287E+04
 19.0 6.80131E+04
 19.5 6.59649E+04
 20.0 6.38980E+04
 20.5 6.18236E+04
 21.0 5.97506E+04
 21.5 5.76862E+04
 22.0 5.56361E+04
 22.5 5.36044E+04
 23.0 5.15945E+04
 23.5 4.96087E+04
 24.0 4.76485E+04
 24.5 4.57149E+04
 25.0 4.38085E+04
 25.5 4.19296E+04
 26.0 4.00779E+04
 26.5 3.82533E+04
 27.0 3.64552E+04
 27.5 3.46831E+04
 28.0 3.29365E+04
 28.5 3.12145E+04
 29.0 2.95167E+04
 29.5 2.78423E+04
 30.0 2.61907E+04
 30.5 2.45613E+04
 31.0 2.29537E+04
 31.5 2.13672E+04
 32.0 1.98016E+04
 32.5 1.82565E+04
 33.0 1.67316E+04
 33.5 1.52267E+04
 34.0 1.37416E+04
 34.5 1.22763E+04
 35.0 1.08309E+04
 35.5 9.40526E+03
 36.0 7.99965E+03
 36.5 6.61423E+03
 37.0 5.24925E+03
 37.5 3.90503E+03
 38.0 2.58195E+03
 38.5 1.28043E+03
 39.0 1.06161E+02
