039K18D0W2
  0.5 0.00000E+00
  1.0 0.00000E+00
  1.5 0.00000E+00
  2.0 0.00000E+00
  2.5 0.00000E+00
  3.0 0.00000E+00
  3.5 7.90811E+04
  4.0 9.96095E+04
  4.5 1.21594E+05
  5.0 1.44825E+05
  5.5 1.68159E+05
  6.0 1.89749E+05
  6.5 2.07825E+05
  7.0 2.21298E+05
  7.5 2.29880E+05
  8.0 2.33897E+05
  8.5 1.97862E+06
  9.0 2.31027E+05
  9.5 1.02974E+06
 10.0 8.60906E+05
 10.5 1.22299E+05
 11.0 1.23192E+05
 11.5 2.71105E+05
 12.0 9.41216E+04
 12.5 8.60077E+04
 13.0 8.65183E+04
 13.5 8.65476E+04
 14.0 8.61484E+04
 14.5 8.53760E+04
 15.0 8.42853E+04
 15.5 8.29280E+04
 16.0 8.13520E+04
 16.5 7.95999E+04
 17.0 7.77095E+04
 17.5 7.57132E+04
 18.0 7.36388E+04
 18.5 7.15096E+04
 19.0 6.93452E+04
 19.5 6.71613E+04
 20.0 6.49710E+04
 20.5 6.27846E+04
 21.0 6.06101E+04
 21.5 5.84541E+04
 22.0 5.63211E+04
 22.5 5.42148E+04
 23.0 5.21376E+04
 23.5 5.00912E+04
 24.0 4.80765E+04
 24.5 4.60940E+04
 25.0 4.41437E+04
 25.5 4.22253E+04
 26.0 4.03383E+04
 26.5 3.84820E+04
 27.0 3.66556E+04
 27.5 3.48582E+04
 28.0 3.30890E+04
 28.5 3.13469E+04
 29.0 2.96311E+04
 29.5 2.79408E+04
 30.0 2.62751E+04
 30.5 2.46332E+04
 31.0 2.30145E+04
 31.5 2.14184E+04
 32.0 1.98443E+04
 32.5 1.82918E+04
 33.0 1.67604E+04
 33.5 1.52499E+04
 34.0 1.37601E+04
 34.5 1.22907E+04
 35.0 1.08418E+04
 35.5 9.41338E+03
 36.0 8.00544E+03
 36.5 6.61814E+03
 37.0 5.25171E+03
 37.5 3.90642E+03
 38.0 2.58259E+03
 38.5 1.28062E+03
 39.0 1.06171E+02
