039K19D0W2
  0.5 0.00000E+00
  1.0 0.00000E+00
  1.5 0.00000E+00
  2.0 0.00000E+00
  2.5 0.00000E+00
  3.0 0.00000E+00
  3.5 8.44932E+04
  4.0 1.06413E+05
  4.5 1.29978E+05
  5.0 1.54803E+05
  5.5 1.79419E+05
  6.0 2.01709E+05
  6.5 2.19842E+05
  7.0 2.32835E+05
  7.5 2.40576E+05
  8.0 2.43561E+05
  8.5 2.02460E+06
  9.0 2.38531E+05
  9.5 1.04847E+06
 10.0 8.76628E+05
 10.5 1.27980E+05
 11.0 1.28467E+05
 11.5 2.79764E+05
 12.0 9.84921E+04
 12.5 9.00289E+04
 13.0 9.02970E+04
 13.5 9.00701E+04
 14.0 8.94097E+04
 14.5 8.83783E+04
 15.0 8.70356E+04
 15.5 8.54372E+04
 16.0 8.36332E+04
 16.5 8.16677E+04
 17.0 7.95791E+04
 17.5 7.73999E+04
 18.0 7.51576E+04
 18.5 7.28751E+04
 19.0 7.05709E+04
 19.5 6.82600E+04
 20.0 6.59547E+04
 20.5 6.36641E+04
 21.0 6.13958E+04
 21.5 5.91549E+04
 22.0 5.69456E+04
 22.5 5.47706E+04
 23.0 5.26316E+04
 23.5 5.05296E+04
 24.0 4.84651E+04
 24.5 4.64378E+04
 25.0 4.44474E+04
 25.5 4.24931E+04
 26.0 4.05739E+04
 26.5 3.86889E+04
 27.0 3.68367E+04
 27.5 3.50164E+04
 28.0 3.32267E+04
 28.5 3.14664E+04
 29.0 2.97344E+04
 29.5 2.80296E+04
 30.0 2.63512E+04
 30.5 2.46980E+04
 31.0 2.30694E+04
 31.5 2.14645E+04
 32.0 1.98827E+04
 32.5 1.83235E+04
 33.0 1.67863E+04
 33.5 1.52708E+04
 34.0 1.37767E+04
 34.5 1.23037E+04
 35.0 1.08517E+04
 35.5 9.42068E+03
 36.0 8.01064E+03
 36.5 6.62166E+03
 37.0 5.25392E+03
 37.5 3.90766E+03
 38.0 2.58316E+03
 38.5 1.28079E+03
 39.0 1.06180E+02
