039K15D0W2
  0.5 0.00000E+00
  1.0 0.00000E+00
  1.5 0.00000E+00
  2.0 0.00000E+00
  2.5 0.00000E+00
  3.0 0.00000E+00
  3.5 6.33952E+04
  4.0 8.00108E+04
  4.5 9.75525E+04
  5.0 1.16071E+05
  5.5 1.35184E+05
  6.0 1.53888E+05
  6.5 1.70849E+05
  7.0 1.84902E+05
  7.5 1.95369E+05
  8.0 2.02095E+05
  8.5 1.81575E+06
  9.0 2.05540E+05
  9.5 9.62900E+05
 10.0 8.04919E+05
 10.5 1.04012E+05
 11.0 1.05964E+05
 11.5 2.41607E+05
 12.0 8.00581E+04
 12.5 7.30850E+04
 13.0 7.42208E+04
 13.5 7.49481E+04
 14.0 7.52909E+04
 14.5 7.52798E+04
 15.0 7.49502E+04
 15.5 7.43386E+04
 16.0 7.34818E+04
 16.5 7.24148E+04
 17.0 7.11703E+04
 17.5 6.97781E+04
 18.0 6.82649E+04
 18.5 6.66543E+04
 19.0 6.49666E+04
 19.5 6.32197E+04
 20.0 6.14283E+04
 20.5 5.96054E+04
 21.0 5.77613E+04
 21.5 5.59049E+04
 22.0 5.40433E+04
 22.5 5.21824E+04
 23.0 5.03269E+04
 23.5 4.84804E+04
 24.0 4.66460E+04
 24.5 4.48257E+04
 25.0 4.30214E+04
 25.5 4.12342E+04
 26.0 3.94649E+04
 26.5 3.77142E+04
 27.0 3.59824E+04
 27.5 3.42697E+04
 28.0 3.25760E+04
 28.5 3.09014E+04
 29.0 2.92458E+04
 29.5 2.76089E+04
 30.0 2.59906E+04
 30.5 2.43907E+04
 31.0 2.28091E+04
 31.5 2.12457E+04
 32.0 1.97002E+04
 32.5 1.81727E+04
 33.0 1.66630E+04
 33.5 1.51713E+04
 34.0 1.36976E+04
 34.5 1.22420E+04
 35.0 1.08047E+04
 35.5 9.38592E+03
 36.0 7.98586E+03
 36.5 6.60489E+03
 37.0 5.24337E+03
 37.5 3.90173E+03
 38.0 2.58042E+03
 38.5 1.27997E+03
 39.0 1.06138E+02
