039K16D0W2
  0.5 0.00000E+00
  1.0 0.00000E+00
  1.5 0.00000E+00
  2.0 0.00000E+00
  2.5 0.00000E+00
  3.0 0.00000E+00
  3.5 6.85379E+04
  4.0 8.64170E+04
  4.5 1.05389E+05
  5.0 1.25455E+05
  5.5 1.46023E+05
  6.0 1.65812E+05
  6.5 1.83305E+05
  7.0 1.97322E+05
  7.5 2.07284E+05
  8.0 2.13188E+05
  8.5 1.87475E+06
  9.0 2.14576E+05
  9.5 9.87213E+05
 10.0 8.25261E+05
 10.5 1.10318E+05
 11.0 1.11949E+05
 11.5 2.52087E+05
 12.0 8.49070E+04
 12.5 7.75375E+04
 13.0 7.84856E+04
 13.5 7.89954E+04
 14.0 7.91007E+04
 14.5 7.88409E+04
 15.0 7.82586E+04
 15.5 7.73962E+04
 16.0 7.62946E+04
 16.5 7.49921E+04
 17.0 7.35238E+04
 17.5 7.19207E+04
 18.0 7.02104E+04
 18.5 6.84165E+04
 19.0 6.65595E+04
 19.5 6.46567E+04
 20.0 6.27225E+04
 20.5 6.07688E+04
 21.0 5.88056E+04
 21.5 5.68408E+04
 22.0 5.48807E+04
 22.5 5.29306E+04
 23.0 5.09943E+04
 23.5 4.90748E+04
 24.0 4.71743E+04
 24.5 4.52946E+04
 25.0 4.34367E+04
 25.5 4.16012E+04
 26.0 3.97886E+04
 26.5 3.79989E+04
 27.0 3.62322E+04
 27.5 3.44882E+04
 28.0 3.27666E+04
 28.5 3.10670E+04
 29.0 2.93891E+04
 29.5 2.77324E+04
 30.0 2.60965E+04
 30.5 2.44810E+04
 31.0 2.28857E+04
 31.5 2.13100E+04
 32.0 1.97539E+04
 32.5 1.82171E+04
 33.0 1.66994E+04
 33.5 1.52007E+04
 34.0 1.37209E+04
 34.5 1.22602E+04
 35.0 1.08186E+04
 35.5 9.39617E+03
 36.0 7.99317E+03
 36.5 6.60984E+03
 37.0 5.24649E+03
 37.5 3.90348E+03
 38.0 2.58123E+03
 38.5 1.28021E+03
 39.0 1.06150E+02
