040K09D0W2
  0.5 0.00000E+00
  1.0 0.00000E+00
  1.5 0.00000E+00
  2.0 0.00000E+00
  2.5 0.00000E+00
  3.0 0.00000E+00
  3.5 3.33764E+04
  4.0 4.29409E+04
  4.5 5.27452E+04
  5.0 6.27977E+04
  5.5 7.31180E+04
  6.0 8.36924E+04
  6.5 9.43917E+04
  7.0 1.04915E+05
  7.5 1.14828E+05
  8.0 1.23672E+05
  8.5 1.32675E+06
  9.0 1.36831E+05
  9.5 7.66172E+05
 10.0 6.40862E+05
 10.5 6.18629E+04
 11.0 6.46720E+04
 11.5 1.61180E+05
 12.0 4.77553E+04
 12.5 4.35306E+04
 13.0 4.51180E+04
 13.5 4.65776E+04
 14.0 4.78929E+04
 14.5 4.90502E+04
 15.0 5.00389E+04
 15.5 5.08523E+04
 16.0 5.14873E+04
 16.5 5.19446E+04
 17.0 5.22278E+04
 17.5 5.23432E+04
 18.0 5.22989E+04
 18.5 5.21044E+04
 19.0 5.17702E+04
 19.5 5.13071E+04
 20.0 5.07262E+04
 20.5 5.00383E+04
 21.0 4.92538E+04
 21.5 4.83828E+04
 22.0 4.74345E+04
 22.5 4.64177E+04
 23.0 4.53404E+04
 23.5 4.42099E+04
 24.0 4.30328E+04
 24.5 4.18152E+04
 25.0 4.05625E+04
 25.5 3.92796E+04
 26.0 3.79709E+04
 26.5 3.66403E+04
 27.0 3.52913E+04
 27.5 3.39270E+04
 28.0 3.25503E+04
 28.5 3.11636E+04
 29.0 2.97693E+04
 29.5 2.83693E+04
 30.0 2.69655E+04
 30.5 2.55596E+04
 31.0 2.41530E+04
 31.5 2.27473E+04
 32.0 2.13436E+04
 32.5 1.99432E+04
 33.0 1.85471E+04
 33.5 1.71566E+04
 34.0 1.57725E+04
 34.5 1.43959E+04
 35.0 1.30277E+04
 35.5 1.16688E+04
 36.0 1.03200E+04
 36.5 8.98236E+03
 37.0 7.65662E+03
 37.5 6.34366E+03
 38.0 5.04434E+03
 38.5 3.75953E+03
 39.0 2.49009E+03
 39.5 1.23687E+03
 40.0 1.02648E+02
