040K08D0W2
  0.5 0.00000E+00
  1.0 0.00000E+00
  1.5 0.00000E+00
  2.0 0.00000E+00
  2.5 0.00000E+00
  3.0 0.00000E+00
  3.5 2.87947E+04
  4.0 3.73061E+04
  4.5 4.59948E+04
  5.0 5.48557E+04
  5.5 6.38974E+04
  6.0 7.31218E+04
  6.5 8.24743E+04
  7.0 9.17875E+04
  7.5 1.00770E+05
  8.0 1.09063E+05
  8.5 1.19603E+06
  9.0 1.22308E+05
  9.5 7.08464E+05
 10.0 5.92781E+05
 10.5 5.44299E+04
 11.0 5.70639E+04
 11.5 1.42894E+05
 12.0 4.20412E+04
 12.5 3.83183E+04
 13.0 3.97973E+04
 13.5 4.11924E+04
 14.0 4.24897E+04
 14.5 4.36755E+04
 15.0 4.47373E+04
 15.5 4.56645E+04
 16.0 4.64494E+04
 16.5 4.70867E+04
 17.0 4.75742E+04
 17.5 4.79122E+04
 18.0 4.81033E+04
 18.5 4.81520E+04
 19.0 4.80645E+04
 19.5 4.78478E+04
 20.0 4.75098E+04
 20.5 4.70590E+04
 21.0 4.65036E+04
 21.5 4.58525E+04
 22.0 4.51137E+04
 22.5 4.42953E+04
 23.0 4.34049E+04
 23.5 4.24497E+04
 24.0 4.14365E+04
 24.5 4.03713E+04
 25.0 3.92600E+04
 25.5 3.81079E+04
 26.0 3.69198E+04
 26.5 3.57000E+04
 27.0 3.44527E+04
 27.5 3.31814E+04
 28.0 3.18895E+04
 28.5 3.05801E+04
 29.0 2.92559E+04
 29.5 2.79195E+04
 30.0 2.65731E+04
 30.5 2.52190E+04
 31.0 2.38589E+04
 31.5 2.24948E+04
 32.0 2.11283E+04
 32.5 1.97609E+04
 33.0 1.83942E+04
 33.5 1.70295E+04
 34.0 1.56681E+04
 34.5 1.43112E+04
 35.0 1.29601E+04
 35.5 1.16158E+04
 36.0 1.02795E+04
 36.5 8.95221E+03
 37.0 7.63505E+03
 37.5 6.32900E+03
 38.0 5.03509E+03
 38.5 3.75431E+03
 39.0 2.48767E+03
 39.5 1.23614E+03
 40.0 1.02610E+02
