040K13D0W2
  0.5 0.00000E+00
  1.0 0.00000E+00
  1.5 0.00000E+00
  2.0 0.00000E+00
  2.5 0.00000E+00
  3.0 0.00000E+00
  3.5 5.23087E+04
  4.0 6.62881E+04
  4.5 8.08894E+04
  5.0 9.61929E+04
  5.5 1.12142E+05
  6.0 1.28314E+05
  6.5 1.43887E+05
  7.0 1.57885E+05
  7.5 1.69496E+05
  8.0 1.78251E+05
  8.5 1.72280E+06
  9.0 1.87035E+05
  9.5 9.35641E+05
 10.0 7.82105E+05
 10.5 9.07575E+04
 11.0 9.34730E+04
 11.5 2.21897E+05
 12.0 6.99712E+04
 12.5 6.38432E+04
 13.0 6.54033E+04
 13.5 6.66366E+04
 14.0 6.75442E+04
 14.5 6.81355E+04
 15.0 6.84272E+04
 15.5 6.84405E+04
 16.0 6.81994E+04
 16.5 6.77298E+04
 17.0 6.70574E+04
 17.5 6.62075E+04
 18.0 6.52039E+04
 18.5 6.40690E+04
 19.0 6.28229E+04
 19.5 6.14838E+04
 20.0 6.00680E+04
 20.5 5.85897E+04
 21.0 5.70611E+04
 21.5 5.54932E+04
 22.0 5.38950E+04
 22.5 5.22743E+04
 23.0 5.06379E+04
 23.5 4.89912E+04
 24.0 4.73388E+04
 24.5 4.56847E+04
 25.0 4.40321E+04
 25.5 4.23834E+04
 26.0 4.07408E+04
 26.5 3.91061E+04
 27.0 3.74806E+04
 27.5 3.58654E+04
 28.0 3.42613E+04
 28.5 3.26691E+04
 29.0 3.10892E+04
 29.5 2.95221E+04
 30.0 2.79681E+04
 30.5 2.64276E+04
 31.0 2.49006E+04
 31.5 2.33874E+04
 32.0 2.18882E+04
 32.5 2.04031E+04
 33.0 1.89324E+04
 33.5 1.74762E+04
 34.0 1.60347E+04
 34.5 1.46082E+04
 35.0 1.31969E+04
 35.5 1.18012E+04
 36.0 1.04212E+04
 36.5 9.05748E+03
 37.0 7.71030E+03
 37.5 6.38009E+03
 38.0 5.06732E+03
 38.5 3.77248E+03
 39.0 2.49607E+03
 39.5 1.23867E+03
 40.0 1.02740E+02
