040K11D0W2
  0.5 0.00000E+00
  1.0 0.00000E+00
  1.5 0.00000E+00
  2.0 0.00000E+00
  2.5 0.00000E+00
  3.0 0.00000E+00
  3.5 4.27185E+04
  4.0 5.44440E+04
  4.5 6.65724E+04
  5.0 7.91478E+04
  5.5 9.21921E+04
  6.0 1.05571E+05
  6.5 1.18876E+05
  7.0 1.31463E+05
  7.5 1.42642E+05
  8.0 1.51868E+05
  8.5 1.54633E+06
  9.0 1.63491E+05
  9.5 8.61000E+05
 10.0 7.19869E+05
 10.5 7.65576E+04
 11.0 7.94720E+04
 11.5 1.93803E+05
 12.0 5.90517E+04
 12.5 5.38494E+04
 13.0 5.55133E+04
 13.5 5.69488E+04
 14.0 5.81433E+04
 14.5 5.90912E+04
 15.0 5.97931E+04
 15.5 6.02550E+04
 16.0 6.04875E+04
 16.5 6.05040E+04
 17.0 6.03205E+04
 17.5 5.99540E+04
 18.0 5.94220E+04
 18.5 5.87419E+04
 19.0 5.79305E+04
 19.5 5.70037E+04
 20.0 5.59763E+04
 20.5 5.48618E+04
 21.0 5.36725E+04
 21.5 5.24196E+04
 22.0 5.11130E+04
 22.5 4.97612E+04
 23.0 4.83721E+04
 23.5 4.69524E+04
 24.0 4.55080E+04
 24.5 4.40438E+04
 25.0 4.25644E+04
 25.5 4.10734E+04
 26.0 3.95743E+04
 26.5 3.80697E+04
 27.0 3.65621E+04
 27.5 3.50536E+04
 28.0 3.35459E+04
 28.5 3.20406E+04
 29.0 3.05389E+04
 29.5 2.90422E+04
 30.0 2.75512E+04
 30.5 2.60670E+04
 31.0 2.45904E+04
 31.5 2.31221E+04
 32.0 2.16627E+04
 32.5 2.02128E+04
 33.0 1.87731E+04
 33.5 1.73442E+04
 34.0 1.59265E+04
 34.5 1.45207E+04
 35.0 1.31272E+04
 35.5 1.17466E+04
 36.0 1.03796E+04
 36.5 9.02658E+03
 37.0 7.68822E+03
 37.5 6.36512E+03
 38.0 5.05788E+03
 38.5 3.76716E+03
 39.0 2.49362E+03
 39.5 1.23793E+03
 40.0 1.02702E+02
