040K17D0W2
  0.5 0.00000E+00
  1.0 0.00000E+00
  1.5 0.00000E+00
  2.0 0.00000E+00
  2.5 0.00000E+00
  3.0 0.00000E+00
  3.5 7.23395E+04
  4.0 9.11958E+04
  4.5 1.11293E+05
  5.0 1.32620E+05
  5.5 1.54492E+05
  6.0 1.75477E+05
  6.5 1.93933E+05
  7.0 2.08619E+05
  7.5 2.18958E+05
  8.0 2.24985E+05
  8.5 1.98827E+06
  9.0 2.26066E+05
  9.5 1.04581E+06
 10.0 8.74178E+05
 10.5 1.16993E+05
 11.0 1.18637E+05
 11.5 2.67624E+05
 12.0 9.01589E+04
 12.5 8.23669E+04
 13.0 8.33065E+04
 13.5 8.37754E+04
 14.0 8.38129E+04
 14.5 8.34642E+04
 15.0 8.27767E+04
 15.5 8.17975E+04
 16.0 8.05716E+04
 16.5 7.91406E+04
 17.0 7.75422E+04
 17.5 7.58098E+04
 18.0 7.39726E+04
 18.5 7.20559E+04
 19.0 7.00810E+04
 19.5 6.80660E+04
 20.0 6.60259E+04
 20.5 6.39730E+04
 21.0 6.19173E+04
 21.5 5.98669E+04
 22.0 5.78281E+04
 22.5 5.58059E+04
 23.0 5.38041E+04
 23.5 5.18255E+04
 24.0 4.98721E+04
 24.5 4.79451E+04
 25.0 4.60455E+04
 25.5 4.41736E+04
 26.0 4.23294E+04
 26.5 4.05128E+04
 27.0 3.87235E+04
 27.5 3.69607E+04
 28.0 3.52241E+04
 28.5 3.35128E+04
 29.0 3.18262E+04
 29.5 3.01635E+04
 30.0 2.85242E+04
 30.5 2.69074E+04
 31.0 2.53127E+04
 31.5 2.37393E+04
 32.0 2.21868E+04
 32.5 2.06548E+04
 33.0 1.91427E+04
 33.5 1.76503E+04
 34.0 1.61773E+04
 34.5 1.47234E+04
 35.0 1.32886E+04
 35.5 1.18728E+04
 36.0 1.04759E+04
 36.5 9.09801E+03
 37.0 7.73921E+03
 37.5 6.39969E+03
 38.0 5.07967E+03
 38.5 3.77943E+03
 39.0 2.49928E+03
 39.5 1.23963E+03
 40.0 1.02789E+02
