040K19D0W2
  0.5 0.00000E+00
  1.0 0.00000E+00
  1.5 0.00000E+00
  2.0 0.00000E+00
  2.5 0.00000E+00
  3.0 0.00000E+00
  3.5 8.28541E+04
  4.0 1.04381E+05
  4.5 1.27526E+05
  5.0 1.52046E+05
  5.5 1.76676E+05
  6.0 1.99415E+05
  6.5 2.18388E+05
  7.0 2.32466E+05
  7.5 2.41376E+05
  8.0 2.45486E+05
  8.5 2.09076E+06
  9.0 2.42296E+05
  9.5 1.08776E+06
 10.0 9.09348E+05
 10.5 1.28925E+05
 11.0 1.29816E+05
 11.5 2.86473E+05
 12.0 9.93465E+04
 12.5 9.08160E+04
 13.0 9.13074E+04
 13.5 9.12878E+04
 14.0 9.08156E+04
 14.5 8.99515E+04
 15.0 8.87551E+04
 15.5 8.72823E+04
 16.0 8.55845E+04
 16.5 8.37073E+04
 17.0 8.16910E+04
 17.5 7.95700E+04
 18.0 7.73736E+04
 18.5 7.51265E+04
 19.0 7.28489E+04
 19.5 7.05575E+04
 20.0 6.82656E+04
 20.5 6.59839E+04
 21.0 6.37207E+04
 21.5 6.14824E+04
 22.0 5.92737E+04
 22.5 5.70980E+04
 23.0 5.49576E+04
 23.5 5.28540E+04
 24.0 5.07880E+04
 24.5 4.87596E+04
 25.0 4.67688E+04
 25.5 4.48148E+04
 26.0 4.28969E+04
 26.5 4.10141E+04
 27.0 3.91652E+04
 27.5 3.73492E+04
 28.0 3.55648E+04
 28.5 3.38108E+04
 29.0 3.20861E+04
 29.5 3.03894E+04
 30.0 2.87197E+04
 30.5 2.70759E+04
 31.0 2.54572E+04
 31.5 2.38626E+04
 32.0 2.22913E+04
 32.5 2.07427E+04
 33.0 1.92161E+04
 33.5 1.77110E+04
 34.0 1.62269E+04
 34.5 1.47635E+04
 35.0 1.33205E+04
 35.5 1.18977E+04
 36.0 1.04949E+04
 36.5 9.11207E+03
 37.0 7.74924E+03
 37.5 6.40649E+03
 38.0 5.08395E+03
 38.5 3.78183E+03
 39.0 2.50040E+03
 39.5 1.23996E+03
 40.0 1.02807E+02
