040K12D0W2
  0.5 0.00000E+00
  1.0 0.00000E+00
  1.5 0.00000E+00
  2.0 0.00000E+00
  2.5 0.00000E+00
  3.0 0.00000E+00
  3.5 4.74813E+04
  4.0 6.03208E+04
  4.5 7.36652E+04
  5.0 8.75784E+04
  5.5 1.02058E+05
  6.0 1.16847E+05
  6.5 1.31342E+05
  7.0 1.44723E+05
  7.5 1.56220E+05
  8.0 1.65306E+05
  8.5 1.63915E+06
  9.0 1.75637E+05
  9.5 9.00416E+05
 10.0 7.52725E+05
 10.5 8.37348E+04
 11.0 8.65846E+04
 11.5 2.08362E+05
 12.0 6.45703E+04
 12.5 5.88978E+04
 13.0 6.05308E+04
 13.5 6.18847E+04
 14.0 6.29530E+04
 14.5 6.37371E+04
 15.0 6.42451E+04
 15.5 6.44908E+04
 16.0 6.44916E+04
 16.5 6.42674E+04
 17.0 6.38394E+04
 17.5 6.32291E+04
 18.0 6.24577E+04
 18.5 6.15452E+04
 19.0 6.05104E+04
 19.5 5.93708E+04
 20.0 5.81421E+04
 20.5 5.68382E+04
 21.0 5.54719E+04
 21.5 5.40540E+04
 22.0 5.25942E+04
 22.5 5.11009E+04
 23.0 4.95813E+04
 23.5 4.80416E+04
 24.0 4.64870E+04
 24.5 4.49221E+04
 25.0 4.33505E+04
 25.5 4.17757E+04
 26.0 4.02001E+04
 26.5 3.86261E+04
 27.0 3.70555E+04
 27.5 3.54899E+04
 28.0 3.39306E+04
 28.5 3.23787E+04
 29.0 3.08351E+04
 29.5 2.93006E+04
 30.0 2.77758E+04
 30.5 2.62613E+04
 31.0 2.47576E+04
 31.5 2.32651E+04
 32.0 2.17843E+04
 32.5 2.03155E+04
 33.0 1.88591E+04
 33.5 1.74154E+04
 34.0 1.59849E+04
 34.5 1.45679E+04
 35.0 1.31649E+04
 35.5 1.17761E+04
 36.0 1.04021E+04
 36.5 9.04328E+03
 37.0 7.70015E+03
 37.5 6.37321E+03
 38.0 5.06299E+03
 38.5 3.77004E+03
 39.0 2.49495E+03
 39.5 1.23833E+03
 40.0 1.02723E+02
