040K20D0W2
  0.5 0.00000E+00
  1.0 0.00000E+00
  1.5 0.00000E+00
  2.0 0.00000E+00
  2.5 0.00000E+00
  3.0 0.00000E+00
  3.5 8.82559E+04
  4.0 1.11186E+05
  4.5 1.35929E+05
  5.0 1.62055E+05
  5.5 1.87962E+05
  6.0 2.11384E+05
  6.5 2.30390E+05
  7.0 2.43966E+05
  7.5 2.52020E+05
  8.0 2.55089E+05
  8.5 2.13644E+06
  9.0 2.49737E+05
  9.5 1.10636E+06
 10.0 9.24971E+05
 10.5 1.34600E+05
 11.0 1.35079E+05
 11.5 2.95100E+05
 12.0 1.03717E+05
 12.5 9.48392E+04
 13.0 9.50843E+04
 13.5 9.48057E+04
 14.0 9.40706E+04
 14.5 9.29465E+04
 15.0 9.14979E+04
 15.5 8.97843E+04
 16.0 8.78593E+04
 16.5 8.57698E+04
 17.0 8.35565E+04
 17.5 8.12541E+04
 18.0 7.88913E+04
 18.5 7.64921E+04
 19.0 7.40761E+04
 19.5 7.16590E+04
 20.0 6.92533E+04
 20.5 6.68686E+04
 21.0 6.45124E+04
 21.5 6.21901E+04
 22.0 5.99058E+04
 22.5 5.76620E+04
 23.0 5.54603E+04
 23.5 5.33016E+04
 24.0 5.11860E+04
 24.5 4.91132E+04
 25.0 4.70823E+04
 25.5 4.50925E+04
 26.0 4.31424E+04
 26.5 4.12307E+04
 27.0 3.93560E+04
 27.5 3.75169E+04
 28.0 3.57118E+04
 28.5 3.39393E+04
 29.0 3.21980E+04
 29.5 3.04866E+04
 30.0 2.88037E+04
 30.5 2.71483E+04
 31.0 2.55192E+04
 31.5 2.39155E+04
 32.0 2.23362E+04
 32.5 2.07804E+04
 33.0 1.92476E+04
 33.5 1.77370E+04
 34.0 1.62482E+04
 34.5 1.47807E+04
 35.0 1.33342E+04
 35.5 1.19083E+04
 36.0 1.05030E+04
 36.5 9.11809E+03
 37.0 7.75354E+03
 37.5 6.40940E+03
 38.0 5.08578E+03
 38.5 3.78286E+03
 39.0 2.50087E+03
 39.5 1.24011E+03
 40.0 1.02814E+02
