040K22D0W2
  0.5 0.00000E+00
  1.0 0.00000E+00
  1.5 0.00000E+00
  2.0 0.00000E+00
  2.5 0.00000E+00
  3.0 0.00000E+00
  3.5 9.93813E+04
  4.0 1.25268E+05
  4.5 1.53337E+05
  5.0 1.82642E+05
  5.5 2.10838E+05
  6.0 2.35218E+05
  6.5 2.53874E+05
  7.0 2.66113E+05
  7.5 2.72234E+05
  8.0 2.73111E+05
  8.5 2.21865E+06
  9.0 2.63448E+05
  9.5 1.13969E+06
 10.0 9.53013E+05
 10.5 1.45394E+05
 11.0 1.45004E+05
 11.5 3.10982E+05
 12.0 1.12033E+05
 12.5 1.02500E+05
 13.0 1.02221E+05
 13.5 1.01407E+05
 14.0 1.00139E+05
 14.5 9.84976E+04
 15.0 9.65545E+04
 15.5 9.43745E+04
 16.0 9.20142E+04
 16.5 8.95217E+04
 17.0 8.69378E+04
 17.5 8.42961E+04
 18.0 8.16243E+04
 18.5 7.89445E+04
 19.0 7.62743E+04
 19.5 7.36275E+04
 20.0 7.10144E+04
 20.5 6.84430E+04
 21.0 6.59187E+04
 21.5 6.34453E+04
 22.0 6.10251E+04
 22.5 5.86593E+04
 23.0 5.63481E+04
 23.5 5.40911E+04
 24.0 5.18873E+04
 24.5 4.97354E+04
 25.0 4.76337E+04
 25.5 4.55803E+04
 26.0 4.35733E+04
 26.5 4.16107E+04
 27.0 3.96905E+04
 27.5 3.78105E+04
 28.0 3.59690E+04
 28.5 3.41640E+04
 29.0 3.23937E+04
 29.5 3.06564E+04
 30.0 2.89506E+04
 30.5 2.72748E+04
 31.0 2.56276E+04
 31.5 2.40078E+04
 32.0 2.24144E+04
 32.5 2.08462E+04
 33.0 1.93025E+04
 33.5 1.77824E+04
 34.0 1.62853E+04
 34.5 1.48107E+04
 35.0 1.33580E+04
 35.5 1.19269E+04
 36.0 1.05172E+04
 36.5 9.12856E+03
 37.0 7.76100E+03
 37.5 6.41445E+03
 38.0 5.08896E+03
 38.5 3.78465E+03
 39.0 2.50170E+03
 39.5 1.24035E+03
 40.0 1.02827E+02
