041K07D0W2
  0.5 0.00000E+00
  1.0 0.00000E+00
  1.5 0.00000E+00
  2.0 0.00000E+00
  2.5 0.00000E+00
  3.0 0.00000E+00
  3.5 2.37856E+04
  4.0 3.11599E+04
  4.5 3.86655E+04
  5.0 4.62859E+04
  5.5 5.40191E+04
  6.0 6.18680E+04
  6.5 6.98223E+04
  7.0 7.78231E+04
  7.5 8.57296E+04
  8.0 9.33203E+04
  8.5 1.05405E+06
  9.0 1.06518E+05
  9.5 6.52892E+05
 10.0 5.46501E+05
 10.5 4.67061E+04
 11.0 4.91315E+04
 11.5 1.22999E+05
 12.0 3.61748E+04
 12.5 3.29883E+04
 13.0 3.43353E+04
 13.5 3.56354E+04
 14.0 3.68810E+04
 14.5 3.80624E+04
 15.0 3.91692E+04
 15.5 4.01903E+04
 16.0 4.11156E+04
 16.5 4.19356E+04
 17.0 4.26430E+04
 17.5 4.32322E+04
 18.0 4.36996E+04
 18.5 4.40438E+04
 19.0 4.42652E+04
 19.5 4.43655E+04
 20.0 4.43482E+04
 20.5 4.42176E+04
 21.0 4.39789E+04
 21.5 4.36379E+04
 22.0 4.32007E+04
 22.5 4.26738E+04
 23.0 4.20635E+04
 23.5 4.13761E+04
 24.0 4.06180E+04
 24.5 3.97950E+04
 25.0 3.89129E+04
 25.5 3.79771E+04
 26.0 3.69927E+04
 26.5 3.59645E+04
 27.0 3.48969E+04
 27.5 3.37940E+04
 28.0 3.26597E+04
 28.5 3.14976E+04
 29.0 3.03109E+04
 29.5 2.91028E+04
 30.0 2.78759E+04
 30.5 2.66329E+04
 31.0 2.53763E+04
 31.5 2.41082E+04
 32.0 2.28308E+04
 32.5 2.15459E+04
 33.0 2.02554E+04
 33.5 1.89610E+04
 34.0 1.76643E+04
 34.5 1.63667E+04
 35.0 1.50697E+04
 35.5 1.37747E+04
 36.0 1.24830E+04
 36.5 1.11958E+04
 37.0 9.91425E+03
 37.5 8.63959E+03
 38.0 7.37293E+03
 38.5 6.11535E+03
 39.0 4.86792E+03
 39.5 3.63171E+03
 40.0 2.40775E+03
 40.5 1.19706E+03
 41.0 9.93971E+01
