041K08D0W2
  0.5 0.00000E+00
  1.0 0.00000E+00
  1.5 0.00000E+00
  2.0 0.00000E+00
  2.5 0.00000E+00
  3.0 0.00000E+00
  3.5 2.82277E+04
  4.0 3.66260E+04
  4.5 4.52050E+04
  5.0 5.39586E+04
  5.5 6.28947E+04
  6.0 7.20196E+04
  6.5 8.12956E+04
  7.0 9.05851E+04
  7.5 9.96282E+04
  8.0 1.08085E+05
  8.5 1.20838E+06
  9.0 1.21943E+05
  9.5 7.23065E+05
 10.0 6.04990E+05
 10.5 5.41051E+04
 11.0 5.68058E+04
 11.5 1.43273E+05
 12.0 4.18718E+04
 12.5 3.81814E+04
 13.0 3.96896E+04
 13.5 4.11192E+04
 14.0 4.24568E+04
 14.5 4.36890E+04
 15.0 4.48033E+04
 15.5 4.57886E+04
 16.0 4.66365E+04
 16.5 4.73411E+04
 17.0 4.78990E+04
 17.5 4.83099E+04
 18.0 4.85754E+04
 18.5 4.86993E+04
 19.0 4.86869E+04
 19.5 4.85448E+04
 20.0 4.82805E+04
 20.5 4.79019E+04
 21.0 4.74172E+04
 21.5 4.68349E+04
 22.0 4.61630E+04
 22.5 4.54096E+04
 23.0 4.45822E+04
 23.5 4.36881E+04
 24.0 4.27340E+04
 24.5 4.17261E+04
 25.0 4.06704E+04
 25.5 3.95722E+04
 26.0 3.84363E+04
 26.5 3.72673E+04
 27.0 3.60693E+04
 27.5 3.48460E+04
 28.0 3.36007E+04
 28.5 3.23366E+04
 29.0 3.10565E+04
 29.5 2.97630E+04
 30.0 2.84582E+04
 30.5 2.71444E+04
 31.0 2.58236E+04
 31.5 2.44974E+04
 32.0 2.31676E+04
 32.5 2.18357E+04
 33.0 2.05030E+04
 33.5 1.91710E+04
 34.0 1.78409E+04
 34.5 1.65138E+04
 35.0 1.51908E+04
 35.5 1.38731E+04
 36.0 1.25617E+04
 36.5 1.12575E+04
 37.0 9.96161E+03
 37.5 8.67485E+03
 38.0 7.39819E+03
 38.5 6.13254E+03
 39.0 4.87879E+03
 39.5 3.63785E+03
 40.0 2.41060E+03
 40.5 1.19791E+03
 41.0 9.94412E+01
