041K06D0W2
  0.5 0.00000E+00
  1.0 0.00000E+00
  1.5 0.00000E+00
  2.0 0.00000E+00
  2.5 0.00000E+00
  3.0 0.00000E+00
  3.5 1.94081E+04
  4.0 2.57663E+04
  4.5 3.22184E+04
  5.0 3.87388E+04
  5.5 4.53176E+04
  6.0 5.19518E+04
  6.5 5.86376E+04
  7.0 6.53555E+04
  7.5 7.20460E+04
  8.0 7.85930E+04
  8.5 8.80478E+05
  9.0 9.05698E+04
  9.5 5.71457E+05
 10.0 4.78593E+05
 10.5 3.93909E+04
 11.0 4.14887E+04
 11.5 1.01332E+05
 12.0 3.05375E+04
 12.5 2.78515E+04
 13.0 2.90113E+04
 13.5 3.01440E+04
 14.0 3.12482E+04
 14.5 3.23201E+04
 15.0 3.33540E+04
 15.5 3.43422E+04
 16.0 3.52759E+04
 16.5 3.61456E+04
 17.0 3.69420E+04
 17.5 3.76564E+04
 18.0 3.82813E+04
 18.5 3.88107E+04
 19.0 3.92399E+04
 19.5 3.95660E+04
 20.0 3.97876E+04
 20.5 3.99047E+04
 21.0 3.99185E+04
 21.5 3.98313E+04
 22.0 3.96463E+04
 22.5 3.93673E+04
 23.0 3.89987E+04
 23.5 3.85452E+04
 24.0 3.80117E+04
 24.5 3.74033E+04
 25.0 3.67250E+04
 25.5 3.59819E+04
 26.0 3.51788E+04
 26.5 3.43205E+04
 27.0 3.34116E+04
 27.5 3.24564E+04
 28.0 3.14591E+04
 28.5 3.04236E+04
 29.0 2.93537E+04
 29.5 2.82528E+04
 30.0 2.71242E+04
 30.5 2.59710E+04
 31.0 2.47961E+04
 31.5 2.36023E+04
 32.0 2.23920E+04
 32.5 2.11677E+04
 33.0 1.99317E+04
 33.5 1.86860E+04
 34.0 1.74326E+04
 34.5 1.61735E+04
 35.0 1.49104E+04
 35.5 1.36451E+04
 36.0 1.23792E+04
 36.5 1.11142E+04
 37.0 9.85165E+03
 37.5 8.59294E+03
 38.0 7.33946E+03
 38.5 6.09255E+03
 39.0 4.85350E+03
 39.5 3.62356E+03
 40.0 2.40397E+03
 40.5 1.19592E+03
 41.0 9.93384E+01
