041K09D0W2
  0.5 0.00000E+00
  1.0 0.00000E+00
  1.5 0.00000E+00
  2.0 0.00000E+00
  2.5 0.00000E+00
  3.0 0.00000E+00
  3.5 3.27292E+04
  4.0 4.21642E+04
  4.5 5.18408E+04
  5.0 6.17655E+04
  5.5 7.19582E+04
  6.0 8.24172E+04
  6.5 9.30441E+04
  7.0 1.03580E+05
  7.5 1.13624E+05
  8.0 1.22728E+05
  8.5 1.34550E+06
  9.0 1.36703E+05
  9.5 7.84019E+05
 10.0 6.55778E+05
 10.5 6.15375E+04
 11.0 6.44442E+04
 11.5 1.62140E+05
 12.0 4.75920E+04
 12.5 4.33989E+04
 13.0 4.50313E+04
 13.5 4.65434E+04
 14.0 4.79188E+04
 14.5 4.91429E+04
 15.0 5.02041E+04
 15.5 5.10947E+04
 16.0 5.18103E+04
 16.5 5.23503E+04
 17.0 5.27172E+04
 17.5 5.29161E+04
 18.0 5.29545E+04
 18.5 5.28409E+04
 19.0 5.25855E+04
 19.5 5.21987E+04
 20.0 5.16912E+04
 20.5 5.10738E+04
 21.0 5.03569E+04
 21.5 4.95505E+04
 22.0 4.86641E+04
 22.5 4.77064E+04
 23.0 4.66856E+04
 23.5 4.56093E+04
 24.0 4.44843E+04
 24.5 4.33167E+04
 25.0 4.21122E+04
 25.5 4.08758E+04
 26.0 3.96121E+04
 26.5 3.83250E+04
 27.0 3.70182E+04
 27.5 3.56950E+04
 28.0 3.43582E+04
 28.5 3.30104E+04
 29.0 3.16538E+04
 29.5 3.02907E+04
 30.0 2.89227E+04
 30.5 2.75517E+04
 31.0 2.61791E+04
 31.5 2.48062E+04
 32.0 2.34345E+04
 32.5 2.20649E+04
 33.0 2.06987E+04
 33.5 1.93367E+04
 34.0 1.79800E+04
 34.5 1.66295E+04
 35.0 1.52860E+04
 35.5 1.39504E+04
 36.0 1.26235E+04
 36.5 1.13060E+04
 37.0 9.99870E+03
 37.5 8.70244E+03
 38.0 7.41794E+03
 38.5 6.14597E+03
 39.0 4.88729E+03
 39.5 3.64264E+03
 40.0 2.41282E+03
 40.5 1.19858E+03
 41.0 9.94756E+01
