041K13D0W2
  0.5 0.00000E+00
  1.0 0.00000E+00
  1.5 0.00000E+00
  2.0 0.00000E+00
  2.5 0.00000E+00
  3.0 0.00000E+00
  3.5 5.13240E+04
  4.0 6.50968E+04
  4.5 7.94788E+04
  5.0 9.45524E+04
  5.5 1.10300E+05
  6.0 1.26382E+05
  6.5 1.42061E+05
  7.0 1.56396E+05
  7.5 1.68549E+05
  8.0 1.77984E+05
  8.5 1.76373E+06
  9.0 1.88248E+05
  9.5 9.63902E+05
 10.0 8.05681E+05
 10.5 9.06670E+04
 11.0 9.36263E+04
 11.5 2.25216E+05
 12.0 7.00092E+04
 12.5 6.38910E+04
 13.0 6.55781E+04
 13.5 6.69450E+04
 14.0 6.79889E+04
 14.5 6.87160E+04
 15.0 6.91401E+04
 15.5 6.92801E+04
 16.0 6.91586E+04
 16.5 6.88002E+04
 17.0 6.82303E+04
 17.5 6.74739E+04
 18.0 6.65551E+04
 18.5 6.54966E+04
 19.0 6.43190E+04
 19.5 6.30412E+04
 20.0 6.16801E+04
 20.5 6.02507E+04
 21.0 5.87659E+04
 21.5 5.72373E+04
 22.0 5.56747E+04
 22.5 5.40863E+04
 23.0 5.24794E+04
 23.5 5.08601E+04
 24.0 4.92332E+04
 24.5 4.76032E+04
 25.0 4.59734E+04
 25.5 4.43467E+04
 26.0 4.27255E+04
 26.5 4.11116E+04
 27.0 3.95066E+04
 27.5 3.79116E+04
 28.0 3.63276E+04
 28.5 3.47553E+04
 29.0 3.31953E+04
 29.5 3.16481E+04
 30.0 3.01139E+04
 30.5 2.85929E+04
 31.0 2.70854E+04
 31.5 2.55916E+04
 32.0 2.41114E+04
 32.5 2.26451E+04
 33.0 2.11927E+04
 33.5 1.97544E+04
 34.0 1.83302E+04
 34.5 1.69203E+04
 35.0 1.55248E+04
 35.5 1.41439E+04
 36.0 1.27778E+04
 36.5 1.14268E+04
 37.0 1.00912E+04
 37.5 8.77115E+03
 38.0 7.46709E+03
 38.5 6.17936E+03
 39.0 4.90836E+03
 39.5 3.65453E+03
 40.0 2.41832E+03
 40.5 1.20023E+03
 41.0 9.95606E+01
