041K17D0W2
  0.5 0.00000E+00
  1.0 0.00000E+00
  1.5 0.00000E+00
  2.0 0.00000E+00
  2.5 0.00000E+00
  3.0 0.00000E+00
  3.5 7.09835E+04
  4.0 8.95300E+04
  4.5 1.09285E+05
  5.0 1.30296E+05
  5.5 1.52018E+05
  6.0 1.73160E+05
  6.5 1.92124E+05
  7.0 2.07602E+05
  7.5 2.18898E+05
  8.0 2.25927E+05
  8.5 2.04608E+06
  9.0 2.28811E+05
  9.5 1.08151E+06
 10.0 9.03919E+05
 10.5 1.17448E+05
 11.0 1.19455E+05
 11.5 2.73116E+05
 12.0 9.06348E+04
 12.5 8.28117E+04
 13.0 8.39493E+04
 13.5 8.46101E+04
 14.0 8.48291E+04
 14.5 8.46482E+04
 15.0 8.41132E+04
 15.5 8.32702E+04
 16.0 8.21641E+04
 16.5 8.08372E+04
 17.0 7.93280E+04
 17.5 7.76713E+04
 18.0 7.58975E+04
 18.5 7.40332E+04
 19.0 7.21014E+04
 19.5 7.01212E+04
 20.0 6.81091E+04
 20.5 6.60784E+04
 21.0 6.40401E+04
 21.5 6.20034E+04
 22.0 5.99753E+04
 22.5 5.79615E+04
 23.0 5.59665E+04
 23.5 5.39934E+04
 24.0 5.20448E+04
 24.5 5.01223E+04
 25.0 4.82271E+04
 25.5 4.63598E+04
 26.0 4.45206E+04
 26.5 4.27094E+04
 27.0 4.09260E+04
 27.5 3.91699E+04
 28.0 3.74406E+04
 28.5 3.57374E+04
 29.0 3.40595E+04
 29.5 3.24063E+04
 30.0 3.07769E+04
 30.5 2.91707E+04
 31.0 2.75869E+04
 31.5 2.60248E+04
 32.0 2.44839E+04
 32.5 2.29636E+04
 33.0 2.14633E+04
 33.5 1.99826E+04
 34.0 1.85211E+04
 34.5 1.70785E+04
 35.0 1.56545E+04
 35.5 1.42488E+04
 36.0 1.28614E+04
 36.5 1.14922E+04
 37.0 1.01411E+04
 37.5 8.80820E+03
 38.0 7.49355E+03
 38.5 6.19732E+03
 39.0 4.91968E+03
 39.5 3.66090E+03
 40.0 2.42127E+03
 40.5 1.20112E+03
 41.0 9.96061E+01
