041K11D0W2
  0.5 0.00000E+00
  1.0 0.00000E+00
  1.5 0.00000E+00
  2.0 0.00000E+00
  2.5 0.00000E+00
  3.0 0.00000E+00
  3.5 4.19061E+04
  4.0 5.34663E+04
  4.5 6.54253E+04
  5.0 7.78249E+04
  5.5 9.06975E+04
  6.0 1.03950E+05
  6.5 1.17237E+05
  7.0 1.29969E+05
  7.5 1.41470E+05
  8.0 1.51168E+05
  8.5 1.57690E+06
  9.0 1.63980E+05
  9.5 8.84517E+05
 10.0 7.39506E+05
 10.5 7.63027E+04
 11.0 7.93871E+04
 11.5 1.95953E+05
 12.0 5.89537E+04
 12.5 5.37755E+04
 13.0 5.55239E+04
 13.5 5.70531E+04
 14.0 5.83483E+04
 14.5 5.94015E+04
 15.0 6.02110E+04
 15.5 6.07808E+04
 16.0 6.11194E+04
 16.5 6.12390E+04
 17.0 6.11544E+04
 17.5 6.08818E+04
 18.0 6.04383E+04
 18.5 5.98410E+04
 19.0 5.91067E+04
 19.5 5.82515E+04
 20.0 5.72904E+04
 20.5 5.62374E+04
 21.0 5.51050E+04
 21.5 5.39049E+04
 22.0 5.26473E+04
 22.5 5.13413E+04
 23.0 4.99950E+04
 23.5 4.86156E+04
 24.0 4.72093E+04
 24.5 4.57813E+04
 25.0 4.43365E+04
 25.5 4.28788E+04
 26.0 4.14117E+04
 26.5 3.99381E+04
 27.0 3.84607E+04
 27.5 3.69816E+04
 28.0 3.55028E+04
 28.5 3.40256E+04
 29.0 3.25517E+04
 29.5 3.10821E+04
 30.0 2.96178E+04
 30.5 2.81599E+04
 31.0 2.67089E+04
 31.5 2.52657E+04
 32.0 2.38308E+04
 32.5 2.24048E+04
 33.0 2.09883E+04
 33.5 1.95817E+04
 34.0 1.81855E+04
 34.5 1.68002E+04
 35.0 1.54263E+04
 35.5 1.40641E+04
 36.0 1.27142E+04
 36.5 1.13771E+04
 37.0 1.00531E+04
 37.5 8.74289E+03
 38.0 7.44688E+03
 38.5 6.16564E+03
 39.0 4.89970E+03
 39.5 3.64965E+03
 40.0 2.41606E+03
 40.5 1.19956E+03
 41.0 9.95257E+01
