041K14D0W2
  0.5 0.00000E+00
  1.0 0.00000E+00
  1.5 0.00000E+00
  2.0 0.00000E+00
  2.5 0.00000E+00
  3.0 0.00000E+00
  3.5 5.61302E+04
  4.0 7.10486E+04
  4.5 8.67036E+04
  5.0 1.03192E+05
  5.5 1.20426E+05
  6.0 1.37880E+05
  6.5 1.54589E+05
  7.0 1.69468E+05
  7.5 1.81656E+05
  8.0 1.90690E+05
  8.5 1.84415E+06
  9.0 1.99323E+05
  9.5 9.97664E+05
 10.0 8.33850E+05
 10.5 9.76277E+04
 11.0 1.00425E+05
 11.5 2.38392E+05
 12.0 7.53681E+04
 12.5 6.88010E+04
 13.0 7.03980E+04
 13.5 7.16285E+04
 14.0 7.24982E+04
 14.5 7.30221E+04
 15.0 7.32223E+04
 15.5 7.31250E+04
 16.0 7.27596E+04
 16.5 7.21559E+04
 17.0 7.13436E+04
 17.5 7.03513E+04
 18.0 6.92053E+04
 18.5 6.79300E+04
 19.0 6.65474E+04
 19.5 6.50769E+04
 20.0 6.35356E+04
 20.5 6.19385E+04
 21.0 6.02984E+04
 21.5 5.86263E+04
 22.0 5.69314E+04
 22.5 5.52216E+04
 23.0 5.35034E+04
 23.5 5.17822E+04
 24.0 5.00623E+04
 24.5 4.83474E+04
 25.0 4.66404E+04
 25.5 4.49434E+04
 26.0 4.32584E+04
 26.5 4.15866E+04
 27.0 3.99290E+04
 27.5 3.82866E+04
 28.0 3.66596E+04
 28.5 3.50486E+04
 29.0 3.34537E+04
 29.5 3.18749E+04
 30.0 3.03124E+04
 30.5 2.87661E+04
 31.0 2.72358E+04
 31.5 2.57216E+04
 32.0 2.42233E+04
 32.5 2.27408E+04
 33.0 2.12741E+04
 33.5 1.98230E+04
 34.0 1.83876E+04
 34.5 1.69679E+04
 35.0 1.55638E+04
 35.5 1.41755E+04
 36.0 1.28030E+04
 36.5 1.14466E+04
 37.0 1.01062E+04
 37.5 8.78233E+03
 38.0 7.47508E+03
 38.5 6.18478E+03
 39.0 4.91178E+03
 39.5 3.65645E+03
 40.0 2.41921E+03
 40.5 1.20050E+03
 41.0 9.95743E+01
