042K06D0W2
  0.5 0.00000E+00
  1.0 0.00000E+00
  1.5 0.00000E+00
  2.0 0.00000E+00
  2.5 0.00000E+00
  3.0 0.00000E+00
  3.5 1.90168E+04
  4.0 2.52942E+04
  4.5 3.16707E+04
  5.0 3.81201E+04
  5.5 4.46323E+04
  6.0 5.12041E+04
  6.5 5.78332E+04
  7.0 6.45057E+04
  7.5 7.11738E+04
  8.0 7.77372E+04
  8.5 8.78121E+05
  9.0 8.99130E+04
  9.5 5.77692E+05
 10.0 4.83817E+05
 10.5 3.91239E+04
 11.0 4.12443E+04
 11.5 1.00584E+05
 12.0 3.03954E+04
 12.5 2.77386E+04
 13.0 2.89095E+04
 13.5 3.00532E+04
 14.0 3.11687E+04
 14.5 3.22532E+04
 15.0 3.33016E+04
 15.5 3.43072E+04
 16.0 3.52621E+04
 16.5 3.61573E+04
 17.0 3.69840E+04
 17.5 3.77338E+04
 18.0 3.83990E+04
 18.5 3.89734E+04
 19.0 3.94521E+04
 19.5 3.98316E+04
 20.0 4.01100E+04
 20.5 4.02868E+04
 21.0 4.03628E+04
 21.5 4.03395E+04
 22.0 4.02199E+04
 22.5 4.00072E+04
 23.0 3.97054E+04
 23.5 3.93188E+04
 24.0 3.88522E+04
 24.5 3.83103E+04
 25.0 3.76980E+04
 25.5 3.70200E+04
 26.0 3.62812E+04
 26.5 3.54861E+04
 27.0 3.46394E+04
 27.5 3.37451E+04
 28.0 3.28076E+04
 28.5 3.18305E+04
 29.0 3.08176E+04
 29.5 2.97724E+04
 30.0 2.86980E+04
 30.5 2.75976E+04
 31.0 2.64741E+04
 31.5 2.53300E+04
 32.0 2.41680E+04
 32.5 2.29904E+04
 33.0 2.17994E+04
 33.5 2.05971E+04
 34.0 1.93854E+04
 34.5 1.81663E+04
 35.0 1.69415E+04
 35.5 1.57126E+04
 36.0 1.44812E+04
 36.5 1.32488E+04
 37.0 1.20168E+04
 37.5 1.07867E+04
 38.0 9.55970E+03
 38.5 8.33708E+03
 39.0 7.12009E+03
 39.5 5.90991E+03
 40.0 4.70768E+03
 40.5 3.51455E+03
 41.0 2.33160E+03
 41.5 1.15992E+03
 42.0 9.63496E+01
