042K08D0W2
  0.5 0.00000E+00
  1.0 0.00000E+00
  1.5 0.00000E+00
  2.0 0.00000E+00
  2.5 0.00000E+00
  3.0 0.00000E+00
  3.5 2.76866E+04
  4.0 3.59759E+04
  4.5 4.44491E+04
  5.0 5.30989E+04
  5.5 6.19325E+04
  6.0 7.09590E+04
  6.5 8.01542E+04
  7.0 8.94068E+04
  7.5 9.84878E+04
  8.0 1.07078E+05
  8.5 1.21875E+06
  9.0 1.21488E+05
  9.5 7.36617E+05
 10.0 6.16325E+05
 10.5 5.37702E+04
 11.0 5.65304E+04
 11.5 1.43514E+05
 12.0 4.16955E+04
 12.5 3.80398E+04
 13.0 3.95754E+04
 13.5 4.10374E+04
 14.0 4.24130E+04
 14.5 4.36890E+04
 15.0 4.48528E+04
 15.5 4.58932E+04
 16.0 4.68010E+04
 16.5 4.75696E+04
 17.0 4.81948E+04
 17.5 4.86755E+04
 18.0 4.90123E+04
 18.5 4.92084E+04
 19.0 4.92683E+04
 19.5 4.91980E+04
 20.0 4.90045E+04
 20.5 4.86955E+04
 21.0 4.82788E+04
 21.5 4.77626E+04
 22.0 4.71551E+04
 22.5 4.64640E+04
 23.0 4.56969E+04
 23.5 4.48612E+04
 24.0 4.39635E+04
 24.5 4.30103E+04
 25.0 4.20075E+04
 25.5 4.09605E+04
 26.0 3.98743E+04
 26.5 3.87535E+04
 27.0 3.76022E+04
 27.5 3.64243E+04
 28.0 3.52233E+04
 28.5 3.40022E+04
 29.0 3.27639E+04
 29.5 3.15110E+04
 30.0 3.02459E+04
 30.5 2.89707E+04
 31.0 2.76873E+04
 31.5 2.63976E+04
 32.0 2.51031E+04
 32.5 2.38054E+04
 33.0 2.25059E+04
 33.5 2.12059E+04
 34.0 1.99065E+04
 34.5 1.86090E+04
 35.0 1.73143E+04
 35.5 1.60235E+04
 36.0 1.47375E+04
 36.5 1.34574E+04
 37.0 1.21839E+04
 37.5 1.09180E+04
 38.0 9.66050E+03
 38.5 8.41223E+03
 39.0 7.17401E+03
 39.5 5.94664E+03
 40.0 4.73094E+03
 40.5 3.52770E+03
 41.0 2.33771E+03
 41.5 1.16176E+03
 42.0 9.64443E+01
