042K14D0W2
  0.5 0.00000E+00
  1.0 0.00000E+00
  1.5 0.00000E+00
  2.0 0.00000E+00
  2.5 0.00000E+00
  3.0 0.00000E+00
  3.5 5.51062E+04
  4.0 6.98053E+04
  4.5 8.52238E+04
  5.0 1.01463E+05
  5.5 1.18484E+05
  6.0 1.35855E+05
  6.5 1.52700E+05
  7.0 1.67963E+05
  7.5 1.80744E+05
  8.0 1.90507E+05
  8.5 1.88787E+06
  9.0 2.00693E+05
  9.5 1.02714E+06
 10.0 8.58437E+05
 10.5 9.75707E+04
 11.0 1.00634E+05
 11.5 2.42097E+05
 12.0 7.54411E+04
 12.5 6.88829E+04
 13.0 7.06212E+04
 13.5 7.19985E+04
 14.0 7.30164E+04
 14.5 7.36861E+04
 15.0 7.40266E+04
 15.5 7.40622E+04
 16.0 7.38203E+04
 16.5 7.33302E+04
 17.0 7.26210E+04
 17.5 7.17214E+04
 18.0 7.06580E+04
 18.5 6.94559E+04
 19.0 6.81376E+04
 19.5 6.67235E+04
 20.0 6.52314E+04
 20.5 6.36772E+04
 21.0 6.20745E+04
 21.5 6.04349E+04
 22.0 5.87687E+04
 22.5 5.70840E+04
 23.0 5.53882E+04
 23.5 5.36871E+04
 24.0 5.19856E+04
 24.5 5.02875E+04
 25.0 4.85963E+04
 25.5 4.69144E+04
 26.0 4.52439E+04
 26.5 4.35863E+04
 27.0 4.19428E+04
 27.5 4.03143E+04
 28.0 3.87015E+04
 28.5 3.71046E+04
 29.0 3.55240E+04
 29.5 3.39599E+04
 30.0 3.24121E+04
 30.5 3.08807E+04
 31.0 2.93655E+04
 31.5 2.78665E+04
 32.0 2.63834E+04
 32.5 2.49162E+04
 33.0 2.34646E+04
 33.5 2.20285E+04
 34.0 2.06079E+04
 34.5 1.92026E+04
 35.0 1.78125E+04
 35.5 1.64377E+04
 36.0 1.50780E+04
 36.5 1.37336E+04
 37.0 1.24046E+04
 37.5 1.10910E+04
 38.0 9.79299E+03
 38.5 8.51076E+03
 39.0 7.24455E+03
 39.5 5.99462E+03
 40.0 4.76126E+03
 40.5 3.54481E+03
 41.0 2.34564E+03
 41.5 1.16415E+03
 42.0 9.65671E+01
