042K13D0W2
  0.5 0.00000E+00
  1.0 0.00000E+00
  1.5 0.00000E+00
  2.0 0.00000E+00
  2.5 0.00000E+00
  3.0 0.00000E+00
  3.5 5.03850E+04
  4.0 6.39599E+04
  4.5 7.81322E+04
  5.0 9.29838E+04
  5.5 1.08527E+05
  6.0 1.24496E+05
  6.5 1.40236E+05
  7.0 1.54852E+05
  7.5 1.67489E+05
  8.0 1.77557E+05
  8.5 1.80272E+06
  9.0 1.89253E+05
  9.5 9.91252E+05
 10.0 8.28503E+05
 10.5 9.05102E+04
 11.0 9.37001E+04
 11.5 2.28357E+05
 12.0 7.00005E+04
 12.5 6.38992E+04
 13.0 6.57074E+04
 13.5 6.72030E+04
 14.0 6.83796E+04
 14.5 6.92401E+04
 15.0 6.97951E+04
 15.5 7.00614E+04
 16.0 7.00596E+04
 16.5 6.98133E+04
 17.0 6.93469E+04
 17.5 6.86854E+04
 18.0 6.78527E+04
 18.5 6.68717E+04
 19.0 6.57637E+04
 19.5 6.45481E+04
 20.0 6.32424E+04
 20.5 6.18622E+04
 21.0 6.04214E+04
 21.5 5.89319E+04
 22.0 5.74043E+04
 22.5 5.58474E+04
 23.0 5.42691E+04
 23.5 5.26757E+04
 24.0 5.10729E+04
 24.5 4.94652E+04
 25.0 4.78564E+04
 25.5 4.62497E+04
 26.0 4.46477E+04
 26.5 4.30524E+04
 27.0 4.14656E+04
 27.5 3.98886E+04
 28.0 3.83224E+04
 28.5 3.67678E+04
 29.0 3.52255E+04
 29.5 3.36959E+04
 30.0 3.21793E+04
 30.5 3.06761E+04
 31.0 2.91862E+04
 31.5 2.77100E+04
 32.0 2.62473E+04
 32.5 2.47984E+04
 33.0 2.33632E+04
 33.5 2.19417E+04
 34.0 2.05340E+04
 34.5 1.91402E+04
 35.0 1.77602E+04
 35.5 1.63942E+04
 36.0 1.50424E+04
 36.5 1.37048E+04
 37.0 1.23816E+04
 37.5 1.10730E+04
 38.0 9.77919E+03
 38.5 8.50052E+03
 39.0 7.23723E+03
 39.5 5.98964E+03
 40.0 4.75812E+03
 40.5 3.54304E+03
 41.0 2.34481E+03
 41.5 1.16390E+03
 42.0 9.65544E+01
