042K19D0W2
  0.5 0.00000E+00
  1.0 0.00000E+00
  1.5 0.00000E+00
  2.0 0.00000E+00
  2.5 0.00000E+00
  3.0 0.00000E+00
  3.5 7.98123E+04
  4.0 1.00611E+05
  4.5 1.22958E+05
  5.0 1.46816E+05
  5.5 1.71295E+05
  6.0 1.94664E+05
  6.5 2.15039E+05
  7.0 2.31066E+05
  7.5 2.42174E+05
  8.0 2.48475E+05
  8.5 2.21874E+06
  9.0 2.49016E+05
  9.5 1.16441E+06
 10.0 9.73195E+05
 10.5 1.30391E+05
 11.0 1.32079E+05
 11.5 2.99268E+05
 12.0 1.00749E+05
 12.5 9.21199E+04
 13.0 9.30543E+04
 13.5 9.34527E+04
 14.0 9.33656E+04
 14.5 9.28488E+04
 15.0 9.19598E+04
 15.5 9.07543E+04
 16.0 8.92853E+04
 16.5 8.76008E+04
 17.0 8.57439E+04
 17.5 8.37527E+04
 18.0 8.16599E+04
 18.5 7.94936E+04
 19.0 7.72774E+04
 19.5 7.50309E+04
 20.0 7.27704E+04
 20.5 7.05091E+04
 21.0 6.82573E+04
 21.5 6.60236E+04
 22.0 6.38143E+04
 22.5 6.16343E+04
 23.0 5.94871E+04
 23.5 5.73753E+04
 24.0 5.53005E+04
 24.5 5.32635E+04
 25.0 5.12647E+04
 25.5 4.93039E+04
 26.0 4.73808E+04
 26.5 4.54945E+04
 27.0 4.36441E+04
 27.5 4.18286E+04
 28.0 4.00467E+04
 28.5 3.82974E+04
 29.0 3.65792E+04
 29.5 3.48911E+04
 30.0 3.32318E+04
 30.5 3.16001E+04
 31.0 2.99949E+04
 31.5 2.84152E+04
 32.0 2.68598E+04
 32.5 2.53280E+04
 33.0 2.38189E+04
 33.5 2.23316E+04
 34.0 2.08655E+04
 34.5 1.94200E+04
 35.0 1.79945E+04
 35.5 1.65886E+04
 36.0 1.52018E+04
 36.5 1.38339E+04
 37.0 1.24845E+04
 37.5 1.11535E+04
 38.0 9.84077E+03
 38.5 8.54624E+03
 39.0 7.26991E+03
 39.5 6.01184E+03
 40.0 4.77212E+03
 40.5 3.55093E+03
 41.0 2.34847E+03
 41.5 1.16500E+03
 42.0 9.66108E+01
