042K17D0W2
  0.5 0.00000E+00
  1.0 0.00000E+00
  1.5 0.00000E+00
  2.0 0.00000E+00
  2.5 0.00000E+00
  3.0 0.00000E+00
  3.5 6.96917E+04
  4.0 8.79435E+04
  4.5 1.07371E+05
  5.0 1.28064E+05
  5.5 1.49605E+05
  6.0 1.70841E+05
  6.5 1.90233E+05
  7.0 2.06428E+05
  7.5 2.18625E+05
  8.0 2.26622E+05
  8.5 2.10227E+06
  9.0 2.31302E+05
  9.5 1.11646E+06
 10.0 9.33043E+05
 10.5 1.17788E+05
 11.0 1.20148E+05
 11.5 2.78432E+05
 12.0 9.10271E+04
 12.5 8.31833E+04
 13.0 8.45151E+04
 13.5 8.53661E+04
 14.0 8.57667E+04
 14.5 8.57553E+04
 15.0 8.53755E+04
 15.5 8.46722E+04
 16.0 8.36899E+04
 16.5 8.24712E+04
 17.0 8.10553E+04
 17.5 7.94780E+04
 18.0 7.77710E+04
 18.5 7.59624E+04
 19.0 7.40761E+04
 19.5 7.21329E+04
 20.0 7.01503E+04
 20.5 6.81429E+04
 21.0 6.61228E+04
 21.5 6.40999E+04
 22.0 6.20823E+04
 22.5 6.00763E+04
 23.0 5.80869E+04
 23.5 5.61182E+04
 24.0 5.41729E+04
 24.5 5.22531E+04
 25.0 5.03603E+04
 25.5 4.84954E+04
 26.0 4.66588E+04
 26.5 4.48506E+04
 27.0 4.30708E+04
 27.5 4.13190E+04
 28.0 3.95945E+04
 28.5 3.78968E+04
 29.0 3.62253E+04
 29.5 3.45790E+04
 30.0 3.29573E+04
 30.5 3.13594E+04
 31.0 2.97845E+04
 31.5 2.82318E+04
 32.0 2.67008E+04
 32.5 2.51906E+04
 33.0 2.37007E+04
 33.5 2.22306E+04
 34.0 2.07797E+04
 34.5 1.93476E+04
 35.0 1.79340E+04
 35.5 1.65384E+04
 36.0 1.51607E+04
 36.5 1.38006E+04
 37.0 1.24579E+04
 37.5 1.11327E+04
 38.0 9.82490E+03
 38.5 8.53446E+03
 39.0 7.26150E+03
 39.5 6.00613E+03
 40.0 4.76852E+03
 40.5 3.54890E+03
 41.0 2.34753E+03
 41.5 1.16472E+03
 42.0 9.65963E+01
