043K07D0W2
  0.5 0.00000E+00
  1.0 0.00000E+00
  1.5 0.00000E+00
  2.0 0.00000E+00
  2.5 0.00000E+00
  3.0 0.00000E+00
  3.5 2.28752E+04
  4.0 3.00638E+04
  4.5 3.73921E+04
  5.0 4.48424E+04
  5.5 5.24112E+04
  6.0 6.01023E+04
  6.5 6.79142E+04
  7.0 7.58141E+04
  7.5 8.37031E+04
  8.0 9.14023E+04
  8.5 1.06013E+06
  9.0 1.05275E+05
  9.5 6.71909E+05
 10.0 5.62417E+05
 10.5 4.60878E+04
 11.0 4.85836E+04
 11.5 1.22336E+05
 12.0 3.58444E+04
 12.5 3.27242E+04
 13.0 3.41049E+04
 13.5 3.54431E+04
 14.0 3.67325E+04
 14.5 3.79650E+04
 15.0 3.91313E+04
 15.5 4.02213E+04
 16.0 4.12251E+04
 16.5 4.21333E+04
 17.0 4.29380E+04
 17.5 4.36327E+04
 18.0 4.42130E+04
 18.5 4.46760E+04
 19.0 4.50208E+04
 19.5 4.52483E+04
 20.0 4.53605E+04
 20.5 4.53607E+04
 21.0 4.52533E+04
 21.5 4.50433E+04
 22.0 4.47361E+04
 22.5 4.43376E+04
 23.0 4.38539E+04
 23.5 4.32910E+04
 24.0 4.26548E+04
 24.5 4.19512E+04
 25.0 4.11858E+04
 25.5 4.03640E+04
 26.0 3.94909E+04
 26.5 3.85712E+04
 27.0 3.76094E+04
 27.5 3.66097E+04
 28.0 3.55761E+04
 28.5 3.45120E+04
 29.0 3.34208E+04
 29.5 3.23057E+04
 30.0 3.11694E+04
 30.5 3.00145E+04
 31.0 2.88435E+04
 31.5 2.76587E+04
 32.0 2.64620E+04
 32.5 2.52553E+04
 33.0 2.40406E+04
 33.5 2.28193E+04
 34.0 2.15930E+04
 34.5 2.03631E+04
 35.0 1.91311E+04
 35.5 1.78981E+04
 36.0 1.66654E+04
 36.5 1.54341E+04
 37.0 1.42053E+04
 37.5 1.29800E+04
 38.0 1.17592E+04
 38.5 1.05440E+04
 39.0 9.33509E+03
 39.5 8.13356E+03
 40.0 6.94023E+03
 40.5 5.75599E+03
 41.0 4.58169E+03
 41.5 3.41817E+03
 42.0 2.26626E+03
 42.5 1.12680E+03
 43.0 9.35688E+01
