043K10D0W2
  0.5 0.00000E+00
  1.0 0.00000E+00
  1.5 0.00000E+00
  2.0 0.00000E+00
  2.5 0.00000E+00
  3.0 0.00000E+00
  3.5 3.59285E+04
  4.0 4.61396E+04
  4.5 5.66633E+04
  5.0 6.75173E+04
  5.5 7.87337E+04
  6.0 9.03144E+04
  6.5 1.02137E+05
  7.0 1.13885E+05
  7.5 1.25079E+05
  8.0 1.35198E+05
  8.5 1.51120E+06
  9.0 1.50622E+05
  9.5 8.75972E+05
 10.0 7.32484E+05
 10.5 6.82654E+04
 11.0 7.15328E+04
 11.5 1.82335E+05
 12.0 5.29613E+04
 12.5 4.83402E+04
 13.0 5.01685E+04
 13.5 5.18465E+04
 14.0 5.33553E+04
 14.5 5.46795E+04
 15.0 5.58084E+04
 15.5 5.67359E+04
 16.0 5.74605E+04
 16.5 5.79846E+04
 17.0 5.83145E+04
 17.5 5.84589E+04
 18.0 5.84285E+04
 18.5 5.82356E+04
 19.0 5.78932E+04
 19.5 5.74145E+04
 20.0 5.68125E+04
 20.5 5.61002E+04
 21.0 5.52895E+04
 21.5 5.43920E+04
 22.0 5.34183E+04
 22.5 5.23780E+04
 23.0 5.12800E+04
 23.5 5.01323E+04
 24.0 4.89421E+04
 24.5 4.77159E+04
 25.0 4.64592E+04
 25.5 4.51772E+04
 26.0 4.38743E+04
 26.5 4.25543E+04
 27.0 4.12208E+04
 27.5 3.98766E+04
 28.0 3.85244E+04
 28.5 3.71664E+04
 29.0 3.58047E+04
 29.5 3.44410E+04
 30.0 3.30767E+04
 30.5 3.17132E+04
 31.0 3.03517E+04
 31.5 2.89931E+04
 32.0 2.76384E+04
 32.5 2.62883E+04
 33.0 2.49437E+04
 33.5 2.36051E+04
 34.0 2.22731E+04
 34.5 2.09484E+04
 35.0 1.96314E+04
 35.5 1.83226E+04
 36.0 1.70226E+04
 36.5 1.57317E+04
 37.0 1.44505E+04
 37.5 1.31794E+04
 38.0 1.19188E+04
 38.5 1.06693E+04
 39.0 9.43127E+03
 39.5 8.20522E+03
 40.0 6.99163E+03
 40.5 5.79101E+03
 41.0 4.60385E+03
 41.5 3.43070E+03
 42.0 2.27208E+03
 42.5 1.12855E+03
 43.0 9.36590E+01
