043K15D0W2
  0.5 0.00000E+00
  1.0 0.00000E+00
  1.5 0.00000E+00
  2.0 0.00000E+00
  2.5 0.00000E+00
  3.0 0.00000E+00
  3.5 5.88348E+04
  4.0 7.44544E+04
  4.5 9.09091E+04
  5.0 1.08319E+05
  5.5 1.26618E+05
  6.0 1.45273E+05
  6.5 1.63269E+05
  7.0 1.79437E+05
  7.5 1.92825E+05
  8.0 2.02902E+05
  8.5 2.01192E+06
  9.0 2.13002E+05
  9.5 1.09026E+06
 10.0 9.11101E+05
 10.5 1.04454E+05
 11.0 1.07617E+05
 11.5 2.59110E+05
 12.0 8.08719E+04
 12.5 7.38787E+04
 13.0 7.56664E+04
 13.5 7.70531E+04
 14.0 7.80446E+04
 14.5 7.86572E+04
 15.0 7.89152E+04
 15.5 7.88479E+04
 16.0 7.84879E+04
 16.5 7.78685E+04
 17.0 7.70227E+04
 17.5 7.59822E+04
 18.0 7.47767E+04
 18.5 7.34331E+04
 19.0 7.19759E+04
 19.5 7.04267E+04
 20.0 6.88045E+04
 20.5 6.71259E+04
 21.0 6.54051E+04
 21.5 6.36541E+04
 22.0 6.18832E+04
 22.5 6.01009E+04
 23.0 5.83143E+04
 23.5 5.65291E+04
 24.0 5.47503E+04
 24.5 5.29815E+04
 25.0 5.12257E+04
 25.5 4.94851E+04
 26.0 4.77617E+04
 26.5 4.60567E+04
 27.0 4.43709E+04
 27.5 4.27050E+04
 28.0 4.10592E+04
 28.5 3.94337E+04
 29.0 3.78285E+04
 29.5 3.62433E+04
 30.0 3.46780E+04
 30.5 3.31322E+04
 31.0 3.16055E+04
 31.5 3.00976E+04
 32.0 2.86080E+04
 32.5 2.71365E+04
 33.0 2.56825E+04
 33.5 2.42457E+04
 34.0 2.28258E+04
 34.5 2.14225E+04
 35.0 2.00355E+04
 35.5 1.86645E+04
 36.0 1.73095E+04
 36.5 1.59702E+04
 37.0 1.46465E+04
 37.5 1.33384E+04
 38.0 1.20459E+04
 38.5 1.07689E+04
 39.0 9.50757E+03
 39.5 8.26198E+03
 40.0 7.03228E+03
 40.5 5.81865E+03
 41.0 4.62133E+03
 41.5 3.44056E+03
 42.0 2.27665E+03
 42.5 1.12992E+03
 43.0 9.37298E+01
