043K19D0W2
  0.5 0.00000E+00
  1.0 0.00000E+00
  1.5 0.00000E+00
  2.0 0.00000E+00
  2.5 0.00000E+00
  3.0 0.00000E+00
  3.5 7.83982E+04
  4.0 9.88603E+04
  4.5 1.20830E+05
  5.0 1.44344E+05
  5.5 1.68676E+05
  6.0 1.92244E+05
  6.5 2.13191E+05
  7.0 2.30081E+05
  7.5 2.42212E+05
  8.0 2.49568E+05
  8.5 2.28049E+06
  9.0 2.51982E+05
  9.5 1.20170E+06
 10.0 1.00426E+06
 10.5 1.30926E+05
 11.0 1.33006E+05
 11.5 3.05480E+05
 12.0 1.01306E+05
 12.5 9.26449E+04
 13.0 9.37973E+04
 13.5 9.44048E+04
 14.0 9.45132E+04
 14.5 9.41752E+04
 15.0 9.34465E+04
 15.5 9.23822E+04
 16.0 9.10354E+04
 16.5 8.94551E+04
 17.0 8.76855E+04
 17.5 8.57663E+04
 18.0 8.37316E+04
 18.5 8.16113E+04
 19.0 7.94305E+04
 19.5 7.72105E+04
 20.0 7.49687E+04
 20.5 7.27197E+04
 21.0 7.04751E+04
 21.5 6.82443E+04
 22.0 6.60347E+04
 22.5 6.38519E+04
 23.0 6.17002E+04
 23.5 5.95826E+04
 24.0 5.75012E+04
 24.5 5.54574E+04
 25.0 5.34518E+04
 25.5 5.14846E+04
 26.0 4.95555E+04
 26.5 4.76640E+04
 27.0 4.58092E+04
 27.5 4.39903E+04
 28.0 4.22060E+04
 28.5 4.04552E+04
 29.0 3.87367E+04
 29.5 3.70492E+04
 30.0 3.53916E+04
 30.5 3.37625E+04
 31.0 3.21608E+04
 31.5 3.05854E+04
 32.0 2.90352E+04
 32.5 2.75091E+04
 33.0 2.60063E+04
 33.5 2.45259E+04
 34.0 2.30670E+04
 34.5 2.16290E+04
 35.0 2.02112E+04
 35.5 1.88130E+04
 36.0 1.74339E+04
 36.5 1.60734E+04
 37.0 1.47313E+04
 37.5 1.34071E+04
 38.0 1.21007E+04
 38.5 1.08118E+04
 39.0 9.54038E+03
 39.5 8.28636E+03
 40.0 7.04972E+03
 40.5 5.83050E+03
 41.0 4.62881E+03
 41.5 3.44478E+03
 42.0 2.27860E+03
 42.5 1.13051E+03
 43.0 9.37601E+01
