043K12D0W2
  0.5 0.00000E+00
  1.0 0.00000E+00
  1.5 0.00000E+00
  2.0 0.00000E+00
  2.5 0.00000E+00
  3.0 0.00000E+00
  3.5 4.49101E+04
  4.0 5.72162E+04
  4.5 7.00050E+04
  5.0 8.33332E+04
  5.5 9.72474E+04
  6.0 1.11650E+05
  6.5 1.26154E+05
  7.0 1.40099E+05
  7.5 1.52730E+05
  8.0 1.63410E+05
  8.5 1.74097E+06
  9.0 1.77605E+05
  9.5 9.75531E+05
 10.0 8.15432E+05
 10.5 8.30304E+04
 11.0 8.64632E+04
 11.5 2.16108E+05
 12.0 6.43474E+04
 12.5 5.87455E+04
 13.0 6.06789E+04
 13.5 6.23605E+04
 14.0 6.37748E+04
 14.5 6.49144E+04
 15.0 6.57796E+04
 15.5 6.63769E+04
 16.0 6.67180E+04
 16.5 6.68185E+04
 17.0 6.66966E+04
 17.5 6.63720E+04
 18.0 6.58648E+04
 18.5 6.51951E+04
 19.0 6.43824E+04
 19.5 6.34449E+04
 20.0 6.23997E+04
 20.5 6.12624E+04
 21.0 6.00471E+04
 21.5 5.87664E+04
 22.0 5.74317E+04
 22.5 5.60527E+04
 23.0 5.46382E+04
 23.5 5.31956E+04
 24.0 5.17314E+04
 24.5 5.02513E+04
 25.0 4.87600E+04
 25.5 4.72614E+04
 26.0 4.57590E+04
 26.5 4.42557E+04
 27.0 4.27538E+04
 27.5 4.12554E+04
 28.0 3.97621E+04
 28.5 3.82752E+04
 29.0 3.67957E+04
 29.5 3.53247E+04
 30.0 3.38628E+04
 30.5 3.24106E+04
 31.0 3.09686E+04
 31.5 2.95371E+04
 32.0 2.81164E+04
 32.5 2.67068E+04
 33.0 2.53085E+04
 33.5 2.39217E+04
 34.0 2.25465E+04
 34.5 2.11830E+04
 35.0 1.98315E+04
 35.5 1.84920E+04
 36.0 1.71648E+04
 36.5 1.58500E+04
 37.0 1.45478E+04
 37.5 1.32583E+04
 38.0 1.19819E+04
 38.5 1.07188E+04
 39.0 9.46921E+03
 39.5 8.23345E+03
 40.0 7.01186E+03
 40.5 5.80477E+03
 41.0 4.61255E+03
 41.5 3.43561E+03
 42.0 2.27435E+03
 42.5 1.12923E+03
 43.0 9.36943E+01
