043K14D0W2
  0.5 0.00000E+00
  1.0 0.00000E+00
  1.5 0.00000E+00
  2.0 0.00000E+00
  2.5 0.00000E+00
  3.0 0.00000E+00
  3.5 5.41288E+04
  4.0 6.86179E+04
  4.5 8.38105E+04
  5.0 9.98086E+04
  5.5 1.16612E+05
  6.0 1.33874E+05
  6.5 1.50807E+05
  7.0 1.66394E+05
  7.5 1.79711E+05
  8.0 1.90157E+05
  8.5 1.92972E+06
  9.0 2.01849E+05
  9.5 1.05572E+06
 10.0 8.82284E+05
 10.5 9.74418E+04
 11.0 1.00757E+05
 11.5 2.45681E+05
 12.0 7.54622E+04
 12.5 6.89202E+04
 13.0 7.07937E+04
 13.5 7.23133E+04
 14.0 7.34761E+04
 14.5 7.42896E+04
 15.0 7.47698E+04
 15.5 7.49384E+04
 16.0 7.48211E+04
 16.5 7.44461E+04
 17.0 7.38420E+04
 17.5 7.30371E+04
 18.0 7.20585E+04
 18.5 7.09315E+04
 19.0 6.96794E+04
 19.5 6.83233E+04
 20.0 6.68817E+04
 20.5 6.53714E+04
 21.0 6.38066E+04
 21.5 6.22001E+04
 22.0 6.05623E+04
 22.5 5.89026E+04
 23.0 5.72286E+04
 23.5 5.55467E+04
 24.0 5.38623E+04
 24.5 5.21799E+04
 25.0 5.05029E+04
 25.5 4.88343E+04
 26.0 4.71765E+04
 26.5 4.55311E+04
 27.0 4.38996E+04
 27.5 4.22830E+04
 28.0 4.06820E+04
 28.5 3.90972E+04
 29.0 3.75288E+04
 29.5 3.59770E+04
 30.0 3.44418E+04
 30.5 3.29233E+04
 31.0 3.14213E+04
 31.5 2.99356E+04
 32.0 2.84660E+04
 32.5 2.70124E+04
 33.0 2.55746E+04
 33.5 2.41523E+04
 34.0 2.27453E+04
 34.5 2.13535E+04
 35.0 1.99767E+04
 35.5 1.86149E+04
 36.0 1.72679E+04
 36.5 1.59356E+04
 37.0 1.46181E+04
 37.5 1.33154E+04
 38.0 1.20275E+04
 38.5 1.07545E+04
 39.0 9.49655E+03
 39.5 8.25379E+03
 40.0 7.02642E+03
 40.5 5.81467E+03
 41.0 4.61881E+03
 41.5 3.43914E+03
 42.0 2.27599E+03
 42.5 1.12973E+03
 43.0 9.37197E+01
