043K13D0W2
  0.5 0.00000E+00
  1.0 0.00000E+00
  1.5 0.00000E+00
  2.0 0.00000E+00
  2.5 0.00000E+00
  3.0 0.00000E+00
  3.5 4.94884E+04
  4.0 6.28738E+04
  4.5 7.68455E+04
  5.0 9.14832E+04
  5.5 1.06822E+05
  6.0 1.22659E+05
  6.5 1.38422E+05
  7.0 1.53265E+05
  7.5 1.66333E+05
  8.0 1.76987E+05
  8.5 1.83978E+06
  9.0 1.90060E+05
  9.5 1.01767E+06
 10.0 8.50556E+05
 10.5 9.02940E+04
 11.0 9.37013E+04
 11.5 2.31375E+05
 12.0 6.99490E+04
 12.5 6.38711E+04
 13.0 6.57943E+04
 13.5 6.74136E+04
 14.0 6.87191E+04
 14.5 6.97102E+04
 15.0 7.03947E+04
 15.5 7.07865E+04
 16.0 7.09045E+04
 16.5 7.07709E+04
 17.0 7.04091E+04
 17.5 6.98437E+04
 18.0 6.90984E+04
 18.5 6.81965E+04
 19.0 6.71594E+04
 19.5 6.60071E+04
 20.0 6.47578E+04
 20.5 6.34276E+04
 21.0 6.20311E+04
 21.5 6.05809E+04
 22.0 5.90881E+04
 22.5 5.75623E+04
 23.0 5.60118E+04
 23.5 5.44436E+04
 24.0 5.28636E+04
 24.5 5.12768E+04
 25.0 4.96875E+04
 25.5 4.80991E+04
 26.0 4.65144E+04
 26.5 4.49359E+04
 27.0 4.33652E+04
 27.5 4.18040E+04
 28.0 4.02535E+04
 28.5 3.87145E+04
 29.0 3.71877E+04
 29.5 3.56736E+04
 30.0 3.41727E+04
 30.5 3.26851E+04
 31.0 3.12110E+04
 31.5 2.97505E+04
 32.0 2.83037E+04
 32.5 2.68706E+04
 33.0 2.54512E+04
 33.5 2.40453E+04
 34.0 2.26531E+04
 34.5 2.12745E+04
 35.0 1.99094E+04
 35.5 1.85580E+04
 36.0 1.72202E+04
 36.5 1.58960E+04
 37.0 1.45856E+04
 37.5 1.32890E+04
 38.0 1.20064E+04
 38.5 1.07380E+04
 39.0 9.48390E+03
 39.5 8.24438E+03
 40.0 7.01968E+03
 40.5 5.81009E+03
 41.0 4.61592E+03
 41.5 3.43751E+03
 42.0 2.27523E+03
 42.5 1.12950E+03
 43.0 9.37079E+01
