043K21D0W2
  0.5 0.00000E+00
  1.0 0.00000E+00
  1.5 0.00000E+00
  2.0 0.00000E+00
  2.5 0.00000E+00
  3.0 0.00000E+00
  3.5 8.86931E+04
  4.0 1.11809E+05
  4.5 1.36839E+05
  5.0 1.63600E+05
  5.5 1.90789E+05
  6.0 2.16231E+05
  6.5 2.37811E+05
  7.0 2.54189E+05
  7.5 2.64958E+05
  8.0 2.70437E+05
  8.5 2.38751E+06
  9.0 2.68596E+05
  9.5 1.24556E+06
 10.0 1.04103E+06
 10.5 1.43159E+05
 11.0 1.44490E+05
 11.5 3.25077E+05
 12.0 1.10756E+05
 12.5 1.01341E+05
 13.0 1.02047E+05
 13.5 1.02165E+05
 14.0 1.01760E+05
 14.5 1.00902E+05
 15.0 9.96589E+04
 15.5 9.80947E+04
 16.0 9.62692E+04
 16.5 9.42358E+04
 17.0 9.20413E+04
 17.5 8.97264E+04
 18.0 8.73257E+04
 18.5 8.48682E+04
 19.0 8.23781E+04
 19.5 7.98751E+04
 20.0 7.73753E+04
 20.5 7.48913E+04
 21.0 7.24333E+04
 21.5 7.00088E+04
 22.0 6.76235E+04
 22.5 6.52816E+04
 23.0 6.29858E+04
 23.5 6.07379E+04
 24.0 5.85387E+04
 24.5 5.63884E+04
 25.0 5.42866E+04
 25.5 5.22324E+04
 26.0 5.02247E+04
 26.5 4.82623E+04
 27.0 4.63435E+04
 27.5 4.44667E+04
 28.0 4.26303E+04
 28.5 4.08325E+04
 29.0 3.90717E+04
 29.5 3.73460E+04
 30.0 3.56540E+04
 30.5 3.39940E+04
 31.0 3.23645E+04
 31.5 3.07641E+04
 32.0 2.91915E+04
 32.5 2.76454E+04
 33.0 2.61246E+04
 33.5 2.46282E+04
 34.0 2.31550E+04
 34.5 2.17043E+04
 35.0 2.02752E+04
 35.5 1.88670E+04
 36.0 1.74791E+04
 36.5 1.61109E+04
 37.0 1.47620E+04
 37.5 1.34320E+04
 38.0 1.21205E+04
 38.5 1.08273E+04
 39.0 9.55228E+03
 39.5 8.29519E+03
 40.0 7.05604E+03
 40.5 5.83480E+03
 41.0 4.63152E+03
 41.5 3.44631E+03
 42.0 2.27931E+03
 42.5 1.13072E+03
 43.0 9.37710E+01
