043K20D0W2
  0.5 0.00000E+00
  1.0 0.00000E+00
  1.5 0.00000E+00
  2.0 0.00000E+00
  2.5 0.00000E+00
  3.0 0.00000E+00
  3.5 8.34983E+04
  4.0 1.05265E+05
  4.5 1.28740E+05
  5.0 1.53867E+05
  5.5 1.79652E+05
  6.0 2.04213E+05
  6.5 2.25547E+05
  7.0 2.42247E+05
  7.5 2.53747E+05
  8.0 2.60196E+05
  8.5 2.33586E+06
  9.0 2.60501E+05
  9.5 1.22442E+06
 10.0 1.02331E+06
 10.5 1.37126E+05
 11.0 1.38845E+05
 11.5 3.15536E+05
 12.0 1.06095E+05
 12.5 9.70507E+04
 13.0 9.79881E+04
 13.5 9.83568E+04
 14.0 9.82125E+04
 14.5 9.76163E+04
 15.0 9.66304E+04
 15.5 9.53151E+04
 16.0 9.37268E+04
 16.5 9.19171E+04
 17.0 8.99318E+04
 17.5 8.78110E+04
 18.0 8.55894E+04
 18.5 8.32966E+04
 19.0 8.09572E+04
 19.5 7.85917E+04
 20.0 7.62172E+04
 20.5 7.38471E+04
 21.0 7.14924E+04
 21.5 6.91616E+04
 22.0 6.68611E+04
 22.5 6.45960E+04
 23.0 6.23696E+04
 23.5 6.01844E+04
 24.0 5.80419E+04
 24.5 5.59428E+04
 25.0 5.38872E+04
 25.5 5.18747E+04
 26.0 4.99048E+04
 26.5 4.79763E+04
 27.0 4.60882E+04
 27.5 4.42391E+04
 28.0 4.24276E+04
 28.5 4.06524E+04
 29.0 3.89117E+04
 29.5 3.72044E+04
 30.0 3.55288E+04
 30.5 3.38835E+04
 31.0 3.22673E+04
 31.5 3.06789E+04
 32.0 2.91169E+04
 32.5 2.75804E+04
 33.0 2.60682E+04
 33.5 2.45794E+04
 34.0 2.31131E+04
 34.5 2.16684E+04
 35.0 2.02447E+04
 35.5 1.88413E+04
 36.0 1.74576E+04
 36.5 1.60931E+04
 37.0 1.47474E+04
 37.5 1.34201E+04
 38.0 1.21111E+04
 38.5 1.08199E+04
 39.0 9.54661E+03
 39.5 8.29099E+03
 40.0 7.05303E+03
 40.5 5.83275E+03
 41.0 4.63023E+03
 41.5 3.44558E+03
 42.0 2.27897E+03
 42.5 1.13062E+03
 43.0 9.37658E+01
