044K08D0W2
  0.5 0.00000E+00
  1.0 0.00000E+00
  1.5 0.00000E+00
  2.0 0.00000E+00
  2.5 0.00000E+00
  3.0 0.00000E+00
  3.5 2.66757E+04
  4.0 3.47584E+04
  4.5 4.30304E+04
  5.0 5.14827E+04
  5.5 6.01206E+04
  6.0 6.89556E+04
  6.5 7.79822E+04
  7.0 8.71319E+04
  7.5 9.62327E+04
  8.0 1.05013E+05
  8.5 1.23385E+06
  9.0 1.20350E+05
  9.5 7.60618E+05
 10.0 6.36406E+05
 10.5 5.30782E+04
 11.0 5.59381E+04
 11.5 1.43735E+05
 12.0 4.13252E+04
 12.5 3.77430E+04
 13.0 3.93288E+04
 13.5 4.08500E+04
 14.0 4.22952E+04
 14.5 4.36516E+04
 15.0 4.49068E+04
 15.5 4.60490E+04
 16.0 4.70682E+04
 16.5 4.79564E+04
 17.0 4.87081E+04
 17.5 4.93201E+04
 18.0 4.97918E+04
 18.5 5.01246E+04
 19.0 5.03218E+04
 19.5 5.03881E+04
 20.0 5.03295E+04
 20.5 5.01528E+04
 21.0 4.98655E+04
 21.5 4.94751E+04
 22.0 4.89895E+04
 22.5 4.84164E+04
 23.0 4.77634E+04
 23.5 4.70377E+04
 24.0 4.62463E+04
 24.5 4.53955E+04
 25.0 4.44916E+04
 25.5 4.35402E+04
 26.0 4.25463E+04
 26.5 4.15149E+04
 27.0 4.04503E+04
 27.5 3.93565E+04
 28.0 3.82371E+04
 28.5 3.70953E+04
 29.0 3.59343E+04
 29.5 3.47566E+04
 30.0 3.35648E+04
 30.5 3.23609E+04
 31.0 3.11472E+04
 31.5 2.99253E+04
 32.0 2.86969E+04
 32.5 2.74635E+04
 33.0 2.62266E+04
 33.5 2.49873E+04
 34.0 2.37468E+04
 34.5 2.25063E+04
 35.0 2.12666E+04
 35.5 2.00288E+04
 36.0 1.87938E+04
 36.5 1.75623E+04
 37.0 1.63351E+04
 37.5 1.51130E+04
 38.0 1.38967E+04
 38.5 1.26870E+04
 39.0 1.14845E+04
 39.5 1.02899E+04
 40.0 9.10386E+03
 40.5 7.92701E+03
 41.0 6.75999E+03
 41.5 5.60347E+03
 42.0 4.45807E+03
 42.5 3.32445E+03
 43.0 2.20323E+03
 43.5 1.09506E+03
 44.0 9.09153E+01
