044K09D0W2
  0.5 0.00000E+00
  1.0 0.00000E+00
  1.5 0.00000E+00
  2.0 0.00000E+00
  2.5 0.00000E+00
  3.0 0.00000E+00
  3.5 3.09575E+04
  4.0 4.00323E+04
  4.5 4.93526E+04
  5.0 5.89204E+04
  5.5 6.87530E+04
  6.0 7.88672E+04
  6.5 8.92303E+04
  7.0 9.96913E+04
  7.5 1.09954E+05
  8.0 1.19623E+05
  8.5 1.38972E+06
  9.0 1.35654E+05
  9.5 8.31344E+05
 10.0 6.95350E+05
 10.5 6.04631E+04
 11.0 6.36082E+04
 11.5 1.64278E+05
 12.0 4.70331E+04
 12.5 4.29509E+04
 13.0 4.47004E+04
 13.5 4.63513E+04
 14.0 4.78867E+04
 14.5 4.92910E+04
 15.0 5.05503E+04
 15.5 5.16538E+04
 16.0 5.25936E+04
 16.5 5.33657E+04
 17.0 5.39688E+04
 17.5 5.44052E+04
 18.0 5.46792E+04
 18.5 5.47974E+04
 19.0 5.47679E+04
 19.5 5.45998E+04
 20.0 5.43028E+04
 20.5 5.38873E+04
 21.0 5.33633E+04
 21.5 5.27408E+04
 22.0 5.20294E+04
 22.5 5.12384E+04
 23.0 5.03762E+04
 23.5 4.94510E+04
 24.0 4.84700E+04
 24.5 4.74401E+04
 25.0 4.63674E+04
 25.5 4.52575E+04
 26.0 4.41153E+04
 26.5 4.29455E+04
 27.0 4.17520E+04
 27.5 4.05385E+04
 28.0 3.93082E+04
 28.5 3.80638E+04
 29.0 3.68081E+04
 29.5 3.55432E+04
 30.0 3.42711E+04
 30.5 3.29936E+04
 31.0 3.17123E+04
 31.5 3.04286E+04
 32.0 2.91438E+04
 32.5 2.78591E+04
 33.0 2.65754E+04
 33.5 2.52937E+04
 34.0 2.40148E+04
 34.5 2.27395E+04
 35.0 2.14686E+04
 35.5 2.02027E+04
 36.0 1.89425E+04
 36.5 1.76885E+04
 37.0 1.64413E+04
 37.5 1.52016E+04
 38.0 1.39698E+04
 38.5 1.27464E+04
 39.0 1.15321E+04
 39.5 1.03273E+04
 40.0 9.13257E+03
 40.5 7.94841E+03
 41.0 6.77536E+03
 41.5 5.61394E+03
 42.0 4.46471E+03
 42.5 3.32820E+03
 43.0 2.20497E+03
 43.5 1.09559E+03
 44.0 9.09424E+01
