044K06D0W2
  0.5 0.00000E+00
  1.0 0.00000E+00
  1.5 0.00000E+00
  2.0 0.00000E+00
  2.5 0.00000E+00
  3.0 0.00000E+00
  3.5 1.82860E+04
  4.0 2.44099E+04
  4.5 3.06421E+04
  5.0 3.69554E+04
  5.5 4.33391E+04
  6.0 4.97898E+04
  6.5 5.63065E+04
  7.0 6.28830E+04
  7.5 6.94899E+04
  8.0 7.60548E+04
  8.5 8.69028E+05
  9.0 8.85259E+04
  9.5 5.87282E+05
 10.0 4.91863E+05
 10.5 3.85890E+04
 11.0 4.07476E+04
 11.5 9.89222E+04
 12.0 3.01065E+04
 12.5 2.75090E+04
 13.0 2.87028E+04
 13.5 2.98694E+04
 14.0 3.10084E+04
 14.5 3.21181E+04
 15.0 3.31948E+04
 15.5 3.42334E+04
 16.0 3.52271E+04
 16.5 3.61684E+04
 17.0 3.70493E+04
 17.5 3.78619E+04
 18.0 3.85987E+04
 18.5 3.92531E+04
 19.0 3.98199E+04
 19.5 4.02948E+04
 20.0 4.06751E+04
 20.5 4.09594E+04
 21.0 4.11475E+04
 21.5 4.12400E+04
 22.0 4.12389E+04
 22.5 4.11467E+04
 23.0 4.09667E+04
 23.5 4.07026E+04
 24.0 4.03584E+04
 24.5 3.99384E+04
 25.0 3.94472E+04
 25.5 3.88891E+04
 26.0 3.82687E+04
 26.5 3.75903E+04
 27.0 3.68584E+04
 27.5 3.60770E+04
 28.0 3.52500E+04
 28.5 3.43814E+04
 29.0 3.34746E+04
 29.5 3.25332E+04
 30.0 3.15602E+04
 30.5 3.05587E+04
 31.0 2.95316E+04
 31.5 2.84815E+04
 32.0 2.74109E+04
 32.5 2.63221E+04
 33.0 2.52172E+04
 33.5 2.40984E+04
 34.0 2.29675E+04
 34.5 2.18263E+04
 35.0 2.06766E+04
 35.5 1.95199E+04
 36.0 1.83577E+04
 36.5 1.71914E+04
 37.0 1.60223E+04
 37.5 1.48518E+04
 38.0 1.36811E+04
 38.5 1.25114E+04
 39.0 1.13436E+04
 39.5 1.01791E+04
 40.0 9.01864E+03
 40.5 7.86339E+03
 41.0 6.71429E+03
 41.5 5.57228E+03
 42.0 4.43830E+03
 42.5 3.31325E+03
 43.0 2.19802E+03
 43.5 1.09349E+03
 44.0 9.08344E+01
