044K07D0W2
  0.5 0.00000E+00
  1.0 0.00000E+00
  1.5 0.00000E+00
  2.0 0.00000E+00
  2.5 0.00000E+00
  3.0 0.00000E+00
  3.5 2.24500E+04
  4.0 2.95506E+04
  4.5 3.67945E+04
  5.0 4.41634E+04
  5.5 5.16535E+04
  6.0 5.92681E+04
  6.5 6.70087E+04
  7.0 7.48520E+04
  7.5 8.27166E+04
  8.0 9.04444E+04
  8.5 1.06063E+06
  9.0 1.04584E+05
  9.5 6.79907E+05
 10.0 5.69115E+05
 10.5 4.57752E+04
 11.0 4.83000E+04
 11.5 1.21910E+05
 12.0 3.56749E+04
 12.5 3.25888E+04
 13.0 3.39856E+04
 13.5 3.53418E+04
 14.0 3.66519E+04
 14.5 3.79082E+04
 15.0 3.91020E+04
 15.5 4.02237E+04
 16.0 4.12635E+04
 16.5 4.22121E+04
 17.0 4.30614E+04
 17.5 4.38047E+04
 18.0 4.44369E+04
 18.5 4.49548E+04
 19.0 4.53569E+04
 19.5 4.56433E+04
 20.0 4.58156E+04
 20.5 4.58768E+04
 21.0 4.58305E+04
 21.5 4.56815E+04
 22.0 4.54349E+04
 22.5 4.50964E+04
 23.0 4.46717E+04
 23.5 4.41667E+04
 24.0 4.35874E+04
 24.5 4.29393E+04
 25.0 4.22282E+04
 25.5 4.14594E+04
 26.0 4.06379E+04
 26.5 3.97685E+04
 27.0 3.88558E+04
 27.5 3.79040E+04
 28.0 3.69170E+04
 28.5 3.58983E+04
 29.0 3.48515E+04
 29.5 3.37796E+04
 30.0 3.26854E+04
 30.5 3.15716E+04
 31.0 3.04406E+04
 31.5 2.92947E+04
 32.0 2.81360E+04
 32.5 2.69663E+04
 33.0 2.57874E+04
 33.5 2.46009E+04
 34.0 2.34085E+04
 34.5 2.22114E+04
 35.0 2.10109E+04
 35.5 1.98085E+04
 36.0 1.86051E+04
 36.5 1.74019E+04
 37.0 1.62000E+04
 37.5 1.50003E+04
 38.0 1.38037E+04
 38.5 1.26113E+04
 39.0 1.14238E+04
 39.5 1.02422E+04
 40.0 9.06718E+03
 40.5 7.89964E+03
 41.0 6.74034E+03
 41.5 5.59007E+03
 42.0 4.44958E+03
 42.5 3.31964E+03
 43.0 2.20099E+03
 43.5 1.09439E+03
 44.0 9.08806E+01
