044K15D0W2
  0.5 0.00000E+00
  1.0 0.00000E+00
  1.5 0.00000E+00
  2.0 0.00000E+00
  2.5 0.00000E+00
  3.0 0.00000E+00
  3.5 5.78219E+04
  4.0 7.32197E+04
  4.5 8.94325E+04
  5.0 1.06583E+05
  5.5 1.24653E+05
  6.0 1.43204E+05
  6.5 1.61316E+05
  7.0 1.77850E+05
  7.5 1.91822E+05
  8.0 2.02627E+05
  8.5 2.05645E+06
  9.0 2.14301E+05
  9.5 1.11997E+06
 10.0 9.35885E+05
 10.5 1.04353E+05
 11.0 1.07789E+05
 11.5 2.63192E+05
 12.0 8.09223E+04
 12.5 7.39446E+04
 13.0 7.58809E+04
 13.5 7.74223E+04
 14.0 7.85700E+04
 14.5 7.93361E+04
 15.0 7.97417E+04
 15.5 7.98136E+04
 16.0 7.95826E+04
 16.5 7.90811E+04
 17.0 7.83416E+04
 17.5 7.73959E+04
 18.0 7.62739E+04
 18.5 7.50033E+04
 19.0 7.36093E+04
 19.5 7.21143E+04
 20.0 7.05384E+04
 20.5 6.88988E+04
 21.0 6.72108E+04
 21.5 6.54873E+04
 22.0 6.37392E+04
 22.5 6.19759E+04
 23.0 6.02050E+04
 23.5 5.84331E+04
 24.0 5.66653E+04
 24.5 5.49059E+04
 25.0 5.31582E+04
 25.5 5.14251E+04
 26.0 4.97084E+04
 26.5 4.80097E+04
 27.0 4.63302E+04
 27.5 4.46705E+04
 28.0 4.30312E+04
 28.5 4.14124E+04
 29.0 3.98143E+04
 29.5 3.82366E+04
 30.0 3.66791E+04
 30.5 3.51417E+04
 31.0 3.36238E+04
 31.5 3.21251E+04
 32.0 3.06452E+04
 32.5 2.91836E+04
 33.0 2.77399E+04
 33.5 2.63137E+04
 34.0 2.49046E+04
 34.5 2.35121E+04
 35.0 2.21360E+04
 35.5 2.07760E+04
 36.0 1.94317E+04
 36.5 1.81030E+04
 37.0 1.67896E+04
 37.5 1.54914E+04
 38.0 1.42083E+04
 38.5 1.29402E+04
 39.0 1.16871E+04
 39.5 1.04489E+04
 40.0 9.22582E+03
 40.5 8.01785E+03
 41.0 6.82513E+03
 41.5 5.64783E+03
 42.0 4.48615E+03
 42.5 3.34031E+03
 43.0 2.21059E+03
 43.5 1.09728E+03
 44.0 9.10296E+01
