044K16D0W2
  0.5 0.00000E+00
  1.0 0.00000E+00
  1.5 0.00000E+00
  2.0 0.00000E+00
  2.5 0.00000E+00
  3.0 0.00000E+00
  3.5 6.25165E+04
  4.0 7.90520E+04
  4.5 9.65434E+04
  5.0 1.15129E+05
  5.5 1.34710E+05
  6.0 1.54645E+05
  6.5 1.73779E+05
  7.0 1.90834E+05
  7.5 2.04812E+05
  8.0 2.15190E+05
  8.5 2.13615E+06
  9.0 2.25206E+05
  9.5 1.15336E+06
 10.0 9.63757E+05
 10.5 1.11325E+05
 11.0 1.14586E+05
 11.5 2.76366E+05
 12.0 8.63071E+04
 12.5 7.88833E+04
 13.0 8.07196E+04
 13.5 8.21154E+04
 14.0 8.30809E+04
 14.5 8.36373E+04
 15.0 8.38143E+04
 15.5 8.36463E+04
 16.0 8.31703E+04
 16.5 8.24239E+04
 17.0 8.14438E+04
 17.5 8.02648E+04
 18.0 7.89191E+04
 18.5 7.74358E+04
 19.0 7.58410E+04
 19.5 7.41577E+04
 20.0 7.24060E+04
 20.5 7.06031E+04
 21.0 6.87638E+04
 21.5 6.69006E+04
 22.0 6.50238E+04
 22.5 6.31422E+04
 23.0 6.12629E+04
 23.5 5.93915E+04
 24.0 5.75328E+04
 24.5 5.56903E+04
 25.0 5.38668E+04
 25.5 5.20644E+04
 26.0 5.02846E+04
 26.5 4.85285E+04
 27.0 4.67967E+04
 27.5 4.50895E+04
 28.0 4.34070E+04
 28.5 4.17489E+04
 29.0 4.01151E+04
 29.5 3.85051E+04
 30.0 3.69184E+04
 30.5 3.53544E+04
 31.0 3.38125E+04
 31.5 3.22921E+04
 32.0 3.07926E+04
 32.5 2.93133E+04
 33.0 2.78536E+04
 33.5 2.64131E+04
 34.0 2.49910E+04
 34.5 2.35871E+04
 35.0 2.22006E+04
 35.5 2.08314E+04
 36.0 1.94789E+04
 36.5 1.81429E+04
 37.0 1.68231E+04
 37.5 1.55192E+04
 38.0 1.42312E+04
 38.5 1.29587E+04
 39.0 1.17019E+04
 39.5 1.04605E+04
 40.0 9.23472E+03
 40.5 8.02447E+03
 41.0 6.82987E+03
 41.5 5.65106E+03
 42.0 4.48819E+03
 42.5 3.34146E+03
 43.0 2.21112E+03
 43.5 1.09744E+03
 44.0 9.10378E+01
