044K14D0W2
  0.5 0.00000E+00
  1.0 0.00000E+00
  1.5 0.00000E+00
  2.0 0.00000E+00
  2.5 0.00000E+00
  3.0 0.00000E+00
  3.5 5.31948E+04
  4.0 6.74828E+04
  4.5 8.24594E+04
  5.0 9.82250E+04
  5.5 1.14809E+05
  6.0 1.31940E+05
  6.5 1.48919E+05
  7.0 1.64775E+05
  7.5 1.78573E+05
  8.0 1.89655E+05
  8.5 1.96969E+06
  9.0 2.02803E+05
  9.5 1.08340E+06
 10.0 9.05379E+05
 10.5 9.72479E+04
 11.0 1.00802E+05
 11.5 2.49204E+05
 12.0 7.54355E+04
 12.5 6.89163E+04
 13.0 7.09189E+04
 13.5 7.25757E+04
 14.0 7.38799E+04
 14.5 7.48351E+04
 15.0 7.54539E+04
 15.5 7.57554E+04
 16.0 7.57636E+04
 16.5 7.55051E+04
 17.0 7.50078E+04
 17.5 7.42998E+04
 18.0 7.34081E+04
 18.5 7.23584E+04
 19.0 7.11745E+04
 19.5 6.98781E+04
 20.0 6.84886E+04
 20.5 6.70234E+04
 21.0 6.54976E+04
 21.5 6.39247E+04
 22.0 6.23159E+04
 22.5 6.06810E+04
 23.0 5.90285E+04
 23.5 5.73653E+04
 24.0 5.56973E+04
 24.5 5.40294E+04
 25.0 5.23655E+04
 25.5 5.07088E+04
 26.0 4.90621E+04
 26.5 4.74272E+04
 27.0 4.58058E+04
 27.5 4.41992E+04
 28.0 4.26081E+04
 28.5 4.10332E+04
 29.0 3.94749E+04
 29.5 3.79335E+04
 30.0 3.64090E+04
 30.5 3.49013E+04
 31.0 3.34105E+04
 31.5 3.19363E+04
 32.0 3.04784E+04
 32.5 2.90368E+04
 33.0 2.76111E+04
 33.5 2.62011E+04
 34.0 2.48065E+04
 34.5 2.34271E+04
 35.0 2.20627E+04
 35.5 2.07131E+04
 36.0 1.93781E+04
 36.5 1.80576E+04
 37.0 1.67516E+04
 37.5 1.54598E+04
 38.0 1.41823E+04
 38.5 1.29191E+04
 39.0 1.16702E+04
 39.5 1.04357E+04
 40.0 9.21569E+03
 40.5 8.01031E+03
 41.0 6.81973E+03
 41.5 5.64416E+03
 42.0 4.48383E+03
 42.5 3.33900E+03
 43.0 2.20998E+03
 43.5 1.09710E+03
 44.0 9.10202E+01
