044K22D0W2
  0.5 0.00000E+00
  1.0 0.00000E+00
  1.5 0.00000E+00
  2.0 0.00000E+00
  2.5 0.00000E+00
  3.0 0.00000E+00
  3.5 9.23596E+04
  4.0 1.16457E+05
  4.5 1.42638E+05
  5.0 1.70689E+05
  5.5 1.99188E+05
  6.0 2.25807E+05
  6.5 2.48322E+05
  7.0 2.65350E+05
  7.5 2.76497E+05
  8.0 2.82118E+05
  8.5 2.50567E+06
  9.0 2.80049E+05
  9.5 1.30591E+06
 10.0 1.09144E+06
 10.5 1.49933E+05
 11.0 1.51292E+05
 11.5 3.41755E+05
 12.0 1.16152E+05
 12.5 1.06324E+05
 13.0 1.07032E+05
 13.5 1.07119E+05
 14.0 1.06658E+05
 14.5 1.05721E+05
 15.0 1.04381E+05
 15.5 1.02708E+05
 16.0 1.00765E+05
 16.5 9.86070E+04
 17.0 9.62848E+04
 17.5 9.38409E+04
 18.0 9.13115E+04
 18.5 8.87272E+04
 19.0 8.61133E+04
 19.5 8.34903E+04
 20.0 8.08750E+04
 20.5 7.82806E+04
 21.0 7.57174E+04
 21.5 7.31932E+04
 22.0 7.07140E+04
 22.5 6.82838E+04
 23.0 6.59055E+04
 23.5 6.35806E+04
 24.0 6.13100E+04
 24.5 5.90935E+04
 25.0 5.69308E+04
 25.5 5.48207E+04
 26.0 5.27620E+04
 26.5 5.07530E+04
 27.0 4.87921E+04
 27.5 4.68774E+04
 28.0 4.50070E+04
 28.5 4.31789E+04
 29.0 4.13913E+04
 29.5 3.96421E+04
 30.0 3.79296E+04
 30.5 3.62520E+04
 31.0 3.46076E+04
 31.5 3.29947E+04
 32.0 3.14119E+04
 32.5 2.98576E+04
 33.0 2.83305E+04
 33.5 2.68293E+04
 34.0 2.53530E+04
 34.5 2.39004E+04
 35.0 2.24706E+04
 35.5 2.10626E+04
 36.0 1.96758E+04
 36.5 1.83093E+04
 37.0 1.69626E+04
 37.5 1.56351E+04
 38.0 1.43263E+04
 38.5 1.30359E+04
 39.0 1.17635E+04
 39.5 1.05088E+04
 40.0 9.27166E+03
 40.5 8.05194E+03
 41.0 6.84953E+03
 41.5 5.66442E+03
 42.0 4.49663E+03
 42.5 3.34623E+03
 43.0 2.21333E+03
 43.5 1.09811E+03
 44.0 9.10721E+01
