045K07D0W2
  0.5 0.00000E+00
  1.0 0.00000E+00
  1.5 0.00000E+00
  2.0 0.00000E+00
  2.5 0.00000E+00
  3.0 0.00000E+00
  3.5 2.20431E+04
  4.0 2.90586E+04
  4.5 3.62208E+04
  5.0 4.35108E+04
  5.5 5.09243E+04
  6.0 5.84644E+04
  6.5 6.61342E+04
  7.0 7.39183E+04
  7.5 8.17506E+04
  8.0 8.94928E+04
  8.5 1.05955E+06
  9.0 1.03858E+05
  9.5 6.86932E+05
 10.0 5.75001E+05
 10.5 4.54615E+04
 11.0 4.80118E+04
 11.5 1.21463E+05
 12.0 3.55029E+04
 12.5 3.24513E+04
 13.0 3.38635E+04
 13.5 3.52371E+04
 14.0 3.65669E+04
 14.5 3.78460E+04
 15.0 3.90660E+04
 15.5 4.02178E+04
 16.0 4.12918E+04
 16.5 4.22788E+04
 17.0 4.31705E+04
 17.5 4.39599E+04
 18.0 4.46416E+04
 18.5 4.52117E+04
 19.0 4.56684E+04
 19.5 4.60112E+04
 20.0 4.62412E+04
 20.5 4.63607E+04
 21.0 4.63730E+04
 21.5 4.62826E+04
 22.0 4.60942E+04
 22.5 4.58131E+04
 23.0 4.54450E+04
 23.5 4.49956E+04
 24.0 4.44706E+04
 24.5 4.38758E+04
 25.0 4.32166E+04
 25.5 4.24983E+04
 26.0 4.17261E+04
 26.5 4.09048E+04
 27.0 4.00389E+04
 27.5 3.91327E+04
 28.0 3.81900E+04
 28.5 3.72147E+04
 29.0 3.62100E+04
 29.5 3.51792E+04
 30.0 3.41251E+04
 30.5 3.30504E+04
 31.0 3.19576E+04
 31.5 3.08489E+04
 32.0 2.97264E+04
 32.5 2.85921E+04
 33.0 2.74476E+04
 33.5 2.62947E+04
 34.0 2.51348E+04
 34.5 2.39694E+04
 35.0 2.27997E+04
 35.5 2.16270E+04
 36.0 2.04524E+04
 36.5 1.92769E+04
 37.0 1.81017E+04
 37.5 1.69276E+04
 38.0 1.57555E+04
 38.5 1.45863E+04
 39.0 1.34209E+04
 39.5 1.22601E+04
 40.0 1.11045E+04
 40.5 9.95506E+03
 41.0 8.81240E+03
 41.5 7.67728E+03
 42.0 6.55039E+03
 42.5 5.43244E+03
 43.0 4.32410E+03
 43.5 3.22607E+03
 44.0 2.13902E+03
 44.5 1.06362E+03
 45.0 8.83284E+01
