045K06D0W2
  0.5 0.00000E+00
  1.0 0.00000E+00
  1.5 0.00000E+00
  2.0 0.00000E+00
  2.5 0.00000E+00
  3.0 0.00000E+00
  3.5 1.79444E+04
  4.0 2.39953E+04
  4.5 3.01586E+04
  5.0 3.64066E+04
  5.5 4.27284E+04
  6.0 4.91204E+04
  6.5 5.55819E+04
  7.0 6.21091E+04
  7.5 6.86796E+04
  8.0 7.52329E+04
  8.5 8.62491E+05
  9.0 8.78071E+04
  9.5 5.90702E+05
 10.0 4.94740E+05
 10.5 3.83222E+04
 11.0 4.04967E+04
 11.5 9.80613E+04
 12.0 2.99599E+04
 12.5 2.73921E+04
 13.0 2.85972E+04
 13.5 2.97754E+04
 14.0 3.09265E+04
 14.5 3.20488E+04
 15.0 3.31395E+04
 15.5 3.41937E+04
 16.0 3.52056E+04
 16.5 3.61681E+04
 17.0 3.70736E+04
 17.5 3.79145E+04
 18.0 3.86835E+04
 18.5 3.93739E+04
 19.0 3.99803E+04
 19.5 4.04982E+04
 20.0 4.09246E+04
 20.5 4.12575E+04
 21.0 4.14964E+04
 21.5 4.16416E+04
 22.0 4.16946E+04
 22.5 4.16576E+04
 23.0 4.15333E+04
 23.5 4.13253E+04
 24.0 4.10373E+04
 24.5 4.06735E+04
 25.0 4.02380E+04
 25.5 3.97351E+04
 26.0 3.91694E+04
 26.5 3.85449E+04
 27.0 3.78661E+04
 27.5 3.71368E+04
 28.0 3.63611E+04
 28.5 3.55428E+04
 29.0 3.46853E+04
 29.5 3.37921E+04
 30.0 3.28663E+04
 30.5 3.19110E+04
 31.0 3.09290E+04
 31.5 2.99230E+04
 32.0 2.88953E+04
 32.5 2.78484E+04
 33.0 2.67843E+04
 33.5 2.57052E+04
 34.0 2.46129E+04
 34.5 2.35092E+04
 35.0 2.23958E+04
 35.5 2.12741E+04
 36.0 2.01458E+04
 36.5 1.90122E+04
 37.0 1.78746E+04
 37.5 1.67342E+04
 38.0 1.55923E+04
 38.5 1.44499E+04
 39.0 1.33082E+04
 39.5 1.21681E+04
 40.0 1.10307E+04
 40.5 9.89688E+03
 41.0 8.76764E+03
 41.5 7.64383E+03
 42.0 6.52634E+03
 42.5 5.41601E+03
 43.0 4.31368E+03
 43.5 3.22016E+03
 44.0 2.13627E+03
 44.5 1.06279E+03
 45.0 8.82856E+01
