045K17D0W2
  0.5 0.00000E+00
  1.0 0.00000E+00
  1.5 0.00000E+00
  2.0 0.00000E+00
  2.5 0.00000E+00
  3.0 0.00000E+00
  3.5 6.61579E+04
  4.0 8.36059E+04
  4.5 1.02135E+05
  5.0 1.21902E+05
  5.5 1.42770E+05
  6.0 1.63981E+05
  6.5 1.84241E+05
  7.0 2.02167E+05
  7.5 2.16722E+05
  8.0 2.27394E+05
  8.5 2.26078E+06
  9.0 2.37327E+05
  9.5 1.21653E+06
 10.0 1.01647E+06
 10.5 1.18191E+05
 11.0 1.21549E+05
 11.5 2.93985E+05
 12.0 9.17521E+04
 12.5 8.39015E+04
 13.0 8.57865E+04
 13.5 8.71917E+04
 14.0 8.81320E+04
 14.5 8.86336E+04
 15.0 8.87313E+04
 15.5 8.84644E+04
 16.0 8.78746E+04
 16.5 8.70035E+04
 17.0 8.58913E+04
 17.5 8.45758E+04
 18.0 8.30916E+04
 18.5 8.14699E+04
 19.0 7.97387E+04
 19.5 7.79220E+04
 20.0 7.60410E+04
 20.5 7.41137E+04
 21.0 7.21554E+04
 21.5 7.01790E+04
 22.0 6.81951E+04
 22.5 6.62126E+04
 23.0 6.42386E+04
 23.5 6.22787E+04
 24.0 6.03375E+04
 24.5 5.84185E+04
 25.0 5.65244E+04
 25.5 5.46569E+04
 26.0 5.28175E+04
 26.5 5.10069E+04
 27.0 4.92255E+04
 27.5 4.74734E+04
 28.0 4.57503E+04
 28.5 4.40561E+04
 29.0 4.23899E+04
 29.5 4.07513E+04
 30.0 3.91395E+04
 30.5 3.75537E+04
 31.0 3.59930E+04
 31.5 3.44566E+04
 32.0 3.29436E+04
 32.5 3.14533E+04
 33.0 2.99849E+04
 33.5 2.85375E+04
 34.0 2.71105E+04
 34.5 2.57031E+04
 35.0 2.43147E+04
 35.5 2.29447E+04
 36.0 2.15927E+04
 36.5 2.02580E+04
 37.0 1.89403E+04
 37.5 1.76392E+04
 38.0 1.63543E+04
 38.5 1.50854E+04
 39.0 1.38322E+04
 39.5 1.25946E+04
 40.0 1.13724E+04
 40.5 1.01656E+04
 41.0 8.97405E+03
 41.5 7.79780E+03
 42.0 6.63689E+03
 42.5 5.49140E+03
 43.0 4.36145E+03
 43.5 3.24720E+03
 44.0 2.14883E+03
 44.5 1.06658E+03
 45.0 8.84809E+01
