045K10D0W2
  0.5 0.00000E+00
  1.0 0.00000E+00
  1.5 0.00000E+00
  2.0 0.00000E+00
  2.5 0.00000E+00
  3.0 0.00000E+00
  3.5 3.46853E+04
  4.0 4.46397E+04
  4.5 5.49053E+04
  5.0 6.54952E+04
  5.5 7.64400E+04
  6.0 8.77600E+04
  6.5 9.93902E+04
  7.0 1.11100E+05
  7.5 1.22485E+05
  8.0 1.33055E+05
  8.5 1.54685E+06
  9.0 1.50035E+05
  9.5 9.10476E+05
 10.0 7.61331E+05
 10.5 6.74962E+04
 11.0 7.09541E+04
 11.5 1.84725E+05
 12.0 5.25633E+04
 12.5 4.80225E+04
 13.0 4.99501E+04
 13.5 5.17452E+04
 14.0 5.33875E+04
 14.5 5.48596E+04
 15.0 5.61479E+04
 15.5 5.72433E+04
 16.0 5.81408E+04
 16.5 5.88402E+04
 17.0 5.93446E+04
 17.5 5.96607E+04
 18.0 5.97971E+04
 18.5 5.97647E+04
 19.0 5.95754E+04
 19.5 5.92418E+04
 20.0 5.87765E+04
 20.5 5.81924E+04
 21.0 5.75018E+04
 21.5 5.67162E+04
 22.0 5.58468E+04
 22.5 5.49038E+04
 23.0 5.38966E+04
 23.5 5.28337E+04
 24.0 5.17229E+04
 24.5 5.05712E+04
 25.0 4.93848E+04
 25.5 4.81692E+04
 26.0 4.69294E+04
 26.5 4.56697E+04
 27.0 4.43938E+04
 27.5 4.31052E+04
 28.0 4.18067E+04
 28.5 4.05008E+04
 29.0 3.91897E+04
 29.5 3.78754E+04
 30.0 3.65596E+04
 30.5 3.52435E+04
 31.0 3.39286E+04
 31.5 3.26158E+04
 32.0 3.13061E+04
 32.5 3.00004E+04
 33.0 2.86993E+04
 33.5 2.74035E+04
 34.0 2.61135E+04
 34.5 2.48298E+04
 35.0 2.35529E+04
 35.5 2.22832E+04
 36.0 2.10211E+04
 36.5 1.97670E+04
 37.0 1.85212E+04
 37.5 1.72840E+04
 38.0 1.60558E+04
 38.5 1.48369E+04
 39.0 1.36276E+04
 39.5 1.24284E+04
 40.0 1.12395E+04
 40.5 1.00612E+04
 41.0 8.89396E+03
 41.5 7.73814E+03
 42.0 6.59411E+03
 42.5 5.46226E+03
 43.0 4.34301E+03
 43.5 3.23677E+03
 44.0 2.14399E+03
 44.5 1.06512E+03
 45.0 8.84057E+01
