045K12D0W2
  0.5 0.00000E+00
  1.0 0.00000E+00
  1.5 0.00000E+00
  2.0 0.00000E+00
  2.5 0.00000E+00
  3.0 0.00000E+00
  3.5 4.33807E+04
  4.0 5.53657E+04
  4.5 6.78211E+04
  5.0 8.07960E+04
  5.5 9.43485E+04
  6.0 1.08447E+05
  6.5 1.22827E+05
  7.0 1.36941E+05
  7.5 1.50088E+05
  8.0 1.61603E+05
  8.5 1.79900E+06
  9.0 1.78063E+05
  9.5 1.02077E+06
 10.0 8.53222E+05
 10.5 8.23440E+04
 11.0 8.61003E+04
 11.5 2.20846E+05
 12.0 6.40413E+04
 12.5 5.85111E+04
 13.0 6.06165E+04
 13.5 6.24910E+04
 14.0 6.41146E+04
 14.5 6.54742E+04
 15.0 6.65649E+04
 15.5 6.73880E+04
 16.0 6.79511E+04
 16.5 6.82664E+04
 17.0 6.83491E+04
 17.5 6.82172E+04
 18.0 6.78896E+04
 18.5 6.73859E+04
 19.0 6.67252E+04
 19.5 6.59263E+04
 20.0 6.50066E+04
 20.5 6.39827E+04
 21.0 6.28695E+04
 21.5 6.16806E+04
 22.0 6.04284E+04
 22.5 5.91237E+04
 23.0 5.77761E+04
 23.5 5.63941E+04
 24.0 5.49851E+04
 24.5 5.35554E+04
 25.0 5.21105E+04
 25.5 5.06551E+04
 26.0 4.91932E+04
 26.5 4.77282E+04
 27.0 4.62628E+04
 27.5 4.47996E+04
 28.0 4.33403E+04
 28.5 4.18867E+04
 29.0 4.04400E+04
 29.5 3.90014E+04
 30.0 3.75716E+04
 30.5 3.61514E+04
 31.0 3.47413E+04
 31.5 3.33416E+04
 32.0 3.19528E+04
 32.5 3.05750E+04
 33.0 2.92084E+04
 33.5 2.78531E+04
 34.0 2.65092E+04
 34.5 2.51768E+04
 35.0 2.38559E+04
 35.5 2.25466E+04
 36.0 2.12489E+04
 36.5 1.99629E+04
 37.0 1.86885E+04
 37.5 1.74259E+04
 38.0 1.61751E+04
 38.5 1.49363E+04
 39.0 1.37096E+04
 39.5 1.24950E+04
 40.0 1.12928E+04
 40.5 1.01031E+04
 41.0 8.92610E+03
 41.5 7.76209E+03
 42.0 6.61129E+03
 42.5 5.47397E+03
 43.0 4.35042E+03
 43.5 3.24097E+03
 44.0 2.14594E+03
 44.5 1.06571E+03
 45.0 8.84360E+01
