045K21D0W2
  0.5 0.00000E+00
  1.0 0.00000E+00
  1.5 0.00000E+00
  2.0 0.00000E+00
  2.5 0.00000E+00
  3.0 0.00000E+00
  3.5 8.56961E+04
  4.0 1.08069E+05
  4.5 1.32265E+05
  5.0 1.58299E+05
  5.5 1.85251E+05
  6.0 2.11240E+05
  6.5 2.34162E+05
  7.0 2.52462E+05
  7.5 2.65439E+05
  8.0 2.73145E+05
  8.5 2.51971E+06
  9.0 2.75162E+05
  9.5 1.32358E+06
 10.0 1.10604E+06
 10.5 1.44499E+05
 11.0 1.46667E+05
 11.5 3.39442E+05
 12.0 1.12108E+05
 12.5 1.02616E+05
 13.0 1.03796E+05
 13.5 1.04363E+05
 14.0 1.04373E+05
 14.5 1.03889E+05
 15.0 1.02977E+05
 15.5 1.01700E+05
 16.0 1.00119E+05
 16.5 9.82905E+04
 17.0 9.62638E+04
 17.5 9.40833E+04
 18.0 9.17871E+04
 18.5 8.94081E+04
 19.0 8.69740E+04
 19.5 8.45077E+04
 20.0 8.20285E+04
 20.5 7.95519E+04
 21.0 7.70903E+04
 21.5 7.46536E+04
 22.0 7.22495E+04
 22.5 6.98836E+04
 23.0 6.75604E+04
 23.5 6.52827E+04
 24.0 6.30524E+04
 24.5 6.08706E+04
 25.0 5.87376E+04
 25.5 5.66532E+04
 26.0 5.46167E+04
 26.5 5.26273E+04
 27.0 5.06835E+04
 27.5 4.87841E+04
 28.0 4.69275E+04
 28.5 4.51120E+04
 29.0 4.33360E+04
 29.5 4.15978E+04
 30.0 3.98958E+04
 30.5 3.82283E+04
 31.0 3.65936E+04
 31.5 3.49904E+04
 32.0 3.34170E+04
 32.5 3.18721E+04
 33.0 3.03544E+04
 33.5 2.88626E+04
 34.0 2.73955E+04
 34.5 2.59522E+04
 35.0 2.45315E+04
 35.5 2.31327E+04
 36.0 2.17547E+04
 36.5 2.03969E+04
 37.0 1.90587E+04
 37.5 1.77393E+04
 38.0 1.64383E+04
 38.5 1.51553E+04
 39.0 1.38897E+04
 39.5 1.26412E+04
 40.0 1.14097E+04
 40.5 1.01948E+04
 41.0 8.99642E+03
 41.5 7.81445E+03
 42.0 6.64882E+03
 42.5 5.49952E+03
 43.0 4.36658E+03
 43.5 3.25010E+03
 44.0 2.15018E+03
 44.5 1.06698E+03
 45.0 8.85017E+01
