045K20D0W2
  0.5 0.00000E+00
  1.0 0.00000E+00
  1.5 0.00000E+00
  2.0 0.00000E+00
  2.5 0.00000E+00
  3.0 0.00000E+00
  3.5 8.06830E+04
  4.0 1.01768E+05
  4.5 1.24471E+05
  5.0 1.48883E+05
  5.5 1.74342E+05
  6.0 1.99267E+05
  6.5 2.21723E+05
  7.0 2.40142E+05
  7.5 2.53694E+05
  8.0 2.62273E+05
  8.5 2.46159E+06
  9.0 2.66380E+05
  9.5 1.29970E+06
 10.0 1.08602E+06
 10.5 1.38146E+05
 11.0 1.40664E+05
 11.5 3.28939E+05
 12.0 1.07191E+05
 12.5 9.80907E+04
 13.0 9.94795E+04
 13.5 1.00282E+05
 14.0 1.00543E+05
 14.5 1.00317E+05
 15.0 9.96638E+04
 15.5 9.86410E+04
 16.0 9.73057E+04
 16.5 9.57108E+04
 17.0 9.39047E+04
 17.5 9.19306E+04
 18.0 8.98265E+04
 18.5 8.76250E+04
 19.0 8.53545E+04
 19.5 8.30384E+04
 20.0 8.06967E+04
 20.5 7.83456E+04
 21.0 7.59984E+04
 21.5 7.36659E+04
 22.0 7.13565E+04
 22.5 6.90767E+04
 23.0 6.68316E+04
 23.5 6.46248E+04
 24.0 6.24588E+04
 24.5 6.03353E+04
 25.0 5.82551E+04
 25.5 5.62185E+04
 26.0 5.42254E+04
 26.5 5.22753E+04
 27.0 5.03671E+04
 27.5 4.84999E+04
 28.0 4.66725E+04
 28.5 4.48835E+04
 29.0 4.31314E+04
 29.5 4.14149E+04
 30.0 3.97325E+04
 30.5 3.80827E+04
 31.0 3.64641E+04
 31.5 3.48753E+04
 32.0 3.33150E+04
 32.5 3.17819E+04
 33.0 3.02749E+04
 33.5 2.87927E+04
 34.0 2.73343E+04
 34.5 2.58987E+04
 35.0 2.44850E+04
 35.5 2.30923E+04
 36.0 2.17199E+04
 36.5 2.03671E+04
 37.0 1.90333E+04
 37.5 1.77179E+04
 38.0 1.64203E+04
 38.5 1.51403E+04
 39.0 1.38773E+04
 39.5 1.26312E+04
 40.0 1.14017E+04
 40.5 1.01885E+04
 41.0 8.99163E+03
 41.5 7.81089E+03
 42.0 6.64627E+03
 42.5 5.49778E+03
 43.0 4.36549E+03
 43.5 3.24948E+03
 44.0 2.14989E+03
 44.5 1.06690E+03
 45.0 8.84972E+01
