046K14D0W2
  0.5 0.00000E+00
  1.0 0.00000E+00
  1.5 0.00000E+00
  2.0 0.00000E+00
  2.5 0.00000E+00
  3.0 0.00000E+00
  3.5 5.14458E+04
  4.0 6.53558E+04
  4.5 7.99277E+04
  5.0 9.52545E+04
  5.5 1.11404E+05
  6.0 1.28228E+05
  6.5 1.45192E+05
  7.0 1.61438E+05
  7.5 1.76040E+05
  8.0 1.88257E+05
  8.5 2.04403E+06
  9.0 2.04149E+05
  9.5 1.13598E+06
 10.0 9.49278E+05
 10.5 9.66914E+04
 11.0 1.00682E+05
 11.5 2.56329E+05
 12.0 7.52556E+04
 12.5 6.87987E+04
 13.0 7.10402E+04
 13.5 7.29558E+04
 14.0 7.45307E+04
 14.5 7.57610E+04
 15.0 7.66526E+04
 15.5 7.72188E+04
 16.0 7.74791E+04
 16.5 7.74570E+04
 17.0 7.71783E+04
 17.5 7.66699E+04
 18.0 7.59585E+04
 18.5 7.50700E+04
 19.0 7.40290E+04
 19.5 7.28582E+04
 20.0 7.15783E+04
 20.5 7.02081E+04
 21.0 6.87643E+04
 21.5 6.72616E+04
 22.0 6.57128E+04
 22.5 6.41291E+04
 23.0 6.25201E+04
 23.5 6.08939E+04
 24.0 5.92575E+04
 24.5 5.76167E+04
 25.0 5.59764E+04
 25.5 5.43404E+04
 26.0 5.27121E+04
 26.5 5.10942E+04
 27.0 4.94886E+04
 27.5 4.78969E+04
 28.0 4.63205E+04
 28.5 4.47603E+04
 29.0 4.32168E+04
 29.5 4.16904E+04
 30.0 4.01814E+04
 30.5 3.86900E+04
 31.0 3.72159E+04
 31.5 3.57591E+04
 32.0 3.43194E+04
 32.5 3.28966E+04
 33.0 3.14903E+04
 33.5 3.01002E+04
 34.0 2.87261E+04
 34.5 2.73675E+04
 35.0 2.60242E+04
 35.5 2.46959E+04
 36.0 2.33823E+04
 36.5 2.20831E+04
 37.0 2.07981E+04
 37.5 1.95270E+04
 38.0 1.82697E+04
 38.5 1.70261E+04
 39.0 1.57960E+04
 39.5 1.45793E+04
 40.0 1.33759E+04
 40.5 1.21859E+04
 41.0 1.10093E+04
 41.5 9.84602E+03
 42.0 8.69622E+03
 42.5 7.55999E+03
 43.0 6.43744E+03
 43.5 5.32875E+03
 44.0 4.23410E+03
 44.5 3.15371E+03
 45.0 2.08782E+03
 45.5 1.03670E+03
 46.0 8.60223E+01
