046K13D0W2
  0.5 0.00000E+00
  1.0 0.00000E+00
  1.5 0.00000E+00
  2.0 0.00000E+00
  2.5 0.00000E+00
  3.0 0.00000E+00
  3.5 4.70264E+04
  4.0 5.98877E+04
  4.5 7.33066E+04
  5.0 8.73508E+04
  5.5 1.02090E+05
  6.0 1.17463E+05
  6.5 1.33113E+05
  7.0 1.48372E+05
  7.5 1.62429E+05
  8.0 1.74565E+05
  8.5 1.93944E+06
  9.0 1.91413E+05
  9.5 1.09127E+06
 10.0 9.12007E+05
 10.5 8.93513E+04
 11.0 9.33293E+04
 11.5 2.40286E+05
 12.0 6.95761E+04
 12.5 6.35993E+04
 13.0 6.58308E+04
 13.5 6.77898E+04
 14.0 6.94568E+04
 14.5 7.08210E+04
 15.0 7.18812E+04
 15.5 7.26431E+04
 16.0 7.31189E+04
 16.5 7.33256E+04
 17.0 7.32832E+04
 17.5 7.30137E+04
 18.0 7.25398E+04
 18.5 7.18843E+04
 19.0 7.10694E+04
 19.5 7.01160E+04
 20.0 6.90435E+04
 20.5 6.78700E+04
 21.0 6.66116E+04
 21.5 6.52830E+04
 22.0 6.38970E+04
 22.5 6.24651E+04
 23.0 6.09972E+04
 23.5 5.95018E+04
 24.0 5.79865E+04
 24.5 5.64575E+04
 25.0 5.49203E+04
 25.5 5.33793E+04
 26.0 5.18384E+04
 26.5 5.03007E+04
 27.0 4.87688E+04
 27.5 4.72447E+04
 28.0 4.57303E+04
 28.5 4.42267E+04
 29.0 4.27351E+04
 29.5 4.12562E+04
 30.0 3.97905E+04
 30.5 3.83386E+04
 31.0 3.69007E+04
 31.5 3.54768E+04
 32.0 3.40671E+04
 32.5 3.26715E+04
 33.0 3.12900E+04
 33.5 2.99224E+04
 34.0 2.85687E+04
 34.5 2.72286E+04
 35.0 2.59021E+04
 35.5 2.45889E+04
 36.0 2.32889E+04
 36.5 2.20019E+04
 37.0 2.07279E+04
 37.5 1.94667E+04
 38.0 1.82182E+04
 38.5 1.69824E+04
 39.0 1.57592E+04
 39.5 1.45487E+04
 40.0 1.33507E+04
 40.5 1.21654E+04
 41.0 1.09929E+04
 41.5 9.83314E+03
 42.0 8.68634E+03
 42.5 7.55262E+03
 43.0 6.43215E+03
 43.5 5.32515E+03
 44.0 4.23182E+03
 44.5 3.15242E+03
 45.0 2.08722E+03
 45.5 1.03652E+03
 46.0 8.60130E+01
