046K12D0W2
  0.5 0.00000E+00
  1.0 0.00000E+00
  1.5 0.00000E+00
  2.0 0.00000E+00
  2.5 0.00000E+00
  3.0 0.00000E+00
  3.5 4.26644E+04
  4.0 5.44980E+04
  4.5 6.67965E+04
  5.0 7.96050E+04
  5.5 9.29838E+04
  6.0 1.06925E+05
  6.5 1.21215E+05
  7.0 1.35366E+05
  7.5 1.48709E+05
  8.0 1.60576E+05
  8.5 1.82512E+06
  9.0 1.78071E+05
  9.5 1.04193E+06
 10.0 8.70902E+05
 10.5 8.19518E+04
 11.0 8.58508E+04
 11.5 2.23257E+05
 12.0 6.38504E+04
 12.5 5.83615E+04
 13.0 6.05445E+04
 13.5 6.25080E+04
 14.0 6.42294E+04
 14.5 6.56935E+04
 15.0 6.68925E+04
 15.5 6.78255E+04
 16.0 6.84978E+04
 16.5 6.89194E+04
 17.0 6.91044E+04
 17.5 6.90695E+04
 18.0 6.88328E+04
 18.5 6.84134E+04
 19.0 6.78304E+04
 19.5 6.71023E+04
 20.0 6.62469E+04
 20.5 6.52811E+04
 21.0 6.42201E+04
 21.5 6.30780E+04
 22.0 6.18676E+04
 22.5 6.06003E+04
 23.0 5.92862E+04
 23.5 5.79342E+04
 24.0 5.65521E+04
 24.5 5.51466E+04
 25.0 5.37238E+04
 25.5 5.22885E+04
 26.0 5.08451E+04
 26.5 4.93973E+04
 27.0 4.79481E+04
 27.5 4.65001E+04
 28.0 4.50555E+04
 28.5 4.36160E+04
 29.0 4.21832E+04
 29.5 4.07581E+04
 30.0 3.93418E+04
 30.5 3.79349E+04
 31.0 3.65381E+04
 31.5 3.51518E+04
 32.0 3.37764E+04
 32.5 3.24120E+04
 33.0 3.10589E+04
 33.5 2.97172E+04
 34.0 2.83869E+04
 34.5 2.70681E+04
 35.0 2.57608E+04
 35.5 2.44650E+04
 36.0 2.31807E+04
 36.5 2.19079E+04
 37.0 2.06466E+04
 37.5 1.93968E+04
 38.0 1.81585E+04
 38.5 1.69318E+04
 39.0 1.57166E+04
 39.5 1.45132E+04
 40.0 1.33215E+04
 40.5 1.21417E+04
 41.0 1.09738E+04
 41.5 9.81818E+03
 42.0 8.67485E+03
 42.5 7.54405E+03
 43.0 6.42601E+03
 43.5 5.32096E+03
 44.0 4.22916E+03
 44.5 3.15092E+03
 45.0 2.08652E+03
 45.5 1.03631E+03
 46.0 8.60022E+01
