046K10D0W2
  0.5 0.00000E+00
  1.0 0.00000E+00
  1.5 0.00000E+00
  2.0 0.00000E+00
  2.5 0.00000E+00
  3.0 0.00000E+00
  3.5 3.41030E+04
  4.0 4.39359E+04
  4.5 5.40793E+04
  5.0 6.45443E+04
  5.5 7.53600E+04
  6.0 8.65518E+04
  6.5 9.80769E+04
  7.0 1.09742E+05
  7.5 1.21182E+05
  8.0 1.31927E+05
  8.5 1.56182E+06
  9.0 1.49588E+05
  9.5 9.26220E+05
 10.0 7.74498E+05
 10.5 6.70893E+04
 11.0 7.06280E+04
 11.5 1.85937E+05
 12.0 5.23457E+04
 12.5 4.78479E+04
 13.0 4.98197E+04
 13.5 5.16676E+04
 14.0 5.33712E+04
 14.5 5.49119E+04
 15.0 5.62751E+04
 15.5 5.74501E+04
 16.0 5.84306E+04
 16.5 5.92147E+04
 17.0 5.98041E+04
 17.5 6.02042E+04
 18.0 6.04228E+04
 18.5 6.04698E+04
 19.0 6.03565E+04
 19.5 6.00950E+04
 20.0 5.96978E+04
 20.5 5.91777E+04
 21.0 5.85467E+04
 21.5 5.78167E+04
 22.0 5.69990E+04
 22.5 5.61040E+04
 23.0 5.51413E+04
 23.5 5.41198E+04
 24.0 5.30475E+04
 24.5 5.19316E+04
 25.0 5.07787E+04
 25.5 4.95946E+04
 26.0 4.83844E+04
 26.5 4.71526E+04
 27.0 4.59034E+04
 27.5 4.46402E+04
 28.0 4.33661E+04
 28.5 4.20837E+04
 29.0 4.07954E+04
 29.5 3.95033E+04
 30.0 3.82090E+04
 30.5 3.69141E+04
 31.0 3.56199E+04
 31.5 3.43275E+04
 32.0 3.30379E+04
 32.5 3.17520E+04
 33.0 3.04704E+04
 33.5 2.91939E+04
 34.0 2.79229E+04
 34.5 2.66580E+04
 35.0 2.53995E+04
 35.5 2.41479E+04
 36.0 2.29036E+04
 36.5 2.16669E+04
 37.0 2.04380E+04
 37.5 1.92173E+04
 38.0 1.80050E+04
 38.5 1.68015E+04
 39.0 1.56070E+04
 39.5 1.44218E+04
 40.0 1.32461E+04
 40.5 1.20803E+04
 41.0 1.09247E+04
 41.5 9.77956E+03
 42.0 8.64518E+03
 42.5 7.52192E+03
 43.0 6.41012E+03
 43.5 5.31012E+03
 44.0 4.22230E+03
 44.5 3.14703E+03
 45.0 2.08472E+03
 45.5 1.03576E+03
 46.0 8.59741E+01
