047K07D0W2
  0.5 0.00000E+00
  1.0 0.00000E+00
  1.5 0.00000E+00
  2.0 0.00000E+00
  2.5 0.00000E+00
  3.0 0.00000E+00
  3.5 2.12799E+04
  4.0 2.81334E+04
  4.5 3.51397E+04
  5.0 4.22789E+04
  5.5 4.95456E+04
  6.0 5.69419E+04
  6.5 6.44731E+04
  7.0 7.21344E+04
  7.5 7.98847E+04
  8.0 8.76213E+04
  8.5 1.05300E+06
  9.0 1.02325E+05
  9.5 6.98179E+05
 10.0 5.84432E+05
 10.5 4.48347E+04
 11.0 4.74260E+04
 11.5 1.20624E+05
 12.0 3.51528E+04
 12.5 3.21701E+04
 13.0 3.36112E+04
 13.5 3.50174E+04
 14.0 3.63843E+04
 14.5 3.77058E+04
 15.0 3.89747E+04
 15.5 4.01824E+04
 16.0 4.13199E+04
 16.5 4.23783E+04
 17.0 4.33489E+04
 17.5 4.42243E+04
 18.0 4.49985E+04
 18.5 4.56667E+04
 19.0 4.62260E+04
 19.5 4.66749E+04
 20.0 4.70135E+04
 20.5 4.72431E+04
 21.0 4.73664E+04
 21.5 4.73867E+04
 22.0 4.73083E+04
 22.5 4.71360E+04
 23.0 4.68749E+04
 23.5 4.65305E+04
 24.0 4.61083E+04
 24.5 4.56137E+04
 25.0 4.50522E+04
 25.5 4.44291E+04
 26.0 4.37495E+04
 26.5 4.30182E+04
 27.0 4.22398E+04
 27.5 4.14187E+04
 28.0 4.05589E+04
 28.5 3.96641E+04
 29.0 3.87379E+04
 29.5 3.77835E+04
 30.0 3.68039E+04
 30.5 3.58019E+04
 31.0 3.47800E+04
 31.5 3.37405E+04
 32.0 3.26855E+04
 32.5 3.16171E+04
 33.0 3.05370E+04
 33.5 2.94468E+04
 34.0 2.83482E+04
 34.5 2.72425E+04
 35.0 2.61310E+04
 35.5 2.50149E+04
 36.0 2.38953E+04
 36.5 2.27733E+04
 37.0 2.16498E+04
 37.5 2.05257E+04
 38.0 1.94019E+04
 38.5 1.82792E+04
 39.0 1.71583E+04
 39.5 1.60400E+04
 40.0 1.49249E+04
 40.5 1.38137E+04
 41.0 1.27071E+04
 41.5 1.16058E+04
 42.0 1.05102E+04
 42.5 9.42099E+03
 43.0 8.33879E+03
 43.5 7.26415E+03
 44.0 6.19764E+03
 44.5 5.13981E+03
 45.0 4.09123E+03
 45.5 3.05246E+03
 46.0 2.02404E+03
 46.5 1.00654E+03
 47.0 8.35937E+01
