047K17D0W2
  0.5 0.00000E+00
  1.0 0.00000E+00
  1.5 0.00000E+00
  2.0 0.00000E+00
  2.5 0.00000E+00
  3.0 0.00000E+00
  3.5 6.40503E+04
  4.0 8.10199E+04
  4.5 9.90155E+04
  5.0 1.18204E+05
  5.5 1.38568E+05
  6.0 1.59575E+05
  6.5 1.80122E+05
  7.0 1.98881E+05
  7.5 2.14722E+05
  8.0 2.26966E+05
  8.5 2.35797E+06
  9.0 2.40231E+05
  9.5 1.27910E+06
 10.0 1.06866E+06
 10.5 1.18022E+05
 11.0 1.21984E+05
 11.5 3.04770E+05
 12.0 9.19071E+04
 12.5 8.40909E+04
 13.0 8.63155E+04
 13.5 8.80709E+04
 14.0 8.93608E+04
 14.5 9.02025E+04
 15.0 9.06236E+04
 15.5 9.06582E+04
 16.0 9.03444E+04
 16.5 8.97221E+04
 17.0 8.88309E+04
 17.5 8.77090E+04
 18.0 8.63922E+04
 18.5 8.49133E+04
 19.0 8.33020E+04
 19.5 8.15846E+04
 20.0 7.97846E+04
 20.5 7.79219E+04
 21.0 7.60141E+04
 21.5 7.40760E+04
 22.0 7.21199E+04
 22.5 7.01564E+04
 23.0 6.81942E+04
 23.5 6.62403E+04
 24.0 6.43004E+04
 24.5 6.23791E+04
 25.0 6.04800E+04
 25.5 5.86056E+04
 26.0 5.67581E+04
 26.5 5.49387E+04
 27.0 5.31485E+04
 27.5 5.13878E+04
 28.0 4.96569E+04
 28.5 4.79556E+04
 29.0 4.62835E+04
 29.5 4.46403E+04
 30.0 4.30252E+04
 30.5 4.14375E+04
 31.0 3.98765E+04
 31.5 3.83413E+04
 32.0 3.68311E+04
 32.5 3.53449E+04
 33.0 3.38821E+04
 33.5 3.24415E+04
 34.0 3.10226E+04
 34.5 2.96244E+04
 35.0 2.82463E+04
 35.5 2.68875E+04
 36.0 2.55473E+04
 36.5 2.42251E+04
 37.0 2.29204E+04
 37.5 2.16325E+04
 38.0 2.03611E+04
 38.5 1.91057E+04
 39.0 1.78658E+04
 39.5 1.66412E+04
 40.0 1.54316E+04
 40.5 1.42366E+04
 41.0 1.30562E+04
 41.5 1.18901E+04
 42.0 1.07382E+04
 42.5 9.60045E+03
 43.0 8.47677E+03
 43.5 7.36718E+03
 44.0 6.27168E+03
 44.5 5.19036E+03
 45.0 4.12329E+03
 45.5 3.07062E+03
 46.0 2.03249E+03
 46.5 1.00909E+03
 47.0 8.37252E+01
