047K19D0W2
  0.5 0.00000E+00
  1.0 0.00000E+00
  1.5 0.00000E+00
  2.0 0.00000E+00
  2.5 0.00000E+00
  3.0 0.00000E+00
  3.5 7.33450E+04
  4.0 9.26124E+04
  4.5 1.13226E+05
  5.0 1.35375E+05
  5.5 1.58829E+05
  6.0 1.82586E+05
  6.5 2.05070E+05
  7.0 2.24703E+05
  7.5 2.40380E+05
  8.0 2.51622E+05
  8.5 2.51199E+06
  9.0 2.61404E+05
  9.5 1.34331E+06
 10.0 1.12229E+06
 10.5 1.31937E+05
 11.0 1.35489E+05
 11.5 3.30844E+05
 12.0 1.02692E+05
 12.5 9.39971E+04
 13.0 9.59810E+04
 13.5 9.74077E+04
 14.0 9.83012E+04
 14.5 9.86977E+04
 15.0 9.86422E+04
 15.5 9.81835E+04
 16.0 9.73721E+04
 16.5 9.62575E+04
 17.0 9.48865E+04
 17.5 9.33029E+04
 18.0 9.15460E+04
 18.5 8.96511E+04
 19.0 8.76490E+04
 19.5 8.55667E+04
 20.0 8.34272E+04
 20.5 8.12501E+04
 21.0 7.90518E+04
 21.5 7.68459E+04
 22.0 7.46437E+04
 22.5 7.24543E+04
 23.0 7.02850E+04
 23.5 6.81414E+04
 24.0 6.60281E+04
 24.5 6.39483E+04
 25.0 6.19043E+04
 25.5 5.98978E+04
 26.0 5.79296E+04
 26.5 5.60002E+04
 27.0 5.41096E+04
 27.5 5.22575E+04
 28.0 5.04432E+04
 28.5 4.86659E+04
 29.0 4.69246E+04
 29.5 4.52184E+04
 30.0 4.35459E+04
 30.5 4.19060E+04
 31.0 4.02974E+04
 31.5 3.87190E+04
 32.0 3.71694E+04
 32.5 3.56476E+04
 33.0 3.41522E+04
 33.5 3.26822E+04
 34.0 3.12366E+04
 34.5 2.98142E+04
 35.0 2.84141E+04
 35.5 2.70355E+04
 36.0 2.56774E+04
 36.5 2.43391E+04
 37.0 2.30198E+04
 37.5 2.17189E+04
 38.0 2.04357E+04
 38.5 1.91698E+04
 39.0 1.79205E+04
 39.5 1.66876E+04
 40.0 1.54706E+04
 40.5 1.42691E+04
 41.0 1.30830E+04
 41.5 1.19118E+04
 42.0 1.07556E+04
 42.5 9.61413E+03
 43.0 8.48727E+03
 43.5 7.37500E+03
 44.0 6.27730E+03
 44.5 5.19419E+03
 45.0 4.12572E+03
 45.5 3.07199E+03
 46.0 2.03313E+03
 46.5 1.00928E+03
 47.0 8.37351E+01
