047K11D0W2
  0.5 0.00000E+00
  1.0 0.00000E+00
  1.5 0.00000E+00
  2.0 0.00000E+00
  2.5 0.00000E+00
  3.0 0.00000E+00
  3.5 3.77354E+04
  4.0 4.84291E+04
  4.5 5.95028E+04
  5.0 7.09803E+04
  5.5 8.29050E+04
  6.0 9.53053E+04
  6.5 1.08101E+05
  7.0 1.21014E+05
  7.5 1.33568E+05
  8.0 1.45197E+05
  8.5 1.71853E+06
  9.0 1.63773E+05
  9.5 1.00480E+06
 10.0 8.40014E+05
 10.5 7.40936E+04
 11.0 7.79454E+04
 11.5 2.07066E+05
 12.0 5.78728E+04
 12.5 5.29228E+04
 13.0 5.50742E+04
 13.5 5.70665E+04
 14.0 5.88763E+04
 14.5 6.04837E+04
 15.0 6.18748E+04
 15.5 6.30409E+04
 16.0 6.39790E+04
 16.5 6.46910E+04
 17.0 6.51831E+04
 17.5 6.54649E+04
 18.0 6.55487E+04
 18.5 6.54483E+04
 19.0 6.51787E+04
 19.5 6.47552E+04
 20.0 6.41934E+04
 20.5 6.35080E+04
 21.0 6.27134E+04
 21.5 6.18230E+04
 22.0 6.08493E+04
 22.5 5.98039E+04
 23.0 5.86969E+04
 23.5 5.75379E+04
 24.0 5.63353E+04
 24.5 5.50965E+04
 25.0 5.38281E+04
 25.5 5.25360E+04
 26.0 5.12251E+04
 26.5 4.98999E+04
 27.0 4.85643E+04
 27.5 4.72215E+04
 28.0 4.58743E+04
 28.5 4.45251E+04
 29.0 4.31759E+04
 29.5 4.18286E+04
 30.0 4.04845E+04
 30.5 3.91448E+04
 31.0 3.78106E+04
 31.5 3.64828E+04
 32.0 3.51618E+04
 32.5 3.38485E+04
 33.0 3.25431E+04
 33.5 3.12461E+04
 34.0 2.99577E+04
 34.5 2.86783E+04
 35.0 2.74080E+04
 35.5 2.61470E+04
 36.0 2.48954E+04
 36.5 2.36533E+04
 37.0 2.24209E+04
 37.5 2.11982E+04
 38.0 1.99853E+04
 38.5 1.87824E+04
 39.0 1.75894E+04
 39.5 1.64067E+04
 40.0 1.52342E+04
 40.5 1.40721E+04
 41.0 1.29206E+04
 41.5 1.17797E+04
 42.0 1.06498E+04
 42.5 9.53094E+03
 43.0 8.42338E+03
 43.5 7.32735E+03
 44.0 6.24308E+03
 44.5 5.17085E+03
 45.0 4.11093E+03
 45.5 3.06362E+03
 46.0 2.02924E+03
 46.5 1.00811E+03
 47.0 8.36746E+01
