047K18D0W2
  0.5 0.00000E+00
  1.0 0.00000E+00
  1.5 0.00000E+00
  2.0 0.00000E+00
  2.5 0.00000E+00
  3.0 0.00000E+00
  3.5 6.86603E+04
  4.0 8.67633E+04
  4.5 1.06045E+05
  5.0 1.26690E+05
  5.5 1.48591E+05
  6.0 1.70998E+05
  6.5 1.92570E+05
  7.0 2.11838E+05
  7.5 2.27669E+05
  8.0 2.39471E+05
  8.5 2.43774E+06
  9.0 2.51061E+05
  9.5 1.31243E+06
 10.0 1.09649E+06
 10.5 1.25040E+05
 11.0 1.28820E+05
 11.5 3.18141E+05
 12.0 9.73464E+04
 12.5 8.90850E+04
 13.0 9.12032E+04
 13.5 9.28062E+04
 14.0 9.39076E+04
 14.5 9.45342E+04
 15.0 9.47222E+04
 15.5 9.45133E+04
 16.0 9.39520E+04
 16.5 9.30834E+04
 17.0 9.19510E+04
 17.5 9.05959E+04
 18.0 8.90559E+04
 18.5 8.73653E+04
 19.0 8.55546E+04
 19.5 8.36506E+04
 20.0 8.16764E+04
 20.5 7.96522E+04
 21.0 7.75948E+04
 21.5 7.55185E+04
 22.0 7.34353E+04
 22.5 7.13550E+04
 23.0 6.92855E+04
 23.5 6.72332E+04
 24.0 6.52033E+04
 24.5 6.31996E+04
 25.0 6.12251E+04
 25.5 5.92819E+04
 26.0 5.73715E+04
 26.5 5.54948E+04
 27.0 5.36521E+04
 27.5 5.18437E+04
 28.0 5.00692E+04
 28.5 4.83281E+04
 29.0 4.66199E+04
 29.5 4.49437E+04
 30.0 4.32985E+04
 30.5 4.16835E+04
 31.0 4.00976E+04
 31.5 3.85397E+04
 32.0 3.70089E+04
 32.5 3.55040E+04
 33.0 3.40240E+04
 33.5 3.25681E+04
 34.0 3.11351E+04
 34.5 2.97242E+04
 35.0 2.83346E+04
 35.5 2.69653E+04
 36.0 2.56157E+04
 36.5 2.42851E+04
 37.0 2.29727E+04
 37.5 2.16780E+04
 38.0 2.04004E+04
 38.5 1.91394E+04
 39.0 1.78946E+04
 39.5 1.66656E+04
 40.0 1.54521E+04
 40.5 1.42537E+04
 41.0 1.30703E+04
 41.5 1.19016E+04
 42.0 1.07474E+04
 42.5 9.60765E+03
 43.0 8.48230E+03
 43.5 7.37130E+03
 44.0 6.27464E+03
 44.5 5.19237E+03
 45.0 4.12457E+03
 45.5 3.07134E+03
 46.0 2.03282E+03
 46.5 1.00919E+03
 47.0 8.37304E+01
