047K22D0W2
  0.5 0.00000E+00
  1.0 0.00000E+00
  1.5 0.00000E+00
  2.0 0.00000E+00
  2.5 0.00000E+00
  3.0 0.00000E+00
  3.5 8.78962E+04
  4.0 1.10870E+05
  4.5 1.35777E+05
  5.0 1.62698E+05
  5.5 1.90789E+05
  6.0 2.18171E+05
  6.5 2.42655E+05
  7.0 2.62545E+05
  7.5 2.77001E+05
  8.0 2.85983E+05
  8.5 2.70703E+06
  9.0 2.89776E+05
  9.5 1.42380E+06
 10.0 1.18965E+06
 10.5 1.51844E+05
 11.0 1.54483E+05
 11.5 3.65437E+05
 12.0 1.18131E+05
 12.5 1.08202E+05
 13.0 1.09641E+05
 13.5 1.10424E+05
 14.0 1.10605E+05
 14.5 1.10249E+05
 15.0 1.09424E+05
 15.5 1.08199E+05
 16.0 1.06636E+05
 16.5 1.04797E+05
 17.0 1.02736E+05
 17.5 1.00500E+05
 18.0 9.81319E+04
 18.5 9.56674E+04
 19.0 9.31373E+04
 19.5 9.05674E+04
 20.0 8.79792E+04
 20.5 8.53902E+04
 21.0 8.28146E+04
 21.5 8.02639E+04
 22.0 7.77468E+04
 22.5 7.52702E+04
 23.0 7.28392E+04
 23.5 7.04574E+04
 24.0 6.81272E+04
 24.5 6.58501E+04
 25.0 6.36267E+04
 25.5 6.14569E+04
 26.0 5.93404E+04
 26.5 5.72761E+04
 27.0 5.52629E+04
 27.5 5.32993E+04
 28.0 5.13837E+04
 28.5 4.95143E+04
 29.0 4.76894E+04
 29.5 4.59071E+04
 30.0 4.41655E+04
 30.5 4.24628E+04
 31.0 4.07972E+04
 31.5 3.91670E+04
 32.0 3.75704E+04
 32.5 3.60059E+04
 33.0 3.44719E+04
 33.5 3.29668E+04
 34.0 3.14894E+04
 34.5 3.00383E+04
 35.0 2.86122E+04
 35.5 2.72100E+04
 36.0 2.58307E+04
 36.5 2.44733E+04
 37.0 2.31368E+04
 37.5 2.18204E+04
 38.0 2.05234E+04
 38.5 1.92451E+04
 39.0 1.79849E+04
 39.5 1.67421E+04
 40.0 1.55164E+04
 40.5 1.43073E+04
 41.0 1.31144E+04
 41.5 1.19374E+04
 42.0 1.07760E+04
 42.5 9.63017E+03
 43.0 8.49958E+03
 43.5 7.38417E+03
 44.0 6.28388E+03
 44.5 5.19867E+03
 45.0 4.12856E+03
 45.5 3.07360E+03
 46.0 2.03387E+03
 46.5 1.00951E+03
 47.0 8.37467E+01
