048K08D0W2
  0.5 0.00000E+00
  1.0 0.00000E+00
  1.5 0.00000E+00
  2.0 0.00000E+00
  2.5 0.00000E+00
  3.0 0.00000E+00
  3.5 2.48988E+04
  4.0 3.26089E+04
  4.5 4.05169E+04
  5.0 4.86105E+04
  5.5 5.68914E+04
  6.0 6.53702E+04
  6.5 7.40572E+04
  7.0 8.29363E+04
  7.5 9.19240E+04
  8.0 1.00844E+05
  8.5 1.24345E+06
  9.0 1.17424E+05
  9.5 7.96737E+05
 10.0 6.66645E+05
 10.5 5.16528E+04
 11.0 5.46472E+04
 11.5 1.44162E+05
 12.0 4.05331E+04
 12.5 3.71054E+04
 13.0 3.87735E+04
 13.5 4.03930E+04
 14.0 4.19544E+04
 14.5 4.34465E+04
 15.0 4.48575E+04
 15.5 4.61753E+04
 16.0 4.73888E+04
 16.5 4.84879E+04
 17.0 4.94646E+04
 17.5 5.03129E+04
 18.0 5.10291E+04
 18.5 5.16114E+04
 19.0 5.20606E+04
 19.5 5.23787E+04
 20.0 5.25696E+04
 20.5 5.26383E+04
 21.0 5.25907E+04
 21.5 5.24333E+04
 22.0 5.21734E+04
 22.5 5.18179E+04
 23.0 5.13744E+04
 23.5 5.08499E+04
 24.0 5.02516E+04
 24.5 4.95860E+04
 25.0 4.88597E+04
 25.5 4.80786E+04
 26.0 4.72484E+04
 26.5 4.63743E+04
 27.0 4.54611E+04
 27.5 4.45133E+04
 28.0 4.35349E+04
 28.5 4.25297E+04
 29.0 4.15009E+04
 29.5 4.04516E+04
 30.0 3.93845E+04
 30.5 3.83023E+04
 31.0 3.72070E+04
 31.5 3.61007E+04
 32.0 3.49852E+04
 32.5 3.38622E+04
 33.0 3.27332E+04
 33.5 3.15994E+04
 34.0 3.04620E+04
 34.5 2.93222E+04
 35.0 2.81809E+04
 35.5 2.70390E+04
 36.0 2.58974E+04
 36.5 2.47567E+04
 37.0 2.36176E+04
 37.5 2.24809E+04
 38.0 2.13470E+04
 38.5 2.02166E+04
 39.0 1.90902E+04
 39.5 1.79682E+04
 40.0 1.68511E+04
 40.5 1.57395E+04
 41.0 1.46337E+04
 41.5 1.35341E+04
 42.0 1.24413E+04
 42.5 1.13556E+04
 43.0 1.02774E+04
 43.5 9.20710E+03
 44.0 8.14518E+03
 44.5 7.09203E+03
 45.0 6.04805E+03
 45.5 5.01366E+03
 46.0 3.98929E+03
 46.5 2.97535E+03
 47.0 1.97229E+03
 47.5 9.80524E+02
 48.0 8.14202E+01
