048K07D0W2
  0.5 0.00000E+00
  1.0 0.00000E+00
  1.5 0.00000E+00
  2.0 0.00000E+00
  2.5 0.00000E+00
  3.0 0.00000E+00
  3.5 2.09215E+04
  4.0 2.76980E+04
  4.5 3.46299E+04
  5.0 4.16969E+04
  5.5 4.88932E+04
  6.0 5.62205E+04
  6.5 6.36841E+04
  7.0 7.12831E+04
  7.5 7.89862E+04
  8.0 8.67060E+04
  8.5 1.04769E+06
  9.0 1.01530E+05
  9.5 7.02467E+05
 10.0 5.88032E+05
 10.5 4.45230E+04
 11.0 4.71305E+04
 11.5 1.20285E+05
 12.0 3.49754E+04
 12.5 3.20269E+04
 13.0 3.34813E+04
 13.5 3.49026E+04
 14.0 3.62868E+04
 14.5 3.76281E+04
 15.0 3.89197E+04
 15.5 4.01535E+04
 16.0 4.13206E+04
 16.5 4.24121E+04
 17.0 4.34196E+04
 17.5 4.43354E+04
 18.0 4.51530E+04
 18.5 4.58673E+04
 19.0 4.64750E+04
 19.5 4.69741E+04
 20.0 4.73642E+04
 20.5 4.76461E+04
 21.0 4.78221E+04
 21.5 4.78951E+04
 22.0 4.78691E+04
 22.5 4.77486E+04
 23.0 4.75385E+04
 23.5 4.72440E+04
 24.0 4.68705E+04
 24.5 4.64235E+04
 25.0 4.59084E+04
 25.5 4.53303E+04
 26.0 4.46943E+04
 26.5 4.40054E+04
 27.0 4.32682E+04
 27.5 4.24870E+04
 28.0 4.16659E+04
 28.5 4.08088E+04
 29.0 3.99192E+04
 29.5 3.90004E+04
 30.0 3.80555E+04
 30.5 3.70872E+04
 31.0 3.60982E+04
 31.5 3.50908E+04
 32.0 3.40672E+04
 32.5 3.30294E+04
 33.0 3.19792E+04
 33.5 3.09183E+04
 34.0 2.98483E+04
 34.5 2.87705E+04
 35.0 2.76863E+04
 35.5 2.65968E+04
 36.0 2.55033E+04
 36.5 2.44066E+04
 37.0 2.33078E+04
 37.5 2.22078E+04
 38.0 2.11073E+04
 38.5 2.00072E+04
 39.0 1.89082E+04
 39.5 1.78110E+04
 40.0 1.67162E+04
 40.5 1.56245E+04
 41.0 1.45366E+04
 41.5 1.34529E+04
 42.0 1.23741E+04
 42.5 1.13007E+04
 43.0 1.02333E+04
 43.5 9.17235E+03
 44.0 8.11841E+03
 44.5 7.07200E+03
 45.0 6.03363E+03
 45.5 5.00380E+03
 46.0 3.98303E+03
 46.5 2.97180E+03
 47.0 1.97063E+03
 47.5 9.80023E+02
 48.0 8.13943E+01
