048K17D0W2
  0.5 0.00000E+00
  1.0 0.00000E+00
  1.5 0.00000E+00
  2.0 0.00000E+00
  2.5 0.00000E+00
  3.0 0.00000E+00
  3.5 6.30616E+04
  4.0 7.98069E+04
  4.5 9.75530E+04
  5.0 1.16466E+05
  5.5 1.36573E+05
  6.0 1.57438E+05
  6.5 1.78059E+05
  7.0 1.97148E+05
  7.5 2.13550E+05
  8.0 2.26514E+05
  8.5 2.40400E+06
  9.0 2.41379E+05
  9.5 1.30912E+06
 10.0 1.09371E+06
 10.5 1.17827E+05
 11.0 1.22071E+05
 11.5 3.10534E+05
 12.0 9.19001E+04
 12.5 8.41107E+04
 13.0 8.64953E+04
 13.5 8.84184E+04
 14.0 8.98786E+04
 14.5 9.08883E+04
 15.0 9.14711E+04
 15.5 9.16582E+04
 16.0 9.14857E+04
 16.5 9.09921E+04
 17.0 9.02164E+04
 17.5 8.91967E+04
 18.0 8.79690E+04
 18.5 8.65669E+04
 19.0 8.50208E+04
 19.5 8.33580E+04
 20.0 8.16029E+04
 20.5 7.97765E+04
 21.0 7.78974E+04
 21.5 7.59812E+04
 22.0 7.40415E+04
 22.5 7.20894E+04
 23.0 7.01345E+04
 23.5 6.81844E+04
 24.0 6.62456E+04
 24.5 6.43231E+04
 25.0 6.24211E+04
 25.5 6.05425E+04
 26.0 5.86898E+04
 26.5 5.68648E+04
 27.0 5.50685E+04
 27.5 5.33017E+04
 28.0 5.15648E+04
 28.5 4.98577E+04
 29.0 4.81804E+04
 29.5 4.65324E+04
 30.0 4.49131E+04
 30.5 4.33220E+04
 31.0 4.17582E+04
 31.5 4.02210E+04
 32.0 3.87095E+04
 32.5 3.72228E+04
 33.0 3.57601E+04
 33.5 3.43206E+04
 34.0 3.29033E+04
 34.5 3.15074E+04
 35.0 3.01321E+04
 35.5 2.87768E+04
 36.0 2.74406E+04
 36.5 2.61228E+04
 37.0 2.48229E+04
 37.5 2.35403E+04
 38.0 2.22743E+04
 38.5 2.10245E+04
 39.0 1.97904E+04
 39.5 1.85717E+04
 40.0 1.73679E+04
 40.5 1.61788E+04
 41.0 1.50040E+04
 41.5 1.38433E+04
 42.0 1.26965E+04
 42.5 1.15635E+04
 43.0 1.04442E+04
 43.5 9.33845E+03
 44.0 8.24621E+03
 44.5 7.16749E+03
 45.0 6.10231E+03
 45.5 5.05071E+03
 46.0 4.01280E+03
 46.5 2.98868E+03
 47.0 1.97849E+03
 47.5 9.82397E+02
 48.0 8.15168E+01
