048K18D0W2
  0.5 0.00000E+00
  1.0 0.00000E+00
  1.5 0.00000E+00
  2.0 0.00000E+00
  2.5 0.00000E+00
  3.0 0.00000E+00
  3.5 6.76010E+04
  4.0 8.54596E+04
  4.5 1.04466E+05
  5.0 1.24809E+05
  5.5 1.46447E+05
  6.0 1.68744E+05
  6.5 1.90460E+05
  7.0 2.10151E+05
  7.5 2.26636E+05
  8.0 2.39239E+05
  8.5 2.48781E+06
  9.0 2.52525E+05
  9.5 1.34422E+06
 10.0 1.12300E+06
 10.5 1.24940E+05
 11.0 1.29032E+05
 11.5 3.24482E+05
 12.0 9.74181E+04
 12.5 8.91767E+04
 13.0 9.14726E+04
 13.5 9.32587E+04
 14.0 9.45429E+04
 14.5 9.53470E+04
 15.0 9.57034E+04
 15.5 9.56512E+04
 16.0 9.52331E+04
 16.5 9.44931E+04
 17.0 9.34745E+04
 17.5 9.22187E+04
 18.0 9.07640E+04
 18.5 8.91456E+04
 19.0 8.73950E+04
 19.5 8.55400E+04
 20.0 8.36052E+04
 20.5 8.16115E+04
 21.0 7.95771E+04
 21.5 7.75173E+04
 22.0 7.54449E+04
 22.5 7.33707E+04
 23.0 7.13034E+04
 23.5 6.92502E+04
 24.0 6.72167E+04
 24.5 6.52075E+04
 25.0 6.32259E+04
 25.5 6.12746E+04
 26.0 5.93554E+04
 26.5 5.74695E+04
 27.0 5.56176E+04
 27.5 5.38000E+04
 28.0 5.20167E+04
 28.5 5.02673E+04
 29.0 4.85512E+04
 29.5 4.68679E+04
 30.0 4.52164E+04
 30.5 4.35958E+04
 31.0 4.20052E+04
 31.5 4.04435E+04
 32.0 3.89096E+04
 32.5 3.74027E+04
 33.0 3.59215E+04
 33.5 3.44650E+04
 34.0 3.30324E+04
 34.5 3.16226E+04
 35.0 3.02347E+04
 35.5 2.88678E+04
 36.0 2.75212E+04
 36.5 2.61940E+04
 37.0 2.48855E+04
 37.5 2.35951E+04
 38.0 2.23222E+04
 38.5 2.10662E+04
 39.0 1.98265E+04
 39.5 1.86027E+04
 40.0 1.73944E+04
 40.5 1.62012E+04
 41.0 1.50229E+04
 41.5 1.38591E+04
 42.0 1.27095E+04
 42.5 1.15741E+04
 43.0 1.04527E+04
 43.5 9.34511E+03
 44.0 8.25133E+03
 44.5 7.17131E+03
 45.0 6.10505E+03
 45.5 5.05258E+03
 46.0 4.01398E+03
 46.5 2.98935E+03
 47.0 1.97880E+03
 47.5 9.82491E+02
 48.0 8.15216E+01
