048K16D0W2
  0.5 0.00000E+00
  1.0 0.00000E+00
  1.5 0.00000E+00
  2.0 0.00000E+00
  2.5 0.00000E+00
  3.0 0.00000E+00
  3.5 5.85908E+04
  4.0 7.42501E+04
  4.5 9.07770E+04
  5.0 1.08310E+05
  5.5 1.26917E+05
  6.0 1.46325E+05
  6.5 1.65759E+05
  7.0 1.84106E+05
  7.5 2.00272E+05
  8.0 2.13460E+05
  8.5 2.31379E+06
  9.0 2.29726E+05
  9.5 1.27114E+06
 10.0 1.06202E+06
 10.5 1.10615E+05
 11.0 1.14959E+05
 11.5 2.95849E+05
 12.0 8.63060E+04
 12.5 7.89787E+04
 13.0 8.14206E+04
 13.5 8.34524E+04
 14.0 8.50643E+04
 14.5 8.62598E+04
 15.0 8.70539E+04
 15.5 8.74697E+04
 16.0 8.75362E+04
 16.5 8.72862E+04
 17.0 8.67536E+04
 17.5 8.59728E+04
 18.0 8.49769E+04
 18.5 8.37974E+04
 19.0 8.24634E+04
 19.5 8.10011E+04
 20.0 7.94346E+04
 20.5 7.77848E+04
 21.0 7.60702E+04
 21.5 7.43070E+04
 22.0 7.25089E+04
 22.5 7.06878E+04
 23.0 6.88537E+04
 23.5 6.70150E+04
 24.0 6.51785E+04
 24.5 6.33501E+04
 25.0 6.15344E+04
 25.5 5.97351E+04
 26.0 5.79550E+04
 26.5 5.61965E+04
 27.0 5.44611E+04
 27.5 5.27500E+04
 28.0 5.10641E+04
 28.5 4.94037E+04
 29.0 4.77690E+04
 29.5 4.61599E+04
 30.0 4.45763E+04
 30.5 4.30176E+04
 31.0 4.14835E+04
 31.5 3.99734E+04
 32.0 3.84866E+04
 32.5 3.70225E+04
 33.0 3.55804E+04
 33.5 3.41595E+04
 34.0 3.27593E+04
 34.5 3.13789E+04
 35.0 3.00177E+04
 35.5 2.86752E+04
 36.0 2.73506E+04
 36.5 2.60433E+04
 37.0 2.47530E+04
 37.5 2.34789E+04
 38.0 2.22207E+04
 38.5 2.09779E+04
 39.0 1.97501E+04
 39.5 1.85370E+04
 40.0 1.73383E+04
 40.5 1.61536E+04
 41.0 1.49828E+04
 41.5 1.38256E+04
 42.0 1.26820E+04
 42.5 1.15517E+04
 43.0 1.04347E+04
 43.5 9.33099E+03
 44.0 8.24048E+03
 44.5 7.16321E+03
 45.0 6.09923E+03
 45.5 5.04862E+03
 46.0 4.01147E+03
 46.5 2.98792E+03
 47.0 1.97814E+03
 47.5 9.82291E+02
 48.0 8.15113E+01
