049K09D0W2
  0.5 0.00000E+00
  1.0 0.00000E+00
  1.5 0.00000E+00
  2.0 0.00000E+00
  2.5 0.00000E+00
  3.0 0.00000E+00
  3.5 2.84718E+04
  4.0 3.70257E+04
  4.5 4.58294E+04
  5.0 5.48787E+04
  5.5 6.41842E+04
  6.0 7.37665E+04
  6.5 8.36386E+04
  7.0 9.37607E+04
  7.5 1.03988E+05
  8.0 1.14055E+05
  8.5 1.42673E+06
  9.0 1.32325E+05
  9.5 8.90174E+05
 10.0 7.44575E+05
 10.5 5.85024E+04
 11.0 6.18941E+04
 11.5 1.67898E+05
 12.0 4.59468E+04
 12.5 4.20745E+04
 13.0 4.39681E+04
 13.5 4.57943E+04
 14.0 4.75380E+04
 14.5 4.91831E+04
 15.0 5.07141E+04
 15.5 5.21165E+04
 16.0 5.33784E+04
 16.5 5.44902E+04
 17.0 5.54456E+04
 17.5 5.62411E+04
 18.0 5.68764E+04
 18.5 5.73535E+04
 19.0 5.76767E+04
 19.5 5.78521E+04
 20.0 5.78871E+04
 20.5 5.77902E+04
 21.0 5.75703E+04
 21.5 5.72369E+04
 22.0 5.67994E+04
 22.5 5.62671E+04
 23.0 5.56489E+04
 23.5 5.49537E+04
 24.0 5.41895E+04
 24.5 5.33639E+04
 25.0 5.24842E+04
 25.5 5.15566E+04
 26.0 5.05874E+04
 26.5 4.95818E+04
 27.0 4.85448E+04
 27.5 4.74809E+04
 28.0 4.63939E+04
 28.5 4.52875E+04
 29.0 4.41649E+04
 29.5 4.30288E+04
 30.0 4.18818E+04
 30.5 4.07261E+04
 31.0 3.95635E+04
 31.5 3.83959E+04
 32.0 3.72248E+04
 32.5 3.60514E+04
 33.0 3.48770E+04
 33.5 3.37026E+04
 34.0 3.25291E+04
 34.5 3.13572E+04
 35.0 3.01878E+04
 35.5 2.90213E+04
 36.0 2.78584E+04
 36.5 2.66996E+04
 37.0 2.55453E+04
 37.5 2.43959E+04
 38.0 2.32517E+04
 38.5 2.21132E+04
 39.0 2.09805E+04
 39.5 1.98541E+04
 40.0 1.87343E+04
 40.5 1.76212E+04
 41.0 1.65151E+04
 41.5 1.54164E+04
 42.0 1.43252E+04
 42.5 1.32419E+04
 43.0 1.21667E+04
 43.5 1.10998E+04
 44.0 1.00416E+04
 44.5 8.99238E+03
 45.0 7.95231E+03
 45.5 6.92176E+03
 46.0 5.90101E+03
 46.5 4.89038E+03
 47.0 3.89019E+03
 47.5 2.90076E+03
 48.0 1.92244E+03
 48.5 9.55568E+02
 49.0 7.93398E+01
