049K07D0W2
  0.5 0.00000E+00
  1.0 0.00000E+00
  1.5 0.00000E+00
  2.0 0.00000E+00
  2.5 0.00000E+00
  3.0 0.00000E+00
  3.5 2.05774E+04
  4.0 2.72793E+04
  4.5 3.41391E+04
  5.0 4.11360E+04
  5.5 4.82638E+04
  6.0 5.55238E+04
  6.5 6.29213E+04
  7.0 7.04579E+04
  7.5 7.81109E+04
  8.0 8.58068E+04
  8.5 1.04115E+06
  9.0 1.00723E+05
  9.5 7.05911E+05
 10.0 5.90927E+05
 10.5 4.42132E+04
 11.0 4.68344E+04
 11.5 1.20033E+05
 12.0 3.47968E+04
 12.5 3.18821E+04
 13.0 3.33491E+04
 13.5 3.47847E+04
 14.0 3.61853E+04
 14.5 3.75455E+04
 15.0 3.88588E+04
 15.5 4.01174E+04
 16.0 4.13128E+04
 16.5 4.24361E+04
 17.0 4.34789E+04
 17.5 4.44333E+04
 18.0 4.52926E+04
 18.5 4.60514E+04
 19.0 4.67058E+04
 19.5 4.72534E+04
 20.0 4.76933E+04
 20.5 4.80260E+04
 21.0 4.82531E+04
 21.5 4.83774E+04
 22.0 4.84023E+04
 22.5 4.83321E+04
 23.0 4.81715E+04
 23.5 4.79255E+04
 24.0 4.75995E+04
 24.5 4.71986E+04
 25.0 4.67283E+04
 25.5 4.61938E+04
 26.0 4.56001E+04
 26.5 4.49521E+04
 27.0 4.42545E+04
 27.5 4.35117E+04
 28.0 4.27279E+04
 28.5 4.19069E+04
 29.0 4.10523E+04
 29.5 4.01676E+04
 30.0 3.92557E+04
 30.5 3.83197E+04
 31.0 3.73620E+04
 31.5 3.63852E+04
 32.0 3.53914E+04
 32.5 3.43827E+04
 33.0 3.33610E+04
 33.5 3.23280E+04
 34.0 3.12851E+04
 34.5 3.02340E+04
 35.0 2.91758E+04
 35.5 2.81119E+04
 36.0 2.70432E+04
 36.5 2.59709E+04
 37.0 2.48959E+04
 37.5 2.38190E+04
 38.0 2.27411E+04
 38.5 2.16630E+04
 39.0 2.05854E+04
 39.5 1.95089E+04
 40.0 1.84342E+04
 40.5 1.73618E+04
 41.0 1.62925E+04
 41.5 1.52267E+04
 42.0 1.41649E+04
 42.5 1.31078E+04
 43.0 1.20557E+04
 43.5 1.10092E+04
 44.0 9.96881E+03
 44.5 8.93493E+03
 45.0 7.90805E+03
 45.5 6.88863E+03
 46.0 5.87715E+03
 46.5 4.87406E+03
 47.0 3.87982E+03
 47.5 2.89487E+03
 48.0 1.91970E+03
 48.5 9.54738E+02
 49.0 7.92970E+01
