049K06D0W2
  0.5 0.00000E+00
  1.0 0.00000E+00
  1.5 0.00000E+00
  2.0 0.00000E+00
  2.5 0.00000E+00
  3.0 0.00000E+00
  3.5 1.67143E+04
  4.0 2.24959E+04
  4.5 2.84036E+04
  5.0 3.44079E+04
  5.5 4.04974E+04
  6.0 4.66672E+04
  6.5 5.29168E+04
  7.0 5.92466E+04
  7.5 6.56514E+04
  8.0 7.21053E+04
  8.5 8.25321E+05
  9.0 8.48666E+04
  9.5 5.96092E+05
 10.0 4.99340E+05
 10.5 3.72696E+04
 11.0 3.94898E+04
 11.5 9.49357E+04
 12.0 2.93622E+04
 12.5 2.69106E+04
 13.0 2.81581E+04
 13.5 2.93810E+04
 14.0 3.05790E+04
 14.5 3.17512E+04
 15.0 3.28958E+04
 15.5 3.40096E+04
 16.0 3.50886E+04
 16.5 3.61275E+04
 17.0 3.71202E+04
 17.5 3.80603E+04
 18.0 3.89412E+04
 18.5 3.97563E+04
 19.0 4.05000E+04
 19.5 4.11670E+04
 20.0 4.17533E+04
 20.5 4.22558E+04
 21.0 4.26724E+04
 21.5 4.30021E+04
 22.0 4.32449E+04
 22.5 4.34017E+04
 23.0 4.34740E+04
 23.5 4.34643E+04
 24.0 4.33751E+04
 24.5 4.32098E+04
 25.0 4.29718E+04
 25.5 4.26649E+04
 26.0 4.22928E+04
 26.5 4.18596E+04
 27.0 4.13690E+04
 27.5 4.08250E+04
 28.0 4.02312E+04
 28.5 3.95913E+04
 29.0 3.89089E+04
 29.5 3.81872E+04
 30.0 3.74294E+04
 30.5 3.66386E+04
 31.0 3.58175E+04
 31.5 3.49689E+04
 32.0 3.40951E+04
 32.5 3.31987E+04
 33.0 3.22817E+04
 33.5 3.13461E+04
 34.0 3.03940E+04
 34.5 2.94270E+04
 35.0 2.84469E+04
 35.5 2.74551E+04
 36.0 2.64531E+04
 36.5 2.54422E+04
 37.0 2.44237E+04
 37.5 2.33987E+04
 38.0 2.23684E+04
 38.5 2.13338E+04
 39.0 2.02959E+04
 39.5 1.92555E+04
 40.0 1.82136E+04
 40.5 1.71710E+04
 41.0 1.61284E+04
 41.5 1.50867E+04
 42.0 1.40465E+04
 42.5 1.30086E+04
 43.0 1.19735E+04
 43.5 1.09420E+04
 44.0 9.91475E+03
 44.5 8.89224E+03
 45.0 7.87512E+03
 45.5 6.86398E+03
 46.0 5.85938E+03
 46.5 4.86189E+03
 47.0 3.87208E+03
 47.5 2.89048E+03
 48.0 1.91765E+03
 48.5 9.54117E+02
 49.0 7.92650E+01
