049K12D0W2
  0.5 0.00000E+00
  1.0 0.00000E+00
  1.5 0.00000E+00
  2.0 0.00000E+00
  2.5 0.00000E+00
  3.0 0.00000E+00
  3.5 4.06863E+04
  4.0 5.20979E+04
  4.5 6.39598E+04
  5.0 7.63067E+04
  5.5 8.91962E+04
  6.0 1.02665E+05
  6.5 1.16619E+05
  7.0 1.30730E+05
  7.5 1.44451E+05
  8.0 1.57145E+05
  8.5 1.89227E+06
  9.0 1.77346E+05
  9.5 1.09965E+06
 10.0 9.19144E+05
 10.5 8.06315E+04
 11.0 8.48873E+04
 11.5 2.31371E+05
 12.0 6.31589E+04
 12.5 5.78090E+04
 13.0 6.01935E+04
 13.5 6.23932E+04
 14.0 6.43808E+04
 14.5 6.61345E+04
 15.0 6.76396E+04
 15.5 6.88878E+04
 16.0 6.98775E+04
 16.5 7.06129E+04
 17.0 7.11029E+04
 17.5 7.13600E+04
 18.0 7.13996E+04
 18.5 7.12385E+04
 19.0 7.08948E+04
 19.5 7.03864E+04
 20.0 6.97314E+04
 20.5 6.89468E+04
 21.0 6.80490E+04
 21.5 6.70531E+04
 22.0 6.59732E+04
 22.5 6.48219E+04
 23.0 6.36109E+04
 23.5 6.23502E+04
 24.0 6.10491E+04
 24.5 5.97156E+04
 25.0 5.83568E+04
 25.5 5.69788E+04
 26.0 5.55870E+04
 26.5 5.41858E+04
 27.0 5.27793E+04
 27.5 5.13708E+04
 28.0 4.99629E+04
 28.5 4.85582E+04
 29.0 4.71586E+04
 29.5 4.57656E+04
 30.0 4.43806E+04
 30.5 4.30047E+04
 31.0 4.16385E+04
 31.5 4.02829E+04
 32.0 3.89383E+04
 32.5 3.76050E+04
 33.0 3.62833E+04
 33.5 3.49734E+04
 34.0 3.36753E+04
 34.5 3.23891E+04
 35.0 3.11147E+04
 35.5 2.98521E+04
 36.0 2.86012E+04
 36.5 2.73619E+04
 37.0 2.61342E+04
 37.5 2.49178E+04
 38.0 2.37127E+04
 38.5 2.25188E+04
 39.0 2.13360E+04
 39.5 2.01642E+04
 40.0 1.90033E+04
 40.5 1.78532E+04
 41.0 1.67140E+04
 41.5 1.55856E+04
 42.0 1.44680E+04
 42.5 1.33612E+04
 43.0 1.22653E+04
 43.5 1.11803E+04
 44.0 1.01062E+04
 44.5 9.04327E+03
 45.0 7.99149E+03
 45.5 6.95105E+03
 46.0 5.92209E+03
 46.5 4.90479E+03
 47.0 3.89934E+03
 47.5 2.90595E+03
 48.0 1.92485E+03
 48.5 9.56298E+02
 49.0 7.93775E+01
