049K15D0W2
  0.5 0.00000E+00
  1.0 0.00000E+00
  1.5 0.00000E+00
  2.0 0.00000E+00
  2.5 0.00000E+00
  3.0 0.00000E+00
  3.5 5.33663E+04
  4.0 6.77843E+04
  4.5 8.29353E+04
  5.0 9.89236E+04
  5.5 1.15846E+05
  6.0 1.33605E+05
  6.5 1.51711E+05
  7.0 1.69305E+05
  7.5 1.85401E+05
  8.0 1.99165E+05
  8.5 2.25189E+06
  9.0 2.17921E+05
  9.5 1.25511E+06
 10.0 1.04869E+06
 10.5 1.02932E+05
 11.0 1.07522E+05
 11.5 2.85245E+05
 12.0 8.04773E+04
 12.5 7.36635E+04
 13.0 7.62450E+04
 13.5 7.84820E+04
 14.0 8.03539E+04
 14.5 8.18522E+04
 15.0 8.29797E+04
 15.5 8.37484E+04
 16.0 8.41774E+04
 16.5 8.42909E+04
 17.0 8.41161E+04
 17.5 8.36823E+04
 18.0 8.30187E+04
 18.5 8.21541E+04
 19.0 8.11158E+04
 19.5 7.99294E+04
 20.0 7.86185E+04
 20.5 7.72045E+04
 21.0 7.57064E+04
 21.5 7.41412E+04
 22.0 7.25237E+04
 22.5 7.08670E+04
 23.0 6.91821E+04
 23.5 6.74787E+04
 24.0 6.57648E+04
 24.5 6.40473E+04
 25.0 6.23320E+04
 25.5 6.06234E+04
 26.0 5.89255E+04
 26.5 5.72414E+04
 27.0 5.55734E+04
 27.5 5.39236E+04
 28.0 5.22934E+04
 28.5 5.06837E+04
 29.0 4.90954E+04
 29.5 4.75288E+04
 30.0 4.59841E+04
 30.5 4.44614E+04
 31.0 4.29605E+04
 31.5 4.14811E+04
 32.0 4.00230E+04
 32.5 3.85856E+04
 33.0 3.71685E+04
 33.5 3.57712E+04
 34.0 3.43931E+04
 34.5 3.30338E+04
 35.0 3.16926E+04
 35.5 3.03690E+04
 36.0 2.90624E+04
 36.5 2.77724E+04
 37.0 2.64985E+04
 37.5 2.52402E+04
 38.0 2.39970E+04
 38.5 2.27686E+04
 39.0 2.15545E+04
 39.5 2.03545E+04
 40.0 1.91682E+04
 40.5 1.79954E+04
 41.0 1.68357E+04
 41.5 1.56891E+04
 42.0 1.45552E+04
 42.5 1.34340E+04
 43.0 1.23254E+04
 43.5 1.12293E+04
 44.0 1.01455E+04
 44.5 9.07420E+03
 45.0 8.01529E+03
 45.5 6.96883E+03
 46.0 5.93487E+03
 46.5 4.91352E+03
 47.0 3.90488E+03
 47.5 2.90909E+03
 48.0 1.92632E+03
 48.5 9.56740E+02
 49.0 7.94003E+01
