049K10D0W2
  0.5 0.00000E+00
  1.0 0.00000E+00
  1.5 0.00000E+00
  2.0 0.00000E+00
  2.5 0.00000E+00
  3.0 0.00000E+00
  3.5 3.24943E+04
  4.0 4.19875E+04
  4.5 5.17891E+04
  5.0 6.19050E+04
  5.5 7.23588E+04
  6.0 8.31822E+04
  6.5 9.43765E+04
  7.0 1.05840E+05
  7.5 1.17317E+05
  8.0 1.28417E+05
  8.5 1.59589E+06
  9.0 1.47753E+05
  9.5 9.67604E+05
 10.0 8.09114E+05
 10.5 6.58126E+04
 11.0 6.95429E+04
 11.5 1.90202E+05
 12.0 5.16380E+04
 12.5 4.72758E+04
 13.0 4.93599E+04
 13.5 5.13452E+04
 14.0 5.32108E+04
 14.5 5.49366E+04
 15.0 5.65053E+04
 15.5 5.79021E+04
 16.0 5.91167E+04
 16.5 6.01427E+04
 17.0 6.09777E+04
 17.5 6.16231E+04
 18.0 6.20833E+04
 18.5 6.23654E+04
 19.0 6.24784E+04
 19.5 6.24329E+04
 20.0 6.22402E+04
 20.5 6.19123E+04
 21.0 6.14611E+04
 21.5 6.08987E+04
 22.0 6.02364E+04
 22.5 5.94852E+04
 23.0 5.86553E+04
 23.5 5.77565E+04
 24.0 5.67974E+04
 24.5 5.57862E+04
 25.0 5.47302E+04
 25.5 5.36360E+04
 26.0 5.25095E+04
 26.5 5.13560E+04
 27.0 5.01803E+04
 27.5 4.89863E+04
 28.0 4.77779E+04
 28.5 4.65581E+04
 29.0 4.53299E+04
 29.5 4.40955E+04
 30.0 4.28572E+04
 30.5 4.16168E+04
 31.0 4.03757E+04
 31.5 3.91355E+04
 32.0 3.78971E+04
 32.5 3.66617E+04
 33.0 3.54300E+04
 33.5 3.42028E+04
 34.0 3.29807E+04
 34.5 3.17641E+04
 35.0 3.05536E+04
 35.5 2.93494E+04
 36.0 2.81520E+04
 36.5 2.69616E+04
 37.0 2.57783E+04
 37.5 2.46026E+04
 38.0 2.34344E+04
 38.5 2.22740E+04
 39.0 2.11215E+04
 39.5 1.99772E+04
 40.0 1.88411E+04
 40.5 1.77133E+04
 41.0 1.65942E+04
 41.5 1.54837E+04
 42.0 1.43820E+04
 42.5 1.32894E+04
 43.0 1.22059E+04
 43.5 1.11319E+04
 44.0 1.00674E+04
 44.5 9.01265E+03
 45.0 7.96793E+03
 45.5 6.93343E+03
 46.0 5.90942E+03
 46.5 4.89613E+03
 47.0 3.89384E+03
 47.5 2.90283E+03
 48.0 1.92340E+03
 48.5 9.55860E+02
 49.0 7.93549E+01
