049K14D0W2
  0.5 0.00000E+00
  1.0 0.00000E+00
  1.5 0.00000E+00
  2.0 0.00000E+00
  2.5 0.00000E+00
  3.0 0.00000E+00
  3.5 4.90842E+04
  4.0 6.24804E+04
  4.5 7.65051E+04
  5.0 9.12359E+04
  5.5 1.06763E+05
  6.0 1.23062E+05
  6.5 1.39809E+05
  7.0 1.56337E+05
  7.5 1.71792E+05
  8.0 1.85375E+05
  8.5 2.14170E+06
  9.0 2.04928E+05
  9.5 1.20795E+06
 10.0 1.00938E+06
 10.5 9.55235E+04
 11.0 1.00065E+05
 11.5 2.68253E+05
 12.0 7.47252E+04
 12.5 6.83942E+04
 13.0 7.09457E+04
 13.5 7.32076E+04
 14.0 7.51549E+04
 14.5 7.67730E+04
 15.0 7.80574E+04
 15.5 7.90125E+04
 16.0 7.96500E+04
 16.5 7.99874E+04
 17.0 8.00460E+04
 17.5 7.98498E+04
 18.0 7.94239E+04
 18.5 7.87935E+04
 19.0 7.79835E+04
 19.5 7.70175E+04
 20.0 7.59177E+04
 20.5 7.47044E+04
 21.0 7.33961E+04
 21.5 7.20097E+04
 22.0 7.05599E+04
 22.5 6.90599E+04
 23.0 6.75211E+04
 23.5 6.59534E+04
 24.0 6.43656E+04
 24.5 6.27648E+04
 25.0 6.11574E+04
 25.5 5.95486E+04
 26.0 5.79427E+04
 26.5 5.63433E+04
 27.0 5.47535E+04
 27.5 5.31756E+04
 28.0 5.16115E+04
 28.5 5.00626E+04
 29.0 4.85301E+04
 29.5 4.70147E+04
 30.0 4.55171E+04
 30.5 4.40375E+04
 31.0 4.25762E+04
 31.5 4.11331E+04
 32.0 3.97082E+04
 32.5 3.83013E+04
 33.0 3.69120E+04
 33.5 3.55402E+04
 34.0 3.41854E+04
 34.5 3.28474E+04
 35.0 3.15256E+04
 35.5 3.02197E+04
 36.0 2.89293E+04
 36.5 2.76540E+04
 37.0 2.63934E+04
 37.5 2.51472E+04
 38.0 2.39151E+04
 38.5 2.26966E+04
 39.0 2.14916E+04
 39.5 2.02997E+04
 40.0 1.91208E+04
 40.5 1.79545E+04
 41.0 1.68007E+04
 41.5 1.56593E+04
 42.0 1.45302E+04
 42.5 1.34131E+04
 43.0 1.23081E+04
 43.5 1.12152E+04
 44.0 1.01342E+04
 44.5 9.06532E+03
 45.0 8.00846E+03
 45.5 6.96372E+03
 46.0 5.93120E+03
 46.5 4.91101E+03
 47.0 3.90329E+03
 47.5 2.90819E+03
 48.0 1.92590E+03
 48.5 9.56613E+02
 49.0 7.93938E+01
