049K22D0W2
  0.5 0.00000E+00
  1.0 0.00000E+00
  1.5 0.00000E+00
  2.0 0.00000E+00
  2.5 0.00000E+00
  3.0 0.00000E+00
  3.5 8.52291E+04
  4.0 1.07539E+05
  4.5 1.31678E+05
  5.0 1.57835E+05
  5.5 1.85474E+05
  6.0 2.13036E+05
  6.5 2.38448E+05
  7.0 2.59898E+05
  7.5 2.76308E+05
  8.0 2.87383E+05
  8.5 2.83425E+06
  9.0 2.95055E+05
  9.5 1.49888E+06
 10.0 1.25222E+06
 10.5 1.52517E+05
 11.0 1.55971E+05
 11.5 3.82929E+05
 12.0 1.18994E+05
 12.5 1.09043E+05
 13.0 1.10954E+05
 13.5 1.12195E+05
 14.0 1.12811E+05
 14.5 1.12858E+05
 15.0 1.12398E+05
 15.5 1.11496E+05
 16.0 1.10216E+05
 16.5 1.08619E+05
 17.0 1.06760E+05
 17.5 1.04692E+05
 18.0 1.02458E+05
 18.5 1.00098E+05
 19.0 9.76463E+04
 19.5 9.51319E+04
 20.0 9.25793E+04
 20.5 9.00090E+04
 21.0 8.74378E+04
 21.5 8.48795E+04
 22.0 8.23451E+04
 22.5 7.98433E+04
 23.0 7.73809E+04
 23.5 7.49631E+04
 24.0 7.25935E+04
 24.5 7.02747E+04
 25.0 6.80082E+04
 25.5 6.57949E+04
 26.0 6.36349E+04
 26.5 6.15279E+04
 27.0 5.94732E+04
 27.5 5.74696E+04
 28.0 5.55158E+04
 28.5 5.36104E+04
 29.0 5.17517E+04
 29.5 4.99380E+04
 30.0 4.81675E+04
 30.5 4.64385E+04
 31.0 4.47491E+04
 31.5 4.30976E+04
 32.0 4.14823E+04
 32.5 3.99015E+04
 33.0 3.83535E+04
 33.5 3.68368E+04
 34.0 3.53499E+04
 34.5 3.38913E+04
 35.0 3.24598E+04
 35.5 3.10539E+04
 36.0 2.96726E+04
 36.5 2.83146E+04
 37.0 2.69790E+04
 37.5 2.56647E+04
 38.0 2.43709E+04
 38.5 2.30967E+04
 39.0 2.18413E+04
 39.5 2.06040E+04
 40.0 1.93842E+04
 40.5 1.81813E+04
 41.0 1.69947E+04
 41.5 1.58241E+04
 42.0 1.46689E+04
 42.5 1.35289E+04
 43.0 1.24037E+04
 43.5 1.12930E+04
 44.0 1.01966E+04
 44.5 9.11439E+03
 45.0 8.04618E+03
 45.5 6.99189E+03
 46.0 5.95145E+03
 46.5 4.92483E+03
 47.0 3.91205E+03
 47.5 2.91315E+03
 48.0 1.92821E+03
 48.5 9.57311E+02
 49.0 7.94298E+01
