050K07D0W2
  0.5 0.00000E+00
  1.0 0.00000E+00
  1.5 0.00000E+00
  2.0 0.00000E+00
  2.5 0.00000E+00
  3.0 0.00000E+00
  3.5 2.02467E+04
  4.0 2.68764E+04
  4.5 3.36662E+04
  5.0 4.05950E+04
  5.5 4.76562E+04
  6.0 5.48505E+04
  6.5 6.21833E+04
  7.0 6.96581E+04
  7.5 7.72589E+04
  8.0 8.49249E+04
  8.5 1.03345E+06
  9.0 9.99081E+04
  9.5 7.08547E+05
 10.0 5.93150E+05
 10.5 4.39057E+04
 11.0 4.65385E+04
 11.5 1.19890E+05
 12.0 3.46175E+04
 12.5 3.17360E+04
 13.0 3.32148E+04
 13.5 3.46640E+04
 14.0 3.60802E+04
 14.5 3.74583E+04
 15.0 3.87923E+04
 15.5 4.00745E+04
 16.0 4.12968E+04
 16.5 4.24506E+04
 17.0 4.35271E+04
 17.5 4.45186E+04
 18.0 4.54181E+04
 18.5 4.62198E+04
 19.0 4.69193E+04
 19.5 4.75140E+04
 20.0 4.80023E+04
 20.5 4.83842E+04
 21.0 4.86611E+04
 21.5 4.88352E+04
 22.0 4.89097E+04
 22.5 4.88886E+04
 23.0 4.87763E+04
 23.5 4.85776E+04
 24.0 4.82977E+04
 24.5 4.79418E+04
 25.0 4.75151E+04
 25.5 4.70229E+04
 26.0 4.64701E+04
 26.5 4.58618E+04
 27.0 4.52025E+04
 27.5 4.44968E+04
 28.0 4.37489E+04
 28.5 4.29626E+04
 29.0 4.21417E+04
 29.5 4.12896E+04
 30.0 4.04094E+04
 30.5 3.95041E+04
 31.0 3.85764E+04
 31.5 3.76287E+04
 32.0 3.66633E+04
 32.5 3.56824E+04
 33.0 3.46877E+04
 33.5 3.36812E+04
 34.0 3.26642E+04
 34.5 3.16384E+04
 35.0 3.06051E+04
 35.5 2.95654E+04
 36.0 2.85205E+04
 36.5 2.74715E+04
 37.0 2.64192E+04
 37.5 2.53646E+04
 38.0 2.43085E+04
 38.5 2.32516E+04
 39.0 2.21947E+04
 39.5 2.11383E+04
 40.0 2.00832E+04
 40.5 1.90299E+04
 41.0 1.79790E+04
 41.5 1.69309E+04
 42.0 1.58862E+04
 42.5 1.48455E+04
 43.0 1.38091E+04
 43.5 1.27775E+04
 44.0 1.17511E+04
 44.5 1.07305E+04
 45.0 9.71599E+03
 45.5 8.70804E+03
 46.0 7.70707E+03
 46.5 6.71349E+03
 47.0 5.72772E+03
 47.5 4.75018E+03
 48.0 3.78128E+03
 48.5 2.82144E+03
 49.0 1.87107E+03
 49.5 9.30601E+02
 50.0 7.72949E+01
