050K11D0W2
  0.5 0.00000E+00
  1.0 0.00000E+00
  1.5 0.00000E+00
  2.0 0.00000E+00
  2.5 0.00000E+00
  3.0 0.00000E+00
  3.5 3.60146E+04
  4.0 4.63418E+04
  4.5 5.70417E+04
  5.0 6.81309E+04
  5.5 7.96466E+04
  6.0 9.16307E+04
  6.5 1.04069E+05
  7.0 1.16799E+05
  7.5 1.29467E+05
  8.0 1.41579E+05
  8.5 1.76401E+06
  9.0 1.62161E+05
  9.5 1.05178E+06
 10.0 8.79300E+05
 10.5 7.27362E+04
 11.0 7.68281E+04
 11.5 2.13840E+05
 12.0 5.71218E+04
 12.5 5.23148E+04
 13.0 5.46073E+04
 13.5 5.67713E+04
 14.0 5.87814E+04
 14.5 6.06146E+04
 15.0 6.22521E+04
 15.5 6.36800E+04
 16.0 6.48897E+04
 16.5 6.58776E+04
 17.0 6.66450E+04
 17.5 6.71973E+04
 18.0 6.75430E+04
 18.5 6.76932E+04
 19.0 6.76609E+04
 19.5 6.74601E+04
 20.0 6.71053E+04
 20.5 6.66114E+04
 21.0 6.59926E+04
 21.5 6.52629E+04
 22.0 6.44354E+04
 22.5 6.35225E+04
 23.0 6.25356E+04
 23.5 6.14850E+04
 24.0 6.03802E+04
 24.5 5.92298E+04
 25.0 5.80414E+04
 25.5 5.68217E+04
 26.0 5.55768E+04
 26.5 5.43119E+04
 27.0 5.30317E+04
 27.5 5.17402E+04
 28.0 5.04408E+04
 28.5 4.91365E+04
 29.0 4.78299E+04
 29.5 4.65232E+04
 30.0 4.52183E+04
 30.5 4.39167E+04
 31.0 4.26197E+04
 31.5 4.13283E+04
 32.0 4.00436E+04
 32.5 3.87661E+04
 33.0 3.74965E+04
 33.5 3.62353E+04
 34.0 3.49828E+04
 34.5 3.37393E+04
 35.0 3.25050E+04
 35.5 3.12801E+04
 36.0 3.00646E+04
 36.5 2.88586E+04
 37.0 2.76623E+04
 37.5 2.64755E+04
 38.0 2.52983E+04
 38.5 2.41307E+04
 39.0 2.29726E+04
 39.5 2.18242E+04
 40.0 2.06853E+04
 40.5 1.95560E+04
 41.0 1.84362E+04
 41.5 1.73260E+04
 42.0 1.62255E+04
 42.5 1.51346E+04
 43.0 1.40534E+04
 43.5 1.29819E+04
 44.0 1.19203E+04
 44.5 1.08687E+04
 45.0 9.82710E+03
 45.5 8.79570E+03
 46.0 7.77464E+03
 46.5 6.76406E+03
 47.0 5.76416E+03
 47.5 4.77511E+03
 48.0 3.79713E+03
 48.5 2.83044E+03
 49.0 1.87527E+03
 49.5 9.31871E+02
 50.0 7.73605E+01
