050K13D0W2
  0.5 0.00000E+00
  1.0 0.00000E+00
  1.5 0.00000E+00
  2.0 0.00000E+00
  2.5 0.00000E+00
  3.0 0.00000E+00
  3.5 4.41921E+04
  4.0 5.64424E+04
  4.5 6.92205E+04
  5.0 8.25765E+04
  5.5 9.65851E+04
  6.0 1.11280E+05
  6.5 1.26514E+05
  7.0 1.41857E+05
  7.5 1.56646E+05
  8.0 1.70160E+05
  8.5 2.04615E+06
  9.0 1.91144E+05
  9.5 1.17620E+06
 10.0 9.82969E+05
 10.5 8.76083E+04
 11.0 9.21638E+04
 11.5 2.54217E+05
 12.0 6.86934E+04
 12.5 6.29008E+04
 13.0 6.54596E+04
 13.5 6.77956E+04
 14.0 6.98795E+04
 14.5 7.16894E+04
 15.0 7.32122E+04
 15.5 7.44427E+04
 16.0 7.53829E+04
 16.5 7.60415E+04
 17.0 7.64315E+04
 17.5 7.65701E+04
 18.0 7.64765E+04
 18.5 7.61714E+04
 19.0 7.56761E+04
 19.5 7.50115E+04
 20.0 7.41981E+04
 20.5 7.32550E+04
 21.0 7.22003E+04
 21.5 7.10506E+04
 22.0 6.98208E+04
 22.5 6.85247E+04
 23.0 6.71743E+04
 23.5 6.57803E+04
 24.0 6.43522E+04
 24.5 6.28982E+04
 25.0 6.14254E+04
 25.5 5.99400E+04
 26.0 5.84473E+04
 26.5 5.69516E+04
 27.0 5.54569E+04
 27.5 5.39661E+04
 28.0 5.24819E+04
 28.5 5.10064E+04
 29.0 4.95413E+04
 29.5 4.80881E+04
 30.0 4.66477E+04
 30.5 4.52210E+04
 31.0 4.38086E+04
 31.5 4.24109E+04
 32.0 4.10281E+04
 32.5 3.96603E+04
 33.0 3.83076E+04
 33.5 3.69700E+04
 34.0 3.56473E+04
 34.5 3.43393E+04
 35.0 3.30458E+04
 35.5 3.17666E+04
 36.0 3.05014E+04
 36.5 2.92500E+04
 37.0 2.80120E+04
 37.5 2.67872E+04
 38.0 2.55754E+04
 38.5 2.43762E+04
 39.0 2.31895E+04
 39.5 2.20150E+04
 40.0 2.08525E+04
 40.5 1.97018E+04
 41.0 1.85627E+04
 41.5 1.74352E+04
 42.0 1.63190E+04
 42.5 1.52142E+04
 43.0 1.41205E+04
 43.5 1.30381E+04
 44.0 1.19667E+04
 44.5 1.09065E+04
 45.0 9.85750E+03
 45.5 8.81966E+03
 46.0 7.79308E+03
 46.5 6.77786E+03
 47.0 5.77409E+03
 47.5 4.78190E+03
 48.0 3.80144E+03
 48.5 2.83288E+03
 49.0 1.87641E+03
 49.5 9.32215E+02
 50.0 7.73783E+01
