050K20D0W2
  0.5 0.00000E+00
  1.0 0.00000E+00
  1.5 0.00000E+00
  2.0 0.00000E+00
  2.5 0.00000E+00
  3.0 0.00000E+00
  3.5 7.46353E+04
  4.0 9.42714E+04
  4.5 1.15313E+05
  5.0 1.37991E+05
  5.5 1.62198E+05
  6.0 1.87077E+05
  6.5 2.11103E+05
  7.0 2.32620E+05
  7.5 2.50355E+05
  8.0 2.63648E+05
  8.5 2.74930E+06
  9.0 2.76963E+05
  9.5 1.47476E+06
 10.0 1.23196E+06
 10.5 1.38810E+05
 11.0 1.43155E+05
 11.5 3.66706E+05
 12.0 1.08500E+05
 12.5 9.94155E+04
 13.0 1.01853E+05
 13.5 1.03700E+05
 14.0 1.04974E+05
 14.5 1.05704E+05
 15.0 1.05934E+05
 15.5 1.05712E+05
 16.0 1.05090E+05
 16.5 1.04119E+05
 17.0 1.02850E+05
 17.5 1.01331E+05
 18.0 9.96049E+04
 18.5 9.77113E+04
 19.0 9.56852E+04
 19.5 9.35574E+04
 20.0 9.13545E+04
 20.5 8.90996E+04
 21.0 8.68119E+04
 21.5 8.45079E+04
 22.0 8.22011E+04
 22.5 7.99029E+04
 23.0 7.76221E+04
 23.5 7.53662E+04
 24.0 7.31409E+04
 24.5 7.09506E+04
 25.0 6.87985E+04
 25.5 6.66871E+04
 26.0 6.46178E+04
 26.5 6.25917E+04
 27.0 6.06090E+04
 27.5 5.86698E+04
 28.0 5.67736E+04
 28.5 5.49198E+04
 29.0 5.31074E+04
 29.5 5.13353E+04
 30.0 4.96024E+04
 30.5 4.79075E+04
 31.0 4.62490E+04
 31.5 4.46257E+04
 32.0 4.30362E+04
 32.5 4.14791E+04
 33.0 3.99530E+04
 33.5 3.84566E+04
 34.0 3.69885E+04
 34.5 3.55476E+04
 35.0 3.41327E+04
 35.5 3.27424E+04
 36.0 3.13759E+04
 36.5 3.00320E+04
 37.0 2.87097E+04
 37.5 2.74082E+04
 38.0 2.61265E+04
 38.5 2.48638E+04
 39.0 2.36195E+04
 39.5 2.23928E+04
 40.0 2.11831E+04
 40.5 1.99898E+04
 41.0 1.88124E+04
 41.5 1.76503E+04
 42.0 1.65033E+04
 42.5 1.53708E+04
 43.0 1.42526E+04
 43.5 1.31483E+04
 44.0 1.20578E+04
 44.5 1.09808E+04
 45.0 9.91706E+03
 45.5 8.86657E+03
 46.0 7.82918E+03
 46.5 6.80483E+03
 47.0 5.79349E+03
 47.5 4.79516E+03
 48.0 3.80986E+03
 48.5 2.83765E+03
 49.0 1.87863E+03
 49.5 9.32887E+02
 50.0 7.74129E+01
