050K22D0W2
  0.5 0.00000E+00
  1.0 0.00000E+00
  1.5 0.00000E+00
  2.0 0.00000E+00
  2.5 0.00000E+00
  3.0 0.00000E+00
  3.5 8.39766E+04
  4.0 1.05977E+05
  4.5 1.29755E+05
  5.0 1.55537E+05
  5.5 1.82914E+05
  6.0 2.10488E+05
  6.5 2.36261E+05
  7.0 2.58391E+05
  7.5 2.75699E+05
  8.0 2.87770E+05
  8.5 2.89569E+06
  9.0 2.97354E+05
  9.5 1.53535E+06
 10.0 1.28262E+06
 10.5 1.52695E+05
 11.0 1.56540E+05
 11.5 3.92518E+05
 12.0 1.19302E+05
 12.5 1.09353E+05
 13.0 1.11493E+05
 13.5 1.12960E+05
 14.0 1.13793E+05
 14.5 1.14043E+05
 15.0 1.13770E+05
 15.5 1.13036E+05
 16.0 1.11905E+05
 16.5 1.10436E+05
 17.0 1.08688E+05
 17.5 1.06711E+05
 18.0 1.04552E+05
 18.5 1.02252E+05
 19.0 9.98467E+04
 19.5 9.73664E+04
 20.0 9.48374E+04
 20.5 9.22815E+04
 21.0 8.97169E+04
 21.5 8.71585E+04
 22.0 8.46185E+04
 22.5 8.21066E+04
 23.0 7.96305E+04
 23.5 7.71960E+04
 24.0 7.48076E+04
 24.5 7.24683E+04
 25.0 7.01803E+04
 25.5 6.79448E+04
 26.0 6.57624E+04
 26.5 6.36330E+04
 27.0 6.15561E+04
 27.5 5.95310E+04
 28.0 5.75564E+04
 28.5 5.56309E+04
 29.0 5.37532E+04
 29.5 5.19216E+04
 30.0 5.01343E+04
 30.5 4.83897E+04
 31.0 4.66859E+04
 31.5 4.50213E+04
 32.0 4.33940E+04
 32.5 4.18024E+04
 33.0 4.02449E+04
 33.5 3.87198E+04
 34.0 3.72256E+04
 34.5 3.57608E+04
 35.0 3.43241E+04
 35.5 3.29141E+04
 36.0 3.15295E+04
 36.5 3.01691E+04
 37.0 2.88319E+04
 37.5 2.75168E+04
 38.0 2.62228E+04
 38.5 2.49489E+04
 39.0 2.36945E+04
 39.5 2.24586E+04
 40.0 2.12406E+04
 40.5 2.00399E+04
 41.0 1.88557E+04
 41.5 1.76877E+04
 42.0 1.65352E+04
 42.5 1.53979E+04
 43.0 1.42754E+04
 43.5 1.31674E+04
 44.0 1.20735E+04
 44.5 1.09936E+04
 45.0 9.92735E+03
 45.5 8.87467E+03
 46.0 7.83541E+03
 46.5 6.80948E+03
 47.0 5.79683E+03
 47.5 4.79744E+03
 48.0 3.81131E+03
 48.5 2.83848E+03
 49.0 1.87901E+03
 49.5 9.33003E+02
 50.0 7.74188E+01
