051K07D0W2
  0.5 0.00000E+00
  1.0 0.00000E+00
  1.5 0.00000E+00
  2.0 0.00000E+00
  2.5 0.00000E+00
  3.0 0.00000E+00
  3.5 1.99287E+04
  4.0 2.64884E+04
  4.5 3.32103E+04
  5.0 4.00729E+04
  5.5 4.70692E+04
  6.0 5.41997E+04
  6.5 6.14692E+04
  7.0 6.88828E+04
  7.5 7.64300E+04
  8.0 8.40612E+04
  8.5 1.02467E+06
  9.0 9.90886E+04
  9.5 7.12485E+05
 10.0 5.96423E+05
 10.5 4.36011E+04
 11.0 4.62433E+04
 11.5 1.18128E+05
 12.0 3.44376E+04
 12.5 3.15889E+04
 13.0 3.30787E+04
 13.5 3.45407E+04
 14.0 3.59716E+04
 14.5 3.73667E+04
 15.0 3.87203E+04
 15.5 4.00251E+04
 16.0 4.12731E+04
 16.5 4.24559E+04
 17.0 4.35648E+04
 17.5 4.45920E+04
 18.0 4.55301E+04
 18.5 4.63732E+04
 19.0 4.71165E+04
 19.5 4.77567E+04
 20.0 4.82920E+04
 20.5 4.87220E+04
 21.0 4.90474E+04
 21.5 4.92701E+04
 22.0 4.93931E+04
 22.5 4.94199E+04
 23.0 4.93548E+04
 23.5 4.92023E+04
 24.0 4.89675E+04
 24.5 4.86555E+04
 25.0 4.82714E+04
 25.5 4.78204E+04
 26.0 4.73075E+04
 26.5 4.67377E+04
 27.0 4.61156E+04
 27.5 4.54458E+04
 28.0 4.47326E+04
 28.5 4.39798E+04
 29.0 4.31913E+04
 29.5 4.23705E+04
 30.0 4.15207E+04
 30.5 4.06449E+04
 31.0 3.97457E+04
 31.5 3.88259E+04
 32.0 3.78876E+04
 32.5 3.69331E+04
 33.0 3.59642E+04
 33.5 3.49828E+04
 34.0 3.39905E+04
 34.5 3.29888E+04
 35.0 3.19790E+04
 35.5 3.09624E+04
 36.0 2.99402E+04
 36.5 2.89133E+04
 37.0 2.78828E+04
 37.5 2.68495E+04
 38.0 2.58142E+04
 38.5 2.47778E+04
 39.0 2.37408E+04
 39.5 2.27039E+04
 40.0 2.16678E+04
 40.5 2.06330E+04
 41.0 1.96001E+04
 41.5 1.85695E+04
 42.0 1.75417E+04
 42.5 1.65173E+04
 43.0 1.54966E+04
 43.5 1.44800E+04
 44.0 1.34681E+04
 44.5 1.24611E+04
 45.0 1.14595E+04
 45.5 1.04637E+04
 46.0 9.47411E+03
 46.5 8.49104E+03
 47.0 7.51490E+03
 47.5 6.54605E+03
 48.0 5.58489E+03
 48.5 4.63179E+03
 49.0 3.68712E+03
 49.5 2.75127E+03
 50.0 1.82462E+03
 50.5 9.07540E+02
 51.0 7.53820E+01
