051K10D0W2
  0.5 0.00000E+00
  1.0 0.00000E+00
  1.5 0.00000E+00
  2.0 0.00000E+00
  2.5 0.00000E+00
  3.0 0.00000E+00
  3.5 3.15240E+04
  4.0 4.08093E+04
  4.5 5.04015E+04
  5.0 6.03038E+04
  5.5 7.05361E+04
  6.0 8.11298E+04
  6.5 9.21019E+04
  7.0 1.03395E+05
  7.5 1.14817E+05
  8.0 1.26034E+05
  8.5 1.61011E+06
  9.0 1.46209E+05
  9.5 9.93400E+05
 10.0 8.30643E+05
 10.5 6.49368E+04
 11.0 6.87579E+04
 11.5 1.91054E+05
 12.0 5.11337E+04
 12.5 4.68642E+04
 13.0 4.90080E+04
 13.5 5.10685E+04
 14.0 5.30252E+04
 14.5 5.48578E+04
 15.0 5.65474E+04
 15.5 5.80777E+04
 16.0 5.94357E+04
 16.5 6.06124E+04
 17.0 6.16026E+04
 17.5 6.24051E+04
 18.0 6.30218E+04
 18.5 6.34578E+04
 19.0 6.37204E+04
 19.5 6.38186E+04
 20.0 6.37629E+04
 20.5 6.35645E+04
 21.0 6.32349E+04
 21.5 6.27858E+04
 22.0 6.22287E+04
 22.5 6.15748E+04
 23.0 6.08346E+04
 23.5 6.00182E+04
 24.0 5.91347E+04
 24.5 5.81928E+04
 25.0 5.72004E+04
 25.5 5.61645E+04
 26.0 5.50915E+04
 26.5 5.39874E+04
 27.0 5.28572E+04
 27.5 5.17055E+04
 28.0 5.05364E+04
 28.5 4.93536E+04
 29.0 4.81600E+04
 29.5 4.69586E+04
 30.0 4.57517E+04
 30.5 4.45414E+04
 31.0 4.33294E+04
 31.5 4.21173E+04
 32.0 4.09065E+04
 32.5 3.96981E+04
 33.0 3.84930E+04
 33.5 3.72920E+04
 34.0 3.60959E+04
 34.5 3.49052E+04
 35.0 3.37204E+04
 35.5 3.25418E+04
 36.0 3.13699E+04
 36.5 3.02048E+04
 37.0 2.90469E+04
 37.5 2.78963E+04
 38.0 2.67532E+04
 38.5 2.56176E+04
 39.0 2.44898E+04
 39.5 2.33697E+04
 40.0 2.22576E+04
 40.5 2.11534E+04
 41.0 2.00573E+04
 41.5 1.89693E+04
 42.0 1.78895E+04
 42.5 1.68181E+04
 43.0 1.57550E+04
 43.5 1.47004E+04
 44.0 1.36545E+04
 44.5 1.26172E+04
 45.0 1.15888E+04
 45.5 1.05694E+04
 46.0 9.55916E+03
 46.5 8.55819E+03
 47.0 7.56669E+03
 47.5 6.58485E+03
 48.0 5.61286E+03
 48.5 4.65094E+03
 49.0 3.69931E+03
 49.5 2.75819E+03
 50.0 1.82784E+03
 50.5 9.08517E+02
 51.0 7.54325E+01
