051K17D0W2
  0.5 0.00000E+00
  1.0 0.00000E+00
  1.5 0.00000E+00
  2.0 0.00000E+00
  2.5 0.00000E+00
  3.0 0.00000E+00
  3.5 6.03253E+04
  4.0 7.64496E+04
  4.5 9.35086E+04
  5.0 1.11654E+05
  5.5 1.30996E+05
  6.0 1.51334E+05
  6.5 1.71951E+05
  7.0 1.91731E+05
  7.5 2.09505E+05
  8.0 2.24365E+05
  8.5 2.53182E+06
  9.0 2.43719E+05
  9.5 1.39806E+06
 10.0 1.16786E+06
 10.5 1.16883E+05
 11.0 1.21886E+05
 11.5 3.25407E+05
 12.0 9.15929E+04
 12.5 8.39150E+04
 13.0 8.67373E+04
 13.5 8.91306E+04
 14.0 9.10779E+04
 14.5 9.25772E+04
 15.0 9.36397E+04
 15.5 9.42865E+04
 16.0 9.45462E+04
 16.5 9.44519E+04
 17.0 9.40394E+04
 17.5 9.33454E+04
 18.0 9.24057E+04
 18.5 9.12549E+04
 19.0 8.99251E+04
 19.5 8.84461E+04
 20.0 8.68445E+04
 20.5 8.51444E+04
 21.0 8.33669E+04
 21.5 8.15306E+04
 22.0 7.96516E+04
 22.5 7.77436E+04
 23.0 7.58186E+04
 23.5 7.38863E+04
 24.0 7.19551E+04
 24.5 7.00320E+04
 25.0 6.81224E+04
 25.5 6.62311E+04
 26.0 6.43615E+04
 26.5 6.25166E+04
 27.0 6.06984E+04
 27.5 5.89084E+04
 28.0 5.71478E+04
 28.5 5.54172E+04
 29.0 5.37168E+04
 29.5 5.20468E+04
 30.0 5.04069E+04
 30.5 4.87966E+04
 31.0 4.72156E+04
 31.5 4.56632E+04
 32.0 4.41385E+04
 32.5 4.26409E+04
 33.0 4.11694E+04
 33.5 3.97233E+04
 34.0 3.83016E+04
 34.5 3.69035E+04
 35.0 3.55281E+04
 35.5 3.41746E+04
 36.0 3.28421E+04
 36.5 3.15298E+04
 37.0 3.02369E+04
 37.5 2.89628E+04
 38.0 2.77067E+04
 38.5 2.64679E+04
 39.0 2.52459E+04
 39.5 2.40400E+04
 40.0 2.28498E+04
 40.5 2.16746E+04
 41.0 2.05142E+04
 41.5 1.93680E+04
 42.0 1.82356E+04
 42.5 1.71168E+04
 43.0 1.60112E+04
 43.5 1.49185E+04
 44.0 1.38386E+04
 44.5 1.27712E+04
 45.0 1.17161E+04
 45.5 1.06733E+04
 46.0 9.64264E+03
 46.5 8.62402E+03
 47.0 7.61740E+03
 47.5 6.62279E+03
 48.0 5.64018E+03
 48.5 4.66963E+03
 49.0 3.71118E+03
 49.5 2.76493E+03
 50.0 1.83098E+03
 50.5 9.09468E+02
 51.0 7.54815E+01
