051K18D0W2
  0.5 0.00000E+00
  1.0 0.00000E+00
  1.5 0.00000E+00
  2.0 0.00000E+00
  2.5 0.00000E+00
  3.0 0.00000E+00
  3.5 6.46702E+04
  4.0 8.18537E+04
  4.5 1.00103E+05
  5.0 1.19602E+05
  5.5 1.40435E+05
  6.0 1.62261E+05
  6.5 1.84141E+05
  7.0 2.04772E+05
  7.5 2.22901E+05
  8.0 2.37646E+05
  8.5 2.62804E+06
  9.0 2.55747E+05
  9.5 1.43870E+06
 10.0 1.20176E+06
 10.5 1.24222E+05
 11.0 1.29166E+05
 11.5 3.41047E+05
 12.0 9.73043E+04
 12.5 8.91574E+04
 13.0 9.19455E+04
 13.5 9.42504E+04
 14.0 9.60629E+04
 14.5 9.73896E+04
 15.0 9.82507E+04
 15.5 9.86754E+04
 16.0 9.86996E+04
 16.5 9.83629E+04
 17.0 9.77063E+04
 17.5 9.67707E+04
 18.0 9.55952E+04
 18.5 9.42166E+04
 19.0 9.26689E+04
 19.5 9.09829E+04
 20.0 8.91859E+04
 20.5 8.73023E+04
 21.0 8.53532E+04
 21.5 8.33570E+04
 22.0 8.13293E+04
 22.5 7.92836E+04
 23.0 7.72311E+04
 23.5 7.51811E+04
 24.0 7.31414E+04
 24.5 7.11182E+04
 25.0 6.91167E+04
 25.5 6.71407E+04
 26.0 6.51934E+04
 26.5 6.32770E+04
 27.0 6.13932E+04
 27.5 5.95430E+04
 28.0 5.77272E+04
 28.5 5.59458E+04
 29.0 5.41990E+04
 29.5 5.24863E+04
 30.0 5.08073E+04
 30.5 4.91613E+04
 31.0 4.75474E+04
 31.5 4.59648E+04
 32.0 4.44125E+04
 32.5 4.28896E+04
 33.0 4.13950E+04
 33.5 3.99276E+04
 34.0 3.84865E+04
 34.5 3.70706E+04
 35.0 3.56789E+04
 35.5 3.43105E+04
 36.0 3.29643E+04
 36.5 3.16396E+04
 37.0 3.03353E+04
 37.5 2.90508E+04
 38.0 2.77852E+04
 38.5 2.65379E+04
 39.0 2.53080E+04
 39.5 2.40950E+04
 40.0 2.28983E+04
 40.5 2.17173E+04
 41.0 2.05515E+04
 41.5 1.94005E+04
 42.0 1.82638E+04
 42.5 1.71411E+04
 43.0 1.60320E+04
 43.5 1.49363E+04
 44.0 1.38535E+04
 44.5 1.27837E+04
 45.0 1.17265E+04
 45.5 1.06818E+04
 46.0 9.64940E+03
 46.5 8.62934E+03
 47.0 7.62150E+03
 47.5 6.62585E+03
 48.0 5.64239E+03
 48.5 4.67113E+03
 49.0 3.71214E+03
 49.5 2.76548E+03
 50.0 1.83124E+03
 50.5 9.09544E+02
 51.0 7.54855E+01
