051K13D0W2
  0.5 0.00000E+00
  1.0 0.00000E+00
  1.5 0.00000E+00
  2.0 0.00000E+00
  2.5 0.00000E+00
  3.0 0.00000E+00
  3.5 4.35513E+04
  4.0 5.56622E+04
  4.5 6.82946E+04
  5.0 8.14946E+04
  5.5 9.53349E+04
  6.0 1.09862E+05
  6.5 1.24966E+05
  7.0 1.40271E+05
  7.5 1.55158E+05
  8.0 1.68922E+05
  8.5 2.06833E+06
  9.0 1.90778E+05
  9.5 1.19856E+06
 10.0 1.00160E+06
 10.5 8.71156E+04
 11.0 9.17851E+04
 11.5 2.54543E+05
 12.0 6.84232E+04
 12.5 6.26819E+04
 13.0 6.53085E+04
 13.5 6.77252E+04
 14.0 6.99011E+04
 14.5 7.18121E+04
 15.0 7.34423E+04
 15.5 7.47838E+04
 16.0 7.58363E+04
 16.5 7.66059E+04
 17.0 7.71040E+04
 17.5 7.73459E+04
 18.0 7.73498E+04
 18.5 7.71357E+04
 19.0 7.67242E+04
 19.5 7.61362E+04
 20.0 7.53919E+04
 20.5 7.45108E+04
 21.0 7.35113E+04
 21.5 7.24102E+04
 22.0 7.12230E+04
 22.5 6.99639E+04
 23.0 6.86455E+04
 23.5 6.72790E+04
 24.0 6.58743E+04
 24.5 6.44401E+04
 25.0 6.29841E+04
 25.5 6.15127E+04
 26.0 6.00316E+04
 26.5 5.85457E+04
 27.0 5.70590E+04
 27.5 5.55750E+04
 28.0 5.40965E+04
 28.5 5.26258E+04
 29.0 5.11649E+04
 29.5 4.97154E+04
 30.0 4.82784E+04
 30.5 4.68550E+04
 31.0 4.54457E+04
 31.5 4.40512E+04
 32.0 4.26717E+04
 32.5 4.13075E+04
 33.0 3.99585E+04
 33.5 3.86249E+04
 34.0 3.73065E+04
 34.5 3.60031E+04
 35.0 3.47145E+04
 35.5 3.34406E+04
 36.0 3.21810E+04
 36.5 3.09354E+04
 37.0 2.97036E+04
 37.5 2.84853E+04
 38.0 2.72801E+04
 38.5 2.60878E+04
 39.0 2.49082E+04
 39.5 2.37408E+04
 40.0 2.25856E+04
 40.5 2.14423E+04
 41.0 2.03107E+04
 41.5 1.91905E+04
 42.0 1.80816E+04
 42.5 1.69840E+04
 43.0 1.58973E+04
 43.5 1.48217E+04
 44.0 1.37568E+04
 44.5 1.27029E+04
 45.0 1.16597E+04
 45.5 1.06273E+04
 46.0 9.60564E+03
 46.5 8.59485E+03
 47.0 7.59494E+03
 47.5 6.60599E+03
 48.0 5.62809E+03
 48.5 4.66136E+03
 49.0 3.70593E+03
 49.5 2.76195E+03
 50.0 1.82960E+03
 50.5 9.09048E+02
 51.0 7.54599E+01
