051K16D0W2
  0.5 0.00000E+00
  1.0 0.00000E+00
  1.5 0.00000E+00
  2.0 0.00000E+00
  2.5 0.00000E+00
  3.0 0.00000E+00
  3.5 5.60444E+04
  4.0 7.11338E+04
  4.5 8.70387E+04
  5.0 1.03880E+05
  5.5 1.21773E+05
  6.0 1.40625E+05
  6.5 1.59917E+05
  7.0 1.78728E+05
  7.5 1.95999E+05
  8.0 2.10826E+05
  8.5 2.42859E+06
  9.0 2.31215E+05
  9.5 1.35418E+06
 10.0 1.13128E+06
 10.5 1.09486E+05
 11.0 1.14493E+05
 11.5 3.08995E+05
 12.0 8.58364E+04
 12.5 7.86348E+04
 13.0 8.14589E+04
 13.5 8.39096E+04
 14.0 8.59636E+04
 14.5 8.76112E+04
 15.0 8.88552E+04
 15.5 8.97088E+04
 16.0 9.01927E+04
 16.5 9.03337E+04
 17.0 9.01617E+04
 17.5 8.97088E+04
 18.0 8.90071E+04
 18.5 8.80882E+04
 19.0 8.69821E+04
 19.5 8.57171E+04
 20.0 8.43188E+04
 20.5 8.28108E+04
 21.0 8.12138E+04
 21.5 7.95466E+04
 22.0 7.78253E+04
 22.5 7.60642E+04
 23.0 7.42754E+04
 23.5 7.24694E+04
 24.0 7.06551E+04
 24.5 6.88398E+04
 25.0 6.70299E+04
 25.5 6.52303E+04
 26.0 6.34452E+04
 26.5 6.16781E+04
 27.0 5.99314E+04
 27.5 5.82073E+04
 28.0 5.65071E+04
 28.5 5.48320E+04
 29.0 5.31827E+04
 29.5 5.15596E+04
 30.0 4.99627E+04
 30.5 4.83920E+04
 31.0 4.68472E+04
 31.5 4.53280E+04
 32.0 4.38339E+04
 32.5 4.23642E+04
 33.0 4.09184E+04
 33.5 3.94958E+04
 34.0 3.80957E+04
 34.5 3.67174E+04
 35.0 3.53601E+04
 35.5 3.40231E+04
 36.0 3.27057E+04
 36.5 3.14072E+04
 37.0 3.01270E+04
 37.5 2.88644E+04
 38.0 2.76189E+04
 38.5 2.63897E+04
 39.0 2.51764E+04
 39.5 2.39785E+04
 40.0 2.27955E+04
 40.5 2.16269E+04
 41.0 2.04724E+04
 41.5 1.93316E+04
 42.0 1.82040E+04
 42.5 1.70896E+04
 43.0 1.59878E+04
 43.5 1.48987E+04
 44.0 1.38219E+04
 44.5 1.27572E+04
 45.0 1.17046E+04
 45.5 1.06639E+04
 46.0 9.63508E+03
 46.5 8.61805E+03
 47.0 7.61281E+03
 47.5 6.61935E+03
 48.0 5.63771E+03
 48.5 4.66794E+03
 49.0 3.71011E+03
 49.5 2.76432E+03
 50.0 1.83070E+03
 50.5 9.09382E+02
 51.0 7.54771E+01
