051K21D0W2
  0.5 0.00000E+00
  1.0 0.00000E+00
  1.5 0.00000E+00
  2.0 0.00000E+00
  2.5 0.00000E+00
  3.0 0.00000E+00
  3.5 7.81300E+04
  4.0 9.86571E+04
  4.5 1.20724E+05
  5.0 1.44585E+05
  5.5 1.70088E+05
  6.0 1.96260E+05
  6.5 2.21433E+05
  7.0 2.43847E+05
  7.5 2.62190E+05
  8.0 2.75816E+05
  8.5 2.88125E+06
  9.0 2.89140E+05
  9.5 1.54461E+06
 10.0 1.29019E+06
 10.5 1.45774E+05
 11.0 1.50245E+05
 11.5 3.83861E+05
 12.0 1.14081E+05
 12.5 1.04577E+05
 13.0 1.07085E+05
 13.5 1.08963E+05
 14.0 1.10232E+05
 14.5 1.10926E+05
 15.0 1.11095E+05
 15.5 1.10789E+05
 16.0 1.10067E+05
 16.5 1.08982E+05
 17.0 1.07591E+05
 17.5 1.05942E+05
 18.0 1.04082E+05
 18.5 1.02052E+05
 19.0 9.98890E+04
 19.5 9.76255E+04
 20.0 9.52890E+04
 20.5 9.29034E+04
 21.0 9.04888E+04
 21.5 8.80621E+04
 22.0 8.56371E+04
 22.5 8.32254E+04
 23.0 8.08362E+04
 23.5 7.84770E+04
 24.0 7.61534E+04
 24.5 7.38700E+04
 25.0 7.16299E+04
 25.5 6.94353E+04
 26.0 6.72878E+04
 26.5 6.51882E+04
 27.0 6.31366E+04
 27.5 6.11330E+04
 28.0 5.91766E+04
 28.5 5.72667E+04
 29.0 5.54022E+04
 29.5 5.35818E+04
 30.0 5.18042E+04
 30.5 5.00680E+04
 31.0 4.83716E+04
 31.5 4.67134E+04
 32.0 4.50921E+04
 32.5 4.35059E+04
 33.0 4.19534E+04
 33.5 4.04331E+04
 34.0 3.89436E+04
 34.5 3.74834E+04
 35.0 3.60512E+04
 35.5 3.46458E+04
 36.0 3.32659E+04
 36.5 3.19103E+04
 37.0 3.05779E+04
 37.5 2.92677E+04
 38.0 2.79787E+04
 38.5 2.67101E+04
 39.0 2.54608E+04
 39.5 2.42302E+04
 40.0 2.30176E+04
 40.5 2.18221E+04
 41.0 2.06433E+04
 41.5 1.94804E+04
 42.0 1.83331E+04
 42.5 1.72008E+04
 43.0 1.60832E+04
 43.5 1.49797E+04
 44.0 1.38902E+04
 44.5 1.28143E+04
 45.0 1.17518E+04
 45.5 1.07024E+04
 46.0 9.66596E+03
 46.5 8.64239E+03
 47.0 7.63154E+03
 47.5 6.63336E+03
 48.0 5.64779E+03
 48.5 4.67483E+03
 49.0 3.71448E+03
 49.5 2.76681E+03
 50.0 1.83186E+03
 50.5 9.09731E+02
 51.0 7.54951E+01
