051K20D0W2
  0.5 0.00000E+00
  1.0 0.00000E+00
  1.5 0.00000E+00
  2.0 0.00000E+00
  2.5 0.00000E+00
  3.0 0.00000E+00
  3.5 7.35681E+04
  4.0 9.29508E+04
  4.5 1.13702E+05
  5.0 1.36057E+05
  5.5 1.59979E+05
  6.0 1.84734E+05
  6.5 2.08903E+05
  7.0 2.30853E+05
  7.5 2.49262E+05
  8.0 2.63378E+05
  8.5 2.80217E+06
  9.0 2.78440E+05
  9.5 1.51169E+06
 10.0 1.26269E+06
 10.5 1.38677E+05
 11.0 1.43351E+05
 11.5 3.70225E+05
 12.0 1.08556E+05
 12.5 9.94951E+04
 13.0 1.02124E+05
 13.5 1.04169E+05
 14.0 1.05639E+05
 14.5 1.06561E+05
 15.0 1.06972E+05
 15.5 1.06918E+05
 16.0 1.06449E+05
 16.5 1.05616E+05
 17.0 1.04468E+05
 17.5 1.03054E+05
 18.0 1.01417E+05
 18.5 9.95988E+04
 19.0 9.76345E+04
 19.5 9.55563E+04
 20.0 9.33921E+04
 20.5 9.11661E+04
 21.0 8.88989E+04
 21.5 8.66079E+04
 22.0 8.43079E+04
 22.5 8.20110E+04
 23.0 7.97271E+04
 23.5 7.74643E+04
 24.0 7.52292E+04
 24.5 7.30265E+04
 25.0 7.08604E+04
 25.5 6.87335E+04
 26.0 6.66478E+04
 26.5 6.46046E+04
 27.0 6.26048E+04
 27.5 6.06483E+04
 28.0 5.87351E+04
 28.5 5.68646E+04
 29.0 5.50361E+04
 29.5 5.32487E+04
 30.0 5.15013E+04
 30.5 4.97926E+04
 31.0 4.81214E+04
 31.5 4.64863E+04
 32.0 4.48859E+04
 32.5 4.33190E+04
 33.0 4.17842E+04
 33.5 4.02800E+04
 34.0 3.88051E+04
 34.5 3.73584E+04
 35.0 3.59385E+04
 35.5 3.45443E+04
 36.0 3.31746E+04
 36.5 3.18284E+04
 37.0 3.05046E+04
 37.5 2.92022E+04
 38.0 2.79203E+04
 38.5 2.66580E+04
 39.0 2.54147E+04
 39.5 2.41894E+04
 40.0 2.29815E+04
 40.5 2.17905E+04
 41.0 2.06156E+04
 41.5 1.94563E+04
 42.0 1.83122E+04
 42.5 1.71828E+04
 43.0 1.60677E+04
 43.5 1.49666E+04
 44.0 1.38792E+04
 44.5 1.28051E+04
 45.0 1.17441E+04
 45.5 1.06962E+04
 46.0 9.66097E+03
 46.5 8.63846E+03
 47.0 7.62852E+03
 47.5 6.63109E+03
 48.0 5.64616E+03
 48.5 4.67371E+03
 49.0 3.71378E+03
 49.5 2.76640E+03
 50.0 1.83167E+03
 50.5 9.09675E+02
 51.0 7.54922E+01
