052K06D0W2
  0.5 0.00000E+00
  1.0 0.00000E+00
  1.5 0.00000E+00
  2.0 0.00000E+00
  2.5 0.00000E+00
  3.0 0.00000E+00
  3.5 1.59139E+04
  4.0 2.15146E+04
  4.5 2.72493E+04
  5.0 3.30877E+04
  5.5 3.90175E+04
  6.0 4.50336E+04
  6.5 5.11347E+04
  7.0 5.73220E+04
  7.5 6.35953E+04
  8.0 6.99434E+04
  8.5 7.88387E+05
  9.0 8.26786E+04
  9.5 5.94392E+05
 10.0 4.97982E+05
 10.5 3.65046E+04
 11.0 3.87441E+04
 11.5 9.09188E+04
 12.0 2.89082E+04
 12.5 2.65388E+04
 13.0 2.78131E+04
 13.5 2.90655E+04
 14.0 3.02956E+04
 14.5 3.15024E+04
 15.0 3.26845E+04
 15.5 3.38394E+04
 16.0 3.49638E+04
 16.5 3.60536E+04
 17.0 3.71033E+04
 17.5 3.81075E+04
 18.0 3.90599E+04
 18.5 3.99544E+04
 19.0 4.07852E+04
 19.5 4.15469E+04
 20.0 4.22348E+04
 20.5 4.28453E+04
 21.0 4.33754E+04
 21.5 4.38234E+04
 22.0 4.41882E+04
 22.5 4.44699E+04
 23.0 4.46692E+04
 23.5 4.47875E+04
 24.0 4.48271E+04
 24.5 4.47904E+04
 25.0 4.46804E+04
 25.5 4.45003E+04
 26.0 4.42537E+04
 26.5 4.39441E+04
 27.0 4.35751E+04
 27.5 4.31505E+04
 28.0 4.26739E+04
 28.5 4.21489E+04
 29.0 4.15788E+04
 29.5 4.09671E+04
 30.0 4.03169E+04
 30.5 3.96313E+04
 31.0 3.89131E+04
 31.5 3.81651E+04
 32.0 3.73898E+04
 32.5 3.65897E+04
 33.0 3.57669E+04
 33.5 3.49236E+04
 34.0 3.40616E+04
 34.5 3.31830E+04
 35.0 3.22892E+04
 35.5 3.13820E+04
 36.0 3.04627E+04
 36.5 2.95328E+04
 37.0 2.85934E+04
 37.5 2.76458E+04
 38.0 2.66911E+04
 38.5 2.57302E+04
 39.0 2.47642E+04
 39.5 2.37939E+04
 40.0 2.28202E+04
 40.5 2.18438E+04
 41.0 2.08654E+04
 41.5 1.98859E+04
 42.0 1.89058E+04
 42.5 1.79257E+04
 43.0 1.69463E+04
 43.5 1.59682E+04
 44.0 1.49918E+04
 44.5 1.40177E+04
 45.0 1.30464E+04
 45.5 1.20785E+04
 46.0 1.11143E+04
 46.5 1.01543E+04
 47.0 9.19906E+03
 47.5 8.24895E+03
 48.0 7.30443E+03
 48.5 6.36593E+03
 49.0 5.43387E+03
 49.5 4.50869E+03
 50.0 3.59078E+03
 50.5 2.68059E+03
 51.0 1.77852E+03
 51.5 8.84978E+02
 52.0 7.35264E+01
