052K14D0W2
  0.5 0.00000E+00
  1.0 0.00000E+00
  1.5 0.00000E+00
  2.0 0.00000E+00
  2.5 0.00000E+00
  3.0 0.00000E+00
  3.5 4.69890E+04
  4.0 5.99257E+04
  4.5 7.34637E+04
  5.0 8.76655E+04
  5.5 1.02622E+05
  6.0 1.18376E+05
  6.5 1.34762E+05
  7.0 1.51299E+05
  7.5 1.67253E+05
  8.0 1.81833E+05
  8.5 2.22320E+06
  9.0 2.04472E+05
  9.5 1.27567E+06
 10.0 1.06589E+06
 10.5 9.40767E+04
 11.0 9.90498E+04
 11.5 2.75035E+05
 12.0 7.39614E+04
 12.5 6.77820E+04
 13.0 7.05868E+04
 13.5 7.31433E+04
 14.0 7.54185E+04
 14.5 7.73886E+04
 15.0 7.90396E+04
 15.5 8.03665E+04
 16.0 8.13729E+04
 16.5 8.20690E+04
 17.0 8.24706E+04
 17.5 8.25976E+04
 18.0 8.24718E+04
 18.5 8.21171E+04
 19.0 8.15572E+04
 19.5 8.08159E+04
 20.0 7.99158E+04
 20.5 7.88785E+04
 21.0 7.77238E+04
 21.5 7.64701E+04
 22.0 7.51340E+04
 22.5 7.37304E+04
 23.0 7.22725E+04
 23.5 7.07721E+04
 24.0 6.92393E+04
 24.5 6.76830E+04
 25.0 6.61111E+04
 25.5 6.45299E+04
 26.0 6.29453E+04
 26.5 6.13618E+04
 27.0 5.97834E+04
 27.5 5.82134E+04
 28.0 5.66545E+04
 28.5 5.51089E+04
 29.0 5.35783E+04
 29.5 5.20639E+04
 30.0 5.05669E+04
 30.5 4.90879E+04
 31.0 4.76274E+04
 31.5 4.61857E+04
 32.0 4.47630E+04
 32.5 4.33591E+04
 33.0 4.19741E+04
 33.5 4.06077E+04
 34.0 3.92596E+04
 34.5 3.79294E+04
 35.0 3.66168E+04
 35.5 3.53214E+04
 36.0 3.40427E+04
 36.5 3.27803E+04
 37.0 3.15338E+04
 37.5 3.03026E+04
 38.0 2.90864E+04
 38.5 2.78848E+04
 39.0 2.66973E+04
 39.5 2.55236E+04
 40.0 2.43633E+04
 40.5 2.32160E+04
 41.0 2.20814E+04
 41.5 2.09592E+04
 42.0 1.98492E+04
 42.5 1.87511E+04
 43.0 1.76647E+04
 43.5 1.65897E+04
 44.0 1.55261E+04
 44.5 1.44736E+04
 45.0 1.34322E+04
 45.5 1.24017E+04
 46.0 1.13821E+04
 46.5 1.03733E+04
 47.0 9.37536E+03
 47.5 8.38822E+03
 48.0 7.41191E+03
 48.5 6.44647E+03
 49.0 5.49197E+03
 49.5 4.54848E+03
 50.0 3.61612E+03
 50.5 2.69499E+03
 51.0 1.78524E+03
 51.5 8.87014E+02
 52.0 7.36315E+01
