052K15D0W2
  0.5 0.00000E+00
  1.0 0.00000E+00
  1.5 0.00000E+00
  2.0 0.00000E+00
  2.5 0.00000E+00
  3.0 0.00000E+00
  3.5 5.10964E+04
  4.0 6.50116E+04
  4.5 7.96228E+04
  5.0 9.50164E+04
  5.5 1.11302E+05
  6.0 1.28490E+05
  6.5 1.46291E+05
  7.0 1.64048E+05
  7.5 1.80869E+05
  8.0 1.95885E+05
  8.5 2.34775E+06
  9.0 2.18172E+05
  9.5 1.32958E+06
 10.0 1.11081E+06
 10.5 1.01557E+05
 11.0 1.06672E+05
 11.5 2.93664E+05
 12.0 7.97909E+04
 12.5 7.31230E+04
 13.0 7.60108E+04
 13.5 7.85956E+04
 14.0 8.08464E+04
 14.5 8.27432E+04
 15.0 8.42780E+04
 15.5 8.54525E+04
 16.0 8.62774E+04
 16.5 8.67699E+04
 17.0 8.69521E+04
 17.5 8.68495E+04
 18.0 8.64891E+04
 18.5 8.58986E+04
 19.0 8.51054E+04
 19.5 8.41356E+04
 20.0 8.30142E+04
 20.5 8.17639E+04
 21.0 8.04058E+04
 21.5 7.89589E+04
 22.0 7.74401E+04
 22.5 7.58644E+04
 23.0 7.42449E+04
 23.5 7.25933E+04
 24.0 7.09193E+04
 24.5 6.92315E+04
 25.0 6.75372E+04
 25.5 6.58425E+04
 26.0 6.41525E+04
 26.5 6.24713E+04
 27.0 6.08026E+04
 27.5 5.91491E+04
 28.0 5.75131E+04
 28.5 5.58961E+04
 29.0 5.42996E+04
 29.5 5.27246E+04
 30.0 5.11715E+04
 30.5 4.96409E+04
 31.0 4.81328E+04
 31.5 4.66473E+04
 32.0 4.51842E+04
 32.5 4.37432E+04
 33.0 4.23240E+04
 33.5 4.09261E+04
 34.0 3.95490E+04
 34.5 3.81922E+04
 35.0 3.68552E+04
 35.5 3.55373E+04
 36.0 3.42380E+04
 36.5 3.29566E+04
 37.0 3.16927E+04
 37.5 3.04457E+04
 38.0 2.92149E+04
 38.5 2.80000E+04
 39.0 2.68003E+04
 39.5 2.56154E+04
 40.0 2.44449E+04
 40.5 2.32884E+04
 41.0 2.21454E+04
 41.5 2.10156E+04
 42.0 1.98986E+04
 42.5 1.87942E+04
 43.0 1.77021E+04
 43.5 1.66220E+04
 44.0 1.55538E+04
 44.5 1.44972E+04
 45.0 1.34521E+04
 45.5 1.24183E+04
 46.0 1.13959E+04
 46.5 1.03846E+04
 47.0 9.38441E+03
 47.5 8.39536E+03
 48.0 7.41741E+03
 48.5 6.45059E+03
 49.0 5.49493E+03
 49.5 4.55051E+03
 50.0 3.61741E+03
 50.5 2.69572E+03
 51.0 1.78558E+03
 51.5 8.87117E+02
 52.0 7.36369E+01
