052K10D0W2
  0.5 0.00000E+00
  1.0 0.00000E+00
  1.5 0.00000E+00
  2.0 0.00000E+00
  2.5 0.00000E+00
  3.0 0.00000E+00
  3.5 3.10660E+04
  4.0 4.02524E+04
  4.5 4.97449E+04
  5.0 5.95456E+04
  5.5 6.96726E+04
  6.0 8.01563E+04
  6.5 9.10191E+04
  7.0 1.02221E+05
  7.5 1.13597E+05
  8.0 1.24845E+05
  8.5 1.61484E+06
  9.0 1.45364E+05
  9.5 1.00375E+06
 10.0 8.39300E+05
 10.5 6.44966E+04
 11.0 6.83539E+04
 11.5 1.90568E+05
 12.0 5.08752E+04
 12.5 4.66520E+04
 13.0 4.88216E+04
 13.5 5.09152E+04
 14.0 5.29128E+04
 14.5 5.47939E+04
 15.0 5.65393E+04
 15.5 5.81319E+04
 16.0 5.95577E+04
 16.5 6.08064E+04
 17.0 6.18714E+04
 17.5 6.27503E+04
 18.0 6.34438E+04
 18.5 6.39558E+04
 19.0 6.42926E+04
 19.5 6.44626E+04
 20.0 6.44756E+04
 20.5 6.43424E+04
 21.0 6.40741E+04
 21.5 6.36825E+04
 22.0 6.31788E+04
 22.5 6.25743E+04
 23.0 6.18796E+04
 23.5 6.11050E+04
 24.0 6.02598E+04
 24.5 5.93529E+04
 25.0 5.83924E+04
 25.5 5.73857E+04
 26.0 5.63393E+04
 26.5 5.52595E+04
 27.0 5.41516E+04
 27.5 5.30204E+04
 28.0 5.18702E+04
 28.5 5.07048E+04
 29.0 4.95275E+04
 29.5 4.83414E+04
 30.0 4.71488E+04
 30.5 4.59521E+04
 31.0 4.47531E+04
 31.5 4.35535E+04
 32.0 4.23548E+04
 32.5 4.11582E+04
 33.0 3.99646E+04
 33.5 3.87750E+04
 34.0 3.75901E+04
 34.5 3.64105E+04
 35.0 3.52367E+04
 35.5 3.40692E+04
 36.0 3.29083E+04
 36.5 3.17543E+04
 37.0 3.06074E+04
 37.5 2.94679E+04
 38.0 2.83357E+04
 38.5 2.72112E+04
 39.0 2.60943E+04
 39.5 2.49853E+04
 40.0 2.38840E+04
 40.5 2.27906E+04
 41.0 2.17052E+04
 41.5 2.06277E+04
 42.0 1.95583E+04
 42.5 1.84970E+04
 43.0 1.74439E+04
 43.5 1.63990E+04
 44.0 1.53623E+04
 44.5 1.43341E+04
 45.0 1.33143E+04
 45.5 1.23030E+04
 46.0 1.13004E+04
 46.5 1.03066E+04
 47.0 9.32171E+03
 47.5 8.34589E+03
 48.0 7.37927E+03
 48.5 6.42203E+03
 49.0 5.47436E+03
 49.5 4.53643E+03
 50.0 3.60845E+03
 50.5 2.69063E+03
 51.0 1.78321E+03
 51.5 8.86399E+02
 52.0 7.35998E+01
