052K11D0W2
  0.5 0.00000E+00
  1.0 0.00000E+00
  1.5 0.00000E+00
  2.0 0.00000E+00
  2.5 0.00000E+00
  3.0 0.00000E+00
  3.5 3.49748E+04
  4.0 4.50777E+04
  4.5 5.55489E+04
  5.0 6.64013E+04
  5.5 7.76671E+04
  6.0 8.93902E+04
  6.5 1.01582E+05
  7.0 1.14140E+05
  7.5 1.26786E+05
  8.0 1.39086E+05
  8.5 1.78573E+06
  9.0 1.60708E+05
  9.5 1.08182E+06
 10.0 9.04369E+05
 10.5 7.17932E+04
 11.0 7.60019E+04
 11.5 2.13260E+05
 12.0 5.65775E+04
 12.5 5.18692E+04
 13.0 5.42368E+04
 13.5 5.64952E+04
 14.0 5.86189E+04
 14.5 6.05834E+04
 15.0 6.23679E+04
 15.5 6.39552E+04
 16.0 6.53335E+04
 16.5 6.64957E+04
 17.0 6.74398E+04
 17.5 6.81681E+04
 18.0 6.86864E+04
 18.5 6.90036E+04
 19.0 6.91311E+04
 19.5 6.90815E+04
 20.0 6.88685E+04
 20.5 6.85064E+04
 21.0 6.80093E+04
 21.5 6.73911E+04
 22.0 6.66655E+04
 22.5 6.58449E+04
 23.0 6.49413E+04
 23.5 6.39658E+04
 24.0 6.29285E+04
 24.5 6.18385E+04
 25.0 6.07041E+04
 25.5 5.95328E+04
 26.0 5.83311E+04
 26.5 5.71050E+04
 27.0 5.58597E+04
 27.5 5.45996E+04
 28.0 5.33288E+04
 28.5 5.20507E+04
 29.0 5.07682E+04
 29.5 4.94838E+04
 30.0 4.81999E+04
 30.5 4.69181E+04
 31.0 4.56401E+04
 31.5 4.43672E+04
 32.0 4.31003E+04
 32.5 4.18405E+04
 33.0 4.05885E+04
 33.5 3.93447E+04
 34.0 3.81097E+04
 34.5 3.68838E+04
 35.0 3.56672E+04
 35.5 3.44602E+04
 36.0 3.32629E+04
 36.5 3.20753E+04
 37.0 3.08975E+04
 37.5 2.97294E+04
 38.0 2.85712E+04
 38.5 2.74226E+04
 39.0 2.62837E+04
 39.5 2.51544E+04
 40.0 2.40347E+04
 40.5 2.29245E+04
 41.0 2.18236E+04
 41.5 2.07322E+04
 42.0 1.96500E+04
 42.5 1.85772E+04
 43.0 1.75135E+04
 43.5 1.64592E+04
 44.0 1.54140E+04
 44.5 1.43781E+04
 45.0 1.33515E+04
 45.5 1.23342E+04
 46.0 1.13262E+04
 46.5 1.03277E+04
 47.0 9.33869E+03
 47.5 8.35929E+03
 48.0 7.38960E+03
 48.5 6.42977E+03
 49.0 5.47994E+03
 49.5 4.54025E+03
 50.0 3.61088E+03
 50.5 2.69201E+03
 51.0 1.78385E+03
 51.5 8.86594E+02
 52.0 7.36099E+01
