052K19D0W2
  0.5 0.00000E+00
  1.0 0.00000E+00
  1.5 0.00000E+00
  2.0 0.00000E+00
  2.5 0.00000E+00
  3.0 0.00000E+00
  3.5 6.81194E+04
  4.0 8.61634E+04
  4.5 1.05388E+05
  5.0 1.26003E+05
  5.5 1.48086E+05
  6.0 1.71215E+05
  6.5 1.94317E+05
  7.0 2.15966E+05
  7.5 2.34839E+05
  8.0 2.50039E+05
  8.5 2.76540E+06
  9.0 2.68310E+05
  9.5 1.50713E+06
 10.0 1.25885E+06
 10.5 1.31202E+05
 11.0 1.36320E+05
 11.5 3.59858E+05
 12.0 1.02888E+05
 12.5 9.43166E+04
 13.0 9.72071E+04
 13.5 9.95725E+04
 14.0 1.01407E+05
 14.5 1.02720E+05
 15.0 1.03538E+05
 15.5 1.03893E+05
 16.0 1.03827E+05
 16.5 1.03384E+05
 17.0 1.02608E+05
 17.5 1.01544E+05
 18.0 1.00233E+05
 18.5 9.87156E+04
 19.0 9.70271E+04
 19.5 9.52000E+04
 20.0 9.32633E+04
 20.5 9.12423E+04
 21.0 8.91591E+04
 21.5 8.70326E+04
 22.0 8.48792E+04
 22.5 8.27125E+04
 23.0 8.05440E+04
 23.5 7.83832E+04
 24.0 7.62380E+04
 24.5 7.41146E+04
 25.0 7.20181E+04
 25.5 6.99523E+04
 26.0 6.79203E+04
 26.5 6.59242E+04
 27.0 6.39655E+04
 27.5 6.20451E+04
 28.0 6.01636E+04
 28.5 5.83209E+04
 29.0 5.65169E+04
 29.5 5.47510E+04
 30.0 5.30226E+04
 30.5 5.13309E+04
 31.0 4.96748E+04
 31.5 4.80533E+04
 32.0 4.64653E+04
 32.5 4.49097E+04
 33.0 4.33851E+04
 33.5 4.18906E+04
 34.0 4.04248E+04
 34.5 3.89866E+04
 35.0 3.75748E+04
 35.5 3.61885E+04
 36.0 3.48264E+04
 36.5 3.34875E+04
 37.0 3.21709E+04
 37.5 3.08757E+04
 38.0 2.96008E+04
 38.5 2.83455E+04
 39.0 2.71091E+04
 39.5 2.58906E+04
 40.0 2.46895E+04
 40.5 2.35051E+04
 41.0 2.23368E+04
 41.5 2.11840E+04
 42.0 2.00462E+04
 42.5 1.89229E+04
 43.0 1.78138E+04
 43.5 1.67184E+04
 44.0 1.56364E+04
 44.5 1.45676E+04
 45.0 1.35115E+04
 45.5 1.24680E+04
 46.0 1.14369E+04
 46.5 1.04181E+04
 47.0 9.41134E+03
 47.5 8.41659E+03
 48.0 7.43376E+03
 48.5 6.46282E+03
 49.0 5.50375E+03
 49.5 4.55654E+03
 50.0 3.62124E+03
 50.5 2.69789E+03
 51.0 1.78659E+03
 51.5 8.87424E+02
 52.0 7.36527E+01
