052K13D0W2
  0.5 0.00000E+00
  1.0 0.00000E+00
  1.5 0.00000E+00
  2.0 0.00000E+00
  2.5 0.00000E+00
  3.0 0.00000E+00
  3.5 4.29345E+04
  4.0 5.49108E+04
  4.5 6.74026E+04
  5.0 8.04524E+04
  5.5 9.41302E+04
  6.0 1.08491E+05
  6.5 1.23459E+05
  7.0 1.38709E+05
  7.5 1.53667E+05
  8.0 1.67647E+05
  8.5 2.08875E+06
  9.0 1.90311E+05
  9.5 1.21689E+06
 10.0 1.01691E+06
 10.5 8.66074E+04
 11.0 9.13799E+04
 11.5 2.55459E+05
 12.0 6.81380E+04
 12.5 6.24494E+04
 13.0 6.51384E+04
 13.5 6.76306E+04
 14.0 6.98937E+04
 14.5 7.19013E+04
 15.0 7.36353E+04
 15.5 7.50851E+04
 16.0 7.62478E+04
 16.5 7.71272E+04
 17.0 7.77327E+04
 17.5 7.80781E+04
 18.0 7.81803E+04
 18.5 7.80582E+04
 19.0 7.77319E+04
 19.5 7.72220E+04
 20.0 7.65486E+04
 20.5 7.57314E+04
 21.0 7.47888E+04
 21.5 7.37380E+04
 22.0 7.25951E+04
 22.5 7.13746E+04
 23.0 7.00895E+04
 23.5 6.87515E+04
 24.0 6.73712E+04
 24.5 6.59577E+04
 25.0 6.45189E+04
 25.5 6.30620E+04
 26.0 6.15928E+04
 26.5 6.01167E+04
 27.0 5.86380E+04
 27.5 5.71604E+04
 28.0 5.56872E+04
 28.5 5.42208E+04
 29.0 5.27635E+04
 29.5 5.13169E+04
 30.0 4.98825E+04
 30.5 4.84613E+04
 31.0 4.70542E+04
 31.5 4.56618E+04
 32.0 4.42845E+04
 32.5 4.29226E+04
 33.0 4.15762E+04
 33.5 4.02453E+04
 34.0 3.89299E+04
 34.5 3.76299E+04
 35.0 3.63450E+04
 35.5 3.50750E+04
 36.0 3.38198E+04
 36.5 3.25789E+04
 37.0 3.13521E+04
 37.5 3.01391E+04
 38.0 2.89395E+04
 38.5 2.77531E+04
 39.0 2.65795E+04
 39.5 2.54185E+04
 40.0 2.42698E+04
 40.5 2.31331E+04
 41.0 2.20081E+04
 41.5 2.08947E+04
 42.0 1.97926E+04
 42.5 1.87017E+04
 43.0 1.76218E+04
 43.5 1.65527E+04
 44.0 1.54943E+04
 44.5 1.44465E+04
 45.0 1.34093E+04
 45.5 1.23825E+04
 46.0 1.13662E+04
 46.5 1.03604E+04
 47.0 9.36497E+03
 47.5 8.38002E+03
 48.0 7.40559E+03
 48.5 6.44174E+03
 49.0 5.48856E+03
 49.5 4.54615E+03
 50.0 3.61463E+03
 50.5 2.69415E+03
 51.0 1.78484E+03
 51.5 8.86896E+02
 52.0 7.36254E+01
