052K17D0W2
  0.5 0.00000E+00
  1.0 0.00000E+00
  1.5 0.00000E+00
  2.0 0.00000E+00
  2.5 0.00000E+00
  3.0 0.00000E+00
  3.5 5.94823E+04
  4.0 7.54153E+04
  4.5 9.22637E+04
  5.0 1.10172E+05
  5.5 1.29267E+05
  6.0 1.49406E+05
  6.5 1.69962E+05
  7.0 1.89885E+05
  7.5 2.08021E+05
  8.0 2.23425E+05
  8.5 2.57103E+06
  9.0 2.44164E+05
  9.5 1.42507E+06
 10.0 1.19040E+06
 10.5 1.16467E+05
 11.0 1.21695E+05
 11.5 3.28314E+05
 12.0 9.14085E+04
 12.5 8.37762E+04
 13.0 8.67300E+04
 13.5 8.92681E+04
 14.0 9.13687E+04
 14.5 9.30252E+04
 15.0 9.42444E+04
 15.5 9.50437E+04
 16.0 9.54488E+04
 16.5 9.54909E+04
 17.0 9.52041E+04
 17.5 9.46242E+04
 18.0 9.37868E+04
 18.5 9.27264E+04
 19.0 9.14755E+04
 19.5 9.00643E+04
 20.0 8.85202E+04
 20.5 8.68681E+04
 21.0 8.51301E+04
 21.5 8.33254E+04
 22.0 8.14710E+04
 22.5 7.95817E+04
 23.0 7.76698E+04
 23.5 7.57462E+04
 24.0 7.38197E+04
 24.5 7.18979E+04
 25.0 6.99870E+04
 25.5 6.80920E+04
 26.0 6.62171E+04
 26.5 6.43652E+04
 27.0 6.25391E+04
 27.5 6.07405E+04
 28.0 5.89707E+04
 28.5 5.72307E+04
 29.0 5.55208E+04
 29.5 5.38415E+04
 30.0 5.21924E+04
 30.5 5.05735E+04
 31.0 4.89842E+04
 31.5 4.74241E+04
 32.0 4.58923E+04
 32.5 4.43882E+04
 33.0 4.29111E+04
 33.5 4.14599E+04
 34.0 4.00339E+04
 34.5 3.86322E+04
 35.0 3.72539E+04
 35.5 3.58982E+04
 36.0 3.45642E+04
 36.5 3.32511E+04
 37.0 3.19580E+04
 37.5 3.06843E+04
 38.0 2.94291E+04
 38.5 2.81918E+04
 39.0 2.69718E+04
 39.5 2.57683E+04
 40.0 2.45808E+04
 40.5 2.34088E+04
 41.0 2.22517E+04
 41.5 2.11092E+04
 42.0 1.99806E+04
 42.5 1.88658E+04
 43.0 1.77642E+04
 43.5 1.66756E+04
 44.0 1.55998E+04
 44.5 1.45363E+04
 45.0 1.34851E+04
 45.5 1.24460E+04
 46.0 1.14187E+04
 46.5 1.04032E+04
 47.0 9.39940E+03
 47.5 8.40717E+03
 48.0 7.42651E+03
 48.5 6.45740E+03
 49.0 5.49984E+03
 49.5 4.55387E+03
 50.0 3.61954E+03
 50.5 2.69693E+03
 51.0 1.78614E+03
 51.5 8.87288E+02
 52.0 7.36457E+01
