052K12D0W2
  0.5 0.00000E+00
  1.0 0.00000E+00
  1.5 0.00000E+00
  2.0 0.00000E+00
  2.5 0.00000E+00
  3.0 0.00000E+00
  3.5 3.89305E+04
  4.0 4.99627E+04
  4.5 6.14330E+04
  5.0 7.33674E+04
  5.5 8.58157E+04
  6.0 9.88318E+04
  6.5 1.12397E+05
  7.0 1.26312E+05
  7.5 1.40160E+05
  8.0 1.53377E+05
  8.5 1.94332E+06
  9.0 1.75710E+05
  9.5 1.15255E+06
 10.0 9.63305E+05
 10.5 7.91714E+04
 11.0 8.36877E+04
 11.5 2.34882E+05
 12.0 6.23375E+04
 12.5 5.71401E+04
 13.0 5.96823E+04
 13.5 6.20746E+04
 14.0 6.42873E+04
 14.5 6.62937E+04
 15.0 6.80734E+04
 15.5 6.96117E+04
 16.0 7.09003E+04
 16.5 7.19372E+04
 17.0 7.27256E+04
 17.5 7.32735E+04
 18.0 7.35923E+04
 18.5 7.36959E+04
 19.0 7.36003E+04
 19.5 7.33222E+04
 20.0 7.28789E+04
 20.5 7.22875E+04
 21.0 7.15646E+04
 21.5 7.07261E+04
 22.0 6.97868E+04
 22.5 6.87606E+04
 23.0 6.76602E+04
 23.5 6.64970E+04
 24.0 6.52816E+04
 24.5 6.40230E+04
 25.0 6.27297E+04
 25.5 6.14088E+04
 26.0 6.00668E+04
 26.5 5.87093E+04
 27.0 5.73410E+04
 27.5 5.59662E+04
 28.0 5.45883E+04
 28.5 5.32106E+04
 29.0 5.18354E+04
 29.5 5.04649E+04
 30.0 4.91010E+04
 30.5 4.77451E+04
 31.0 4.63983E+04
 31.5 4.50617E+04
 32.0 4.37359E+04
 32.5 4.24216E+04
 33.0 4.11191E+04
 33.5 3.98287E+04
 34.0 3.85507E+04
 34.5 3.72851E+04
 35.0 3.60319E+04
 35.5 3.47912E+04
 36.0 3.35627E+04
 36.5 3.23465E+04
 37.0 3.11424E+04
 37.5 2.99502E+04
 38.0 2.87697E+04
 38.5 2.76008E+04
 39.0 2.64432E+04
 39.5 2.52969E+04
 40.0 2.41615E+04
 40.5 2.30370E+04
 41.0 2.19232E+04
 41.5 2.08199E+04
 42.0 1.97270E+04
 42.5 1.86444E+04
 43.0 1.75720E+04
 43.5 1.65097E+04
 44.0 1.54574E+04
 44.5 1.44151E+04
 45.0 1.33827E+04
 45.5 1.23603E+04
 46.0 1.13479E+04
 46.5 1.03454E+04
 47.0 9.35290E+03
 47.5 8.37050E+03
 48.0 7.39825E+03
 48.5 6.43625E+03
 49.0 5.48460E+03
 49.5 4.54344E+03
 50.0 3.61291E+03
 50.5 2.69317E+03
 51.0 1.78439E+03
 51.5 8.86757E+02
 52.0 7.36183E+01
