053K08D0W2
  0.5 0.00000E+00
  1.0 0.00000E+00
  1.5 0.00000E+00
  2.0 0.00000E+00
  2.5 0.00000E+00
  3.0 0.00000E+00
  3.5 2.30453E+04
  4.0 3.03535E+04
  4.5 3.78665E+04
  5.0 4.55694E+04
  5.5 5.34606E+04
  6.0 6.15466E+04
  6.5 6.98398E+04
  7.0 7.83491E+04
  7.5 8.70537E+04
  8.0 9.58711E+04
  8.5 1.22288E+06
  9.0 1.13131E+05
  9.5 8.24646E+05
 10.0 6.89990E+05
 10.5 4.98866E+04
 11.0 5.29616E+04
 11.5 1.40785E+05
 12.0 3.94955E+04
 12.5 3.62568E+04
 13.0 3.79978E+04
 13.5 3.97066E+04
 14.0 4.13760E+04
 14.5 4.29970E+04
 15.0 4.45592E+04
 15.5 4.60513E+04
 16.0 4.74617E+04
 16.5 4.87792E+04
 17.0 4.99935E+04
 17.5 5.10958E+04
 18.0 5.20792E+04
 18.5 5.29385E+04
 19.0 5.36709E+04
 19.5 5.42753E+04
 20.0 5.47524E+04
 20.5 5.51045E+04
 21.0 5.53354E+04
 21.5 5.54497E+04
 22.0 5.54530E+04
 22.5 5.53516E+04
 23.0 5.51519E+04
 23.5 5.48607E+04
 24.0 5.44850E+04
 24.5 5.40314E+04
 25.0 5.35066E+04
 25.5 5.29170E+04
 26.0 5.22686E+04
 26.5 5.15672E+04
 27.0 5.08183E+04
 27.5 5.00267E+04
 28.0 4.91973E+04
 28.5 4.83343E+04
 29.0 4.74417E+04
 29.5 4.65230E+04
 30.0 4.55816E+04
 30.5 4.46204E+04
 31.0 4.36421E+04
 31.5 4.26492E+04
 32.0 4.16438E+04
 32.5 4.06280E+04
 33.0 3.96034E+04
 33.5 3.85718E+04
 34.0 3.75344E+04
 34.5 3.64925E+04
 35.0 3.54474E+04
 35.5 3.43999E+04
 36.0 3.33510E+04
 36.5 3.23015E+04
 37.0 3.12521E+04
 37.5 3.02035E+04
 38.0 2.91561E+04
 38.5 2.81107E+04
 39.0 2.70675E+04
 39.5 2.60271E+04
 40.0 2.49898E+04
 40.5 2.39559E+04
 41.0 2.29259E+04
 41.5 2.19000E+04
 42.0 2.08785E+04
 42.5 1.98616E+04
 43.0 1.88496E+04
 43.5 1.78428E+04
 44.0 1.68414E+04
 44.5 1.58456E+04
 45.0 1.48556E+04
 45.5 1.38717E+04
 46.0 1.28941E+04
 46.5 1.19231E+04
 47.0 1.09588E+04
 47.5 1.00014E+04
 48.0 9.05129E+03
 48.5 8.10859E+03
 49.0 7.17358E+03
 49.5 6.24649E+03
 50.0 5.32757E+03
 50.5 4.41709E+03
 51.0 3.51529E+03
 51.5 2.62245E+03
 52.0 1.73883E+03
 52.5 8.64731E+02
 53.0 7.18198E+01
