053K06D0W2
  0.5 0.00000E+00
  1.0 0.00000E+00
  1.5 0.00000E+00
  2.0 0.00000E+00
  2.5 0.00000E+00
  3.0 0.00000E+00
  3.5 1.56670E+04
  4.0 2.12109E+04
  4.5 2.68911E+04
  5.0 3.26771E+04
  5.5 3.85563E+04
  6.0 4.45235E+04
  6.5 5.05772E+04
  7.0 5.67184E+04
  7.5 6.29481E+04
  8.0 6.92582E+04
  8.5 7.74793E+05
  9.0 8.19638E+04
  9.5 5.92140E+05
 10.0 4.96134E+05
 10.5 3.62555E+04
 11.0 3.84992E+04
 11.5 8.93058E+04
 12.0 2.87569E+04
 12.5 2.64137E+04
 13.0 2.76959E+04
 13.5 2.89572E+04
 14.0 3.01971E+04
 14.5 3.14146E+04
 15.0 3.26084E+04
 15.5 3.37762E+04
 16.0 3.49149E+04
 16.5 3.60205E+04
 17.0 3.70880E+04
 17.5 3.81120E+04
 18.0 3.90864E+04
 18.5 4.00054E+04
 19.0 4.08630E+04
 19.5 4.16538E+04
 20.0 4.23731E+04
 20.5 4.30169E+04
 21.0 4.35821E+04
 21.5 4.40667E+04
 22.0 4.44693E+04
 22.5 4.47898E+04
 23.0 4.50286E+04
 23.5 4.51868E+04
 24.0 4.52665E+04
 24.5 4.52698E+04
 25.0 4.51997E+04
 25.5 4.50591E+04
 26.0 4.48515E+04
 26.5 4.45803E+04
 27.0 4.42491E+04
 27.5 4.38615E+04
 28.0 4.34212E+04
 28.5 4.29316E+04
 29.0 4.23962E+04
 29.5 4.18184E+04
 30.0 4.12013E+04
 30.5 4.05479E+04
 31.0 3.98613E+04
 31.5 3.91441E+04
 32.0 3.83989E+04
 32.5 3.76281E+04
 33.0 3.68340E+04
 33.5 3.60188E+04
 34.0 3.51843E+04
 34.5 3.43325E+04
 35.0 3.34651E+04
 35.5 3.25837E+04
 36.0 3.16896E+04
 36.5 3.07844E+04
 37.0 2.98693E+04
 37.5 2.89455E+04
 38.0 2.80140E+04
 38.5 2.70759E+04
 39.0 2.61322E+04
 39.5 2.51837E+04
 40.0 2.42313E+04
 40.5 2.32757E+04
 41.0 2.23177E+04
 41.5 2.13580E+04
 42.0 2.03972E+04
 42.5 1.94359E+04
 43.0 1.84748E+04
 43.5 1.75143E+04
 44.0 1.65549E+04
 44.5 1.55973E+04
 45.0 1.46418E+04
 45.5 1.36890E+04
 46.0 1.27393E+04
 46.5 1.17932E+04
 47.0 1.08510E+04
 47.5 9.91313E+03
 48.0 8.98012E+03
 48.5 8.05230E+03
 49.0 7.13008E+03
 49.5 6.21385E+03
 50.0 5.30400E+03
 50.5 4.40092E+03
 51.0 3.50499E+03
 51.5 2.61658E+03
 52.0 1.73610E+03
 52.5 8.63900E+02
 53.0 7.17769E+01
