053K12D0W2
  0.5 0.00000E+00
  1.0 0.00000E+00
  1.5 0.00000E+00
  2.0 0.00000E+00
  2.5 0.00000E+00
  3.0 0.00000E+00
  3.5 3.83882E+04
  4.0 4.93023E+04
  4.5 6.06508E+04
  5.0 7.24573E+04
  5.5 8.47686E+04
  6.0 9.76406E+04
  6.5 1.11071E+05
  7.0 1.24899E+05
  7.5 1.38748E+05
  8.0 1.52082E+05
  8.5 1.95693E+06
  9.0 1.75006E+05
  9.5 1.16761E+06
 10.0 9.75891E+05
 10.5 7.86673E+04
 11.0 8.32515E+04
 11.5 2.35138E+05
 12.0 6.20440E+04
 12.5 5.68987E+04
 13.0 5.94847E+04
 13.5 6.19322E+04
 14.0 6.42109E+04
 14.5 6.62933E+04
 15.0 6.81572E+04
 15.5 6.97859E+04
 16.0 7.11692E+04
 16.5 7.23031E+04
 17.0 7.31887E+04
 17.5 7.38325E+04
 18.0 7.42443E+04
 18.5 7.44369E+04
 19.0 7.44256E+04
 19.5 7.42263E+04
 20.0 7.38560E+04
 20.5 7.33317E+04
 21.0 7.26699E+04
 21.5 7.18866E+04
 22.0 7.09969E+04
 22.5 7.00149E+04
 23.0 6.89536E+04
 23.5 6.78250E+04
 24.0 6.66398E+04
 24.5 6.54076E+04
 25.0 6.41372E+04
 25.5 6.28361E+04
 26.0 6.15112E+04
 26.5 6.01683E+04
 27.0 5.88126E+04
 27.5 5.74486E+04
 28.0 5.60801E+04
 28.5 5.47103E+04
 29.0 5.33421E+04
 29.5 5.19778E+04
 30.0 5.06193E+04
 30.5 4.92683E+04
 31.0 4.79261E+04
 31.5 4.65938E+04
 32.0 4.52721E+04
 32.5 4.39619E+04
 33.0 4.26635E+04
 33.5 4.13773E+04
 34.0 4.01036E+04
 34.5 3.88424E+04
 35.0 3.75940E+04
 35.5 3.63581E+04
 36.0 3.51348E+04
 36.5 3.39240E+04
 37.0 3.27255E+04
 37.5 3.15391E+04
 38.0 3.03647E+04
 38.5 2.92021E+04
 39.0 2.80511E+04
 39.5 2.69114E+04
 40.0 2.57829E+04
 40.5 2.46654E+04
 41.0 2.35587E+04
 41.5 2.24625E+04
 42.0 2.13768E+04
 42.5 2.03014E+04
 43.0 1.92362E+04
 43.5 1.81810E+04
 44.0 1.71357E+04
 44.5 1.61002E+04
 45.0 1.50745E+04
 45.5 1.40585E+04
 46.0 1.30522E+04
 46.5 1.20555E+04
 47.0 1.10685E+04
 47.5 1.00912E+04
 48.0 9.12354E+03
 48.5 8.16567E+03
 49.0 7.21764E+03
 49.5 6.27951E+03
 50.0 5.35140E+03
 50.5 4.43341E+03
 51.0 3.52568E+03
 51.5 2.62835E+03
 52.0 1.74159E+03
 52.5 8.65566E+02
 53.0 7.18630E+01
