053K19D0W2
  0.5 0.00000E+00
  1.0 0.00000E+00
  1.5 0.00000E+00
  2.0 0.00000E+00
  2.5 0.00000E+00
  3.0 0.00000E+00
  3.5 6.71918E+04
  4.0 8.50194E+04
  4.5 1.04001E+05
  5.0 1.24339E+05
  5.5 1.46145E+05
  6.0 1.69083E+05
  6.5 1.92184E+05
  7.0 2.14079E+05
  7.5 2.33436E+05
  8.0 2.49299E+05
  8.5 2.81124E+06
  9.0 2.69131E+05
  9.5 1.53715E+06
 10.0 1.28388E+06
 10.5 1.30855E+05
 11.0 1.36245E+05
 11.5 3.63514E+05
 12.0 1.02768E+05
 12.5 9.42370E+04
 13.0 9.72877E+04
 13.5 9.98247E+04
 14.0 1.01836E+05
 14.5 1.03327E+05
 15.0 1.04319E+05
 15.5 1.04840E+05
 16.0 1.04929E+05
 16.5 1.04629E+05
 17.0 1.03982E+05
 17.5 1.03033E+05
 18.0 1.01824E+05
 18.5 1.00394E+05
 19.0 9.87797E+04
 19.5 9.70151E+04
 20.0 9.51297E+04
 20.5 9.31500E+04
 21.0 9.10988E+04
 21.5 8.89963E+04
 22.0 8.68598E+04
 22.5 8.47038E+04
 23.0 8.25406E+04
 23.5 8.03806E+04
 24.0 7.82323E+04
 24.5 7.61027E+04
 25.0 7.39973E+04
 25.5 7.19206E+04
 26.0 6.98761E+04
 26.5 6.78662E+04
 27.0 6.58929E+04
 27.5 6.39573E+04
 28.0 6.20603E+04
 28.5 6.02022E+04
 29.0 5.83828E+04
 29.5 5.66019E+04
 30.0 5.48589E+04
 30.5 5.31532E+04
 31.0 5.14837E+04
 31.5 4.98496E+04
 32.0 4.82498E+04
 32.5 4.66831E+04
 33.0 4.51484E+04
 33.5 4.36445E+04
 34.0 4.21703E+04
 34.5 4.07246E+04
 35.0 3.93062E+04
 35.5 3.79140E+04
 36.0 3.65469E+04
 36.5 3.52039E+04
 37.0 3.38839E+04
 37.5 3.25860E+04
 38.0 3.13092E+04
 38.5 3.00527E+04
 39.0 2.88155E+04
 39.5 2.75970E+04
 40.0 2.63963E+04
 40.5 2.52128E+04
 41.0 2.40458E+04
 41.5 2.28948E+04
 42.0 2.17590E+04
 42.5 2.06381E+04
 43.0 1.95315E+04
 43.5 1.84389E+04
 44.0 1.73598E+04
 44.5 1.62938E+04
 45.0 1.52407E+04
 45.5 1.42001E+04
 46.0 1.31718E+04
 46.5 1.21556E+04
 47.0 1.11514E+04
 47.5 1.01589E+04
 48.0 9.17799E+03
 48.5 8.20864E+03
 49.0 7.25077E+03
 49.5 6.30432E+03
 50.0 5.36928E+03
 50.5 4.44565E+03
 51.0 3.53347E+03
 51.5 2.63278E+03
 52.0 1.74366E+03
 52.5 8.66191E+02
 53.0 7.18953E+01
