053K17D0W2
  0.5 0.00000E+00
  1.0 0.00000E+00
  1.5 0.00000E+00
  2.0 0.00000E+00
  2.5 0.00000E+00
  3.0 0.00000E+00
  3.5 5.86707E+04
  4.0 7.44193E+04
  4.5 9.10653E+04
  5.0 1.08746E+05
  5.5 1.27598E+05
  6.0 1.47533E+05
  6.5 1.68004E+05
  7.0 1.88033E+05
  7.5 2.06486E+05
  8.0 2.22392E+05
  8.5 2.60856E+06
  9.0 2.44456E+05
  9.5 1.45140E+06
 10.0 1.21237E+06
 10.5 1.16010E+05
 11.0 1.21447E+05
 11.5 3.31000E+05
 12.0 9.11893E+04
 12.5 8.36061E+04
 13.0 8.66841E+04
 13.5 8.93608E+04
 14.0 9.16097E+04
 14.5 9.34196E+04
 15.0 9.47932E+04
 15.5 9.57440E+04
 16.0 9.62947E+04
 16.5 9.64742E+04
 17.0 9.63148E+04
 17.5 9.58515E+04
 18.0 9.51192E+04
 18.5 9.41522E+04
 19.0 9.29833E+04
 19.5 9.16431E+04
 20.0 9.01598E+04
 20.5 8.85588E+04
 21.0 8.68629E+04
 21.5 8.50925E+04
 22.0 8.32653E+04
 22.5 8.13966E+04
 23.0 7.94999E+04
 23.5 7.75865E+04
 24.0 7.56661E+04
 24.5 7.37468E+04
 25.0 7.18354E+04
 25.5 6.99374E+04
 26.0 6.80574E+04
 26.5 6.61989E+04
 27.0 6.43648E+04
 27.5 6.25573E+04
 28.0 6.07781E+04
 28.5 5.90281E+04
 29.0 5.73082E+04
 29.5 5.56187E+04
 30.0 5.39597E+04
 30.5 5.23311E+04
 31.0 5.07326E+04
 31.5 4.91636E+04
 32.0 4.76236E+04
 32.5 4.61119E+04
 33.0 4.46277E+04
 33.5 4.31703E+04
 34.0 4.17387E+04
 34.5 4.03321E+04
 35.0 3.89496E+04
 35.5 3.75904E+04
 36.0 3.62536E+04
 36.5 3.49384E+04
 37.0 3.36439E+04
 37.5 3.23693E+04
 38.0 3.11139E+04
 38.5 2.98769E+04
 39.0 2.86577E+04
 39.5 2.74556E+04
 40.0 2.62699E+04
 40.5 2.51001E+04
 41.0 2.39456E+04
 41.5 2.28059E+04
 42.0 2.16805E+04
 42.5 2.05690E+04
 43.0 1.94709E+04
 43.5 1.83860E+04
 44.0 1.73138E+04
 44.5 1.62541E+04
 45.0 1.52066E+04
 45.5 1.41711E+04
 46.0 1.31473E+04
 46.5 1.21352E+04
 47.0 1.11344E+04
 47.5 1.01450E+04
 48.0 9.16686E+03
 48.5 8.19987E+03
 49.0 7.24400E+03
 49.5 6.29925E+03
 50.0 5.36563E+03
 50.5 4.44315E+03
 51.0 3.53188E+03
 51.5 2.63188E+03
 52.0 1.74323E+03
 52.5 8.66064E+02
 53.0 7.18887E+01
