053K21D0W2
  0.5 0.00000E+00
  1.0 0.00000E+00
  1.5 0.00000E+00
  2.0 0.00000E+00
  2.5 0.00000E+00
  3.0 0.00000E+00
  3.5 7.59902E+04
  4.0 9.60022E+04
  4.5 1.17475E+05
  5.0 1.40671E+05
  5.5 1.65585E+05
  6.0 1.91498E+05
  6.5 2.16953E+05
  7.0 2.40242E+05
  7.5 2.59948E+05
  8.0 2.75240E+05
  8.5 2.98969E+06
  9.0 2.92099E+05
  9.5 1.61186E+06
 10.0 1.34625E+06
 10.5 1.45473E+05
 11.0 1.50615E+05
 11.5 3.93310E+05
 12.0 1.14172E+05
 12.5 1.04720E+05
 13.0 1.07624E+05
 13.5 1.09910E+05
 14.0 1.11585E+05
 14.5 1.12674E+05
 15.0 1.13216E+05
 15.5 1.13258E+05
 16.0 1.12852E+05
 16.5 1.12051E+05
 17.0 1.10909E+05
 17.5 1.09476E+05
 18.0 1.07800E+05
 18.5 1.05924E+05
 19.0 1.03888E+05
 19.5 1.01725E+05
 20.0 9.94668E+04
 20.5 9.71390E+04
 21.0 9.47643E+04
 21.5 9.23618E+04
 22.0 8.99478E+04
 22.5 8.75357E+04
 23.0 8.51365E+04
 23.5 8.27593E+04
 24.0 8.04113E+04
 24.5 7.80982E+04
 25.0 7.58244E+04
 25.5 7.35931E+04
 26.0 7.14068E+04
 26.5 6.92669E+04
 27.0 6.71743E+04
 27.5 6.51295E+04
 28.0 6.31323E+04
 28.5 6.11822E+04
 29.0 5.92786E+04
 29.5 5.74205E+04
 30.0 5.56067E+04
 30.5 5.38360E+04
 31.0 5.21070E+04
 31.5 5.04183E+04
 32.0 4.87684E+04
 32.5 4.71557E+04
 33.0 4.55789E+04
 33.5 4.40363E+04
 34.0 4.25267E+04
 34.5 4.10484E+04
 35.0 3.96002E+04
 35.5 3.81806E+04
 36.0 3.67885E+04
 36.5 3.54225E+04
 37.0 3.40814E+04
 37.5 3.27642E+04
 38.0 3.14698E+04
 38.5 3.01970E+04
 39.0 2.89451E+04
 39.5 2.77131E+04
 40.0 2.65000E+04
 40.5 2.53053E+04
 41.0 2.41280E+04
 41.5 2.29676E+04
 42.0 2.18234E+04
 42.5 2.06947E+04
 43.0 1.95812E+04
 43.5 1.84822E+04
 44.0 1.73973E+04
 44.5 1.63262E+04
 45.0 1.52685E+04
 45.5 1.42238E+04
 46.0 1.31918E+04
 46.5 1.21724E+04
 47.0 1.11652E+04
 47.5 1.01702E+04
 48.0 9.18707E+03
 48.5 8.21581E+03
 49.0 7.25629E+03
 49.5 6.30845E+03
 50.0 5.37225E+03
 50.5 4.44769E+03
 51.0 3.53476E+03
 51.5 2.63351E+03
 52.0 1.74400E+03
 52.5 8.66295E+02
 53.0 7.19007E+01
