054K07D0W2
  0.5 0.00000E+00
  1.0 0.00000E+00
  1.5 0.00000E+00
  2.0 0.00000E+00
  2.5 0.00000E+00
  3.0 0.00000E+00
  3.5 1.90441E+04
  4.0 2.54060E+04
  4.5 3.19356E+04
  5.0 3.86104E+04
  5.5 4.54224E+04
  6.0 5.23707E+04
  6.5 5.94593E+04
  7.0 6.66948E+04
  7.5 7.40777E+04
  8.0 8.15840E+04
  8.5 9.92668E+05
  9.0 9.66344E+04
  9.5 7.14400E+05
 10.0 5.98079E+05
 10.5 4.27070E+04
 11.0 4.53674E+04
 11.5 1.13523E+05
 12.0 3.38977E+04
 12.5 3.11435E+04
 13.0 3.26617E+04
 13.5 3.41573E+04
 14.0 3.56274E+04
 14.5 3.70682E+04
 15.0 3.84747E+04
 15.5 3.98405E+04
 16.0 4.11586E+04
 16.5 4.24210E+04
 17.0 4.36192E+04
 17.5 4.47452E+04
 18.0 4.57911E+04
 18.5 4.67502E+04
 19.0 4.76166E+04
 19.5 4.83859E+04
 20.0 4.90550E+04
 20.5 4.96220E+04
 21.0 5.00865E+04
 21.5 5.04491E+04
 22.0 5.07117E+04
 22.5 5.08769E+04
 23.0 5.09481E+04
 23.5 5.09292E+04
 24.0 5.08248E+04
 24.5 5.06395E+04
 25.0 5.03783E+04
 25.5 5.00460E+04
 26.0 4.96476E+04
 26.5 4.91882E+04
 27.0 4.86724E+04
 27.5 4.81048E+04
 28.0 4.74898E+04
 28.5 4.68317E+04
 29.0 4.61342E+04
 29.5 4.54013E+04
 30.0 4.46361E+04
 30.5 4.38421E+04
 31.0 4.30221E+04
 31.5 4.21789E+04
 32.0 4.13150E+04
 32.5 4.04326E+04
 33.0 3.95341E+04
 33.5 3.86212E+04
 34.0 3.76957E+04
 34.5 3.67593E+04
 35.0 3.58134E+04
 35.5 3.48594E+04
 36.0 3.38985E+04
 36.5 3.29318E+04
 37.0 3.19603E+04
 37.5 3.09849E+04
 38.0 3.00065E+04
 38.5 2.90259E+04
 39.0 2.80437E+04
 39.5 2.70606E+04
 40.0 2.60772E+04
 40.5 2.50940E+04
 41.0 2.41116E+04
 41.5 2.31304E+04
 42.0 2.21508E+04
 42.5 2.11733E+04
 43.0 2.01982E+04
 43.5 1.92259E+04
 44.0 1.82568E+04
 44.5 1.72912E+04
 45.0 1.63294E+04
 45.5 1.53717E+04
 46.0 1.44184E+04
 46.5 1.34699E+04
 47.0 1.25264E+04
 47.5 1.15881E+04
 48.0 1.06554E+04
 48.5 9.72863E+03
 49.0 8.80794E+03
 49.5 7.89367E+03
 50.0 6.98608E+03
 50.5 6.08546E+03
 51.0 5.19210E+03
 51.5 4.30628E+03
 52.0 3.42828E+03
 52.5 2.55840E+03
 53.0 1.69692E+03
 53.5 8.44151E+02
 54.0 7.01238E+01
