054K06D0W2
  0.5 0.00000E+00
  1.0 0.00000E+00
  1.5 0.00000E+00
  2.0 0.00000E+00
  2.5 0.00000E+00
  3.0 0.00000E+00
  3.5 1.54291E+04
  4.0 2.09179E+04
  4.5 2.65451E+04
  5.0 3.22801E+04
  5.5 3.81099E+04
  6.0 4.40293E+04
  6.5 5.00366E+04
  7.0 5.61326E+04
  7.5 6.23190E+04
  8.0 6.85905E+04
  8.5 7.60683E+05
  9.0 8.12586E+04
  9.5 5.89383E+05
 10.0 4.93866E+05
 10.5 3.60095E+04
 11.0 3.82565E+04
 11.5 8.76730E+04
 12.0 2.86060E+04
 12.5 2.62884E+04
 13.0 2.75778E+04
 13.5 2.88475E+04
 14.0 3.00967E+04
 14.5 3.13245E+04
 15.0 3.25296E+04
 15.5 3.37098E+04
 16.0 3.48623E+04
 16.5 3.59832E+04
 17.0 3.70678E+04
 17.5 3.81109E+04
 18.0 3.91067E+04
 18.5 4.00492E+04
 19.0 4.09327E+04
 19.5 4.17516E+04
 20.0 4.25011E+04
 20.5 4.31772E+04
 21.0 4.37763E+04
 21.5 4.42963E+04
 22.0 4.47356E+04
 22.5 4.50937E+04
 23.0 4.53707E+04
 23.5 4.55677E+04
 24.0 4.56863E+04
 24.5 4.57285E+04
 25.0 4.56971E+04
 25.5 4.55949E+04
 26.0 4.54251E+04
 26.5 4.51912E+04
 27.0 4.48966E+04
 27.5 4.45450E+04
 28.0 4.41398E+04
 28.5 4.36845E+04
 29.0 4.31826E+04
 29.5 4.26375E+04
 30.0 4.20522E+04
 30.5 4.14300E+04
 31.0 4.07737E+04
 31.5 4.00861E+04
 32.0 3.93697E+04
 32.5 3.86271E+04
 33.0 3.78606E+04
 33.5 3.70722E+04
 34.0 3.62641E+04
 34.5 3.54380E+04
 35.0 3.45957E+04
 35.5 3.37389E+04
 36.0 3.28690E+04
 36.5 3.19875E+04
 37.0 3.10955E+04
 37.5 3.01944E+04
 38.0 2.92852E+04
 38.5 2.83690E+04
 39.0 2.74467E+04
 39.5 2.65191E+04
 40.0 2.55873E+04
 40.5 2.46518E+04
 41.0 2.37135E+04
 41.5 2.27730E+04
 42.0 2.18310E+04
 42.5 2.08880E+04
 43.0 1.99446E+04
 43.5 1.90015E+04
 44.0 1.80590E+04
 44.5 1.71176E+04
 45.0 1.61779E+04
 45.5 1.52403E+04
 46.0 1.43052E+04
 46.5 1.33731E+04
 47.0 1.24442E+04
 47.5 1.15191E+04
 48.0 1.05982E+04
 48.5 9.68168E+03
 49.0 8.77007E+03
 49.5 7.86369E+03
 50.0 6.96290E+03
 50.5 6.06806E+03
 51.0 5.17952E+03
 51.5 4.29764E+03
 52.0 3.42277E+03
 52.5 2.55526E+03
 53.0 1.69545E+03
 53.5 8.43706E+02
 54.0 7.01008E+01
