054K10D0W2
  0.5 0.00000E+00
  1.0 0.00000E+00
  1.5 0.00000E+00
  2.0 0.00000E+00
  2.5 0.00000E+00
  3.0 0.00000E+00
  3.5 3.01997E+04
  4.0 3.91974E+04
  4.5 4.84998E+04
  5.0 5.81067E+04
  5.5 6.80330E+04
  6.0 7.83068E+04
  6.5 8.89564E+04
  7.0 9.99688E+04
  7.5 1.11229E+05
  8.0 1.22491E+05
  8.5 1.61980E+06
  9.0 1.43564E+05
  9.5 1.02221E+06
 10.0 8.54727E+05
 10.5 6.36185E+04
 11.0 6.75318E+04
 11.5 1.89187E+05
 12.0 5.03502E+04
 12.5 4.62185E+04
 13.0 4.84325E+04
 13.5 5.05841E+04
 14.0 5.26544E+04
 14.5 5.46234E+04
 15.0 5.64714E+04
 15.5 5.81799E+04
 16.0 5.97333E+04
 16.5 6.11189E+04
 17.0 6.23277E+04
 17.5 6.33547E+04
 18.0 6.41982E+04
 18.5 6.48597E+04
 19.0 6.53437E+04
 19.5 6.56568E+04
 20.0 6.58075E+04
 20.5 6.58055E+04
 21.0 6.56613E+04
 21.5 6.53861E+04
 22.0 6.49910E+04
 22.5 6.44871E+04
 23.0 6.38853E+04
 23.5 6.31960E+04
 24.0 6.24289E+04
 24.5 6.15933E+04
 25.0 6.06977E+04
 25.5 5.97500E+04
 26.0 5.87573E+04
 26.5 5.77262E+04
 27.0 5.66626E+04
 27.5 5.55718E+04
 28.0 5.44584E+04
 28.5 5.33268E+04
 29.0 5.21806E+04
 29.5 5.10231E+04
 30.0 4.98572E+04
 30.5 4.86855E+04
 31.0 4.75101E+04
 31.5 4.63329E+04
 32.0 4.51557E+04
 32.5 4.39796E+04
 33.0 4.28061E+04
 33.5 4.16361E+04
 34.0 4.04704E+04
 34.5 3.93099E+04
 35.0 3.81550E+04
 35.5 3.70063E+04
 36.0 3.58642E+04
 36.5 3.47291E+04
 37.0 3.36011E+04
 37.5 3.24805E+04
 38.0 3.13674E+04
 38.5 3.02620E+04
 39.0 2.91643E+04
 39.5 2.80745E+04
 40.0 2.69925E+04
 40.5 2.59184E+04
 41.0 2.48522E+04
 41.5 2.37939E+04
 42.0 2.27435E+04
 42.5 2.17010E+04
 43.0 2.06665E+04
 43.5 1.96398E+04
 44.0 1.86211E+04
 44.5 1.76103E+04
 45.0 1.66074E+04
 45.5 1.56126E+04
 46.0 1.46257E+04
 46.5 1.36470E+04
 47.0 1.26764E+04
 47.5 1.17140E+04
 48.0 1.07599E+04
 48.5 9.81411E+03
 49.0 8.87684E+03
 49.5 7.94815E+03
 50.0 7.02818E+03
 50.5 6.11705E+03
 51.0 5.21491E+03
 51.5 4.32192E+03
 52.0 3.43825E+03
 52.5 2.56407E+03
 53.0 1.69957E+03
 53.5 8.44954E+02
 54.0 7.01654E+01
