054K17D0W2
  0.5 0.00000E+00
  1.0 0.00000E+00
  1.5 0.00000E+00
  2.0 0.00000E+00
  2.5 0.00000E+00
  3.0 0.00000E+00
  3.5 5.78887E+04
  4.0 7.34594E+04
  4.5 8.99108E+04
  5.0 1.07373E+05
  5.5 1.25989E+05
  6.0 1.45714E+05
  6.5 1.66080E+05
  7.0 1.86181E+05
  7.5 2.04909E+05
  8.0 2.21276E+05
  8.5 2.64441E+06
  9.0 2.44607E+05
  9.5 1.47705E+06
 10.0 1.23378E+06
 10.5 1.15517E+05
 11.0 1.21149E+05
 11.5 3.33469E+05
 12.0 9.09389E+04
 12.5 8.34075E+04
 13.0 8.66026E+04
 13.5 8.94114E+04
 14.0 9.18035E+04
 14.5 9.37630E+04
 15.0 9.52882E+04
 15.5 9.63891E+04
 16.0 9.70852E+04
 16.5 9.74027E+04
 17.0 9.73723E+04
 17.5 9.70277E+04
 18.0 9.64029E+04
 18.5 9.55323E+04
 19.0 9.44485E+04
 19.5 9.31824E+04
 20.0 9.17629E+04
 20.5 9.02160E+04
 21.0 8.85653E+04
 21.5 8.68319E+04
 22.0 8.50342E+04
 22.5 8.31885E+04
 23.0 8.13089E+04
 23.5 7.94075E+04
 24.0 7.74947E+04
 24.5 7.55791E+04
 25.0 7.36681E+04
 25.5 7.17679E+04
 26.0 6.98834E+04
 26.5 6.80186E+04
 27.0 6.61767E+04
 27.5 6.43604E+04
 28.0 6.25715E+04
 28.5 6.08113E+04
 29.0 5.90808E+04
 29.5 5.73806E+04
 30.0 5.57110E+04
 30.5 5.40719E+04
 31.0 5.24632E+04
 31.5 5.08845E+04
 32.0 4.93352E+04
 32.5 4.78147E+04
 33.0 4.63224E+04
 33.5 4.48575E+04
 34.0 4.34191E+04
 34.5 4.20064E+04
 35.0 4.06185E+04
 35.5 3.92545E+04
 36.0 3.79137E+04
 36.5 3.65951E+04
 37.0 3.52979E+04
 37.5 3.40214E+04
 38.0 3.27646E+04
 38.5 3.15268E+04
 39.0 3.03073E+04
 39.5 2.91055E+04
 40.0 2.79206E+04
 40.5 2.67520E+04
 41.0 2.55991E+04
 41.5 2.44615E+04
 42.0 2.33384E+04
 42.5 2.22295E+04
 43.0 2.11344E+04
 43.5 2.00525E+04
 44.0 1.89836E+04
 44.5 1.79272E+04
 45.0 1.68831E+04
 45.5 1.58510E+04
 46.0 1.48306E+04
 46.5 1.38218E+04
 47.0 1.28242E+04
 47.5 1.18378E+04
 48.0 1.08625E+04
 48.5 9.89802E+03
 49.0 8.94438E+03
 49.5 8.00150E+03
 50.0 7.06935E+03
 50.5 6.14791E+03
 51.0 5.23717E+03
 51.5 4.33717E+03
 52.0 3.44796E+03
 52.5 2.56959E+03
 53.0 1.70215E+03
 53.5 8.45735E+02
 54.0 7.02057E+01
