054K19D0W2
  0.5 0.00000E+00
  1.0 0.00000E+00
  1.5 0.00000E+00
  2.0 0.00000E+00
  2.5 0.00000E+00
  3.0 0.00000E+00
  3.5 6.62982E+04
  4.0 8.39176E+04
  4.5 1.02665E+05
  5.0 1.22737E+05
  5.5 1.44269E+05
  6.0 1.67003E+05
  6.5 1.90072E+05
  7.0 2.12169E+05
  7.5 2.31962E+05
  8.0 2.48447E+05
  8.5 2.85546E+06
  9.0 2.69785E+05
  9.5 1.56653E+06
 10.0 1.30839E+06
 10.5 1.30456E+05
 11.0 1.36103E+05
 11.5 3.66944E+05
 12.0 1.02604E+05
 12.5 9.41181E+04
 13.0 9.73213E+04
 13.5 1.00024E+05
 14.0 1.02208E+05
 14.5 1.03874E+05
 15.0 1.05038E+05
 15.5 1.05725E+05
 16.0 1.05970E+05
 16.5 1.05815E+05
 17.0 1.05300E+05
 17.5 1.04469E+05
 18.0 1.03365E+05
 18.5 1.02026E+05
 19.0 1.00490E+05
 19.5 9.87919E+04
 20.0 9.69614E+04
 20.5 9.50263E+04
 21.0 9.30104E+04
 21.5 9.09349E+04
 22.0 8.88179E+04
 22.5 8.66749E+04
 23.0 8.45191E+04
 23.5 8.23617E+04
 24.0 8.02119E+04
 24.5 7.80772E+04
 25.0 7.59640E+04
 25.5 7.38771E+04
 26.0 7.18205E+04
 26.5 6.97971E+04
 27.0 6.78092E+04
 27.5 6.58585E+04
 28.0 6.39458E+04
 28.5 6.20717E+04
 29.0 6.02364E+04
 29.5 5.84398E+04
 30.0 5.66815E+04
 30.5 5.49608E+04
 31.0 5.32770E+04
 31.5 5.16292E+04
 32.0 5.00164E+04
 32.5 4.84376E+04
 33.0 4.68915E+04
 33.5 4.53771E+04
 34.0 4.38932E+04
 34.5 4.24387E+04
 35.0 4.10123E+04
 35.5 3.96130E+04
 36.0 3.82397E+04
 36.5 3.68913E+04
 37.0 3.55666E+04
 37.5 3.42648E+04
 38.0 3.29849E+04
 38.5 3.17259E+04
 39.0 3.04869E+04
 39.5 2.92672E+04
 40.0 2.80659E+04
 40.5 2.68823E+04
 41.0 2.57157E+04
 41.5 2.45655E+04
 42.0 2.34310E+04
 42.5 2.23117E+04
 43.0 2.12070E+04
 43.5 2.01165E+04
 44.0 1.90397E+04
 44.5 1.79763E+04
 45.0 1.69257E+04
 45.5 1.58878E+04
 46.0 1.48623E+04
 46.5 1.38487E+04
 47.0 1.28470E+04
 47.5 1.18569E+04
 48.0 1.08783E+04
 48.5 9.91091E+03
 49.0 8.95475E+03
 49.5 8.00969E+03
 50.0 7.07567E+03
 50.5 6.15264E+03
 51.0 5.24058E+03
 51.5 4.33951E+03
 52.0 3.44944E+03
 52.5 2.57043E+03
 53.0 1.70254E+03
 53.5 8.45854E+02
 54.0 7.02119E+01
