054K16D0W2
  0.5 0.00000E+00
  1.0 0.00000E+00
  1.5 0.00000E+00
  2.0 0.00000E+00
  2.5 0.00000E+00
  3.0 0.00000E+00
  3.5 5.37761E+04
  4.0 6.83559E+04
  4.5 8.37088E+04
  5.0 9.99357E+04
  5.5 1.17165E+05
  6.0 1.35413E+05
  6.5 1.54371E+05
  7.0 1.73326E+05
  7.5 1.91317E+05
  8.0 2.07405E+05
  8.5 2.52790E+06
  9.0 2.31372E+05
  9.5 1.42717E+06
 10.0 1.19220E+06
 10.5 1.08011E+05
 11.0 1.13556E+05
 11.5 3.15586E+05
 12.0 8.50778E+04
 12.5 7.80309E+04
 13.0 8.11742E+04
 13.5 8.39888E+04
 14.0 8.64399E+04
 14.5 8.85057E+04
 15.0 9.01773E+04
 15.5 9.14569E+04
 16.0 9.23562E+04
 16.5 9.28946E+04
 17.0 9.30963E+04
 17.5 9.29896E+04
 18.0 9.26041E+04
 18.5 9.19704E+04
 19.0 9.11183E+04
 19.5 9.00768E+04
 20.0 8.88727E+04
 20.5 8.75313E+04
 21.0 8.60755E+04
 21.5 8.45260E+04
 22.0 8.29011E+04
 22.5 8.12173E+04
 23.0 7.94890E+04
 23.5 7.77285E+04
 24.0 7.59468E+04
 24.5 7.41529E+04
 25.0 7.23548E+04
 25.5 7.05590E+04
 26.0 6.87711E+04
 26.5 6.69957E+04
 27.0 6.52364E+04
 27.5 6.34962E+04
 28.0 6.17776E+04
 28.5 6.00822E+04
 29.0 5.84116E+04
 29.5 5.67665E+04
 30.0 5.51477E+04
 30.5 5.35555E+04
 31.0 5.19899E+04
 31.5 5.04510E+04
 32.0 4.89383E+04
 32.5 4.74517E+04
 33.0 4.59904E+04
 33.5 4.45541E+04
 34.0 4.31420E+04
 34.5 4.17536E+04
 35.0 4.03881E+04
 35.5 3.90447E+04
 36.0 3.77228E+04
 36.5 3.64216E+04
 37.0 3.51404E+04
 37.5 3.38786E+04
 38.0 3.26353E+04
 38.5 3.14100E+04
 39.0 3.02019E+04
 39.5 2.90105E+04
 40.0 2.78352E+04
 40.5 2.66754E+04
 41.0 2.55306E+04
 41.5 2.44003E+04
 42.0 2.32839E+04
 42.5 2.21812E+04
 43.0 2.10916E+04
 43.5 2.00148E+04
 44.0 1.89505E+04
 44.5 1.78983E+04
 45.0 1.68580E+04
 45.5 1.58293E+04
 46.0 1.48120E+04
 46.5 1.38059E+04
 47.0 1.28108E+04
 47.5 1.18266E+04
 48.0 1.08532E+04
 48.5 9.89041E+03
 49.0 8.93826E+03
 49.5 7.99667E+03
 50.0 7.06562E+03
 50.5 6.14511E+03
 51.0 5.23516E+03
 51.5 4.33579E+03
 52.0 3.44708E+03
 52.5 2.56909E+03
 53.0 1.70191E+03
 53.5 8.45665E+02
 54.0 7.02021E+01
