054K13D0W2
  0.5 0.00000E+00
  1.0 0.00000E+00
  1.5 0.00000E+00
  2.0 0.00000E+00
  2.5 0.00000E+00
  3.0 0.00000E+00
  3.5 4.17678E+04
  4.0 5.34881E+04
  4.5 6.57130E+04
  5.0 7.84784E+04
  5.5 9.18478E+04
  6.0 1.05887E+05
  6.5 1.20573E+05
  7.0 1.35670E+05
  7.5 1.50696E+05
  8.0 1.65015E+05
  8.5 2.12452E+06
  9.0 1.89111E+05
  9.5 1.25131E+06
 10.0 1.04567E+06
 10.5 8.55563E+04
 11.0 9.05037E+04
 11.5 2.56738E+05
 12.0 6.75312E+04
 12.5 6.19507E+04
 13.0 6.47494E+04
 13.5 6.73774E+04
 14.0 6.98001E+04
 14.5 7.19879E+04
 15.0 7.39180E+04
 15.5 7.55751E+04
 16.0 7.69513E+04
 16.5 7.80459E+04
 17.0 7.88640E+04
 17.5 7.94159E+04
 18.0 7.97157E+04
 18.5 7.97802E+04
 19.0 7.96281E+04
 19.5 7.92789E+04
 20.0 7.87524E+04
 20.5 7.80680E+04
 21.0 7.72445E+04
 21.5 7.62998E+04
 22.0 7.52505E+04
 22.5 7.41117E+04
 23.0 7.28976E+04
 23.5 7.16209E+04
 24.0 7.02927E+04
 24.5 6.89233E+04
 25.0 6.75215E+04
 25.5 6.60952E+04
 26.0 6.46512E+04
 26.5 6.31954E+04
 27.0 6.17330E+04
 27.5 6.02683E+04
 28.0 5.88050E+04
 28.5 5.73462E+04
 29.0 5.58946E+04
 29.5 5.44522E+04
 30.0 5.30209E+04
 30.5 5.16020E+04
 31.0 5.01967E+04
 31.5 4.88058E+04
 32.0 4.74299E+04
 32.5 4.60695E+04
 33.0 4.47249E+04
 33.5 4.33963E+04
 34.0 4.20836E+04
 34.5 4.07868E+04
 35.0 3.95057E+04
 35.5 3.82403E+04
 36.0 3.69902E+04
 36.5 3.57553E+04
 37.0 3.45350E+04
 37.5 3.33293E+04
 38.0 3.21377E+04
 38.5 3.09598E+04
 39.0 2.97954E+04
 39.5 2.86441E+04
 40.0 2.75056E+04
 40.5 2.63795E+04
 41.0 2.52656E+04
 41.5 2.41636E+04
 42.0 2.30731E+04
 42.5 2.19940E+04
 43.0 2.09260E+04
 43.5 1.98688E+04
 44.0 1.88223E+04
 44.5 1.77863E+04
 45.0 1.67606E+04
 45.5 1.57451E+04
 46.0 1.47397E+04
 46.5 1.37442E+04
 47.0 1.27586E+04
 47.5 1.17829E+04
 48.0 1.08170E+04
 48.5 9.86083E+03
 49.0 8.91446E+03
 49.5 7.97788E+03
 50.0 7.05112E+03
 50.5 6.13425E+03
 51.0 5.22732E+03
 51.5 4.33042E+03
 52.0 3.44366E+03
 52.5 2.56715E+03
 53.0 1.70101E+03
 53.5 8.45390E+02
 54.0 7.01879E+01
