054K11D0W2
  0.5 0.00000E+00
  1.0 0.00000E+00
  1.5 0.00000E+00
  2.0 0.00000E+00
  2.5 0.00000E+00
  3.0 0.00000E+00
  3.5 3.40099E+04
  4.0 4.39027E+04
  4.5 5.41599E+04
  5.0 6.47908E+04
  5.5 7.58234E+04
  6.0 8.73001E+04
  6.5 9.92484E+04
  7.0 1.11612E+05
  7.5 1.24179E+05
  8.0 1.36579E+05
  8.5 1.80101E+06
  9.0 1.59030E+05
  9.5 1.10587E+06
 10.0 9.24468E+05
 10.5 7.08387E+04
 11.0 7.51352E+04
 11.5 2.12712E+05
 12.0 5.60113E+04
 12.5 5.14021E+04
 13.0 5.38313E+04
 13.5 5.61696E+04
 14.0 5.83918E+04
 14.5 6.04728E+04
 15.0 6.23902E+04
 15.5 6.41243E+04
 16.0 6.56604E+04
 16.5 6.69882E+04
 17.0 6.81023E+04
 17.5 6.90019E+04
 18.0 6.96901E+04
 18.5 7.01734E+04
 19.0 7.04611E+04
 19.5 7.05644E+04
 20.0 7.04958E+04
 20.5 7.02688E+04
 21.0 6.98971E+04
 21.5 6.93945E+04
 22.0 6.87746E+04
 22.5 6.80503E+04
 23.0 6.72339E+04
 23.5 6.63368E+04
 24.0 6.53699E+04
 24.5 6.43427E+04
 25.0 6.32643E+04
 25.5 6.21428E+04
 26.0 6.09853E+04
 26.5 5.97984E+04
 27.0 5.85878E+04
 27.5 5.73586E+04
 28.0 5.61153E+04
 28.5 5.48616E+04
 29.0 5.36012E+04
 29.5 5.23368E+04
 30.0 5.10710E+04
 30.5 4.98060E+04
 31.0 4.85437E+04
 31.5 4.72854E+04
 32.0 4.60327E+04
 32.5 4.47864E+04
 33.0 4.35477E+04
 33.5 4.23170E+04
 34.0 4.10950E+04
 34.5 3.98822E+04
 35.0 3.86789E+04
 35.5 3.74853E+04
 36.0 3.63016E+04
 36.5 3.51280E+04
 37.0 3.39644E+04
 37.5 3.28108E+04
 38.0 3.16674E+04
 38.5 3.05339E+04
 39.0 2.94104E+04
 39.5 2.82967E+04
 40.0 2.71928E+04
 40.5 2.60985E+04
 41.0 2.50137E+04
 41.5 2.39384E+04
 42.0 2.28724E+04
 42.5 2.18156E+04
 43.0 2.07680E+04
 43.5 1.97294E+04
 44.0 1.86998E+04
 44.5 1.76792E+04
 45.0 1.66674E+04
 45.5 1.56645E+04
 46.0 1.46704E+04
 46.5 1.36851E+04
 47.0 1.27086E+04
 47.5 1.17410E+04
 48.0 1.07823E+04
 48.5 9.83245E+03
 49.0 8.89160E+03
 49.5 7.95982E+03
 50.0 7.03719E+03
 50.5 6.12380E+03
 51.0 5.21978E+03
 51.5 4.32526E+03
 52.0 3.44037E+03
 52.5 2.56528E+03
 53.0 1.70013E+03
 53.5 8.45126E+02
 54.0 7.01742E+01
