054K12D0W2
  0.5 0.00000E+00
  1.0 0.00000E+00
  1.5 0.00000E+00
  2.0 0.00000E+00
  2.5 0.00000E+00
  3.0 0.00000E+00
  3.5 3.78655E+04
  4.0 4.86653E+04
  4.5 5.98959E+04
  5.0 7.15788E+04
  5.5 8.37579E+04
  6.0 9.64897E+04
  6.5 1.09786E+05
  7.0 1.23518E+05
  7.5 1.37350E+05
  8.0 1.50777E+05
  8.5 1.96892E+06
  9.0 1.74235E+05
  9.5 1.18193E+06
 10.0 9.87850E+05
 10.5 7.81581E+04
 11.0 8.28021E+04
 11.5 2.35228E+05
 12.0 6.17432E+04
 12.5 5.66503E+04
 13.0 5.92761E+04
 13.5 6.17745E+04
 14.0 6.41150E+04
 14.5 6.62692E+04
 15.0 6.82134E+04
 15.5 6.99293E+04
 16.0 7.14047E+04
 16.5 7.26335E+04
 17.0 7.36149E+04
 17.5 7.43537E+04
 18.0 7.48582E+04
 18.5 7.51402E+04
 19.0 7.52136E+04
 19.5 7.50941E+04
 20.0 7.47979E+04
 20.5 7.43419E+04
 21.0 7.37426E+04
 21.5 7.30159E+04
 22.0 7.21772E+04
 22.5 7.12408E+04
 23.0 7.02200E+04
 23.5 6.91270E+04
 24.0 6.79731E+04
 24.5 6.67682E+04
 25.0 6.55215E+04
 25.5 6.42408E+04
 26.0 6.29335E+04
 26.5 6.16056E+04
 27.0 6.02626E+04
 27.5 5.89095E+04
 28.0 5.75501E+04
 28.5 5.61881E+04
 29.0 5.48265E+04
 29.5 5.34679E+04
 30.0 5.21143E+04
 30.5 5.07676E+04
 31.0 4.94292E+04
 31.5 4.81004E+04
 32.0 4.67820E+04
 32.5 4.54749E+04
 33.0 4.41796E+04
 33.5 4.28966E+04
 34.0 4.16262E+04
 34.5 4.03684E+04
 35.0 3.91235E+04
 35.5 3.78914E+04
 36.0 3.66722E+04
 36.5 3.54656E+04
 37.0 3.42716E+04
 37.5 3.30901E+04
 38.0 3.19207E+04
 38.5 3.07634E+04
 39.0 2.96179E+04
 39.5 2.84840E+04
 40.0 2.73615E+04
 40.5 2.62501E+04
 41.0 2.51496E+04
 41.5 2.40599E+04
 42.0 2.29807E+04
 42.5 2.19119E+04
 43.0 2.08533E+04
 43.5 1.98047E+04
 44.0 1.87660E+04
 44.5 1.77370E+04
 45.0 1.67177E+04
 45.5 1.57080E+04
 46.0 1.47078E+04
 46.5 1.37170E+04
 47.0 1.27357E+04
 47.5 1.17637E+04
 48.0 1.08010E+04
 48.5 9.84779E+03
 49.0 8.90396E+03
 49.5 7.96958E+03
 50.0 7.04472E+03
 50.5 6.12945E+03
 51.0 5.22386E+03
 51.5 4.32805E+03
 52.0 3.44215E+03
 52.5 2.56629E+03
 53.0 1.70061E+03
 53.5 8.45269E+02
 54.0 7.01816E+01
