054K21D0W2
  0.5 0.00000E+00
  1.0 0.00000E+00
  1.5 0.00000E+00
  2.0 0.00000E+00
  2.5 0.00000E+00
  3.0 0.00000E+00
  3.5 7.49797E+04
  4.0 9.47493E+04
  4.5 1.15943E+05
  5.0 1.38822E+05
  5.5 1.63438E+05
  6.0 1.89184E+05
  6.5 2.14713E+05
  7.0 2.38358E+05
  7.5 2.58668E+05
  8.0 2.74733E+05
  8.5 3.04161E+06
  9.0 2.93297E+05
  9.5 1.64461E+06
 10.0 1.37355E+06
 10.5 1.45217E+05
 11.0 1.50674E+05
 11.5 3.97682E+05
 12.0 1.14130E+05
 12.5 1.04714E+05
 13.0 1.07805E+05
 13.5 1.10286E+05
 14.0 1.12160E+05
 14.5 1.13445E+05
 15.0 1.14174E+05
 15.5 1.14392E+05
 16.0 1.14147E+05
 16.5 1.13493E+05
 17.0 1.12481E+05
 17.5 1.11163E+05
 18.0 1.09586E+05
 18.5 1.07794E+05
 19.0 1.05827E+05
 19.5 1.03721E+05
 20.0 1.01508E+05
 20.5 9.92140E+04
 21.0 9.68643E+04
 21.5 9.44785E+04
 22.0 9.20740E+04
 22.5 8.96652E+04
 23.0 8.72641E+04
 23.5 8.48805E+04
 24.0 8.25224E+04
 24.5 8.01961E+04
 25.0 7.79068E+04
 25.5 7.56580E+04
 26.0 7.34528E+04
 26.5 7.12930E+04
 27.0 6.91798E+04
 27.5 6.71141E+04
 28.0 6.50958E+04
 28.5 6.31249E+04
 29.0 6.12007E+04
 29.5 5.93225E+04
 30.0 5.74893E+04
 30.5 5.56998E+04
 31.0 5.39529E+04
 31.5 5.22471E+04
 32.0 5.05811E+04
 32.5 4.89533E+04
 33.0 4.73624E+04
 33.5 4.58067E+04
 34.0 4.42849E+04
 34.5 4.27956E+04
 35.0 4.13373E+04
 35.5 3.99086E+04
 36.0 3.85083E+04
 36.5 3.71351E+04
 37.0 3.57878E+04
 37.5 3.44651E+04
 38.0 3.31660E+04
 38.5 3.18894E+04
 39.0 3.06344E+04
 39.5 2.93999E+04
 40.0 2.81852E+04
 40.5 2.69892E+04
 41.0 2.58114E+04
 41.5 2.46508E+04
 42.0 2.35069E+04
 42.5 2.23790E+04
 43.0 2.12665E+04
 43.5 2.01689E+04
 44.0 1.90857E+04
 44.5 1.80164E+04
 45.0 1.69606E+04
 45.5 1.59180E+04
 46.0 1.48881E+04
 46.5 1.38708E+04
 47.0 1.28656E+04
 47.5 1.18725E+04
 48.0 1.08912E+04
 48.5 9.92145E+03
 49.0 8.96323E+03
 49.5 8.01638E+03
 50.0 7.08083E+03
 50.5 6.15650E+03
 51.0 5.24336E+03
 51.5 4.34141E+03
 52.0 3.45065E+03
 52.5 2.57112E+03
 53.0 1.70286E+03
 53.5 8.45952E+02
 54.0 7.02169E+01
