055K07D0W2
  0.5 0.00000E+00
  1.0 0.00000E+00
  1.5 0.00000E+00
  2.0 0.00000E+00
  2.5 0.00000E+00
  3.0 0.00000E+00
  3.5 1.87703E+04
  4.0 2.50701E+04
  4.5 3.15392E+04
  5.0 3.81547E+04
  5.5 4.49084E+04
  6.0 5.17991E+04
  6.5 5.88302E+04
  7.0 6.60085E+04
  7.5 7.33366E+04
  8.0 8.07969E+04
  8.5 9.80357E+05
  9.0 9.58257E+04
  9.5 7.13840E+05
 10.0 5.97631E+05
 10.5 4.24164E+04
 11.0 4.50800E+04
 11.5 1.11888E+05
 12.0 3.37184E+04
 12.5 3.09944E+04
 13.0 3.25207E+04
 13.5 3.40259E+04
 14.0 3.55075E+04
 14.5 3.69617E+04
 15.0 3.83839E+04
 15.5 3.97680E+04
 16.0 4.11072E+04
 16.5 4.23937E+04
 17.0 4.36191E+04
 17.5 4.47754E+04
 18.0 4.58547E+04
 18.5 4.68499E+04
 19.0 4.77549E+04
 19.5 4.85649E+04
 20.0 4.92763E+04
 20.5 4.98869E+04
 21.0 5.03958E+04
 21.5 5.08033E+04
 22.0 5.11108E+04
 22.5 5.13206E+04
 23.0 5.14358E+04
 23.5 5.14602E+04
 24.0 5.13980E+04
 24.5 5.12537E+04
 25.0 5.10322E+04
 25.5 5.07382E+04
 26.0 5.03768E+04
 26.5 4.99528E+04
 27.0 4.94711E+04
 27.5 4.89362E+04
 28.0 4.83526E+04
 28.5 4.77244E+04
 29.0 4.70558E+04
 29.5 4.63504E+04
 30.0 4.56118E+04
 30.5 4.48432E+04
 31.0 4.40477E+04
 31.5 4.32281E+04
 32.0 4.23870E+04
 32.5 4.15268E+04
 33.0 4.06496E+04
 33.5 3.97575E+04
 34.0 3.88522E+04
 34.5 3.79355E+04
 35.0 3.70088E+04
 35.5 3.60736E+04
 36.0 3.51311E+04
 36.5 3.41824E+04
 37.0 3.32286E+04
 37.5 3.22706E+04
 38.0 3.13092E+04
 38.5 3.03454E+04
 39.0 2.93797E+04
 39.5 2.84128E+04
 40.0 2.74454E+04
 40.5 2.64780E+04
 41.0 2.55110E+04
 41.5 2.45449E+04
 42.0 2.35803E+04
 42.5 2.26174E+04
 43.0 2.16566E+04
 43.5 2.06984E+04
 44.0 1.97430E+04
 44.5 1.87907E+04
 45.0 1.78419E+04
 45.5 1.68968E+04
 46.0 1.59558E+04
 46.5 1.50190E+04
 47.0 1.40868E+04
 47.5 1.31595E+04
 48.0 1.22372E+04
 48.5 1.13202E+04
 49.0 1.04088E+04
 49.5 9.50329E+03
 50.0 8.60383E+03
 50.5 7.71071E+03
 51.0 6.82418E+03
 51.5 5.94449E+03
 52.0 5.07191E+03
 52.5 4.20669E+03
 53.0 3.34910E+03
 53.5 2.49940E+03
 54.0 1.65786E+03
 54.5 8.24761E+02
 55.0 6.85154E+01
