055K08D0W2
  0.5 0.00000E+00
  1.0 0.00000E+00
  1.5 0.00000E+00
  2.0 0.00000E+00
  2.5 0.00000E+00
  3.0 0.00000E+00
  3.5 2.23961E+04
  4.0 2.95601E+04
  4.5 3.69310E+04
  5.0 4.44929E+04
  5.5 5.22432E+04
  6.0 6.01869E+04
  6.5 6.83355E+04
  7.0 7.67011E+04
  7.5 8.52767E+04
  8.0 9.40064E+04
  8.5 1.20639E+06
  9.0 1.11347E+05
  9.5 8.29955E+05
 10.0 6.94443E+05
 10.5 4.92024E+04
 11.0 5.22913E+04
 11.5 1.37903E+05
 12.0 3.90777E+04
 12.5 3.59104E+04
 13.0 3.76726E+04
 13.5 3.94082E+04
 14.0 4.11107E+04
 14.5 4.27721E+04
 15.0 4.43829E+04
 15.5 4.59320E+04
 16.0 4.74082E+04
 16.5 4.88002E+04
 17.0 5.00969E+04
 17.5 5.12891E+04
 18.0 5.23684E+04
 18.5 5.33287E+04
 19.0 5.41658E+04
 19.5 5.48771E+04
 20.0 5.54623E+04
 20.5 5.59226E+04
 21.0 5.62604E+04
 21.5 5.64797E+04
 22.0 5.65854E+04
 22.5 5.65829E+04
 23.0 5.64784E+04
 23.5 5.62784E+04
 24.0 5.59896E+04
 24.5 5.56186E+04
 25.0 5.51721E+04
 25.5 5.46564E+04
 26.0 5.40778E+04
 26.5 5.34422E+04
 27.0 5.27552E+04
 27.5 5.20221E+04
 28.0 5.12478E+04
 28.5 5.04368E+04
 29.0 4.95934E+04
 29.5 4.87213E+04
 30.0 4.78240E+04
 30.5 4.69049E+04
 31.0 4.59667E+04
 31.5 4.50123E+04
 32.0 4.40438E+04
 32.5 4.30635E+04
 33.0 4.20733E+04
 33.5 4.10749E+04
 34.0 4.00699E+04
 34.5 3.90596E+04
 35.0 3.80453E+04
 35.5 3.70280E+04
 36.0 3.60088E+04
 36.5 3.49885E+04
 37.0 3.39679E+04
 37.5 3.29476E+04
 38.0 3.19283E+04
 38.5 3.09105E+04
 39.0 2.98947E+04
 39.5 2.88813E+04
 40.0 2.78707E+04
 40.5 2.68632E+04
 41.0 2.58593E+04
 41.5 2.48590E+04
 42.0 2.38628E+04
 42.5 2.28708E+04
 43.0 2.18833E+04
 43.5 2.09004E+04
 44.0 1.99224E+04
 44.5 1.89495E+04
 45.0 1.79818E+04
 45.5 1.70195E+04
 46.0 1.60628E+04
 46.5 1.51118E+04
 47.0 1.41668E+04
 47.5 1.32278E+04
 48.0 1.22952E+04
 48.5 1.13689E+04
 49.0 1.04493E+04
 49.5 9.53642E+03
 50.0 8.63055E+03
 50.5 7.73186E+03
 51.0 6.84053E+03
 51.5 5.95677E+03
 52.0 5.08078E+03
 52.5 4.21278E+03
 53.0 3.35298E+03
 53.5 2.50161E+03
 54.0 1.65890E+03
 54.5 8.25075E+02
 55.0 6.85316E+01
