055K13D0W2
  0.5 0.00000E+00
  1.0 0.00000E+00
  1.5 0.00000E+00
  2.0 0.00000E+00
  2.5 0.00000E+00
  3.0 0.00000E+00
  3.5 4.12154E+04
  4.0 5.28140E+04
  4.5 6.49121E+04
  5.0 7.75427E+04
  5.5 9.07658E+04
  6.0 1.04650E+05
  6.5 1.19192E+05
  7.0 1.34196E+05
  7.5 1.49225E+05
  8.0 1.63672E+05
  8.5 2.13994E+06
  9.0 1.88396E+05
  9.5 1.26742E+06
 10.0 1.05912E+06
 10.5 8.50188E+04
 11.0 9.00391E+04
 11.5 2.57117E+05
 12.0 6.72132E+04
 12.5 6.16875E+04
 13.0 6.45340E+04
 13.5 6.72226E+04
 14.0 6.97180E+04
 14.5 7.19891E+04
 15.0 7.40115E+04
 15.5 7.57674E+04
 16.0 7.72466E+04
 16.5 7.84461E+04
 17.0 7.93688E+04
 17.5 8.00234E+04
 18.0 8.04223E+04
 18.5 8.05811E+04
 19.0 8.05176E+04
 19.5 8.02507E+04
 20.0 7.97999E+04
 20.5 7.91845E+04
 21.0 7.84233E+04
 21.5 7.75342E+04
 22.0 7.65342E+04
 22.5 7.54389E+04
 23.0 7.42626E+04
 23.5 7.30185E+04
 24.0 7.17183E+04
 24.5 7.03726E+04
 25.0 6.89907E+04
 25.5 6.75809E+04
 26.0 6.61504E+04
 26.5 6.47055E+04
 27.0 6.32517E+04
 27.5 6.17937E+04
 28.0 6.03354E+04
 28.5 5.88802E+04
 29.0 5.74310E+04
 29.5 5.59902E+04
 30.0 5.45597E+04
 30.5 5.31411E+04
 31.0 5.17356E+04
 31.5 5.03444E+04
 32.0 4.89680E+04
 32.5 4.76071E+04
 33.0 4.62620E+04
 33.5 4.49329E+04
 34.0 4.36200E+04
 34.5 4.23233E+04
 35.0 4.10426E+04
 35.5 3.97778E+04
 36.0 3.85287E+04
 36.5 3.72950E+04
 37.0 3.60764E+04
 37.5 3.48727E+04
 38.0 3.36834E+04
 38.5 3.25083E+04
 39.0 3.13470E+04
 39.5 3.01991E+04
 40.0 2.90643E+04
 40.5 2.79422E+04
 41.0 2.68326E+04
 41.5 2.57350E+04
 42.0 2.46492E+04
 42.5 2.35750E+04
 43.0 2.25120E+04
 43.5 2.14599E+04
 44.0 2.04186E+04
 44.5 1.93879E+04
 45.0 1.83675E+04
 45.5 1.73572E+04
 46.0 1.63570E+04
 46.5 1.53667E+04
 47.0 1.43861E+04
 47.5 1.34151E+04
 48.0 1.24538E+04
 48.5 1.15020E+04
 49.0 1.05596E+04
 49.5 9.62678E+03
 50.0 8.70338E+03
 50.5 7.78945E+03
 51.0 6.88503E+03
 51.5 5.99015E+03
 52.0 5.10489E+03
 52.5 4.22931E+03
 53.0 3.36352E+03
 53.5 2.50761E+03
 54.0 1.66170E+03
 54.5 8.25925E+02
 55.0 6.85756E+01
