055K10D0W2
  0.5 0.00000E+00
  1.0 0.00000E+00
  1.5 0.00000E+00
  2.0 0.00000E+00
  2.5 0.00000E+00
  3.0 0.00000E+00
  3.5 2.97895E+04
  4.0 3.86973E+04
  4.5 4.79089E+04
  5.0 5.74233E+04
  5.5 6.72540E+04
  6.0 7.74276E+04
  6.5 8.79739E+04
  7.0 9.88901E+04
  7.5 1.10083E+05
  8.0 1.21332E+05
  8.5 1.62015E+06
  9.0 1.42621E+05
  9.5 1.03035E+06
 10.0 8.61525E+05
 10.5 6.31827E+04
 11.0 6.71168E+04
 11.5 1.88308E+05
 12.0 5.00852E+04
 12.5 4.59985E+04
 13.0 4.82314E+04
 13.5 5.04081E+04
 14.0 5.25107E+04
 14.5 5.45192E+04
 15.0 5.64140E+04
 15.5 5.81762E+04
 16.0 5.97893E+04
 16.5 6.12398E+04
 17.0 6.25175E+04
 17.5 6.36160E+04
 18.0 6.45325E+04
 18.5 6.52674E+04
 19.0 6.58242E+04
 19.5 6.62085E+04
 20.0 6.64280E+04
 20.5 6.64920E+04
 21.0 6.64105E+04
 21.5 6.61943E+04
 22.0 6.58544E+04
 22.5 6.54019E+04
 23.0 6.48475E+04
 23.5 6.42018E+04
 24.0 6.34747E+04
 24.5 6.26756E+04
 25.0 6.18132E+04
 25.5 6.08956E+04
 26.0 5.99302E+04
 26.5 5.89237E+04
 27.0 5.78824E+04
 27.5 5.68117E+04
 28.0 5.57166E+04
 28.5 5.46015E+04
 29.0 5.34703E+04
 29.5 5.23266E+04
 30.0 5.11734E+04
 30.5 5.00133E+04
 31.0 4.88487E+04
 31.5 4.76817E+04
 32.0 4.65139E+04
 32.5 4.53470E+04
 33.0 4.41822E+04
 33.5 4.30206E+04
 34.0 4.18631E+04
 34.5 4.07106E+04
 35.0 3.95637E+04
 35.5 3.84229E+04
 36.0 3.72887E+04
 36.5 3.61614E+04
 37.0 3.50414E+04
 37.5 3.39288E+04
 38.0 3.28238E+04
 38.5 3.17265E+04
 39.0 3.06370E+04
 39.5 2.95555E+04
 40.0 2.84819E+04
 40.5 2.74162E+04
 41.0 2.63584E+04
 41.5 2.53086E+04
 42.0 2.42667E+04
 42.5 2.32327E+04
 43.0 2.22066E+04
 43.5 2.11883E+04
 44.0 2.01779E+04
 44.5 1.91753E+04
 45.0 1.81806E+04
 45.5 1.71936E+04
 46.0 1.62146E+04
 46.5 1.52433E+04
 47.0 1.42800E+04
 47.5 1.33246E+04
 48.0 1.23771E+04
 48.5 1.14377E+04
 49.0 1.05063E+04
 49.5 9.58316E+03
 50.0 8.66823E+03
 50.5 7.76167E+03
 51.0 6.86357E+03
 51.5 5.97406E+03
 52.0 5.09327E+03
 52.5 4.22135E+03
 53.0 3.35844E+03
 53.5 2.50472E+03
 54.0 1.66035E+03
 54.5 8.25516E+02
 55.0 6.85544E+01
