055K19D0W2
  0.5 0.00000E+00
  1.0 0.00000E+00
  1.5 0.00000E+00
  2.0 0.00000E+00
  2.5 0.00000E+00
  3.0 0.00000E+00
  3.5 6.54368E+04
  4.0 8.28556E+04
  4.5 1.01378E+05
  5.0 1.21194E+05
  5.5 1.42456E+05
  6.0 1.64978E+05
  6.5 1.87986E+05
  7.0 2.10244E+05
  7.5 2.30427E+05
  8.0 2.47491E+05
  8.5 2.89809E+06
  9.0 2.70281E+05
  9.5 1.59529E+06
 10.0 1.33237E+06
 10.5 1.30010E+05
 11.0 1.35899E+05
 11.5 3.70152E+05
 12.0 1.02401E+05
 12.5 9.39631E+04
 13.0 9.73113E+04
 13.5 1.00173E+05
 14.0 1.02526E+05
 14.5 1.04363E+05
 15.0 1.05697E+05
 15.5 1.06549E+05
 16.0 1.06952E+05
 16.5 1.06942E+05
 17.0 1.06562E+05
 17.5 1.05852E+05
 18.0 1.04856E+05
 18.5 1.03612E+05
 19.0 1.02158E+05
 19.5 1.00530E+05
 20.0 9.87579E+04
 20.5 9.68708E+04
 21.0 9.48935E+04
 21.5 9.28479E+04
 22.0 9.07531E+04
 22.5 8.86256E+04
 23.0 8.64794E+04
 23.5 8.43264E+04
 24.0 8.21767E+04
 24.5 8.00384E+04
 25.0 7.79184E+04
 25.5 7.58222E+04
 26.0 7.37542E+04
 26.5 7.17178E+04
 27.0 6.97156E+04
 27.5 6.77497E+04
 28.0 6.58211E+04
 28.5 6.39309E+04
 29.0 6.20794E+04
 29.5 6.02665E+04
 30.0 5.84922E+04
 30.5 5.67559E+04
 31.0 5.50569E+04
 31.5 5.33945E+04
 32.0 5.17678E+04
 32.5 5.01757E+04
 33.0 4.86171E+04
 33.5 4.70911E+04
 34.0 4.55963E+04
 34.5 4.41318E+04
 35.0 4.26963E+04
 35.5 4.12887E+04
 36.0 3.99079E+04
 36.5 3.85527E+04
 37.0 3.72222E+04
 37.5 3.59153E+04
 38.0 3.46310E+04
 38.5 3.33684E+04
 39.0 3.21265E+04
 39.5 3.09045E+04
 40.0 2.97015E+04
 40.5 2.85168E+04
 41.0 2.73497E+04
 41.5 2.61994E+04
 42.0 2.50653E+04
 42.5 2.39468E+04
 43.0 2.28432E+04
 43.5 2.17542E+04
 44.0 2.06792E+04
 44.5 1.96177E+04
 45.0 1.85693E+04
 45.5 1.75337E+04
 46.0 1.65105E+04
 46.5 1.54995E+04
 47.0 1.45002E+04
 47.5 1.35125E+04
 48.0 1.25361E+04
 48.5 1.15710E+04
 49.0 1.06168E+04
 49.5 9.67354E+03
 50.0 8.74102E+03
 50.5 7.81919E+03
 51.0 6.90799E+03
 51.5 6.00736E+03
 52.0 5.11731E+03
 52.5 4.23782E+03
 53.0 3.36894E+03
 53.5 2.51069E+03
 54.0 1.66314E+03
 54.5 8.26361E+02
 55.0 6.85981E+01
