056K07D0W2
  0.5 0.00000E+00
  1.0 0.00000E+00
  1.5 0.00000E+00
  2.0 0.00000E+00
  2.5 0.00000E+00
  3.0 0.00000E+00
  3.5 1.85061E+04
  4.0 2.47455E+04
  4.5 3.11559E+04
  5.0 3.77136E+04
  5.5 4.44105E+04
  6.0 5.12450E+04
  6.5 5.82200E+04
  7.0 6.53423E+04
  7.5 7.26161E+04
  8.0 8.00290E+04
  8.5 9.67343E+05
  9.0 9.50248E+04
  9.5 7.12725E+05
 10.0 5.96720E+05
 10.5 4.21298E+04
 11.0 4.47954E+04
 11.5 1.10214E+05
 12.0 3.35399E+04
 12.5 3.08453E+04
 13.0 3.23790E+04
 13.5 3.38932E+04
 14.0 3.53854E+04
 14.5 3.68522E+04
 15.0 3.82892E+04
 15.5 3.96906E+04
 16.0 4.10498E+04
 16.5 4.23592E+04
 17.0 4.36107E+04
 17.5 4.47961E+04
 18.0 4.59074E+04
 18.5 4.69375E+04
 19.0 4.78799E+04
 19.5 4.87294E+04
 20.0 4.94821E+04
 20.5 5.01354E+04
 21.0 5.06878E+04
 21.5 5.11394E+04
 22.0 5.14911E+04
 22.5 5.17449E+04
 23.0 5.19036E+04
 23.5 5.19706E+04
 24.0 5.19501E+04
 24.5 5.18464E+04
 25.0 5.16641E+04
 25.5 5.14080E+04
 26.0 5.10831E+04
 26.5 5.06942E+04
 27.0 5.02460E+04
 27.5 4.97433E+04
 28.0 4.91905E+04
 28.5 4.85918E+04
 29.0 4.79513E+04
 29.5 4.72729E+04
 30.0 4.65601E+04
 30.5 4.58163E+04
 31.0 4.50446E+04
 31.5 4.42479E+04
 32.0 4.34288E+04
 32.5 4.25898E+04
 33.0 4.17331E+04
 33.5 4.08609E+04
 34.0 3.99749E+04
 34.5 3.90770E+04
 35.0 3.81686E+04
 35.5 3.72512E+04
 36.0 3.63261E+04
 36.5 3.53945E+04
 37.0 3.44574E+04
 37.5 3.35158E+04
 38.0 3.25707E+04
 38.5 3.16227E+04
 39.0 3.06727E+04
 39.5 2.97212E+04
 40.0 2.87689E+04
 40.5 2.78164E+04
 41.0 2.68641E+04
 41.5 2.59126E+04
 42.0 2.49621E+04
 42.5 2.40132E+04
 43.0 2.30663E+04
 43.5 2.21215E+04
 44.0 2.11794E+04
 44.5 2.02401E+04
 45.0 1.93039E+04
 45.5 1.83712E+04
 46.0 1.74422E+04
 46.5 1.65171E+04
 47.0 1.55962E+04
 47.5 1.46798E+04
 48.0 1.37680E+04
 48.5 1.28611E+04
 49.0 1.19593E+04
 49.5 1.10628E+04
 50.0 1.01720E+04
 50.5 9.28690E+03
 51.0 8.40786E+03
 51.5 7.53508E+03
 52.0 6.66878E+03
 52.5 5.80920E+03
 53.0 4.95657E+03
 53.5 4.11113E+03
 54.0 3.27312E+03
 54.5 2.44279E+03
 55.0 1.62039E+03
 55.5 8.06157E+02
 56.0 6.69721E+01
