056K08D0W2
  0.5 0.00000E+00
  1.0 0.00000E+00
  1.5 0.00000E+00
  2.0 0.00000E+00
  2.5 0.00000E+00
  3.0 0.00000E+00
  3.5 2.20885E+04
  4.0 2.91836E+04
  4.5 3.64864E+04
  5.0 4.39807E+04
  5.5 5.16634E+04
  6.0 5.95389E+04
  6.5 6.76180E+04
  7.0 7.59136E+04
  7.5 8.44239E+04
  8.0 9.31041E+04
  8.5 1.19665E+06
  9.0 1.10455E+05
  9.5 8.31654E+05
 10.0 6.95870E+05
 10.5 4.88666E+04
 11.0 5.19596E+04
 11.5 1.36358E+05
 12.0 3.88695E+04
 12.5 3.57368E+04
 13.0 3.75082E+04
 13.5 3.92554E+04
 14.0 4.09727E+04
 14.5 4.26522E+04
 15.0 4.42848E+04
 15.5 4.58600E+04
 16.0 4.73665E+04
 16.5 4.87930E+04
 17.0 5.01285E+04
 17.5 5.13630E+04
 18.0 5.24880E+04
 18.5 5.34967E+04
 19.0 5.43843E+04
 19.5 5.51476E+04
 20.0 5.57855E+04
 20.5 5.62987E+04
 21.0 5.66892E+04
 21.5 5.69604E+04
 22.0 5.71167E+04
 22.5 5.71634E+04
 23.0 5.71064E+04
 23.5 5.69518E+04
 24.0 5.67064E+04
 24.5 5.63766E+04
 25.0 5.59691E+04
 25.5 5.54902E+04
 26.0 5.49464E+04
 26.5 5.43435E+04
 27.0 5.36872E+04
 27.5 5.29830E+04
 28.0 5.22357E+04
 28.5 5.14502E+04
 29.0 5.06307E+04
 29.5 4.97811E+04
 30.0 4.89052E+04
 30.5 4.80062E+04
 31.0 4.70872E+04
 31.5 4.61509E+04
 32.0 4.51998E+04
 32.5 4.42360E+04
 33.0 4.32618E+04
 33.5 4.22788E+04
 34.0 4.12886E+04
 34.5 4.02928E+04
 35.0 3.92925E+04
 35.5 3.82890E+04
 36.0 3.72832E+04
 36.5 3.62761E+04
 37.0 3.52684E+04
 37.5 3.42609E+04
 38.0 3.32543E+04
 38.5 3.22489E+04
 39.0 3.12455E+04
 39.5 3.02443E+04
 40.0 2.92458E+04
 40.5 2.82504E+04
 41.0 2.72583E+04
 41.5 2.62699E+04
 42.0 2.52853E+04
 42.5 2.43048E+04
 43.0 2.33286E+04
 43.5 2.23570E+04
 44.0 2.13901E+04
 44.5 2.04280E+04
 45.0 1.94709E+04
 45.5 1.85190E+04
 46.0 1.75725E+04
 46.5 1.66314E+04
 47.0 1.56960E+04
 47.5 1.47663E+04
 48.0 1.38426E+04
 48.5 1.29249E+04
 49.0 1.20134E+04
 49.5 1.11083E+04
 50.0 1.02098E+04
 50.5 9.31789E+03
 51.0 8.43287E+03
 51.5 7.55488E+03
 52.0 6.68410E+03
 52.5 5.82071E+03
 53.0 4.96489E+03
 53.5 4.11684E+03
 54.0 3.27677E+03
 54.5 2.44487E+03
 55.0 1.62136E+03
 55.5 8.06452E+02
 56.0 6.69874E+01
