056K09D0W2
  0.5 0.00000E+00
  1.0 0.00000E+00
  1.5 0.00000E+00
  2.0 0.00000E+00
  2.5 0.00000E+00
  3.0 0.00000E+00
  3.5 2.57187E+04
  4.0 3.36731E+04
  4.5 4.18796E+04
  5.0 5.03287E+04
  5.5 5.90240E+04
  6.0 6.79786E+04
  6.5 7.72134E+04
  7.0 8.67431E+04
  7.5 9.65421E+04
  8.0 1.06505E+05
  8.5 1.41453E+06
  9.0 1.26041E+05
  9.5 9.39688E+05
 10.0 7.85948E+05
 10.5 5.57410E+04
 11.0 5.92659E+04
 11.5 1.62174E+05
 12.0 4.42966E+04
 12.5 4.07144E+04
 13.0 4.27262E+04
 13.5 4.47043E+04
 14.0 4.66376E+04
 14.5 4.85127E+04
 15.0 5.03153E+04
 15.5 5.20298E+04
 16.0 5.36413E+04
 16.5 5.51360E+04
 17.0 5.65017E+04
 17.5 5.77288E+04
 18.0 5.88101E+04
 18.5 5.97412E+04
 19.0 6.05202E+04
 19.5 6.11477E+04
 20.0 6.16264E+04
 20.5 6.19606E+04
 21.0 6.21564E+04
 21.5 6.22206E+04
 22.0 6.21612E+04
 22.5 6.19863E+04
 23.0 6.17047E+04
 23.5 6.13247E+04
 24.0 6.08552E+04
 24.5 6.03043E+04
 25.0 5.96801E+04
 25.5 5.89901E+04
 26.0 5.82414E+04
 26.5 5.74409E+04
 27.0 5.65945E+04
 27.5 5.57081E+04
 28.0 5.47868E+04
 28.5 5.38354E+04
 29.0 5.28582E+04
 29.5 5.18591E+04
 30.0 5.08416E+04
 30.5 4.98088E+04
 31.0 4.87635E+04
 31.5 4.77083E+04
 32.0 4.66453E+04
 32.5 4.55764E+04
 33.0 4.45034E+04
 33.5 4.34278E+04
 34.0 4.23510E+04
 34.5 4.12740E+04
 35.0 4.01978E+04
 35.5 3.91234E+04
 36.0 3.80514E+04
 36.5 3.69825E+04
 37.0 3.59173E+04
 37.5 3.48562E+04
 38.0 3.37996E+04
 38.5 3.27478E+04
 39.0 3.17013E+04
 39.5 3.06600E+04
 40.0 2.96244E+04
 40.5 2.85945E+04
 41.0 2.75706E+04
 41.5 2.65526E+04
 42.0 2.55407E+04
 42.5 2.45351E+04
 43.0 2.35357E+04
 43.5 2.25427E+04
 44.0 2.15561E+04
 44.5 2.05759E+04
 45.0 1.96023E+04
 45.5 1.86353E+04
 46.0 1.76749E+04
 46.5 1.67212E+04
 47.0 1.57743E+04
 47.5 1.48342E+04
 48.0 1.39011E+04
 48.5 1.29749E+04
 49.0 1.20558E+04
 49.5 1.11439E+04
 50.0 1.02393E+04
 50.5 9.34212E+03
 51.0 8.45242E+03
 51.5 7.57036E+03
 52.0 6.69607E+03
 52.5 5.82969E+03
 53.0 4.97138E+03
 53.5 4.12130E+03
 54.0 3.27961E+03
 54.5 2.44649E+03
 55.0 1.62211E+03
 55.5 8.06682E+02
 56.0 6.69993E+01
