056K06D0W2
  0.5 0.00000E+00
  1.0 0.00000E+00
  1.5 0.00000E+00
  2.0 0.00000E+00
  2.5 0.00000E+00
  3.0 0.00000E+00
  3.5 1.49786E+04
  4.0 2.03617E+04
  4.5 2.58874E+04
  5.0 3.15240E+04
  5.5 3.72588E+04
  6.0 4.30858E+04
  6.5 4.90031E+04
  7.0 5.50113E+04
  7.5 6.11127E+04
  8.0 6.73058E+04
  8.5 7.31191E+05
  9.0 7.98804E+04
  9.5 5.82470E+05
 10.0 4.88165E+05
 10.5 3.55276E+04
 11.0 3.77787E+04
 11.5 8.43722E+04
 12.0 2.83056E+04
 12.5 2.60375E+04
 13.0 2.73400E+04
 13.5 2.86248E+04
 14.0 2.98911E+04
 14.5 3.11380E+04
 15.0 3.23643E+04
 15.5 3.35680E+04
 16.0 3.47465E+04
 16.5 3.58964E+04
 17.0 3.70135E+04
 17.5 3.80928E+04
 18.0 3.91289E+04
 18.5 4.01161E+04
 19.0 4.10486E+04
 19.5 4.19210E+04
 20.0 4.27280E+04
 20.5 4.34654E+04
 21.0 4.41294E+04
 21.5 4.47171E+04
 22.0 4.52266E+04
 22.5 4.56568E+04
 23.0 4.60073E+04
 23.5 4.62787E+04
 24.0 4.64721E+04
 24.5 4.65892E+04
 25.0 4.66323E+04
 25.5 4.66039E+04
 26.0 4.65069E+04
 26.5 4.63447E+04
 27.0 4.61205E+04
 27.5 4.58377E+04
 28.0 4.54998E+04
 28.5 4.51102E+04
 29.0 4.46724E+04
 29.5 4.41896E+04
 30.0 4.36651E+04
 30.5 4.31019E+04
 31.0 4.25031E+04
 31.5 4.18715E+04
 32.0 4.12097E+04
 32.5 4.05203E+04
 33.0 3.98055E+04
 33.5 3.90677E+04
 34.0 3.83089E+04
 34.5 3.75311E+04
 35.0 3.67359E+04
 35.5 3.59252E+04
 36.0 3.51005E+04
 36.5 3.42631E+04
 37.0 3.34145E+04
 37.5 3.25559E+04
 38.0 3.16883E+04
 38.5 3.08130E+04
 39.0 2.99307E+04
 39.5 2.90426E+04
 40.0 2.81493E+04
 40.5 2.72517E+04
 41.0 2.63506E+04
 41.5 2.54465E+04
 42.0 2.45401E+04
 42.5 2.36320E+04
 43.0 2.27228E+04
 43.5 2.18129E+04
 44.0 2.09030E+04
 44.5 1.99933E+04
 45.0 1.90844E+04
 45.5 1.81767E+04
 46.0 1.72706E+04
 46.5 1.63665E+04
 47.0 1.54646E+04
 47.5 1.45655E+04
 48.0 1.36694E+04
 48.5 1.27767E+04
 49.0 1.18876E+04
 49.5 1.10026E+04
 50.0 1.01219E+04
 50.5 9.24585E+03
 51.0 8.37471E+03
 51.5 7.50881E+03
 52.0 6.64845E+03
 52.5 5.79392E+03
 53.0 4.94552E+03
 53.5 4.10354E+03
 54.0 3.26828E+03
 54.5 2.44003E+03
 55.0 1.61909E+03
 55.5 8.05765E+02
 56.0 6.69518E+01
