056K13D0W2
  0.5 0.00000E+00
  1.0 0.00000E+00
  1.5 0.00000E+00
  2.0 0.00000E+00
  2.5 0.00000E+00
  3.0 0.00000E+00
  3.5 4.06823E+04
  4.0 5.21630E+04
  4.5 6.41383E+04
  5.0 7.66387E+04
  5.5 8.97207E+04
  6.0 1.03454E+05
  6.5 1.17852E+05
  7.0 1.32754E+05
  7.5 1.47768E+05
  8.0 1.62318E+05
  8.5 2.15375E+06
  9.0 1.87613E+05
  9.5 1.28280E+06
 10.0 1.07196E+06
 10.5 8.44761E+04
 11.0 8.95607E+04
 11.5 2.57331E+05
 12.0 6.68877E+04
 12.5 6.14170E+04
 13.0 6.43069E+04
 13.5 6.70514E+04
 14.0 6.96148E+04
 14.5 7.19650E+04
 15.0 7.40756E+04
 15.5 7.59269E+04
 16.0 7.75063E+04
 16.5 7.88087E+04
 17.0 7.98348E+04
 17.5 8.05913E+04
 18.0 8.10891E+04
 18.5 8.13426E+04
 19.0 8.13686E+04
 19.5 8.11852E+04
 20.0 8.08116E+04
 20.5 8.02667E+04
 21.0 7.95694E+04
 21.5 7.87377E+04
 22.0 7.77888E+04
 22.5 7.67385E+04
 23.0 7.56017E+04
 23.5 7.43918E+04
 24.0 7.31210E+04
 24.5 7.18003E+04
 25.0 7.04394E+04
 25.5 6.90471E+04
 26.0 6.76309E+04
 26.5 6.61975E+04
 27.0 6.47527E+04
 27.5 6.33016E+04
 28.0 6.18485E+04
 28.5 6.03969E+04
 29.0 5.89501E+04
 29.5 5.75106E+04
 30.0 5.60807E+04
 30.5 5.46619E+04
 31.0 5.32559E+04
 31.5 5.18636E+04
 32.0 5.04860E+04
 32.5 4.91238E+04
 33.0 4.77774E+04
 33.5 4.64472E+04
 34.0 4.51332E+04
 34.5 4.38355E+04
 35.0 4.25542E+04
 35.5 4.12891E+04
 36.0 4.00399E+04
 36.5 3.88065E+04
 37.0 3.75886E+04
 37.5 3.63859E+04
 38.0 3.51980E+04
 38.5 3.40246E+04
 39.0 3.28653E+04
 39.5 3.17199E+04
 40.0 3.05878E+04
 40.5 2.94688E+04
 41.0 2.83625E+04
 41.5 2.72686E+04
 42.0 2.61868E+04
 42.5 2.51166E+04
 43.0 2.40579E+04
 43.5 2.30104E+04
 44.0 2.19737E+04
 44.5 2.09477E+04
 45.0 1.99321E+04
 45.5 1.89268E+04
 46.0 1.79314E+04
 46.5 1.69459E+04
 47.0 1.59701E+04
 47.5 1.50039E+04
 48.0 1.40471E+04
 48.5 1.30997E+04
 49.0 1.21615E+04
 49.5 1.12326E+04
 50.0 1.03129E+04
 50.5 9.40240E+03
 51.0 8.50101E+03
 51.5 7.60880E+03
 52.0 6.72578E+03
 52.5 5.85199E+03
 53.0 4.98749E+03
 53.5 4.13235E+03
 54.0 3.28666E+03
 54.5 2.45050E+03
 55.0 1.62399E+03
 55.5 8.07251E+02
 56.0 6.70287E+01
