056K19D0W2
  0.5 0.00000E+00
  1.0 0.00000E+00
  1.5 0.00000E+00
  2.0 0.00000E+00
  2.5 0.00000E+00
  3.0 0.00000E+00
  3.5 6.46058E+04
  4.0 8.18311E+04
  4.5 1.00138E+05
  5.0 1.19706E+05
  5.5 1.40704E+05
  6.0 1.63006E+05
  6.5 1.85930E+05
  7.0 2.08310E+05
  7.5 2.28841E+05
  8.0 2.46442E+05
  8.5 2.93911E+06
  9.0 2.70629E+05
  9.5 1.62341E+06
 10.0 1.35582E+06
 10.5 1.29521E+05
 11.0 1.35638E+05
 11.5 3.73144E+05
 12.0 1.02161E+05
 12.5 9.37752E+04
 13.0 9.72609E+04
 13.5 1.00275E+05
 14.0 1.02791E+05
 14.5 1.04796E+05
 15.0 1.06298E+05
 15.5 1.07315E+05
 16.0 1.07874E+05
 16.5 1.08013E+05
 17.0 1.07768E+05
 17.5 1.07183E+05
 18.0 1.06297E+05
 18.5 1.05152E+05
 19.0 1.03784E+05
 19.5 1.02229E+05
 20.0 1.00519E+05
 20.5 9.86831E+04
 21.0 9.67474E+04
 21.5 9.47348E+04
 22.0 9.26650E+04
 22.5 9.05555E+04
 23.0 8.84212E+04
 23.5 8.62747E+04
 24.0 8.41267E+04
 24.5 8.19863E+04
 25.0 7.98608E+04
 25.5 7.77563E+04
 26.0 7.56777E+04
 26.5 7.36289E+04
 27.0 7.16129E+04
 27.5 6.96319E+04
 28.0 6.76876E+04
 28.5 6.57811E+04
 29.0 6.39130E+04
 29.5 6.20835E+04
 30.0 6.02927E+04
 30.5 5.85401E+04
 31.0 5.68253E+04
 31.5 5.51475E+04
 32.0 5.35059E+04
 32.5 5.18997E+04
 33.0 5.03277E+04
 33.5 4.87889E+04
 34.0 4.72823E+04
 34.5 4.58066E+04
 35.0 4.43608E+04
 35.5 4.29437E+04
 36.0 4.15542E+04
 36.5 4.01912E+04
 37.0 3.88537E+04
 37.5 3.75405E+04
 38.0 3.62507E+04
 38.5 3.49833E+04
 39.0 3.37374E+04
 39.5 3.25120E+04
 40.0 3.13063E+04
 40.5 3.01195E+04
 41.0 2.89508E+04
 41.5 2.77995E+04
 42.0 2.66649E+04
 42.5 2.55463E+04
 43.0 2.44431E+04
 43.5 2.33548E+04
 44.0 2.22809E+04
 44.5 2.12208E+04
 45.0 2.01740E+04
 45.5 1.91403E+04
 46.0 1.81191E+04
 46.5 1.71101E+04
 47.0 1.61130E+04
 47.5 1.51275E+04
 48.0 1.41534E+04
 48.5 1.31905E+04
 49.0 1.22384E+04
 49.5 1.12971E+04
 50.0 1.03664E+04
 50.5 9.44611E+03
 51.0 8.53622E+03
 51.5 7.63663E+03
 52.0 6.74728E+03
 52.5 5.86811E+03
 53.0 4.99913E+03
 53.5 4.14033E+03
 54.0 3.29174E+03
 54.5 2.45339E+03
 55.0 1.62534E+03
 55.5 8.07661E+02
 56.0 6.70499E+01
