056K10D0W2
  0.5 0.00000E+00
  1.0 0.00000E+00
  1.5 0.00000E+00
  2.0 0.00000E+00
  2.5 0.00000E+00
  3.0 0.00000E+00
  3.5 2.93936E+04
  4.0 3.82141E+04
  4.5 4.73376E+04
  5.0 5.67623E+04
  5.5 6.65004E+04
  6.0 7.65768E+04
  6.5 8.70222E+04
  7.0 9.78421E+04
  7.5 1.08962E+05
  8.0 1.20187E+05
  8.5 1.61916E+06
  9.0 1.41655E+05
  9.5 1.03778E+06
 10.0 8.67729E+05
 10.5 6.27500E+04
 11.0 6.67009E+04
 11.5 1.87314E+05
 12.0 4.98194E+04
 12.5 4.57771E+04
 13.0 4.80268E+04
 13.5 5.02265E+04
 14.0 5.23586E+04
 14.5 5.44038E+04
 15.0 5.63426E+04
 15.5 5.81556E+04
 16.0 5.98258E+04
 16.5 6.13387E+04
 17.0 6.26831E+04
 17.5 6.38514E+04
 18.0 6.48395E+04
 18.5 6.56469E+04
 19.0 6.62757E+04
 19.5 6.67308E+04
 20.0 6.70192E+04
 20.5 6.71493E+04
 21.0 6.71308E+04
 21.5 6.69741E+04
 22.0 6.66901E+04
 22.5 6.62896E+04
 23.0 6.57835E+04
 23.5 6.51821E+04
 24.0 6.44957E+04
 24.5 6.37337E+04
 25.0 6.29051E+04
 25.5 6.20181E+04
 26.0 6.10803E+04
 26.5 6.00989E+04
 27.0 5.90801E+04
 27.5 5.80297E+04
 28.0 5.69529E+04
 28.5 5.58543E+04
 29.0 5.47380E+04
 29.5 5.36078E+04
 30.0 5.24668E+04
 30.5 5.13180E+04
 31.0 5.01637E+04
 31.5 4.90062E+04
 32.0 4.78474E+04
 32.5 4.66889E+04
 33.0 4.55320E+04
 33.5 4.43781E+04
 34.0 4.32280E+04
 34.5 4.20827E+04
 35.0 4.09428E+04
 35.5 3.98090E+04
 36.0 3.86818E+04
 36.5 3.75614E+04
 37.0 3.64484E+04
 37.5 3.53428E+04
 38.0 3.42449E+04
 38.5 3.31549E+04
 39.0 3.20727E+04
 39.5 3.09985E+04
 40.0 2.99324E+04
 40.5 2.88742E+04
 41.0 2.78241E+04
 41.5 2.67820E+04
 42.0 2.57479E+04
 42.5 2.47217E+04
 43.0 2.37034E+04
 43.5 2.26929E+04
 44.0 2.16903E+04
 44.5 2.06955E+04
 45.0 1.97084E+04
 45.5 1.87291E+04
 46.0 1.77575E+04
 46.5 1.67936E+04
 47.0 1.58374E+04
 47.5 1.48889E+04
 48.0 1.39482E+04
 48.5 1.30152E+04
 49.0 1.20900E+04
 49.5 1.11726E+04
 50.0 1.02631E+04
 50.5 9.36160E+03
 51.0 8.46813E+03
 51.5 7.58279E+03
 52.0 6.70568E+03
 52.5 5.83691E+03
 53.0 4.97660E+03
 53.5 4.12488E+03
 54.0 3.28189E+03
 54.5 2.44779E+03
 55.0 1.62272E+03
 55.5 8.06866E+02
 56.0 6.70088E+01
