056K14D0W2
  0.5 0.00000E+00
  1.0 0.00000E+00
  1.5 0.00000E+00
  2.0 0.00000E+00
  2.5 0.00000E+00
  3.0 0.00000E+00
  3.5 4.45368E+04
  4.0 5.69306E+04
  4.5 6.98964E+04
  5.0 8.34803E+04
  5.5 9.77603E+04
  6.0 1.12816E+05
  6.5 1.28617E+05
  7.0 1.44891E+05
  7.5 1.61093E+05
  8.0 1.76516E+05
  8.5 2.30790E+06
  9.0 2.02388E+05
  9.5 1.35116E+06
 10.0 1.12892E+06
 10.5 9.18972E+04
 11.0 9.72822E+04
 11.5 2.78774E+05
 12.0 7.27057E+04
 12.5 6.67488E+04
 13.0 6.98105E+04
 13.5 7.26812E+04
 14.0 7.53216E+04
 14.5 7.76986E+04
 15.0 7.97875E+04
 15.5 8.15719E+04
 16.0 8.30445E+04
 16.5 8.42054E+04
 17.0 8.50616E+04
 17.5 8.56258E+04
 18.0 8.59146E+04
 18.5 8.59474E+04
 19.0 8.57456E+04
 19.5 8.53313E+04
 20.0 8.47268E+04
 20.5 8.39540E+04
 21.0 8.30336E+04
 21.5 8.19855E+04
 22.0 8.08280E+04
 22.5 7.95778E+04
 23.0 7.82503E+04
 23.5 7.68594E+04
 24.0 7.54172E+04
 24.5 7.39348E+04
 25.0 7.24219E+04
 25.5 7.08867E+04
 26.0 6.93367E+04
 26.5 6.77782E+04
 27.0 6.62165E+04
 27.5 6.46563E+04
 28.0 6.31016E+04
 28.5 6.15554E+04
 29.0 6.00206E+04
 29.5 5.84993E+04
 30.0 5.69932E+04
 30.5 5.55039E+04
 31.0 5.40322E+04
 31.5 5.25792E+04
 32.0 5.11452E+04
 32.5 4.97307E+04
 33.0 4.83358E+04
 33.5 4.69606E+04
 34.0 4.56051E+04
 34.5 4.42689E+04
 35.0 4.29519E+04
 35.5 4.16537E+04
 36.0 4.03740E+04
 36.5 3.91123E+04
 37.0 3.78683E+04
 37.5 3.66413E+04
 38.0 3.54311E+04
 38.5 3.42371E+04
 39.0 3.30588E+04
 39.5 3.18957E+04
 40.0 3.07474E+04
 40.5 2.96134E+04
 41.0 2.84934E+04
 41.5 2.73868E+04
 42.0 2.62932E+04
 42.5 2.52124E+04
 43.0 2.41438E+04
 43.5 2.30872E+04
 44.0 2.20423E+04
 44.5 2.10087E+04
 45.0 1.99862E+04
 45.5 1.89745E+04
 46.0 1.79733E+04
 46.5 1.69826E+04
 47.0 1.60021E+04
 47.5 1.50315E+04
 48.0 1.40709E+04
 48.5 1.31200E+04
 49.0 1.21788E+04
 49.5 1.12471E+04
 50.0 1.03249E+04
 50.5 9.41220E+03
 51.0 8.50891E+03
 51.5 7.61504E+03
 52.0 6.73060E+03
 52.5 5.85561E+03
 53.0 4.99011E+03
 53.5 4.13415E+03
 54.0 3.28780E+03
 54.5 2.45115E+03
 55.0 1.62429E+03
 55.5 8.07343E+02
 56.0 6.70334E+01
