056K17D0W2
  0.5 0.00000E+00
  1.0 0.00000E+00
  1.5 0.00000E+00
  2.0 0.00000E+00
  2.5 0.00000E+00
  3.0 0.00000E+00
  3.5 5.64069E+04
  4.0 7.16403E+04
  4.5 8.77238E+04
  5.0 1.04773E+05
  5.5 1.22935E+05
  6.0 1.42236E+05
  6.5 1.62346E+05
  7.0 1.82499E+05
  7.5 2.01664E+05
  8.0 2.18835E+05
  8.5 2.71117E+06
  9.0 2.44515E+05
  9.5 1.52634E+06
 10.0 1.27490E+06
 10.5 1.14437E+05
 11.0 1.20420E+05
 11.5 3.37785E+05
 12.0 9.03565E+04
 12.5 8.29361E+04
 13.0 8.63440E+04
 13.5 8.93980E+04
 14.0 9.20600E+04
 14.5 9.43057E+04
 15.0 9.61253E+04
 15.5 9.75209E+04
 16.0 9.85054E+04
 16.5 9.90997E+04
 17.0 9.93305E+04
 17.5 9.92284E+04
 18.0 9.88256E+04
 18.5 9.81554E+04
 19.0 9.72504E+04
 19.5 9.61417E+04
 20.0 9.48589E+04
 20.5 9.34291E+04
 21.0 9.18774E+04
 21.5 9.02260E+04
 22.0 8.84951E+04
 22.5 8.67023E+04
 23.0 8.48633E+04
 23.5 8.29915E+04
 24.0 8.10987E+04
 24.5 7.91949E+04
 25.0 7.72885E+04
 25.5 7.53866E+04
 26.0 7.34954E+04
 26.5 7.16196E+04
 27.0 6.97634E+04
 27.5 6.79299E+04
 28.0 6.61216E+04
 28.5 6.43406E+04
 29.0 6.25882E+04
 29.5 6.08654E+04
 30.0 5.91729E+04
 30.5 5.75110E+04
 31.0 5.58798E+04
 31.5 5.42791E+04
 32.0 5.27086E+04
 32.5 5.11679E+04
 33.0 4.96563E+04
 33.5 4.81733E+04
 34.0 4.67180E+04
 34.5 4.52897E+04
 35.0 4.38875E+04
 35.5 4.25107E+04
 36.0 4.11584E+04
 36.5 3.98296E+04
 37.0 3.85236E+04
 37.5 3.72395E+04
 38.0 3.59765E+04
 38.5 3.47338E+04
 39.0 3.35106E+04
 39.5 3.23061E+04
 40.0 3.11197E+04
 40.5 2.99506E+04
 41.0 2.87982E+04
 41.5 2.76619E+04
 42.0 2.65410E+04
 42.5 2.54350E+04
 43.0 2.43434E+04
 43.5 2.32657E+04
 44.0 2.22015E+04
 44.5 2.11502E+04
 45.0 2.01115E+04
 45.5 1.90851E+04
 46.0 1.80706E+04
 46.5 1.70677E+04
 47.0 1.60761E+04
 47.5 1.50956E+04
 48.0 1.41260E+04
 48.5 1.31671E+04
 49.0 1.22186E+04
 49.5 1.12805E+04
 50.0 1.03526E+04
 50.5 9.43485E+03
 51.0 8.52716E+03
 51.5 7.62947E+03
 52.0 6.74175E+03
 52.5 5.86397E+03
 53.0 4.99614E+03
 53.5 4.13828E+03
 54.0 3.29043E+03
 54.5 2.45265E+03
 55.0 1.62499E+03
 55.5 8.07555E+02
 56.0 6.70444E+01
