056K20D0W2
  0.5 0.00000E+00
  1.0 0.00000E+00
  1.5 0.00000E+00
  2.0 0.00000E+00
  2.5 0.00000E+00
  3.0 0.00000E+00
  3.5 6.88014E+04
  4.0 8.70573E+04
  4.5 1.06526E+05
  5.0 1.27425E+05
  5.5 1.49912E+05
  6.0 1.73740E+05
  6.5 1.98012E+05
  7.0 2.21361E+05
  7.5 2.42378E+05
  8.0 2.59986E+05
  8.5 3.04296E+06
  9.0 2.83091E+05
  9.5 1.66724E+06
 10.0 1.39238E+06
 10.5 1.37037E+05
 11.0 1.43142E+05
 11.5 3.89767E+05
 12.0 1.08042E+05
 12.5 9.91797E+04
 13.0 1.02658E+05
 13.5 1.05608E+05
 14.0 1.08008E+05
 14.5 1.09855E+05
 15.0 1.11166E+05
 15.5 1.11967E+05
 16.0 1.12294E+05
 16.5 1.12190E+05
 17.0 1.11700E+05
 17.5 1.10868E+05
 18.0 1.09741E+05
 18.5 1.08360E+05
 19.0 1.06766E+05
 19.5 1.04996E+05
 20.0 1.03082E+05
 20.5 1.01054E+05
 21.0 9.89373E+04
 21.5 9.67558E+04
 22.0 9.45288E+04
 22.5 9.22730E+04
 23.0 9.00031E+04
 23.5 8.77310E+04
 24.0 8.54669E+04
 24.5 8.32193E+04
 25.0 8.09948E+04
 25.5 7.87991E+04
 26.0 7.66365E+04
 26.5 7.45102E+04
 27.0 7.24229E+04
 27.5 7.03764E+04
 28.0 6.83717E+04
 28.5 6.64096E+04
 29.0 6.44903E+04
 29.5 6.26138E+04
 30.0 6.07796E+04
 30.5 5.89872E+04
 31.0 5.72356E+04
 31.5 5.55241E+04
 32.0 5.38514E+04
 32.5 5.22165E+04
 33.0 5.06182E+04
 33.5 4.90551E+04
 34.0 4.75261E+04
 34.5 4.60298E+04
 35.0 4.45650E+04
 35.5 4.31305E+04
 36.0 4.17249E+04
 36.5 4.03471E+04
 37.0 3.89958E+04
 37.5 3.76701E+04
 38.0 3.63687E+04
 38.5 3.50906E+04
 39.0 3.38349E+04
 39.5 3.26005E+04
 40.0 3.13865E+04
 40.5 3.01920E+04
 41.0 2.90163E+04
 41.5 2.78586E+04
 42.0 2.67180E+04
 42.5 2.55940E+04
 43.0 2.44859E+04
 43.5 2.33931E+04
 44.0 2.23149E+04
 44.5 2.12510E+04
 45.0 2.02008E+04
 45.5 1.91639E+04
 46.0 1.81398E+04
 46.5 1.71282E+04
 47.0 1.61288E+04
 47.5 1.51412E+04
 48.0 1.41652E+04
 48.5 1.32005E+04
 49.0 1.22469E+04
 49.5 1.13042E+04
 50.0 1.03722E+04
 50.5 9.45092E+03
 51.0 8.54010E+03
 51.5 7.63970E+03
 52.0 6.74964E+03
 52.5 5.86989E+03
 53.0 5.00041E+03
 53.5 4.14121E+03
 54.0 3.29230E+03
 54.5 2.45371E+03
 55.0 1.62549E+03
 55.5 8.07706E+02
 56.0 6.70522E+01
