056K22D0W2
  0.5 0.00000E+00
  1.0 0.00000E+00
  1.5 0.00000E+00
  2.0 0.00000E+00
  2.5 0.00000E+00
  3.0 0.00000E+00
  3.5 7.74053E+04
  4.0 9.78009E+04
  4.5 1.19710E+05
  5.0 1.43420E+05
  5.5 1.69011E+05
  6.0 1.95890E+05
  6.5 2.22681E+05
  7.0 2.47642E+05
  7.5 2.69237E+05
  8.0 2.86477E+05
  8.5 3.23335E+06
  9.0 3.06868E+05
  9.5 1.74700E+06
 10.0 1.45894E+06
 10.5 1.51959E+05
 11.0 1.57895E+05
 11.5 4.21112E+05
 12.0 1.19719E+05
 12.5 1.09921E+05
 13.0 1.13298E+05
 13.5 1.16036E+05
 14.0 1.18130E+05
 14.5 1.19599E+05
 15.0 1.20477E+05
 15.5 1.20807E+05
 16.0 1.20642E+05
 16.5 1.20035E+05
 17.0 1.19043E+05
 17.5 1.17719E+05
 18.0 1.16113E+05
 18.5 1.14273E+05
 19.0 1.12242E+05
 19.5 1.10058E+05
 20.0 1.07755E+05
 20.5 1.05362E+05
 21.0 1.02906E+05
 21.5 1.00409E+05
 22.0 9.78896E+04
 22.5 9.53632E+04
 23.0 9.28432E+04
 23.5 9.03405E+04
 24.0 8.78640E+04
 24.5 8.54207E+04
 25.0 8.30164E+04
 25.5 8.06553E+04
 26.0 7.83406E+04
 26.5 7.60747E+04
 27.0 7.38592E+04
 27.5 7.16948E+04
 28.0 6.95818E+04
 28.5 6.75203E+04
 29.0 6.55097E+04
 29.5 6.35493E+04
 30.0 6.16379E+04
 30.5 5.97746E+04
 31.0 5.79579E+04
 31.5 5.61864E+04
 32.0 5.44587E+04
 32.5 5.27731E+04
 33.0 5.11281E+04
 33.5 4.95222E+04
 34.0 4.79537E+04
 34.5 4.64211E+04
 35.0 4.49229E+04
 35.5 4.34575E+04
 36.0 4.20236E+04
 36.5 4.06197E+04
 37.0 3.92445E+04
 37.5 3.78967E+04
 38.0 3.65750E+04
 38.5 3.52782E+04
 39.0 3.40053E+04
 39.5 3.27550E+04
 40.0 3.15265E+04
 40.5 3.03187E+04
 41.0 2.91307E+04
 41.5 2.79617E+04
 42.0 2.68108E+04
 42.5 2.56773E+04
 43.0 2.45605E+04
 43.5 2.34597E+04
 44.0 2.23743E+04
 44.5 2.13037E+04
 45.0 2.02475E+04
 45.5 1.92050E+04
 46.0 1.81760E+04
 46.5 1.71598E+04
 47.0 1.61563E+04
 47.5 1.51650E+04
 48.0 1.41856E+04
 48.5 1.32179E+04
 49.0 1.22616E+04
 49.5 1.13165E+04
 50.0 1.03825E+04
 50.5 9.45930E+03
 51.0 8.54685E+03
 51.5 7.64503E+03
 52.0 6.75376E+03
 52.5 5.87297E+03
 53.0 5.00264E+03
 53.5 4.14274E+03
 54.0 3.29327E+03
 54.5 2.45426E+03
 55.0 1.62575E+03
 55.5 8.07784E+02
 56.0 6.70562E+01
