057K17D0W2
  0.5 0.00000E+00
  1.0 0.00000E+00
  1.5 0.00000E+00
  2.0 0.00000E+00
  2.5 0.00000E+00
  3.0 0.00000E+00
  3.5 5.57043E+04
  4.0 7.07775E+04
  4.5 8.66869E+04
  5.0 1.03541E+05
  5.5 1.21487E+05
  6.0 1.40576E+05
  6.5 1.60539E+05
  7.0 1.80679E+05
  7.5 2.00009E+05
  8.0 2.17526E+05
  8.5 2.74211E+06
  9.0 2.44289E+05
  9.5 1.54998E+06
 10.0 1.29462E+06
 10.5 1.13859E+05
 11.0 1.19998E+05
 11.5 3.39644E+05
 12.0 9.00306E+04
 12.5 8.26684E+04
 13.0 8.61723E+04
 13.5 8.93394E+04
 14.0 9.21280E+04
 14.5 9.45100E+04
 15.0 9.64715E+04
 15.5 9.80110E+04
 16.0 9.91380E+04
 16.5 9.98705E+04
 17.0 1.00233E+05
 17.5 1.00254E+05
 18.0 9.99652E+04
 18.5 9.93988E+04
 19.0 9.85871E+04
 19.5 9.75613E+04
 20.0 9.63512E+04
 20.5 9.49844E+04
 21.0 9.34863E+04
 21.5 9.18801E+04
 22.0 9.01864E+04
 22.5 8.84237E+04
 23.0 8.66083E+04
 23.5 8.47544E+04
 24.0 8.28743E+04
 24.5 8.09786E+04
 25.0 7.90765E+04
 25.5 7.71756E+04
 26.0 7.52824E+04
 26.5 7.34022E+04
 27.0 7.15396E+04
 27.5 6.96980E+04
 28.0 6.78804E+04
 28.5 6.60890E+04
 29.0 6.43255E+04
 29.5 6.25911E+04
 30.0 6.08867E+04
 30.5 5.92127E+04
 31.0 5.75694E+04
 31.5 5.59567E+04
 32.0 5.43746E+04
 32.5 5.28225E+04
 33.0 5.13000E+04
 33.5 4.98066E+04
 34.0 4.83414E+04
 34.5 4.69038E+04
 35.0 4.54930E+04
 35.5 4.41082E+04
 36.0 4.27484E+04
 36.5 4.14130E+04
 37.0 4.01009E+04
 37.5 3.88114E+04
 38.0 3.75437E+04
 38.5 3.62969E+04
 39.0 3.50702E+04
 39.5 3.38629E+04
 40.0 3.26742E+04
 40.5 3.15034E+04
 41.0 3.03498E+04
 41.5 2.92127E+04
 42.0 2.80916E+04
 42.5 2.69858E+04
 43.0 2.58949E+04
 43.5 2.48181E+04
 44.0 2.37552E+04
 44.5 2.27055E+04
 45.0 2.16687E+04
 45.5 2.06444E+04
 46.0 1.96321E+04
 46.5 1.86316E+04
 47.0 1.76426E+04
 47.5 1.66647E+04
 48.0 1.56977E+04
 48.5 1.47414E+04
 49.0 1.37955E+04
 49.5 1.28599E+04
 50.0 1.19345E+04
 50.5 1.10190E+04
 51.0 1.01134E+04
 51.5 9.21750E+03
 52.0 8.33134E+03
 52.5 7.45484E+03
 53.0 6.58794E+03
 53.5 5.73065E+03
 54.0 4.88295E+03
 54.5 4.04487E+03
 55.0 3.21643E+03
 55.5 2.39770E+03
 56.0 1.58873E+03
 56.5 7.89609E+02
 57.0 6.55582E+01
