057K19D0W2
  0.5 0.00000E+00
  1.0 0.00000E+00
  1.5 0.00000E+00
  2.0 0.00000E+00
  2.5 0.00000E+00
  3.0 0.00000E+00
  3.5 6.38036E+04
  4.0 8.08421E+04
  4.5 9.89407E+04
  5.0 1.18272E+05
  5.5 1.39012E+05
  6.0 1.61088E+05
  6.5 1.83907E+05
  7.0 2.06374E+05
  7.5 2.27211E+05
  8.0 2.45310E+05
  8.5 2.97855E+06
  9.0 2.70835E+05
  9.5 1.65090E+06
 10.0 1.37874E+06
 10.5 1.28995E+05
 11.0 1.35325E+05
 11.5 3.75927E+05
 12.0 1.01889E+05
 12.5 9.35573E+04
 13.0 9.71729E+04
 13.5 1.00334E+05
 14.0 1.03007E+05
 14.5 1.05176E+05
 15.0 1.06843E+05
 15.5 1.08023E+05
 16.0 1.08740E+05
 16.5 1.09026E+05
 17.0 1.08920E+05
 17.5 1.08461E+05
 18.0 1.07690E+05
 18.5 1.06645E+05
 19.0 1.05366E+05
 19.5 1.03888E+05
 20.0 1.02243E+05
 20.5 1.00462E+05
 21.0 9.85717E+04
 21.5 9.65950E+04
 22.0 9.45531E+04
 22.5 9.24642E+04
 23.0 9.03441E+04
 23.5 8.82062E+04
 24.0 8.60619E+04
 24.5 8.39210E+04
 25.0 8.17914E+04
 25.5 7.96797E+04
 26.0 7.75914E+04
 26.5 7.55309E+04
 27.0 7.35015E+04
 27.5 7.15059E+04
 28.0 6.95460E+04
 28.5 6.76233E+04
 29.0 6.57385E+04
 29.5 6.38921E+04
 30.0 6.20844E+04
 30.5 6.03150E+04
 31.0 5.85837E+04
 31.5 5.68899E+04
 32.0 5.52328E+04
 32.5 5.36115E+04
 33.0 5.20252E+04
 33.5 5.04728E+04
 34.0 4.89532E+04
 34.5 4.74654E+04
 35.0 4.60082E+04
 35.5 4.45806E+04
 36.0 4.31814E+04
 36.5 4.18094E+04
 37.0 4.04637E+04
 37.5 3.91432E+04
 38.0 3.78468E+04
 38.5 3.65735E+04
 39.0 3.53224E+04
 39.5 3.40926E+04
 40.0 3.28831E+04
 40.5 3.16932E+04
 41.0 3.05220E+04
 41.5 2.93687E+04
 42.0 2.82326E+04
 42.5 2.71131E+04
 43.0 2.60095E+04
 43.5 2.49212E+04
 44.0 2.38476E+04
 44.5 2.27882E+04
 45.0 2.17424E+04
 45.5 2.07099E+04
 46.0 1.96902E+04
 46.5 1.86829E+04
 47.0 1.76877E+04
 47.5 1.67042E+04
 48.0 1.57321E+04
 48.5 1.47711E+04
 49.0 1.38211E+04
 49.5 1.28818E+04
 50.0 1.19530E+04
 50.5 1.10345E+04
 51.0 1.01262E+04
 51.5 9.22803E+03
 52.0 8.33983E+03
 52.5 7.46155E+03
 53.0 6.59313E+03
 53.5 5.73454E+03
 54.0 4.88576E+03
 54.5 4.04679E+03
 55.0 3.21766E+03
 55.5 2.39840E+03
 56.0 1.58906E+03
 56.5 7.89708E+02
 57.0 6.55633E+01
