057K14D0W2
  0.5 0.00000E+00
  1.0 0.00000E+00
  1.5 0.00000E+00
  2.0 0.00000E+00
  2.5 0.00000E+00
  3.0 0.00000E+00
  3.5 4.39763E+04
  4.0 5.62451E+04
  4.5 6.90796E+04
  5.0 8.25223E+04
  5.5 9.66476E+04
  6.0 1.11538E+05
  6.5 1.27185E+05
  7.0 1.43362E+05
  7.5 1.59569E+05
  8.0 1.75129E+05
  8.5 2.32500E+06
  9.0 2.01660E+05
  9.5 1.36824E+06
 10.0 1.14318E+06
 10.5 9.13278E+04
 11.0 9.67901E+04
 11.5 2.79267E+05
 12.0 7.23638E+04
 12.5 6.64640E+04
 13.0 6.95771E+04
 13.5 7.25131E+04
 14.0 7.52321E+04
 14.5 7.76992E+04
 15.0 7.98876E+04
 15.5 8.17783E+04
 16.0 8.33613E+04
 16.5 8.46344E+04
 17.0 8.56022E+04
 17.5 8.62754E+04
 18.0 8.66688E+04
 18.5 8.68009E+04
 19.0 8.66920E+04
 19.5 8.63636E+04
 20.0 8.58377E+04
 20.5 8.51359E+04
 21.0 8.42793E+04
 21.5 8.32877E+04
 22.0 8.21798E+04
 22.5 8.09727E+04
 23.0 7.96824E+04
 23.5 7.83229E+04
 24.0 7.69072E+04
 24.5 7.54467E+04
 25.0 7.39514E+04
 25.5 7.24302E+04
 26.0 7.08909E+04
 26.5 6.93402E+04
 27.0 6.77839E+04
 27.5 6.62270E+04
 28.0 6.46737E+04
 28.5 6.31275E+04
 29.0 6.15914E+04
 29.5 6.00678E+04
 30.0 5.85586E+04
 30.5 5.70656E+04
 31.0 5.55899E+04
 31.5 5.41324E+04
 32.0 5.26939E+04
 32.5 5.12748E+04
 33.0 4.98754E+04
 33.5 4.84958E+04
 34.0 4.71360E+04
 34.5 4.57959E+04
 35.0 4.44753E+04
 35.5 4.31739E+04
 36.0 4.18914E+04
 36.5 4.06273E+04
 37.0 3.93812E+04
 37.5 3.81528E+04
 38.0 3.69414E+04
 38.5 3.57467E+04
 39.0 3.45682E+04
 39.5 3.34053E+04
 40.0 3.22576E+04
 40.5 3.11247E+04
 41.0 3.00060E+04
 41.5 2.89012E+04
 42.0 2.78097E+04
 42.5 2.67313E+04
 43.0 2.56654E+04
 43.5 2.46118E+04
 44.0 2.35700E+04
 44.5 2.25398E+04
 45.0 2.15209E+04
 45.5 2.05129E+04
 46.0 1.95156E+04
 46.5 1.85287E+04
 47.0 1.75520E+04
 47.5 1.65854E+04
 48.0 1.56287E+04
 48.5 1.46816E+04
 49.0 1.37441E+04
 49.5 1.28160E+04
 50.0 1.18972E+04
 50.5 1.09878E+04
 51.0 1.00874E+04
 51.5 9.19629E+03
 52.0 8.31425E+03
 52.5 7.44132E+03
 53.0 6.57750E+03
 53.5 5.72281E+03
 54.0 4.87728E+03
 54.5 4.04098E+03
 55.0 3.21396E+03
 55.5 2.39629E+03
 56.0 1.58807E+03
 56.5 7.89409E+02
 57.0 6.55479E+01
