057K12D0W2
  0.5 0.00000E+00
  1.0 0.00000E+00
  1.5 0.00000E+00
  2.0 0.00000E+00
  2.5 0.00000E+00
  3.0 0.00000E+00
  3.5 3.64046E+04
  4.0 4.68824E+04
  4.5 5.77815E+04
  5.0 6.91174E+04
  5.5 8.09259E+04
  6.0 9.32610E+04
  6.5 1.06162E+05
  7.0 1.19575E+05
  7.5 1.33273E+05
  8.0 1.46851E+05
  8.5 1.99552E+06
  9.0 1.71600E+05
  9.5 1.22048E+06
 10.0 1.02004E+06
 10.5 7.66191E+04
 11.0 8.13976E+04
 11.5 2.34582E+05
 12.0 6.08109E+04
 12.5 5.58745E+04
 13.0 5.85978E+04
 13.5 6.12252E+04
 14.0 6.37264E+04
 14.5 6.60718E+04
 15.0 6.82345E+04
 15.5 7.01918E+04
 16.0 7.19262E+04
 16.5 7.34259E+04
 17.0 7.46846E+04
 17.5 7.57018E+04
 18.0 7.64812E+04
 18.5 7.70305E+04
 19.0 7.73604E+04
 19.5 7.74842E+04
 20.0 7.74164E+04
 20.5 7.71724E+04
 21.0 7.67683E+04
 21.5 7.62198E+04
 22.0 7.55425E+04
 22.5 7.47511E+04
 23.0 7.38598E+04
 23.5 7.28816E+04
 24.0 7.18287E+04
 24.5 7.07121E+04
 25.0 6.95420E+04
 25.5 6.83275E+04
 26.0 6.70767E+04
 26.5 6.57970E+04
 27.0 6.44946E+04
 27.5 6.31755E+04
 28.0 6.18444E+04
 28.5 6.05057E+04
 29.0 5.91632E+04
 29.5 5.78201E+04
 30.0 5.64791E+04
 30.5 5.51426E+04
 31.0 5.38125E+04
 31.5 5.24905E+04
 32.0 5.11779E+04
 32.5 4.98758E+04
 33.0 4.85850E+04
 33.5 4.73064E+04
 34.0 4.60403E+04
 34.5 4.47871E+04
 35.0 4.35472E+04
 35.5 4.23206E+04
 36.0 4.11074E+04
 36.5 3.99077E+04
 37.0 3.87212E+04
 37.5 3.75480E+04
 38.0 3.63878E+04
 38.5 3.52404E+04
 39.0 3.41057E+04
 39.5 3.29834E+04
 40.0 3.18732E+04
 40.5 3.07749E+04
 41.0 2.96882E+04
 41.5 2.86129E+04
 42.0 2.75487E+04
 42.5 2.64953E+04
 43.0 2.54526E+04
 43.5 2.44203E+04
 44.0 2.33981E+04
 44.5 2.23859E+04
 45.0 2.13834E+04
 45.5 2.03905E+04
 46.0 1.94070E+04
 46.5 1.84328E+04
 47.0 1.74677E+04
 47.5 1.65115E+04
 48.0 1.55643E+04
 48.5 1.46258E+04
 49.0 1.36961E+04
 49.5 1.27750E+04
 50.0 1.18625E+04
 50.5 1.09586E+04
 51.0 1.00632E+04
 51.5 9.17646E+03
 52.0 8.29826E+03
 52.5 7.42867E+03
 53.0 6.56772E+03
 53.5 5.71547E+03
 54.0 4.87198E+03
 54.5 4.03734E+03
 55.0 3.21164E+03
 55.5 2.39497E+03
 56.0 1.58746E+03
 56.5 7.89221E+02
 57.0 6.55382E+01
