057K11D0W2
  0.5 0.00000E+00
  1.0 0.00000E+00
  1.5 0.00000E+00
  2.0 0.00000E+00
  2.5 0.00000E+00
  3.0 0.00000E+00
  3.5 3.26863E+04
  4.0 4.22878E+04
  4.5 5.22479E+04
  5.0 6.25723E+04
  5.5 7.32829E+04
  6.0 8.44172E+04
  6.5 9.60143E+04
  7.0 1.08065E+05
  7.5 1.20441E+05
  8.0 1.32865E+05
  8.5 1.81271E+06
  9.0 1.56208E+05
  9.5 1.13647E+06
 10.0 9.50016E+05
 10.5 6.94112E+04
 11.0 7.37944E+04
 11.5 2.10846E+05
 12.0 5.51398E+04
 12.5 5.06764E+04
 13.0 5.31765E+04
 13.5 5.56104E+04
 14.0 5.79544E+04
 14.5 6.01838E+04
 15.0 6.22748E+04
 15.5 6.42052E+04
 16.0 6.59566E+04
 16.5 6.75146E+04
 17.0 6.88690E+04
 17.5 7.00148E+04
 18.0 7.09505E+04
 18.5 7.16790E+04
 19.0 7.22061E+04
 19.5 7.25402E+04
 20.0 7.26919E+04
 20.5 7.26728E+04
 21.0 7.24958E+04
 21.5 7.21739E+04
 22.0 7.17205E+04
 22.5 7.11485E+04
 23.0 7.04706E+04
 23.5 6.96987E+04
 24.0 6.88443E+04
 24.5 6.79179E+04
 25.0 6.69291E+04
 25.5 6.58871E+04
 26.0 6.47998E+04
 26.5 6.36746E+04
 27.0 6.25182E+04
 27.5 6.13364E+04
 28.0 6.01345E+04
 28.5 5.89170E+04
 29.0 5.76882E+04
 29.5 5.64516E+04
 30.0 5.52102E+04
 30.5 5.39667E+04
 31.0 5.27236E+04
 31.5 5.14827E+04
 32.0 5.02457E+04
 32.5 4.90141E+04
 33.0 4.77891E+04
 33.5 4.65716E+04
 34.0 4.53624E+04
 34.5 4.41622E+04
 35.0 4.29715E+04
 35.5 4.17907E+04
 36.0 4.06201E+04
 36.5 3.94598E+04
 37.0 3.83100E+04
 37.5 3.71708E+04
 38.0 3.60422E+04
 38.5 3.49241E+04
 39.0 3.38165E+04
 39.5 3.27193E+04
 40.0 3.16324E+04
 40.5 3.05556E+04
 41.0 2.94889E+04
 41.5 2.84320E+04
 42.0 2.73848E+04
 42.5 2.63471E+04
 43.0 2.53189E+04
 43.5 2.42999E+04
 44.0 2.32899E+04
 44.5 2.22890E+04
 45.0 2.12969E+04
 45.5 2.03135E+04
 46.0 1.93386E+04
 46.5 1.83723E+04
 47.0 1.74144E+04
 47.5 1.64649E+04
 48.0 1.55236E+04
 48.5 1.45906E+04
 49.0 1.36657E+04
 49.5 1.27490E+04
 50.0 1.18405E+04
 50.5 1.09401E+04
 51.0 1.00479E+04
 51.5 9.16392E+03
 52.0 8.28814E+03
 52.5 7.42066E+03
 53.0 6.56153E+03
 53.5 5.71082E+03
 54.0 4.86862E+03
 54.5 4.03504E+03
 55.0 3.21017E+03
 55.5 2.39413E+03
 56.0 1.58707E+03
 56.5 7.89102E+02
 57.0 6.55320E+01
