057K21D0W2
  0.5 0.00000E+00
  1.0 0.00000E+00
  1.5 0.00000E+00
  2.0 0.00000E+00
  2.5 0.00000E+00
  3.0 0.00000E+00
  3.5 7.21599E+04
  4.0 9.12556E+04
  4.5 1.11678E+05
  5.0 1.33672E+05
  5.5 1.57398E+05
  6.0 1.82539E+05
  6.5 2.08072E+05
  7.0 2.32500E+05
  7.5 2.54331E+05
  8.0 2.72465E+05
  8.5 3.18821E+06
  9.0 2.95858E+05
  9.5 1.73933E+06
 10.0 1.45249E+06
 10.5 1.44090E+05
 11.0 1.50405E+05
 11.5 4.09443E+05
 12.0 1.13713E+05
 12.5 1.04427E+05
 13.0 1.08034E+05
 13.5 1.11068E+05
 14.0 1.13513E+05
 14.5 1.15368E+05
 15.0 1.16654E+05
 15.5 1.17403E+05
 16.0 1.17654E+05
 16.5 1.17455E+05
 17.0 1.16854E+05
 17.5 1.15902E+05
 18.0 1.14644E+05
 18.5 1.13128E+05
 19.0 1.11395E+05
 19.5 1.09483E+05
 20.0 1.07428E+05
 20.5 1.05260E+05
 21.0 1.03006E+05
 21.5 1.00689E+05
 22.0 9.83305E+04
 22.5 9.59470E+04
 23.0 9.35536E+04
 23.5 9.11626E+04
 24.0 8.87843E+04
 24.5 8.64271E+04
 25.0 8.40980E+04
 25.5 8.18023E+04
 26.0 7.95444E+04
 26.5 7.73276E+04
 27.0 7.51543E+04
 27.5 7.30261E+04
 28.0 7.09443E+04
 28.5 6.89091E+04
 29.0 6.69209E+04
 29.5 6.49794E+04
 30.0 6.30840E+04
 30.5 6.12339E+04
 31.0 5.94283E+04
 31.5 5.76660E+04
 32.0 5.59458E+04
 32.5 5.42664E+04
 33.0 5.26265E+04
 33.5 5.10247E+04
 34.0 4.94597E+04
 34.5 4.79299E+04
 35.0 4.64341E+04
 35.5 4.49708E+04
 36.0 4.35387E+04
 36.5 4.21364E+04
 37.0 4.07628E+04
 37.5 3.94165E+04
 38.0 3.80963E+04
 38.5 3.68011E+04
 39.0 3.55299E+04
 39.5 3.42814E+04
 40.0 3.30548E+04
 40.5 3.18491E+04
 41.0 3.06634E+04
 41.5 2.94967E+04
 42.0 2.83484E+04
 42.5 2.72175E+04
 43.0 2.61035E+04
 43.5 2.50057E+04
 44.0 2.39233E+04
 44.5 2.28559E+04
 45.0 2.18028E+04
 45.5 2.07636E+04
 46.0 1.97378E+04
 46.5 1.87249E+04
 47.0 1.77246E+04
 47.5 1.67365E+04
 48.0 1.57602E+04
 48.5 1.47955E+04
 49.0 1.38420E+04
 49.5 1.28996E+04
 50.0 1.19681E+04
 50.5 1.10472E+04
 51.0 1.01367E+04
 51.5 9.23663E+03
 52.0 8.34676E+03
 52.5 7.46703E+03
 53.0 6.59736E+03
 53.5 5.73771E+03
 54.0 4.88805E+03
 54.5 4.04837E+03
 55.0 3.21866E+03
 55.5 2.39897E+03
 56.0 1.58933E+03
 56.5 7.89789E+02
 57.0 6.55675E+01
