058K07D0W2
  0.5 0.00000E+00
  1.0 0.00000E+00
  1.5 0.00000E+00
  2.0 0.00000E+00
  2.5 0.00000E+00
  3.0 0.00000E+00
  3.5 1.80046E+04
  4.0 2.41284E+04
  4.5 3.04258E+04
  5.0 3.68726E+04
  5.5 4.34602E+04
  6.0 5.01862E+04
  6.5 5.70531E+04
  7.0 6.40669E+04
  7.5 7.12339E+04
  8.0 7.85500E+04
  8.5 9.39473E+05
  9.0 9.34519E+04
  9.5 7.08929E+05
 10.0 5.93592E+05
 10.5 4.15688E+04
 11.0 4.42356E+04
 11.5 1.06777E+05
 12.0 3.31857E+04
 12.5 3.05479E+04
 13.0 3.20944E+04
 13.5 3.36244E+04
 14.0 3.51357E+04
 14.5 3.66253E+04
 15.0 3.80892E+04
 15.5 3.95222E+04
 16.0 4.09183E+04
 16.5 4.22702E+04
 17.0 4.35702E+04
 17.5 4.48102E+04
 18.0 4.59820E+04
 18.5 4.70782E+04
 19.0 4.80919E+04
 19.5 4.90172E+04
 20.0 4.98495E+04
 20.5 5.05852E+04
 21.0 5.12222E+04
 21.5 5.17597E+04
 22.0 5.21978E+04
 22.5 5.25378E+04
 23.0 5.27818E+04
 23.5 5.29329E+04
 24.0 5.29946E+04
 24.5 5.29708E+04
 25.0 5.28660E+04
 25.5 5.26848E+04
 26.0 5.24319E+04
 26.5 5.21121E+04
 27.0 5.17301E+04
 27.5 5.12906E+04
 28.0 5.07981E+04
 28.5 5.02571E+04
 29.0 4.96716E+04
 29.5 4.90456E+04
 30.0 4.83829E+04
 30.5 4.76869E+04
 31.0 4.69609E+04
 31.5 4.62080E+04
 32.0 4.54309E+04
 32.5 4.46322E+04
 33.0 4.38144E+04
 33.5 4.29796E+04
 34.0 4.21299E+04
 34.5 4.12670E+04
 35.0 4.03927E+04
 35.5 3.95084E+04
 36.0 3.86156E+04
 36.5 3.77156E+04
 37.0 3.68094E+04
 37.5 3.58981E+04
 38.0 3.49827E+04
 38.5 3.40639E+04
 39.0 3.31426E+04
 39.5 3.22194E+04
 40.0 3.12950E+04
 40.5 3.03700E+04
 41.0 2.94449E+04
 41.5 2.85201E+04
 42.0 2.75961E+04
 42.5 2.66732E+04
 43.0 2.57519E+04
 43.5 2.48325E+04
 44.0 2.39152E+04
 44.5 2.30003E+04
 45.0 2.20882E+04
 45.5 2.11791E+04
 46.0 2.02732E+04
 46.5 1.93706E+04
 47.0 1.84718E+04
 47.5 1.75767E+04
 48.0 1.66857E+04
 48.5 1.57989E+04
 49.0 1.49166E+04
 49.5 1.40388E+04
 50.0 1.31658E+04
 50.5 1.22978E+04
 51.0 1.14349E+04
 51.5 1.05774E+04
 52.0 9.72537E+03
 52.5 8.87903E+03
 53.0 8.03857E+03
 53.5 7.20419E+03
 54.0 6.37606E+03
 54.5 5.55438E+03
 55.0 4.73936E+03
 55.5 3.93119E+03
 56.0 3.13007E+03
 56.5 2.33621E+03
 57.0 1.54982E+03
 57.5 7.71127E+02
 58.0 6.40660E+01
