058K16D0W2
  0.5 0.00000E+00
  1.0 0.00000E+00
  1.5 0.00000E+00
  2.0 0.00000E+00
  2.5 0.00000E+00
  3.0 0.00000E+00
  3.5 5.11098E+04
  4.0 6.50874E+04
  4.5 7.97927E+04
  5.0 9.53034E+04
  5.5 1.11738E+05
  6.0 1.29187E+05
  6.5 1.47540E+05
  7.0 1.66340E+05
  7.5 1.84812E+05
  8.0 2.02060E+05
  8.5 2.63704E+06
  9.0 2.29933E+05
  9.5 1.51480E+06
 10.0 1.26531E+06
 10.5 1.05709E+05
 11.0 1.11789E+05
 11.5 3.21571E+05
 12.0 8.37590E+04
 12.5 7.69442E+04
 13.0 8.04206E+04
 13.5 8.36335E+04
 14.0 8.65376E+04
 14.5 8.90980E+04
 15.0 9.12915E+04
 15.5 9.31062E+04
 16.0 9.45412E+04
 16.5 9.56044E+04
 17.0 9.63111E+04
 17.5 9.66824E+04
 18.0 9.67426E+04
 18.5 9.65189E+04
 19.0 9.60394E+04
 19.5 9.53322E+04
 20.0 9.44248E+04
 20.5 9.33434E+04
 21.0 9.21127E+04
 21.5 9.07555E+04
 22.0 8.92927E+04
 22.5 8.77431E+04
 23.0 8.61236E+04
 23.5 8.44492E+04
 24.0 8.27332E+04
 24.5 8.09872E+04
 25.0 7.92212E+04
 25.5 7.74439E+04
 26.0 7.56628E+04
 26.5 7.38841E+04
 27.0 7.21133E+04
 27.5 7.03547E+04
 28.0 6.86120E+04
 28.5 6.68881E+04
 29.0 6.51856E+04
 29.5 6.35061E+04
 30.0 6.18513E+04
 30.5 6.02221E+04
 31.0 5.86192E+04
 31.5 5.70431E+04
 32.0 5.54939E+04
 32.5 5.39718E+04
 33.0 5.24765E+04
 33.5 5.10077E+04
 34.0 4.95650E+04
 34.5 4.81480E+04
 35.0 4.67560E+04
 35.5 4.53885E+04
 36.0 4.40448E+04
 36.5 4.27241E+04
 37.0 4.14258E+04
 37.5 4.01492E+04
 38.0 3.88935E+04
 38.5 3.76581E+04
 39.0 3.64422E+04
 39.5 3.52450E+04
 40.0 3.40661E+04
 40.5 3.29046E+04
 41.0 3.17599E+04
 41.5 3.06315E+04
 42.0 2.95187E+04
 42.5 2.84210E+04
 43.0 2.73378E+04
 43.5 2.62687E+04
 44.0 2.52131E+04
 44.5 2.41706E+04
 45.0 2.31408E+04
 45.5 2.21232E+04
 46.0 2.11175E+04
 46.5 2.01234E+04
 47.0 1.91405E+04
 47.5 1.81686E+04
 48.0 1.72073E+04
 48.5 1.62565E+04
 49.0 1.53158E+04
 49.5 1.43852E+04
 50.0 1.34644E+04
 50.5 1.25532E+04
 51.0 1.16517E+04
 51.5 1.07595E+04
 52.0 9.87665E+03
 52.5 9.00307E+03
 53.0 8.13870E+03
 53.5 7.28349E+03
 54.0 6.43743E+03
 54.5 5.60050E+03
 55.0 4.77271E+03
 55.5 3.95409E+03
 56.0 3.14468E+03
 56.5 2.34454E+03
 57.0 1.55372E+03
 57.5 7.72311E+02
 58.0 6.41273E+01
