058K17D0W2
  0.5 0.00000E+00
  1.0 0.00000E+00
  1.5 0.00000E+00
  2.0 0.00000E+00
  2.5 0.00000E+00
  3.0 0.00000E+00
  3.5 5.50255E+04
  4.0 6.99437E+04
  4.5 8.56851E+04
  5.0 1.02352E+05
  5.5 1.20088E+05
  6.0 1.38966E+05
  6.5 1.58772E+05
  7.0 1.78878E+05
  7.5 1.98342E+05
  8.0 2.16169E+05
  8.5 2.77145E+06
  9.0 2.43955E+05
  9.5 1.57295E+06
 10.0 1.31377E+06
 10.5 1.13261E+05
 11.0 1.19543E+05
 11.5 3.41312E+05
 12.0 8.96850E+04
 12.5 8.23826E+04
 13.0 8.59758E+04
 13.5 8.92495E+04
 14.0 9.21590E+04
 14.5 9.46725E+04
 15.0 9.67723E+04
 15.5 9.84532E+04
 16.0 9.97210E+04
 16.5 1.00591E+05
 17.0 1.01085E+05
 17.5 1.01231E+05
 18.0 1.01057E+05
 18.5 1.00597E+05
 19.0 9.98809E+04
 19.5 9.89407E+04
 20.0 9.78060E+04
 20.5 9.65050E+04
 21.0 9.50634E+04
 21.5 9.35050E+04
 22.0 9.18512E+04
 22.5 9.01211E+04
 23.0 8.83316E+04
 23.5 8.64975E+04
 24.0 8.46320E+04
 24.5 8.27462E+04
 25.0 8.08498E+04
 25.5 7.89511E+04
 26.0 7.70570E+04
 26.5 7.51734E+04
 27.0 7.33050E+04
 27.5 7.14560E+04
 28.0 6.96294E+04
 28.5 6.78279E+04
 29.0 6.60533E+04
 29.5 6.43072E+04
 30.0 6.25906E+04
 30.5 6.09043E+04
 31.0 5.92485E+04
 31.5 5.76234E+04
 32.0 5.60290E+04
 32.5 5.44649E+04
 33.0 5.29308E+04
 33.5 5.14262E+04
 34.0 4.99503E+04
 34.5 4.85026E+04
 35.0 4.70822E+04
 35.5 4.56883E+04
 36.0 4.43203E+04
 36.5 4.29771E+04
 37.0 4.16580E+04
 37.5 4.03621E+04
 38.0 3.90887E+04
 38.5 3.78367E+04
 39.0 3.66056E+04
 39.5 3.53944E+04
 40.0 3.42024E+04
 40.5 3.30289E+04
 41.0 3.18731E+04
 41.5 3.07345E+04
 42.0 2.96122E+04
 42.5 2.85058E+04
 43.0 2.74146E+04
 43.5 2.63380E+04
 44.0 2.52756E+04
 44.5 2.42269E+04
 45.0 2.31913E+04
 45.5 2.21684E+04
 46.0 2.11579E+04
 46.5 2.01593E+04
 47.0 1.91724E+04
 47.5 1.81968E+04
 48.0 1.72321E+04
 48.5 1.62782E+04
 49.0 1.53347E+04
 49.5 1.44016E+04
 50.0 1.34785E+04
 50.5 1.25653E+04
 51.0 1.16619E+04
 51.5 1.07680E+04
 52.0 9.88376E+03
 52.5 9.00889E+03
 53.0 8.14340E+03
 53.5 7.28721E+03
 54.0 6.44030E+03
 54.5 5.60265E+03
 55.0 4.77427E+03
 55.5 3.95516E+03
 56.0 3.14537E+03
 56.5 2.34493E+03
 57.0 1.55390E+03
 57.5 7.72366E+02
 58.0 6.41302E+01
