058K12D0W2
  0.5 0.00000E+00
  1.0 0.00000E+00
  1.5 0.00000E+00
  2.0 0.00000E+00
  2.5 0.00000E+00
  3.0 0.00000E+00
  3.5 3.59503E+04
  4.0 4.63273E+04
  4.5 5.71225E+04
  5.0 6.83500E+04
  5.5 8.00431E+04
  6.0 9.22538E+04
  6.5 1.05027E+05
  7.0 1.18327E+05
  7.5 1.31960E+05
  8.0 1.45552E+05
  8.5 2.00142E+06
  9.0 1.70635E+05
  9.5 1.23191E+06
 10.0 1.02958E+06
 10.5 7.61072E+04
 11.0 8.09175E+04
 11.5 2.34085E+05
 12.0 6.04939E+04
 12.5 5.56088E+04
 13.0 5.83582E+04
 13.5 6.10213E+04
 14.0 6.35683E+04
 14.5 6.59697E+04
 15.0 6.81978E+04
 15.5 7.02286E+04
 16.0 7.20433E+04
 16.5 7.36283E+04
 17.0 7.49757E+04
 17.5 7.60830E+04
 18.0 7.69523E+04
 18.5 7.75900E+04
 19.0 7.80058E+04
 19.5 7.82116E+04
 20.0 7.82214E+04
 20.5 7.80502E+04
 21.0 7.77135E+04
 21.5 7.72271E+04
 22.0 7.66064E+04
 22.5 7.58662E+04
 23.0 7.50208E+04
 23.5 7.40835E+04
 24.0 7.30668E+04
 24.5 7.19821E+04
 25.0 7.08397E+04
 25.5 6.96491E+04
 26.0 6.84189E+04
 26.5 6.71565E+04
 27.0 6.58689E+04
 27.5 6.45620E+04
 28.0 6.32409E+04
 28.5 6.19104E+04
 29.0 6.05744E+04
 29.5 5.92364E+04
 30.0 5.78993E+04
 30.5 5.65657E+04
 31.0 5.52377E+04
 31.5 5.39171E+04
 32.0 5.26054E+04
 32.5 5.13038E+04
 33.0 5.00133E+04
 33.5 4.87347E+04
 34.0 4.74686E+04
 34.5 4.62154E+04
 35.0 4.49755E+04
 35.5 4.37490E+04
 36.0 4.25361E+04
 36.5 4.13367E+04
 37.0 4.01509E+04
 37.5 3.89786E+04
 38.0 3.78196E+04
 38.5 3.66737E+04
 39.0 3.55407E+04
 39.5 3.44204E+04
 40.0 3.33126E+04
 40.5 3.22168E+04
 41.0 3.11331E+04
 41.5 3.00609E+04
 42.0 2.90001E+04
 42.5 2.79504E+04
 43.0 2.69115E+04
 43.5 2.58833E+04
 44.0 2.48653E+04
 44.5 2.38575E+04
 45.0 2.28596E+04
 45.5 2.18713E+04
 46.0 2.08926E+04
 46.5 1.99231E+04
 47.0 1.89628E+04
 47.5 1.80115E+04
 48.0 1.70690E+04
 48.5 1.61353E+04
 49.0 1.52102E+04
 49.5 1.42936E+04
 50.0 1.33855E+04
 50.5 1.24858E+04
 51.0 1.15945E+04
 51.5 1.07115E+04
 52.0 9.83681E+03
 52.5 8.97044E+03
 53.0 8.11237E+03
 53.5 7.26266E+03
 54.0 6.42131E+03
 54.5 5.58840E+03
 55.0 4.76396E+03
 55.5 3.94809E+03
 56.0 3.14086E+03
 56.5 2.34236E+03
 57.0 1.55270E+03
 57.5 7.72001E+02
 58.0 6.41113E+01
