058K21D0W2
  0.5 0.00000E+00
  1.0 0.00000E+00
  1.5 0.00000E+00
  2.0 0.00000E+00
  2.5 0.00000E+00
  3.0 0.00000E+00
  3.5 7.12844E+04
  4.0 9.01715E+04
  4.5 1.10356E+05
  5.0 1.32076E+05
  5.5 1.55513E+05
  6.0 1.80428E+05
  6.5 2.05902E+05
  7.0 2.30505E+05
  7.5 2.52751E+05
  8.0 2.71493E+05
  8.5 3.23402E+06
  9.0 2.96394E+05
  9.5 1.76971E+06
 10.0 1.47782E+06
 10.5 1.43613E+05
 11.0 1.50186E+05
 11.5 4.12929E+05
 12.0 1.13488E+05
 12.5 1.04253E+05
 13.0 1.08016E+05
 13.5 1.11223E+05
 14.0 1.13848E+05
 14.5 1.15888E+05
 15.0 1.17356E+05
 15.5 1.18281E+05
 16.0 1.18700E+05
 16.5 1.18657E+05
 17.0 1.18198E+05
 17.5 1.17374E+05
 18.0 1.16230E+05
 18.5 1.14814E+05
 19.0 1.13166E+05
 19.5 1.11327E+05
 20.0 1.09332E+05
 20.5 1.07213E+05
 21.0 1.04998E+05
 21.5 1.02711E+05
 22.0 1.00373E+05
 22.5 9.80036E+04
 23.0 9.56176E+04
 23.5 9.32284E+04
 24.0 9.08471E+04
 24.5 8.84829E+04
 25.0 8.61432E+04
 25.5 8.38341E+04
 26.0 8.15605E+04
 26.5 7.93261E+04
 27.0 7.71337E+04
 27.5 7.49854E+04
 28.0 7.28825E+04
 28.5 7.08260E+04
 29.0 6.88161E+04
 29.5 6.68529E+04
 30.0 6.49359E+04
 30.5 6.30646E+04
 31.0 6.12381E+04
 31.5 5.94556E+04
 32.0 5.77157E+04
 32.5 5.60174E+04
 33.0 5.43594E+04
 33.5 5.27404E+04
 34.0 5.11589E+04
 34.5 4.96135E+04
 35.0 4.81031E+04
 35.5 4.66260E+04
 36.0 4.51811E+04
 36.5 4.37669E+04
 37.0 4.23822E+04
 37.5 4.10257E+04
 38.0 3.96963E+04
 38.5 3.83927E+04
 39.0 3.71138E+04
 39.5 3.58585E+04
 40.0 3.46258E+04
 40.5 3.34148E+04
 41.0 3.22244E+04
 41.5 3.10537E+04
 42.0 2.99020E+04
 42.5 2.87684E+04
 43.0 2.76522E+04
 43.5 2.65527E+04
 44.0 2.54691E+04
 44.5 2.44008E+04
 45.0 2.33474E+04
 45.5 2.23081E+04
 46.0 2.12826E+04
 46.5 2.02703E+04
 47.0 1.92707E+04
 47.5 1.82836E+04
 48.0 1.73085E+04
 48.5 1.63451E+04
 49.0 1.53930E+04
 49.5 1.44521E+04
 50.0 1.35219E+04
 50.5 1.26024E+04
 51.0 1.16933E+04
 51.5 1.07944E+04
 52.0 9.90565E+03
 52.5 9.02683E+03
 53.0 8.15785E+03
 53.5 7.29865E+03
 54.0 6.44914E+03
 54.5 5.60929E+03
 55.0 4.77906E+03
 55.5 3.95845E+03
 56.0 3.14746E+03
 56.5 2.34612E+03
 57.0 1.55446E+03
 57.5 7.72536E+02
 58.0 6.41389E+01
