059K06D0W2
  0.5 0.00000E+00
  1.0 0.00000E+00
  1.5 0.00000E+00
  2.0 0.00000E+00
  2.5 0.00000E+00
  3.0 0.00000E+00
  3.5 1.43596E+04
  4.0 1.95950E+04
  4.5 2.49781E+04
  5.0 3.04765E+04
  5.5 3.60767E+04
  6.0 4.17728E+04
  6.5 4.75622E+04
  7.0 5.34451E+04
  7.5 5.94236E+04
  8.0 6.54996E+04
  8.5 6.84718E+05
  9.0 7.79025E+04
  9.5 5.69019E+05
 10.0 4.77057E+05
 10.5 3.48304E+04
 11.0 3.70824E+04
 11.5 7.94141E+04
 12.0 2.78612E+04
 12.5 2.56630E+04
 13.0 2.69812E+04
 13.5 2.82849E+04
 14.0 2.95731E+04
 14.5 3.08450E+04
 15.0 3.20994E+04
 15.5 3.33346E+04
 16.0 3.45483E+04
 16.5 3.57377E+04
 17.0 3.68989E+04
 17.5 3.80277E+04
 18.0 3.91190E+04
 18.5 4.01674E+04
 19.0 4.11674E+04
 19.5 4.21135E+04
 20.0 4.30002E+04
 20.5 4.38229E+04
 21.0 4.45773E+04
 21.5 4.52599E+04
 22.0 4.58680E+04
 22.5 4.63998E+04
 23.0 4.68543E+04
 23.5 4.72310E+04
 24.0 4.75306E+04
 24.5 4.77541E+04
 25.0 4.79031E+04
 25.5 4.79797E+04
 26.0 4.79864E+04
 26.5 4.79261E+04
 27.0 4.78019E+04
 27.5 4.76168E+04
 28.0 4.73742E+04
 28.5 4.70774E+04
 29.0 4.67297E+04
 29.5 4.63346E+04
 30.0 4.58951E+04
 30.5 4.54145E+04
 31.0 4.48957E+04
 31.5 4.43417E+04
 32.0 4.37552E+04
 32.5 4.31389E+04
 33.0 4.24951E+04
 33.5 4.18263E+04
 34.0 4.11347E+04
 34.5 4.04222E+04
 35.0 3.96908E+04
 35.5 3.89423E+04
 36.0 3.81783E+04
 36.5 3.74003E+04
 37.0 3.66098E+04
 37.5 3.58080E+04
 38.0 3.49962E+04
 38.5 3.41756E+04
 39.0 3.33470E+04
 39.5 3.25116E+04
 40.0 3.16701E+04
 40.5 3.08234E+04
 41.0 2.99722E+04
 41.5 2.91172E+04
 42.0 2.82592E+04
 42.5 2.73985E+04
 43.0 2.65360E+04
 43.5 2.56719E+04
 44.0 2.48068E+04
 44.5 2.39412E+04
 45.0 2.30755E+04
 45.5 2.22100E+04
 46.0 2.13452E+04
 46.5 2.04813E+04
 47.0 1.96188E+04
 47.5 1.87578E+04
 48.0 1.78988E+04
 48.5 1.70420E+04
 49.0 1.61877E+04
 49.5 1.53362E+04
 50.0 1.44876E+04
 50.5 1.36424E+04
 51.0 1.28006E+04
 51.5 1.19626E+04
 52.0 1.11286E+04
 52.5 1.02988E+04
 53.0 9.47345E+03
 53.5 8.65280E+03
 54.0 7.83706E+03
 54.5 7.02647E+03
 55.0 6.22124E+03
 55.5 5.42162E+03
 56.0 4.62782E+03
 56.5 3.84008E+03
 57.0 3.05862E+03
 57.5 2.28368E+03
 58.0 1.51549E+03
 58.5 7.54292E+02
 59.0 6.26796E+01
