059K16D0W2
  0.5 0.00000E+00
  1.0 0.00000E+00
  1.5 0.00000E+00
  2.0 0.00000E+00
  2.5 0.00000E+00
  3.0 0.00000E+00
  3.5 5.04986E+04
  4.0 6.43375E+04
  4.5 7.88944E+04
  5.0 9.42418E+04
  5.5 1.10494E+05
  6.0 1.27750E+05
  6.5 1.45938E+05
  7.0 1.64655E+05
  7.5 1.83179E+05
  8.0 2.00636E+05
  8.5 2.66032E+06
  9.0 2.29334E+05
  9.5 1.53500E+06
 10.0 1.28216E+06
 10.5 1.05096E+05
 11.0 1.11281E+05
 11.5 3.22610E+05
 12.0 8.33911E+04
 12.5 7.66368E+04
 13.0 8.01812E+04
 13.5 8.34787E+04
 14.0 8.64822E+04
 14.5 8.91541E+04
 15.0 9.14681E+04
 15.5 9.34091E+04
 16.0 9.49729E+04
 16.5 9.61645E+04
 17.0 9.69968E+04
 17.5 9.74887E+04
 18.0 9.76630E+04
 18.5 9.75458E+04
 19.0 9.71644E+04
 19.5 9.65464E+04
 20.0 9.57191E+04
 20.5 9.47091E+04
 21.0 9.35410E+04
 21.5 9.22382E+04
 22.0 9.08220E+04
 22.5 8.93116E+04
 23.0 8.77248E+04
 23.5 8.60769E+04
 24.0 8.43819E+04
 24.5 8.26519E+04
 25.0 8.08976E+04
 25.5 7.91280E+04
 26.0 7.73513E+04
 26.5 7.55741E+04
 27.0 7.38022E+04
 27.5 7.20403E+04
 28.0 7.02925E+04
 28.5 6.85622E+04
 29.0 6.68519E+04
 29.5 6.51638E+04
 30.0 6.34995E+04
 30.5 6.18604E+04
 31.0 6.02473E+04
 31.5 5.86607E+04
 32.0 5.71011E+04
 32.5 5.55686E+04
 33.0 5.40630E+04
 33.5 5.25842E+04
 34.0 5.11319E+04
 34.5 4.97056E+04
 35.0 4.83048E+04
 35.5 4.69289E+04
 36.0 4.55774E+04
 36.5 4.42494E+04
 37.0 4.29444E+04
 37.5 4.16616E+04
 38.0 4.04004E+04
 38.5 3.91599E+04
 39.0 3.79395E+04
 39.5 3.67385E+04
 40.0 3.55562E+04
 40.5 3.43919E+04
 41.0 3.32450E+04
 41.5 3.21148E+04
 42.0 3.10007E+04
 42.5 2.99022E+04
 43.0 2.88186E+04
 43.5 2.77494E+04
 44.0 2.66942E+04
 44.5 2.56525E+04
 45.0 2.46237E+04
 45.5 2.36074E+04
 46.0 2.26034E+04
 46.5 2.16111E+04
 47.0 2.06303E+04
 47.5 1.96605E+04
 48.0 1.87016E+04
 48.5 1.77531E+04
 49.0 1.68150E+04
 49.5 1.58869E+04
 50.0 1.49686E+04
 50.5 1.40600E+04
 51.0 1.31609E+04
 51.5 1.22711E+04
 52.0 1.13905E+04
 52.5 1.05191E+04
 53.0 9.65660E+03
 53.5 8.80309E+03
 54.0 7.95847E+03
 54.5 7.12270E+03
 55.0 6.29576E+03
 55.5 5.47765E+03
 56.0 4.66837E+03
 56.5 3.86795E+03
 57.0 3.07642E+03
 57.5 2.29383E+03
 58.0 1.52025E+03
 58.5 7.55736E+02
 59.0 6.27544E+01
