059K10D0W2
  0.5 0.00000E+00
  1.0 0.00000E+00
  1.5 0.00000E+00
  2.0 0.00000E+00
  2.5 0.00000E+00
  3.0 0.00000E+00
  3.5 2.82844E+04
  4.0 3.68581E+04
  4.5 4.57324E+04
  5.0 5.49032E+04
  5.5 6.43795E+04
  6.0 7.41816E+04
  6.5 8.43396E+04
  7.0 9.48749E+04
  7.5 1.05758E+05
  8.0 1.16860E+05
  8.5 1.60870E+06
  9.0 1.38670E+05
  9.5 1.05599E+06
 10.0 8.82924E+05
 10.5 6.14776E+04
 11.0 6.54579E+04
 11.5 1.83717E+05
 12.0 4.90229E+04
 12.5 4.51094E+04
 13.0 4.73990E+04
 13.5 4.96546E+04
 14.0 5.18611E+04
 14.5 5.40008E+04
 15.0 5.60550E+04
 15.5 5.80040E+04
 16.0 5.98296E+04
 16.5 6.15150E+04
 17.0 6.30462E+04
 17.5 6.44126E+04
 18.0 6.56065E+04
 18.5 6.66239E+04
 19.0 6.74640E+04
 19.5 6.81286E+04
 20.0 6.86223E+04
 20.5 6.89512E+04
 21.0 6.91235E+04
 21.5 6.91482E+04
 22.0 6.90353E+04
 22.5 6.87949E+04
 23.0 6.84378E+04
 23.5 6.79742E+04
 24.0 6.74144E+04
 24.5 6.67682E+04
 25.0 6.60451E+04
 25.5 6.52538E+04
 26.0 6.44026E+04
 26.5 6.34991E+04
 27.0 6.25503E+04
 27.5 6.15627E+04
 28.0 6.05420E+04
 28.5 5.94936E+04
 29.0 5.84223E+04
 29.5 5.73322E+04
 30.0 5.62271E+04
 30.5 5.51106E+04
 31.0 5.39854E+04
 31.5 5.28542E+04
 32.0 5.17194E+04
 32.5 5.05829E+04
 33.0 4.94465E+04
 33.5 4.83116E+04
 34.0 4.71796E+04
 34.5 4.60514E+04
 35.0 4.49282E+04
 35.5 4.38106E+04
 36.0 4.26993E+04
 36.5 4.15949E+04
 37.0 4.04977E+04
 37.5 3.94080E+04
 38.0 3.83263E+04
 38.5 3.72526E+04
 39.0 3.61871E+04
 39.5 3.51300E+04
 40.0 3.40812E+04
 40.5 3.30407E+04
 41.0 3.20087E+04
 41.5 3.09850E+04
 42.0 2.99696E+04
 42.5 2.89625E+04
 43.0 2.79635E+04
 43.5 2.69726E+04
 44.0 2.59898E+04
 44.5 2.50148E+04
 45.0 2.40478E+04
 45.5 2.30884E+04
 46.0 2.21368E+04
 46.5 2.11927E+04
 47.0 2.02562E+04
 47.5 1.93271E+04
 48.0 1.84054E+04
 48.5 1.74911E+04
 49.0 1.65842E+04
 49.5 1.56845E+04
 50.0 1.47920E+04
 50.5 1.39068E+04
 51.0 1.30289E+04
 51.5 1.21582E+04
 52.0 1.12947E+04
 52.5 1.04385E+04
 53.0 9.58971E+03
 53.5 8.74824E+03
 54.0 7.91420E+03
 54.5 7.08763E+03
 55.0 6.26863E+03
 55.5 5.45726E+03
 56.0 4.65363E+03
 56.5 3.85782E+03
 57.0 3.06996E+03
 57.5 2.29015E+03
 58.0 1.51852E+03
 58.5 7.55213E+02
 59.0 6.27273E+01
