059K18D0W2
  0.5 0.00000E+00
  1.0 0.00000E+00
  1.5 0.00000E+00
  2.0 0.00000E+00
  2.5 0.00000E+00
  3.0 0.00000E+00
  3.5 5.82951E+04
  4.0 7.40111E+04
  4.5 9.06389E+04
  5.0 1.08302E+05
  5.5 1.27165E+05
  6.0 1.47291E+05
  6.5 1.68395E+05
  7.0 1.89728E+05
  7.5 2.10236E+05
  8.0 2.28847E+05
  8.5 2.92977E+06
  9.0 2.57365E+05
  9.5 1.65144E+06
 10.0 1.37920E+06
 10.5 1.20234E+05
 11.0 1.26823E+05
 11.5 3.62206E+05
 12.0 9.52816E+04
 12.5 8.75525E+04
 13.0 9.13317E+04
 13.5 9.47509E+04
 14.0 9.77645E+04
 14.5 1.00341E+05
 15.0 1.02467E+05
 15.5 1.04138E+05
 16.0 1.05365E+05
 16.5 1.06169E+05
 17.0 1.06574E+05
 17.5 1.06613E+05
 18.0 1.06319E+05
 18.5 1.05727E+05
 19.0 1.04871E+05
 19.5 1.03787E+05
 20.0 1.02504E+05
 20.5 1.01054E+05
 21.0 9.94640E+04
 21.5 9.77585E+04
 22.0 9.59601E+04
 22.5 9.40886E+04
 23.0 9.21615E+04
 23.5 9.01942E+04
 24.0 8.82001E+04
 24.5 8.61906E+04
 25.0 8.41755E+04
 25.5 8.21630E+04
 26.0 8.01603E+04
 26.5 7.81730E+04
 27.0 7.62060E+04
 27.5 7.42632E+04
 28.0 7.23477E+04
 28.5 7.04618E+04
 29.0 6.86074E+04
 29.5 6.67858E+04
 30.0 6.49979E+04
 30.5 6.32443E+04
 31.0 6.15251E+04
 31.5 5.98405E+04
 32.0 5.81900E+04
 32.5 5.65733E+04
 33.0 5.49899E+04
 33.5 5.34391E+04
 34.0 5.19201E+04
 34.5 5.04320E+04
 35.0 4.89740E+04
 35.5 4.75452E+04
 36.0 4.61446E+04
 36.5 4.47712E+04
 37.0 4.34242E+04
 37.5 4.21026E+04
 38.0 4.08053E+04
 38.5 3.95315E+04
 39.0 3.82802E+04
 39.5 3.70507E+04
 40.0 3.58420E+04
 40.5 3.46532E+04
 41.0 3.34837E+04
 41.5 3.23326E+04
 42.0 3.11992E+04
 42.5 3.00828E+04
 43.0 2.89827E+04
 43.5 2.78983E+04
 44.0 2.68291E+04
 44.5 2.57744E+04
 45.0 2.47337E+04
 45.5 2.37065E+04
 46.0 2.26923E+04
 46.5 2.16908E+04
 47.0 2.07014E+04
 47.5 1.97239E+04
 48.0 1.87578E+04
 48.5 1.78029E+04
 49.0 1.68588E+04
 49.5 1.59253E+04
 50.0 1.50021E+04
 50.5 1.40890E+04
 51.0 1.31859E+04
 51.5 1.22925E+04
 52.0 1.14086E+04
 52.5 1.05343E+04
 53.0 9.66922E+03
 53.5 8.81343E+03
 54.0 7.96681E+03
 54.5 7.12930E+03
 55.0 6.30087E+03
 55.5 5.48149E+03
 56.0 4.67115E+03
 56.5 3.86986E+03
 57.0 3.07764E+03
 57.5 2.29453E+03
 58.0 1.52057E+03
 58.5 7.55835E+02
 59.0 6.27595E+01
