059K21D0W2
  0.5 0.00000E+00
  1.0 0.00000E+00
  1.5 0.00000E+00
  2.0 0.00000E+00
  2.5 0.00000E+00
  3.0 0.00000E+00
  3.5 7.04383E+04
  4.0 8.91239E+04
  4.5 1.09081E+05
  5.0 1.30535E+05
  5.5 1.53688E+05
  6.0 1.78371E+05
  6.5 2.03761E+05
  7.0 2.28501E+05
  7.5 2.51120E+05
  8.0 2.70430E+05
  8.5 3.27832E+06
  9.0 2.96786E+05
  9.5 1.79950E+06
 10.0 1.50264E+06
 10.5 1.43093E+05
 11.0 1.49909E+05
 11.5 4.16206E+05
 12.0 1.13227E+05
 12.5 1.04046E+05
 13.0 1.07958E+05
 13.5 1.11330E+05
 14.0 1.14130E+05
 14.5 1.16351E+05
 15.0 1.17999E+05
 15.5 1.19100E+05
 16.0 1.19686E+05
 16.5 1.19800E+05
 17.0 1.19486E+05
 17.5 1.18792E+05
 18.0 1.17766E+05
 18.5 1.16452E+05
 19.0 1.14894E+05
 19.5 1.13132E+05
 20.0 1.11201E+05
 20.5 1.09134E+05
 21.0 1.06961E+05
 21.5 1.04707E+05
 22.0 1.02393E+05
 22.5 1.00041E+05
 23.0 9.76645E+04
 23.5 9.52794E+04
 24.0 9.28972E+04
 24.5 9.05276E+04
 25.0 8.81789E+04
 25.5 8.58578E+04
 26.0 8.35695E+04
 26.5 8.13184E+04
 27.0 7.91076E+04
 27.5 7.69397E+04
 28.0 7.48162E+04
 28.5 7.27384E+04
 29.0 7.07069E+04
 29.5 6.87219E+04
 30.0 6.67831E+04
 30.5 6.48903E+04
 31.0 6.30425E+04
 31.5 6.12392E+04
 32.0 5.94791E+04
 32.5 5.77613E+04
 33.0 5.60844E+04
 33.5 5.44472E+04
 34.0 5.28484E+04
 34.5 5.12866E+04
 35.0 4.97605E+04
 35.5 4.82688E+04
 36.0 4.68100E+04
 36.5 4.53829E+04
 37.0 4.39861E+04
 37.5 4.26185E+04
 38.0 4.12787E+04
 38.5 3.99656E+04
 39.0 3.86780E+04
 39.5 3.74149E+04
 40.0 3.61751E+04
 40.5 3.49577E+04
 41.0 3.37617E+04
 41.5 3.25861E+04
 42.0 3.14301E+04
 42.5 3.02928E+04
 43.0 2.91735E+04
 43.5 2.80714E+04
 44.0 2.69857E+04
 44.5 2.59159E+04
 45.0 2.48613E+04
 45.5 2.38214E+04
 46.0 2.27955E+04
 46.5 2.17831E+04
 47.0 2.07839E+04
 47.5 1.97973E+04
 48.0 1.88229E+04
 48.5 1.78604E+04
 49.0 1.69094E+04
 49.5 1.59697E+04
 50.0 1.50408E+04
 50.5 1.41226E+04
 51.0 1.32147E+04
 51.5 1.23171E+04
 52.0 1.14295E+04
 52.5 1.05518E+04
 53.0 9.68379E+03
 53.5 8.82537E+03
 54.0 7.97644E+03
 54.5 7.13693E+03
 55.0 6.30677E+03
 55.5 5.48592E+03
 56.0 4.67435E+03
 56.5 3.87205E+03
 57.0 3.07904E+03
 57.5 2.29533E+03
 58.0 1.52094E+03
 58.5 7.55948E+02
 59.0 6.27654E+01
