059K22D0W2
  0.5 0.00000E+00
  1.0 0.00000E+00
  1.5 0.00000E+00
  2.0 0.00000E+00
  2.5 0.00000E+00
  3.0 0.00000E+00
  3.5 7.46206E+04
  4.0 9.43438E+04
  4.5 1.15479E+05
  5.0 1.38293E+05
  5.5 1.62972E+05
  6.0 1.89210E+05
  6.5 2.15956E+05
  7.0 2.41652E+05
  7.5 2.64728E+05
  8.0 2.84011E+05
  8.5 3.38209E+06
  9.0 3.09225E+05
  9.5 1.84309E+06
 10.0 1.53900E+06
 10.5 1.50705E+05
 11.0 1.57498E+05
 11.5 4.32924E+05
 12.0 1.19202E+05
 12.5 1.09543E+05
 13.0 1.13441E+05
 13.5 1.16739E+05
 14.0 1.19415E+05
 14.5 1.21468E+05
 15.0 1.22917E+05
 15.5 1.23794E+05
 16.0 1.24141E+05
 16.5 1.24006E+05
 17.0 1.23440E+05
 17.5 1.22497E+05
 18.0 1.21225E+05
 18.5 1.19674E+05
 19.0 1.17888E+05
 19.5 1.15909E+05
 20.0 1.13773E+05
 20.5 1.11513E+05
 21.0 1.09159E+05
 21.5 1.06736E+05
 22.0 1.04265E+05
 22.5 1.01767E+05
 23.0 9.92553E+04
 23.5 9.67452E+04
 24.0 9.42474E+04
 24.5 9.17712E+04
 25.0 8.93242E+04
 25.5 8.69123E+04
 26.0 8.45406E+04
 26.5 8.22125E+04
 27.0 7.99309E+04
 27.5 7.76978E+04
 28.0 7.55144E+04
 28.5 7.33814E+04
 29.0 7.12990E+04
 29.5 6.92671E+04
 30.0 6.72852E+04
 30.5 6.53526E+04
 31.0 6.34683E+04
 31.5 6.16313E+04
 32.0 5.98401E+04
 32.5 5.80936E+04
 33.0 5.63903E+04
 33.5 5.47288E+04
 34.0 5.31075E+04
 34.5 5.15249E+04
 35.0 4.99797E+04
 35.5 4.84703E+04
 36.0 4.69952E+04
 36.5 4.55530E+04
 37.0 4.41423E+04
 37.5 4.27618E+04
 38.0 4.14101E+04
 38.5 4.00861E+04
 39.0 3.87884E+04
 39.5 3.75159E+04
 40.0 3.62675E+04
 40.5 3.50421E+04
 41.0 3.38387E+04
 41.5 3.26563E+04
 42.0 3.14940E+04
 42.5 3.03509E+04
 43.0 2.92262E+04
 43.5 2.81192E+04
 44.0 2.70290E+04
 44.5 2.59550E+04
 45.0 2.48966E+04
 45.5 2.38531E+04
 46.0 2.28240E+04
 46.5 2.18086E+04
 47.0 2.08066E+04
 47.5 1.98175E+04
 48.0 1.88409E+04
 48.5 1.78763E+04
 49.0 1.69234E+04
 49.5 1.59819E+04
 50.0 1.50514E+04
 50.5 1.41318E+04
 51.0 1.32227E+04
 51.5 1.23239E+04
 52.0 1.14353E+04
 52.5 1.05567E+04
 53.0 9.68781E+03
 53.5 8.82866E+03
 54.0 7.97909E+03
 54.5 7.13903E+03
 55.0 6.30839E+03
 55.5 5.48713E+03
 56.0 4.67523E+03
 56.5 3.87266E+03
 57.0 3.07943E+03
 57.5 2.29555E+03
 58.0 1.52105E+03
 58.5 7.55979E+02
 59.0 6.27670E+01
