059K20D0W2
  0.5 0.00000E+00
  1.0 0.00000E+00
  1.5 0.00000E+00
  2.0 0.00000E+00
  2.5 0.00000E+00
  3.0 0.00000E+00
  3.5 6.63260E+04
  4.0 8.39990E+04
  4.5 1.02813E+05
  5.0 1.22958E+05
  5.5 1.44632E+05
  6.0 1.67772E+05
  6.5 1.91761E+05
  7.0 2.15450E+05
  7.5 2.37487E+05
  8.0 2.56698E+05
  8.5 3.16871E+06
  9.0 2.83999E+05
  9.5 1.75322E+06
 10.0 1.46404E+06
 10.5 1.35470E+05
 11.0 1.42261E+05
 11.5 3.98872E+05
 12.0 1.07243E+05
 12.5 9.85433E+04
 13.0 1.02441E+05
 13.5 1.05858E+05
 14.0 1.08758E+05
 14.5 1.11122E+05
 15.0 1.12952E+05
 15.5 1.14261E+05
 16.0 1.15076E+05
 16.5 1.15430E+05
 17.0 1.15363E+05
 17.5 1.14918E+05
 18.0 1.14137E+05
 18.5 1.13063E+05
 19.0 1.11737E+05
 19.5 1.10196E+05
 20.0 1.08476E+05
 20.5 1.06609E+05
 21.0 1.04623E+05
 21.5 1.02544E+05
 22.0 1.00395E+05
 22.5 9.81949E+04
 23.0 9.59610E+04
 23.5 9.37078E+04
 24.0 9.14476E+04
 24.5 8.91910E+04
 25.0 8.69467E+04
 25.5 8.47220E+04
 26.0 8.25226E+04
 26.5 8.03535E+04
 27.0 7.82184E+04
 27.5 7.61203E+04
 28.0 7.40611E+04
 28.5 7.20426E+04
 29.0 7.00657E+04
 29.5 6.81310E+04
 30.0 6.62387E+04
 30.5 6.43886E+04
 31.0 6.25804E+04
 31.5 6.08134E+04
 32.0 5.90869E+04
 32.5 5.74001E+04
 33.0 5.57517E+04
 33.5 5.41409E+04
 34.0 5.25665E+04
 34.5 5.10272E+04
 35.0 4.95219E+04
 35.5 4.80493E+04
 36.0 4.66082E+04
 36.5 4.51975E+04
 37.0 4.38159E+04
 37.5 4.24622E+04
 38.0 4.11353E+04
 38.5 3.98342E+04
 39.0 3.85576E+04
 39.5 3.73047E+04
 40.0 3.60743E+04
 40.5 3.48656E+04
 41.0 3.36776E+04
 41.5 3.25094E+04
 42.0 3.13603E+04
 42.5 3.02293E+04
 43.0 2.91158E+04
 43.5 2.80191E+04
 44.0 2.69384E+04
 44.5 2.58732E+04
 45.0 2.48228E+04
 45.5 2.37867E+04
 46.0 2.27643E+04
 46.5 2.17553E+04
 47.0 2.07590E+04
 47.5 1.97751E+04
 48.0 1.88033E+04
 48.5 1.78431E+04
 49.0 1.68942E+04
 49.5 1.59563E+04
 50.0 1.50291E+04
 50.5 1.41124E+04
 51.0 1.32060E+04
 51.5 1.23097E+04
 52.0 1.14232E+04
 52.5 1.05465E+04
 53.0 9.67940E+03
 53.5 8.82177E+03
 54.0 7.97354E+03
 54.5 7.13463E+03
 55.0 6.30499E+03
 55.5 5.48458E+03
 56.0 4.67338E+03
 56.5 3.87139E+03
 57.0 3.07862E+03
 57.5 2.29508E+03
 58.0 1.52083E+03
 58.5 7.55914E+02
 59.0 6.27636E+01
