060K06D0W2
  0.5 0.00000E+00
  1.0 0.00000E+00
  1.5 0.00000E+00
  2.0 0.00000E+00
  2.5 0.00000E+00
  3.0 0.00000E+00
  3.5 1.41670E+04
  4.0 1.93557E+04
  4.5 2.46937E+04
  5.0 3.01482E+04
  5.5 3.57057E+04
  6.0 4.13601E+04
  6.5 4.71087E+04
  7.0 5.29514E+04
  7.5 5.88903E+04
  8.0 6.49279E+04
  8.5 6.68856E+05
  9.0 7.72684E+04
  9.5 5.63820E+05
 10.0 4.72762E+05
 10.5 3.46050E+04
 11.0 3.68562E+04
 11.5 7.77779E+04
 12.0 2.77152E+04
 12.5 2.55391E+04
 13.0 2.68617E+04
 13.5 2.81706E+04
 14.0 2.94652E+04
 14.5 3.07445E+04
 15.0 3.20072E+04
 15.5 3.32519E+04
 16.0 3.44763E+04
 16.5 3.56777E+04
 17.0 3.68525E+04
 17.5 3.79965E+04
 18.0 3.91048E+04
 18.5 4.01722E+04
 19.0 4.11932E+04
 19.5 4.21622E+04
 20.0 4.30739E+04
 20.5 4.39234E+04
 21.0 4.47063E+04
 21.5 4.54189E+04
 22.0 4.60584E+04
 22.5 4.66225E+04
 23.0 4.71101E+04
 23.5 4.75206E+04
 24.0 4.78543E+04
 24.5 4.81119E+04
 25.0 4.82950E+04
 25.5 4.84054E+04
 26.0 4.84456E+04
 26.5 4.84181E+04
 27.0 4.83260E+04
 27.5 4.81724E+04
 28.0 4.79604E+04
 28.5 4.76934E+04
 29.0 4.73747E+04
 29.5 4.70075E+04
 30.0 4.65952E+04
 30.5 4.61408E+04
 31.0 4.56474E+04
 31.5 4.51179E+04
 32.0 4.45552E+04
 32.5 4.39618E+04
 33.0 4.33403E+04
 33.5 4.26930E+04
 34.0 4.20222E+04
 34.5 4.13300E+04
 35.0 4.06183E+04
 35.5 3.98889E+04
 36.0 3.91435E+04
 36.5 3.83837E+04
 37.0 3.76109E+04
 37.5 3.68265E+04
 38.0 3.60317E+04
 38.5 3.52276E+04
 39.0 3.44154E+04
 39.5 3.35959E+04
 40.0 3.27701E+04
 40.5 3.19388E+04
 41.0 3.11028E+04
 41.5 3.02628E+04
 42.0 2.94194E+04
 42.5 2.85733E+04
 43.0 2.77249E+04
 43.5 2.68749E+04
 44.0 2.60236E+04
 44.5 2.51716E+04
 45.0 2.43192E+04
 45.5 2.34669E+04
 46.0 2.26149E+04
 46.5 2.17637E+04
 47.0 2.09136E+04
 47.5 2.00648E+04
 48.0 1.92177E+04
 48.5 1.83725E+04
 49.0 1.75295E+04
 49.5 1.66890E+04
 50.0 1.58512E+04
 50.5 1.50163E+04
 51.0 1.41846E+04
 51.5 1.33562E+04
 52.0 1.25315E+04
 52.5 1.17106E+04
 53.0 1.08938E+04
 53.5 1.00812E+04
 54.0 9.27309E+03
 54.5 8.46964E+03
 55.0 7.67108E+03
 55.5 6.87762E+03
 56.0 6.08945E+03
 56.5 5.30679E+03
 57.0 4.52986E+03
 57.5 3.75885E+03
 58.0 2.99399E+03
 58.5 2.23549E+03
 59.0 1.48356E+03
 59.5 7.38427E+02
 60.0 6.13628E+01
