060K07D0W2
  0.5 0.00000E+00
  1.0 0.00000E+00
  1.5 0.00000E+00
  2.0 0.00000E+00
  2.5 0.00000E+00
  3.0 0.00000E+00
  3.5 1.75360E+04
  4.0 2.35505E+04
  4.5 2.97408E+04
  5.0 3.60823E+04
  5.5 4.25658E+04
  6.0 4.91886E+04
  6.5 5.59524E+04
  7.0 6.28624E+04
  7.5 6.99259E+04
  8.0 7.71442E+04
  8.5 9.09565E+05
  9.0 9.19243E+04
  9.5 7.03210E+05
 10.0 5.88864E+05
 10.5 4.10245E+04
 11.0 4.36892E+04
 11.5 1.03261E+05
 12.0 3.28362E+04
 12.5 3.02525E+04
 13.0 3.18095E+04
 13.5 3.33528E+04
 14.0 3.48804E+04
 14.5 3.63896E+04
 15.0 3.78770E+04
 15.5 3.93380E+04
 16.0 4.07669E+04
 16.5 4.21571E+04
 17.0 4.35010E+04
 17.5 4.47908E+04
 18.0 4.60185E+04
 18.5 4.71761E+04
 19.0 4.82565E+04
 19.5 4.92533E+04
 20.0 5.01610E+04
 20.5 5.09756E+04
 21.0 5.16939E+04
 21.5 5.23143E+04
 22.0 5.28363E+04
 22.5 5.32603E+04
 23.0 5.35879E+04
 23.5 5.38215E+04
 24.0 5.39640E+04
 24.5 5.40192E+04
 25.0 5.39909E+04
 25.5 5.38836E+04
 26.0 5.37019E+04
 26.5 5.34503E+04
 27.0 5.31336E+04
 27.5 5.27564E+04
 28.0 5.23234E+04
 28.5 5.18388E+04
 29.0 5.13071E+04
 29.5 5.07322E+04
 30.0 5.01180E+04
 30.5 4.94682E+04
 31.0 4.87861E+04
 31.5 4.80750E+04
 32.0 4.73378E+04
 32.5 4.65772E+04
 33.0 4.57958E+04
 33.5 4.49960E+04
 34.0 4.41798E+04
 34.5 4.33493E+04
 35.0 4.25062E+04
 35.5 4.16522E+04
 36.0 4.07887E+04
 36.5 3.99172E+04
 37.0 3.90388E+04
 37.5 3.81546E+04
 38.0 3.72657E+04
 38.5 3.63730E+04
 39.0 3.54773E+04
 39.5 3.45793E+04
 40.0 3.36798E+04
 40.5 3.27792E+04
 41.0 3.18782E+04
 41.5 3.09773E+04
 42.0 3.00769E+04
 42.5 2.91774E+04
 43.0 2.82791E+04
 43.5 2.73824E+04
 44.0 2.64877E+04
 44.5 2.55951E+04
 45.0 2.47050E+04
 45.5 2.38175E+04
 46.0 2.29329E+04
 46.5 2.20514E+04
 47.0 2.11732E+04
 47.5 2.02985E+04
 48.0 1.94273E+04
 48.5 1.85600E+04
 49.0 1.76966E+04
 49.5 1.68373E+04
 50.0 1.59822E+04
 50.5 1.51315E+04
 51.0 1.42854E+04
 51.5 1.34439E+04
 52.0 1.26073E+04
 52.5 1.17756E+04
 53.0 1.09491E+04
 53.5 1.01277E+04
 54.0 9.31184E+03
 54.5 8.50148E+03
 55.0 7.69684E+03
 55.5 6.89806E+03
 56.0 6.10530E+03
 56.5 5.31873E+03
 57.0 4.53850E+03
 57.5 3.76480E+03
 58.0 2.99780E+03
 58.5 2.23766E+03
 59.0 1.48458E+03
 59.5 7.38736E+02
 60.0 6.13789E+01
