060K18D0W2
  0.5 0.00000E+00
  1.0 0.00000E+00
  1.5 0.00000E+00
  2.0 0.00000E+00
  2.5 0.00000E+00
  3.0 0.00000E+00
  3.5 5.76159E+04
  4.0 7.31752E+04
  4.5 8.96319E+04
  5.0 1.07102E+05
  5.5 1.25749E+05
  6.0 1.45656E+05
  6.5 1.66595E+05
  7.0 1.87889E+05
  7.5 2.08530E+05
  8.0 2.27454E+05
  8.5 2.96031E+06
  9.0 2.57008E+05
  9.5 1.67510E+06
 10.0 1.39892E+06
 10.5 1.19607E+05
 11.0 1.26341E+05
 11.5 3.63950E+05
 12.0 9.49128E+04
 12.5 8.72453E+04
 13.0 9.11164E+04
 13.5 9.46457E+04
 14.0 9.77845E+04
 14.5 1.00498E+05
 15.0 1.02766E+05
 15.5 1.04584E+05
 16.0 1.05959E+05
 16.5 1.06905E+05
 17.0 1.07448E+05
 17.5 1.07616E+05
 18.0 1.07441E+05
 18.5 1.06959E+05
 19.0 1.06203E+05
 19.5 1.05207E+05
 20.0 1.04003E+05
 20.5 1.02621E+05
 21.0 1.01089E+05
 21.5 9.94324E+04
 22.0 9.76748E+04
 22.5 9.58364E+04
 23.0 9.39354E+04
 23.5 9.19879E+04
 24.0 9.00079E+04
 24.5 8.80074E+04
 25.0 8.59970E+04
 25.5 8.39855E+04
 26.0 8.19804E+04
 26.5 7.99879E+04
 27.0 7.80134E+04
 27.5 7.60610E+04
 28.0 7.41342E+04
 28.5 7.22358E+04
 29.0 7.03679E+04
 29.5 6.85320E+04
 30.0 6.67293E+04
 30.5 6.49605E+04
 31.0 6.32260E+04
 31.5 6.15260E+04
 32.0 5.98603E+04
 32.5 5.82287E+04
 33.0 5.66306E+04
 33.5 5.50655E+04
 34.0 5.35327E+04
 34.5 5.20314E+04
 35.0 5.05608E+04
 35.5 4.91199E+04
 36.0 4.77079E+04
 36.5 4.63239E+04
 37.0 4.49668E+04
 37.5 4.36358E+04
 38.0 4.23298E+04
 38.5 4.10480E+04
 39.0 3.97895E+04
 39.5 3.85533E+04
 40.0 3.73385E+04
 40.5 3.61445E+04
 41.0 3.49702E+04
 41.5 3.38149E+04
 42.0 3.26780E+04
 42.5 3.15586E+04
 43.0 3.04560E+04
 43.5 2.93697E+04
 44.0 2.82989E+04
 44.5 2.72431E+04
 45.0 2.62017E+04
 45.5 2.51742E+04
 46.0 2.41601E+04
 46.5 2.31589E+04
 47.0 2.21702E+04
 47.5 2.11936E+04
 48.0 2.02286E+04
 48.5 1.92750E+04
 49.0 1.83324E+04
 49.5 1.74005E+04
 50.0 1.64790E+04
 50.5 1.55677E+04
 51.0 1.46664E+04
 51.5 1.37748E+04
 52.0 1.28927E+04
 52.5 1.20200E+04
 53.0 1.11566E+04
 53.5 1.03023E+04
 54.0 9.45696E+03
 54.5 8.62058E+03
 55.0 7.79306E+03
 55.5 6.97433E+03
 56.0 6.16437E+03
 56.5 5.36315E+03
 57.0 4.57066E+03
 57.5 3.78691E+03
 58.0 3.01192E+03
 58.5 2.24572E+03
 59.0 1.48835E+03
 59.5 7.39883E+02
 60.0 6.14382E+01
