060K12D0W2
  0.5 0.00000E+00
  1.0 0.00000E+00
  1.5 0.00000E+00
  2.0 0.00000E+00
  2.5 0.00000E+00
  3.0 0.00000E+00
  3.5 3.50860E+04
  4.0 4.52701E+04
  4.5 5.58668E+04
  5.0 6.68872E+04
  5.5 7.83603E+04
  6.0 9.03338E+04
  6.5 1.02858E+05
  7.0 1.15929E+05
  7.5 1.29408E+05
  8.0 1.42986E+05
  8.5 2.00903E+06
  9.0 1.68610E+05
  9.5 1.25271E+06
 10.0 1.04691E+06
 10.5 7.50917E+04
 11.0 7.99495E+04
 11.5 2.32709E+05
 12.0 5.98559E+04
 12.5 5.50719E+04
 13.0 5.78648E+04
 13.5 6.05894E+04
 14.0 6.32175E+04
 14.5 6.57197E+04
 15.0 6.80676E+04
 15.5 7.02353E+04
 16.0 7.22014E+04
 16.5 7.39491E+04
 17.0 7.54671E+04
 17.5 7.67496E+04
 18.0 7.77955E+04
 18.5 7.86083E+04
 19.0 7.91950E+04
 19.5 7.95656E+04
 20.0 7.97324E+04
 20.5 7.97092E+04
 21.0 7.95106E+04
 21.5 7.91519E+04
 22.0 7.86482E+04
 22.5 7.80145E+04
 23.0 7.72653E+04
 23.5 7.64140E+04
 24.0 7.54738E+04
 24.5 7.44564E+04
 25.0 7.33730E+04
 25.5 7.22336E+04
 26.0 7.10473E+04
 26.5 6.98225E+04
 27.0 6.85665E+04
 27.5 6.72859E+04
 28.0 6.59865E+04
 28.5 6.46735E+04
 29.0 6.33514E+04
 29.5 6.20241E+04
 30.0 6.06950E+04
 30.5 5.93671E+04
 31.0 5.80429E+04
 31.5 5.67245E+04
 32.0 5.54137E+04
 32.5 5.41120E+04
 33.0 5.28206E+04
 33.5 5.15406E+04
 34.0 5.02727E+04
 34.5 4.90175E+04
 35.0 4.77756E+04
 35.5 4.65472E+04
 36.0 4.53325E+04
 36.5 4.41318E+04
 37.0 4.29450E+04
 37.5 4.17720E+04
 38.0 4.06129E+04
 38.5 3.94674E+04
 39.0 3.83353E+04
 39.5 3.72165E+04
 40.0 3.61108E+04
 40.5 3.50178E+04
 41.0 3.39373E+04
 41.5 3.28689E+04
 42.0 3.18126E+04
 42.5 3.07678E+04
 43.0 2.97344E+04
 43.5 2.87121E+04
 44.0 2.77005E+04
 44.5 2.66995E+04
 45.0 2.57088E+04
 45.5 2.47280E+04
 46.0 2.37571E+04
 46.5 2.27957E+04
 47.0 2.18436E+04
 47.5 2.09007E+04
 48.0 1.99668E+04
 48.5 1.90416E+04
 49.0 1.81251E+04
 49.5 1.72170E+04
 50.0 1.63174E+04
 50.5 1.54259E+04
 51.0 1.45426E+04
 51.5 1.36674E+04
 52.0 1.28002E+04
 52.5 1.19408E+04
 53.0 1.10894E+04
 53.5 1.02458E+04
 54.0 9.41004E+03
 54.5 8.58210E+03
 55.0 7.76199E+03
 55.5 6.94972E+03
 56.0 6.14532E+03
 56.5 5.34883E+03
 57.0 4.56030E+03
 57.5 3.77979E+03
 58.0 3.00737E+03
 58.5 2.24313E+03
 59.0 1.48714E+03
 59.5 7.39514E+02
 60.0 6.14192E+01
