060K11D0W2
  0.5 0.00000E+00
  1.0 0.00000E+00
  1.5 0.00000E+00
  2.0 0.00000E+00
  2.5 0.00000E+00
  3.0 0.00000E+00
  3.5 3.14916E+04
  4.0 4.08269E+04
  4.5 5.05156E+04
  5.0 6.05602E+04
  5.5 7.09779E+04
  6.0 8.18005E+04
  6.5 9.30694E+04
  7.0 1.04803E+05
  7.5 1.16936E+05
  8.0 1.29271E+05
  8.5 1.81217E+06
  9.0 1.53154E+05
  9.5 1.16083E+06
 10.0 9.70321E+05
 10.5 6.80130E+04
 11.0 7.24408E+04
 11.5 2.07903E+05
 12.0 5.42609E+04
 12.5 4.99375E+04
 13.0 5.24871E+04
 13.5 5.49916E+04
 14.0 5.74299E+04
 14.5 5.97786E+04
 15.0 6.20138E+04
 15.5 6.41121E+04
 16.0 6.60525E+04
 16.5 6.78173E+04
 17.0 6.93925E+04
 17.5 7.07685E+04
 18.0 7.19401E+04
 18.5 7.29060E+04
 19.0 7.36684E+04
 19.5 7.42326E+04
 20.0 7.46066E+04
 20.5 7.48000E+04
 21.0 7.48241E+04
 21.5 7.46908E+04
 22.0 7.44128E+04
 22.5 7.40026E+04
 23.0 7.34731E+04
 23.5 7.28363E+04
 24.0 7.21040E+04
 24.5 7.12872E+04
 25.0 7.03966E+04
 25.5 6.94417E+04
 26.0 6.84314E+04
 26.5 6.73739E+04
 27.0 6.62765E+04
 27.5 6.51461E+04
 28.0 6.39886E+04
 28.5 6.28094E+04
 29.0 6.16133E+04
 29.5 6.04045E+04
 30.0 5.91866E+04
 30.5 5.79632E+04
 31.0 5.67368E+04
 31.5 5.55101E+04
 32.0 5.42851E+04
 32.5 5.30637E+04
 33.0 5.18474E+04
 33.5 5.06375E+04
 34.0 4.94351E+04
 34.5 4.82412E+04
 35.0 4.70563E+04
 35.5 4.58812E+04
 36.0 4.47163E+04
 36.5 4.35619E+04
 37.0 4.24182E+04
 37.5 4.12855E+04
 38.0 4.01639E+04
 38.5 3.90533E+04
 39.0 3.79538E+04
 39.5 3.68653E+04
 40.0 3.57876E+04
 40.5 3.47208E+04
 41.0 3.36646E+04
 41.5 3.26189E+04
 42.0 3.15836E+04
 42.5 3.05583E+04
 43.0 2.95430E+04
 43.5 2.85375E+04
 44.0 2.75415E+04
 44.5 2.65549E+04
 45.0 2.55775E+04
 45.5 2.46091E+04
 46.0 2.36496E+04
 46.5 2.26987E+04
 47.0 2.17564E+04
 47.5 2.08224E+04
 48.0 1.98967E+04
 48.5 1.89791E+04
 49.0 1.80695E+04
 49.5 1.71679E+04
 50.0 1.62740E+04
 50.5 1.53879E+04
 51.0 1.45094E+04
 51.5 1.36386E+04
 52.0 1.27753E+04
 52.5 1.19195E+04
 53.0 1.10713E+04
 53.5 1.02306E+04
 54.0 9.39741E+03
 54.5 8.57174E+03
 55.0 7.75362E+03
 55.5 6.94309E+03
 56.0 6.14019E+03
 56.5 5.34497E+03
 57.0 4.55751E+03
 57.5 3.77787E+03
 58.0 3.00615E+03
 58.5 2.24243E+03
 59.0 1.48681E+03
 59.5 7.39415E+02
 60.0 6.14140E+01
