060K17D0W2
  0.5 0.00000E+00
  1.0 0.00000E+00
  1.5 0.00000E+00
  2.0 0.00000E+00
  2.5 0.00000E+00
  3.0 0.00000E+00
  3.5 5.37344E+04
  4.0 6.83573E+04
  4.5 8.37795E+04
  5.0 1.00091E+05
  5.5 1.17427E+05
  6.0 1.35893E+05
  6.5 1.55366E+05
  7.0 1.75347E+05
  7.5 1.94993E+05
  8.0 2.13340E+05
  8.5 2.82540E+06
  9.0 2.42992E+05
  9.5 1.61690E+06
 10.0 1.35042E+06
 10.5 1.12016E+05
 11.0 1.18547E+05
 11.5 3.44098E+05
 12.0 8.89446E+04
 12.5 8.17647E+04
 13.0 8.55173E+04
 13.5 8.89856E+04
 14.0 9.21198E+04
 14.5 9.48816E+04
 15.0 9.72461E+04
 15.5 9.92007E+04
 16.0 1.00745E+05
 16.5 1.01887E+05
 17.0 1.02644E+05
 17.5 1.03041E+05
 18.0 1.03102E+05
 18.5 1.02858E+05
 19.0 1.02340E+05
 19.5 1.01579E+05
 20.0 1.00603E+05
 20.5 9.94412E+04
 21.0 9.81208E+04
 21.5 9.66662E+04
 22.0 9.50998E+04
 22.5 9.34421E+04
 23.0 9.17113E+04
 23.5 8.99235E+04
 24.0 8.80930E+04
 24.5 8.62323E+04
 25.0 8.43522E+04
 25.5 8.24621E+04
 26.0 8.05698E+04
 26.5 7.86822E+04
 27.0 7.68051E+04
 27.5 7.49430E+04
 28.0 7.31001E+04
 28.5 7.12793E+04
 29.0 6.94834E+04
 29.5 6.77142E+04
 30.0 6.59732E+04
 30.5 6.42617E+04
 31.0 6.25802E+04
 31.5 6.09292E+04
 32.0 5.93089E+04
 32.5 5.77193E+04
 33.0 5.61602E+04
 33.5 5.46312E+04
 34.0 5.31318E+04
 34.5 5.16614E+04
 35.0 5.02194E+04
 35.5 4.88051E+04
 36.0 4.74177E+04
 36.5 4.60565E+04
 37.0 4.47205E+04
 37.5 4.34090E+04
 38.0 4.21212E+04
 38.5 4.08562E+04
 39.0 3.96132E+04
 39.5 3.83914E+04
 40.0 3.71900E+04
 40.5 3.60083E+04
 41.0 3.48455E+04
 41.5 3.37008E+04
 42.0 3.25737E+04
 42.5 3.14633E+04
 43.0 3.03692E+04
 43.5 2.92906E+04
 44.0 2.82270E+04
 44.5 2.71778E+04
 45.0 2.61425E+04
 45.5 2.51207E+04
 46.0 2.41118E+04
 46.5 2.31154E+04
 47.0 2.21311E+04
 47.5 2.11585E+04
 48.0 2.01973E+04
 48.5 1.92471E+04
 49.0 1.83076E+04
 49.5 1.73786E+04
 50.0 1.64597E+04
 50.5 1.55508E+04
 51.0 1.46516E+04
 51.5 1.37620E+04
 52.0 1.28817E+04
 52.5 1.20106E+04
 53.0 1.11486E+04
 53.5 1.02955E+04
 54.0 9.45137E+03
 54.5 8.61600E+03
 55.0 7.78936E+03
 55.5 6.97140E+03
 56.0 6.16211E+03
 56.5 5.36145E+03
 57.0 4.56943E+03
 57.5 3.78606E+03
 58.0 3.01138E+03
 58.5 2.24541E+03
 59.0 1.48821E+03
 59.5 7.39839E+02
 60.0 6.14360E+01
