060K13D0W2
  0.5 0.00000E+00
  1.0 0.00000E+00
  1.5 0.00000E+00
  2.0 0.00000E+00
  2.5 0.00000E+00
  3.0 0.00000E+00
  3.5 3.87230E+04
  4.0 4.97670E+04
  4.5 6.12885E+04
  5.0 7.33089E+04
  5.5 8.58722E+04
  6.0 9.90441E+04
  6.5 1.12877E+05
  7.0 1.27320E+05
  7.5 1.42136E+05
  8.0 1.56886E+05
  8.5 2.19378E+06
  9.0 1.83947E+05
  9.5 1.33727E+06
 10.0 1.11740E+06
 10.5 8.22902E+04
 11.0 8.75555E+04
 11.5 2.56682E+05
 12.0 6.55378E+04
 12.5 6.02850E+04
 13.0 6.33094E+04
 13.5 6.62350E+04
 14.0 6.90268E+04
 14.5 7.16500E+04
 15.0 7.40736E+04
 15.5 7.62709E+04
 16.0 7.82215E+04
 16.5 7.99118E+04
 17.0 8.13343E+04
 17.5 8.24880E+04
 18.0 8.33770E+04
 18.5 8.40099E+04
 19.0 8.43988E+04
 19.5 8.45584E+04
 20.0 8.45052E+04
 20.5 8.42566E+04
 21.0 8.38306E+04
 21.5 8.32450E+04
 22.0 8.25174E+04
 22.5 8.16644E+04
 23.0 8.07019E+04
 23.5 7.96445E+04
 24.0 7.85061E+04
 24.5 7.72989E+04
 25.0 7.60345E+04
 25.5 7.47230E+04
 26.0 7.33736E+04
 26.5 7.19945E+04
 27.0 7.05928E+04
 27.5 6.91750E+04
 28.0 6.77466E+04
 28.5 6.63125E+04
 29.0 6.48767E+04
 29.5 6.34429E+04
 30.0 6.20141E+04
 30.5 6.05930E+04
 31.0 5.91816E+04
 31.5 5.77817E+04
 32.0 5.63949E+04
 32.5 5.50222E+04
 33.0 5.36646E+04
 33.5 5.23229E+04
 34.0 5.09974E+04
 34.5 4.96886E+04
 35.0 4.83967E+04
 35.5 4.71218E+04
 36.0 4.58638E+04
 36.5 4.46227E+04
 37.0 4.33983E+04
 37.5 4.21904E+04
 38.0 4.09987E+04
 38.5 3.98230E+04
 39.0 3.86628E+04
 39.5 3.75179E+04
 40.0 3.63878E+04
 40.5 3.52722E+04
 41.0 3.41707E+04
 41.5 3.30829E+04
 42.0 3.20084E+04
 42.5 3.09469E+04
 43.0 2.98980E+04
 43.5 2.88612E+04
 44.0 2.78363E+04
 44.5 2.68230E+04
 45.0 2.58208E+04
 45.5 2.48295E+04
 46.0 2.38488E+04
 46.5 2.28784E+04
 47.0 2.19180E+04
 47.5 2.09674E+04
 48.0 2.00265E+04
 48.5 1.90948E+04
 49.0 1.81724E+04
 49.5 1.72589E+04
 50.0 1.63543E+04
 50.5 1.54583E+04
 51.0 1.45709E+04
 51.5 1.36919E+04
 52.0 1.28213E+04
 52.5 1.19589E+04
 53.0 1.11048E+04
 53.5 1.02587E+04
 54.0 9.42078E+03
 54.5 8.59091E+03
 55.0 7.76910E+03
 55.5 6.95536E+03
 56.0 6.14968E+03
 56.5 5.35211E+03
 57.0 4.56268E+03
 57.5 3.78142E+03
 58.0 3.00842E+03
 58.5 2.24372E+03
 59.0 1.48742E+03
 59.5 7.39599E+02
 60.0 6.14236E+01
