060K19D0W2
  0.5 0.00000E+00
  1.0 0.00000E+00
  1.5 0.00000E+00
  2.0 0.00000E+00
  2.5 0.00000E+00
  3.0 0.00000E+00
  3.5 6.15550E+04
  4.0 7.80700E+04
  4.5 9.55891E+04
  5.0 1.14259E+05
  5.5 1.34265E+05
  6.0 1.55653E+05
  6.5 1.78058E+05
  7.0 2.00608E+05
  7.5 2.22135E+05
  8.0 2.41499E+05
  8.5 3.08748E+06
  9.0 2.70691E+05
  9.5 1.72956E+06
 10.0 1.44431E+06
 10.5 1.27232E+05
 11.0 1.34119E+05
 11.5 3.83072E+05
 12.0 1.00906E+05
 12.5 9.27516E+04
 13.0 9.67125E+04
 13.5 1.00272E+05
 14.0 1.03384E+05
 14.5 1.06019E+05
 15.0 1.08164E+05
 15.5 1.09822E+05
 16.0 1.11006E+05
 16.5 1.11740E+05
 17.0 1.12055E+05
 17.5 1.11986E+05
 18.0 1.11571E+05
 18.5 1.10847E+05
 19.0 1.09853E+05
 19.5 1.08624E+05
 20.0 1.07196E+05
 20.5 1.05599E+05
 21.0 1.03862E+05
 21.5 1.02011E+05
 22.0 1.00069E+05
 22.5 9.80584E+04
 23.0 9.59955E+04
 23.5 9.38967E+04
 24.0 9.17754E+04
 24.5 8.96435E+04
 25.0 8.75107E+04
 25.5 8.53856E+04
 26.0 8.32750E+04
 26.5 8.11849E+04
 27.0 7.91198E+04
 27.5 7.70835E+04
 28.0 7.50792E+04
 28.5 7.31089E+04
 29.0 7.11746E+04
 29.5 6.92772E+04
 30.0 6.74177E+04
 30.5 6.55964E+04
 31.0 6.38133E+04
 31.5 6.20684E+04
 32.0 6.03611E+04
 32.5 5.86910E+04
 33.0 5.70573E+04
 33.5 5.54593E+04
 34.0 5.38960E+04
 34.5 5.23665E+04
 35.0 5.08698E+04
 35.5 4.94048E+04
 36.0 4.79705E+04
 36.5 4.65657E+04
 37.0 4.51894E+04
 37.5 4.38407E+04
 38.0 4.25183E+04
 38.5 4.12213E+04
 39.0 3.99486E+04
 39.5 3.86994E+04
 40.0 3.74726E+04
 40.5 3.62673E+04
 41.0 3.50827E+04
 41.5 3.39178E+04
 42.0 3.27720E+04
 42.5 3.16444E+04
 43.0 3.05343E+04
 43.5 2.94409E+04
 44.0 2.83636E+04
 44.5 2.73019E+04
 45.0 2.62550E+04
 45.5 2.52224E+04
 46.0 2.42036E+04
 46.5 2.31981E+04
 47.0 2.22054E+04
 47.5 2.12251E+04
 48.0 2.02568E+04
 48.5 1.93001E+04
 49.0 1.83547E+04
 49.5 1.74202E+04
 50.0 1.64964E+04
 50.5 1.55830E+04
 51.0 1.46797E+04
 51.5 1.37863E+04
 52.0 1.29026E+04
 52.5 1.20285E+04
 53.0 1.11638E+04
 53.5 1.03083E+04
 54.0 9.46198E+03
 54.5 8.62470E+03
 55.0 7.79638E+03
 55.5 6.97696E+03
 56.0 6.16641E+03
 56.5 5.36468E+03
 57.0 4.57177E+03
 57.5 3.78767E+03
 58.0 3.01240E+03
 58.5 2.24599E+03
 59.0 1.48848E+03
 59.5 7.39922E+02
 60.0 6.14403E+01
