060K22D0W2
  0.5 0.00000E+00
  1.0 0.00000E+00
  1.5 0.00000E+00
  2.0 0.00000E+00
  2.5 0.00000E+00
  3.0 0.00000E+00
  3.5 7.37539E+04
  4.0 9.32685E+04
  4.5 1.14166E+05
  5.0 1.36702E+05
  5.5 1.61085E+05
  6.0 1.87087E+05
  6.5 2.13762E+05
  7.0 2.39620E+05
  7.5 2.63102E+05
  8.0 2.82986E+05
  8.5 3.42871E+06
  9.0 3.09706E+05
  9.5 1.87396E+06
 10.0 1.56473E+06
 10.5 1.50192E+05
 11.0 1.57241E+05
 11.5 4.36440E+05
 12.0 1.18947E+05
 12.5 1.09342E+05
 13.0 1.13398E+05
 13.5 1.16870E+05
 14.0 1.19730E+05
 14.5 1.21972E+05
 15.0 1.23608E+05
 15.5 1.24666E+05
 16.0 1.25184E+05
 16.5 1.25210E+05
 17.0 1.24792E+05
 17.5 1.23981E+05
 18.0 1.22828E+05
 18.5 1.21381E+05
 19.0 1.19685E+05
 19.5 1.17781E+05
 20.0 1.15709E+05
 20.5 1.13501E+05
 21.0 1.11188E+05
 21.5 1.08796E+05
 22.0 1.06348E+05
 22.5 1.03864E+05
 23.0 1.01361E+05
 23.5 9.88527E+04
 24.0 9.63519E+04
 24.5 9.38682E+04
 25.0 9.14101E+04
 25.5 8.89840E+04
 26.0 8.65954E+04
 26.5 8.42484E+04
 27.0 8.19462E+04
 27.5 7.96912E+04
 28.0 7.74850E+04
 28.5 7.53285E+04
 29.0 7.32223E+04
 29.5 7.11664E+04
 30.0 6.91605E+04
 30.5 6.72042E+04
 31.0 6.52965E+04
 31.5 6.34365E+04
 32.0 6.16231E+04
 32.5 5.98549E+04
 33.0 5.81307E+04
 33.5 5.64490E+04
 34.0 5.48084E+04
 34.5 5.32074E+04
 35.0 5.16446E+04
 35.5 5.01186E+04
 36.0 4.86278E+04
 36.5 4.71708E+04
 37.0 4.57462E+04
 37.5 4.43528E+04
 38.0 4.29891E+04
 38.5 4.16538E+04
 39.0 4.03458E+04
 39.5 3.90638E+04
 40.0 3.78067E+04
 40.5 3.65734E+04
 41.0 3.53629E+04
 41.5 3.41741E+04
 42.0 3.30061E+04
 42.5 3.18580E+04
 43.0 3.07289E+04
 43.5 2.96181E+04
 44.0 2.85247E+04
 44.5 2.74480E+04
 45.0 2.63873E+04
 45.5 2.53421E+04
 46.0 2.43116E+04
 46.5 2.32953E+04
 47.0 2.22927E+04
 47.5 2.13034E+04
 48.0 2.03267E+04
 48.5 1.93624E+04
 49.0 1.84100E+04
 49.5 1.74691E+04
 50.0 1.65394E+04
 50.5 1.56207E+04
 51.0 1.47126E+04
 51.5 1.38148E+04
 52.0 1.29272E+04
 52.5 1.20495E+04
 53.0 1.11816E+04
 53.5 1.03233E+04
 54.0 9.47441E+03
 54.5 8.63489E+03
 55.0 7.80460E+03
 55.5 6.98348E+03
 56.0 6.17145E+03
 56.5 5.36846E+03
 57.0 4.57450E+03
 57.5 3.78955E+03
 58.0 3.01360E+03
 58.5 2.24668E+03
 59.0 1.48880E+03
 59.5 7.40019E+02
 60.0 6.14453E+01
