061K07D0W2
  0.5 0.00000E+00
  1.0 0.00000E+00
  1.5 0.00000E+00
  2.0 0.00000E+00
  2.5 0.00000E+00
  3.0 0.00000E+00
  3.5 1.73108E+04
  4.0 2.32723E+04
  4.5 2.94106E+04
  5.0 3.57008E+04
  5.5 4.21335E+04
  6.0 4.87059E+04
  6.5 5.54192E+04
  7.0 6.22784E+04
  7.5 6.92908E+04
  8.0 7.64596E+04
  8.5 8.93833E+05
  9.0 9.11696E+04
  9.5 6.99599E+05
 10.0 5.85875E+05
 10.5 4.07545E+04
 11.0 4.34168E+04
 11.5 1.01469E+05
 12.0 3.26601E+04
 12.5 3.01027E+04
 13.0 3.16641E+04
 13.5 3.32129E+04
 14.0 3.47475E+04
 14.5 3.62654E+04
 15.0 3.77633E+04
 15.5 3.92367E+04
 16.0 4.06805E+04
 16.5 4.20881E+04
 17.0 4.34522E+04
 17.5 4.47652E+04
 18.0 4.60189E+04
 18.5 4.72055E+04
 19.0 4.83176E+04
 19.5 4.93484E+04
 20.0 5.02925E+04
 20.5 5.11451E+04
 21.0 5.19029E+04
 21.5 5.25638E+04
 22.0 5.31269E+04
 22.5 5.35923E+04
 23.0 5.39611E+04
 23.5 5.42355E+04
 24.0 5.44182E+04
 24.5 5.45126E+04
 25.0 5.45225E+04
 25.5 5.44521E+04
 26.0 5.43059E+04
 26.5 5.40884E+04
 27.0 5.38043E+04
 27.5 5.34583E+04
 28.0 5.30549E+04
 28.5 5.25986E+04
 29.0 5.20936E+04
 29.5 5.15441E+04
 30.0 5.09539E+04
 30.5 5.03269E+04
 31.0 4.96664E+04
 31.5 4.89758E+04
 32.0 4.82580E+04
 32.5 4.75160E+04
 33.0 4.67522E+04
 33.5 4.59692E+04
 34.0 4.51691E+04
 34.5 4.43540E+04
 35.0 4.35257E+04
 35.5 4.26860E+04
 36.0 4.18363E+04
 36.5 4.09781E+04
 37.0 4.01126E+04
 37.5 3.92410E+04
 38.0 3.83645E+04
 38.5 3.74838E+04
 39.0 3.65998E+04
 39.5 3.57134E+04
 40.0 3.48252E+04
 40.5 3.39359E+04
 41.0 3.30459E+04
 41.5 3.21559E+04
 42.0 3.12663E+04
 42.5 3.03774E+04
 43.0 2.94898E+04
 43.5 2.86036E+04
 44.0 2.77192E+04
 44.5 2.68369E+04
 45.0 2.59569E+04
 45.5 2.50795E+04
 46.0 2.42049E+04
 46.5 2.33332E+04
 47.0 2.24647E+04
 47.5 2.15995E+04
 48.0 2.07378E+04
 48.5 1.98798E+04
 49.0 1.90255E+04
 49.5 1.81751E+04
 50.0 1.73288E+04
 50.5 1.64866E+04
 51.0 1.56488E+04
 51.5 1.48154E+04
 52.0 1.39865E+04
 52.5 1.31624E+04
 53.0 1.23430E+04
 53.5 1.15286E+04
 54.0 1.07193E+04
 54.5 9.91518E+03
 55.0 9.11640E+03
 55.5 8.32309E+03
 56.0 7.53539E+03
 56.5 6.75346E+03
 57.0 5.97742E+03
 57.5 5.20744E+03
 58.0 4.44366E+03
 58.5 3.68624E+03
 59.0 2.93535E+03
 59.5 2.19114E+03
 60.0 1.45378E+03
 60.5 7.23442E+02
 61.0 6.01100E+01
