061K16D0W2
  0.5 0.00000E+00
  1.0 0.00000E+00
  1.5 0.00000E+00
  2.0 0.00000E+00
  2.5 0.00000E+00
  3.0 0.00000E+00
  3.5 4.93293E+04
  4.0 6.29024E+04
  4.5 7.71752E+04
  5.0 9.22111E+04
  5.5 1.08115E+05
  6.0 1.24997E+05
  6.5 1.42844E+05
  7.0 1.61357E+05
  7.5 1.79916E+05
  8.0 1.97703E+05
  8.5 2.70203E+06
  9.0 2.27881E+05
  9.5 1.57329E+06
 10.0 1.31409E+06
 10.5 1.03835E+05
 11.0 1.10198E+05
 11.5 3.24150E+05
 12.0 8.26154E+04
 12.5 7.59839E+04
 13.0 7.96473E+04
 13.5 8.30969E+04
 14.0 8.62828E+04
 14.5 8.91628E+04
 15.0 9.17051E+04
 15.5 9.38883E+04
 16.0 9.57021E+04
 16.5 9.71457E+04
 17.0 9.82268E+04
 17.5 9.89599E+04
 18.0 9.93645E+04
 18.5 9.94638E+04
 19.0 9.92834E+04
 19.5 9.88497E+04
 20.0 9.81896E+04
 20.5 9.73293E+04
 21.0 9.62940E+04
 21.5 9.51074E+04
 22.0 9.37917E+04
 22.5 9.23672E+04
 23.0 9.08524E+04
 23.5 8.92641E+04
 24.0 8.76172E+04
 24.5 8.59249E+04
 25.0 8.41989E+04
 25.5 8.24495E+04
 26.0 8.06855E+04
 26.5 7.89147E+04
 27.0 7.71436E+04
 27.5 7.53777E+04
 28.0 7.36220E+04
 28.5 7.18802E+04
 29.0 7.01556E+04
 29.5 6.84510E+04
 30.0 6.67684E+04
 30.5 6.51095E+04
 31.0 6.34755E+04
 31.5 6.18676E+04
 32.0 6.02861E+04
 32.5 5.87316E+04
 33.0 5.72043E+04
 33.5 5.57039E+04
 34.0 5.42306E+04
 34.5 5.27839E+04
 35.0 5.13634E+04
 35.5 4.99686E+04
 36.0 4.85991E+04
 36.5 4.72542E+04
 37.0 4.59333E+04
 37.5 4.46357E+04
 38.0 4.33607E+04
 38.5 4.21076E+04
 39.0 4.08756E+04
 39.5 3.96642E+04
 40.0 3.84726E+04
 40.5 3.73001E+04
 41.0 3.61460E+04
 41.5 3.50096E+04
 42.0 3.38904E+04
 42.5 3.27877E+04
 43.0 3.17008E+04
 43.5 3.06293E+04
 44.0 2.95726E+04
 44.5 2.85300E+04
 45.0 2.75012E+04
 45.5 2.64857E+04
 46.0 2.54829E+04
 46.5 2.44925E+04
 47.0 2.35141E+04
 47.5 2.25472E+04
 48.0 2.15915E+04
 48.5 2.06467E+04
 49.0 1.97125E+04
 49.5 1.87886E+04
 50.0 1.78746E+04
 50.5 1.69705E+04
 51.0 1.60758E+04
 51.5 1.51905E+04
 52.0 1.43144E+04
 52.5 1.34472E+04
 53.0 1.25889E+04
 53.5 1.17393E+04
 54.0 1.08983E+04
 54.5 1.00658E+04
 55.0 9.24171E+03
 55.5 8.42599E+03
 56.0 7.61857E+03
 56.5 6.81943E+03
 57.0 6.02854E+03
 57.5 5.24590E+03
 58.0 4.47152E+03
 58.5 3.70540E+03
 59.0 2.94759E+03
 59.5 2.19812E+03
 60.0 1.45705E+03
 60.5 7.24438E+02
 61.0 6.01616E+01
