061K10D0W2
  0.5 0.00000E+00
  1.0 0.00000E+00
  1.5 0.00000E+00
  2.0 0.00000E+00
  2.5 0.00000E+00
  3.0 0.00000E+00
  3.5 2.76008E+04
  4.0 3.60205E+04
  4.5 4.47393E+04
  5.0 5.37518E+04
  5.5 6.30648E+04
  6.0 7.26962E+04
  6.5 8.26741E+04
  7.0 9.30252E+04
  7.5 1.03740E+05
  8.0 1.14727E+05
  8.5 1.59583E+06
  9.0 1.36631E+05
  9.5 1.06481E+06
 10.0 8.90265E+05
 10.5 6.06486E+04
 11.0 6.46343E+04
 11.5 1.80849E+05
 12.0 4.84919E+04
 12.5 4.46604E+04
 13.0 4.69688E+04
 13.5 4.92523E+04
 14.0 5.14976E+04
 14.5 5.36883E+04
 15.0 5.58065E+04
 15.5 5.78330E+04
 16.0 5.97490E+04
 16.5 6.15371E+04
 17.0 6.31816E+04
 17.5 6.46700E+04
 18.0 6.59928E+04
 18.5 6.71437E+04
 19.0 6.81197E+04
 19.5 6.89208E+04
 20.0 6.95496E+04
 20.5 7.00109E+04
 21.0 7.03113E+04
 21.5 7.04589E+04
 22.0 7.04627E+04
 22.5 7.03326E+04
 23.0 7.00785E+04
 23.5 6.97109E+04
 24.0 6.92397E+04
 24.5 6.86751E+04
 25.0 6.80265E+04
 25.5 6.73029E+04
 26.0 6.65130E+04
 26.5 6.56647E+04
 27.0 6.47656E+04
 27.5 6.38223E+04
 28.0 6.28412E+04
 28.5 6.18280E+04
 29.0 6.07878E+04
 29.5 5.97252E+04
 30.0 5.86445E+04
 30.5 5.75494E+04
 31.0 5.64431E+04
 31.5 5.53286E+04
 32.0 5.42085E+04
 32.5 5.30851E+04
 33.0 5.19604E+04
 33.5 5.08360E+04
 34.0 4.97135E+04
 34.5 4.85942E+04
 35.0 4.74791E+04
 35.5 4.63691E+04
 36.0 4.52652E+04
 36.5 4.41678E+04
 37.0 4.30775E+04
 37.5 4.19949E+04
 38.0 4.09201E+04
 38.5 3.98535E+04
 39.0 3.87952E+04
 39.5 3.77455E+04
 40.0 3.67043E+04
 40.5 3.56718E+04
 41.0 3.46480E+04
 41.5 3.36328E+04
 42.0 3.26262E+04
 42.5 3.16281E+04
 43.0 3.06385E+04
 43.5 2.96573E+04
 44.0 2.86844E+04
 44.5 2.77196E+04
 45.0 2.67628E+04
 45.5 2.58141E+04
 46.0 2.48731E+04
 46.5 2.39399E+04
 47.0 2.30143E+04
 47.5 2.20963E+04
 48.0 2.11857E+04
 48.5 2.02824E+04
 49.0 1.93864E+04
 49.5 1.84976E+04
 50.0 1.76159E+04
 50.5 1.67413E+04
 51.0 1.58737E+04
 51.5 1.50131E+04
 52.0 1.41594E+04
 52.5 1.33127E+04
 53.0 1.24728E+04
 53.5 1.16399E+04
 54.0 1.08139E+04
 54.5 9.99480E+03
 55.0 9.18267E+03
 55.5 8.37753E+03
 56.0 7.57942E+03
 56.5 6.78839E+03
 57.0 6.00450E+03
 57.5 5.22782E+03
 58.0 4.45843E+03
 58.5 3.69640E+03
 59.0 2.94184E+03
 59.5 2.19484E+03
 60.0 1.45551E+03
 60.5 7.23971E+02
 61.0 6.01374E+01
