061K18D0W2
  0.5 0.00000E+00
  1.0 0.00000E+00
  1.5 0.00000E+00
  2.0 0.00000E+00
  2.5 0.00000E+00
  3.0 0.00000E+00
  3.5 5.69523E+04
  4.0 7.23583E+04
  4.5 8.86480E+04
  5.0 1.05931E+05
  5.5 1.24365E+05
  6.0 1.44053E+05
  6.5 1.64819E+05
  7.0 1.86053E+05
  7.5 2.06797E+05
  8.0 2.26000E+05
  8.5 2.98909E+06
  9.0 2.56531E+05
  9.5 1.69802E+06
 10.0 1.41803E+06
 10.5 1.18951E+05
 11.0 1.25818E+05
 11.5 3.65481E+05
 12.0 9.45176E+04
 12.5 8.69136E+04
 13.0 9.08696E+04
 13.5 9.45027E+04
 14.0 9.77608E+04
 14.5 1.00606E+05
 15.0 1.03014E+05
 15.5 1.04976E+05
 16.0 1.06495E+05
 16.5 1.07584E+05
 17.0 1.08263E+05
 17.5 1.08562E+05
 18.0 1.08509E+05
 18.5 1.08139E+05
 19.0 1.07485E+05
 19.5 1.06581E+05
 20.0 1.05458E+05
 20.5 1.04147E+05
 21.0 1.02676E+05
 21.5 1.01072E+05
 22.0 9.93585E+04
 22.5 9.75561E+04
 23.0 9.56839E+04
 23.5 9.37587E+04
 24.0 9.17951E+04
 24.5 8.98059E+04
 25.0 8.78022E+04
 25.5 8.57933E+04
 26.0 8.37873E+04
 26.5 8.17909E+04
 27.0 7.98099E+04
 27.5 7.78489E+04
 28.0 7.59117E+04
 28.5 7.40014E+04
 29.0 7.21204E+04
 29.5 7.02706E+04
 30.0 6.84533E+04
 30.5 6.66695E+04
 31.0 6.49196E+04
 31.5 6.32041E+04
 32.0 6.15230E+04
 32.5 5.98760E+04
 33.0 5.82629E+04
 33.5 5.66831E+04
 34.0 5.51359E+04
 34.5 5.36208E+04
 35.0 5.21369E+04
 35.5 5.06833E+04
 36.0 4.92592E+04
 36.5 4.78636E+04
 37.0 4.64957E+04
 37.5 4.51545E+04
 38.0 4.38390E+04
 38.5 4.25484E+04
 39.0 4.12816E+04
 39.5 4.00379E+04
 40.0 3.88163E+04
 40.5 3.76160E+04
 41.0 3.64361E+04
 41.5 3.52759E+04
 42.0 3.41345E+04
 42.5 3.30112E+04
 43.0 3.19053E+04
 43.5 3.08162E+04
 44.0 2.97431E+04
 44.5 2.86854E+04
 45.0 2.76427E+04
 45.5 2.66142E+04
 46.0 2.55995E+04
 46.5 2.45980E+04
 47.0 2.36094E+04
 47.5 2.26331E+04
 48.0 2.16688E+04
 48.5 2.07160E+04
 49.0 1.97745E+04
 49.5 1.88438E+04
 50.0 1.79237E+04
 50.5 1.70139E+04
 51.0 1.61141E+04
 51.5 1.52241E+04
 52.0 1.43437E+04
 52.5 1.34727E+04
 53.0 1.26109E+04
 53.5 1.17581E+04
 54.0 1.09142E+04
 54.5 1.00792E+04
 55.0 9.25284E+03
 55.5 8.43512E+03
 56.0 7.62594E+03
 56.5 6.82527E+03
 57.0 6.03306E+03
 57.5 5.24930E+03
 58.0 4.47398E+03
 58.5 3.70709E+03
 59.0 2.94867E+03
 59.5 2.19874E+03
 60.0 1.45734E+03
 60.5 7.24525E+02
 61.0 6.01661E+01
