061K13D0W2
  0.5 0.00000E+00
  1.0 0.00000E+00
  1.5 0.00000E+00
  2.0 0.00000E+00
  2.5 0.00000E+00
  3.0 0.00000E+00
  3.5 3.82680E+04
  4.0 4.92097E+04
  4.5 6.06250E+04
  5.0 7.25334E+04
  5.5 8.49762E+04
  6.0 9.80166E+04
  6.5 1.11712E+05
  7.0 1.26032E+05
  7.5 1.40771E+05
  8.0 1.55525E+05
  8.5 2.19996E+06
  9.0 1.82909E+05
  9.5 1.34907E+06
 10.0 1.12723E+06
 10.5 8.17383E+04
 11.0 8.70320E+04
 11.5 2.56148E+05
 12.0 6.51870E+04
 12.5 5.99880E+04
 13.0 6.30373E+04
 13.5 6.59983E+04
 14.0 6.88367E+04
 14.5 7.15178E+04
 15.0 7.40096E+04
 15.5 7.62843E+04
 16.0 7.83199E+04
 16.5 8.01008E+04
 17.0 8.16175E+04
 17.5 8.28672E+04
 18.0 8.38521E+04
 18.5 8.45793E+04
 19.0 8.50597E+04
 19.5 8.53068E+04
 20.0 8.53362E+04
 20.5 8.51649E+04
 21.0 8.48105E+04
 21.5 8.42906E+04
 22.0 8.36226E+04
 22.5 8.28233E+04
 23.0 8.19087E+04
 23.5 8.08938E+04
 24.0 7.97925E+04
 24.5 7.86176E+04
 25.0 7.73809E+04
 25.5 7.60929E+04
 26.0 7.47632E+04
 26.5 7.34003E+04
 27.0 7.20118E+04
 27.5 7.06043E+04
 28.0 6.91837E+04
 28.5 6.77552E+04
 29.0 6.63232E+04
 29.5 6.48916E+04
 30.0 6.34636E+04
 30.5 6.20420E+04
 31.0 6.06291E+04
 31.5 5.92270E+04
 32.0 5.78373E+04
 32.5 5.64613E+04
 33.0 5.51000E+04
 33.5 5.37542E+04
 34.0 5.24246E+04
 34.5 5.11116E+04
 35.0 4.98155E+04
 35.5 4.85364E+04
 36.0 4.72745E+04
 36.5 4.60297E+04
 37.0 4.48017E+04
 37.5 4.35906E+04
 38.0 4.23960E+04
 38.5 4.12176E+04
 39.0 4.00551E+04
 39.5 3.89082E+04
 40.0 3.77766E+04
 40.5 3.66598E+04
 41.0 3.55574E+04
 41.5 3.44691E+04
 42.0 3.33945E+04
 42.5 3.23332E+04
 43.0 3.12848E+04
 43.5 3.02489E+04
 44.0 2.92252E+04
 44.5 2.82133E+04
 45.0 2.72128E+04
 45.5 2.62235E+04
 46.0 2.52450E+04
 46.5 2.42770E+04
 47.0 2.33193E+04
 47.5 2.23715E+04
 48.0 2.14335E+04
 48.5 2.05049E+04
 49.0 1.95857E+04
 49.5 1.86754E+04
 50.0 1.77741E+04
 50.5 1.68814E+04
 51.0 1.59973E+04
 51.5 1.51216E+04
 52.0 1.42542E+04
 52.5 1.33950E+04
 53.0 1.25439E+04
 53.5 1.17008E+04
 54.0 1.08656E+04
 54.5 1.00383E+04
 55.0 9.21883E+03
 55.5 8.40721E+03
 56.0 7.60341E+03
 56.5 6.80741E+03
 57.0 6.01923E+03
 57.5 5.23890E+03
 58.0 4.46645E+03
 58.5 3.70192E+03
 59.0 2.94537E+03
 59.5 2.19685E+03
 60.0 1.45646E+03
 60.5 7.24257E+02
 61.0 6.01522E+01
