061K17D0W2
  0.5 0.00000E+00
  1.0 0.00000E+00
  1.5 0.00000E+00
  2.0 0.00000E+00
  2.5 0.00000E+00
  3.0 0.00000E+00
  3.5 5.31141E+04
  4.0 6.75948E+04
  4.5 8.28636E+04
  5.0 9.90049E+04
  5.5 1.16150E+05
  6.0 1.34412E+05
  6.5 1.53710E+05
  7.0 1.73602E+05
  7.5 1.93299E+05
  8.0 2.11859E+05
  8.5 2.84983E+06
  9.0 2.42356E+05
  9.5 1.63779E+06
 10.0 1.36783E+06
 10.5 1.11364E+05
 11.0 1.18002E+05
 11.5 3.45197E+05
 12.0 8.85451E+04
 12.5 8.14281E+04
 13.0 8.52511E+04
 13.5 8.88074E+04
 14.0 9.20455E+04
 14.5 9.49239E+04
 15.0 9.74146E+04
 15.5 9.95014E+04
 16.0 1.01180E+05
 16.5 1.02457E+05
 17.0 1.03346E+05
 17.5 1.03868E+05
 18.0 1.04049E+05
 18.5 1.03916E+05
 19.0 1.03500E+05
 19.5 1.02831E+05
 20.0 1.01939E+05
 20.5 1.00851E+05
 21.0 9.95956E+04
 21.5 9.81971E+04
 22.0 9.66786E+04
 22.5 9.50611E+04
 23.0 9.33634E+04
 23.5 9.16023E+04
 24.0 8.97926E+04
 24.5 8.79474E+04
 25.0 8.60782E+04
 25.5 8.41947E+04
 26.0 8.23056E+04
 26.5 8.04179E+04
 27.0 7.85380E+04
 27.5 7.66708E+04
 28.0 7.48208E+04
 28.5 7.29913E+04
 29.0 7.11853E+04
 29.5 6.94050E+04
 30.0 6.76521E+04
 30.5 6.59280E+04
 31.0 6.42336E+04
 31.5 6.25694E+04
 32.0 6.09358E+04
 32.5 5.93330E+04
 33.0 5.77607E+04
 33.5 5.62188E+04
 34.0 5.47067E+04
 34.5 5.32241E+04
 35.0 5.17704E+04
 35.5 5.03448E+04
 36.0 4.89466E+04
 36.5 4.75751E+04
 37.0 4.62295E+04
 37.5 4.49089E+04
 38.0 4.36127E+04
 38.5 4.23398E+04
 39.0 4.10896E+04
 39.5 3.98612E+04
 40.0 3.86538E+04
 40.5 3.74666E+04
 41.0 3.62990E+04
 41.5 3.51500E+04
 42.0 3.40191E+04
 42.5 3.29056E+04
 43.0 3.18087E+04
 43.5 3.07279E+04
 44.0 2.96625E+04
 44.5 2.86120E+04
 45.0 2.75759E+04
 45.5 2.65535E+04
 46.0 2.55444E+04
 46.5 2.45482E+04
 47.0 2.35644E+04
 47.5 2.25925E+04
 48.0 2.16323E+04
 48.5 2.06833E+04
 49.0 1.97452E+04
 49.5 1.88177E+04
 50.0 1.79005E+04
 50.5 1.69934E+04
 51.0 1.60961E+04
 51.5 1.52083E+04
 52.0 1.43299E+04
 52.5 1.34607E+04
 53.0 1.26005E+04
 53.5 1.17492E+04
 54.0 1.09067E+04
 54.5 1.00729E+04
 55.0 9.24759E+03
 55.5 8.43081E+03
 56.0 7.62246E+03
 56.5 6.82252E+03
 57.0 6.03093E+03
 57.5 5.24770E+03
 58.0 4.47282E+03
 58.5 3.70630E+03
 59.0 2.94816E+03
 59.5 2.19845E+03
 60.0 1.45720E+03
 60.5 7.24484E+02
 61.0 6.01640E+01
