061K22D0W2
  0.5 0.00000E+00
  1.0 0.00000E+00
  1.5 0.00000E+00
  2.0 0.00000E+00
  2.5 0.00000E+00
  3.0 0.00000E+00
  3.5 7.29075E+04
  4.0 9.22187E+04
  4.5 1.12884E+05
  5.0 1.35149E+05
  5.5 1.59240E+05
  6.0 1.84996E+05
  6.5 2.11573E+05
  7.0 2.37557E+05
  7.5 2.61401E+05
  8.0 2.81848E+05
  8.5 3.47364E+06
  9.0 3.10024E+05
  9.5 1.90417E+06
 10.0 1.58989E+06
 10.5 1.49623E+05
 11.0 1.56915E+05
 11.5 4.39720E+05
 12.0 1.18646E+05
 12.5 1.09098E+05
 13.0 1.13304E+05
 13.5 1.16944E+05
 14.0 1.19983E+05
 14.5 1.22409E+05
 15.0 1.24230E+05
 15.5 1.25468E+05
 16.0 1.26160E+05
 16.5 1.26348E+05
 17.0 1.26080E+05
 17.5 1.25405E+05
 18.0 1.24374E+05
 18.5 1.23034E+05
 19.0 1.21432E+05
 19.5 1.19609E+05
 20.0 1.17604E+05
 20.5 1.15451E+05
 21.0 1.13183E+05
 21.5 1.10826E+05
 22.0 1.08404E+05
 22.5 1.05938E+05
 23.0 1.03446E+05
 23.5 1.00943E+05
 24.0 9.84411E+04
 24.5 9.59522E+04
 25.0 9.34848E+04
 25.5 9.10461E+04
 26.0 8.86421E+04
 26.5 8.62774E+04
 27.0 8.39556E+04
 27.5 8.16796E+04
 28.0 7.94511E+04
 28.5 7.72717E+04
 29.0 7.51419E+04
 29.5 7.30623E+04
 30.0 7.10325E+04
 30.5 6.90524E+04
 31.0 6.71211E+04
 31.5 6.52379E+04
 32.0 6.34018E+04
 32.5 6.16115E+04
 33.0 5.98658E+04
 33.5 5.81634E+04
 34.0 5.65028E+04
 34.5 5.48827E+04
 35.0 5.33016E+04
 35.5 5.17581E+04
 36.0 5.02507E+04
 36.5 4.87781E+04
 37.0 4.73388E+04
 37.5 4.59314E+04
 38.0 4.45547E+04
 38.5 4.32074E+04
 39.0 4.18881E+04
 39.5 4.05957E+04
 40.0 3.93289E+04
 40.5 3.80868E+04
 41.0 3.68682E+04
 41.5 3.56721E+04
 42.0 3.44975E+04
 42.5 3.33435E+04
 43.0 3.22091E+04
 43.5 3.10936E+04
 44.0 2.99962E+04
 44.5 2.89160E+04
 45.0 2.78523E+04
 45.5 2.68046E+04
 46.0 2.57721E+04
 46.5 2.47542E+04
 47.0 2.37504E+04
 47.5 2.27602E+04
 48.0 2.17830E+04
 48.5 2.08184E+04
 49.0 1.98660E+04
 49.5 1.89254E+04
 50.0 1.79962E+04
 50.5 1.70780E+04
 51.0 1.61706E+04
 51.5 1.52737E+04
 52.0 1.43870E+04
 52.5 1.35102E+04
 53.0 1.26432E+04
 53.5 1.17858E+04
 54.0 1.09377E+04
 54.5 1.00989E+04
 55.0 9.26925E+03
 55.5 8.44857E+03
 56.0 7.63681E+03
 56.5 6.83388E+03
 57.0 6.03973E+03
 57.5 5.25431E+03
 58.0 4.47760E+03
 58.5 3.70958E+03
 59.0 2.95026E+03
 59.5 2.19964E+03
 60.0 1.45776E+03
 60.5 7.24654E+02
 61.0 6.01728E+01
