062K07D0W2
  0.5 0.00000E+00
  1.0 0.00000E+00
  1.5 0.00000E+00
  2.0 0.00000E+00
  2.5 0.00000E+00
  3.0 0.00000E+00
  3.5 1.70056E+04
  4.0 2.28943E+04
  4.5 2.89599E+04
  5.0 3.51771E+04
  5.5 4.15362E+04
  6.0 4.80341E+04
  6.5 5.46715E+04
  7.0 6.14530E+04
  7.5 6.83856E+04
  8.0 7.54741E+04
  8.5 8.71370E+05
  9.0 9.00453E+04
  9.5 6.91932E+05
 10.0 5.79509E+05
 10.5 4.03213E+04
 11.0 4.29697E+04
 11.5 9.89932E+04
 12.0 3.23518E+04
 12.5 2.98306E+04
 13.0 3.13895E+04
 13.5 3.29371E+04
 14.0 3.44719E+04
 14.5 3.59915E+04
 15.0 3.74930E+04
 15.5 3.89724E+04
 16.0 4.04246E+04
 16.5 4.18437E+04
 17.0 4.32225E+04
 17.5 4.45537E+04
 18.0 4.58293E+04
 18.5 4.70415E+04
 19.0 4.81827E+04
 19.5 4.92462E+04
 20.0 5.02258E+04
 20.5 5.11167E+04
 21.0 5.19150E+04
 21.5 5.26183E+04
 22.0 5.32252E+04
 22.5 5.37352E+04
 23.0 5.41493E+04
 23.5 5.44689E+04
 24.0 5.46966E+04
 24.5 5.48354E+04
 25.0 5.48889E+04
 25.5 5.48610E+04
 26.0 5.47561E+04
 26.5 5.45785E+04
 27.0 5.43329E+04
 27.5 5.40238E+04
 28.0 5.36557E+04
 28.5 5.32331E+04
 29.0 5.27602E+04
 29.5 5.22413E+04
 30.0 5.16802E+04
 30.5 5.10808E+04
 31.0 5.04466E+04
 31.5 4.97808E+04
 32.0 4.90867E+04
 32.5 4.83671E+04
 33.0 4.76247E+04
 33.5 4.68620E+04
 34.0 4.60813E+04
 34.5 4.52846E+04
 35.0 4.44740E+04
 35.5 4.36511E+04
 36.0 4.28177E+04
 36.5 4.19751E+04
 37.0 4.11247E+04
 37.5 4.02676E+04
 38.0 3.94051E+04
 38.5 3.85380E+04
 39.0 3.76673E+04
 39.5 3.67938E+04
 40.0 3.59182E+04
 40.5 3.50412E+04
 41.0 3.41633E+04
 41.5 3.32852E+04
 42.0 3.24071E+04
 42.5 3.15297E+04
 43.0 3.06532E+04
 43.5 2.97781E+04
 44.0 2.89046E+04
 44.5 2.80331E+04
 45.0 2.71637E+04
 45.5 2.62967E+04
 46.0 2.54324E+04
 46.5 2.45708E+04
 47.0 2.37123E+04
 47.5 2.28570E+04
 48.0 2.20050E+04
 48.5 2.11564E+04
 49.0 2.03114E+04
 49.5 1.94702E+04
 50.0 1.86328E+04
 50.5 1.77994E+04
 51.0 1.69701E+04
 51.5 1.61450E+04
 52.0 1.53243E+04
 52.5 1.45079E+04
 53.0 1.36961E+04
 53.5 1.28890E+04
 54.0 1.20866E+04
 54.5 1.12891E+04
 55.0 1.04967E+04
 55.5 9.70933E+03
 56.0 8.92724E+03
 56.5 8.15052E+03
 57.0 7.37930E+03
 57.5 6.61371E+03
 58.0 5.85389E+03
 58.5 5.09998E+03
 59.0 4.35211E+03
 59.5 3.61044E+03
 60.0 2.87510E+03
 60.5 2.14627E+03
 61.0 1.42408E+03
 61.5 7.08701E+02
 62.0 5.88872E+01
