062K06D0W2
  0.5 0.00000E+00
  1.0 0.00000E+00
  1.5 0.00000E+00
  2.0 0.00000E+00
  2.5 0.00000E+00
  3.0 0.00000E+00
  3.5 1.37229E+04
  4.0 1.88028E+04
  4.5 2.40342E+04
  5.0 2.93836E+04
  5.5 3.48373E+04
  6.0 4.03887E+04
  6.5 4.60350E+04
  7.0 5.17755E+04
  7.5 5.76121E+04
  8.0 6.35476E+04
  8.5 6.31284E+05
  9.0 7.57025E+04
  9.5 5.49021E+05
 10.0 4.60512E+05
 10.5 3.40162E+04
 11.0 3.62550E+04
 11.5 7.39814E+04
 12.0 2.73079E+04
 12.5 2.51837E+04
 13.0 2.65083E+04
 13.5 2.78212E+04
 14.0 2.91216E+04
 14.5 3.04087E+04
 15.0 3.16813E+04
 15.5 3.29381E+04
 16.0 3.41772E+04
 16.5 3.53960E+04
 17.0 3.65915E+04
 17.5 3.77598E+04
 18.0 3.88964E+04
 18.5 3.99963E+04
 19.0 4.10544E+04
 19.5 4.20651E+04
 20.0 4.30231E+04
 20.5 4.39233E+04
 21.0 4.47610E+04
 21.5 4.55323E+04
 22.0 4.62337E+04
 22.5 4.68626E+04
 23.0 4.74173E+04
 23.5 4.78967E+04
 24.0 4.83004E+04
 24.5 4.86289E+04
 25.0 4.88831E+04
 25.5 4.90644E+04
 26.0 4.91749E+04
 26.5 4.92170E+04
 27.0 4.91932E+04
 27.5 4.91065E+04
 28.0 4.89599E+04
 28.5 4.87565E+04
 29.0 4.84996E+04
 29.5 4.81924E+04
 30.0 4.78381E+04
 30.5 4.74399E+04
 31.0 4.70007E+04
 31.5 4.65236E+04
 32.0 4.60114E+04
 32.5 4.54667E+04
 33.0 4.48923E+04
 33.5 4.42905E+04
 34.0 4.36636E+04
 34.5 4.30138E+04
 35.0 4.23432E+04
 35.5 4.16536E+04
 36.0 4.09467E+04
 36.5 4.02244E+04
 37.0 3.94880E+04
 37.5 3.87389E+04
 38.0 3.79786E+04
 38.5 3.72081E+04
 39.0 3.64287E+04
 39.5 3.56414E+04
 40.0 3.48470E+04
 40.5 3.40464E+04
 41.0 3.32406E+04
 41.5 3.24302E+04
 42.0 3.16158E+04
 42.5 3.07982E+04
 43.0 2.99779E+04
 43.5 2.91554E+04
 44.0 2.83312E+04
 44.5 2.75058E+04
 45.0 2.66796E+04
 45.5 2.58531E+04
 46.0 2.50264E+04
 46.5 2.42001E+04
 47.0 2.33744E+04
 47.5 2.25495E+04
 48.0 2.17259E+04
 48.5 2.09037E+04
 49.0 2.00832E+04
 49.5 1.92647E+04
 50.0 1.84483E+04
 50.5 1.76343E+04
 51.0 1.68229E+04
 51.5 1.60142E+04
 52.0 1.52085E+04
 52.5 1.44061E+04
 53.0 1.36069E+04
 53.5 1.28113E+04
 54.0 1.20195E+04
 54.5 1.12315E+04
 55.0 1.04476E+04
 55.5 9.66800E+03
 56.0 8.89279E+03
 56.5 8.12219E+03
 57.0 7.35636E+03
 57.5 6.59549E+03
 58.0 5.83975E+03
 58.5 5.08932E+03
 59.0 4.34439E+03
 59.5 3.60512E+03
 60.0 2.87170E+03
 60.5 2.14432E+03
 61.0 1.42317E+03
 61.5 7.08423E+02
 62.0 5.88728E+01
