062K09D0W2
  0.5 0.00000E+00
  1.0 0.00000E+00
  1.5 0.00000E+00
  2.0 0.00000E+00
  2.5 0.00000E+00
  3.0 0.00000E+00
  3.5 2.37225E+04
  4.0 3.12251E+04
  4.5 3.89781E+04
  5.0 4.69692E+04
  5.5 5.51978E+04
  6.0 6.36715E+04
  6.5 7.24054E+04
  7.0 8.14204E+04
  7.5 9.07282E+04
  8.0 1.00303E+05
  8.5 1.35120E+06
  9.0 1.19793E+05
  9.5 9.49833E+05
 10.0 7.94412E+05
 10.5 5.33008E+04
 11.0 5.68180E+04
 11.5 1.51832E+05
 12.0 4.27065E+04
 12.5 3.93600E+04
 13.0 4.14116E+04
 13.5 4.34491E+04
 14.0 4.54655E+04
 14.5 4.74512E+04
 15.0 4.93948E+04
 15.5 5.12830E+04
 16.0 5.31015E+04
 16.5 5.48357E+04
 17.0 5.64713E+04
 17.5 5.79953E+04
 18.0 5.93964E+04
 18.5 6.06653E+04
 19.0 6.17952E+04
 19.5 6.27816E+04
 20.0 6.36223E+04
 20.5 6.43174E+04
 21.0 6.48688E+04
 21.5 6.52802E+04
 22.0 6.55566E+04
 22.5 6.57041E+04
 23.0 6.57297E+04
 23.5 6.56407E+04
 24.0 6.54451E+04
 24.5 6.51508E+04
 25.0 6.47658E+04
 25.5 6.42980E+04
 26.0 6.37550E+04
 26.5 6.31441E+04
 27.0 6.24723E+04
 27.5 6.17461E+04
 28.0 6.09718E+04
 28.5 6.01550E+04
 29.0 5.93010E+04
 29.5 5.84146E+04
 30.0 5.75004E+04
 30.5 5.65623E+04
 31.0 5.56040E+04
 31.5 5.46289E+04
 32.0 5.36399E+04
 32.5 5.26397E+04
 33.0 5.16307E+04
 33.5 5.06150E+04
 34.0 4.95945E+04
 34.5 4.85710E+04
 35.0 4.75457E+04
 35.5 4.65201E+04
 36.0 4.54953E+04
 36.5 4.44722E+04
 37.0 4.34517E+04
 37.5 4.24345E+04
 38.0 4.14212E+04
 38.5 4.04124E+04
 39.0 3.94085E+04
 39.5 3.84098E+04
 40.0 3.74168E+04
 40.5 3.64295E+04
 41.0 3.54483E+04
 41.5 3.44733E+04
 42.0 3.35046E+04
 42.5 3.25423E+04
 43.0 3.15864E+04
 43.5 3.06370E+04
 44.0 2.96942E+04
 44.5 2.87579E+04
 45.0 2.78281E+04
 45.5 2.69048E+04
 46.0 2.59880E+04
 46.5 2.50777E+04
 47.0 2.41738E+04
 47.5 2.32762E+04
 48.0 2.23851E+04
 48.5 2.15002E+04
 49.0 2.06216E+04
 49.5 1.97493E+04
 50.0 1.88832E+04
 50.5 1.80233E+04
 51.0 1.71696E+04
 51.5 1.63220E+04
 52.0 1.54807E+04
 52.5 1.46455E+04
 53.0 1.38165E+04
 53.5 1.29937E+04
 54.0 1.21771E+04
 54.5 1.13668E+04
 55.0 1.05627E+04
 55.5 9.76492E+03
 56.0 8.97354E+03
 56.5 8.18857E+03
 57.0 7.41008E+03
 57.5 6.63815E+03
 58.0 5.87285E+03
 58.5 5.11425E+03
 59.0 4.36246E+03
 59.5 3.61756E+03
 60.0 2.87966E+03
 60.5 2.14887E+03
 61.0 1.42530E+03
 61.5 7.09072E+02
 62.0 5.89064E+01
