062K14D0W2
  0.5 0.00000E+00
  1.0 0.00000E+00
  1.5 0.00000E+00
  2.0 0.00000E+00
  2.5 0.00000E+00
  3.0 0.00000E+00
  3.5 4.12447E+04
  4.0 5.28974E+04
  4.5 6.50843E+04
  5.0 7.78338E+04
  5.5 9.12005E+04
  6.0 1.05263E+05
  6.5 1.20082E+05
  7.0 1.35594E+05
  7.5 1.51521E+05
  8.0 1.67363E+05
  8.5 2.37821E+06
  9.0 1.96328E+05
  9.5 1.43900E+06
 10.0 1.20218E+06
 10.5 8.80501E+04
 11.0 9.37534E+04
 11.5 2.78164E+05
 12.0 7.02593E+04
 12.5 6.46690E+04
 13.0 6.79611E+04
 13.5 7.11437E+04
 14.0 7.41766E+04
 14.5 7.70207E+04
 15.0 7.96413E+04
 15.5 8.20091E+04
 16.0 8.41024E+04
 16.5 8.59070E+04
 17.0 8.74158E+04
 17.5 8.86290E+04
 18.0 8.95521E+04
 18.5 9.01958E+04
 19.0 9.05743E+04
 19.5 9.07046E+04
 20.0 9.06054E+04
 20.5 9.02965E+04
 21.0 8.97979E+04
 21.5 8.91295E+04
 22.0 8.83107E+04
 22.5 8.73597E+04
 23.0 8.62940E+04
 23.5 8.51296E+04
 24.0 8.38814E+04
 24.5 8.25629E+04
 25.0 8.11865E+04
 25.5 7.97632E+04
 26.0 7.83027E+04
 26.5 7.68139E+04
 27.0 7.53044E+04
 27.5 7.37811E+04
 28.0 7.22498E+04
 28.5 7.07156E+04
 29.0 6.91829E+04
 29.5 6.76555E+04
 30.0 6.61365E+04
 30.5 6.46287E+04
 31.0 6.31341E+04
 31.5 6.16547E+04
 32.0 6.01919E+04
 32.5 5.87469E+04
 33.0 5.73205E+04
 33.5 5.59135E+04
 34.0 5.45263E+04
 34.5 5.31592E+04
 35.0 5.18123E+04
 35.5 5.04856E+04
 36.0 4.91790E+04
 36.5 4.78925E+04
 37.0 4.66256E+04
 37.5 4.53781E+04
 38.0 4.41496E+04
 38.5 4.29398E+04
 39.0 4.17481E+04
 39.5 4.05742E+04
 40.0 3.94175E+04
 40.5 3.82776E+04
 41.0 3.71539E+04
 41.5 3.60461E+04
 42.0 3.49536E+04
 42.5 3.38759E+04
 43.0 3.28125E+04
 43.5 3.17631E+04
 44.0 3.07271E+04
 44.5 2.97042E+04
 45.0 2.86938E+04
 45.5 2.76957E+04
 46.0 2.67094E+04
 46.5 2.57345E+04
 47.0 2.47707E+04
 47.5 2.38178E+04
 48.0 2.28753E+04
 48.5 2.19429E+04
 49.0 2.10205E+04
 49.5 2.01076E+04
 50.0 1.92042E+04
 50.5 1.83100E+04
 51.0 1.74247E+04
 51.5 1.65482E+04
 52.0 1.56804E+04
 52.5 1.48209E+04
 53.0 1.39699E+04
 53.5 1.31270E+04
 54.0 1.22922E+04
 54.5 1.14654E+04
 55.0 1.06465E+04
 55.5 9.83544E+03
 56.0 9.03222E+03
 56.5 8.23677E+03
 57.0 7.44905E+03
 57.5 6.66907E+03
 58.0 5.89681E+03
 58.5 5.13228E+03
 59.0 4.37552E+03
 59.5 3.62655E+03
 60.0 2.88540E+03
 60.5 2.15215E+03
 61.0 1.42683E+03
 61.5 7.09539E+02
 62.0 5.89306E+01
