062K10D0W2
  0.5 0.00000E+00
  1.0 0.00000E+00
  1.5 0.00000E+00
  2.0 0.00000E+00
  2.5 0.00000E+00
  3.0 0.00000E+00
  3.5 2.71454E+04
  4.0 3.54606E+04
  4.5 4.40722E+04
  5.0 5.29740E+04
  5.5 6.21718E+04
  6.0 7.16818E+04
  6.5 8.15304E+04
  7.0 9.17457E+04
  7.5 1.02327E+05
  8.0 1.13201E+05
  8.5 1.57945E+06
  9.0 1.35032E+05
  9.5 1.06417E+06
 10.0 8.89726E+05
 10.5 5.99883E+04
 11.0 6.39564E+04
 11.5 1.78311E+05
 12.0 4.80267E+04
 12.5 4.42512E+04
 13.0 4.65575E+04
 13.5 4.88433E+04
 14.0 5.10964E+04
 14.5 5.33014E+04
 15.0 5.54412E+04
 15.5 5.74970E+04
 16.0 5.94502E+04
 16.5 6.12831E+04
 17.0 6.29794E+04
 17.5 6.45258E+04
 18.0 6.59118E+04
 18.5 6.71300E+04
 19.0 6.81763E+04
 19.5 6.90494E+04
 20.0 6.97509E+04
 20.5 7.02846E+04
 21.0 7.06564E+04
 21.5 7.08734E+04
 22.0 7.09443E+04
 22.5 7.08783E+04
 23.0 7.06852E+04
 23.5 7.03750E+04
 24.0 6.99578E+04
 24.5 6.94433E+04
 25.0 6.88412E+04
 25.5 6.81606E+04
 26.0 6.74101E+04
 26.5 6.65979E+04
 27.0 6.57316E+04
 27.5 6.48182E+04
 28.0 6.38642E+04
 28.5 6.28754E+04
 29.0 6.18572E+04
 29.5 6.08144E+04
 30.0 5.97514E+04
 30.5 5.86722E+04
 31.0 5.75802E+04
 31.5 5.64785E+04
 32.0 5.53699E+04
 32.5 5.42567E+04
 33.0 5.31412E+04
 33.5 5.20252E+04
 34.0 5.09102E+04
 34.5 4.97978E+04
 35.0 4.86889E+04
 35.5 4.75848E+04
 36.0 4.64862E+04
 36.5 4.53939E+04
 37.0 4.43085E+04
 37.5 4.32304E+04
 38.0 4.21601E+04
 38.5 4.10979E+04
 39.0 4.00439E+04
 39.5 3.89985E+04
 40.0 3.79616E+04
 40.5 3.69334E+04
 41.0 3.59139E+04
 41.5 3.49031E+04
 42.0 3.39010E+04
 42.5 3.29075E+04
 43.0 3.19225E+04
 43.5 3.09460E+04
 44.0 2.99779E+04
 44.5 2.90180E+04
 45.0 2.80662E+04
 45.5 2.71225E+04
 46.0 2.61868E+04
 46.5 2.52588E+04
 47.0 2.43385E+04
 47.5 2.34257E+04
 48.0 2.25204E+04
 48.5 2.16225E+04
 49.0 2.07319E+04
 49.5 1.98484E+04
 50.0 1.89720E+04
 50.5 1.81027E+04
 51.0 1.72403E+04
 51.5 1.63847E+04
 52.0 1.55360E+04
 52.5 1.46942E+04
 53.0 1.38591E+04
 53.5 1.30307E+04
 54.0 1.22091E+04
 54.5 1.13941E+04
 55.0 1.05860E+04
 55.5 9.78453E+03
 56.0 8.98986E+03
 56.5 8.20198E+03
 57.0 7.42093E+03
 57.5 6.64676E+03
 58.0 5.87952E+03
 58.5 5.11927E+03
 59.0 4.36610E+03
 59.5 3.62006E+03
 60.0 2.88126E+03
 60.5 2.14978E+03
 61.0 1.42573E+03
 61.5 7.09202E+02
 62.0 5.89131E+01
