062K17D0W2
  0.5 0.00000E+00
  1.0 0.00000E+00
  1.5 0.00000E+00
  2.0 0.00000E+00
  2.5 0.00000E+00
  3.0 0.00000E+00
  3.5 5.22849E+04
  4.0 6.65729E+04
  4.5 8.16330E+04
  5.0 9.75429E+04
  5.5 1.14427E+05
  6.0 1.32406E+05
  6.5 1.51438E+05
  7.0 1.71144E+05
  7.5 1.90800E+05
  8.0 2.09497E+05
  8.5 2.86377E+06
  9.0 2.40763E+05
  9.5 1.65411E+06
 10.0 1.38144E+06
 10.5 1.10245E+05
 11.0 1.16963E+05
 11.5 3.44848E+05
 12.0 8.77741E+04
 12.5 8.07500E+04
 13.0 8.46277E+04
 13.5 8.82597E+04
 14.0 9.15927E+04
 14.5 9.45828E+04
 15.0 9.71984E+04
 15.5 9.94198E+04
 16.0 1.01239E+05
 16.5 1.02659E+05
 17.0 1.03690E+05
 17.5 1.04351E+05
 18.0 1.04665E+05
 18.5 1.04659E+05
 19.0 1.04361E+05
 19.5 1.03801E+05
 20.0 1.03009E+05
 20.5 1.02011E+05
 21.0 1.00836E+05
 21.5 9.95094E+04
 22.0 9.80536E+04
 22.5 9.64904E+04
 23.0 9.48393E+04
 23.5 9.31175E+04
 24.0 9.13406E+04
 24.5 8.95222E+04
 25.0 8.76743E+04
 25.5 8.58072E+04
 26.0 8.39302E+04
 26.5 8.20508E+04
 27.0 8.01757E+04
 27.5 7.83105E+04
 28.0 7.64599E+04
 28.5 7.46276E+04
 29.0 7.28170E+04
 29.5 7.10306E+04
 30.0 6.92703E+04
 30.5 6.75377E+04
 31.0 6.58340E+04
 31.5 6.41600E+04
 32.0 6.25161E+04
 32.5 6.09026E+04
 33.0 5.93195E+04
 33.5 5.77668E+04
 34.0 5.62440E+04
 34.5 5.47508E+04
 35.0 5.32867E+04
 35.5 5.18511E+04
 36.0 5.04432E+04
 36.5 4.90623E+04
 37.0 4.77078E+04
 37.5 4.63789E+04
 38.0 4.50746E+04
 38.5 4.37944E+04
 39.0 4.25372E+04
 39.5 4.13024E+04
 40.0 4.00891E+04
 40.5 3.88965E+04
 41.0 3.77240E+04
 41.5 3.65707E+04
 42.0 3.54360E+04
 42.5 3.43190E+04
 43.0 3.32193E+04
 43.5 3.21360E+04
 44.0 3.10687E+04
 44.5 3.00166E+04
 45.0 2.89792E+04
 45.5 2.79560E+04
 46.0 2.69465E+04
 46.5 2.59502E+04
 47.0 2.49665E+04
 47.5 2.39952E+04
 48.0 2.30357E+04
 48.5 2.20876E+04
 49.0 2.11507E+04
 49.5 2.02246E+04
 50.0 1.93089E+04
 50.5 1.84033E+04
 51.0 1.75077E+04
 51.5 1.66218E+04
 52.0 1.57452E+04
 52.5 1.48779E+04
 53.0 1.40196E+04
 53.5 1.31702E+04
 54.0 1.23294E+04
 54.5 1.14973E+04
 55.0 1.06736E+04
 55.5 9.85824E+03
 56.0 9.05118E+03
 56.5 8.25233E+03
 57.0 7.46163E+03
 57.5 6.67904E+03
 58.0 5.90453E+03
 58.5 5.13809E+03
 59.0 4.37973E+03
 59.5 3.62944E+03
 60.0 2.88725E+03
 60.5 2.15320E+03
 61.0 1.42733E+03
 61.5 7.09690E+02
 62.0 5.89384E+01
