062K15D0W2
  0.5 0.00000E+00
  1.0 0.00000E+00
  1.5 0.00000E+00
  2.0 0.00000E+00
  2.5 0.00000E+00
  3.0 0.00000E+00
  3.5 4.48769E+04
  4.0 5.73933E+04
  4.5 7.05170E+04
  5.0 8.42899E+04
  5.5 9.87868E+04
  6.0 1.14105E+05
  6.5 1.30290E+05
  7.0 1.47203E+05
  7.5 1.64431E+05
  8.0 1.81336E+05
  8.5 2.54987E+06
  9.0 2.11369E+05
  9.5 1.51590E+06
 10.0 1.26627E+06
 10.5 9.53581E+04
 11.0 1.01438E+05
 11.5 3.01186E+05
 12.0 7.60311E+04
 12.5 6.99676E+04
 13.0 7.34757E+04
 13.5 7.68348E+04
 14.0 7.99987E+04
 14.5 8.29250E+04
 15.0 8.55781E+04
 15.5 8.79306E+04
 16.0 8.99640E+04
 16.5 9.16686E+04
 17.0 9.30429E+04
 17.5 9.40928E+04
 18.0 9.48295E+04
 18.5 9.52692E+04
 19.0 9.54312E+04
 19.5 9.53368E+04
 20.0 9.50088E+04
 20.5 9.44701E+04
 21.0 9.37435E+04
 21.5 9.28511E+04
 22.0 9.18140E+04
 22.5 9.06517E+04
 23.0 8.93827E+04
 23.5 8.80236E+04
 24.0 8.65898E+04
 24.5 8.50950E+04
 25.0 8.35516E+04
 25.5 8.19705E+04
 26.0 8.03614E+04
 26.5 7.87328E+04
 27.0 7.70920E+04
 27.5 7.54456E+04
 28.0 7.37990E+04
 28.5 7.21569E+04
 29.0 7.05234E+04
 29.5 6.89018E+04
 30.0 6.72949E+04
 30.5 6.57050E+04
 31.0 6.41340E+04
 31.5 6.25833E+04
 32.0 6.10541E+04
 32.5 5.95472E+04
 33.0 5.80633E+04
 33.5 5.66026E+04
 34.0 5.51654E+04
 34.5 5.37517E+04
 35.0 5.23615E+04
 35.5 5.09945E+04
 36.0 4.96505E+04
 36.5 4.83290E+04
 37.0 4.70296E+04
 37.5 4.57518E+04
 38.0 4.44952E+04
 38.5 4.32592E+04
 39.0 4.20432E+04
 39.5 4.08465E+04
 40.0 3.96688E+04
 40.5 3.85092E+04
 41.0 3.73674E+04
 41.5 3.62426E+04
 42.0 3.51343E+04
 42.5 3.40419E+04
 43.0 3.29650E+04
 43.5 3.19029E+04
 44.0 3.08552E+04
 44.5 2.98214E+04
 45.0 2.88009E+04
 45.5 2.77934E+04
 46.0 2.67984E+04
 46.5 2.58155E+04
 47.0 2.48443E+04
 47.5 2.38844E+04
 48.0 2.29355E+04
 48.5 2.19973E+04
 49.0 2.10694E+04
 49.5 2.01516E+04
 50.0 1.92436E+04
 50.5 1.83451E+04
 51.0 1.74559E+04
 51.5 1.65759E+04
 52.0 1.57047E+04
 52.5 1.48424E+04
 53.0 1.39886E+04
 53.5 1.31432E+04
 54.0 1.23062E+04
 54.5 1.14774E+04
 55.0 1.06567E+04
 55.5 9.84402E+03
 56.0 9.03936E+03
 56.5 8.24263E+03
 57.0 7.45379E+03
 57.5 6.67282E+03
 58.0 5.89971E+03
 58.5 5.13447E+03
 59.0 4.37710E+03
 59.5 3.62764E+03
 60.0 2.88610E+03
 60.5 2.15254E+03
 61.0 1.42702E+03
 61.5 7.09596E+02
 62.0 5.89335E+01
