062K11D0W2
  0.5 0.00000E+00
  1.0 0.00000E+00
  1.5 0.00000E+00
  2.0 0.00000E+00
  2.5 0.00000E+00
  3.0 0.00000E+00
  3.5 3.06086E+04
  4.0 3.97435E+04
  4.5 4.92262E+04
  5.0 5.90572E+04
  5.5 6.92506E+04
  6.0 7.98340E+04
  6.5 9.08469E+04
  7.0 1.02319E+05
  7.5 1.14217E+05
  8.0 1.26395E+05
  8.5 1.79666E+06
  9.0 1.50391E+05
  9.5 1.16947E+06
 10.0 9.77510E+05
 10.5 6.68110E+04
 11.0 7.12316E+04
 11.5 2.04333E+05
 12.0 5.34447E+04
 12.5 4.92295E+04
 13.0 5.17916E+04
 13.5 5.43214E+04
 14.0 5.68000E+04
 14.5 5.92056E+04
 15.0 6.15152E+04
 15.5 6.37053E+04
 16.0 6.57540E+04
 16.5 6.76419E+04
 17.0 6.93527E+04
 17.5 7.08745E+04
 18.0 7.21989E+04
 18.5 7.33221E+04
 19.0 7.42437E+04
 19.5 7.49665E+04
 20.0 7.54964E+04
 20.5 7.58414E+04
 21.0 7.60110E+04
 21.5 7.60163E+04
 22.0 7.58690E+04
 22.5 7.55813E+04
 23.0 7.51654E+04
 23.5 7.46335E+04
 24.0 7.39973E+04
 24.5 7.32683E+04
 25.0 7.24570E+04
 25.5 7.15735E+04
 26.0 7.06273E+04
 26.5 6.96268E+04
 27.0 6.85801E+04
 27.5 6.74943E+04
 28.0 6.63759E+04
 28.5 6.52308E+04
 29.0 6.40643E+04
 29.5 6.28811E+04
 30.0 6.16852E+04
 30.5 6.04805E+04
 31.0 5.92700E+04
 31.5 5.80568E+04
 32.0 5.68431E+04
 32.5 5.56312E+04
 33.0 5.44229E+04
 33.5 5.32196E+04
 34.0 5.20228E+04
 34.5 5.08336E+04
 35.0 4.96528E+04
 35.5 4.84812E+04
 36.0 4.73195E+04
 36.5 4.61680E+04
 37.0 4.50272E+04
 37.5 4.38974E+04
 38.0 4.27786E+04
 38.5 4.16711E+04
 39.0 4.05748E+04
 39.5 3.94897E+04
 40.0 3.84159E+04
 40.5 3.73532E+04
 41.0 3.63015E+04
 41.5 3.52606E+04
 42.0 3.42304E+04
 42.5 3.32108E+04
 43.0 3.22015E+04
 43.5 3.12023E+04
 44.0 3.02130E+04
 44.5 2.92334E+04
 45.0 2.82634E+04
 45.5 2.73027E+04
 46.0 2.63511E+04
 46.5 2.54084E+04
 47.0 2.44745E+04
 47.5 2.35492E+04
 48.0 2.26322E+04
 48.5 2.17235E+04
 49.0 2.08229E+04
 49.5 1.99302E+04
 50.0 1.90453E+04
 50.5 1.81681E+04
 51.0 1.72985E+04
 51.5 1.64364E+04
 52.0 1.55816E+04
 52.5 1.47342E+04
 53.0 1.38941E+04
 53.5 1.30611E+04
 54.0 1.22353E+04
 54.5 1.14167E+04
 55.0 1.06051E+04
 55.5 9.80065E+03
 56.0 9.00327E+03
 56.5 8.21299E+03
 57.0 7.42983E+03
 57.5 6.65382E+03
 58.0 5.88499E+03
 58.5 5.12340E+03
 59.0 4.36908E+03
 59.5 3.62212E+03
 60.0 2.88257E+03
 60.5 2.15053E+03
 61.0 1.42608E+03
 61.5 7.09309E+02
 62.0 5.89187E+01
