062K19D0W2
  0.5 0.00000E+00
  1.0 0.00000E+00
  1.5 0.00000E+00
  2.0 0.00000E+00
  2.5 0.00000E+00
  3.0 0.00000E+00
  3.5 5.99029E+04
  4.0 7.60304E+04
  4.5 9.31224E+04
  5.0 1.11307E+05
  5.5 1.30765E+05
  6.0 1.51595E+05
  6.5 1.73562E+05
  7.0 1.95955E+05
  7.5 2.17709E+05
  8.0 2.37701E+05
  8.5 3.14315E+06
  9.0 2.69062E+05
  9.5 1.77488E+06
 10.0 1.48208E+06
 10.5 1.25404E+05
 11.0 1.32585E+05
 11.5 3.85511E+05
 12.0 9.97189E+04
 12.5 9.17239E+04
 13.0 9.58720E+04
 13.5 9.96610E+04
 14.0 1.03038E+05
 14.5 1.05963E+05
 15.0 1.08417E+05
 15.5 1.10391E+05
 16.0 1.11892E+05
 16.5 1.12938E+05
 17.0 1.13552E+05
 17.5 1.13766E+05
 18.0 1.13615E+05
 18.5 1.13134E+05
 19.0 1.12360E+05
 19.5 1.11330E+05
 20.0 1.10076E+05
 20.5 1.08632E+05
 21.0 1.07027E+05
 21.5 1.05289E+05
 22.0 1.03443E+05
 22.5 1.01509E+05
 23.0 9.95086E+04
 23.5 9.74583E+04
 24.0 9.53732E+04
 24.5 9.32664E+04
 25.0 9.11490E+04
 25.5 8.90306E+04
 26.0 8.69194E+04
 26.5 8.48221E+04
 27.0 8.27445E+04
 27.5 8.06911E+04
 28.0 7.86658E+04
 28.5 7.66714E+04
 29.0 7.47103E+04
 29.5 7.27844E+04
 30.0 7.08947E+04
 30.5 6.90421E+04
 31.0 6.72272E+04
 31.5 6.54500E+04
 32.0 6.37106E+04
 32.5 6.20084E+04
 33.0 6.03432E+04
 33.5 5.87143E+04
 34.0 5.71208E+04
 34.5 5.55621E+04
 35.0 5.40372E+04
 35.5 5.25451E+04
 36.0 5.10849E+04
 36.5 4.96555E+04
 37.0 4.82559E+04
 37.5 4.68852E+04
 38.0 4.55421E+04
 38.5 4.42258E+04
 39.0 4.29352E+04
 39.5 4.16693E+04
 40.0 4.04272E+04
 40.5 3.92079E+04
 41.0 3.80106E+04
 41.5 3.68343E+04
 42.0 3.56781E+04
 42.5 3.45414E+04
 43.0 3.34232E+04
 43.5 3.23229E+04
 44.0 3.12397E+04
 44.5 3.01729E+04
 45.0 2.91220E+04
 45.5 2.80862E+04
 46.0 2.70650E+04
 46.5 2.60579E+04
 47.0 2.50643E+04
 47.5 2.40837E+04
 48.0 2.31157E+04
 48.5 2.21598E+04
 49.0 2.12156E+04
 49.5 2.02828E+04
 50.0 1.93610E+04
 50.5 1.84498E+04
 51.0 1.75491E+04
 51.5 1.66584E+04
 52.0 1.57775E+04
 52.5 1.49062E+04
 53.0 1.40443E+04
 53.5 1.31916E+04
 54.0 1.23479E+04
 54.5 1.15131E+04
 55.0 1.06870E+04
 55.5 9.86956E+03
 56.0 9.06060E+03
 56.5 8.26005E+03
 57.0 7.46787E+03
 57.5 6.68399E+03
 58.0 5.90836E+03
 58.5 5.14098E+03
 59.0 4.38181E+03
 59.5 3.63087E+03
 60.0 2.88817E+03
 60.5 2.15372E+03
 61.0 1.42757E+03
 61.5 7.09764E+02
 62.0 5.89422E+01
