062K21D0W2
  0.5 0.00000E+00
  1.0 0.00000E+00
  1.5 0.00000E+00
  2.0 0.00000E+00
  2.5 0.00000E+00
  3.0 0.00000E+00
  3.5 6.77569E+04
  4.0 8.58026E+04
  4.5 1.05039E+05
  5.0 1.25659E+05
  5.5 1.47889E+05
  6.0 1.71728E+05
  6.5 1.96635E+05
  7.0 2.21500E+05
  7.5 2.44944E+05
  8.0 2.65711E+05
  8.5 3.39318E+06
  9.0 2.96152E+05
  9.5 1.88145E+06
 10.0 1.57091E+06
 10.5 1.40735E+05
 11.0 1.48189E+05
 11.5 4.23439E+05
 12.0 1.11791E+05
 12.5 1.02824E+05
 13.0 1.07133E+05
 13.5 1.10960E+05
 14.0 1.14260E+05
 14.5 1.17006E+05
 15.0 1.19191E+05
 15.5 1.20824E+05
 16.0 1.21928E+05
 16.5 1.22534E+05
 17.0 1.22682E+05
 17.5 1.22415E+05
 18.0 1.21775E+05
 18.5 1.20808E+05
 19.0 1.19557E+05
 19.5 1.18062E+05
 20.0 1.16361E+05
 20.5 1.14489E+05
 21.0 1.12477E+05
 21.5 1.10355E+05
 22.0 1.08145E+05
 22.5 1.05872E+05
 23.0 1.03553E+05
 23.5 1.01205E+05
 24.0 9.88428E+04
 24.5 9.64781E+04
 25.0 9.41213E+04
 25.5 9.17807E+04
 26.0 8.94635E+04
 26.5 8.71753E+04
 27.0 8.49210E+04
 27.5 8.27040E+04
 28.0 8.05274E+04
 28.5 7.83931E+04
 29.0 7.63026E+04
 29.5 7.42569E+04
 30.0 7.22565E+04
 30.5 7.03017E+04
 31.0 6.83921E+04
 31.5 6.65273E+04
 32.0 6.47068E+04
 32.5 6.29297E+04
 33.0 6.11951E+04
 33.5 5.95020E+04
 34.0 5.78491E+04
 34.5 5.62353E+04
 35.0 5.46594E+04
 35.5 5.31201E+04
 36.0 5.16161E+04
 36.5 5.01462E+04
 37.0 4.87090E+04
 37.5 4.73034E+04
 38.0 4.59281E+04
 38.5 4.45818E+04
 39.0 4.32634E+04
 39.5 4.19718E+04
 40.0 4.07058E+04
 40.5 3.94643E+04
 41.0 3.82464E+04
 41.5 3.70510E+04
 42.0 3.58772E+04
 42.5 3.47241E+04
 43.0 3.35907E+04
 43.5 3.24763E+04
 44.0 3.13801E+04
 44.5 3.03013E+04
 45.0 2.92391E+04
 45.5 2.81930E+04
 46.0 2.71622E+04
 46.5 2.61462E+04
 47.0 2.51444E+04
 47.5 2.41562E+04
 48.0 2.31812E+04
 48.5 2.22189E+04
 49.0 2.12688E+04
 49.5 2.03305E+04
 50.0 1.94036E+04
 50.5 1.84879E+04
 51.0 1.75829E+04
 51.5 1.66883E+04
 52.0 1.58039E+04
 52.5 1.49294E+04
 53.0 1.40645E+04
 53.5 1.32092E+04
 54.0 1.23631E+04
 54.5 1.15261E+04
 55.0 1.06980E+04
 55.5 9.87881E+03
 56.0 9.06829E+03
 56.5 8.26637E+03
 57.0 7.47297E+03
 57.5 6.68803E+03
 58.0 5.91149E+03
 58.5 5.14333E+03
 59.0 4.38352E+03
 59.5 3.63204E+03
 60.0 2.88892E+03
 60.5 2.15415E+03
 61.0 1.42777E+03
 61.5 7.09825E+02
 62.0 5.89454E+01
