062K20D0W2
  0.5 0.00000E+00
  1.0 0.00000E+00
  1.5 0.00000E+00
  2.0 0.00000E+00
  2.5 0.00000E+00
  3.0 0.00000E+00
  3.5 6.37986E+04
  4.0 8.08746E+04
  4.5 9.90236E+04
  5.0 1.18405E+05
  5.5 1.39223E+05
  6.0 1.61540E+05
  6.5 1.84982E+05
  7.0 2.08644E+05
  7.5 2.31298E+05
  8.0 2.51743E+05
  8.5 3.27154E+06
  9.0 2.82761E+05
  9.5 1.82977E+06
 10.0 1.52783E+06
 10.5 1.33054E+05
 11.0 1.40395E+05
 11.5 4.04800E+05
 12.0 1.05743E+05
 12.5 9.72620E+04
 13.0 1.01504E+05
 13.5 1.05327E+05
 14.0 1.08680E+05
 14.5 1.11529E+05
 15.0 1.13861E+05
 15.5 1.15675E+05
 16.0 1.16986E+05
 16.5 1.17819E+05
 17.0 1.18205E+05
 17.5 1.18182E+05
 18.0 1.17788E+05
 18.5 1.17065E+05
 19.0 1.16052E+05
 19.5 1.14787E+05
 20.0 1.13308E+05
 20.5 1.11647E+05
 21.0 1.09836E+05
 21.5 1.07903E+05
 22.0 1.05871E+05
 22.5 1.03764E+05
 23.0 1.01600E+05
 23.5 9.93977E+04
 24.0 9.71704E+04
 24.5 9.49311E+04
 25.0 9.26906E+04
 25.5 9.04578E+04
 26.0 8.82403E+04
 26.5 8.60446E+04
 27.0 8.38757E+04
 27.5 8.17378E+04
 28.0 7.96342E+04
 28.5 7.75673E+04
 29.0 7.55392E+04
 29.5 7.35512E+04
 30.0 7.16041E+04
 30.5 6.96984E+04
 31.0 6.78344E+04
 31.5 6.60117E+04
 32.0 6.42301E+04
 32.5 6.24890E+04
 33.0 6.07877E+04
 33.5 5.91253E+04
 34.0 5.75010E+04
 34.5 5.59136E+04
 35.0 5.43621E+04
 35.5 5.28454E+04
 36.0 5.13624E+04
 36.5 4.99118E+04
 37.0 4.84927E+04
 37.5 4.71037E+04
 38.0 4.57438E+04
 38.5 4.44119E+04
 39.0 4.31068E+04
 39.5 4.18274E+04
 40.0 4.05729E+04
 40.5 3.93420E+04
 41.0 3.81339E+04
 41.5 3.69476E+04
 42.0 3.57823E+04
 42.5 3.46370E+04
 43.0 3.35109E+04
 43.5 3.24032E+04
 44.0 3.13132E+04
 44.5 3.02401E+04
 45.0 2.91833E+04
 45.5 2.81421E+04
 46.0 2.71159E+04
 46.5 2.61041E+04
 47.0 2.51062E+04
 47.5 2.41217E+04
 48.0 2.31500E+04
 48.5 2.21907E+04
 49.0 2.12434E+04
 49.5 2.03078E+04
 50.0 1.93833E+04
 50.5 1.84698E+04
 51.0 1.75668E+04
 51.5 1.66740E+04
 52.0 1.57913E+04
 52.5 1.49183E+04
 53.0 1.40549E+04
 53.5 1.32008E+04
 54.0 1.23559E+04
 54.5 1.15199E+04
 55.0 1.06928E+04
 55.5 9.87441E+03
 56.0 9.06463E+03
 56.5 8.26336E+03
 57.0 7.47054E+03
 57.5 6.68610E+03
 58.0 5.91000E+03
 58.5 5.14221E+03
 59.0 4.38271E+03
 59.5 3.63149E+03
 60.0 2.88856E+03
 60.5 2.15395E+03
 61.0 1.42768E+03
 61.5 7.09796E+02
 62.0 5.89439E+01
