063K08D0W2
  0.5 0.00000E+00
  1.0 0.00000E+00
  1.5 0.00000E+00
  2.0 0.00000E+00
  2.5 0.00000E+00
  3.0 0.00000E+00
  3.5 1.99983E+04
  4.0 2.66124E+04
  4.5 3.34362E+04
  5.0 4.04506E+04
  5.5 4.76499E+04
  6.0 5.50347E+04
  6.5 6.26108E+04
  7.0 7.03894E+04
  7.5 7.83833E+04
  8.0 8.65941E+04
  8.5 1.09165E+06
  9.0 1.03490E+05
  9.5 8.19684E+05
 10.0 6.85949E+05
 10.5 4.62517E+04
 11.0 4.93102E+04
 11.5 1.22582E+05
 12.0 3.71301E+04
 12.5 3.42430E+04
 13.0 3.60411E+04
 13.5 3.78293E+04
 14.0 3.96046E+04
 14.5 4.13621E+04
 15.0 4.30960E+04
 15.5 4.47986E+04
 16.0 4.64610E+04
 16.5 4.80733E+04
 17.0 4.96245E+04
 17.5 5.11040E+04
 18.0 5.25013E+04
 18.5 5.38065E+04
 19.0 5.50114E+04
 19.5 5.61088E+04
 20.0 5.70934E+04
 20.5 5.79615E+04
 21.0 5.87110E+04
 21.5 5.93415E+04
 22.0 5.98540E+04
 22.5 6.02508E+04
 23.0 6.05351E+04
 23.5 6.07113E+04
 24.0 6.07841E+04
 24.5 6.07590E+04
 25.0 6.06418E+04
 25.5 6.04384E+04
 26.0 6.01549E+04
 26.5 5.97973E+04
 27.0 5.93716E+04
 27.5 5.88836E+04
 28.0 5.83387E+04
 28.5 5.77425E+04
 29.0 5.70998E+04
 29.5 5.64155E+04
 30.0 5.56939E+04
 30.5 5.49392E+04
 31.0 5.41552E+04
 31.5 5.33455E+04
 32.0 5.25132E+04
 32.5 5.16614E+04
 33.0 5.07927E+04
 33.5 4.99096E+04
 34.0 4.90144E+04
 34.5 4.81089E+04
 35.0 4.71952E+04
 35.5 4.62747E+04
 36.0 4.53489E+04
 36.5 4.44192E+04
 37.0 4.34867E+04
 37.5 4.25524E+04
 38.0 4.16172E+04
 38.5 4.06820E+04
 39.0 3.97475E+04
 39.5 3.88142E+04
 40.0 3.78828E+04
 40.5 3.69537E+04
 41.0 3.60273E+04
 41.5 3.51040E+04
 42.0 3.41841E+04
 42.5 3.32679E+04
 43.0 3.23555E+04
 43.5 3.14473E+04
 44.0 3.05433E+04
 44.5 2.96437E+04
 45.0 2.87486E+04
 45.5 2.78581E+04
 46.0 2.69724E+04
 46.5 2.60914E+04
 47.0 2.52153E+04
 47.5 2.43440E+04
 48.0 2.34777E+04
 48.5 2.26164E+04
 49.0 2.17600E+04
 49.5 2.09087E+04
 50.0 2.00625E+04
 50.5 1.92215E+04
 51.0 1.83855E+04
 51.5 1.75547E+04
 52.0 1.67291E+04
 52.5 1.59088E+04
 53.0 1.50937E+04
 53.5 1.42840E+04
 54.0 1.34797E+04
 54.5 1.26807E+04
 55.0 1.18873E+04
 55.5 1.10993E+04
 56.0 1.03170E+04
 56.5 9.54037E+03
 57.0 8.76946E+03
 57.5 8.00437E+03
 58.0 7.24519E+03
 58.5 6.49200E+03
 59.0 5.74490E+03
 59.5 5.00400E+03
 60.0 4.26938E+03
 60.5 3.54116E+03
 61.0 2.81946E+03
 61.5 2.10440E+03
 62.0 1.39610E+03
 62.5 6.94687E+02
 63.0 5.77185E+01
