063K12D0W2
  0.5 0.00000E+00
  1.0 0.00000E+00
  1.5 0.00000E+00
  2.0 0.00000E+00
  2.5 0.00000E+00
  3.0 0.00000E+00
  3.5 3.35723E+04
  4.0 4.34120E+04
  4.5 5.36512E+04
  5.0 6.42967E+04
  5.5 7.53708E+04
  6.0 8.69131E+04
  6.5 9.89746E+04
  7.0 1.11582E+05
  7.5 1.24670E+05
  8.0 1.38024E+05
  8.5 1.99212E+06
  9.0 1.64009E+05
  9.5 1.27022E+06
 10.0 1.06148E+06
 10.5 7.29666E+04
 11.0 7.78211E+04
 11.5 2.27486E+05
 12.0 5.83961E+04
 12.5 5.37987E+04
 13.0 5.66155E+04
 13.5 5.93896E+04
 14.0 6.20963E+04
 14.5 6.47083E+04
 15.0 6.71976E+04
 15.5 6.95370E+04
 16.0 7.17023E+04
 16.5 7.36728E+04
 17.0 7.54325E+04
 17.5 7.69706E+04
 18.0 7.82808E+04
 18.5 7.93619E+04
 19.0 8.02165E+04
 19.5 8.08507E+04
 20.0 8.12735E+04
 20.5 8.14961E+04
 21.0 8.15310E+04
 21.5 8.13921E+04
 22.0 8.10935E+04
 22.5 8.06496E+04
 23.0 8.00746E+04
 23.5 7.93824E+04
 24.0 7.85862E+04
 24.5 7.76984E+04
 25.0 7.67308E+04
 25.5 7.56942E+04
 26.0 7.45987E+04
 26.5 7.34533E+04
 27.0 7.22663E+04
 27.5 7.10452E+04
 28.0 6.97968E+04
 28.5 6.85269E+04
 29.0 6.72410E+04
 29.5 6.59437E+04
 30.0 6.46391E+04
 30.5 6.33308E+04
 31.0 6.20221E+04
 31.5 6.07155E+04
 32.0 5.94134E+04
 32.5 5.81177E+04
 33.0 5.68302E+04
 33.5 5.55523E+04
 34.0 5.42850E+04
 34.5 5.30295E+04
 35.0 5.17862E+04
 35.5 5.05560E+04
 36.0 4.93391E+04
 36.5 4.81360E+04
 37.0 4.69468E+04
 37.5 4.57717E+04
 38.0 4.46107E+04
 38.5 4.34637E+04
 39.0 4.23307E+04
 39.5 4.12115E+04
 40.0 4.01059E+04
 40.5 3.90138E+04
 41.0 3.79348E+04
 41.5 3.68688E+04
 42.0 3.58155E+04
 42.5 3.47745E+04
 43.0 3.37456E+04
 43.5 3.27285E+04
 44.0 3.17229E+04
 44.5 3.07285E+04
 45.0 2.97450E+04
 45.5 2.87721E+04
 46.0 2.78096E+04
 46.5 2.68571E+04
 47.0 2.59145E+04
 47.5 2.49814E+04
 48.0 2.40577E+04
 48.5 2.31431E+04
 49.0 2.22373E+04
 49.5 2.13403E+04
 50.0 2.04517E+04
 50.5 1.95714E+04
 51.0 1.86994E+04
 51.5 1.78353E+04
 52.0 1.69790E+04
 52.5 1.61305E+04
 53.0 1.52896E+04
 53.5 1.44563E+04
 54.0 1.36304E+04
 54.5 1.28118E+04
 55.0 1.20005E+04
 55.5 1.11965E+04
 56.0 1.03996E+04
 56.5 9.60994E+03
 57.0 8.82740E+03
 57.5 8.05199E+03
 58.0 7.28371E+03
 58.5 6.52259E+03
 59.0 5.76863E+03
 59.5 5.02186E+03
 60.0 4.28233E+03
 60.5 3.55008E+03
 61.0 2.82517E+03
 61.5 2.10766E+03
 62.0 1.39763E+03
 62.5 6.95152E+02
 63.0 5.77426E+01
