063K13D0W2
  0.5 0.00000E+00
  1.0 0.00000E+00
  1.5 0.00000E+00
  2.0 0.00000E+00
  2.5 0.00000E+00
  3.0 0.00000E+00
  3.5 3.70664E+04
  4.0 4.77333E+04
  4.5 5.88601E+04
  5.0 7.04625E+04
  5.5 8.25752E+04
  6.0 9.52546E+04
  6.5 1.08563E+05
  7.0 1.22504E+05
  7.5 1.36941E+05
  8.0 1.51546E+05
  8.5 2.19007E+06
  9.0 1.79300E+05
  9.5 1.36230E+06
 10.0 1.13825E+06
 10.5 7.99750E+04
 11.0 8.52686E+04
 11.5 2.52388E+05
 12.0 6.39524E+04
 12.5 5.89024E+04
 13.0 6.19693E+04
 13.5 6.49703E+04
 14.0 6.78734E+04
 14.5 7.06449E+04
 15.0 7.32522E+04
 15.5 7.56658E+04
 16.0 7.78606E+04
 16.5 7.98173E+04
 17.0 8.15226E+04
 17.5 8.29693E+04
 18.0 8.41558E+04
 18.5 8.50854E+04
 19.0 8.57658E+04
 19.5 8.62077E+04
 20.0 8.64246E+04
 20.5 8.64317E+04
 21.0 8.62452E+04
 21.5 8.58820E+04
 22.0 8.53590E+04
 22.5 8.46927E+04
 23.0 8.38992E+04
 23.5 8.29937E+04
 24.0 8.19906E+04
 24.5 8.09033E+04
 25.0 7.97439E+04
 25.5 7.85239E+04
 26.0 7.72533E+04
 26.5 7.59415E+04
 27.0 7.45966E+04
 27.5 7.32260E+04
 28.0 7.18363E+04
 28.5 7.04332E+04
 29.0 6.90218E+04
 29.5 6.76064E+04
 30.0 6.61908E+04
 30.5 6.47784E+04
 31.0 6.33719E+04
 31.5 6.19737E+04
 32.0 6.05857E+04
 32.5 5.92097E+04
 33.0 5.78470E+04
 33.5 5.64986E+04
 34.0 5.51656E+04
 34.5 5.38484E+04
 35.0 5.25477E+04
 35.5 5.12637E+04
 36.0 4.99966E+04
 36.5 4.87466E+04
 37.0 4.75136E+04
 37.5 4.62976E+04
 38.0 4.50984E+04
 38.5 4.39158E+04
 39.0 4.27495E+04
 39.5 4.15993E+04
 40.0 4.04648E+04
 40.5 3.93456E+04
 41.0 3.82415E+04
 41.5 3.71520E+04
 42.0 3.60768E+04
 42.5 3.50154E+04
 43.0 3.39675E+04
 43.5 3.29327E+04
 44.0 3.19106E+04
 44.5 3.09009E+04
 45.0 2.99031E+04
 45.5 2.89170E+04
 46.0 2.79421E+04
 46.5 2.69782E+04
 47.0 2.60249E+04
 47.5 2.50820E+04
 48.0 2.41491E+04
 48.5 2.32260E+04
 49.0 2.23124E+04
 49.5 2.14081E+04
 50.0 2.05128E+04
 50.5 1.96264E+04
 51.0 1.87486E+04
 51.5 1.78792E+04
 52.0 1.70181E+04
 52.5 1.61652E+04
 53.0 1.53203E+04
 53.5 1.44832E+04
 54.0 1.36539E+04
 54.5 1.28322E+04
 55.0 1.20182E+04
 55.5 1.12116E+04
 56.0 1.04125E+04
 56.5 9.62076E+03
 57.0 8.83641E+03
 57.5 8.05939E+03
 58.0 7.28970E+03
 58.5 6.52734E+03
 59.0 5.77231E+03
 59.5 5.02463E+03
 60.0 4.28433E+03
 60.5 3.55146E+03
 61.0 2.82605E+03
 61.5 2.10816E+03
 62.0 1.39786E+03
 62.5 6.95224E+02
 63.0 5.77463E+01
