063K11D0W2
  0.5 0.00000E+00
  1.0 0.00000E+00
  1.5 0.00000E+00
  2.0 0.00000E+00
  2.5 0.00000E+00
  3.0 0.00000E+00
  3.5 3.01188E+04
  4.0 3.91413E+04
  4.5 4.85079E+04
  5.0 5.82181E+04
  5.5 6.82843E+04
  6.0 7.87320E+04
  6.5 8.95992E+04
  7.0 1.00918E+05
  7.5 1.12671E+05
  8.0 1.24734E+05
  8.5 1.78270E+06
  9.0 1.48700E+05
  9.5 1.17064E+06
 10.0 9.78474E+05
 10.5 6.60876E+04
 11.0 7.04911E+04
 11.5 2.01887E+05
 12.0 5.29341E+04
 12.5 4.87801E+04
 13.0 5.13408E+04
 13.5 5.38750E+04
 14.0 5.63653E+04
 14.5 5.87909E+04
 15.0 6.11294E+04
 15.5 6.33578E+04
 16.0 6.54538E+04
 16.5 6.73973E+04
 17.0 6.91714E+04
 17.5 7.07626E+04
 18.0 7.21615E+04
 18.5 7.33625E+04
 19.0 7.43642E+04
 19.5 7.51680E+04
 20.0 7.57785E+04
 20.5 7.62026E+04
 21.0 7.64493E+04
 21.5 7.65288E+04
 22.0 7.64522E+04
 22.5 7.62313E+04
 23.0 7.58781E+04
 23.5 7.54047E+04
 24.0 7.48226E+04
 24.5 7.41434E+04
 25.0 7.33777E+04
 25.5 7.25357E+04
 26.0 7.16270E+04
 26.5 7.06603E+04
 27.0 6.96439E+04
 27.5 6.85852E+04
 28.0 6.74908E+04
 28.5 6.63670E+04
 29.0 6.52192E+04
 29.5 6.40523E+04
 30.0 6.28708E+04
 30.5 6.16784E+04
 31.0 6.04787E+04
 31.5 5.92747E+04
 32.0 5.80689E+04
 32.5 5.68638E+04
 33.0 5.56612E+04
 33.5 5.44628E+04
 34.0 5.32701E+04
 34.5 5.20844E+04
 35.0 5.09066E+04
 35.5 4.97377E+04
 36.0 4.85782E+04
 36.5 4.74287E+04
 37.0 4.62897E+04
 37.5 4.51615E+04
 38.0 4.40443E+04
 38.5 4.29383E+04
 39.0 4.18436E+04
 39.5 4.07602E+04
 40.0 3.96880E+04
 40.5 3.86271E+04
 41.0 3.75773E+04
 41.5 3.65385E+04
 42.0 3.55105E+04
 42.5 3.44932E+04
 43.0 3.34863E+04
 43.5 3.24898E+04
 44.0 3.15033E+04
 44.5 3.05268E+04
 45.0 2.95599E+04
 45.5 2.86025E+04
 46.0 2.76543E+04
 46.5 2.67153E+04
 47.0 2.57851E+04
 47.5 2.48635E+04
 48.0 2.39505E+04
 48.5 2.30458E+04
 49.0 2.21492E+04
 49.5 2.12607E+04
 50.0 2.03800E+04
 50.5 1.95070E+04
 51.0 1.86416E+04
 51.5 1.77836E+04
 52.0 1.69331E+04
 52.5 1.60898E+04
 53.0 1.52537E+04
 53.5 1.44247E+04
 54.0 1.36027E+04
 54.5 1.27877E+04
 55.0 1.19797E+04
 55.5 1.11787E+04
 56.0 1.03845E+04
 56.5 9.59719E+03
 57.0 8.81679E+03
 57.5 8.04327E+03
 58.0 7.27666E+03
 58.5 6.51699E+03
 59.0 5.76429E+03
 59.5 5.01859E+03
 60.0 4.27996E+03
 60.5 3.54845E+03
 61.0 2.82412E+03
 61.5 2.10706E+03
 62.0 1.39735E+03
 62.5 6.95067E+02
 63.0 5.77382E+01
