063K18D0W2
  0.5 0.00000E+00
  1.0 0.00000E+00
  1.5 0.00000E+00
  2.0 0.00000E+00
  2.5 0.00000E+00
  3.0 0.00000E+00
  3.5 5.52094E+04
  4.0 7.02075E+04
  4.5 8.60520E+04
  5.0 1.02837E+05
  5.5 1.20706E+05
  6.0 1.39790E+05
  6.5 1.60008E+05
  7.0 1.80898E+05
  7.5 2.01629E+05
  8.0 2.21207E+05
  8.5 3.02385E+06
  9.0 2.53497E+05
  9.5 1.73404E+06
 10.0 1.44803E+06
 10.5 1.16641E+05
 11.0 1.23706E+05
 11.5 3.65391E+05
 12.0 9.29286E+04
 12.5 8.55149E+04
 13.0 8.96031E+04
 13.5 9.34127E+04
 14.0 9.68873E+04
 14.5 9.99820E+04
 15.0 1.02666E+05
 15.5 1.04920E+05
 16.0 1.06740E+05
 16.5 1.08133E+05
 17.0 1.09112E+05
 17.5 1.09700E+05
 18.0 1.09923E+05
 18.5 1.09812E+05
 19.0 1.09398E+05
 19.5 1.08713E+05
 20.0 1.07790E+05
 20.5 1.06658E+05
 21.0 1.05346E+05
 21.5 1.03882E+05
 22.0 1.02289E+05
 22.5 1.00590E+05
 23.0 9.88051E+04
 23.5 9.69527E+04
 24.0 9.50486E+04
 24.5 9.31066E+04
 25.0 9.11393E+04
 25.5 8.91569E+04
 26.0 8.71688E+04
 26.5 8.51828E+04
 27.0 8.32055E+04
 27.5 8.12425E+04
 28.0 7.92983E+04
 28.5 7.73768E+04
 29.0 7.54811E+04
 29.5 7.36137E+04
 30.0 7.17764E+04
 30.5 6.99706E+04
 31.0 6.81974E+04
 31.5 6.64575E+04
 32.0 6.47513E+04
 32.5 6.30788E+04
 33.0 6.14399E+04
 33.5 5.98344E+04
 34.0 5.82619E+04
 34.5 5.67219E+04
 35.0 5.52136E+04
 35.5 5.37364E+04
 36.0 5.22894E+04
 36.5 5.08720E+04
 37.0 4.94831E+04
 37.5 4.81220E+04
 38.0 4.67877E+04
 38.5 4.54793E+04
 39.0 4.41959E+04
 39.5 4.29367E+04
 40.0 4.17008E+04
 40.5 4.04872E+04
 41.0 3.92953E+04
 41.5 3.81240E+04
 42.0 3.69727E+04
 42.5 3.58406E+04
 43.0 3.47269E+04
 43.5 3.36309E+04
 44.0 3.25519E+04
 44.5 3.14893E+04
 45.0 3.04424E+04
 45.5 2.94106E+04
 46.0 2.83934E+04
 46.5 2.73901E+04
 47.0 2.64004E+04
 47.5 2.54237E+04
 48.0 2.44595E+04
 48.5 2.35074E+04
 49.0 2.25670E+04
 49.5 2.16379E+04
 50.0 2.07198E+04
 50.5 1.98123E+04
 51.0 1.89151E+04
 51.5 1.80279E+04
 52.0 1.71504E+04
 52.5 1.62824E+04
 53.0 1.54237E+04
 53.5 1.45741E+04
 54.0 1.37333E+04
 54.5 1.29012E+04
 55.0 1.20777E+04
 55.5 1.12626E+04
 56.0 1.04559E+04
 56.5 9.65726E+03
 57.0 8.86678E+03
 57.5 8.08433E+03
 58.0 7.30986E+03
 58.5 6.54333E+03
 59.0 5.78470E+03
 59.5 5.03396E+03
 60.0 4.29109E+03
 60.5 3.55611E+03
 61.0 2.82902E+03
 61.5 2.10986E+03
 62.0 1.39866E+03
 62.5 6.95466E+02
 63.0 5.77588E+01
