063K17D0W2
  0.5 0.00000E+00
  1.0 0.00000E+00
  1.5 0.00000E+00
  2.0 0.00000E+00
  2.5 0.00000E+00
  3.0 0.00000E+00
  3.5 5.14832E+04
  4.0 6.55848E+04
  4.5 8.04432E+04
  5.0 9.61305E+04
  5.5 1.12764E+05
  6.0 1.30468E+05
  6.5 1.49234E+05
  7.0 1.68743E+05
  7.5 1.88333E+05
  8.0 2.07134E+05
  8.5 2.87579E+06
  9.0 2.39096E+05
  9.5 1.66958E+06
 10.0 1.39432E+06
 10.5 1.09129E+05
 11.0 1.15915E+05
 11.5 3.44305E+05
 12.0 8.70011E+04
 12.5 8.00693E+04
 13.0 8.39947E+04
 13.5 8.76949E+04
 14.0 9.11154E+04
 14.5 9.42102E+04
 15.0 9.69445E+04
 15.5 9.92950E+04
 16.0 1.01250E+05
 16.5 1.02809E+05
 17.0 1.03981E+05
 17.5 1.04779E+05
 18.0 1.05227E+05
 18.5 1.05347E+05
 19.0 1.05169E+05
 19.5 1.04720E+05
 20.0 1.04029E+05
 20.5 1.03124E+05
 21.0 1.02032E+05
 21.5 1.00779E+05
 22.0 9.93890E+04
 22.5 9.78829E+04
 23.0 9.62809E+04
 23.5 9.46011E+04
 24.0 9.28594E+04
 24.5 9.10700E+04
 25.0 8.92456E+04
 25.5 8.73971E+04
 26.0 8.55340E+04
 26.5 8.36646E+04
 27.0 8.17959E+04
 27.5 7.99340E+04
 28.0 7.80840E+04
 28.5 7.62500E+04
 29.0 7.44357E+04
 29.5 7.26439E+04
 30.0 7.08768E+04
 30.5 6.91362E+04
 31.0 6.74236E+04
 31.5 6.57400E+04
 32.0 6.40859E+04
 32.5 6.24619E+04
 33.0 6.08680E+04
 33.5 5.93043E+04
 34.0 5.77706E+04
 34.5 5.62666E+04
 35.0 5.47918E+04
 35.5 5.33456E+04
 36.0 5.19276E+04
 36.5 5.05369E+04
 37.0 4.91730E+04
 37.5 4.78350E+04
 38.0 4.65222E+04
 38.5 4.52338E+04
 39.0 4.39691E+04
 39.5 4.27272E+04
 40.0 4.15073E+04
 40.5 4.03086E+04
 41.0 3.91305E+04
 41.5 3.79722E+04
 42.0 3.68329E+04
 42.5 3.57119E+04
 43.0 3.46085E+04
 43.5 3.35221E+04
 44.0 3.24520E+04
 44.5 3.13977E+04
 45.0 3.03585E+04
 45.5 2.93338E+04
 46.0 2.83232E+04
 46.5 2.73262E+04
 47.0 2.63421E+04
 47.5 2.53707E+04
 48.0 2.44114E+04
 48.5 2.34638E+04
 49.0 2.25275E+04
 49.5 2.16023E+04
 50.0 2.06877E+04
 50.5 1.97835E+04
 51.0 1.88893E+04
 51.5 1.80048E+04
 52.0 1.71299E+04
 52.5 1.62643E+04
 53.0 1.54077E+04
 53.5 1.45600E+04
 54.0 1.37210E+04
 54.5 1.28906E+04
 55.0 1.20685E+04
 55.5 1.12548E+04
 56.0 1.04492E+04
 56.5 9.65162E+03
 57.0 8.86209E+03
 57.5 8.08048E+03
 58.0 7.30675E+03
 58.5 6.54086E+03
 59.0 5.78279E+03
 59.5 5.03252E+03
 60.0 4.29005E+03
 60.5 3.55539E+03
 61.0 2.82856E+03
 61.5 2.10960E+03
 62.0 1.39854E+03
 62.5 6.95429E+02
 63.0 5.77569E+01
