063K19D0W2
  0.5 0.00000E+00
  1.0 0.00000E+00
  1.5 0.00000E+00
  2.0 0.00000E+00
  2.5 0.00000E+00
  3.0 0.00000E+00
  3.5 5.89901E+04
  4.0 7.49024E+04
  4.5 9.17578E+04
  5.0 1.09676E+05
  5.5 1.28829E+05
  6.0 1.49338E+05
  6.5 1.71027E+05
  7.0 1.93265E+05
  7.5 2.15052E+05
  8.0 2.35282E+05
  8.5 3.16386E+06
  9.0 2.67629E+05
  9.5 1.79450E+06
 10.0 1.49842E+06
 10.5 1.24218E+05
 11.0 1.31518E+05
 11.5 3.85768E+05
 12.0 9.89044E+04
 12.5 9.10065E+04
 13.0 9.52324E+04
 13.5 9.91226E+04
 14.0 1.02621E+05
 14.5 1.05684E+05
 15.0 1.08288E+05
 15.5 1.10419E+05
 16.0 1.12081E+05
 16.5 1.13286E+05
 17.0 1.14056E+05
 17.5 1.14421E+05
 18.0 1.14411E+05
 18.5 1.14062E+05
 19.0 1.13410E+05
 19.5 1.12489E+05
 20.0 1.11335E+05
 20.5 1.09979E+05
 21.0 1.08453E+05
 21.5 1.06782E+05
 22.0 1.04993E+05
 22.5 1.03109E+05
 23.0 1.01150E+05
 23.5 9.91330E+04
 24.0 9.70746E+04
 24.5 9.49883E+04
 25.0 9.28860E+04
 25.5 9.07779E+04
 26.0 8.86726E+04
 26.5 8.65776E+04
 27.0 8.44989E+04
 27.5 8.24416E+04
 28.0 8.04100E+04
 28.5 7.84073E+04
 29.0 7.64363E+04
 29.5 7.44990E+04
 30.0 7.25969E+04
 30.5 7.07310E+04
 31.0 6.89022E+04
 31.5 6.71106E+04
 32.0 6.53564E+04
 32.5 6.36394E+04
 33.0 6.19594E+04
 33.5 6.03157E+04
 34.0 5.87077E+04
 34.5 5.71347E+04
 35.0 5.55959E+04
 35.5 5.40904E+04
 36.0 5.26171E+04
 36.5 5.11753E+04
 37.0 4.97637E+04
 37.5 4.83815E+04
 38.0 4.70277E+04
 38.5 4.57011E+04
 39.0 4.44009E+04
 39.5 4.31261E+04
 40.0 4.18756E+04
 40.5 4.06485E+04
 41.0 3.94439E+04
 41.5 3.82610E+04
 42.0 3.70989E+04
 42.5 3.59567E+04
 43.0 3.48336E+04
 43.5 3.37289E+04
 44.0 3.26419E+04
 44.5 3.15718E+04
 45.0 3.05179E+04
 45.5 2.94797E+04
 46.0 2.84565E+04
 46.5 2.74478E+04
 47.0 2.64529E+04
 47.5 2.54714E+04
 48.0 2.45028E+04
 48.5 2.35467E+04
 49.0 2.26025E+04
 49.5 2.16700E+04
 50.0 2.07487E+04
 50.5 1.98382E+04
 51.0 1.89382E+04
 51.5 1.80485E+04
 52.0 1.71688E+04
 52.5 1.62987E+04
 53.0 1.54381E+04
 53.5 1.45867E+04
 54.0 1.37443E+04
 54.5 1.29108E+04
 55.0 1.20860E+04
 55.5 1.12697E+04
 56.0 1.04619E+04
 56.5 9.66232E+03
 57.0 8.87099E+03
 57.5 8.08779E+03
 58.0 7.31266E+03
 58.5 6.54555E+03
 59.0 5.78642E+03
 59.5 5.03525E+03
 60.0 4.29203E+03
 60.5 3.55675E+03
 61.0 2.82943E+03
 61.5 2.11009E+03
 62.0 1.39877E+03
 62.5 6.95499E+02
 63.0 5.77606E+01
