063K22D0W2
  0.5 0.00000E+00
  1.0 0.00000E+00
  1.5 0.00000E+00
  2.0 0.00000E+00
  2.5 0.00000E+00
  3.0 0.00000E+00
  3.5 7.06931E+04
  4.0 8.94684E+04
  4.5 1.09527E+05
  5.0 1.31087E+05
  5.5 1.54391E+05
  6.0 1.79410E+05
  6.5 2.05515E+05
  7.0 2.31480E+05
  7.5 2.55829E+05
  8.0 2.77258E+05
  8.5 3.54165E+06
  9.0 3.08300E+05
  9.5 1.95548E+06
 10.0 1.63261E+06
 10.5 1.47222E+05
 11.0 1.54948E+05
 11.5 4.42969E+05
 12.0 1.17037E+05
 12.5 1.07683E+05
 13.0 1.12160E+05
 13.5 1.16118E+05
 14.0 1.19509E+05
 14.5 1.22311E+05
 15.0 1.24518E+05
 15.5 1.26144E+05
 16.0 1.27214E+05
 16.5 1.27764E+05
 17.0 1.27837E+05
 17.5 1.27479E+05
 18.0 1.26738E+05
 18.5 1.25659E+05
 19.0 1.24290E+05
 19.5 1.22672E+05
 20.0 1.20845E+05
 20.5 1.18846E+05
 21.0 1.16706E+05
 21.5 1.14456E+05
 22.0 1.12122E+05
 22.5 1.09724E+05
 23.0 1.07285E+05
 23.5 1.04819E+05
 24.0 1.02343E+05
 24.5 9.98673E+04
 25.0 9.74035E+04
 25.5 9.49597E+04
 26.0 9.25432E+04
 26.5 9.01597E+04
 27.0 8.78139E+04
 27.5 8.55094E+04
 28.0 8.32489E+04
 28.5 8.10345E+04
 29.0 7.88676E+04
 29.5 7.67491E+04
 30.0 7.46794E+04
 30.5 7.26585E+04
 31.0 7.06861E+04
 31.5 6.87618E+04
 32.0 6.68847E+04
 32.5 6.50541E+04
 33.0 6.32687E+04
 33.5 6.15275E+04
 34.0 5.98293E+04
 34.5 5.81726E+04
 35.0 5.65563E+04
 35.5 5.49789E+04
 36.0 5.34391E+04
 36.5 5.19354E+04
 37.0 5.04666E+04
 37.5 4.90313E+04
 38.0 4.76281E+04
 38.5 4.62559E+04
 39.0 4.49132E+04
 39.5 4.35989E+04
 40.0 4.23119E+04
 40.5 4.10509E+04
 41.0 3.98148E+04
 41.5 3.86026E+04
 42.0 3.74134E+04
 42.5 3.62459E+04
 43.0 3.50995E+04
 43.5 3.39731E+04
 44.0 3.28659E+04
 44.5 3.17771E+04
 45.0 3.07059E+04
 45.5 2.96516E+04
 46.0 2.86135E+04
 46.5 2.75910E+04
 47.0 2.65833E+04
 47.5 2.55900E+04
 48.0 2.46105E+04
 48.5 2.36442E+04
 49.0 2.26907E+04
 49.5 2.17495E+04
 50.0 2.08202E+04
 50.5 1.99024E+04
 51.0 1.89958E+04
 51.5 1.80999E+04
 52.0 1.72144E+04
 52.5 1.63391E+04
 53.0 1.54737E+04
 53.5 1.46180E+04
 54.0 1.37717E+04
 54.5 1.29346E+04
 55.0 1.21065E+04
 55.5 1.12873E+04
 56.0 1.04768E+04
 56.5 9.67486E+03
 57.0 8.88142E+03
 57.5 8.09635E+03
 58.0 7.31958E+03
 58.5 6.55104E+03
 59.0 5.79067E+03
 59.5 5.03845E+03
 60.0 4.29435E+03
 60.5 3.55835E+03
 61.0 2.83045E+03
 61.5 2.11067E+03
 62.0 1.39904E+03
 62.5 6.95582E+02
 63.0 5.77649E+01
