063K21D0W2
  0.5 0.00000E+00
  1.0 0.00000E+00
  1.5 0.00000E+00
  2.0 0.00000E+00
  2.5 0.00000E+00
  3.0 0.00000E+00
  3.5 6.67283E+04
  4.0 8.45277E+04
  4.5 1.03488E+05
  5.0 1.23791E+05
  5.5 1.45661E+05
  6.0 1.69142E+05
  6.5 1.93785E+05
  7.0 2.18572E+05
  7.5 2.42174E+05
  8.0 2.63330E+05
  8.5 3.42222E+06
  9.0 2.95036E+05
  9.5 1.90490E+06
 10.0 1.59044E+06
 10.5 1.39520E+05
 11.0 1.47150E+05
 11.5 4.24524E+05
 12.0 1.10967E+05
 12.5 1.02098E+05
 13.0 1.06519E+05
 13.5 1.10483E+05
 14.0 1.13938E+05
 14.5 1.16853E+05
 15.0 1.19216E+05
 15.5 1.21031E+05
 16.0 1.22315E+05
 16.5 1.23097E+05
 17.0 1.23412E+05
 17.5 1.23301E+05
 18.0 1.22807E+05
 18.5 1.21973E+05
 19.0 1.20842E+05
 19.5 1.19454E+05
 20.0 1.17847E+05
 20.5 1.16058E+05
 21.0 1.14117E+05
 21.5 1.12053E+05
 22.0 1.09894E+05
 22.5 1.07661E+05
 23.0 1.05374E+05
 23.5 1.03051E+05
 24.0 1.00707E+05
 24.5 9.83546E+04
 25.0 9.60046E+04
 25.5 9.36664E+04
 26.0 9.13474E+04
 26.5 8.90543E+04
 27.0 8.67919E+04
 27.5 8.45645E+04
 28.0 8.23753E+04
 28.5 8.02267E+04
 29.0 7.81206E+04
 29.5 7.60583E+04
 30.0 7.40404E+04
 30.5 7.20675E+04
 31.0 7.01395E+04
 31.5 6.82561E+04
 32.0 6.64170E+04
 32.5 6.46213E+04
 33.0 6.28683E+04
 33.5 6.11571E+04
 34.0 5.94866E+04
 34.5 5.78557E+04
 35.0 5.62632E+04
 35.5 5.47078E+04
 36.0 5.31884E+04
 36.5 5.17036E+04
 37.0 5.02523E+04
 37.5 4.88333E+04
 38.0 4.74452E+04
 38.5 4.60869E+04
 39.0 4.47572E+04
 39.5 4.34550E+04
 40.0 4.21791E+04
 40.5 4.09284E+04
 41.0 3.97020E+04
 41.5 3.84988E+04
 42.0 3.73177E+04
 42.5 3.61580E+04
 43.0 3.50187E+04
 43.5 3.38989E+04
 44.0 3.27978E+04
 44.5 3.17147E+04
 45.0 3.06488E+04
 45.5 2.95994E+04
 46.0 2.85659E+04
 46.5 2.75475E+04
 47.0 2.65437E+04
 47.5 2.55540E+04
 48.0 2.45778E+04
 48.5 2.36146E+04
 49.0 2.26640E+04
 49.5 2.17254E+04
 50.0 2.07985E+04
 50.5 1.98829E+04
 51.0 1.89783E+04
 51.5 1.80843E+04
 52.0 1.72006E+04
 52.5 1.63269E+04
 53.0 1.54629E+04
 53.5 1.46085E+04
 54.0 1.37634E+04
 54.5 1.29274E+04
 55.0 1.21003E+04
 55.5 1.12820E+04
 56.0 1.04723E+04
 56.5 9.67106E+03
 57.0 8.87825E+03
 57.5 8.09375E+03
 58.0 7.31748E+03
 58.5 6.54937E+03
 59.0 5.78939E+03
 59.5 5.03748E+03
 60.0 4.29364E+03
 60.5 3.55786E+03
 61.0 2.83014E+03
 61.5 2.11050E+03
 62.0 1.39896E+03
 62.5 6.95557E+02
 63.0 5.77635E+01
