064K08D0W2
  0.5 0.00000E+00
  1.0 0.00000E+00
  1.5 0.00000E+00
  2.0 0.00000E+00
  2.5 0.00000E+00
  3.0 0.00000E+00
  3.5 1.96665E+04
  4.0 2.62022E+04
  4.5 3.29470E+04
  5.0 3.98813E+04
  5.5 4.69989E+04
  6.0 5.43001E+04
  6.5 6.17899E+04
  7.0 6.94786E+04
  7.5 7.73792E+04
  8.0 8.54965E+04
  8.5 1.06900E+06
  9.0 1.02241E+05
  9.5 8.13021E+05
 10.0 6.80406E+05
 10.5 4.57676E+04
 11.0 4.88087E+04
 11.5 1.19944E+05
 12.0 3.67838E+04
 12.5 3.39368E+04
 13.0 3.57310E+04
 13.5 3.75169E+04
 14.0 3.92916E+04
 14.5 4.10509E+04
 15.0 4.27895E+04
 15.5 4.45001E+04
 16.0 4.61744E+04
 16.5 4.78028E+04
 17.0 4.93748E+04
 17.5 5.08798E+04
 18.0 5.23071E+04
 18.5 5.36470E+04
 19.0 5.48907E+04
 19.5 5.60305E+04
 20.0 5.70607E+04
 20.5 5.79769E+04
 21.0 5.87764E+04
 21.5 5.94582E+04
 22.0 6.00227E+04
 22.5 6.04716E+04
 23.0 6.08078E+04
 23.5 6.10349E+04
 24.0 6.11576E+04
 24.5 6.11810E+04
 25.0 6.11105E+04
 25.5 6.09520E+04
 26.0 6.07113E+04
 26.5 6.03944E+04
 27.0 6.00072E+04
 27.5 5.95556E+04
 28.0 5.90450E+04
 28.5 5.84809E+04
 29.0 5.78683E+04
 29.5 5.72121E+04
 30.0 5.65168E+04
 30.5 5.57866E+04
 31.0 5.50254E+04
 31.5 5.42369E+04
 32.0 5.34245E+04
 32.5 5.25911E+04
 33.0 5.17396E+04
 33.5 5.08726E+04
 34.0 4.99924E+04
 34.5 4.91010E+04
 35.0 4.82005E+04
 35.5 4.72924E+04
 36.0 4.63784E+04
 36.5 4.54598E+04
 37.0 4.45379E+04
 37.5 4.36137E+04
 38.0 4.26883E+04
 38.5 4.17624E+04
 39.0 4.08368E+04
 39.5 3.99123E+04
 40.0 3.89893E+04
 40.5 3.80685E+04
 41.0 3.71502E+04
 41.5 3.62348E+04
 42.0 3.53227E+04
 42.5 3.44142E+04
 43.0 3.35094E+04
 43.5 3.26087E+04
 44.0 3.17122E+04
 44.5 3.08201E+04
 45.0 2.99324E+04
 45.5 2.90493E+04
 46.0 2.81708E+04
 46.5 2.72971E+04
 47.0 2.64282E+04
 47.5 2.55642E+04
 48.0 2.47050E+04
 48.5 2.38508E+04
 49.0 2.30015E+04
 49.5 2.21573E+04
 50.0 2.13180E+04
 50.5 2.04837E+04
 51.0 1.96546E+04
 51.5 1.88304E+04
 52.0 1.80114E+04
 52.5 1.71975E+04
 53.0 1.63887E+04
 53.5 1.55851E+04
 54.0 1.47867E+04
 54.5 1.39936E+04
 55.0 1.32057E+04
 55.5 1.24232E+04
 56.0 1.16460E+04
 56.5 1.08743E+04
 57.0 1.01080E+04
 57.5 9.34734E+03
 58.0 8.59225E+03
 58.5 7.84285E+03
 59.0 7.09921E+03
 59.5 6.36141E+03
 60.0 5.62955E+03
 60.5 4.90371E+03
 61.0 4.18399E+03
 61.5 3.47050E+03
 62.0 2.76334E+03
 62.5 2.06262E+03
 63.0 1.36845E+03
 63.5 6.80969E+02
 64.0 5.65807E+01
