064K11D0W2
  0.5 0.00000E+00
  1.0 0.00000E+00
  1.5 0.00000E+00
  2.0 0.00000E+00
  2.5 0.00000E+00
  3.0 0.00000E+00
  3.5 2.96448E+04
  4.0 3.85583E+04
  4.5 4.78123E+04
  5.0 5.74053E+04
  5.5 6.73483E+04
  6.0 7.76650E+04
  6.5 8.83911E+04
  7.0 9.95616E+04
  7.5 1.11170E+05
  8.0 1.23114E+05
  8.5 1.76750E+06
  9.0 1.47021E+05
  9.5 1.17106E+06
 10.0 9.78808E+05
 10.5 6.53793E+04
 11.0 6.97632E+04
 11.5 1.99358E+05
 12.0 5.24320E+04
 12.5 4.83375E+04
 13.0 5.08952E+04
 13.5 5.34320E+04
 14.0 5.59315E+04
 14.5 5.83741E+04
 15.0 6.07382E+04
 15.5 6.30011E+04
 16.0 6.51406E+04
 16.5 6.71361E+04
 17.0 6.89697E+04
 17.5 7.06271E+04
 18.0 7.20974E+04
 18.5 7.33739E+04
 19.0 7.44535E+04
 19.5 7.53366E+04
 20.0 7.60265E+04
 20.5 7.65292E+04
 21.0 7.68526E+04
 21.5 7.70062E+04
 22.0 7.70006E+04
 22.5 7.68471E+04
 23.0 7.65574E+04
 23.5 7.61432E+04
 24.0 7.56163E+04
 24.5 7.49880E+04
 25.0 7.42690E+04
 25.5 7.34696E+04
 26.0 7.25996E+04
 26.5 7.16680E+04
 27.0 7.06830E+04
 27.5 6.96523E+04
 28.0 6.85830E+04
 28.5 6.74813E+04
 29.0 6.63530E+04
 29.5 6.52033E+04
 30.0 6.40367E+04
 30.5 6.28573E+04
 31.0 6.16689E+04
 31.5 6.04745E+04
 32.0 5.92770E+04
 32.5 5.80788E+04
 33.0 5.68821E+04
 33.5 5.56887E+04
 34.0 5.45002E+04
 34.5 5.33180E+04
 35.0 5.21431E+04
 35.5 5.09766E+04
 36.0 4.98191E+04
 36.5 4.86714E+04
 37.0 4.75338E+04
 37.5 4.64070E+04
 38.0 4.52910E+04
 38.5 4.41861E+04
 39.0 4.30925E+04
 39.5 4.20103E+04
 40.0 4.09393E+04
 40.5 3.98796E+04
 41.0 3.88312E+04
 41.5 3.77939E+04
 42.0 3.67675E+04
 42.5 3.57520E+04
 43.0 3.47471E+04
 43.5 3.37526E+04
 44.0 3.27685E+04
 44.5 3.17943E+04
 45.0 3.08301E+04
 45.5 2.98754E+04
 46.0 2.89302E+04
 46.5 2.79942E+04
 47.0 2.70672E+04
 47.5 2.61490E+04
 48.0 2.52394E+04
 48.5 2.43383E+04
 49.0 2.34454E+04
 49.5 2.25606E+04
 50.0 2.16837E+04
 50.5 2.08146E+04
 51.0 1.99531E+04
 51.5 1.90991E+04
 52.0 1.82525E+04
 52.5 1.74131E+04
 53.0 1.65809E+04
 53.5 1.57558E+04
 54.0 1.49376E+04
 54.5 1.41263E+04
 55.0 1.33219E+04
 55.5 1.25243E+04
 56.0 1.17334E+04
 56.5 1.09493E+04
 57.0 1.01719E+04
 57.5 9.40111E+03
 58.0 8.63705E+03
 58.5 7.87968E+03
 59.0 7.12902E+03
 59.5 6.38509E+03
 60.0 5.64792E+03
 60.5 4.91756E+03
 61.0 4.19403E+03
 61.5 3.47742E+03
 62.0 2.76776E+03
 62.5 2.06515E+03
 63.0 1.36964E+03
 63.5 6.81330E+02
 64.0 5.65994E+01
