064K17D0W2
  0.5 0.00000E+00
  1.0 0.00000E+00
  1.5 0.00000E+00
  2.0 0.00000E+00
  2.5 0.00000E+00
  3.0 0.00000E+00
  3.5 5.07077E+04
  4.0 6.46288E+04
  4.5 7.92924E+04
  5.0 9.47650E+04
  5.5 1.11157E+05
  6.0 1.28595E+05
  6.5 1.47097E+05
  7.0 1.66399E+05
  7.5 1.85902E+05
  8.0 2.04774E+05
  8.5 2.88595E+06
  9.0 2.37364E+05
  9.5 1.68420E+06
 10.0 1.40650E+06
 10.5 1.08020E+05
 11.0 1.14860E+05
 11.5 3.43577E+05
 12.0 8.62280E+04
 12.5 7.93879E+04
 13.0 8.33543E+04
 13.5 8.71156E+04
 14.0 9.06165E+04
 14.5 9.38090E+04
 15.0 9.66556E+04
 15.5 9.91297E+04
 16.0 1.01217E+05
 16.5 1.02912E+05
 17.0 1.04220E+05
 17.5 1.05155E+05
 18.0 1.05735E+05
 18.5 1.05983E+05
 19.0 1.05924E+05
 19.5 1.05587E+05
 20.0 1.05000E+05
 20.5 1.04189E+05
 21.0 1.03183E+05
 21.5 1.02007E+05
 22.0 1.00685E+05
 22.5 9.92381E+04
 23.0 9.76880E+04
 23.5 9.60526E+04
 24.0 9.43486E+04
 24.5 9.25907E+04
 25.0 9.07920E+04
 25.5 8.89639E+04
 26.0 8.71167E+04
 26.5 8.52590E+04
 27.0 8.33983E+04
 27.5 8.15412E+04
 28.0 7.96931E+04
 28.5 7.78586E+04
 29.0 7.60415E+04
 29.5 7.42451E+04
 30.0 7.24719E+04
 30.5 7.07239E+04
 31.0 6.90029E+04
 31.5 6.73099E+04
 32.0 6.56459E+04
 32.5 6.40115E+04
 33.0 6.24068E+04
 33.5 6.08322E+04
 34.0 5.92874E+04
 34.5 5.77723E+04
 35.0 5.62865E+04
 35.5 5.48296E+04
 36.0 5.34010E+04
 36.5 5.20001E+04
 37.0 5.06263E+04
 37.5 4.92788E+04
 38.0 4.79569E+04
 38.5 4.66598E+04
 39.0 4.53868E+04
 39.5 4.41372E+04
 40.0 4.29101E+04
 40.5 4.17047E+04
 41.0 4.05203E+04
 41.5 3.93562E+04
 42.0 3.82116E+04
 42.5 3.70859E+04
 43.0 3.59782E+04
 43.5 3.48880E+04
 44.0 3.38145E+04
 44.5 3.27573E+04
 45.0 3.17155E+04
 45.5 3.06888E+04
 46.0 2.96765E+04
 46.5 2.86781E+04
 47.0 2.76930E+04
 47.5 2.67209E+04
 48.0 2.57613E+04
 48.5 2.48136E+04
 49.0 2.38776E+04
 49.5 2.29528E+04
 50.0 2.20389E+04
 50.5 2.11356E+04
 51.0 2.02424E+04
 51.5 1.93592E+04
 52.0 1.84856E+04
 52.5 1.76214E+04
 53.0 1.67663E+04
 53.5 1.59202E+04
 54.0 1.50828E+04
 54.5 1.42540E+04
 55.0 1.34336E+04
 55.5 1.26214E+04
 56.0 1.18173E+04
 56.5 1.10212E+04
 57.0 1.02330E+04
 57.5 9.45260E+03
 58.0 8.67992E+03
 58.5 7.91491E+03
 59.0 7.15752E+03
 59.5 6.40772E+03
 60.0 5.66547E+03
 60.5 4.93077E+03
 61.0 4.20361E+03
 61.5 3.48401E+03
 62.0 2.77198E+03
 62.5 2.06755E+03
 63.0 1.37077E+03
 63.5 6.81674E+02
 64.0 5.66173E+01
