064K10D0W2
  0.5 0.00000E+00
  1.0 0.00000E+00
  1.5 0.00000E+00
  2.0 0.00000E+00
  2.5 0.00000E+00
  3.0 0.00000E+00
  3.5 2.62789E+04
  4.0 3.43942E+04
  4.5 4.28009E+04
  5.0 5.14911E+04
  5.5 6.04690E+04
  6.0 6.97477E+04
  6.5 7.93503E+04
  7.0 8.93055E+04
  7.5 9.96255E+04
  8.0 1.10267E+05
  8.5 1.54348E+06
  9.0 1.31891E+05
  9.5 1.06075E+06
 10.0 8.86852E+05
 10.5 5.87103E+04
 11.0 6.26382E+04
 11.5 1.73045E+05
 12.0 4.71201E+04
 12.5 4.34521E+04
 13.0 4.57509E+04
 13.5 4.80370E+04
 14.0 5.03000E+04
 14.5 5.25266E+04
 15.0 5.47014E+04
 15.5 5.68068E+04
 16.0 5.88247E+04
 16.5 6.07372E+04
 17.0 6.25273E+04
 17.5 6.41805E+04
 18.0 6.56843E+04
 18.5 6.70293E+04
 19.0 6.82093E+04
 19.5 6.92209E+04
 20.0 7.00634E+04
 20.5 7.07387E+04
 21.0 7.12508E+04
 21.5 7.16056E+04
 22.0 7.18102E+04
 22.5 7.18730E+04
 23.0 7.18028E+04
 23.5 7.16091E+04
 24.0 7.13015E+04
 24.5 7.08898E+04
 25.0 7.03832E+04
 25.5 6.97911E+04
 26.0 6.91222E+04
 26.5 6.83849E+04
 27.0 6.75870E+04
 27.5 6.67359E+04
 28.0 6.58384E+04
 28.5 6.49007E+04
 29.0 6.39286E+04
 29.5 6.29273E+04
 30.0 6.19014E+04
 30.5 6.08555E+04
 31.0 5.97932E+04
 31.5 5.87180E+04
 32.0 5.76331E+04
 32.5 5.65410E+04
 33.0 5.54443E+04
 33.5 5.43451E+04
 34.0 5.32452E+04
 34.5 5.21462E+04
 35.0 5.10496E+04
 35.5 4.99565E+04
 36.0 4.88681E+04
 36.5 4.77851E+04
 37.0 4.67083E+04
 37.5 4.56384E+04
 38.0 4.45759E+04
 38.5 4.35211E+04
 39.0 4.24743E+04
 39.5 4.14360E+04
 40.0 4.04061E+04
 40.5 3.93850E+04
 41.0 3.83726E+04
 41.5 3.73689E+04
 42.0 3.63741E+04
 42.5 3.53880E+04
 43.0 3.44107E+04
 43.5 3.34420E+04
 44.0 3.24818E+04
 44.5 3.15301E+04
 45.0 3.05868E+04
 45.5 2.96517E+04
 46.0 2.87247E+04
 46.5 2.78057E+04
 47.0 2.68945E+04
 47.5 2.59910E+04
 48.0 2.50952E+04
 48.5 2.42068E+04
 49.0 2.33257E+04
 49.5 2.24519E+04
 50.0 2.15852E+04
 50.5 2.07255E+04
 51.0 1.98728E+04
 51.5 1.90268E+04
 52.0 1.81877E+04
 52.5 1.73552E+04
 53.0 1.65293E+04
 53.5 1.57099E+04
 54.0 1.48971E+04
 54.5 1.40907E+04
 55.0 1.32907E+04
 55.5 1.24972E+04
 56.0 1.17100E+04
 56.5 1.09292E+04
 57.0 1.01548E+04
 57.5 9.38670E+03
 58.0 8.62505E+03
 58.5 7.86982E+03
 59.0 7.12104E+03
 59.5 6.37875E+03
 60.0 5.64301E+03
 60.5 4.91385E+03
 61.0 4.19135E+03
 61.5 3.47557E+03
 62.0 2.76658E+03
 62.5 2.06447E+03
 63.0 1.36932E+03
 63.5 6.81234E+02
 64.0 5.65944E+01
