064K14D0W2
  0.5 0.00000E+00
  1.0 0.00000E+00
  1.5 0.00000E+00
  2.0 0.00000E+00
  2.5 0.00000E+00
  3.0 0.00000E+00
  3.5 3.99812E+04
  4.0 5.13436E+04
  4.5 6.32239E+04
  5.0 7.56456E+04
  5.5 8.86550E+04
  6.0 1.02324E+05
  6.5 1.16722E+05
  7.0 1.31834E+05
  7.5 1.47460E+05
  8.0 1.63187E+05
  8.5 2.37382E+06
  9.0 1.92661E+05
  9.5 1.45544E+06
 10.0 1.21586E+06
 10.5 8.61754E+04
 11.0 9.18911E+04
 11.5 2.74756E+05
 12.0 6.89443E+04
 12.5 6.35111E+04
 13.0 6.68283E+04
 13.5 7.00623E+04
 14.0 7.31747E+04
 14.5 7.61269E+04
 15.0 7.88828E+04
 15.5 8.14104E+04
 16.0 8.36843E+04
 16.5 8.56857E+04
 17.0 8.74030E+04
 17.5 8.88317E+04
 18.0 8.99730E+04
 18.5 9.08336E+04
 19.0 9.14246E+04
 19.5 9.17600E+04
 20.0 9.18566E+04
 20.5 9.17324E+04
 21.0 9.14064E+04
 21.5 9.08977E+04
 22.0 9.02253E+04
 22.5 8.94076E+04
 23.0 8.84621E+04
 23.5 8.74053E+04
 24.0 8.62527E+04
 24.5 8.50184E+04
 25.0 8.37155E+04
 25.5 8.23557E+04
 26.0 8.09495E+04
 26.5 7.95067E+04
 27.0 7.80355E+04
 27.5 7.65436E+04
 28.0 7.50375E+04
 28.5 7.35230E+04
 29.0 7.20050E+04
 29.5 7.04880E+04
 30.0 6.89757E+04
 30.5 6.74712E+04
 31.0 6.59772E+04
 31.5 6.44960E+04
 32.0 6.30293E+04
 32.5 6.15788E+04
 33.0 6.01456E+04
 33.5 5.87306E+04
 34.0 5.73346E+04
 34.5 5.59581E+04
 35.0 5.46015E+04
 35.5 5.32649E+04
 36.0 5.19483E+04
 36.5 5.06518E+04
 37.0 4.93752E+04
 37.5 4.81183E+04
 38.0 4.68808E+04
 38.5 4.56624E+04
 39.0 4.44627E+04
 39.5 4.32813E+04
 40.0 4.21177E+04
 40.5 4.09716E+04
 41.0 3.98424E+04
 41.5 3.87296E+04
 42.0 3.76329E+04
 42.5 3.65517E+04
 43.0 3.54855E+04
 43.5 3.44339E+04
 44.0 3.33964E+04
 44.5 3.23726E+04
 45.0 3.13620E+04
 45.5 3.03643E+04
 46.0 2.93789E+04
 46.5 2.84055E+04
 47.0 2.74437E+04
 47.5 2.64932E+04
 48.0 2.55536E+04
 48.5 2.46245E+04
 49.0 2.37057E+04
 49.5 2.27969E+04
 50.0 2.18978E+04
 50.5 2.10081E+04
 51.0 2.01275E+04
 51.5 1.92559E+04
 52.0 1.83931E+04
 52.5 1.75388E+04
 53.0 1.66928E+04
 53.5 1.58550E+04
 54.0 1.50253E+04
 54.5 1.42034E+04
 55.0 1.33893E+04
 55.5 1.25829E+04
 56.0 1.17841E+04
 56.5 1.09927E+04
 57.0 1.02088E+04
 57.5 9.43222E+03
 58.0 8.66296E+03
 58.5 7.90098E+03
 59.0 7.14625E+03
 59.5 6.39877E+03
 60.0 5.65853E+03
 60.5 4.92554E+03
 61.0 4.19983E+03
 61.5 3.48140E+03
 62.0 2.77031E+03
 62.5 2.06660E+03
 63.0 1.37032E+03
 63.5 6.81538E+02
 64.0 5.66102E+01
