064K19D0W2
  0.5 0.00000E+00
  1.0 0.00000E+00
  1.5 0.00000E+00
  2.0 0.00000E+00
  2.5 0.00000E+00
  3.0 0.00000E+00
  3.5 5.81071E+04
  4.0 7.38113E+04
  4.5 9.04386E+04
  5.0 1.08100E+05
  5.5 1.26961E+05
  6.0 1.47155E+05
  6.5 1.68562E+05
  7.0 1.90627E+05
  7.5 2.12414E+05
  8.0 2.32844E+05
  8.5 3.18266E+06
  9.0 2.66103E+05
  9.5 1.81328E+06
 10.0 1.51406E+06
 10.5 1.23029E+05
 11.0 1.30433E+05
 11.5 3.85817E+05
 12.0 9.80825E+04
 12.5 9.02817E+04
 13.0 9.45771E+04
 13.5 9.85600E+04
 14.0 1.02171E+05
 14.5 1.05366E+05
 15.0 1.08113E+05
 15.5 1.10396E+05
 16.0 1.12215E+05
 16.5 1.13577E+05
 17.0 1.14502E+05
 17.5 1.15016E+05
 18.0 1.15148E+05
 18.5 1.14932E+05
 19.0 1.14403E+05
 19.5 1.13596E+05
 20.0 1.12543E+05
 20.5 1.11279E+05
 21.0 1.09833E+05
 21.5 1.08233E+05
 22.0 1.06506E+05
 22.5 1.04674E+05
 23.0 1.02758E+05
 23.5 1.00778E+05
 24.0 9.87486E+04
 24.5 9.66853E+04
 25.0 9.46005E+04
 25.5 9.25047E+04
 26.0 9.04073E+04
 26.5 8.83162E+04
 27.0 8.62381E+04
 27.5 8.41784E+04
 28.0 8.21417E+04
 28.5 8.01319E+04
 29.0 7.81518E+04
 29.5 7.62040E+04
 30.0 7.42900E+04
 30.5 7.24114E+04
 31.0 7.05690E+04
 31.5 6.87633E+04
 32.0 6.69945E+04
 32.5 6.52628E+04
 33.0 6.35679E+04
 33.5 6.19093E+04
 34.0 6.02866E+04
 34.5 5.86992E+04
 35.0 5.71461E+04
 35.5 5.56267E+04
 36.0 5.41400E+04
 36.5 5.26851E+04
 37.0 5.12611E+04
 37.5 4.98670E+04
 38.0 4.85017E+04
 38.5 4.71643E+04
 39.0 4.58538E+04
 39.5 4.45693E+04
 40.0 4.33097E+04
 40.5 4.20741E+04
 41.0 4.08617E+04
 41.5 3.96715E+04
 42.0 3.85026E+04
 42.5 3.73542E+04
 43.0 3.62256E+04
 43.5 3.51158E+04
 44.0 3.40242E+04
 44.5 3.29500E+04
 45.0 3.18926E+04
 45.5 3.08512E+04
 46.0 2.98254E+04
 46.5 2.88144E+04
 47.0 2.78176E+04
 47.5 2.68347E+04
 48.0 2.58650E+04
 48.5 2.49080E+04
 49.0 2.39634E+04
 49.5 2.30306E+04
 50.0 2.21093E+04
 50.5 2.11991E+04
 51.0 2.02996E+04
 51.5 1.94106E+04
 52.0 1.85316E+04
 52.5 1.76625E+04
 53.0 1.68029E+04
 53.5 1.59526E+04
 54.0 1.51115E+04
 54.5 1.42792E+04
 55.0 1.34556E+04
 55.5 1.26405E+04
 56.0 1.18338E+04
 56.5 1.10353E+04
 57.0 1.02450E+04
 57.5 9.46271E+03
 58.0 8.68834E+03
 58.5 7.92183E+03
 59.0 7.16312E+03
 59.5 6.41215E+03
 60.0 5.66891E+03
 60.5 4.93336E+03
 61.0 4.20549E+03
 61.5 3.48530E+03
 62.0 2.77280E+03
 62.5 2.06802E+03
 63.0 1.37099E+03
 63.5 6.81741E+02
 64.0 5.66207E+01
