064K20D0W2
  0.5 0.00000E+00
  1.0 0.00000E+00
  1.5 0.00000E+00
  2.0 0.00000E+00
  2.5 0.00000E+00
  3.0 0.00000E+00
  3.5 6.18903E+04
  4.0 7.85131E+04
  4.5 9.61600E+04
  5.0 1.14969E+05
  5.5 1.35136E+05
  6.0 1.56778E+05
  6.5 1.79663E+05
  7.0 2.03059E+05
  7.5 2.25861E+05
  8.0 2.46888E+05
  8.5 3.31946E+06
  9.0 2.80087E+05
  9.5 1.87208E+06
 10.0 1.56307E+06
 10.5 1.30633E+05
 11.0 1.38253E+05
 11.5 4.05920E+05
 12.0 1.04084E+05
 12.5 9.57998E+04
 13.0 1.00222E+05
 13.5 1.04274E+05
 14.0 1.07895E+05
 14.5 1.11046E+05
 15.0 1.13700E+05
 15.5 1.15849E+05
 16.0 1.17498E+05
 16.5 1.18665E+05
 17.0 1.19375E+05
 17.5 1.19660E+05
 18.0 1.19555E+05
 18.5 1.19099E+05
 19.0 1.18331E+05
 19.5 1.17288E+05
 20.0 1.16006E+05
 20.5 1.14519E+05
 21.0 1.12860E+05
 21.5 1.11057E+05
 22.0 1.09137E+05
 22.5 1.07123E+05
 23.0 1.05036E+05
 23.5 1.02894E+05
 24.0 1.00714E+05
 24.5 9.85104E+04
 25.0 9.62941E+04
 25.5 9.40758E+04
 26.0 9.18646E+04
 26.5 8.96676E+04
 27.0 8.74910E+04
 27.5 8.53400E+04
 28.0 8.32187E+04
 28.5 8.11302E+04
 29.0 7.90773E+04
 29.5 7.70619E+04
 30.0 7.50854E+04
 30.5 7.31487E+04
 31.0 7.12524E+04
 31.5 6.93969E+04
 32.0 6.75819E+04
 32.5 6.58073E+04
 33.0 6.40726E+04
 33.5 6.23772E+04
 34.0 6.07204E+04
 34.5 5.91012E+04
 35.0 5.75187E+04
 35.5 5.59719E+04
 36.0 5.44599E+04
 36.5 5.29815E+04
 37.0 5.15356E+04
 37.5 5.01211E+04
 38.0 4.87370E+04
 38.5 4.73821E+04
 39.0 4.60553E+04
 39.5 4.47556E+04
 40.0 4.34820E+04
 40.5 4.22333E+04
 41.0 4.10088E+04
 41.5 3.98072E+04
 42.0 3.86278E+04
 42.5 3.74697E+04
 43.0 3.63319E+04
 43.5 3.52137E+04
 44.0 3.41143E+04
 44.5 3.30328E+04
 45.0 3.19686E+04
 45.5 3.09210E+04
 46.0 2.98893E+04
 46.5 2.88729E+04
 47.0 2.78711E+04
 47.5 2.68835E+04
 48.0 2.59095E+04
 48.5 2.49485E+04
 49.0 2.40001E+04
 49.5 2.30639E+04
 50.0 2.21395E+04
 50.5 2.12263E+04
 51.0 2.03242E+04
 51.5 1.94326E+04
 52.0 1.85514E+04
 52.5 1.76801E+04
 53.0 1.68186E+04
 53.5 1.59665E+04
 54.0 1.51237E+04
 54.5 1.42899E+04
 55.0 1.34650E+04
 55.5 1.26487E+04
 56.0 1.18409E+04
 56.5 1.10414E+04
 57.0 1.02502E+04
 57.5 9.46704E+03
 58.0 8.69195E+03
 58.5 7.92479E+03
 59.0 7.16551E+03
 59.5 6.41405E+03
 60.0 5.67038E+03
 60.5 4.93446E+03
 61.0 4.20629E+03
 61.5 3.48585E+03
 62.0 2.77316E+03
 62.5 2.06823E+03
 63.0 1.37108E+03
 63.5 6.81770E+02
 64.0 5.66222E+01
