065K09D0W2
  0.5 0.00000E+00
  1.0 0.00000E+00
  1.5 0.00000E+00
  2.0 0.00000E+00
  2.5 0.00000E+00
  3.0 0.00000E+00
  3.5 2.25857E+04
  4.0 2.98233E+04
  4.5 3.73070E+04
  5.0 4.50224E+04
  5.5 5.29675E+04
  6.0 6.11471E+04
  6.5 6.95727E+04
  7.0 7.82629E+04
  7.5 8.72354E+04
  8.0 9.64872E+04
  8.5 1.28802E+06
  9.0 1.15548E+05
  9.5 9.36486E+05
 10.0 7.83279E+05
 10.5 5.16299E+04
 11.0 5.50879E+04
 11.5 1.43720E+05
 12.0 4.15152E+04
 12.5 3.83081E+04
 13.0 4.03465E+04
 13.5 4.23780E+04
 14.0 4.43974E+04
 14.5 4.63975E+04
 15.0 4.83689E+04
 15.5 5.03005E+04
 16.0 5.21793E+04
 16.5 5.39918E+04
 17.0 5.57237E+04
 17.5 5.73616E+04
 18.0 5.88929E+04
 18.5 6.03067E+04
 19.0 6.15939E+04
 19.5 6.27476E+04
 20.0 6.37632E+04
 20.5 6.46383E+04
 21.0 6.53723E+04
 21.5 6.59667E+04
 22.0 6.64246E+04
 22.5 6.67503E+04
 23.0 6.69492E+04
 23.5 6.70278E+04
 24.0 6.69928E+04
 24.5 6.68516E+04
 25.0 6.66116E+04
 25.5 6.62805E+04
 26.0 6.58658E+04
 26.5 6.53747E+04
 27.0 6.48144E+04
 27.5 6.41916E+04
 28.0 6.35129E+04
 28.5 6.27842E+04
 29.0 6.20113E+04
 29.5 6.11994E+04
 30.0 6.03533E+04
 30.5 5.94777E+04
 31.0 5.85765E+04
 31.5 5.76535E+04
 32.0 5.67122E+04
 32.5 5.57556E+04
 33.0 5.47864E+04
 33.5 5.38073E+04
 34.0 5.28204E+04
 34.5 5.18277E+04
 35.0 5.08310E+04
 35.5 4.98318E+04
 36.0 4.88316E+04
 36.5 4.78316E+04
 37.0 4.68328E+04
 37.5 4.58361E+04
 38.0 4.48424E+04
 38.5 4.38523E+04
 39.0 4.28665E+04
 39.5 4.18854E+04
 40.0 4.09094E+04
 40.5 3.99390E+04
 41.0 3.89743E+04
 41.5 3.80157E+04
 42.0 3.70632E+04
 42.5 3.61172E+04
 43.0 3.51776E+04
 43.5 3.42445E+04
 44.0 3.33180E+04
 44.5 3.23982E+04
 45.0 3.14849E+04
 45.5 3.05783E+04
 46.0 2.96783E+04
 46.5 2.87848E+04
 47.0 2.78978E+04
 47.5 2.70173E+04
 48.0 2.61432E+04
 48.5 2.52754E+04
 49.0 2.44140E+04
 49.5 2.35587E+04
 50.0 2.27097E+04
 50.5 2.18667E+04
 51.0 2.10299E+04
 51.5 2.01990E+04
 52.0 1.93741E+04
 52.5 1.85552E+04
 53.0 1.77421E+04
 53.5 1.69349E+04
 54.0 1.61335E+04
 54.5 1.53379E+04
 55.0 1.45481E+04
 55.5 1.37641E+04
 56.0 1.29859E+04
 56.5 1.22134E+04
 57.0 1.14468E+04
 57.5 1.06859E+04
 58.0 9.93091E+03
 58.5 9.18176E+03
 59.0 8.43850E+03
 59.5 7.70118E+03
 60.0 6.96984E+03
 60.5 6.24454E+03
 61.0 5.52533E+03
 61.5 4.81229E+03
 62.0 4.10548E+03
 62.5 3.40499E+03
 63.0 2.71089E+03
 63.5 2.02327E+03
 64.0 1.34223E+03
 64.5 6.67869E+02
 65.0 5.54898E+01
