065K15D0W2
  0.5 0.00000E+00
  1.0 0.00000E+00
  1.5 0.00000E+00
  2.0 0.00000E+00
  2.5 0.00000E+00
  3.0 0.00000E+00
  3.5 4.28602E+04
  4.0 5.49115E+04
  4.5 6.75406E+04
  5.0 8.07798E+04
  5.5 9.46888E+04
  6.0 1.09356E+05
  6.5 1.24855E+05
  7.0 1.41143E+05
  7.5 1.57950E+05
  8.0 1.74771E+05
  8.5 2.55396E+06
  9.0 2.05866E+05
  9.5 1.54637E+06
 10.0 1.29163E+06
 10.5 9.23694E+04
 11.0 9.85011E+04
 11.5 2.96849E+05
 12.0 7.39359E+04
 12.5 6.81216E+04
 13.0 7.16870E+04
 13.5 7.51493E+04
 14.0 7.84644E+04
 14.5 8.15887E+04
 15.0 8.44831E+04
 15.5 8.71142E+04
 16.0 8.94565E+04
 16.5 9.14923E+04
 17.0 9.32122E+04
 17.5 9.46145E+04
 18.0 9.57037E+04
 18.5 9.64899E+04
 19.0 9.69875E+04
 19.5 9.72141E+04
 20.0 9.71891E+04
 20.5 9.69335E+04
 21.0 9.64690E+04
 21.5 9.58167E+04
 22.0 9.49977E+04
 22.5 9.40319E+04
 23.0 9.29381E+04
 23.5 9.17342E+04
 24.0 9.04365E+04
 24.5 8.90598E+04
 25.0 8.76179E+04
 25.5 8.61229E+04
 26.0 8.45858E+04
 26.5 8.30164E+04
 27.0 8.14233E+04
 27.5 7.98142E+04
 28.0 7.81956E+04
 28.5 7.65733E+04
 29.0 7.49524E+04
 29.5 7.33371E+04
 30.0 7.17311E+04
 30.5 7.01374E+04
 31.0 6.85585E+04
 31.5 6.69966E+04
 32.0 6.54534E+04
 32.5 6.39303E+04
 33.0 6.24283E+04
 33.5 6.09483E+04
 34.0 5.94908E+04
 34.5 5.80561E+04
 35.0 5.66446E+04
 35.5 5.52562E+04
 36.0 5.38909E+04
 36.5 5.25485E+04
 37.0 5.12287E+04
 37.5 4.99312E+04
 38.0 4.86556E+04
 38.5 4.74014E+04
 39.0 4.61683E+04
 39.5 4.49556E+04
 40.0 4.37628E+04
 40.5 4.25894E+04
 41.0 4.14348E+04
 41.5 4.02985E+04
 42.0 3.91798E+04
 42.5 3.80783E+04
 43.0 3.69933E+04
 43.5 3.59244E+04
 44.0 3.48709E+04
 44.5 3.38324E+04
 45.0 3.28084E+04
 45.5 3.17983E+04
 46.0 3.08017E+04
 46.5 2.98182E+04
 47.0 2.88472E+04
 47.5 2.78884E+04
 48.0 2.69414E+04
 48.5 2.60057E+04
 49.0 2.50811E+04
 49.5 2.41671E+04
 50.0 2.32634E+04
 50.5 2.23698E+04
 51.0 2.14859E+04
 51.5 2.06115E+04
 52.0 1.97463E+04
 52.5 1.88900E+04
 53.0 1.80425E+04
 53.5 1.72036E+04
 54.0 1.63729E+04
 54.5 1.55505E+04
 55.0 1.47360E+04
 55.5 1.39294E+04
 56.0 1.31306E+04
 56.5 1.23393E+04
 57.0 1.15556E+04
 57.5 1.07793E+04
 58.0 1.00104E+04
 58.5 9.24873E+03
 59.0 8.49431E+03
 59.5 7.74707E+03
 60.0 7.00699E+03
 60.5 6.27404E+03
 61.0 5.54823E+03
 61.5 4.82954E+03
 62.0 4.11800E+03
 62.5 3.41361E+03
 63.0 2.71640E+03
 63.5 2.02642E+03
 64.0 1.34371E+03
 64.5 6.68319E+02
 65.0 5.55132E+01
