065K19D0W2
  0.5 0.00000E+00
  1.0 0.00000E+00
  1.5 0.00000E+00
  2.0 0.00000E+00
  2.5 0.00000E+00
  3.0 0.00000E+00
  3.5 5.72526E+04
  4.0 7.27555E+04
  4.5 8.91624E+04
  5.0 1.06576E+05
  5.5 1.25155E+05
  6.0 1.45044E+05
  6.5 1.66167E+05
  7.0 1.88043E+05
  7.5 2.09801E+05
  8.0 2.30394E+05
  8.5 3.19956E+06
  9.0 2.64491E+05
  9.5 1.83123E+06
 10.0 1.52901E+06
 10.5 1.21840E+05
 11.0 1.29333E+05
 11.5 3.85668E+05
 12.0 9.72555E+04
 12.5 8.95517E+04
 13.0 9.39087E+04
 13.5 9.79763E+04
 14.0 1.01693E+05
 14.5 1.05011E+05
 15.0 1.07895E+05
 15.5 1.10326E+05
 16.0 1.12296E+05
 16.5 1.13813E+05
 17.0 1.14891E+05
 17.5 1.15553E+05
 18.0 1.15828E+05
 18.5 1.15746E+05
 19.0 1.15342E+05
 19.5 1.14649E+05
 20.0 1.13701E+05
 20.5 1.12531E+05
 21.0 1.11168E+05
 21.5 1.09642E+05
 22.0 1.07979E+05
 22.5 1.06202E+05
 23.0 1.04333E+05
 23.5 1.02392E+05
 24.0 1.00395E+05
 24.5 9.83570E+04
 25.0 9.62919E+04
 25.5 9.42106E+04
 26.0 9.21232E+04
 26.5 9.00379E+04
 27.0 8.79619E+04
 27.5 8.59012E+04
 28.0 8.38609E+04
 28.5 8.18450E+04
 29.0 7.98569E+04
 29.5 7.78993E+04
 30.0 7.59743E+04
 30.5 7.40835E+04
 31.0 7.22279E+04
 31.5 7.04084E+04
 32.0 6.86254E+04
 32.5 6.68791E+04
 33.0 6.51693E+04
 33.5 6.34959E+04
 34.0 6.18584E+04
 34.5 6.02562E+04
 35.0 5.86887E+04
 35.5 5.71551E+04
 36.0 5.56546E+04
 36.5 5.41863E+04
 37.0 5.27493E+04
 37.5 5.13427E+04
 38.0 4.99654E+04
 38.5 4.86166E+04
 39.0 4.72953E+04
 39.5 4.60004E+04
 40.0 4.47311E+04
 40.5 4.34864E+04
 41.0 4.22654E+04
 41.5 4.10672E+04
 42.0 3.98909E+04
 42.5 3.87357E+04
 43.0 3.76007E+04
 43.5 3.64851E+04
 44.0 3.53883E+04
 44.5 3.43094E+04
 45.0 3.32477E+04
 45.5 3.22026E+04
 46.0 3.11734E+04
 46.5 3.01595E+04
 47.0 2.91603E+04
 47.5 2.81753E+04
 48.0 2.72039E+04
 48.5 2.62456E+04
 49.0 2.52999E+04
 49.5 2.43664E+04
 50.0 2.34446E+04
 50.5 2.25343E+04
 51.0 2.16349E+04
 51.5 2.07461E+04
 52.0 1.98676E+04
 52.5 1.89991E+04
 53.0 1.81403E+04
 53.5 1.72909E+04
 54.0 1.64507E+04
 54.5 1.56194E+04
 55.0 1.47969E+04
 55.5 1.39830E+04
 56.0 1.31774E+04
 56.5 1.23801E+04
 57.0 1.15908E+04
 57.5 1.08095E+04
 58.0 1.00361E+04
 58.5 9.27034E+03
 59.0 8.51230E+03
 59.5 7.76186E+03
 60.0 7.01895E+03
 60.5 6.28354E+03
 61.0 5.55560E+03
 61.5 4.83509E+03
 62.0 4.12202E+03
 62.5 3.41638E+03
 63.0 2.71818E+03
 63.5 2.02744E+03
 64.0 1.34419E+03
 64.5 6.68464E+02
 65.0 5.55207E+01
