065K10D0W2
  0.5 0.00000E+00
  1.0 0.00000E+00
  1.5 0.00000E+00
  2.0 0.00000E+00
  2.5 0.00000E+00
  3.0 0.00000E+00
  3.5 2.58664E+04
  4.0 3.38861E+04
  4.5 4.21947E+04
  5.0 5.07839E+04
  5.5 5.96567E+04
  6.0 6.88251E+04
  6.5 7.83107E+04
  7.0 8.81416E+04
  7.5 9.83344E+04
  8.0 1.08858E+05
  8.5 1.52403E+06
  9.0 1.30353E+05
  9.5 1.05801E+06
 10.0 8.84560E+05
 10.5 5.80922E+04
 11.0 6.19982E+04
 11.5 1.70334E+05
 12.0 4.66789E+04
 12.5 4.30623E+04
 13.0 4.53560E+04
 13.5 4.76403E+04
 14.0 4.99058E+04
 14.5 5.21402E+04
 15.0 5.43288E+04
 15.5 5.64548E+04
 16.0 5.85005E+04
 16.5 6.04481E+04
 17.0 6.22804E+04
 17.5 6.39823E+04
 18.0 6.55406E+04
 18.5 6.69452E+04
 19.0 6.81886E+04
 19.5 6.92664E+04
 20.0 7.01770E+04
 20.5 7.09212E+04
 21.0 7.15022E+04
 21.5 7.19250E+04
 22.0 7.21961E+04
 22.5 7.23233E+04
 23.0 7.23149E+04
 23.5 7.21800E+04
 24.0 7.19282E+04
 24.5 7.15688E+04
 25.0 7.11113E+04
 25.5 7.05646E+04
 26.0 6.99379E+04
 26.5 6.92393E+04
 27.0 6.84770E+04
 27.5 6.76584E+04
 28.0 6.67903E+04
 28.5 6.58794E+04
 29.0 6.49314E+04
 29.5 6.39518E+04
 30.0 6.29455E+04
 30.5 6.19170E+04
 31.0 6.08703E+04
 31.5 5.98091E+04
 32.0 5.87364E+04
 32.5 5.76553E+04
 33.0 5.65684E+04
 33.5 5.54777E+04
 34.0 5.43854E+04
 34.5 5.32932E+04
 35.0 5.22026E+04
 35.5 5.11149E+04
 36.0 5.00313E+04
 36.5 4.89527E+04
 37.0 4.78799E+04
 37.5 4.68136E+04
 38.0 4.57545E+04
 38.5 4.47028E+04
 39.0 4.36592E+04
 39.5 4.26237E+04
 40.0 4.15967E+04
 40.5 4.05784E+04
 41.0 3.95688E+04
 41.5 3.85680E+04
 42.0 3.75761E+04
 42.5 3.65929E+04
 43.0 3.56186E+04
 43.5 3.46530E+04
 44.0 3.36961E+04
 44.5 3.27477E+04
 45.0 3.18078E+04
 45.5 3.08763E+04
 46.0 2.99529E+04
 46.5 2.90376E+04
 47.0 2.81303E+04
 47.5 2.72308E+04
 48.0 2.63390E+04
 48.5 2.54547E+04
 49.0 2.45778E+04
 49.5 2.37083E+04
 50.0 2.28459E+04
 50.5 2.19906E+04
 51.0 2.11422E+04
 51.5 2.03007E+04
 52.0 1.94659E+04
 52.5 1.86378E+04
 53.0 1.78163E+04
 53.5 1.70012E+04
 54.0 1.61926E+04
 54.5 1.53904E+04
 55.0 1.45946E+04
 55.5 1.38050E+04
 56.0 1.30217E+04
 56.5 1.22446E+04
 57.0 1.14737E+04
 57.5 1.07091E+04
 58.0 9.95062E+03
 58.5 9.19837E+03
 59.0 8.45234E+03
 59.5 7.71256E+03
 60.0 6.97906E+03
 60.5 6.25186E+03
 61.0 5.53102E+03
 61.5 4.81658E+03
 62.0 4.10859E+03
 62.5 3.40713E+03
 63.0 2.71226E+03
 63.5 2.02405E+03
 64.0 1.34260E+03
 64.5 6.67981E+02
 65.0 5.54956E+01
