065K16D0W2
  0.5 0.00000E+00
  1.0 0.00000E+00
  1.5 0.00000E+00
  2.0 0.00000E+00
  2.5 0.00000E+00
  3.0 0.00000E+00
  3.5 4.63851E+04
  4.0 5.92768E+04
  4.5 7.28191E+04
  5.0 8.70576E+04
  5.5 1.02072E+05
  6.0 1.17971E+05
  6.5 1.34820E+05
  7.0 1.52504E+05
  7.5 1.70626E+05
  8.0 1.88542E+05
  8.5 2.72880E+06
  9.0 2.20804E+05
  9.5 1.62471E+06
 10.0 1.35692E+06
 10.5 9.95920E+04
 11.0 1.06116E+05
 11.5 3.20123E+05
 12.0 7.96578E+04
 12.5 7.33789E+04
 13.0 7.71710E+04
 13.5 8.08218E+04
 14.0 8.42805E+04
 14.5 8.75001E+04
 15.0 9.04400E+04
 15.5 9.30681E+04
 16.0 9.53617E+04
 16.5 9.73079E+04
 17.0 9.89023E+04
 17.5 1.00149E+05
 18.0 1.01058E+05
 18.5 1.01646E+05
 19.0 1.01931E+05
 19.5 1.01936E+05
 20.0 1.01684E+05
 20.5 1.01200E+05
 21.0 1.00508E+05
 21.5 9.96318E+04
 22.0 9.85939E+04
 22.5 9.74159E+04
 23.0 9.61176E+04
 23.5 9.47175E+04
 24.0 9.32325E+04
 24.5 9.16777E+04
 25.0 9.00667E+04
 25.5 8.84119E+04
 26.0 8.67240E+04
 26.5 8.50126E+04
 27.0 8.32860E+04
 27.5 8.15516E+04
 28.0 7.98156E+04
 28.5 7.80833E+04
 29.0 7.63595E+04
 29.5 7.46480E+04
 30.0 7.29521E+04
 30.5 7.12743E+04
 31.0 6.96171E+04
 31.5 6.79821E+04
 32.0 6.63706E+04
 32.5 6.47839E+04
 33.0 6.32226E+04
 33.5 6.16872E+04
 34.0 6.01781E+04
 34.5 5.86954E+04
 35.0 5.72390E+04
 35.5 5.58088E+04
 36.0 5.44046E+04
 36.5 5.30258E+04
 37.0 5.16721E+04
 37.5 5.03431E+04
 38.0 4.90381E+04
 38.5 4.77565E+04
 39.0 4.64978E+04
 39.5 4.52612E+04
 40.0 4.40462E+04
 40.5 4.28520E+04
 41.0 4.16781E+04
 41.5 4.05238E+04
 42.0 3.93883E+04
 42.5 3.82711E+04
 43.0 3.71715E+04
 43.5 3.60890E+04
 44.0 3.50228E+04
 44.5 3.39725E+04
 45.0 3.29374E+04
 45.5 3.19171E+04
 46.0 3.09110E+04
 46.5 2.99185E+04
 47.0 2.89393E+04
 47.5 2.79728E+04
 48.0 2.70186E+04
 48.5 2.60763E+04
 49.0 2.51455E+04
 49.5 2.42258E+04
 50.0 2.33168E+04
 50.5 2.24183E+04
 51.0 2.15298E+04
 51.5 2.06512E+04
 52.0 1.97820E+04
 52.5 1.89222E+04
 53.0 1.80713E+04
 53.5 1.72293E+04
 54.0 1.63958E+04
 54.5 1.55708E+04
 55.0 1.47540E+04
 55.5 1.39452E+04
 56.0 1.31444E+04
 56.5 1.23514E+04
 57.0 1.15660E+04
 57.5 1.07882E+04
 58.0 1.00180E+04
 58.5 9.25511E+03
 59.0 8.49962E+03
 59.5 7.75143E+03
 60.0 7.01052E+03
 60.5 6.27685E+03
 61.0 5.55041E+03
 61.5 4.83118E+03
 62.0 4.11918E+03
 62.5 3.41443E+03
 63.0 2.71693E+03
 63.5 2.02672E+03
 64.0 1.34385E+03
 64.5 6.68362E+02
 65.0 5.55154E+01
