065K20D0W2
  0.5 0.00000E+00
  1.0 0.00000E+00
  1.5 0.00000E+00
  2.0 0.00000E+00
  2.5 0.00000E+00
  3.0 0.00000E+00
  3.5 6.09823E+04
  4.0 7.73898E+04
  4.5 9.47989E+04
  5.0 1.13339E+05
  5.5 1.33198E+05
  6.0 1.54511E+05
  6.5 1.77108E+05
  7.0 2.00340E+05
  7.5 2.23163E+05
  8.0 2.44421E+05
  8.5 3.34055E+06
  9.0 2.78598E+05
  9.5 1.89201E+06
 10.0 1.57966E+06
 10.5 1.29413E+05
 11.0 1.37149E+05
 11.5 4.06162E+05
 12.0 1.03240E+05
 12.5 9.50541E+04
 13.0 9.95535E+04
 13.5 1.03706E+05
 14.0 1.07450E+05
 14.5 1.10740E+05
 15.0 1.13546E+05
 15.5 1.15855E+05
 16.0 1.17669E+05
 16.5 1.18999E+05
 17.0 1.19869E+05
 17.5 1.20308E+05
 18.0 1.20349E+05
 18.5 1.20029E+05
 19.0 1.19386E+05
 19.5 1.18457E+05
 20.0 1.17278E+05
 20.5 1.15883E+05
 21.0 1.14305E+05
 21.5 1.12572E+05
 22.0 1.10712E+05
 22.5 1.08750E+05
 23.0 1.06705E+05
 23.5 1.04599E+05
 24.0 1.02447E+05
 24.5 1.00264E+05
 25.0 9.80633E+04
 25.5 9.58557E+04
 26.0 9.36505E+04
 26.5 9.14556E+04
 27.0 8.92776E+04
 27.5 8.71222E+04
 28.0 8.49939E+04
 28.5 8.28963E+04
 29.0 8.08324E+04
 29.5 7.88045E+04
 30.0 7.68142E+04
 30.5 7.48628E+04
 31.0 7.29511E+04
 31.5 7.10795E+04
 32.0 6.92481E+04
 32.5 6.74569E+04
 33.0 6.57056E+04
 33.5 6.39935E+04
 34.0 6.23201E+04
 34.5 6.06846E+04
 35.0 5.90862E+04
 35.5 5.75239E+04
 36.0 5.59967E+04
 36.5 5.45036E+04
 37.0 5.30436E+04
 37.5 5.16156E+04
 38.0 5.02184E+04
 38.5 4.88511E+04
 39.0 4.75126E+04
 39.5 4.62017E+04
 40.0 4.49175E+04
 40.5 4.36590E+04
 41.0 4.24251E+04
 41.5 4.12148E+04
 42.0 4.00274E+04
 42.5 3.88618E+04
 43.0 3.77171E+04
 43.5 3.65926E+04
 44.0 3.54873E+04
 44.5 3.44006E+04
 45.0 3.33317E+04
 45.5 3.22799E+04
 46.0 3.12444E+04
 46.5 3.02247E+04
 47.0 2.92201E+04
 47.5 2.82300E+04
 48.0 2.72539E+04
 48.5 2.62913E+04
 49.0 2.53416E+04
 49.5 2.44044E+04
 50.0 2.34792E+04
 50.5 2.25656E+04
 51.0 2.16632E+04
 51.5 2.07717E+04
 52.0 1.98906E+04
 52.5 1.90198E+04
 53.0 1.81588E+04
 53.5 1.73075E+04
 54.0 1.64654E+04
 54.5 1.56325E+04
 55.0 1.48085E+04
 55.5 1.39931E+04
 56.0 1.31863E+04
 56.5 1.23878E+04
 57.0 1.15975E+04
 57.5 1.08152E+04
 58.0 1.00409E+04
 58.5 9.27444E+03
 59.0 8.51571E+03
 59.5 7.76466E+03
 60.0 7.02122E+03
 60.5 6.28534E+03
 61.0 5.55699E+03
 61.5 4.83614E+03
 62.0 4.12278E+03
 62.5 3.41690E+03
 63.0 2.71851E+03
 63.5 2.02763E+03
 64.0 1.34428E+03
 64.5 6.68491E+02
 65.0 5.55221E+01
