065K21D0W2
  0.5 0.00000E+00
  1.0 0.00000E+00
  1.5 0.00000E+00
  2.0 0.00000E+00
  2.5 0.00000E+00
  3.0 0.00000E+00
  3.5 6.47711E+04
  4.0 8.21024E+04
  4.5 1.00541E+05
  5.0 1.20245E+05
  5.5 1.41432E+05
  6.0 1.64213E+05
  6.5 1.88295E+05
  7.0 2.12841E+05
  7.5 2.36639E+05
  8.0 2.58441E+05
  8.5 3.47452E+06
  9.0 2.92452E+05
  9.5 1.94937E+06
 10.0 1.62746E+06
 10.5 1.37048E+05
 11.0 1.44982E+05
 11.5 4.26026E+05
 12.0 1.09270E+05
 12.5 1.00601E+05
 13.0 1.05217E+05
 13.5 1.09427E+05
 14.0 1.13169E+05
 14.5 1.16402E+05
 15.0 1.19104E+05
 15.5 1.21268E+05
 16.0 1.22903E+05
 16.5 1.24031E+05
 17.0 1.24679E+05
 17.5 1.24884E+05
 18.0 1.24686E+05
 18.5 1.24124E+05
 19.0 1.23241E+05
 19.5 1.22076E+05
 20.0 1.20667E+05
 20.5 1.19052E+05
 21.0 1.17263E+05
 21.5 1.15329E+05
 22.0 1.13279E+05
 22.5 1.11137E+05
 23.0 1.08924E+05
 23.5 1.06660E+05
 24.0 1.04360E+05
 24.5 1.02040E+05
 25.0 9.97108E+04
 25.5 9.73836E+04
 26.0 9.50673E+04
 26.5 9.27693E+04
 27.0 9.04956E+04
 27.5 8.82514E+04
 28.0 8.60407E+04
 28.5 8.38668E+04
 29.0 8.17322E+04
 29.5 7.96387E+04
 30.0 7.75877E+04
 30.5 7.55801E+04
 31.0 7.36162E+04
 31.5 7.16963E+04
 32.0 6.98202E+04
 32.5 6.79875E+04
 33.0 6.61977E+04
 33.5 6.44499E+04
 34.0 6.27435E+04
 34.5 6.10773E+04
 35.0 5.94504E+04
 35.5 5.78616E+04
 36.0 5.63099E+04
 36.5 5.47940E+04
 37.0 5.33128E+04
 37.5 5.18651E+04
 38.0 5.04497E+04
 38.5 4.90654E+04
 39.0 4.77111E+04
 39.5 4.63855E+04
 40.0 4.50877E+04
 40.5 4.38164E+04
 41.0 4.25707E+04
 41.5 4.13495E+04
 42.0 4.01519E+04
 42.5 3.89768E+04
 43.0 3.78233E+04
 43.5 3.66905E+04
 44.0 3.55776E+04
 44.5 3.44838E+04
 45.0 3.34083E+04
 45.5 3.23503E+04
 46.0 3.13091E+04
 46.5 3.02841E+04
 47.0 2.92745E+04
 47.5 2.82799E+04
 48.0 2.72995E+04
 48.5 2.63329E+04
 49.0 2.53795E+04
 49.5 2.44389E+04
 50.0 2.35106E+04
 50.5 2.25941E+04
 51.0 2.16890E+04
 51.5 2.07950E+04
 52.0 1.99116E+04
 52.5 1.90387E+04
 53.0 1.81757E+04
 53.5 1.73226E+04
 54.0 1.64789E+04
 54.5 1.56444E+04
 55.0 1.48190E+04
 55.5 1.40024E+04
 56.0 1.31944E+04
 56.5 1.23948E+04
 57.0 1.16036E+04
 57.5 1.08204E+04
 58.0 1.00453E+04
 58.5 9.27817E+03
 59.0 8.51882E+03
 59.5 7.76721E+03
 60.0 7.02328E+03
 60.5 6.28698E+03
 61.0 5.55826E+03
 61.5 4.83710E+03
 62.0 4.12347E+03
 62.5 3.41738E+03
 63.0 2.71882E+03
 63.5 2.02780E+03
 64.0 1.34436E+03
 64.5 6.68516E+02
 65.0 5.55234E+01
