066K08D0W2
  0.5 0.00000E+00
  1.0 0.00000E+00
  1.5 0.00000E+00
  2.0 0.00000E+00
  2.5 0.00000E+00
  3.0 0.00000E+00
  3.5 1.90344E+04
  4.0 2.54198E+04
  4.5 3.20130E+04
  5.0 3.87936E+04
  5.5 4.57547E+04
  6.0 5.28956E+04
  6.5 6.02201E+04
  7.0 6.77370E+04
  7.5 7.54587E+04
  8.0 8.33943E+04
  8.5 1.02259E+06
  9.0 9.98250E+04
  9.5 7.98228E+05
 10.0 6.68105E+05
 10.5 4.48316E+04
 11.0 4.78370E+04
 11.5 1.14685E+05
 12.0 3.61100E+04
 12.5 3.33399E+04
 13.0 3.51251E+04
 13.5 3.69047E+04
 14.0 3.86765E+04
 14.5 4.04370E+04
 15.0 4.21818E+04
 15.5 4.39047E+04
 16.0 4.55983E+04
 16.5 4.72539E+04
 17.0 4.88618E+04
 17.5 5.04116E+04
 18.0 5.18930E+04
 18.5 5.32958E+04
 19.0 5.46108E+04
 19.5 5.58296E+04
 20.0 5.69453E+04
 20.5 5.79527E+04
 21.0 5.88477E+04
 21.5 5.96283E+04
 22.0 6.02936E+04
 22.5 6.08442E+04
 23.0 6.12819E+04
 23.5 6.16097E+04
 24.0 6.18312E+04
 24.5 6.19508E+04
 25.0 6.19737E+04
 25.5 6.19050E+04
 26.0 6.17504E+04
 26.5 6.15156E+04
 27.0 6.12064E+04
 27.5 6.08285E+04
 28.0 6.03875E+04
 28.5 5.98887E+04
 29.0 5.93374E+04
 29.5 5.87385E+04
 30.0 5.80966E+04
 30.5 5.74163E+04
 31.0 5.67016E+04
 31.5 5.59563E+04
 32.0 5.51840E+04
 32.5 5.43880E+04
 33.0 5.35713E+04
 33.5 5.27366E+04
 34.0 5.18865E+04
 34.5 5.10233E+04
 35.0 5.01490E+04
 35.5 4.92656E+04
 36.0 4.83747E+04
 36.5 4.74779E+04
 37.0 4.65765E+04
 37.5 4.56718E+04
 38.0 4.47649E+04
 38.5 4.38567E+04
 39.0 4.29481E+04
 39.5 4.20399E+04
 40.0 4.11327E+04
 40.5 4.02272E+04
 41.0 3.93238E+04
 41.5 3.84230E+04
 42.0 3.75252E+04
 42.5 3.66308E+04
 43.0 3.57399E+04
 43.5 3.48529E+04
 44.0 3.39700E+04
 44.5 3.30913E+04
 45.0 3.22170E+04
 45.5 3.13472E+04
 46.0 3.04820E+04
 46.5 2.96216E+04
 47.0 2.87659E+04
 47.5 2.79150E+04
 48.0 2.70689E+04
 48.5 2.62278E+04
 49.0 2.53915E+04
 49.5 2.45602E+04
 50.0 2.37338E+04
 50.5 2.29124E+04
 51.0 2.20959E+04
 51.5 2.12844E+04
 52.0 2.04778E+04
 52.5 1.96761E+04
 53.0 1.88795E+04
 53.5 1.80878E+04
 54.0 1.73010E+04
 54.5 1.65193E+04
 55.0 1.57426E+04
 55.5 1.49709E+04
 56.0 1.42042E+04
 56.5 1.34426E+04
 57.0 1.26861E+04
 57.5 1.19347E+04
 58.0 1.11885E+04
 58.5 1.04475E+04
 59.0 9.71173E+03
 59.5 8.98129E+03
 60.0 8.25621E+03
 60.5 7.53655E+03
 61.0 6.82238E+03
 61.5 6.11377E+03
 62.0 5.41080E+03
 62.5 4.71354E+03
 63.0 4.02207E+03
 63.5 3.33649E+03
 64.0 2.65689E+03
 64.5 1.98336E+03
 65.0 1.31601E+03
 65.5 6.54944E+02
 66.0 5.44221E+01
