066K18D0W2
  0.5 0.00000E+00
  1.0 0.00000E+00
  1.5 0.00000E+00
  2.0 0.00000E+00
  2.5 0.00000E+00
  3.0 0.00000E+00
  3.5 5.28018E+04
  4.0 6.72362E+04
  4.5 8.24686E+04
  5.0 9.85734E+04
  5.5 1.15673E+05
  6.0 1.33910E+05
  6.5 1.53305E+05
  7.0 1.73582E+05
  7.5 1.94100E+05
  8.0 2.13981E+05
  8.5 3.06181E+06
  9.0 2.48369E+05
  9.5 1.78177E+06
 10.0 1.48778E+06
 10.5 1.13195E+05
 11.0 1.20458E+05
 11.5 3.63798E+05
 12.0 9.05236E+04
 12.5 8.33922E+04
 13.0 8.76236E+04
 13.5 9.16404E+04
 14.0 9.53828E+04
 14.5 9.87987E+04
 15.0 1.01848E+05
 15.5 1.04500E+05
 16.0 1.06741E+05
 16.5 1.08565E+05
 17.0 1.09977E+05
 17.5 1.10990E+05
 18.0 1.11626E+05
 18.5 1.11907E+05
 19.0 1.11863E+05
 19.5 1.11521E+05
 20.0 1.10913E+05
 20.5 1.10068E+05
 21.0 1.09014E+05
 21.5 1.07779E+05
 22.0 1.06388E+05
 22.5 1.04865E+05
 23.0 1.03233E+05
 23.5 1.01510E+05
 24.0 9.97139E+04
 24.5 9.78609E+04
 25.0 9.59650E+04
 25.5 9.40384E+04
 26.0 9.20918E+04
 26.5 9.01346E+04
 27.0 8.81749E+04
 27.5 8.62196E+04
 28.0 8.42746E+04
 28.5 8.23448E+04
 29.0 8.04344E+04
 29.5 7.85467E+04
 30.0 7.66846E+04
 30.5 7.48503E+04
 31.0 7.30454E+04
 31.5 7.12714E+04
 32.0 6.95291E+04
 32.5 6.78192E+04
 33.0 6.61420E+04
 33.5 6.44976E+04
 34.0 6.28861E+04
 34.5 6.13070E+04
 35.0 5.97602E+04
 35.5 5.82450E+04
 36.0 5.67610E+04
 36.5 5.53074E+04
 37.0 5.38835E+04
 37.5 5.24886E+04
 38.0 5.11219E+04
 38.5 4.97825E+04
 39.0 4.84696E+04
 39.5 4.71824E+04
 40.0 4.59201E+04
 40.5 4.46817E+04
 41.0 4.34665E+04
 41.5 4.22736E+04
 42.0 4.11022E+04
 42.5 3.99516E+04
 43.0 3.88209E+04
 43.5 3.77094E+04
 44.0 3.66164E+04
 44.5 3.55413E+04
 45.0 3.44832E+04
 45.5 3.34416E+04
 46.0 3.24158E+04
 46.5 3.14053E+04
 47.0 3.04094E+04
 47.5 2.94277E+04
 48.0 2.84595E+04
 48.5 2.75044E+04
 49.0 2.65620E+04
 49.5 2.56317E+04
 50.0 2.47132E+04
 50.5 2.38060E+04
 51.0 2.29097E+04
 51.5 2.20241E+04
 52.0 2.11487E+04
 52.5 2.02833E+04
 53.0 1.94276E+04
 53.5 1.85812E+04
 54.0 1.77440E+04
 54.5 1.69156E+04
 55.0 1.60959E+04
 55.5 1.52847E+04
 56.0 1.44817E+04
 56.5 1.36869E+04
 57.0 1.29000E+04
 57.5 1.21210E+04
 58.0 1.13496E+04
 58.5 1.05858E+04
 59.0 9.82946E+03
 59.5 9.08054E+03
 60.0 8.33895E+03
 60.5 7.60462E+03
 61.0 6.87751E+03
 61.5 6.15758E+03
 62.0 5.44481E+03
 62.5 4.73917E+03
 63.0 4.04067E+03
 63.5 3.34931E+03
 64.0 2.66509E+03
 64.5 1.98805E+03
 65.0 1.31821E+03
 65.5 6.55614E+02
 66.0 5.44569E+01
