066K16D0W2
  0.5 0.00000E+00
  1.0 0.00000E+00
  1.5 0.00000E+00
  2.0 0.00000E+00
  2.5 0.00000E+00
  3.0 0.00000E+00
  3.5 4.57071E+04
  4.0 5.84415E+04
  4.5 7.18157E+04
  5.0 8.58717E+04
  5.5 1.00684E+05
  6.0 1.16358E+05
  6.5 1.32969E+05
  7.0 1.50435E+05
  7.5 1.68412E+05
  8.0 1.86298E+05
  8.5 2.73105E+06
  9.0 2.18926E+05
  9.5 1.63548E+06
 10.0 1.36587E+06
 10.5 9.85591E+04
 11.0 1.05100E+05
 11.5 3.18704E+05
 12.0 7.89290E+04
 12.5 7.27353E+04
 13.0 7.65465E+04
 13.5 8.02326E+04
 14.0 8.37438E+04
 14.5 8.70323E+04
 15.0 9.00564E+04
 15.5 9.27817E+04
 16.0 9.51831E+04
 16.5 9.72447E+04
 17.0 9.89596E+04
 17.5 1.00329E+05
 18.0 1.01361E+05
 18.5 1.02069E+05
 19.0 1.02470E+05
 19.5 1.02586E+05
 20.0 1.02439E+05
 20.5 1.02053E+05
 21.0 1.01451E+05
 21.5 1.00658E+05
 22.0 9.96946E+04
 22.5 9.85838E+04
 23.0 9.73455E+04
 23.5 9.59982E+04
 24.0 9.45593E+04
 24.5 9.30443E+04
 25.0 9.14674E+04
 25.5 8.98412E+04
 26.0 8.81770E+04
 26.5 8.64848E+04
 27.0 8.47734E+04
 27.5 8.30505E+04
 28.0 8.13227E+04
 28.5 7.95958E+04
 29.0 7.78748E+04
 29.5 7.61639E+04
 30.0 7.44666E+04
 30.5 7.27859E+04
 31.0 7.11241E+04
 31.5 6.94835E+04
 32.0 6.78654E+04
 32.5 6.62712E+04
 33.0 6.47017E+04
 33.5 6.31578E+04
 34.0 6.16397E+04
 34.5 6.01477E+04
 35.0 5.86820E+04
 35.5 5.72423E+04
 36.0 5.58287E+04
 36.5 5.44406E+04
 37.0 5.30778E+04
 37.5 5.17398E+04
 38.0 5.04262E+04
 38.5 4.91362E+04
 39.0 4.78695E+04
 39.5 4.66252E+04
 40.0 4.54029E+04
 40.5 4.42019E+04
 41.0 4.30215E+04
 41.5 4.18611E+04
 42.0 4.07200E+04
 42.5 3.95976E+04
 43.0 3.84932E+04
 43.5 3.74063E+04
 44.0 3.63362E+04
 44.5 3.52824E+04
 45.0 3.42442E+04
 45.5 3.32211E+04
 46.0 3.22126E+04
 46.5 3.12182E+04
 47.0 3.02373E+04
 47.5 2.92695E+04
 48.0 2.83143E+04
 48.5 2.73713E+04
 49.0 2.64401E+04
 49.5 2.55203E+04
 50.0 2.46115E+04
 50.5 2.37133E+04
 51.0 2.28254E+04
 51.5 2.19476E+04
 52.0 2.10794E+04
 52.5 2.02206E+04
 53.0 1.93710E+04
 53.5 1.85304E+04
 54.0 1.76984E+04
 54.5 1.68748E+04
 55.0 1.60596E+04
 55.5 1.52525E+04
 56.0 1.44533E+04
 56.5 1.36619E+04
 57.0 1.28781E+04
 57.5 1.21019E+04
 58.0 1.13331E+04
 58.5 1.05716E+04
 59.0 9.81743E+03
 59.5 9.07040E+03
 60.0 8.33050E+03
 60.5 7.59768E+03
 61.0 6.87189E+03
 61.5 6.15312E+03
 62.0 5.44134E+03
 62.5 4.73656E+03
 63.0 4.03878E+03
 63.5 3.34800E+03
 64.0 2.66426E+03
 64.5 1.98757E+03
 65.0 1.31799E+03
 65.5 6.55546E+02
 66.0 5.44533E+01
