066K17D0W2
  0.5 0.00000E+00
  1.0 0.00000E+00
  1.5 0.00000E+00
  2.0 0.00000E+00
  2.5 0.00000E+00
  3.0 0.00000E+00
  3.5 4.92301E+04
  4.0 6.28070E+04
  4.5 7.71000E+04
  5.0 9.21658E+04
  5.5 1.08102E+05
  6.0 1.25032E+05
  6.5 1.43016E+05
  7.0 1.61886E+05
  7.5 1.81158E+05
  8.0 2.00090E+05
  8.5 2.90081E+06
  9.0 2.33734E+05
  9.5 1.71095E+06
 10.0 1.42877E+06
 10.5 1.05827E+05
 11.0 1.12746E+05
 11.5 3.41597E+05
 12.0 8.46889E+04
 12.5 7.80291E+04
 13.0 8.20597E+04
 13.5 8.59232E+04
 14.0 8.95641E+04
 14.5 9.29318E+04
 15.0 9.59840E+04
 15.5 9.86886E+04
 16.0 1.01024E+05
 16.5 1.02980E+05
 17.0 1.04555E+05
 17.5 1.05757E+05
 18.0 1.06598E+05
 18.5 1.07099E+05
 19.0 1.07282E+05
 19.5 1.07172E+05
 20.0 1.06796E+05
 20.5 1.06180E+05
 21.0 1.05351E+05
 21.5 1.04335E+05
 22.0 1.03156E+05
 22.5 1.01836E+05
 23.0 1.00397E+05
 23.5 9.88583E+04
 24.0 9.72369E+04
 24.5 9.55487E+04
 25.0 9.38080E+04
 25.5 9.20273E+04
 26.0 9.02176E+04
 26.5 8.83887E+04
 27.0 8.65490E+04
 27.5 8.47059E+04
 28.0 8.28655E+04
 28.5 8.10334E+04
 29.0 7.92141E+04
 29.5 7.74113E+04
 30.0 7.56283E+04
 30.5 7.38676E+04
 31.0 7.21313E+04
 31.5 7.04211E+04
 32.0 6.87382E+04
 32.5 6.70836E+04
 33.0 6.54579E+04
 33.5 6.38614E+04
 34.0 6.22945E+04
 34.5 6.07569E+04
 35.0 5.92487E+04
 35.5 5.77695E+04
 36.0 5.63190E+04
 36.5 5.48966E+04
 37.0 5.35017E+04
 37.5 5.21339E+04
 38.0 5.07924E+04
 38.5 4.94765E+04
 39.0 4.81855E+04
 39.5 4.69187E+04
 40.0 4.56753E+04
 40.5 4.44547E+04
 41.0 4.32560E+04
 41.5 4.20785E+04
 42.0 4.09214E+04
 42.5 3.97842E+04
 43.0 3.86659E+04
 43.5 3.75661E+04
 44.0 3.64840E+04
 44.5 3.54189E+04
 45.0 3.43702E+04
 45.5 3.33374E+04
 46.0 3.23198E+04
 46.5 3.13169E+04
 47.0 3.03281E+04
 47.5 2.93530E+04
 48.0 2.83909E+04
 48.5 2.74416E+04
 49.0 2.65044E+04
 49.5 2.55791E+04
 50.0 2.46652E+04
 50.5 2.37622E+04
 51.0 2.28699E+04
 51.5 2.19880E+04
 52.0 2.11160E+04
 52.5 2.02537E+04
 53.0 1.94009E+04
 53.5 1.85572E+04
 54.0 1.77224E+04
 54.5 1.68964E+04
 55.0 1.60788E+04
 55.5 1.52695E+04
 56.0 1.44683E+04
 56.5 1.36751E+04
 57.0 1.28897E+04
 57.5 1.21120E+04
 58.0 1.13418E+04
 58.5 1.05791E+04
 59.0 9.82379E+03
 59.5 9.07576E+03
 60.0 8.33496E+03
 60.5 7.60134E+03
 61.0 6.87486E+03
 61.5 6.15548E+03
 62.0 5.44317E+03
 62.5 4.73794E+03
 63.0 4.03978E+03
 63.5 3.34869E+03
 64.0 2.66470E+03
 64.5 1.98783E+03
 65.0 1.31811E+03
 65.5 6.55582E+02
 66.0 5.44552E+01
