066K11D0W2
  0.5 0.00000E+00
  1.0 0.00000E+00
  1.5 0.00000E+00
  2.0 0.00000E+00
  2.5 0.00000E+00
  3.0 0.00000E+00
  3.5 2.87416E+04
  4.0 3.74464E+04
  4.5 4.64850E+04
  5.0 5.58539E+04
  5.5 6.55620E+04
  6.0 7.56290E+04
  6.5 8.60868E+04
  7.0 9.69722E+04
  7.5 1.08296E+05
  8.0 1.19994E+05
  8.5 1.73367E+06
  9.0 1.43712E+05
  9.5 1.16973E+06
 10.0 9.77663E+05
 10.5 6.40077E+04
 11.0 6.83468E+04
 11.5 1.94085E+05
 12.0 5.14537E+04
 12.5 4.74733E+04
 13.0 5.00215E+04
 13.5 5.25580E+04
 14.0 5.50692E+04
 14.5 5.75377E+04
 15.0 5.99437E+04
 15.5 6.22654E+04
 16.0 6.44811E+04
 16.5 6.65697E+04
 17.0 6.85120E+04
 17.5 7.02917E+04
 18.0 7.18959E+04
 18.5 7.33153E+04
 19.0 7.45443E+04
 19.5 7.55807E+04
 20.0 7.64255E+04
 20.5 7.70825E+04
 21.0 7.75577E+04
 21.5 7.78589E+04
 22.0 7.79957E+04
 22.5 7.79781E+04
 23.0 7.78171E+04
 23.5 7.75240E+04
 24.0 7.71101E+04
 24.5 7.65866E+04
 25.0 7.59643E+04
 25.5 7.52536E+04
 26.0 7.44645E+04
 26.5 7.36061E+04
 27.0 7.26873E+04
 27.5 7.17161E+04
 28.0 7.06999E+04
 28.5 6.96454E+04
 29.0 6.85588E+04
 29.5 6.74458E+04
 30.0 6.63113E+04
 30.5 6.51599E+04
 31.0 6.39955E+04
 31.5 6.28219E+04
 32.0 6.16421E+04
 32.5 6.04589E+04
 33.0 5.92748E+04
 33.5 5.80919E+04
 34.0 5.69121E+04
 34.5 5.57370E+04
 35.0 5.45679E+04
 35.5 5.34060E+04
 36.0 5.22522E+04
 36.5 5.11074E+04
 37.0 4.99722E+04
 37.5 4.88471E+04
 38.0 4.77326E+04
 38.5 4.66290E+04
 39.0 4.55365E+04
 39.5 4.44553E+04
 40.0 4.33854E+04
 40.5 4.23269E+04
 41.0 4.12798E+04
 41.5 4.02440E+04
 42.0 3.92194E+04
 42.5 3.82058E+04
 43.0 3.72032E+04
 43.5 3.62114E+04
 44.0 3.52302E+04
 44.5 3.42593E+04
 45.0 3.32986E+04
 45.5 3.23479E+04
 46.0 3.14070E+04
 46.5 3.04756E+04
 47.0 2.95536E+04
 47.5 2.86406E+04
 48.0 2.77366E+04
 48.5 2.68413E+04
 49.0 2.59544E+04
 49.5 2.50759E+04
 50.0 2.42055E+04
 50.5 2.33431E+04
 51.0 2.24884E+04
 51.5 2.16414E+04
 52.0 2.08018E+04
 52.5 1.99696E+04
 53.0 1.91445E+04
 53.5 1.83265E+04
 54.0 1.75154E+04
 54.5 1.67112E+04
 55.0 1.59138E+04
 55.5 1.51230E+04
 56.0 1.43388E+04
 56.5 1.35611E+04
 57.0 1.27899E+04
 57.5 1.20251E+04
 58.0 1.12667E+04
 58.5 1.05147E+04
 59.0 9.76897E+03
 59.5 9.02956E+03
 60.0 8.29646E+03
 60.5 7.56968E+03
 61.0 6.84922E+03
 61.5 6.13511E+03
 62.0 5.42736E+03
 62.5 4.72603E+03
 63.0 4.03114E+03
 63.5 3.34274E+03
 64.0 2.66089E+03
 64.5 1.98565E+03
 65.0 1.31708E+03
 65.5 6.55271E+02
 66.0 5.44390E+01
