066K15D0W2
  0.5 0.00000E+00
  1.0 0.00000E+00
  1.5 0.00000E+00
  2.0 0.00000E+00
  2.5 0.00000E+00
  3.0 0.00000E+00
  3.5 4.22303E+04
  4.0 5.41359E+04
  4.5 6.66104E+04
  5.0 7.96834E+04
  5.5 9.34103E+04
  6.0 1.07875E+05
  6.5 1.23157E+05
  7.0 1.39236E+05
  7.5 1.55883E+05
  8.0 1.72637E+05
  8.5 2.55194E+06
  9.0 2.03976E+05
  9.5 1.55487E+06
 10.0 1.29869E+06
 10.5 9.14008E+04
 11.0 9.75350E+04
 11.5 2.95108E+05
 12.0 7.32507E+04
 12.5 6.75166E+04
 13.0 7.10927E+04
 13.5 7.45795E+04
 14.0 7.79339E+04
 14.5 8.11128E+04
 15.0 8.40762E+04
 15.5 8.67894E+04
 16.0 8.92246E+04
 16.5 9.13623E+04
 17.0 9.31903E+04
 17.5 9.47045E+04
 18.0 9.59071E+04
 18.5 9.68063E+04
 19.0 9.74146E+04
 19.5 9.77480E+04
 20.0 9.78251E+04
 20.5 9.76660E+04
 21.0 9.72913E+04
 21.5 9.67223E+04
 22.0 9.59795E+04
 22.5 9.50831E+04
 23.0 9.40519E+04
 23.5 9.29038E+04
 24.0 9.16556E+04
 24.5 9.03224E+04
 25.0 8.89182E+04
 25.5 8.74557E+04
 26.0 8.59462E+04
 26.5 8.43999E+04
 27.0 8.28259E+04
 27.5 8.12320E+04
 28.0 7.96255E+04
 28.5 7.80122E+04
 29.0 7.63977E+04
 29.5 7.47864E+04
 30.0 7.31822E+04
 30.5 7.15886E+04
 31.0 7.00083E+04
 31.5 6.84437E+04
 32.0 6.68966E+04
 32.5 6.53687E+04
 33.0 6.38611E+04
 33.5 6.23749E+04
 34.0 6.09106E+04
 34.5 5.94689E+04
 35.0 5.80501E+04
 35.5 5.66542E+04
 36.0 5.52813E+04
 36.5 5.39314E+04
 37.0 5.26041E+04
 37.5 5.12993E+04
 38.0 5.00165E+04
 38.5 4.87555E+04
 39.0 4.75156E+04
 39.5 4.62966E+04
 40.0 4.50977E+04
 40.5 4.39186E+04
 41.0 4.27586E+04
 41.5 4.16172E+04
 42.0 4.04939E+04
 42.5 3.93881E+04
 43.0 3.82992E+04
 43.5 3.72268E+04
 44.0 3.61702E+04
 44.5 3.51289E+04
 45.0 3.41025E+04
 45.5 3.30903E+04
 46.0 3.20920E+04
 46.5 3.11071E+04
 47.0 3.01351E+04
 47.5 2.91755E+04
 48.0 2.82281E+04
 48.5 2.72922E+04
 49.0 2.63677E+04
 49.5 2.54541E+04
 50.0 2.45510E+04
 50.5 2.36582E+04
 51.0 2.27753E+04
 51.5 2.19020E+04
 52.0 2.10381E+04
 52.5 2.01833E+04
 53.0 1.93374E+04
 53.5 1.85001E+04
 54.0 1.76712E+04
 54.5 1.68506E+04
 55.0 1.60380E+04
 55.5 1.52333E+04
 56.0 1.44363E+04
 56.5 1.36469E+04
 57.0 1.28650E+04
 57.5 1.20905E+04
 58.0 1.13233E+04
 58.5 1.05632E+04
 59.0 9.81026E+03
 59.5 9.06436E+03
 60.0 8.32547E+03
 60.5 7.59353E+03
 61.0 6.86854E+03
 61.5 6.15045E+03
 62.0 5.43928E+03
 62.5 4.73500E+03
 63.0 4.03765E+03
 63.5 3.34722E+03
 64.0 2.66376E+03
 64.5 1.98729E+03
 65.0 1.31785E+03
 65.5 6.55506E+02
 66.0 5.44512E+01
