066K21D0W2
  0.5 0.00000E+00
  1.0 0.00000E+00
  1.5 0.00000E+00
  2.0 0.00000E+00
  2.5 0.00000E+00
  3.0 0.00000E+00
  3.5 6.38392E+04
  4.0 8.09480E+04
  4.5 9.91392E+04
  5.0 1.18561E+05
  5.5 1.39425E+05
  6.0 1.61865E+05
  6.5 1.85655E+05
  7.0 2.10045E+05
  7.5 2.33888E+05
  8.0 2.55950E+05
  8.5 3.49783E+06
  9.0 2.91002E+05
  9.5 1.97039E+06
 10.0 1.64497E+06
 10.5 1.35799E+05
 11.0 1.43861E+05
 11.5 4.26458E+05
 12.0 1.08405E+05
 12.5 9.98359E+04
 13.0 1.04537E+05
 13.5 1.08855E+05
 14.0 1.12728E+05
 14.5 1.16109E+05
 15.0 1.18972E+05
 15.5 1.21304E+05
 16.0 1.23110E+05
 16.5 1.24407E+05
 17.0 1.25220E+05
 17.5 1.25584E+05
 18.0 1.25534E+05
 18.5 1.25111E+05
 19.0 1.24355E+05
 19.5 1.23306E+05
 20.0 1.22001E+05
 20.5 1.20478E+05
 21.0 1.18769E+05
 21.5 1.16905E+05
 22.0 1.14915E+05
 22.5 1.12823E+05
 23.0 1.10652E+05
 23.5 1.08421E+05
 24.0 1.06148E+05
 24.5 1.03847E+05
 25.0 1.01532E+05
 25.5 9.92142E+04
 26.0 9.69022E+04
 26.5 9.46045E+04
 27.0 9.23276E+04
 27.5 9.00772E+04
 28.0 8.78578E+04
 28.5 8.56730E+04
 29.0 8.35256E+04
 29.5 8.14178E+04
 30.0 7.93513E+04
 30.5 7.73271E+04
 31.0 7.53461E+04
 31.5 7.34084E+04
 32.0 7.15141E+04
 32.5 6.96631E+04
 33.0 6.78549E+04
 33.5 6.60888E+04
 34.0 6.43641E+04
 34.5 6.26800E+04
 35.0 6.10355E+04
 35.5 5.94296E+04
 36.0 5.78611E+04
 36.5 5.63291E+04
 37.0 5.48322E+04
 37.5 5.33694E+04
 38.0 5.19395E+04
 38.5 5.05413E+04
 39.0 4.91738E+04
 39.5 4.78356E+04
 40.0 4.65258E+04
 40.5 4.52433E+04
 41.0 4.39870E+04
 41.5 4.27558E+04
 42.0 4.15487E+04
 42.5 4.03648E+04
 43.0 3.92032E+04
 43.5 3.80629E+04
 44.0 3.69431E+04
 44.5 3.58429E+04
 45.0 3.47615E+04
 45.5 3.36982E+04
 46.0 3.26522E+04
 46.5 3.16229E+04
 47.0 3.06095E+04
 47.5 2.96115E+04
 48.0 2.86281E+04
 48.5 2.76590E+04
 49.0 2.67034E+04
 49.5 2.57610E+04
 50.0 2.48311E+04
 50.5 2.39134E+04
 51.0 2.30075E+04
 51.5 2.21128E+04
 52.0 2.12291E+04
 52.5 2.03560E+04
 53.0 1.94931E+04
 53.5 1.86401E+04
 54.0 1.77968E+04
 54.5 1.69628E+04
 55.0 1.61379E+04
 55.5 1.53220E+04
 56.0 1.45147E+04
 56.5 1.37159E+04
 57.0 1.29254E+04
 57.5 1.21430E+04
 58.0 1.13686E+04
 58.5 1.06021E+04
 59.0 9.84336E+03
 59.5 9.09225E+03
 60.0 8.34870E+03
 60.5 7.61264E+03
 61.0 6.88400E+03
 61.5 6.16273E+03
 62.0 5.44881E+03
 62.5 4.74218E+03
 63.0 4.04285E+03
 63.5 3.35081E+03
 64.0 2.66605E+03
 64.5 1.98860E+03
 65.0 1.31847E+03
 65.5 6.55693E+02
 66.0 5.44609E+01
