066K22D0W2
  0.5 0.00000E+00
  1.0 0.00000E+00
  1.5 0.00000E+00
  2.0 0.00000E+00
  2.5 0.00000E+00
  3.0 0.00000E+00
  3.5 6.76368E+04
  4.0 8.56755E+04
  4.5 1.04906E+05
  5.0 1.25510E+05
  5.5 1.47725E+05
  6.0 1.71653E+05
  6.5 1.96933E+05
  7.0 2.22620E+05
  7.5 2.47399E+05
  8.0 2.69955E+05
  8.5 3.62930E+06
  9.0 3.04742E+05
  9.5 2.02647E+06
 10.0 1.69171E+06
 10.5 1.43468E+05
 11.0 1.51711E+05
 11.5 4.46117E+05
 12.0 1.14466E+05
 12.5 1.05414E+05
 13.0 1.10222E+05
 13.5 1.14586E+05
 14.0 1.18446E+05
 14.5 1.21759E+05
 15.0 1.24506E+05
 15.5 1.26683E+05
 16.0 1.28303E+05
 16.5 1.29390E+05
 17.0 1.29976E+05
 17.5 1.30102E+05
 18.0 1.29809E+05
 18.5 1.29143E+05
 19.0 1.28145E+05
 19.5 1.26860E+05
 20.0 1.25327E+05
 20.5 1.23585E+05
 21.0 1.21666E+05
 21.5 1.19604E+05
 22.0 1.17426E+05
 22.5 1.15158E+05
 23.0 1.12821E+05
 23.5 1.10434E+05
 24.0 1.08016E+05
 24.5 1.05580E+05
 25.0 1.03140E+05
 25.5 1.00705E+05
 26.0 9.82840E+04
 26.5 9.58854E+04
 27.0 9.35152E+04
 27.5 9.11782E+04
 28.0 8.88785E+04
 28.5 8.66193E+04
 29.0 8.44030E+04
 29.5 8.22315E+04
 30.0 8.01059E+04
 30.5 7.80271E+04
 31.0 7.59953E+04
 31.5 7.40107E+04
 32.0 7.20729E+04
 32.5 7.01816E+04
 33.0 6.83360E+04
 33.5 6.65353E+04
 34.0 6.47785E+04
 34.5 6.30646E+04
 35.0 6.13924E+04
 35.5 5.97608E+04
 36.0 5.81685E+04
 36.5 5.66143E+04
 37.0 5.50969E+04
 37.5 5.36150E+04
 38.0 5.21673E+04
 38.5 5.07526E+04
 39.0 4.93697E+04
 39.5 4.80173E+04
 40.0 4.66942E+04
 40.5 4.53994E+04
 41.0 4.41315E+04
 41.5 4.28896E+04
 42.0 4.16726E+04
 42.5 4.04795E+04
 43.0 3.93092E+04
 43.5 3.81609E+04
 44.0 3.70336E+04
 44.5 3.59264E+04
 45.0 3.48386E+04
 45.5 3.37692E+04
 46.0 3.27177E+04
 46.5 3.16831E+04
 47.0 3.06648E+04
 47.5 2.96623E+04
 48.0 2.86748E+04
 48.5 2.77017E+04
 49.0 2.67425E+04
 49.5 2.57967E+04
 50.0 2.48637E+04
 50.5 2.39431E+04
 51.0 2.30345E+04
 51.5 2.21373E+04
 52.0 2.12513E+04
 52.5 2.03760E+04
 53.0 1.95111E+04
 53.5 1.86563E+04
 54.0 1.78113E+04
 54.5 1.69758E+04
 55.0 1.61495E+04
 55.5 1.53323E+04
 56.0 1.45238E+04
 56.5 1.37239E+04
 57.0 1.29324E+04
 57.5 1.21491E+04
 58.0 1.13739E+04
 58.5 1.06066E+04
 59.0 9.84719E+03
 59.5 9.09547E+03
 60.0 8.35139E+03
 60.5 7.61485E+03
 61.0 6.88579E+03
 61.5 6.16415E+03
 62.0 5.44990E+03
 62.5 4.74301E+03
 63.0 4.04346E+03
 63.5 3.35122E+03
 64.0 2.66632E+03
 64.5 1.98875E+03
 65.0 1.31854E+03
 65.5 6.55715E+02
 66.0 5.44620E+01
