067K13D0W2
  0.5 0.00000E+00
  1.0 0.00000E+00
  1.5 0.00000E+00
  2.0 0.00000E+00
  2.5 0.00000E+00
  3.0 0.00000E+00
  3.5 3.48865E+04
  4.0 4.50513E+04
  4.5 5.56526E+04
  5.0 6.66993E+04
  5.5 7.82160E+04
  6.0 9.02461E+04
  6.5 1.02848E+05
  7.0 1.16066E+05
  7.5 1.29856E+05
  8.0 1.44027E+05
  8.5 2.15207E+06
  9.0 1.72004E+05
  9.5 1.37911E+06
 10.0 1.15217E+06
 10.5 7.66343E+04
 11.0 8.18709E+04
 11.5 2.43436E+05
 12.0 6.15825E+04
 12.5 5.68109E+04
 13.0 5.98803E+04
 13.5 6.29202E+04
 14.0 6.59042E+04
 14.5 6.88026E+04
 15.0 7.15842E+04
 15.5 7.42181E+04
 16.0 7.66760E+04
 16.5 7.89333E+04
 17.0 8.09701E+04
 17.5 8.27720E+04
 18.0 8.43300E+04
 18.5 8.56401E+04
 19.0 8.67035E+04
 19.5 8.75248E+04
 20.0 8.81126E+04
 20.5 8.84779E+04
 21.0 8.86335E+04
 21.5 8.85938E+04
 22.0 8.83739E+04
 22.5 8.79893E+04
 23.0 8.74555E+04
 23.5 8.67878E+04
 24.0 8.60006E+04
 24.5 8.51080E+04
 25.0 8.41231E+04
 25.5 8.30581E+04
 26.0 8.19244E+04
 26.5 8.07323E+04
 27.0 7.94915E+04
 27.5 7.82104E+04
 28.0 7.68968E+04
 28.5 7.55576E+04
 29.0 7.41992E+04
 29.5 7.28269E+04
 30.0 7.14455E+04
 30.5 7.00595E+04
 31.0 6.86724E+04
 31.5 6.72875E+04
 32.0 6.59076E+04
 32.5 6.45351E+04
 33.0 6.31720E+04
 33.5 6.18199E+04
 34.0 6.04804E+04
 34.5 5.91546E+04
 35.0 5.78434E+04
 35.5 5.65475E+04
 36.0 5.52676E+04
 36.5 5.40041E+04
 37.0 5.27572E+04
 37.5 5.15271E+04
 38.0 5.03139E+04
 38.5 4.91176E+04
 39.0 4.79381E+04
 39.5 4.67752E+04
 40.0 4.56288E+04
 40.5 4.44986E+04
 41.0 4.33843E+04
 41.5 4.22856E+04
 42.0 4.12022E+04
 42.5 4.01337E+04
 43.0 3.90798E+04
 43.5 3.80400E+04
 44.0 3.70142E+04
 44.5 3.60017E+04
 45.0 3.50024E+04
 45.5 3.40157E+04
 46.0 3.30414E+04
 46.5 3.20791E+04
 47.0 3.11284E+04
 47.5 3.01889E+04
 48.0 2.92604E+04
 48.5 2.83425E+04
 49.0 2.74350E+04
 49.5 2.65374E+04
 50.0 2.56495E+04
 50.5 2.47710E+04
 51.0 2.39018E+04
 51.5 2.30414E+04
 52.0 2.21898E+04
 52.5 2.13466E+04
 53.0 2.05116E+04
 53.5 1.96847E+04
 54.0 1.88657E+04
 54.5 1.80543E+04
 55.0 1.72506E+04
 55.5 1.64541E+04
 56.0 1.56650E+04
 56.5 1.48830E+04
 57.0 1.41080E+04
 57.5 1.33399E+04
 58.0 1.25786E+04
 58.5 1.18241E+04
 59.0 1.10763E+04
 59.5 1.03351E+04
 60.0 9.60048E+03
 60.5 8.87240E+03
 61.0 8.15081E+03
 61.5 7.43572E+03
 62.0 6.72710E+03
 62.5 6.02495E+03
 63.0 5.32928E+03
 63.5 4.64010E+03
 64.0 3.95743E+03
 64.5 3.28131E+03
 65.0 2.61176E+03
 65.5 1.94883E+03
 66.0 1.29257E+03
 66.5 6.43031E+02
 67.0 5.34202E+01
