067K17D0W2
  0.5 0.00000E+00
  1.0 0.00000E+00
  1.5 0.00000E+00
  2.0 0.00000E+00
  2.5 0.00000E+00
  3.0 0.00000E+00
  3.5 4.85258E+04
  4.0 6.19384E+04
  4.5 7.60549E+04
  5.0 9.09278E+04
  5.5 1.06648E+05
  6.0 1.23337E+05
  6.5 1.41069E+05
  7.0 1.59716E+05
  7.5 1.78850E+05
  8.0 1.97774E+05
  8.5 2.90560E+06
  9.0 2.31852E+05
  9.5 1.72310E+06
 10.0 1.43887E+06
 10.5 1.04747E+05
 11.0 1.11691E+05
 11.5 3.40360E+05
 12.0 8.39258E+04
 12.5 7.73544E+04
 13.0 8.14088E+04
 13.5 8.53142E+04
 14.0 8.90154E+04
 14.5 9.24608E+04
 15.0 9.56066E+04
 15.5 9.84179E+04
 16.0 1.00871E+05
 16.5 1.02951E+05
 17.0 1.04654E+05
 17.5 1.05985E+05
 18.0 1.06956E+05
 18.5 1.07582E+05
 19.0 1.07886E+05
 19.5 1.07890E+05
 20.0 1.07622E+05
 20.5 1.07106E+05
 21.0 1.06369E+05
 21.5 1.05436E+05
 22.0 1.04332E+05
 22.5 1.03079E+05
 23.0 1.01699E+05
 23.5 1.00212E+05
 24.0 9.86352E+04
 24.5 9.69854E+04
 25.0 9.52770E+04
 25.5 9.35230E+04
 26.0 9.17350E+04
 26.5 8.99233E+04
 27.0 8.80966E+04
 27.5 8.62628E+04
 28.0 8.44285E+04
 28.5 8.25996E+04
 29.0 8.07808E+04
 29.5 7.89764E+04
 30.0 7.71898E+04
 30.5 7.54238E+04
 31.0 7.36809E+04
 31.5 7.19629E+04
 32.0 7.02712E+04
 32.5 6.86070E+04
 33.0 6.69710E+04
 33.5 6.53639E+04
 34.0 6.37859E+04
 34.5 6.22372E+04
 35.0 6.07177E+04
 35.5 5.92271E+04
 36.0 5.77653E+04
 36.5 5.63317E+04
 37.0 5.49259E+04
 37.5 5.35474E+04
 38.0 5.21954E+04
 38.5 5.08695E+04
 39.0 4.95688E+04
 39.5 4.82927E+04
 40.0 4.70404E+04
 40.5 4.58113E+04
 41.0 4.46046E+04
 41.5 4.34195E+04
 42.0 4.22554E+04
 42.5 4.11115E+04
 43.0 3.99871E+04
 43.5 3.88815E+04
 44.0 3.77941E+04
 44.5 3.67242E+04
 45.0 3.56712E+04
 45.5 3.46344E+04
 46.0 3.36132E+04
 46.5 3.26072E+04
 47.0 3.16157E+04
 47.5 3.06381E+04
 48.0 2.96741E+04
 48.5 2.87231E+04
 49.0 2.77846E+04
 49.5 2.68582E+04
 50.0 2.59435E+04
 50.5 2.50401E+04
 51.0 2.41476E+04
 51.5 2.32656E+04
 52.0 2.23939E+04
 52.5 2.15321E+04
 53.0 2.06798E+04
 53.5 1.98369E+04
 54.0 1.90030E+04
 54.5 1.81780E+04
 55.0 1.73615E+04
 55.5 1.65534E+04
 56.0 1.57535E+04
 56.5 1.49616E+04
 57.0 1.41775E+04
 57.5 1.34011E+04
 58.0 1.26322E+04
 58.5 1.18708E+04
 59.0 1.11166E+04
 59.5 1.03697E+04
 60.0 9.62995E+03
 60.5 8.89724E+03
 61.0 8.17152E+03
 61.5 7.45275E+03
 62.0 6.74089E+03
 62.5 6.03591E+03
 63.0 5.33779E+03
 63.5 4.64652E+03
 64.0 3.96209E+03
 64.5 3.28451E+03
 65.0 2.61381E+03
 65.5 1.95000E+03
 66.0 1.29312E+03
 66.5 6.43199E+02
 67.0 5.34289E+01
