067K15D0W2
  0.5 0.00000E+00
  1.0 0.00000E+00
  1.5 0.00000E+00
  2.0 0.00000E+00
  2.5 0.00000E+00
  3.0 0.00000E+00
  3.5 4.16199E+04
  4.0 5.33842E+04
  4.5 6.57089E+04
  5.0 7.86210E+04
  5.5 9.21720E+04
  6.0 1.06442E+05
  6.5 1.21512E+05
  7.0 1.37383E+05
  7.5 1.53864E+05
  8.0 1.70537E+05
  8.5 2.54832E+06
  9.0 2.02069E+05
  9.5 1.56257E+06
 10.0 1.30509E+06
 10.5 9.04476E+04
 11.0 9.65780E+04
 11.5 2.93233E+05
 12.0 7.25735E+04
 12.5 6.69180E+04
 13.0 7.05012E+04
 13.5 7.40081E+04
 14.0 7.73970E+04
 14.5 8.06251E+04
 15.0 8.36520E+04
 15.5 8.64418E+04
 16.0 8.89652E+04
 16.5 9.12003E+04
 17.0 9.31326E+04
 17.5 9.47556E+04
 18.0 9.60694E+04
 18.5 9.70799E+04
 19.0 9.77979E+04
 19.5 9.82379E+04
 20.0 9.84173E+04
 20.5 9.83550E+04
 21.0 9.80714E+04
 21.5 9.75869E+04
 22.0 9.69221E+04
 22.5 9.60967E+04
 23.0 9.51299E+04
 23.5 9.40396E+04
 24.0 9.28428E+04
 24.5 9.15551E+04
 25.0 9.01906E+04
 25.5 8.87625E+04
 26.0 8.72824E+04
 26.5 8.57609E+04
 27.0 8.42075E+04
 27.5 8.26305E+04
 28.0 8.10373E+04
 28.5 7.94344E+04
 29.0 7.78273E+04
 29.5 7.62210E+04
 30.0 7.46198E+04
 30.5 7.30271E+04
 31.0 7.14461E+04
 31.5 6.98793E+04
 32.0 6.83288E+04
 32.5 6.67965E+04
 33.0 6.52836E+04
 33.5 6.37914E+04
 34.0 6.23206E+04
 34.5 6.08719E+04
 35.0 5.94457E+04
 35.5 5.80423E+04
 36.0 5.66618E+04
 36.5 5.53041E+04
 37.0 5.39691E+04
 37.5 5.26567E+04
 38.0 5.13665E+04
 38.5 5.00981E+04
 39.0 4.88512E+04
 39.5 4.76253E+04
 40.0 4.64199E+04
 40.5 4.52345E+04
 41.0 4.40687E+04
 41.5 4.29218E+04
 42.0 4.17933E+04
 42.5 4.06826E+04
 43.0 3.95893E+04
 43.5 3.85128E+04
 44.0 3.74524E+04
 44.5 3.64078E+04
 45.0 3.53784E+04
 45.5 3.43636E+04
 46.0 3.33631E+04
 46.5 3.23762E+04
 47.0 3.14026E+04
 47.5 3.04418E+04
 48.0 2.94933E+04
 48.5 2.85568E+04
 49.0 2.76319E+04
 49.5 2.67181E+04
 50.0 2.58151E+04
 50.5 2.49226E+04
 51.0 2.40403E+04
 51.5 2.31678E+04
 52.0 2.23048E+04
 52.5 2.14511E+04
 53.0 2.06065E+04
 53.5 1.97705E+04
 54.0 1.89432E+04
 54.5 1.81241E+04
 55.0 1.73131E+04
 55.5 1.65102E+04
 56.0 1.57149E+04
 56.5 1.49273E+04
 57.0 1.41472E+04
 57.5 1.33744E+04
 58.0 1.26089E+04
 58.5 1.18505E+04
 59.0 1.10991E+04
 59.5 1.03547E+04
 60.0 9.61712E+03
 60.5 8.88642E+03
 61.0 8.16251E+03
 61.5 7.44534E+03
 62.0 6.73489E+03
 62.5 6.03114E+03
 63.0 5.33409E+03
 63.5 4.64372E+03
 64.0 3.96006E+03
 64.5 3.28312E+03
 65.0 2.61292E+03
 65.5 1.94949E+03
 66.0 1.29288E+03
 66.5 6.43126E+02
 67.0 5.34251E+01
