067K16D0W2
  0.5 0.00000E+00
  1.0 0.00000E+00
  1.5 0.00000E+00
  2.0 0.00000E+00
  2.5 0.00000E+00
  3.0 0.00000E+00
  3.5 4.50502E+04
  4.0 5.76319E+04
  4.5 7.08433E+04
  5.0 8.47229E+04
  5.5 9.93400E+04
  6.0 1.14796E+05
  6.5 1.31174E+05
  7.0 1.48423E+05
  7.5 1.66243E+05
  8.0 1.84081E+05
  8.5 2.73161E+06
  9.0 2.17018E+05
  9.5 1.64543E+06
 10.0 1.37415E+06
 10.5 9.75400E+04
 11.0 1.04090E+05
 11.5 3.17137E+05
 12.0 7.82069E+04
 12.5 7.20970E+04
 13.0 7.59228E+04
 13.5 7.96391E+04
 14.0 8.31969E+04
 14.5 8.65484E+04
 15.0 8.96508E+04
 15.5 9.24678E+04
 16.0 9.49719E+04
 16.5 9.71447E+04
 17.0 9.89764E+04
 17.5 1.00466E+05
 18.0 1.01618E+05
 18.5 1.02445E+05
 19.0 1.02962E+05
 19.5 1.03190E+05
 20.0 1.03148E+05
 20.5 1.02861E+05
 21.0 1.02351E+05
 21.5 1.01642E+05
 22.0 1.00755E+05
 22.5 9.97140E+04
 23.0 9.85376E+04
 23.5 9.72454E+04
 24.0 9.58548E+04
 24.5 9.43818E+04
 25.0 9.28409E+04
 25.5 9.12454E+04
 26.0 8.96068E+04
 26.5 8.79356E+04
 27.0 8.62410E+04
 27.5 8.45312E+04
 28.0 8.28130E+04
 28.5 8.10928E+04
 29.0 7.93758E+04
 29.5 7.76665E+04
 30.0 7.59687E+04
 30.5 7.42858E+04
 31.0 7.26203E+04
 31.5 7.09746E+04
 32.0 6.93503E+04
 32.5 6.77490E+04
 33.0 6.61717E+04
 33.5 6.46194E+04
 34.0 6.30924E+04
 34.5 6.15913E+04
 35.0 6.01161E+04
 35.5 5.86669E+04
 36.0 5.72437E+04
 36.5 5.58462E+04
 37.0 5.44740E+04
 37.5 5.31268E+04
 38.0 5.18041E+04
 38.5 5.05054E+04
 39.0 4.92302E+04
 39.5 4.79778E+04
 40.0 4.67478E+04
 40.5 4.55393E+04
 41.0 4.43519E+04
 41.5 4.31849E+04
 42.0 4.20376E+04
 42.5 4.09094E+04
 43.0 3.97997E+04
 43.5 3.87078E+04
 44.0 3.76332E+04
 44.5 3.65752E+04
 45.0 3.55333E+04
 45.5 3.45069E+04
 46.0 3.34955E+04
 46.5 3.24985E+04
 47.0 3.15154E+04
 47.5 3.05457E+04
 48.0 2.95890E+04
 48.5 2.86448E+04
 49.0 2.77127E+04
 49.5 2.67923E+04
 50.0 2.58831E+04
 50.5 2.49848E+04
 51.0 2.40971E+04
 51.5 2.32196E+04
 52.0 2.23520E+04
 52.5 2.14940E+04
 53.0 2.06453E+04
 53.5 1.98057E+04
 54.0 1.89749E+04
 54.5 1.81526E+04
 55.0 1.73388E+04
 55.5 1.65331E+04
 56.0 1.57354E+04
 56.5 1.49455E+04
 57.0 1.41632E+04
 57.5 1.33885E+04
 58.0 1.26212E+04
 58.5 1.18612E+04
 59.0 1.11084E+04
 59.5 1.03626E+04
 60.0 9.62392E+03
 60.5 8.89216E+03
 61.0 8.16729E+03
 61.5 7.44927E+03
 62.0 6.73807E+03
 62.5 6.03367E+03
 63.0 5.33605E+03
 63.5 4.64520E+03
 64.0 3.96114E+03
 64.5 3.28386E+03
 65.0 2.61339E+03
 65.5 1.94976E+03
 66.0 1.29300E+03
 66.5 6.43165E+02
 67.0 5.34272E+01
