067K21D0W2
  0.5 0.00000E+00
  1.0 0.00000E+00
  1.5 0.00000E+00
  2.0 0.00000E+00
  2.5 0.00000E+00
  3.0 0.00000E+00
  3.5 6.29366E+04
  4.0 7.98300E+04
  4.5 9.77827E+04
  5.0 1.16933E+05
  5.5 1.37485E+05
  6.0 1.59590E+05
  6.5 1.83084E+05
  7.0 2.07300E+05
  7.5 2.31154E+05
  8.0 2.53438E+05
  8.5 3.51928E+06
  9.0 2.89459E+05
  9.5 1.99063E+06
 10.0 1.66180E+06
 10.5 1.34546E+05
 11.0 1.42721E+05
 11.5 4.26687E+05
 12.0 1.07531E+05
 12.5 9.90631E+04
 13.0 1.03840E+05
 13.5 1.08259E+05
 14.0 1.12254E+05
 14.5 1.15777E+05
 15.0 1.18793E+05
 15.5 1.21288E+05
 16.0 1.23261E+05
 16.5 1.24725E+05
 17.0 1.25702E+05
 17.5 1.26224E+05
 18.0 1.26324E+05
 18.5 1.26041E+05
 19.0 1.25414E+05
 19.5 1.24482E+05
 20.0 1.23284E+05
 20.5 1.21856E+05
 21.0 1.20230E+05
 21.5 1.18440E+05
 22.0 1.16513E+05
 22.5 1.14474E+05
 23.0 1.12347E+05
 23.5 1.10153E+05
 24.0 1.07909E+05
 24.5 1.05631E+05
 25.0 1.03332E+05
 25.5 1.01025E+05
 26.0 9.87197E+04
 26.5 9.64242E+04
 27.0 9.41459E+04
 27.5 9.18909E+04
 28.0 8.96641E+04
 28.5 8.74696E+04
 29.0 8.53105E+04
 29.5 8.31893E+04
 30.0 8.11081E+04
 30.5 7.90681E+04
 31.0 7.70703E+04
 31.5 7.51153E+04
 32.0 7.32032E+04
 32.5 7.13341E+04
 33.0 6.95076E+04
 33.5 6.77232E+04
 34.0 6.59803E+04
 34.5 6.42782E+04
 35.0 6.26160E+04
 35.5 6.09926E+04
 36.0 5.94072E+04
 36.5 5.78585E+04
 37.0 5.63456E+04
 37.5 5.48673E+04
 38.0 5.34224E+04
 38.5 5.20099E+04
 39.0 5.06285E+04
 39.5 4.92772E+04
 40.0 4.79549E+04
 40.5 4.66605E+04
 41.0 4.53929E+04
 41.5 4.41511E+04
 42.0 4.29340E+04
 42.5 4.17407E+04
 43.0 4.05703E+04
 43.5 3.94218E+04
 44.0 3.82944E+04
 44.5 3.71871E+04
 45.0 3.60993E+04
 45.5 3.50300E+04
 46.0 3.39786E+04
 46.5 3.29443E+04
 47.0 3.19265E+04
 47.5 3.09244E+04
 48.0 2.99375E+04
 48.5 2.89652E+04
 49.0 2.80069E+04
 49.5 2.70621E+04
 50.0 2.61302E+04
 50.5 2.52109E+04
 51.0 2.43035E+04
 51.5 2.34078E+04
 52.0 2.25233E+04
 52.5 2.16496E+04
 53.0 2.07863E+04
 53.5 1.99332E+04
 54.0 1.90899E+04
 54.5 1.82561E+04
 55.0 1.74316E+04
 55.5 1.66161E+04
 56.0 1.58094E+04
 56.5 1.50112E+04
 57.0 1.42213E+04
 57.5 1.34396E+04
 58.0 1.26660E+04
 58.5 1.19001E+04
 59.0 1.11420E+04
 59.5 1.03915E+04
 60.0 9.64851E+03
 60.5 8.91288E+03
 61.0 8.18455E+03
 61.5 7.46347E+03
 62.0 6.74957E+03
 62.5 6.04281E+03
 63.0 5.34314E+03
 63.5 4.65055E+03
 64.0 3.96501E+03
 64.5 3.28653E+03
 65.0 2.61510E+03
 65.5 1.95074E+03
 66.0 1.29346E+03
 66.5 6.43304E+02
 67.0 5.34344E+01
