068K08D0W2
  0.5 0.00000E+00
  1.0 0.00000E+00
  1.5 0.00000E+00
  2.0 0.00000E+00
  2.5 0.00000E+00
  3.0 0.00000E+00
  3.5 1.84412E+04
  4.0 2.46844E+04
  4.5 3.11341E+04
  5.0 3.77692E+04
  5.5 4.45820E+04
  6.0 5.15713E+04
  6.5 5.87397E+04
  7.0 6.60945E+04
  7.5 7.36471E+04
  8.0 8.14087E+04
  8.5 9.75174E+05
  9.0 9.75205E+04
  9.5 7.81680E+05
 10.0 6.54352E+05
 10.5 4.39364E+04
 11.0 4.69059E+04
 11.5 1.09487E+05
 12.0 3.54608E+04
 12.5 3.27632E+04
 13.0 3.45381E+04
 13.5 3.63099E+04
 14.0 3.80766E+04
 14.5 3.98356E+04
 15.0 4.15830E+04
 15.5 4.33138E+04
 16.0 4.50215E+04
 16.5 4.66983E+04
 17.0 4.83352E+04
 17.5 4.99225E+04
 18.0 5.14501E+04
 18.5 5.29079E+04
 19.0 5.42861E+04
 19.5 5.55761E+04
 20.0 5.67701E+04
 20.5 5.78619E+04
 21.0 5.88463E+04
 21.5 5.97202E+04
 22.0 6.04816E+04
 22.5 6.11301E+04
 23.0 6.16663E+04
 23.5 6.20924E+04
 24.0 6.24110E+04
 24.5 6.26260E+04
 25.0 6.27417E+04
 25.5 6.27629E+04
 26.0 6.26949E+04
 26.5 6.25430E+04
 27.0 6.23128E+04
 27.5 6.20099E+04
 28.0 6.16397E+04
 28.5 6.12078E+04
 29.0 6.07192E+04
 29.5 6.01791E+04
 30.0 5.95923E+04
 30.5 5.89632E+04
 31.0 5.82962E+04
 31.5 5.75954E+04
 32.0 5.68643E+04
 32.5 5.61066E+04
 33.0 5.53254E+04
 33.5 5.45236E+04
 34.0 5.37041E+04
 34.5 5.28693E+04
 35.0 5.20214E+04
 35.5 5.11625E+04
 36.0 5.02945E+04
 36.5 4.94191E+04
 37.0 4.85377E+04
 37.5 4.76519E+04
 38.0 4.67627E+04
 38.5 4.58713E+04
 39.0 4.49786E+04
 39.5 4.40856E+04
 40.0 4.31930E+04
 40.5 4.23014E+04
 41.0 4.14115E+04
 41.5 4.05238E+04
 42.0 3.96388E+04
 42.5 3.87568E+04
 43.0 3.78781E+04
 43.5 3.70032E+04
 44.0 3.61321E+04
 44.5 3.52652E+04
 45.0 3.44025E+04
 45.5 3.35444E+04
 46.0 3.26908E+04
 46.5 3.18418E+04
 47.0 3.09976E+04
 47.5 3.01582E+04
 48.0 2.93237E+04
 48.5 2.84940E+04
 49.0 2.76693E+04
 49.5 2.68494E+04
 50.0 2.60345E+04
 50.5 2.52246E+04
 51.0 2.44195E+04
 51.5 2.36193E+04
 52.0 2.28241E+04
 52.5 2.20337E+04
 53.0 2.12482E+04
 53.5 2.04676E+04
 54.0 1.96919E+04
 54.5 1.89210E+04
 55.0 1.81549E+04
 55.5 1.73937E+04
 56.0 1.66373E+04
 56.5 1.58858E+04
 57.0 1.51391E+04
 57.5 1.43973E+04
 58.0 1.36603E+04
 58.5 1.29282E+04
 59.0 1.22011E+04
 59.5 1.14788E+04
 60.0 1.07615E+04
 60.5 1.00492E+04
 61.0 9.34197E+03
 61.5 8.63978E+03
 62.0 7.94271E+03
 62.5 7.25082E+03
 63.0 6.56414E+03
 63.5 5.88276E+03
 64.0 5.20673E+03
 64.5 4.53611E+03
 65.0 3.87099E+03
 65.5 3.21145E+03
 66.0 2.55755E+03
 66.5 1.90939E+03
 67.0 1.26706E+03
 67.5 6.30648E+02
 68.0 5.24067E+01
