068K17D0W2
  0.5 0.00000E+00
  1.0 0.00000E+00
  1.5 0.00000E+00
  2.0 0.00000E+00
  2.5 0.00000E+00
  3.0 0.00000E+00
  3.5 4.78431E+04
  4.0 6.10964E+04
  4.5 7.50419E+04
  5.0 8.97281E+04
  5.5 1.05240E+05
  6.0 1.21696E+05
  6.5 1.39181E+05
  7.0 1.57604E+05
  7.5 1.76587E+05
  8.0 1.95482E+05
  8.5 2.90869E+06
  9.0 2.29934E+05
  9.5 1.73444E+06
 10.0 1.44829E+06
 10.5 1.03680E+05
 11.0 1.10641E+05
 11.5 3.38969E+05
 12.0 8.31687E+04
 12.5 7.66844E+04
 13.0 8.07577E+04
 13.5 8.46993E+04
 14.0 8.84545E+04
 14.5 9.19714E+04
 15.0 9.52046E+04
 15.5 9.81170E+04
 16.0 1.00682E+05
 16.5 1.02882E+05
 17.0 1.04710E+05
 17.5 1.06169E+05
 18.0 1.07266E+05
 18.5 1.08017E+05
 19.0 1.08441E+05
 19.5 1.08561E+05
 20.0 1.08401E+05
 20.5 1.07986E+05
 21.0 1.07342E+05
 21.5 1.06494E+05
 22.0 1.05467E+05
 22.5 1.04284E+05
 23.0 1.02965E+05
 23.5 1.01532E+05
 24.0 1.00003E+05
 24.5 9.83933E+04
 25.0 9.67194E+04
 25.5 9.49943E+04
 26.0 9.32300E+04
 26.5 9.14372E+04
 27.0 8.96253E+04
 27.5 8.78024E+04
 28.0 8.59757E+04
 28.5 8.41512E+04
 29.0 8.23342E+04
 29.5 8.05292E+04
 30.0 7.87400E+04
 30.5 7.69697E+04
 31.0 7.52208E+04
 31.5 7.34956E+04
 32.0 7.17956E+04
 32.5 7.01222E+04
 33.0 6.84764E+04
 33.5 6.68589E+04
 34.0 6.52700E+04
 34.5 6.37102E+04
 35.0 6.21793E+04
 35.5 6.06773E+04
 36.0 5.92041E+04
 36.5 5.77592E+04
 37.0 5.63422E+04
 37.5 5.49527E+04
 38.0 5.35900E+04
 38.5 5.22536E+04
 39.0 5.09429E+04
 39.5 4.96570E+04
 40.0 4.83954E+04
 40.5 4.71574E+04
 41.0 4.59421E+04
 41.5 4.47490E+04
 42.0 4.35772E+04
 42.5 4.24261E+04
 43.0 4.12950E+04
 43.5 4.01831E+04
 44.0 3.90898E+04
 44.5 3.80145E+04
 45.0 3.69565E+04
 45.5 3.59152E+04
 46.0 3.48899E+04
 46.5 3.38801E+04
 47.0 3.28853E+04
 47.5 3.19048E+04
 48.0 3.09382E+04
 48.5 2.99850E+04
 49.0 2.90446E+04
 49.5 2.81167E+04
 50.0 2.72008E+04
 50.5 2.62964E+04
 51.0 2.54032E+04
 51.5 2.45209E+04
 52.0 2.36489E+04
 52.5 2.27871E+04
 53.0 2.19351E+04
 53.5 2.10926E+04
 54.0 2.02593E+04
 54.5 1.94350E+04
 55.0 1.86194E+04
 55.5 1.78123E+04
 56.0 1.70134E+04
 56.5 1.62226E+04
 57.0 1.54397E+04
 57.5 1.46645E+04
 58.0 1.38968E+04
 58.5 1.31366E+04
 59.0 1.23837E+04
 59.5 1.16380E+04
 60.0 1.08993E+04
 60.5 1.01676E+04
 61.0 9.44282E+03
 61.5 8.72488E+03
 62.0 8.01371E+03
 62.5 7.30927E+03
 63.0 6.61152E+03
 63.5 5.92044E+03
 64.0 5.23600E+03
 64.5 4.55820E+03
 65.0 3.88703E+03
 65.5 3.22250E+03
 66.0 2.56463E+03
 66.5 1.91344E+03
 67.0 1.26896E+03
 67.5 6.31229E+02
 68.0 5.24369E+01
