068K19D0W2
  0.5 0.00000E+00
  1.0 0.00000E+00
  1.5 0.00000E+00
  2.0 0.00000E+00
  2.5 0.00000E+00
  3.0 0.00000E+00
  3.5 5.48467E+04
  4.0 6.97828E+04
  4.5 8.55717E+04
  5.0 1.02296E+05
  5.5 1.20090E+05
  6.0 1.39111E+05
  6.5 1.59387E+05
  7.0 1.80627E+05
  7.5 2.02153E+05
  8.0 2.23037E+05
  8.5 3.23924E+06
  9.0 2.59231E+05
  9.5 1.88021E+06
 10.0 1.56977E+06
 10.5 1.18296E+05
 11.0 1.25985E+05
 11.5 3.84095E+05
 12.0 9.47669E+04
 12.5 8.73504E+04
 13.0 9.18491E+04
 13.5 9.61250E+04
 14.0 1.00113E+05
 14.5 1.03758E+05
 15.0 1.07015E+05
 15.5 1.09854E+05
 16.0 1.12255E+05
 16.5 1.14215E+05
 17.0 1.15738E+05
 17.5 1.16838E+05
 18.0 1.17537E+05
 18.5 1.17860E+05
 19.0 1.17836E+05
 19.5 1.17497E+05
 20.0 1.16875E+05
 20.5 1.16000E+05
 21.0 1.14904E+05
 21.5 1.13615E+05
 22.0 1.12161E+05
 22.5 1.10566E+05
 23.0 1.08854E+05
 23.5 1.07046E+05
 24.0 1.05161E+05
 24.5 1.03215E+05
 25.0 1.01223E+05
 25.5 9.91984E+04
 26.0 9.71529E+04
 26.5 9.50962E+04
 27.0 9.30371E+04
 27.5 9.09829E+04
 28.0 8.89399E+04
 28.5 8.69134E+04
 29.0 8.49079E+04
 29.5 8.29271E+04
 30.0 8.09738E+04
 30.5 7.90506E+04
 31.0 7.71592E+04
 31.5 7.53012E+04
 32.0 7.34775E+04
 32.5 7.16889E+04
 33.0 6.99358E+04
 33.5 6.82182E+04
 34.0 6.65362E+04
 34.5 6.48895E+04
 35.0 6.32777E+04
 35.5 6.17003E+04
 36.0 6.01568E+04
 36.5 5.86464E+04
 37.0 5.71684E+04
 37.5 5.57219E+04
 38.0 5.43061E+04
 38.5 5.29202E+04
 39.0 5.15632E+04
 39.5 5.02343E+04
 40.0 4.89324E+04
 40.5 4.76568E+04
 41.0 4.64065E+04
 41.5 4.51806E+04
 42.0 4.39783E+04
 42.5 4.27987E+04
 43.0 4.16409E+04
 43.5 4.05042E+04
 44.0 3.93877E+04
 44.5 3.82908E+04
 45.0 3.72125E+04
 45.5 3.61523E+04
 46.0 3.51093E+04
 46.5 3.40831E+04
 47.0 3.30729E+04
 47.5 3.20780E+04
 48.0 3.10980E+04
 48.5 3.01323E+04
 49.0 2.91803E+04
 49.5 2.82415E+04
 50.0 2.73154E+04
 50.5 2.64016E+04
 51.0 2.54997E+04
 51.5 2.46091E+04
 52.0 2.37296E+04
 52.5 2.28607E+04
 53.0 2.20021E+04
 53.5 2.11535E+04
 54.0 2.03145E+04
 54.5 1.94850E+04
 55.0 1.86645E+04
 55.5 1.78528E+04
 56.0 1.70498E+04
 56.5 1.62552E+04
 57.0 1.54687E+04
 57.5 1.46903E+04
 58.0 1.39197E+04
 58.5 1.31567E+04
 59.0 1.24013E+04
 59.5 1.16533E+04
 60.0 1.09125E+04
 60.5 1.01790E+04
 61.0 9.45251E+03
 61.5 8.73305E+03
 62.0 8.02052E+03
 62.5 7.31487E+03
 63.0 6.61606E+03
 63.5 5.92404E+03
 64.0 5.23880E+03
 64.5 4.56031E+03
 65.0 3.88856E+03
 65.5 3.22356E+03
 66.0 2.56531E+03
 66.5 1.91383E+03
 67.0 1.26915E+03
 67.5 6.31284E+02
 68.0 5.24397E+01
