068K10D0W2
  0.5 0.00000E+00
  1.0 0.00000E+00
  1.5 0.00000E+00
  2.0 0.00000E+00
  2.5 0.00000E+00
  3.0 0.00000E+00
  3.5 2.47047E+04
  4.0 3.24532E+04
  4.5 4.04840E+04
  5.0 4.87867E+04
  5.5 5.73623E+04
  6.0 6.62196E+04
  6.5 7.53755E+04
  7.0 8.48554E+04
  7.5 9.46833E+04
  8.0 1.04855E+05
  8.5 1.46072E+06
  9.0 1.25887E+05
  9.5 1.04602E+06
 10.0 8.74527E+05
 10.5 5.63191E+04
 11.0 6.01545E+04
 11.5 1.61972E+05
 12.0 4.54030E+04
 12.5 4.19322E+04
 13.0 4.42066E+04
 13.5 4.64797E+04
 14.0 4.87446E+04
 14.5 5.09918E+04
 15.0 5.32093E+04
 15.5 5.53825E+04
 16.0 5.74953E+04
 16.5 5.95308E+04
 17.0 6.14718E+04
 17.5 6.33022E+04
 18.0 6.50071E+04
 18.5 6.65742E+04
 19.0 6.79935E+04
 19.5 6.92575E+04
 20.0 7.03618E+04
 20.5 7.13043E+04
 21.0 7.20854E+04
 21.5 7.27076E+04
 22.0 7.31754E+04
 22.5 7.34944E+04
 23.0 7.36717E+04
 23.5 7.37150E+04
 24.0 7.36329E+04
 24.5 7.34341E+04
 25.0 7.31275E+04
 25.5 7.27221E+04
 26.0 7.22266E+04
 26.5 7.16495E+04
 27.0 7.09991E+04
 27.5 7.02831E+04
 28.0 6.95088E+04
 28.5 6.86830E+04
 29.0 6.78123E+04
 29.5 6.69024E+04
 30.0 6.59588E+04
 30.5 6.49864E+04
 31.0 6.39899E+04
 31.5 6.29733E+04
 32.0 6.19403E+04
 32.5 6.08944E+04
 33.0 5.98383E+04
 33.5 5.87750E+04
 34.0 5.77067E+04
 34.5 5.66356E+04
 35.0 5.55634E+04
 35.5 5.44920E+04
 36.0 5.34226E+04
 36.5 5.23564E+04
 37.0 5.12947E+04
 37.5 5.02383E+04
 38.0 4.91880E+04
 38.5 4.81444E+04
 39.0 4.71080E+04
 39.5 4.60794E+04
 40.0 4.50589E+04
 40.5 4.40468E+04
 41.0 4.30433E+04
 41.5 4.20485E+04
 42.0 4.10626E+04
 42.5 4.00857E+04
 43.0 3.91177E+04
 43.5 3.81586E+04
 44.0 3.72085E+04
 44.5 3.62672E+04
 45.0 3.53347E+04
 45.5 3.44108E+04
 46.0 3.34955E+04
 46.5 3.25887E+04
 47.0 3.16901E+04
 47.5 3.07997E+04
 48.0 2.99173E+04
 48.5 2.90427E+04
 49.0 2.81759E+04
 49.5 2.73167E+04
 50.0 2.64650E+04
 50.5 2.56205E+04
 51.0 2.47832E+04
 51.5 2.39529E+04
 52.0 2.31295E+04
 52.5 2.23129E+04
 53.0 2.15030E+04
 53.5 2.06996E+04
 54.0 1.99026E+04
 54.5 1.91120E+04
 55.0 1.83276E+04
 55.5 1.75494E+04
 56.0 1.67773E+04
 56.5 1.60112E+04
 57.0 1.52511E+04
 57.5 1.44969E+04
 58.0 1.37486E+04
 58.5 1.30060E+04
 59.0 1.22693E+04
 59.5 1.15383E+04
 60.0 1.08130E+04
 60.5 1.00935E+04
 61.0 9.37969E+03
 61.5 8.67162E+03
 62.0 7.96929E+03
 62.5 7.27270E+03
 63.0 6.58189E+03
 63.5 5.89688E+03
 64.0 5.21770E+03
 64.5 4.54439E+03
 65.0 3.87701E+03
 65.5 3.21559E+03
 66.0 2.56021E+03
 66.5 1.91091E+03
 67.0 1.26777E+03
 67.5 6.30866E+02
 68.0 5.24181E+01
