068K15D0W2
  0.5 0.00000E+00
  1.0 0.00000E+00
  1.5 0.00000E+00
  2.0 0.00000E+00
  2.5 0.00000E+00
  3.0 0.00000E+00
  3.5 4.10282E+04
  4.0 5.26552E+04
  4.5 6.48346E+04
  5.0 7.75909E+04
  5.5 9.09719E+04
  6.0 1.05053E+05
  6.5 1.19919E+05
  7.0 1.35584E+05
  7.5 1.51894E+05
  8.0 1.68470E+05
  8.5 2.54315E+06
  9.0 2.00149E+05
  9.5 1.56949E+06
 10.0 1.31082E+06
 10.5 8.95103E+04
 11.0 9.56314E+04
 11.5 2.91231E+05
 12.0 7.19050E+04
 12.5 6.63265E+04
 13.0 6.99136E+04
 13.5 7.34366E+04
 14.0 7.68552E+04
 14.5 8.01273E+04
 15.0 8.32125E+04
 15.5 8.60738E+04
 16.0 8.86805E+04
 16.5 9.10084E+04
 17.0 9.30411E+04
 17.5 9.47698E+04
 18.0 9.61922E+04
 18.5 9.73121E+04
 19.0 9.81387E+04
 19.5 9.86848E+04
 20.0 9.89663E+04
 20.5 9.90015E+04
 21.0 9.88098E+04
 21.5 9.84110E+04
 22.0 9.78255E+04
 22.5 9.70728E+04
 23.0 9.61721E+04
 23.5 9.51416E+04
 24.0 9.39982E+04
 24.5 9.27577E+04
 25.0 9.14349E+04
 25.5 9.00429E+04
 26.0 8.85940E+04
 26.5 8.70991E+04
 27.0 8.55680E+04
 27.5 8.40094E+04
 28.0 8.24310E+04
 28.5 8.08396E+04
 29.0 7.92412E+04
 29.5 7.76411E+04
 30.0 7.60437E+04
 30.5 7.44528E+04
 31.0 7.28718E+04
 31.5 7.13036E+04
 32.0 6.97503E+04
 32.5 6.82140E+04
 33.0 6.66962E+04
 33.5 6.51982E+04
 34.0 6.37211E+04
 34.5 6.22656E+04
 35.0 6.08321E+04
 35.5 5.94212E+04
 36.0 5.80329E+04
 36.5 5.66674E+04
 37.0 5.53245E+04
 37.5 5.40043E+04
 38.0 5.27063E+04
 38.5 5.14303E+04
 39.0 5.01759E+04
 39.5 4.89429E+04
 40.0 4.77305E+04
 40.5 4.65385E+04
 41.0 4.53663E+04
 41.5 4.42134E+04
 42.0 4.30792E+04
 42.5 4.19632E+04
 43.0 4.08649E+04
 43.5 3.97837E+04
 44.0 3.87192E+04
 44.5 3.76707E+04
 45.0 3.66377E+04
 45.5 3.56198E+04
 46.0 3.46164E+04
 46.5 3.36270E+04
 47.0 3.26513E+04
 47.5 3.16886E+04
 48.0 3.07387E+04
 48.5 2.98010E+04
 49.0 2.88751E+04
 49.5 2.79607E+04
 50.0 2.70574E+04
 50.5 2.61648E+04
 51.0 2.52826E+04
 51.5 2.44104E+04
 52.0 2.35480E+04
 52.5 2.26950E+04
 53.0 2.18512E+04
 53.5 2.10164E+04
 54.0 2.01902E+04
 54.5 1.93724E+04
 55.0 1.85629E+04
 55.5 1.77614E+04
 56.0 1.69677E+04
 56.5 1.61817E+04
 57.0 1.54032E+04
 57.5 1.46321E+04
 58.0 1.38682E+04
 58.5 1.31114E+04
 59.0 1.23616E+04
 59.5 1.16187E+04
 60.0 1.08826E+04
 60.5 1.01533E+04
 61.0 9.43065E+03
 61.5 8.71461E+03
 62.0 8.00515E+03
 62.5 7.30222E+03
 63.0 6.60581E+03
 63.5 5.91590E+03
 64.0 5.23248E+03
 64.5 4.55554E+03
 65.0 3.88510E+03
 65.5 3.22118E+03
 66.0 2.56378E+03
 66.5 1.91296E+03
 67.0 1.26873E+03
 67.5 6.31159E+02
 68.0 5.24332E+01
