068K13D0W2
  0.5 0.00000E+00
  1.0 0.00000E+00
  1.5 0.00000E+00
  2.0 0.00000E+00
  2.5 0.00000E+00
  3.0 0.00000E+00
  3.5 3.43831E+04
  4.0 4.44314E+04
  4.5 5.49107E+04
  5.0 6.58289E+04
  5.5 7.72085E+04
  6.0 8.90898E+04
  6.5 1.01530E+05
  7.0 1.14575E+05
  7.5 1.28201E+05
  8.0 1.42245E+05
  8.5 2.13914E+06
  9.0 1.70190E+05
  9.5 1.38141E+06
 10.0 1.15406E+06
 10.5 7.58395E+04
 11.0 8.10533E+04
 11.5 2.40947E+05
 12.0 6.10129E+04
 12.5 5.63068E+04
 13.0 5.93717E+04
 13.5 6.24144E+04
 14.0 6.54102E+04
 14.5 6.83305E+04
 15.0 7.11451E+04
 15.5 7.38231E+04
 16.0 7.63358E+04
 16.5 7.86577E+04
 17.0 8.07677E+04
 17.5 8.26498E+04
 18.0 8.42933E+04
 18.5 8.56927E+04
 19.0 8.68472E+04
 19.5 8.77604E+04
 20.0 8.84391E+04
 20.5 8.88932E+04
 21.0 8.91346E+04
 21.5 8.91770E+04
 22.0 8.90348E+04
 22.5 8.87233E+04
 23.0 8.82575E+04
 23.5 8.76525E+04
 24.0 8.69230E+04
 24.5 8.60829E+04
 25.0 8.51455E+04
 25.5 8.41231E+04
 26.0 8.30274E+04
 26.5 8.18690E+04
 27.0 8.06577E+04
 27.5 7.94023E+04
 28.0 7.81110E+04
 28.5 7.67908E+04
 29.0 7.54483E+04
 29.5 7.40892E+04
 30.0 7.27187E+04
 30.5 7.13413E+04
 31.0 6.99608E+04
 31.5 6.85808E+04
 32.0 6.72042E+04
 32.5 6.58336E+04
 33.0 6.44712E+04
 33.5 6.31189E+04
 34.0 6.17783E+04
 34.5 6.04506E+04
 35.0 5.91369E+04
 35.5 5.78381E+04
 36.0 5.65548E+04
 36.5 5.52875E+04
 37.0 5.40367E+04
 37.5 5.28026E+04
 38.0 5.15852E+04
 38.5 5.03847E+04
 39.0 4.92010E+04
 39.5 4.80341E+04
 40.0 4.68836E+04
 40.5 4.57496E+04
 41.0 4.46315E+04
 41.5 4.35294E+04
 42.0 4.24427E+04
 42.5 4.13711E+04
 43.0 4.03144E+04
 43.5 3.92722E+04
 44.0 3.82440E+04
 44.5 3.72296E+04
 45.0 3.62285E+04
 45.5 3.52404E+04
 46.0 3.42649E+04
 46.5 3.33016E+04
 47.0 3.23503E+04
 47.5 3.14104E+04
 48.0 3.04817E+04
 48.5 2.95639E+04
 49.0 2.86567E+04
 49.5 2.77596E+04
 50.0 2.68725E+04
 50.5 2.59950E+04
 51.0 2.51269E+04
 51.5 2.42678E+04
 52.0 2.34176E+04
 52.5 2.25760E+04
 53.0 2.17428E+04
 53.5 2.09178E+04
 54.0 2.01007E+04
 54.5 1.92914E+04
 55.0 1.84897E+04
 55.5 1.76955E+04
 56.0 1.69086E+04
 56.5 1.61288E+04
 57.0 1.53560E+04
 57.5 1.45901E+04
 58.0 1.38311E+04
 58.5 1.30787E+04
 59.0 1.23330E+04
 59.5 1.15938E+04
 60.0 1.08611E+04
 60.5 1.01348E+04
 61.0 9.41486E+03
 61.5 8.70129E+03
 62.0 7.99404E+03
 62.5 7.29308E+03
 63.0 6.59841E+03
 63.5 5.91001E+03
 64.0 5.22790E+03
 64.5 4.55209E+03
 65.0 3.88260E+03
 65.5 3.21945E+03
 66.0 2.56268E+03
 66.5 1.91233E+03
 67.0 1.26844E+03
 67.5 6.31069E+02
 68.0 5.24286E+01
