068K12D0W2
  0.5 0.00000E+00
  1.0 0.00000E+00
  1.5 0.00000E+00
  2.0 0.00000E+00
  2.5 0.00000E+00
  3.0 0.00000E+00
  3.5 3.11195E+04
  4.0 4.03934E+04
  4.5 5.00443E+04
  5.0 6.00734E+04
  5.5 7.04943E+04
  6.0 8.13339E+04
  6.5 9.26340E+04
  7.0 1.04439E+05
  7.5 1.16757E+05
  8.0 1.29499E+05
  8.5 1.92222E+06
  9.0 1.55275E+05
  9.5 1.27728E+06
 10.0 1.06727E+06
 10.5 6.92011E+04
 11.0 7.39514E+04
 11.5 2.14968E+05
 12.0 5.57126E+04
 12.5 5.14284E+04
 13.0 5.42275E+04
 13.5 5.70161E+04
 14.0 5.97768E+04
 14.5 6.24878E+04
 15.0 6.51252E+04
 15.5 6.76630E+04
 16.0 7.00758E+04
 16.5 7.23396E+04
 17.0 7.44330E+04
 17.5 7.63386E+04
 18.0 7.80428E+04
 18.5 7.95368E+04
 19.0 8.08156E+04
 19.5 8.18783E+04
 20.0 8.27276E+04
 20.5 8.33692E+04
 21.0 8.38109E+04
 21.5 8.40627E+04
 22.0 8.41361E+04
 22.5 8.40431E+04
 23.0 8.37966E+04
 23.5 8.34094E+04
 24.0 8.28947E+04
 24.5 8.22648E+04
 25.0 8.15321E+04
 25.5 8.07081E+04
 26.0 7.98037E+04
 26.5 7.88290E+04
 27.0 7.77938E+04
 27.5 7.67065E+04
 28.0 7.55753E+04
 28.5 7.44073E+04
 29.0 7.32092E+04
 29.5 7.19871E+04
 30.0 7.07460E+04
 30.5 6.94908E+04
 31.0 6.82258E+04
 31.5 6.69546E+04
 32.0 6.56806E+04
 32.5 6.44065E+04
 33.0 6.31349E+04
 33.5 6.18680E+04
 34.0 6.06076E+04
 34.5 5.93553E+04
 35.0 5.81123E+04
 35.5 5.68800E+04
 36.0 5.56591E+04
 36.5 5.44503E+04
 37.0 5.32544E+04
 37.5 5.20718E+04
 38.0 5.09028E+04
 38.5 4.97475E+04
 39.0 4.86063E+04
 39.5 4.74792E+04
 40.0 4.63661E+04
 40.5 4.52670E+04
 41.0 4.41818E+04
 41.5 4.31103E+04
 42.0 4.20524E+04
 42.5 4.10079E+04
 43.0 3.99765E+04
 43.5 3.89579E+04
 44.0 3.79520E+04
 44.5 3.69583E+04
 45.0 3.59767E+04
 45.5 3.50068E+04
 46.0 3.40484E+04
 46.5 3.31011E+04
 47.0 3.21646E+04
 47.5 3.12388E+04
 48.0 3.03232E+04
 48.5 2.94176E+04
 49.0 2.85217E+04
 49.5 2.76354E+04
 50.0 2.67582E+04
 50.5 2.58900E+04
 51.0 2.50305E+04
 51.5 2.41796E+04
 52.0 2.33369E+04
 52.5 2.25024E+04
 53.0 2.16757E+04
 53.5 2.08567E+04
 54.0 2.00453E+04
 54.5 1.92412E+04
 55.0 1.84444E+04
 55.5 1.76547E+04
 56.0 1.68719E+04
 56.5 1.60959E+04
 57.0 1.53267E+04
 57.5 1.45641E+04
 58.0 1.38080E+04
 58.5 1.30584E+04
 59.0 1.23152E+04
 59.5 1.15783E+04
 60.0 1.08477E+04
 60.5 1.01233E+04
 61.0 9.40505E+03
 61.5 8.69301E+03
 62.0 7.98713E+03
 62.5 7.28740E+03
 63.0 6.59380E+03
 63.5 5.90635E+03
 64.0 5.22506E+03
 64.5 4.54994E+03
 65.0 3.88104E+03
 65.5 3.21837E+03
 66.0 2.56199E+03
 66.5 1.91193E+03
 67.0 1.26825E+03
 67.5 6.31012E+02
 68.0 5.24256E+01
