068K20D0W2
  0.5 0.00000E+00
  1.0 0.00000E+00
  1.5 0.00000E+00
  2.0 0.00000E+00
  2.5 0.00000E+00
  3.0 0.00000E+00
  3.5 5.84263E+04
  4.0 7.42279E+04
  4.5 9.09713E+04
  5.0 1.08761E+05
  5.5 1.27761E+05
  6.0 1.48136E+05
  6.5 1.69859E+05
  7.0 1.92501E+05
  7.5 2.15217E+05
  8.0 2.36947E+05
  8.5 3.39267E+06
  9.0 2.73627E+05
  9.5 1.94695E+06
 10.0 1.62538E+06
 10.5 1.25751E+05
 11.0 1.33752E+05
 11.5 4.05710E+05
 12.0 1.00677E+05
 12.5 9.27868E+04
 13.0 9.74690E+04
 13.5 1.01876E+05
 14.0 1.05939E+05
 14.5 1.09604E+05
 15.0 1.12828E+05
 15.5 1.15587E+05
 16.0 1.17867E+05
 16.5 1.19671E+05
 17.0 1.21011E+05
 17.5 1.21907E+05
 18.0 1.22386E+05
 18.5 1.22480E+05
 19.0 1.22223E+05
 19.5 1.21648E+05
 20.0 1.20792E+05
 20.5 1.19688E+05
 21.0 1.18369E+05
 21.5 1.16865E+05
 22.0 1.15205E+05
 22.5 1.13413E+05
 23.0 1.11515E+05
 23.5 1.09530E+05
 24.0 1.07477E+05
 24.5 1.05374E+05
 25.0 1.03235E+05
 25.5 1.01072E+05
 26.0 9.88976E+04
 26.5 9.67203E+04
 27.0 9.45485E+04
 27.5 9.23893E+04
 28.0 9.02484E+04
 28.5 8.81308E+04
 29.0 8.60405E+04
 29.5 8.39807E+04
 30.0 8.19540E+04
 30.5 7.99625E+04
 31.0 7.80077E+04
 31.5 7.60907E+04
 32.0 7.42121E+04
 32.5 7.23725E+04
 33.0 7.05718E+04
 33.5 6.88101E+04
 34.0 6.70870E+04
 34.5 6.54021E+04
 35.0 6.37548E+04
 35.5 6.21444E+04
 36.0 6.05701E+04
 36.5 5.90310E+04
 37.0 5.75263E+04
 37.5 5.60549E+04
 38.0 5.46160E+04
 38.5 5.32084E+04
 39.0 5.18313E+04
 39.5 5.04836E+04
 40.0 4.91643E+04
 40.5 4.78724E+04
 41.0 4.66068E+04
 41.5 4.53668E+04
 42.0 4.41512E+04
 42.5 4.29593E+04
 43.0 4.17899E+04
 43.5 4.06425E+04
 44.0 3.95160E+04
 44.5 3.84096E+04
 45.0 3.73226E+04
 45.5 3.62542E+04
 46.0 3.52037E+04
 46.5 3.41703E+04
 47.0 3.31535E+04
 47.5 3.21525E+04
 48.0 3.11667E+04
 48.5 3.01956E+04
 49.0 2.92385E+04
 49.5 2.82951E+04
 50.0 2.73646E+04
 50.5 2.64468E+04
 51.0 2.55410E+04
 51.5 2.46470E+04
 52.0 2.37642E+04
 52.5 2.28922E+04
 53.0 2.20308E+04
 53.5 2.11796E+04
 54.0 2.03382E+04
 54.5 1.95064E+04
 55.0 1.86838E+04
 55.5 1.78702E+04
 56.0 1.70654E+04
 56.5 1.62691E+04
 57.0 1.54812E+04
 57.5 1.47013E+04
 58.0 1.39294E+04
 58.5 1.31653E+04
 59.0 1.24088E+04
 59.5 1.16598E+04
 60.0 1.09182E+04
 60.5 1.01839E+04
 61.0 9.45666E+03
 61.5 8.73654E+03
 62.0 8.02343E+03
 62.5 7.31727E+03
 63.0 6.61800E+03
 63.5 5.92559E+03
 64.0 5.24000E+03
 64.5 4.56121E+03
 65.0 3.88922E+03
 65.5 3.22401E+03
 66.0 2.56560E+03
 66.5 1.91400E+03
 67.0 1.26922E+03
 67.5 6.31308E+02
 68.0 5.24410E+01
