069K08D0W2
  0.5 0.00000E+00
  1.0 0.00000E+00
  1.5 0.00000E+00
  2.0 0.00000E+00
  2.5 0.00000E+00
  3.0 0.00000E+00
  3.5 1.81581E+04
  4.0 2.43330E+04
  4.5 3.07139E+04
  5.0 3.72790E+04
  5.5 4.40206E+04
  6.0 5.09371E+04
  6.5 5.80306E+04
  7.0 6.53077E+04
  7.5 7.27793E+04
  8.0 8.04569E+04
  8.5 9.51244E+05
  9.0 9.64092E+04
  9.5 7.72822E+05
 10.0 6.46992E+05
 10.5 4.35036E+04
 11.0 4.64550E+04
 11.5 1.06923E+05
 12.0 3.51452E+04
 12.5 3.24823E+04
 13.0 3.42517E+04
 13.5 3.60190E+04
 14.0 3.77826E+04
 14.5 3.95399E+04
 15.0 4.12876E+04
 15.5 4.30209E+04
 16.0 4.47339E+04
 16.5 4.64193E+04
 17.0 4.80684E+04
 17.5 4.96719E+04
 18.0 5.12199E+04
 18.5 5.27022E+04
 19.0 5.41093E+04
 19.5 5.54320E+04
 20.0 5.66625E+04
 20.5 5.77938E+04
 21.0 5.88206E+04
 21.5 5.97390E+04
 22.0 6.05467E+04
 22.5 6.12425E+04
 23.0 6.18268E+04
 23.5 6.23009E+04
 24.0 6.26675E+04
 24.5 6.29296E+04
 25.0 6.30915E+04
 25.5 6.31576E+04
 26.0 6.31329E+04
 26.5 6.30227E+04
 27.0 6.28323E+04
 27.5 6.25673E+04
 28.0 6.22331E+04
 28.5 6.18351E+04
 29.0 6.13785E+04
 29.5 6.08684E+04
 30.0 6.03097E+04
 30.5 5.97068E+04
 31.0 5.90643E+04
 31.5 5.83861E+04
 32.0 5.76762E+04
 32.5 5.69380E+04
 33.0 5.61749E+04
 33.5 5.53900E+04
 34.0 5.45860E+04
 34.5 5.37656E+04
 35.0 5.29310E+04
 35.5 5.20845E+04
 36.0 5.12280E+04
 36.5 5.03632E+04
 37.0 4.94918E+04
 37.5 4.86152E+04
 38.0 4.77347E+04
 38.5 4.68514E+04
 39.0 4.59665E+04
 39.5 4.50808E+04
 40.0 4.41950E+04
 40.5 4.33101E+04
 41.0 4.24265E+04
 41.5 4.15449E+04
 42.0 4.06657E+04
 42.5 3.97894E+04
 43.0 3.89163E+04
 43.5 3.80468E+04
 44.0 3.71811E+04
 44.5 3.63195E+04
 45.0 3.54621E+04
 45.5 3.46091E+04
 46.0 3.37607E+04
 46.5 3.29169E+04
 47.0 3.20779E+04
 47.5 3.12436E+04
 48.0 3.04142E+04
 48.5 2.95897E+04
 49.0 2.87701E+04
 49.5 2.79555E+04
 50.0 2.71458E+04
 50.5 2.63410E+04
 51.0 2.55411E+04
 51.5 2.47462E+04
 52.0 2.39561E+04
 52.5 2.31710E+04
 53.0 2.23907E+04
 53.5 2.16153E+04
 54.0 2.08446E+04
 54.5 2.00789E+04
 55.0 1.93179E+04
 55.5 1.85617E+04
 56.0 1.78102E+04
 56.5 1.70636E+04
 57.0 1.63217E+04
 57.5 1.55846E+04
 58.0 1.48522E+04
 58.5 1.41246E+04
 59.0 1.34018E+04
 59.5 1.26838E+04
 60.0 1.19706E+04
 60.5 1.12622E+04
 61.0 1.05586E+04
 61.5 9.86000E+03
 62.0 9.16628E+03
 62.5 8.47751E+03
 63.0 7.79376E+03
 63.5 7.11505E+03
 64.0 6.44144E+03
 64.5 5.77299E+03
 65.0 5.10975E+03
 65.5 4.45180E+03
 66.0 3.79920E+03
 66.5 3.15202E+03
 67.0 2.51034E+03
 67.5 1.87423E+03
 68.0 1.24379E+03
 68.5 6.19098E+02
 69.0 5.14486E+01
