069K07D0W2
  0.5 0.00000E+00
  1.0 0.00000E+00
  1.5 0.00000E+00
  2.0 0.00000E+00
  2.5 0.00000E+00
  3.0 0.00000E+00
  3.5 1.51294E+04
  4.0 2.05612E+04
  4.5 2.61705E+04
  5.0 3.19290E+04
  5.5 3.78253E+04
  6.0 4.38548E+04
  6.5 5.00160E+04
  7.0 5.63101E+04
  7.5 6.27416E+04
  8.0 6.93171E+04
  8.5 7.11988E+05
  9.0 8.29120E+04
  9.5 6.27864E+05
 10.0 5.26360E+05
 10.5 3.75441E+04
 11.0 4.00909E+04
 11.5 8.24775E+04
 12.0 3.03438E+04
 12.5 2.80483E+04
 13.0 2.95814E+04
 13.5 3.11102E+04
 14.0 3.26338E+04
 14.5 3.41509E+04
 15.0 3.56600E+04
 15.5 3.71589E+04
 16.0 3.86447E+04
 16.5 4.01136E+04
 17.0 4.15611E+04
 17.5 4.29816E+04
 18.0 4.43688E+04
 18.5 4.57158E+04
 19.0 4.70154E+04
 19.5 4.82605E+04
 20.0 4.94438E+04
 20.5 5.05589E+04
 21.0 5.15997E+04
 21.5 5.25612E+04
 22.0 5.34393E+04
 22.5 5.42307E+04
 23.0 5.49335E+04
 23.5 5.55464E+04
 24.0 5.60694E+04
 24.5 5.65030E+04
 25.0 5.68487E+04
 25.5 5.71086E+04
 26.0 5.72855E+04
 26.5 5.73823E+04
 27.0 5.74027E+04
 27.5 5.73503E+04
 28.0 5.72291E+04
 28.5 5.70431E+04
 29.0 5.67964E+04
 29.5 5.64931E+04
 30.0 5.61371E+04
 30.5 5.57325E+04
 31.0 5.52830E+04
 31.5 5.47922E+04
 32.0 5.42637E+04
 32.5 5.37009E+04
 33.0 5.31067E+04
 33.5 5.24843E+04
 34.0 5.18363E+04
 34.5 5.11654E+04
 35.0 5.04740E+04
 35.5 4.97643E+04
 36.0 4.90384E+04
 36.5 4.82983E+04
 37.0 4.75455E+04
 37.5 4.67819E+04
 38.0 4.60088E+04
 38.5 4.52276E+04
 39.0 4.44395E+04
 39.5 4.36457E+04
 40.0 4.28472E+04
 40.5 4.20448E+04
 41.0 4.12395E+04
 41.5 4.04319E+04
 42.0 3.96228E+04
 42.5 3.88128E+04
 43.0 3.80023E+04
 43.5 3.71919E+04
 44.0 3.63821E+04
 44.5 3.55732E+04
 45.0 3.47656E+04
 45.5 3.39595E+04
 46.0 3.31553E+04
 46.5 3.23532E+04
 47.0 3.15534E+04
 47.5 3.07561E+04
 48.0 2.99615E+04
 48.5 2.91697E+04
 49.0 2.83809E+04
 49.5 2.75952E+04
 50.0 2.68126E+04
 50.5 2.60333E+04
 51.0 2.52573E+04
 51.5 2.44848E+04
 52.0 2.37157E+04
 52.5 2.29502E+04
 53.0 2.21883E+04
 53.5 2.14300E+04
 54.0 2.06755E+04
 54.5 1.99246E+04
 55.0 1.91776E+04
 55.5 1.84344E+04
 56.0 1.76950E+04
 56.5 1.69596E+04
 57.0 1.62281E+04
 57.5 1.55007E+04
 58.0 1.47772E+04
 58.5 1.40578E+04
 59.0 1.33426E+04
 59.5 1.26316E+04
 60.0 1.19247E+04
 60.5 1.12222E+04
 61.0 1.05240E+04
 61.5 9.83019E+03
 62.0 9.14086E+03
 62.5 8.45604E+03
 63.0 7.77582E+03
 63.5 7.10026E+03
 64.0 6.42944E+03
 64.5 5.76344E+03
 65.0 5.10233E+03
 65.5 4.44620E+03
 66.0 3.79513E+03
 66.5 3.14921E+03
 67.0 2.50853E+03
 67.5 1.87320E+03
 68.0 1.24331E+03
 68.5 6.18950E+02
 69.0 5.14409E+01
