069K11D0W2
  0.5 0.00000E+00
  1.0 0.00000E+00
  1.5 0.00000E+00
  2.0 0.00000E+00
  2.5 0.00000E+00
  3.0 0.00000E+00
  3.5 2.74887E+04
  4.0 3.59020E+04
  4.5 4.46397E+04
  5.0 5.36963E+04
  5.5 6.30774E+04
  6.0 7.27983E+04
  6.5 8.28852E+04
  7.0 9.33732E+04
  7.5 1.04288E+05
  8.0 1.15607E+05
  8.5 1.67539E+06
  9.0 1.38908E+05
  9.5 1.16266E+06
 10.0 9.71711E+05
 10.5 6.20604E+04
 11.0 6.63228E+04
 11.5 1.85753E+05
 12.0 5.00510E+04
 12.5 4.62304E+04
 13.0 4.87570E+04
 13.5 5.12831E+04
 14.0 5.37983E+04
 14.5 5.62885E+04
 15.0 5.87369E+04
 15.5 6.11242E+04
 16.0 6.34296E+04
 16.5 6.56323E+04
 17.0 6.77121E+04
 17.5 6.96511E+04
 18.0 7.14335E+04
 18.5 7.30469E+04
 19.0 7.44823E+04
 19.5 7.57339E+04
 20.0 7.67993E+04
 20.5 7.76789E+04
 21.0 7.83759E+04
 21.5 7.88954E+04
 22.0 7.92448E+04
 22.5 7.94323E+04
 23.0 7.94674E+04
 23.5 7.93604E+04
 24.0 7.91218E+04
 24.5 7.87623E+04
 25.0 7.82924E+04
 25.5 7.77226E+04
 26.0 7.70628E+04
 26.5 7.63228E+04
 27.0 7.55115E+04
 27.5 7.46374E+04
 28.0 7.37086E+04
 28.5 7.27323E+04
 29.0 7.17154E+04
 29.5 7.06640E+04
 30.0 6.95837E+04
 30.5 6.84796E+04
 31.0 6.73565E+04
 31.5 6.62184E+04
 32.0 6.50690E+04
 32.5 6.39116E+04
 33.0 6.27492E+04
 33.5 6.15843E+04
 34.0 6.04193E+04
 34.5 5.92561E+04
 35.0 5.80964E+04
 35.5 5.69418E+04
 36.0 5.57934E+04
 36.5 5.46525E+04
 37.0 5.35199E+04
 37.5 5.23964E+04
 38.0 5.12826E+04
 38.5 5.01790E+04
 39.0 4.90861E+04
 39.5 4.80041E+04
 40.0 4.69332E+04
 40.5 4.58737E+04
 41.0 4.48256E+04
 41.5 4.37889E+04
 42.0 4.27637E+04
 42.5 4.17498E+04
 43.0 4.07472E+04
 43.5 3.97557E+04
 44.0 3.87753E+04
 44.5 3.78057E+04
 45.0 3.68468E+04
 45.5 3.58983E+04
 46.0 3.49602E+04
 46.5 3.40321E+04
 47.0 3.31138E+04
 47.5 3.22052E+04
 48.0 3.13060E+04
 48.5 3.04159E+04
 49.0 2.95349E+04
 49.5 2.86626E+04
 50.0 2.77989E+04
 50.5 2.69435E+04
 51.0 2.60962E+04
 51.5 2.52570E+04
 52.0 2.44254E+04
 52.5 2.36015E+04
 53.0 2.27850E+04
 53.5 2.19758E+04
 54.0 2.11737E+04
 54.5 2.03785E+04
 55.0 1.95902E+04
 55.5 1.88086E+04
 56.0 1.80336E+04
 56.5 1.72650E+04
 57.0 1.65028E+04
 57.5 1.57469E+04
 58.0 1.49972E+04
 58.5 1.42536E+04
 59.0 1.35161E+04
 59.5 1.27845E+04
 60.0 1.20589E+04
 60.5 1.13392E+04
 61.0 1.06254E+04
 61.5 9.91741E+03
 62.0 9.21522E+03
 62.5 8.51884E+03
 63.0 7.82826E+03
 63.5 7.14347E+03
 64.0 6.46449E+03
 64.5 5.79133E+03
 65.0 5.12402E+03
 65.5 4.46257E+03
 66.0 3.80702E+03
 66.5 3.15742E+03
 67.0 2.51380E+03
 67.5 1.87621E+03
 68.0 1.24472E+03
 68.5 6.19382E+02
 69.0 5.14633E+01
