069K18D0W2
  0.5 0.00000E+00
  1.0 0.00000E+00
  1.5 0.00000E+00
  2.0 0.00000E+00
  2.5 0.00000E+00
  3.0 0.00000E+00
  3.5 5.06126E+04
  4.0 6.45338E+04
  4.5 7.92116E+04
  5.0 9.47055E+04
  5.5 1.11117E+05
  6.0 1.28583E+05
  6.5 1.47184E+05
  7.0 1.66783E+05
  7.5 1.86918E+05
  8.0 2.06845E+05
  8.5 3.08363E+06
  9.0 2.42739E+05
  9.5 1.82217E+06
 10.0 1.52137E+06
 10.5 1.09825E+05
 11.0 1.17189E+05
 11.5 3.60639E+05
 12.0 8.81385E+04
 12.5 8.12810E+04
 13.0 8.55995E+04
 13.5 8.97623E+04
 14.0 9.37094E+04
 14.5 9.73850E+04
 15.0 1.00742E+05
 15.5 1.03742E+05
 16.0 1.06360E+05
 16.5 1.08581E+05
 17.0 1.10401E+05
 17.5 1.11824E+05
 18.0 1.12862E+05
 18.5 1.13535E+05
 19.0 1.13864E+05
 19.5 1.13875E+05
 20.0 1.13596E+05
 20.5 1.13054E+05
 21.0 1.12278E+05
 21.5 1.11294E+05
 22.0 1.10128E+05
 22.5 1.08805E+05
 23.0 1.07347E+05
 23.5 1.05776E+05
 24.0 1.04111E+05
 24.5 1.02369E+05
 25.0 1.00565E+05
 25.5 9.87130E+04
 26.0 9.68261E+04
 26.5 9.49145E+04
 27.0 9.29880E+04
 27.5 9.10546E+04
 28.0 8.91217E+04
 28.5 8.71951E+04
 29.0 8.52802E+04
 29.5 8.33815E+04
 30.0 8.15025E+04
 30.5 7.96464E+04
 31.0 7.78156E+04
 31.5 7.60121E+04
 32.0 7.42375E+04
 32.5 7.24931E+04
 33.0 7.07796E+04
 33.5 6.90976E+04
 34.0 6.74474E+04
 34.5 6.58293E+04
 35.0 6.42431E+04
 35.5 6.26886E+04
 36.0 6.11655E+04
 36.5 5.96734E+04
 37.0 5.82116E+04
 37.5 5.67797E+04
 38.0 5.53770E+04
 38.5 5.40026E+04
 39.0 5.26560E+04
 39.5 5.13364E+04
 40.0 5.00429E+04
 40.5 4.87747E+04
 41.0 4.75312E+04
 41.5 4.63114E+04
 42.0 4.51146E+04
 42.5 4.39400E+04
 43.0 4.27868E+04
 43.5 4.16544E+04
 44.0 4.05418E+04
 44.5 3.94485E+04
 45.0 3.83737E+04
 45.5 3.73168E+04
 46.0 3.62770E+04
 46.5 3.52537E+04
 47.0 3.42464E+04
 47.5 3.32544E+04
 48.0 3.22772E+04
 48.5 3.13142E+04
 49.0 3.03649E+04
 49.5 2.94288E+04
 50.0 2.85055E+04
 50.5 2.75943E+04
 51.0 2.66950E+04
 51.5 2.58072E+04
 52.0 2.49303E+04
 52.5 2.40641E+04
 53.0 2.32082E+04
 53.5 2.23622E+04
 54.0 2.15260E+04
 54.5 2.06990E+04
 55.0 1.98812E+04
 55.5 1.90721E+04
 56.0 1.82717E+04
 56.5 1.74796E+04
 57.0 1.66956E+04
 57.5 1.59195E+04
 58.0 1.51513E+04
 58.5 1.43906E+04
 59.0 1.36373E+04
 59.5 1.28913E+04
 60.0 1.21525E+04
 60.5 1.14208E+04
 61.0 1.06960E+04
 61.5 9.97807E+03
 62.0 9.26691E+03
 62.5 8.56246E+03
 63.0 7.86465E+03
 63.5 7.17344E+03
 64.0 6.48878E+03
 64.5 5.81065E+03
 65.0 5.13903E+03
 65.5 4.47390E+03
 66.0 3.81525E+03
 66.5 3.16309E+03
 67.0 2.51743E+03
 67.5 1.87829E+03
 68.0 1.24570E+03
 68.5 6.19680E+02
 69.0 5.14788E+01
