069K10D0W2
  0.5 0.00000E+00
  1.0 0.00000E+00
  1.5 0.00000E+00
  2.0 0.00000E+00
  2.5 0.00000E+00
  3.0 0.00000E+00
  3.5 2.43409E+04
  4.0 3.20039E+04
  4.5 3.99470E+04
  5.0 4.81595E+04
  5.5 5.66416E+04
  6.0 6.54011E+04
  6.5 7.44538E+04
  7.0 8.38238E+04
  7.5 9.35359E+04
  8.0 1.03593E+05
  8.5 1.43820E+06
  9.0 1.24452E+05
  9.5 1.04084E+06
 10.0 8.70202E+05
 10.5 5.57542E+04
 11.0 5.95651E+04
 11.5 1.59133E+05
 12.0 4.49934E+04
 12.5 4.15684E+04
 13.0 4.38353E+04
 13.5 4.61031E+04
 14.0 4.83657E+04
 14.5 5.06142E+04
 15.0 5.28377E+04
 15.5 5.50223E+04
 16.0 5.71526E+04
 16.5 5.92121E+04
 17.0 6.11837E+04
 17.5 6.30512E+04
 18.0 6.47995E+04
 18.5 6.64155E+04
 19.0 6.78885E+04
 19.5 6.92103E+04
 20.0 7.03753E+04
 20.5 7.13808E+04
 21.0 7.22261E+04
 21.5 7.29130E+04
 22.0 7.34450E+04
 22.5 7.38273E+04
 23.0 7.40662E+04
 23.5 7.41692E+04
 24.0 7.41442E+04
 24.5 7.39998E+04
 25.0 7.37448E+04
 25.5 7.33878E+04
 26.0 7.29376E+04
 26.5 7.24027E+04
 27.0 7.17913E+04
 27.5 7.11112E+04
 28.0 7.03698E+04
 28.5 6.95742E+04
 29.0 6.87308E+04
 29.5 6.78457E+04
 30.0 6.69244E+04
 30.5 6.59722E+04
 31.0 6.49936E+04
 31.5 6.39931E+04
 32.0 6.29743E+04
 32.5 6.19409E+04
 33.0 6.08961E+04
 33.5 5.98425E+04
 34.0 5.87827E+04
 34.5 5.77190E+04
 35.0 5.66534E+04
 35.5 5.55875E+04
 36.0 5.45229E+04
 36.5 5.34610E+04
 37.0 5.24028E+04
 37.5 5.13495E+04
 38.0 5.03018E+04
 38.5 4.92605E+04
 39.0 4.82262E+04
 39.5 4.71994E+04
 40.0 4.61805E+04
 40.5 4.51699E+04
 41.0 4.41677E+04
 41.5 4.31743E+04
 42.0 4.21896E+04
 42.5 4.12140E+04
 43.0 4.02473E+04
 43.5 3.92895E+04
 44.0 3.83408E+04
 44.5 3.74010E+04
 45.0 3.64700E+04
 45.5 3.55479E+04
 46.0 3.46343E+04
 46.5 3.37294E+04
 47.0 3.28328E+04
 47.5 3.19445E+04
 48.0 3.10644E+04
 48.5 3.01923E+04
 49.0 2.93280E+04
 49.5 2.84714E+04
 50.0 2.76224E+04
 50.5 2.67807E+04
 51.0 2.59464E+04
 51.5 2.51191E+04
 52.0 2.42989E+04
 52.5 2.34855E+04
 53.0 2.26788E+04
 53.5 2.18787E+04
 54.0 2.10851E+04
 54.5 2.02979E+04
 55.0 1.95170E+04
 55.5 1.87422E+04
 56.0 1.79735E+04
 56.5 1.72109E+04
 57.0 1.64542E+04
 57.5 1.57033E+04
 58.0 1.49583E+04
 58.5 1.42190E+04
 59.0 1.34854E+04
 59.5 1.27575E+04
 60.0 1.20352E+04
 60.5 1.13186E+04
 61.0 1.06075E+04
 61.5 9.90202E+03
 62.0 9.20211E+03
 62.5 8.50777E+03
 63.0 7.81902E+03
 63.5 7.13586E+03
 64.0 6.45832E+03
 64.5 5.78642E+03
 65.0 5.12020E+03
 65.5 4.45969E+03
 66.0 3.80493E+03
 66.5 3.15597E+03
 67.0 2.51287E+03
 67.5 1.87568E+03
 68.0 1.24447E+03
 68.5 6.19306E+02
 69.0 5.14594E+01
