069K13D0W2
  0.5 0.00000E+00
  1.0 0.00000E+00
  1.5 0.00000E+00
  2.0 0.00000E+00
  2.5 0.00000E+00
  3.0 0.00000E+00
  3.5 3.38949E+04
  4.0 4.38299E+04
  4.5 5.41908E+04
  5.0 6.49843E+04
  5.5 7.62309E+04
  6.0 8.79682E+04
  6.5 1.00251E+05
  7.0 1.13129E+05
  7.5 1.26592E+05
  8.0 1.40503E+05
  8.5 2.12496E+06
  9.0 1.68389E+05
  9.5 1.38297E+06
 10.0 1.15533E+06
 10.5 7.50611E+04
 11.0 8.02495E+04
 11.5 2.38372E+05
 12.0 6.04529E+04
 12.5 5.58105E+04
 13.0 5.88693E+04
 13.5 6.19126E+04
 14.0 6.49174E+04
 14.5 6.78564E+04
 15.0 7.07000E+04
 15.5 7.34180E+04
 16.0 7.59814E+04
 16.5 7.83639E+04
 17.0 8.05431E+04
 17.5 8.25020E+04
 18.0 8.42280E+04
 18.5 8.57140E+04
 19.0 8.69576E+04
 19.5 8.79609E+04
 20.0 8.87294E+04
 20.5 8.92718E+04
 21.0 8.95989E+04
 21.5 8.97235E+04
 22.0 8.96597E+04
 22.5 8.94219E+04
 23.0 8.90251E+04
 23.5 8.84842E+04
 24.0 8.78136E+04
 24.5 8.70273E+04
 25.0 8.61389E+04
 25.5 8.51606E+04
 26.0 8.41044E+04
 26.5 8.29812E+04
 27.0 8.18008E+04
 27.5 8.05726E+04
 28.0 7.93047E+04
 28.5 7.80046E+04
 29.0 7.66793E+04
 29.5 7.53345E+04
 30.0 7.39758E+04
 30.5 7.26078E+04
 31.0 7.12348E+04
 31.5 6.98603E+04
 32.0 6.84877E+04
 32.5 6.71196E+04
 33.0 6.57585E+04
 33.5 6.44063E+04
 34.0 6.30648E+04
 34.5 6.17355E+04
 35.0 6.04195E+04
 35.5 5.91178E+04
 36.0 5.78312E+04
 36.5 5.65602E+04
 37.0 5.53054E+04
 37.5 5.40671E+04
 38.0 5.28454E+04
 38.5 5.16405E+04
 39.0 5.04524E+04
 39.5 4.92810E+04
 40.0 4.81263E+04
 40.5 4.69880E+04
 41.0 4.58659E+04
 41.5 4.47598E+04
 42.0 4.36694E+04
 42.5 4.25944E+04
 43.0 4.15345E+04
 43.5 4.04892E+04
 44.0 3.94583E+04
 44.5 3.84414E+04
 45.0 3.74381E+04
 45.5 3.64480E+04
 46.0 3.54708E+04
 46.5 3.45061E+04
 47.0 3.35536E+04
 47.5 3.26129E+04
 48.0 3.16836E+04
 48.5 3.07654E+04
 49.0 2.98579E+04
 49.5 2.89610E+04
 50.0 2.80741E+04
 50.5 2.71972E+04
 51.0 2.63297E+04
 51.5 2.54716E+04
 52.0 2.46225E+04
 52.5 2.37821E+04
 53.0 2.29503E+04
 53.5 2.21268E+04
 54.0 2.13114E+04
 54.5 2.05039E+04
 55.0 1.97040E+04
 55.5 1.89117E+04
 56.0 1.81268E+04
 56.5 1.73490E+04
 57.0 1.65783E+04
 57.5 1.58145E+04
 58.0 1.50576E+04
 58.5 1.43073E+04
 59.0 1.35636E+04
 59.5 1.28264E+04
 60.0 1.20957E+04
 60.5 1.13712E+04
 61.0 1.06531E+04
 61.5 9.94121E+03
 62.0 9.23551E+03
 62.5 8.53596E+03
 63.0 7.84255E+03
 63.5 7.15524E+03
 64.0 6.47403E+03
 64.5 5.79892E+03
 65.0 5.12992E+03
 65.5 4.46702E+03
 66.0 3.81026E+03
 66.5 3.15965E+03
 67.0 2.51523E+03
 67.5 1.87703E+03
 68.0 1.24511E+03
 68.5 6.19499E+02
 69.0 5.14694E+01
