069K17D0W2
  0.5 0.00000E+00
  1.0 0.00000E+00
  1.5 0.00000E+00
  2.0 0.00000E+00
  2.5 0.00000E+00
  3.0 0.00000E+00
  3.5 4.71810E+04
  4.0 6.02796E+04
  4.5 7.40593E+04
  5.0 8.85651E+04
  5.5 1.03876E+05
  6.0 1.20107E+05
  6.5 1.37350E+05
  7.0 1.55548E+05
  7.5 1.74370E+05
  8.0 1.93215E+05
  8.5 2.91012E+06
  9.0 2.27987E+05
  9.5 1.74498E+06
 10.0 1.45705E+06
 10.5 1.02628E+05
 11.0 1.09596E+05
 11.5 3.37430E+05
 12.0 8.24186E+04
 12.5 7.60199E+04
 13.0 8.01076E+04
 13.5 8.40801E+04
 14.0 8.78836E+04
 14.5 9.14659E+04
 15.0 9.47805E+04
 15.5 9.77884E+04
 16.0 1.00460E+05
 16.5 1.02776E+05
 17.0 1.04726E+05
 17.5 1.06309E+05
 18.0 1.07531E+05
 18.5 1.08406E+05
 19.0 1.08950E+05
 19.5 1.09185E+05
 20.0 1.09134E+05
 20.5 1.08821E+05
 21.0 1.08271E+05
 21.5 1.07511E+05
 22.0 1.06563E+05
 22.5 1.05450E+05
 23.0 1.04196E+05
 23.5 1.02819E+05
 24.0 1.01339E+05
 24.5 9.97722E+04
 25.0 9.81349E+04
 25.5 9.64407E+04
 26.0 9.47021E+04
 26.5 9.29303E+04
 27.0 9.11348E+04
 27.5 8.93245E+04
 28.0 8.75068E+04
 28.5 8.56881E+04
 29.0 8.38742E+04
 29.5 8.20698E+04
 30.0 8.02789E+04
 30.5 7.85051E+04
 31.0 7.67511E+04
 31.5 7.50193E+04
 32.0 7.33116E+04
 32.5 7.16296E+04
 33.0 6.99743E+04
 33.5 6.83466E+04
 34.0 6.67471E+04
 34.5 6.51762E+04
 35.0 6.36341E+04
 35.5 6.21207E+04
 36.0 6.06360E+04
 36.5 5.91797E+04
 37.0 5.77514E+04
 37.5 5.63506E+04
 38.0 5.49770E+04
 38.5 5.36298E+04
 39.0 5.23086E+04
 39.5 5.10127E+04
 40.0 4.97413E+04
 40.5 4.84939E+04
 41.0 4.72697E+04
 41.5 4.60679E+04
 42.0 4.48880E+04
 42.5 4.37292E+04
 43.0 4.25908E+04
 43.5 4.14721E+04
 44.0 4.03725E+04
 44.5 3.92912E+04
 45.0 3.82277E+04
 45.5 3.71812E+04
 46.0 3.61513E+04
 46.5 3.51372E+04
 47.0 3.41385E+04
 47.5 3.31546E+04
 48.0 3.21849E+04
 48.5 3.12289E+04
 49.0 3.02861E+04
 49.5 2.93561E+04
 50.0 2.84385E+04
 50.5 2.75327E+04
 51.0 2.66383E+04
 51.5 2.57551E+04
 52.0 2.48826E+04
 52.5 2.40204E+04
 53.0 2.31682E+04
 53.5 2.23258E+04
 54.0 2.14927E+04
 54.5 2.06688E+04
 55.0 1.98537E+04
 55.5 1.90473E+04
 56.0 1.82493E+04
 56.5 1.74594E+04
 57.0 1.66774E+04
 57.5 1.59033E+04
 58.0 1.51368E+04
 58.5 1.43777E+04
 59.0 1.36259E+04
 59.5 1.28813E+04
 60.0 1.21438E+04
 60.5 1.14132E+04
 61.0 1.06894E+04
 61.5 9.97238E+03
 62.0 9.26207E+03
 62.5 8.55837E+03
 63.0 7.86124E+03
 63.5 7.17063E+03
 64.0 6.48651E+03
 64.5 5.80884E+03
 65.0 5.13762E+03
 65.5 4.47283E+03
 66.0 3.81448E+03
 66.5 3.16256E+03
 67.0 2.51709E+03
 67.5 1.87810E+03
 68.0 1.24561E+03
 68.5 6.19652E+02
 69.0 5.14773E+01
