069K14D0W2
  0.5 0.00000E+00
  1.0 0.00000E+00
  1.5 0.00000E+00
  2.0 0.00000E+00
  2.5 0.00000E+00
  3.0 0.00000E+00
  3.5 3.71547E+04
  4.0 4.78639E+04
  4.5 5.90561E+04
  5.0 7.07453E+04
  5.5 8.29627E+04
  6.0 9.57612E+04
  6.5 1.09211E+05
  7.0 1.23359E+05
  7.5 1.38149E+05
  8.0 1.53353E+05
  8.5 2.33557E+06
  9.0 1.83290E+05
  9.5 1.48248E+06
 10.0 1.23827E+06
 10.5 8.17598E+04
 11.0 8.74114E+04
 11.5 2.64024E+05
 12.0 6.58006E+04
 12.5 6.07325E+04
 13.0 6.40579E+04
 13.5 6.73523E+04
 14.0 7.05850E+04
 14.5 7.37216E+04
 15.0 7.67268E+04
 15.5 7.95657E+04
 16.0 8.22072E+04
 16.5 8.46244E+04
 17.0 8.67963E+04
 17.5 8.87080E+04
 18.0 9.03507E+04
 18.5 9.17214E+04
 19.0 9.28223E+04
 19.5 9.36599E+04
 20.0 9.42442E+04
 20.5 9.45882E+04
 21.0 9.47068E+04
 21.5 9.46161E+04
 22.0 9.43332E+04
 22.5 9.38753E+04
 23.0 9.32595E+04
 23.5 9.25025E+04
 24.0 9.16204E+04
 24.5 9.06282E+04
 25.0 8.95403E+04
 25.5 8.83698E+04
 26.0 8.71290E+04
 26.5 8.58291E+04
 27.0 8.44802E+04
 27.5 8.30915E+04
 28.0 8.16712E+04
 28.5 8.02268E+04
 29.0 7.87647E+04
 29.5 7.72908E+04
 30.0 7.58101E+04
 30.5 7.43273E+04
 31.0 7.28460E+04
 31.5 7.13697E+04
 32.0 6.99012E+04
 32.5 6.84431E+04
 33.0 6.69974E+04
 33.5 6.55658E+04
 34.0 6.41498E+04
 34.5 6.27505E+04
 35.0 6.13689E+04
 35.5 6.00056E+04
 36.0 5.86613E+04
 36.5 5.73362E+04
 37.0 5.60307E+04
 37.5 5.47448E+04
 38.0 5.34786E+04
 38.5 5.22319E+04
 39.0 5.10046E+04
 39.5 4.97966E+04
 40.0 4.86075E+04
 40.5 4.74369E+04
 41.0 4.62847E+04
 41.5 4.51503E+04
 42.0 4.40334E+04
 42.5 4.29336E+04
 43.0 4.18503E+04
 43.5 4.07833E+04
 44.0 3.97319E+04
 44.5 3.86959E+04
 45.0 3.76746E+04
 45.5 3.66678E+04
 46.0 3.56748E+04
 46.5 3.46954E+04
 47.0 3.37291E+04
 47.5 3.27755E+04
 48.0 3.18341E+04
 48.5 3.09046E+04
 49.0 2.99866E+04
 49.5 2.90797E+04
 50.0 2.81837E+04
 50.5 2.72981E+04
 51.0 2.64226E+04
 51.5 2.55569E+04
 52.0 2.47008E+04
 52.5 2.38538E+04
 53.0 2.30159E+04
 53.5 2.21867E+04
 54.0 2.13660E+04
 54.5 2.05536E+04
 55.0 1.97491E+04
 55.5 1.89526E+04
 56.0 1.81637E+04
 56.5 1.73823E+04
 57.0 1.66082E+04
 57.5 1.58413E+04
 58.0 1.50815E+04
 58.5 1.43285E+04
 59.0 1.35824E+04
 59.5 1.28430E+04
 60.0 1.21102E+04
 60.5 1.13839E+04
 61.0 1.06641E+04
 61.5 9.95063E+03
 62.0 9.24353E+03
 62.5 8.54273E+03
 63.0 7.84819E+03
 63.5 7.15989E+03
 64.0 6.47780E+03
 64.5 5.80192E+03
 65.0 5.13225E+03
 65.5 4.46878E+03
 66.0 3.81153E+03
 66.5 3.16053E+03
 67.0 2.51579E+03
 67.5 1.87735E+03
 68.0 1.24526E+03
 68.5 6.19545E+02
 69.0 5.14718E+01
