069K20D0W2
  0.5 0.00000E+00
  1.0 0.00000E+00
  1.5 0.00000E+00
  2.0 0.00000E+00
  2.5 0.00000E+00
  3.0 0.00000E+00
  3.5 5.76260E+04
  4.0 7.32379E+04
  4.5 8.97739E+04
  5.0 1.07331E+05
  5.5 1.26065E+05
  6.0 1.46145E+05
  6.5 1.67578E+05
  7.0 1.89999E+05
  7.5 2.12630E+05
  8.0 2.34452E+05
  8.5 3.40643E+06
  9.0 2.71829E+05
  9.5 1.96367E+06
 10.0 1.63928E+06
 10.5 1.24540E+05
 11.0 1.32603E+05
 11.5 4.05189E+05
 12.0 9.98203E+04
 12.5 9.20274E+04
 13.0 9.67560E+04
 13.5 1.01232E+05
 14.0 1.05387E+05
 14.5 1.09162E+05
 15.0 1.12513E+05
 15.5 1.15410E+05
 16.0 1.17837E+05
 16.5 1.19793E+05
 17.0 1.21284E+05
 17.5 1.22330E+05
 18.0 1.22955E+05
 18.5 1.23187E+05
 19.0 1.23060E+05
 19.5 1.22608E+05
 20.0 1.21863E+05
 20.5 1.20861E+05
 21.0 1.19634E+05
 21.5 1.18212E+05
 22.0 1.16623E+05
 22.5 1.14894E+05
 23.0 1.13050E+05
 23.5 1.11111E+05
 24.0 1.09097E+05
 24.5 1.07025E+05
 25.0 1.04912E+05
 25.5 1.02769E+05
 26.0 1.00608E+05
 26.5 9.84405E+04
 27.0 9.62744E+04
 27.5 9.41172E+04
 28.0 9.19751E+04
 28.5 8.98535E+04
 29.0 8.77567E+04
 29.5 8.56884E+04
 30.0 8.36514E+04
 30.5 8.16481E+04
 31.0 7.96803E+04
 31.5 7.77492E+04
 32.0 7.58558E+04
 32.5 7.40006E+04
 33.0 7.21841E+04
 33.5 7.04062E+04
 34.0 6.86667E+04
 34.5 6.69653E+04
 35.0 6.53016E+04
 35.5 6.36749E+04
 36.0 6.20845E+04
 36.5 6.05296E+04
 37.0 5.90094E+04
 37.5 5.75229E+04
 38.0 5.60693E+04
 38.5 5.46476E+04
 39.0 5.32567E+04
 39.5 5.18957E+04
 40.0 5.05637E+04
 40.5 4.92596E+04
 41.0 4.79825E+04
 41.5 4.67313E+04
 42.0 4.55053E+04
 42.5 4.43033E+04
 43.0 4.31246E+04
 43.5 4.19683E+04
 44.0 4.08335E+04
 44.5 3.97193E+04
 45.0 3.86251E+04
 45.5 3.75499E+04
 46.0 3.64931E+04
 46.5 3.54540E+04
 47.0 3.44319E+04
 47.5 3.34261E+04
 48.0 3.24359E+04
 48.5 3.14609E+04
 49.0 3.05003E+04
 49.5 2.95537E+04
 50.0 2.86204E+04
 50.5 2.77002E+04
 51.0 2.67923E+04
 51.5 2.58965E+04
 52.0 2.50122E+04
 52.5 2.41391E+04
 53.0 2.32767E+04
 53.5 2.24248E+04
 54.0 2.15829E+04
 54.5 2.07508E+04
 55.0 1.99282E+04
 55.5 1.91147E+04
 56.0 1.83101E+04
 56.5 1.75141E+04
 57.0 1.67266E+04
 57.5 1.59473E+04
 58.0 1.51761E+04
 58.5 1.44126E+04
 59.0 1.36568E+04
 59.5 1.29085E+04
 60.0 1.21676E+04
 60.5 1.14339E+04
 61.0 1.07073E+04
 61.5 9.98781E+03
 62.0 9.27521E+03
 62.5 8.56945E+03
 63.0 7.87048E+03
 63.5 7.17824E+03
 64.0 6.49267E+03
 64.5 5.81375E+03
 65.0 5.14143E+03
 65.5 4.47571E+03
 66.0 3.81656E+03
 66.5 3.16400E+03
 67.0 2.51801E+03
 67.5 1.87863E+03
 68.0 1.24585E+03
 68.5 6.19728E+02
 69.0 5.14812E+01
