070K06D0W2
  0.5 0.00000E+00
  1.0 0.00000E+00
  1.5 0.00000E+00
  2.0 0.00000E+00
  2.5 0.00000E+00
  3.0 0.00000E+00
  3.5 1.19549E+04
  4.0 1.65881E+04
  4.5 2.13782E+04
  5.0 2.62884E+04
  5.5 3.13032E+04
  6.0 3.64153E+04
  6.5 4.16206E+04
  7.0 4.69171E+04
  7.5 5.23047E+04
  8.0 5.77847E+04
  8.5 4.68593E+05
  9.0 6.90334E+04
  9.5 4.68125E+05
 10.0 3.93540E+05
 10.5 3.13789E+04
 11.0 3.35260E+04
 11.5 5.85244E+04
 12.0 2.53917E+04
 12.5 2.34795E+04
 13.0 2.47808E+04
 13.5 2.60767E+04
 14.0 2.73667E+04
 14.5 2.86499E+04
 15.0 2.99257E+04
 15.5 3.11933E+04
 16.0 3.24514E+04
 16.5 3.36988E+04
 17.0 3.49336E+04
 17.5 3.61537E+04
 18.0 3.73562E+04
 18.5 3.85376E+04
 19.0 3.96942E+04
 19.5 4.08216E+04
 20.0 4.19150E+04
 20.5 4.29696E+04
 21.0 4.39804E+04
 21.5 4.49426E+04
 22.0 4.58517E+04
 22.5 4.67037E+04
 23.0 4.74949E+04
 23.5 4.82223E+04
 24.0 4.88835E+04
 24.5 4.94767E+04
 25.0 5.00010E+04
 25.5 5.04558E+04
 26.0 5.08412E+04
 26.5 5.11579E+04
 27.0 5.14071E+04
 27.5 5.15902E+04
 28.0 5.17091E+04
 28.5 5.17660E+04
 29.0 5.17633E+04
 29.5 5.17037E+04
 30.0 5.15898E+04
 30.5 5.14244E+04
 31.0 5.12103E+04
 31.5 5.09505E+04
 32.0 5.06477E+04
 32.5 5.03047E+04
 33.0 4.99242E+04
 33.5 4.95089E+04
 34.0 4.90612E+04
 34.5 4.85837E+04
 35.0 4.80786E+04
 35.5 4.75482E+04
 36.0 4.69945E+04
 36.5 4.64195E+04
 37.0 4.58250E+04
 37.5 4.52129E+04
 38.0 4.45847E+04
 38.5 4.39419E+04
 39.0 4.32860E+04
 39.5 4.26183E+04
 40.0 4.19400E+04
 40.5 4.12523E+04
 41.0 4.05561E+04
 41.5 3.98524E+04
 42.0 3.91422E+04
 42.5 3.84262E+04
 43.0 3.77052E+04
 43.5 3.69799E+04
 44.0 3.62510E+04
 44.5 3.55189E+04
 45.0 3.47844E+04
 45.5 3.40477E+04
 46.0 3.33094E+04
 46.5 3.25700E+04
 47.0 3.18297E+04
 47.5 3.10889E+04
 48.0 3.03479E+04
 48.5 2.96071E+04
 49.0 2.88667E+04
 49.5 2.81269E+04
 50.0 2.73879E+04
 50.5 2.66500E+04
 51.0 2.59133E+04
 51.5 2.51781E+04
 52.0 2.44444E+04
 52.5 2.37125E+04
 53.0 2.29824E+04
 53.5 2.22543E+04
 54.0 2.15284E+04
 54.5 2.08047E+04
 55.0 2.00834E+04
 55.5 1.93645E+04
 56.0 1.86482E+04
 56.5 1.79346E+04
 57.0 1.72237E+04
 57.5 1.65157E+04
 58.0 1.59533E+04
 58.5 1.51085E+04
 59.0 1.44095E+04
 59.5 1.39616E+04
 60.0 1.30212E+04
 60.5 1.23321E+04
 61.0 1.16464E+04
 61.5 1.09643E+04
 62.0 1.02858E+04
 62.5 9.61105E+03
 63.0 8.94009E+03
 63.5 8.27303E+03
 64.0 7.60995E+03
 64.5 6.95097E+03
 65.0 6.29616E+03
 65.5 5.64563E+03
 66.0 4.99947E+03
 66.5 4.35779E+03
 67.0 3.80035E+03
 67.5 3.08828E+03
 68.0 2.46065E+03
 68.5 1.83792E+03
 69.0 1.24105E+03
 69.5 6.07361E+02
 70.0 5.02733E+01
