070K08D0W2
  0.5 0.00000E+00
  1.0 0.00000E+00
  1.5 0.00000E+00
  2.0 0.00000E+00
  2.5 0.00000E+00
  3.0 0.00000E+00
  3.5 1.78836E+04
  4.0 2.39919E+04
  4.5 3.03057E+04
  5.0 3.68027E+04
  5.5 4.34750E+04
  6.0 5.03205E+04
  6.5 5.73411E+04
  7.0 6.45427E+04
  7.5 7.19354E+04
  8.0 7.95312E+04
  8.5 9.27246E+05
  9.0 9.53248E+04
  9.5 7.63611E+05
 10.0 6.39342E+05
 10.5 4.30801E+04
 11.0 4.60135E+04
 11.5 1.04389E+05
 12.0 3.48355E+04
 12.5 3.22063E+04
 13.0 3.39700E+04
 13.5 3.57326E+04
 14.0 3.74926E+04
 14.5 3.92477E+04
 15.0 4.09949E+04
 15.5 4.27300E+04
 16.0 4.44473E+04
 16.5 4.61400E+04
 17.0 4.77999E+04
 17.5 4.94180E+04
 18.0 5.09846E+04
 18.5 5.24898E+04
 19.0 5.39239E+04
 19.5 5.52775E+04
 20.0 5.65425E+04
 20.5 5.77118E+04
 21.0 5.87794E+04
 21.5 5.97410E+04
 22.0 6.05936E+04
 22.5 6.13357E+04
 23.0 6.19671E+04
 23.5 6.24887E+04
 24.0 6.29025E+04
 24.5 6.32114E+04
 25.0 6.34192E+04
 25.5 6.35301E+04
 26.0 6.35487E+04
 26.5 6.34803E+04
 27.0 6.33300E+04
 27.5 6.31032E+04
 28.0 6.28052E+04
 28.5 6.24415E+04
 29.0 6.20173E+04
 29.5 6.15376E+04
 30.0 6.10073E+04
 30.5 6.04311E+04
 31.0 5.98133E+04
 31.5 5.91583E+04
 32.0 5.84698E+04
 32.5 5.77515E+04
 33.0 5.70069E+04
 33.5 5.62390E+04
 34.0 5.54508E+04
 34.5 5.46449E+04
 35.0 5.38239E+04
 35.5 5.29898E+04
 36.0 5.21448E+04
 36.5 5.12908E+04
 37.0 5.04293E+04
 37.5 4.95620E+04
 38.0 4.86901E+04
 38.5 4.78149E+04
 39.0 4.69375E+04
 39.5 4.60588E+04
 40.0 4.51798E+04
 40.5 4.43013E+04
 41.0 4.34238E+04
 41.5 4.25480E+04
 42.0 4.16744E+04
 42.5 4.08035E+04
 43.0 3.99357E+04
 43.5 3.90713E+04
 44.0 3.82106E+04
 44.5 3.73539E+04
 45.0 3.65014E+04
 45.5 3.56533E+04
 46.0 3.48096E+04
 46.5 3.39706E+04
 47.0 3.31363E+04
 47.5 3.23068E+04
 48.0 3.14822E+04
 48.5 3.06625E+04
 49.0 2.98477E+04
 49.5 2.90379E+04
 50.0 2.82330E+04
 50.5 2.74330E+04
 51.0 2.66380E+04
 51.5 2.58480E+04
 52.0 2.50628E+04
 52.5 2.42825E+04
 53.0 2.35071E+04
 53.5 2.27366E+04
 54.0 2.19709E+04
 54.5 2.12099E+04
 55.0 2.04538E+04
 55.5 1.97024E+04
 56.0 1.89558E+04
 56.5 1.82138E+04
 57.0 1.74766E+04
 57.5 1.67441E+04
 58.0 1.61591E+04
 58.5 1.52931E+04
 59.0 1.45746E+04
 59.5 1.41089E+04
 60.0 1.31517E+04
 60.5 1.24472E+04
 61.0 1.17475E+04
 61.5 1.10526E+04
 62.0 1.03624E+04
 62.5 9.67694E+03
 63.0 8.99632E+03
 63.5 8.32055E+03
 64.0 7.64967E+03
 64.5 6.98372E+03
 65.0 6.32274E+03
 65.5 5.66680E+03
 66.0 5.01595E+03
 66.5 4.37024E+03
 67.0 3.80947E+03
 67.5 3.09453E+03
 68.0 2.46466E+03
 68.5 1.84022E+03
 69.0 1.24215E+03
 69.5 6.07749E+02
 70.0 5.03485E+01
