070K07D0W2
  0.5 0.00000E+00
  1.0 0.00000E+00
  1.5 0.00000E+00
  2.0 0.00000E+00
  2.5 0.00000E+00
  3.0 0.00000E+00
  3.5 1.48936E+04
  4.0 2.02669E+04
  4.5 2.58176E+04
  5.0 3.15172E+04
  5.5 3.73541E+04
  6.0 4.33234E+04
  6.5 4.94234E+04
  7.0 5.56551E+04
  7.5 6.20224E+04
  8.0 6.85317E+04
  8.5 6.89613E+05
  9.0 8.19927E+04
  9.5 6.17596E+05
 10.0 5.17849E+05
 10.5 3.71810E+04
 11.0 3.97132E+04
 11.5 8.02828E+04
 12.0 3.00774E+04
 12.5 2.78107E+04
 13.0 2.93392E+04
 13.5 3.08643E+04
 14.0 3.23849E+04
 14.5 3.39000E+04
 15.0 3.54082E+04
 15.5 3.69075E+04
 16.0 3.83951E+04
 16.5 3.98678E+04
 17.0 4.13210E+04
 17.5 4.27496E+04
 18.0 4.41477E+04
 18.5 4.55084E+04
 19.0 4.68249E+04
 19.5 4.80898E+04
 20.0 4.92962E+04
 20.5 5.04373E+04
 21.0 5.15070E+04
 21.5 5.24999E+04
 22.0 5.34116E+04
 22.5 5.42387E+04
 23.0 5.49786E+04
 23.5 5.56298E+04
 24.0 5.61918E+04
 24.5 5.66650E+04
 25.0 5.70504E+04
 25.5 5.73498E+04
 26.0 5.75657E+04
 26.5 5.77009E+04
 27.0 5.77587E+04
 27.5 5.77428E+04
 28.0 5.76569E+04
 28.5 5.75048E+04
 29.0 5.72907E+04
 29.5 5.70186E+04
 30.0 5.66924E+04
 30.5 5.63161E+04
 31.0 5.58935E+04
 31.5 5.54282E+04
 32.0 5.49239E+04
 32.5 5.43837E+04
 33.0 5.38111E+04
 33.5 5.32089E+04
 34.0 5.25801E+04
 34.5 5.19271E+04
 35.0 5.12527E+04
 35.5 5.05589E+04
 36.0 4.98481E+04
 36.5 4.91221E+04
 37.0 4.83828E+04
 37.5 4.76319E+04
 38.0 4.68708E+04
 38.5 4.61010E+04
 39.0 4.53238E+04
 39.5 4.45403E+04
 40.0 4.37517E+04
 40.5 4.29588E+04
 41.0 4.21625E+04
 41.5 4.13637E+04
 42.0 4.05631E+04
 42.5 3.97612E+04
 43.0 3.89587E+04
 43.5 3.81561E+04
 44.0 3.73538E+04
 44.5 3.65523E+04
 45.0 3.57519E+04
 45.5 3.49529E+04
 46.0 3.41558E+04
 46.5 3.33606E+04
 47.0 3.25676E+04
 47.5 3.17771E+04
 48.0 3.09892E+04
 48.5 3.02040E+04
 49.0 2.94218E+04
 49.5 2.86426E+04
 50.0 2.78665E+04
 50.5 2.70936E+04
 51.0 2.63240E+04
 51.5 2.55579E+04
 52.0 2.47951E+04
 52.5 2.40359E+04
 53.0 2.32802E+04
 53.5 2.25281E+04
 54.0 2.17797E+04
 54.5 2.10349E+04
 55.0 2.02939E+04
 55.5 1.95566E+04
 56.0 1.88231E+04
 56.5 1.80934E+04
 57.0 1.73675E+04
 57.5 1.66456E+04
 58.0 1.60704E+04
 58.5 1.52135E+04
 59.0 1.45035E+04
 59.5 1.40455E+04
 60.0 1.30955E+04
 60.5 1.23977E+04
 61.0 1.17040E+04
 61.5 1.10146E+04
 62.0 1.03294E+04
 62.5 9.64861E+03
 63.0 8.97215E+03
 63.5 8.30012E+03
 64.0 7.63260E+03
 64.5 6.96965E+03
 65.0 6.31132E+03
 65.5 5.65771E+03
 66.0 5.00887E+03
 66.5 4.36490E+03
 67.0 3.80556E+03
 67.5 3.09185E+03
 68.0 2.46294E+03
 68.5 1.83923E+03
 69.0 1.24168E+03
 69.5 6.07582E+02
 70.0 5.03162E+01
