070K14D0W2
  0.5 0.00000E+00
  1.0 0.00000E+00
  1.5 0.00000E+00
  2.0 0.00000E+00
  2.5 0.00000E+00
  3.0 0.00000E+00
  3.5 3.66398E+04
  4.0 4.72292E+04
  4.5 5.82956E+04
  5.0 6.98514E+04
  5.5 8.19254E+04
  6.0 9.45670E+04
  6.5 1.07845E+05
  7.0 1.21811E+05
  7.5 1.36429E+05
  8.0 1.51502E+05
  8.5 2.32371E+06
  9.0 1.81420E+05
  9.5 1.48561E+06
 10.0 1.24085E+06
 10.5 8.09263E+04
 11.0 8.65536E+04
 11.5 2.61560E+05
 12.0 6.52002E+04
 12.5 6.02000E+04
 13.0 6.35201E+04
 13.5 6.68175E+04
 14.0 7.00632E+04
 14.5 7.32240E+04
 15.0 7.62653E+04
 15.5 7.91525E+04
 16.0 8.18537E+04
 16.5 8.43411E+04
 17.0 8.65921E+04
 17.5 8.85901E+04
 18.0 9.03244E+04
 18.5 9.17903E+04
 19.0 9.29881E+04
 19.5 9.39227E+04
 20.0 9.46028E+04
 20.5 9.50401E+04
 21.0 9.52485E+04
 21.5 9.52435E+04
 22.0 9.50414E+04
 22.5 9.46590E+04
 23.0 9.41134E+04
 23.5 9.34209E+04
 24.0 9.25976E+04
 24.5 9.16589E+04
 25.0 9.06190E+04
 25.5 8.94915E+04
 26.0 8.82887E+04
 26.5 8.70222E+04
 27.0 8.57023E+04
 27.5 8.43386E+04
 28.0 8.29396E+04
 28.5 8.15130E+04
 29.0 8.00657E+04
 29.5 7.86036E+04
 30.0 7.71323E+04
 30.5 7.56564E+04
 31.0 7.41801E+04
 31.5 7.27069E+04
 32.0 7.12399E+04
 32.5 6.97818E+04
 33.0 6.83349E+04
 33.5 6.69010E+04
 34.0 6.54818E+04
 34.5 6.40786E+04
 35.0 6.26923E+04
 35.5 6.13239E+04
 36.0 5.99740E+04
 36.5 5.86430E+04
 37.0 5.73314E+04
 37.5 5.60392E+04
 38.0 5.47666E+04
 38.5 5.35135E+04
 39.0 5.22799E+04
 39.5 5.10655E+04
 40.0 4.98702E+04
 40.5 4.86937E+04
 41.0 4.75356E+04
 41.5 4.63956E+04
 42.0 4.52733E+04
 42.5 4.41683E+04
 43.0 4.30802E+04
 43.5 4.20086E+04
 44.0 4.09530E+04
 44.5 3.99129E+04
 45.0 3.88880E+04
 45.5 3.78778E+04
 46.0 3.68818E+04
 46.5 3.58996E+04
 47.0 3.49309E+04
 47.5 3.39751E+04
 48.0 3.30318E+04
 48.5 3.21007E+04
 49.0 3.11815E+04
 49.5 3.02736E+04
 50.0 2.93768E+04
 50.5 2.84906E+04
 51.0 2.76148E+04
 51.5 2.67491E+04
 52.0 2.58931E+04
 52.5 2.50466E+04
 53.0 2.42092E+04
 53.5 2.33808E+04
 54.0 2.25609E+04
 54.5 2.17495E+04
 55.0 2.09463E+04
 55.5 2.01510E+04
 56.0 1.93635E+04
 56.5 1.85836E+04
 57.0 1.78110E+04
 57.5 1.70457E+04
 58.0 1.64307E+04
 58.5 1.55363E+04
 59.0 1.47919E+04
 59.5 1.43027E+04
 60.0 1.33230E+04
 60.5 1.25983E+04
 61.0 1.18801E+04
 61.5 1.11682E+04
 62.0 1.04625E+04
 62.5 9.76306E+03
 63.0 9.06976E+03
 63.5 8.38257E+03
 64.0 7.70146E+03
 64.5 7.02639E+03
 65.0 6.35737E+03
 65.5 5.69436E+03
 66.0 5.03738E+03
 66.5 4.38642E+03
 67.0 3.82133E+03
 67.5 3.10264E+03
 68.0 2.46986E+03
 68.5 1.84319E+03
 69.0 1.24357E+03
 69.5 6.08251E+02
 70.0 5.04460E+01
