070K12D0W2
  0.5 0.00000E+00
  1.0 0.00000E+00
  1.5 0.00000E+00
  2.0 0.00000E+00
  2.5 0.00000E+00
  3.0 0.00000E+00
  3.5 3.02403E+04
  4.0 3.93095E+04
  4.5 4.87479E+04
  5.0 5.85548E+04
  5.5 6.87414E+04
  6.0 7.93306E+04
  6.5 9.03595E+04
  7.0 1.01873E+05
  7.5 1.13894E+05
  8.0 1.26369E+05
  8.5 1.88621E+06
  9.0 1.51894E+05
  9.5 1.27515E+06
 10.0 1.06543E+06
 10.5 6.78041E+04
 11.0 7.24991E+04
 11.5 2.09448E+05
 12.0 5.47033E+04
 12.5 5.05330E+04
 13.0 5.33160E+04
 13.5 5.60977E+04
 14.0 5.88633E+04
 14.5 6.15939E+04
 15.0 6.42673E+04
 15.5 6.68592E+04
 16.0 6.93446E+04
 16.5 7.16991E+04
 17.0 7.39003E+04
 17.5 7.59290E+04
 18.0 7.77694E+04
 18.5 7.94098E+04
 19.0 8.08427E+04
 19.5 8.20645E+04
 20.0 8.30753E+04
 20.5 8.38784E+04
 21.0 8.44797E+04
 21.5 8.48872E+04
 22.0 8.51109E+04
 22.5 8.51619E+04
 23.0 8.50518E+04
 23.5 8.47932E+04
 24.0 8.43985E+04
 24.5 8.38800E+04
 25.0 8.32500E+04
 25.5 8.25200E+04
 26.0 8.17011E+04
 26.5 8.08039E+04
 27.0 7.98381E+04
 27.5 7.88130E+04
 28.0 7.77369E+04
 28.5 7.66175E+04
 29.0 7.54620E+04
 29.5 7.42766E+04
 30.0 7.30672E+04
 30.5 7.18390E+04
 31.0 7.05966E+04
 31.5 6.93441E+04
 32.0 6.80852E+04
 32.5 6.68232E+04
 33.0 6.55608E+04
 33.5 6.43007E+04
 34.0 6.30448E+04
 34.5 6.17951E+04
 35.0 6.05532E+04
 35.5 5.93205E+04
 36.0 5.80980E+04
 36.5 5.68867E+04
 37.0 5.56874E+04
 37.5 5.45007E+04
 38.0 5.33271E+04
 38.5 5.21670E+04
 39.0 5.10206E+04
 39.5 4.98881E+04
 40.0 4.87696E+04
 40.5 4.76652E+04
 41.0 4.65748E+04
 41.5 4.54983E+04
 42.0 4.44355E+04
 42.5 4.33864E+04
 43.0 4.23508E+04
 43.5 4.13283E+04
 44.0 4.03189E+04
 44.5 3.93221E+04
 45.0 3.83378E+04
 45.5 3.73656E+04
 46.0 3.64053E+04
 46.5 3.54567E+04
 47.0 3.45193E+04
 47.5 3.35929E+04
 48.0 3.26772E+04
 48.5 3.17720E+04
 49.0 3.08769E+04
 49.5 2.99917E+04
 50.0 2.91161E+04
 50.5 2.82498E+04
 51.0 2.73926E+04
 51.5 2.65443E+04
 52.0 2.57046E+04
 52.5 2.48732E+04
 53.0 2.40500E+04
 53.5 2.32348E+04
 54.0 2.24273E+04
 54.5 2.16274E+04
 55.0 2.08349E+04
 55.5 2.00496E+04
 56.0 1.92714E+04
 56.5 1.85001E+04
 57.0 1.77356E+04
 57.5 1.69777E+04
 58.0 1.63695E+04
 58.5 1.54815E+04
 59.0 1.47429E+04
 59.5 1.42591E+04
 60.0 1.32844E+04
 60.5 1.25644E+04
 61.0 1.18503E+04
 61.5 1.11422E+04
 62.0 1.04400E+04
 62.5 9.74373E+03
 63.0 9.05328E+03
 63.5 8.36866E+03
 64.0 7.68984E+03
 64.5 7.01683E+03
 65.0 6.34961E+03
 65.5 5.68819E+03
 66.0 5.03258E+03
 66.5 4.38280E+03
 67.0 3.81867E+03
 67.5 3.10083E+03
 68.0 2.46870E+03
 68.5 1.84253E+03
 69.0 1.24325E+03
 69.5 6.08139E+02
 70.0 5.04242E+01
