070K18D0W2
  0.5 0.00000E+00
  1.0 0.00000E+00
  1.5 0.00000E+00
  2.0 0.00000E+00
  2.5 0.00000E+00
  3.0 0.00000E+00
  3.5 4.99264E+04
  4.0 6.36865E+04
  4.5 7.81907E+04
  5.0 9.34944E+04
  5.5 1.09693E+05
  6.0 1.26918E+05
  6.5 1.45264E+05
  7.0 1.64631E+05
  7.5 1.84611E+05
  8.0 2.04507E+05
  8.5 3.08750E+06
  9.0 2.40784E+05
  9.5 1.83404E+06
 10.0 1.53124E+06
 10.5 1.08727E+05
 11.0 1.16106E+05
 11.5 3.59272E+05
 12.0 8.73546E+04
 12.5 8.05859E+04
 13.0 8.49229E+04
 13.5 8.91224E+04
 14.0 9.31250E+04
 14.5 9.68741E+04
 15.0 1.00321E+05
 15.5 1.03426E+05
 16.0 1.06160E+05
 16.5 1.08505E+05
 17.0 1.10453E+05
 17.5 1.12008E+05
 18.0 1.13178E+05
 18.5 1.13979E+05
 19.0 1.14433E+05
 19.5 1.14563E+05
 20.0 1.14395E+05
 20.5 1.13957E+05
 21.0 1.13277E+05
 21.5 1.12381E+05
 22.0 1.11294E+05
 22.5 1.10042E+05
 23.0 1.08648E+05
 23.5 1.07132E+05
 24.0 1.05515E+05
 24.5 1.03814E+05
 25.0 1.02046E+05
 25.5 1.00223E+05
 26.0 9.83603E+04
 26.5 9.64678E+04
 27.0 9.45559E+04
 27.5 9.26332E+04
 28.0 9.07072E+04
 28.5 8.87845E+04
 29.0 8.68707E+04
 29.5 8.49705E+04
 30.0 8.30880E+04
 30.5 8.12264E+04
 31.0 7.93884E+04
 31.5 7.75765E+04
 32.0 7.57923E+04
 32.5 7.40373E+04
 33.0 7.23124E+04
 33.5 7.06184E+04
 34.0 6.89559E+04
 34.5 6.73250E+04
 35.0 6.57258E+04
 35.5 6.41582E+04
 36.0 6.26219E+04
 36.5 6.11167E+04
 37.0 5.96419E+04
 37.5 5.81972E+04
 38.0 5.67819E+04
 38.5 5.53953E+04
 39.0 5.40367E+04
 39.5 5.27055E+04
 40.0 5.14008E+04
 40.5 5.01218E+04
 41.0 4.88679E+04
 41.5 4.76382E+04
 42.0 4.64319E+04
 42.5 4.52483E+04
 43.0 4.40866E+04
 43.5 4.29460E+04
 44.0 4.18259E+04
 44.5 4.07254E+04
 45.0 3.96439E+04
 45.5 3.85807E+04
 46.0 3.75351E+04
 46.5 3.65065E+04
 47.0 3.54942E+04
 47.5 3.44977E+04
 48.0 3.35164E+04
 48.5 3.25497E+04
 49.0 3.15971E+04
 49.5 3.06580E+04
 50.0 2.97320E+04
 50.5 2.88186E+04
 51.0 2.79173E+04
 51.5 2.70278E+04
 52.0 2.61495E+04
 52.5 2.52822E+04
 53.0 2.44255E+04
 53.5 2.35789E+04
 54.0 2.27422E+04
 54.5 2.19151E+04
 55.0 2.10972E+04
 55.5 2.02884E+04
 56.0 1.94882E+04
 56.5 1.86966E+04
 57.0 1.79131E+04
 57.5 1.71378E+04
 58.0 1.65135E+04
 58.5 1.56104E+04
 59.0 1.48580E+04
 59.5 1.43616E+04
 60.0 1.33750E+04
 60.5 1.26442E+04
 61.0 1.19203E+04
 61.5 1.12032E+04
 62.0 1.04929E+04
 62.5 9.78914E+03
 63.0 9.09199E+03
 63.5 8.40133E+03
 64.0 7.71711E+03
 64.5 7.03929E+03
 65.0 6.36782E+03
 65.5 5.70268E+03
 66.0 5.04384E+03
 66.5 4.39130E+03
 67.0 3.82490E+03
 67.5 3.10509E+03
 68.0 2.47143E+03
 68.5 1.84409E+03
 69.0 1.24400E+03
 69.5 6.08402E+02
 70.0 5.04753E+01
