070K13D0W2
  0.5 0.00000E+00
  1.0 0.00000E+00
  1.5 0.00000E+00
  2.0 0.00000E+00
  2.5 0.00000E+00
  3.0 0.00000E+00
  3.5 3.34212E+04
  4.0 4.32460E+04
  4.5 5.34919E+04
  5.0 6.41642E+04
  5.5 7.52819E+04
  6.0 8.68798E+04
  6.5 9.90100E+04
  7.0 1.11725E+05
  7.5 1.25027E+05
  8.0 1.38802E+05
  8.5 2.10959E+06
  9.0 1.66602E+05
  9.5 1.38384E+06
 10.0 1.15602E+06
 10.5 7.42990E+04
 11.0 7.94599E+04
 11.5 2.35719E+05
 12.0 5.99026E+04
 12.5 5.53223E+04
 13.0 5.83736E+04
 13.5 6.14155E+04
 14.0 6.44267E+04
 14.5 6.73811E+04
 15.0 7.02503E+04
 15.5 7.30045E+04
 16.0 7.56144E+04
 16.5 7.80534E+04
 17.0 8.02982E+04
 17.5 8.23302E+04
 18.0 8.41355E+04
 18.5 8.57054E+04
 19.0 8.70361E+04
 19.5 8.81278E+04
 20.0 8.89849E+04
 20.5 8.96147E+04
 21.0 9.00272E+04
 21.5 9.02342E+04
 22.0 9.02490E+04
 22.5 9.00857E+04
 23.0 8.97588E+04
 23.5 8.92829E+04
 24.0 8.86725E+04
 24.5 8.79414E+04
 25.0 8.71033E+04
 25.5 8.61706E+04
 26.0 8.51553E+04
 26.5 8.40686E+04
 27.0 8.29207E+04
 27.5 8.17209E+04
 28.0 8.04778E+04
 28.5 7.91992E+04
 29.0 7.78921E+04
 29.5 7.65627E+04
 30.0 7.52168E+04
 30.5 7.38592E+04
 31.0 7.24945E+04
 31.5 7.11264E+04
 32.0 6.97584E+04
 32.5 6.83934E+04
 33.0 6.70340E+04
 33.5 6.56824E+04
 34.0 6.43404E+04
 34.5 6.30098E+04
 35.0 6.16916E+04
 35.5 6.03872E+04
 36.0 5.90973E+04
 36.5 5.78227E+04
 37.0 5.65639E+04
 37.5 5.53212E+04
 38.0 5.40951E+04
 38.5 5.28857E+04
 39.0 5.16930E+04
 39.5 5.05170E+04
 40.0 4.93576E+04
 40.5 4.82148E+04
 41.0 4.70884E+04
 41.5 4.59781E+04
 42.0 4.48836E+04
 42.5 4.38047E+04
 43.0 4.27411E+04
 43.5 4.16924E+04
 44.0 4.06583E+04
 44.5 3.96384E+04
 45.0 3.86325E+04
 45.5 3.76399E+04
 46.0 3.66606E+04
 46.5 3.56940E+04
 47.0 3.47399E+04
 47.5 3.37977E+04
 48.0 3.28673E+04
 48.5 3.19483E+04
 49.0 3.10402E+04
 49.5 3.01429E+04
 50.0 2.92559E+04
 50.5 2.83790E+04
 51.0 2.75119E+04
 51.5 2.66542E+04
 52.0 2.58058E+04
 52.5 2.49663E+04
 53.0 2.41355E+04
 53.5 2.33131E+04
 54.0 2.24991E+04
 54.5 2.16930E+04
 55.0 2.08947E+04
 55.5 2.01041E+04
 56.0 1.93208E+04
 56.5 1.85449E+04
 57.0 1.77761E+04
 57.5 1.70143E+04
 58.0 1.64024E+04
 58.5 1.55109E+04
 59.0 1.47692E+04
 59.5 1.42825E+04
 60.0 1.33051E+04
 60.5 1.25826E+04
 61.0 1.18663E+04
 61.5 1.11562E+04
 62.0 1.04521E+04
 62.5 9.75412E+03
 63.0 9.06214E+03
 63.5 8.37614E+03
 64.0 7.69609E+03
 64.5 7.02197E+03
 65.0 6.35378E+03
 65.5 5.69151E+03
 66.0 5.03516E+03
 66.5 4.38475E+03
 67.0 3.82010E+03
 67.5 3.10180E+03
 68.0 2.46932E+03
 68.5 1.84289E+03
 69.0 1.24342E+03
 69.5 6.08199E+02
 70.0 5.04359E+01
