071K08D0W2
  0.5 0.00000E+00
  1.0 0.00000E+00
  1.5 0.00000E+00
  2.0 0.00000E+00
  2.5 0.00000E+00
  3.0 0.00000E+00
  3.5 1.76172E+04
  4.0 2.36607E+04
  4.5 2.99090E+04
  5.0 3.63397E+04
  5.5 4.29444E+04
  6.0 4.97208E+04
  6.5 5.66704E+04
  7.0 6.37985E+04
  7.5 7.11145E+04
  8.0 7.86306E+04
  8.5 9.03235E+05
  9.0 9.42668E+04
  9.5 7.54076E+05
 10.0 6.31425E+05
 10.5 4.26658E+04
 11.0 4.55813E+04
 11.5 1.01887E+05
 12.0 3.45315E+04
 12.5 3.19350E+04
 13.0 3.36929E+04
 13.5 3.54505E+04
 14.0 3.72066E+04
 14.5 3.89591E+04
 15.0 4.07053E+04
 15.5 4.24413E+04
 16.0 4.41619E+04
 16.5 4.58608E+04
 17.0 4.75302E+04
 17.5 4.91615E+04
 18.0 5.07452E+04
 18.5 5.22714E+04
 19.0 5.37306E+04
 19.5 5.51134E+04
 20.0 5.64113E+04
 20.5 5.76167E+04
 21.0 5.87235E+04
 21.5 5.97268E+04
 22.0 6.06231E+04
 22.5 6.14104E+04
 23.0 6.20879E+04
 23.5 6.26561E+04
 24.0 6.31166E+04
 24.5 6.34719E+04
 25.0 6.37254E+04
 25.5 6.38808E+04
 26.0 6.39428E+04
 26.5 6.39162E+04
 27.0 6.38061E+04
 27.5 6.36177E+04
 28.0 6.33564E+04
 28.5 6.30273E+04
 29.0 6.26358E+04
 29.5 6.21869E+04
 30.0 6.16855E+04
 30.5 6.11363E+04
 31.0 6.05438E+04
 31.5 5.99122E+04
 32.0 5.92456E+04
 32.5 5.85475E+04
 33.0 5.78216E+04
 33.5 5.70711E+04
 34.0 5.62989E+04
 34.5 5.55079E+04
 35.0 5.47005E+04
 35.5 5.38791E+04
 36.0 5.30458E+04
 36.5 5.22025E+04
 37.0 5.13510E+04
 37.5 5.04929E+04
 38.0 4.96296E+04
 38.5 4.87624E+04
 39.0 4.78925E+04
 39.5 4.70208E+04
 40.0 4.61484E+04
 40.5 4.52760E+04
 41.0 4.44044E+04
 41.5 4.35342E+04
 42.0 4.26660E+04
 42.5 4.18002E+04
 43.0 4.09374E+04
 43.5 4.00778E+04
 44.0 3.92218E+04
 44.5 3.83697E+04
 45.0 3.75218E+04
 45.5 3.66781E+04
 46.0 3.58389E+04
 46.5 3.50043E+04
 47.0 3.41744E+04
 47.5 3.33493E+04
 48.0 3.25291E+04
 48.5 3.17138E+04
 49.0 3.09034E+04
 49.5 3.00980E+04
 50.0 2.92976E+04
 50.5 2.85021E+04
 51.0 2.77116E+04
 51.5 2.69261E+04
 52.0 2.61455E+04
 52.5 2.53698E+04
 53.0 2.45990E+04
 53.5 2.38331E+04
 54.0 2.30719E+04
 54.5 2.23156E+04
 55.0 2.15641E+04
 55.5 2.08173E+04
 56.0 2.00752E+04
 56.5 1.93378E+04
 57.0 1.86051E+04
 57.5 1.78770E+04
 58.0 1.80220E+04
 58.5 1.64347E+04
 59.0 1.57205E+04
 59.5 1.65198E+04
 60.0 1.43058E+04
 60.5 1.36054E+04
 61.0 1.29095E+04
 61.5 1.22183E+04
 62.0 1.15317E+04
 62.5 1.08497E+04
 63.0 1.01724E+04
 63.5 9.49977E+03
 64.0 8.83184E+03
 64.5 8.16864E+03
 65.0 7.51022E+03
 65.5 6.85662E+03
 66.0 6.20788E+03
 66.5 5.56404E+03
 67.0 5.41095E+03
 67.5 4.29131E+03
 68.0 3.66252E+03
 68.5 3.03888E+03
 69.0 2.54767E+03
 69.5 1.80471E+03
 70.0 1.18909E+03
 70.5 5.93918E+02
 71.0 4.94580E+01
