071K07D0W2
  0.5 0.00000E+00
  1.0 0.00000E+00
  1.5 0.00000E+00
  2.0 0.00000E+00
  2.5 0.00000E+00
  3.0 0.00000E+00
  3.5 1.46649E+04
  4.0 1.99811E+04
  4.5 2.54748E+04
  5.0 3.11169E+04
  5.5 3.68959E+04
  6.0 4.28064E+04
  6.5 4.88468E+04
  7.0 5.50176E+04
  7.5 6.13223E+04
  8.0 6.77672E+04
  8.5 6.67481E+05
  9.0 8.10966E+04
  9.5 6.07134E+05
 10.0 5.09181E+05
 10.5 3.68257E+04
 11.0 3.93433E+04
 11.5 7.81382E+04
 12.0 2.98160E+04
 12.5 2.75772E+04
 13.0 2.91010E+04
 13.5 3.06220E+04
 14.0 3.21395E+04
 14.5 3.36523E+04
 15.0 3.51593E+04
 15.5 3.66584E+04
 16.0 3.81474E+04
 16.5 3.96230E+04
 17.0 4.10812E+04
 17.5 4.25170E+04
 18.0 4.39248E+04
 18.5 4.52981E+04
 19.0 4.66301E+04
 19.5 4.79136E+04
 20.0 4.91416E+04
 20.5 5.03073E+04
 21.0 5.14045E+04
 21.5 5.24275E+04
 22.0 5.33716E+04
 22.5 5.42331E+04
 23.0 5.50090E+04
 23.5 5.56976E+04
 24.0 5.62979E+04
 24.5 5.68099E+04
 25.0 5.72343E+04
 25.5 5.75728E+04
 26.0 5.78273E+04
 26.5 5.80006E+04
 27.0 5.80958E+04
 27.5 5.81162E+04
 28.0 5.80655E+04
 28.5 5.79474E+04
 29.0 5.77660E+04
 29.5 5.75252E+04
 30.0 5.72290E+04
 30.5 5.68812E+04
 31.0 5.64856E+04
 31.5 5.60461E+04
 32.0 5.55659E+04
 32.5 5.50488E+04
 33.0 5.44978E+04
 33.5 5.39160E+04
 34.0 5.33064E+04
 34.5 5.26716E+04
 35.0 5.20141E+04
 35.5 5.13364E+04
 36.0 5.06407E+04
 36.5 4.99289E+04
 37.0 4.92030E+04
 37.5 4.84647E+04
 38.0 4.77156E+04
 38.5 4.69571E+04
 39.0 4.61906E+04
 39.5 4.54174E+04
 40.0 4.46384E+04
 40.5 4.38548E+04
 41.0 4.30674E+04
 41.5 4.22772E+04
 42.0 4.14847E+04
 42.5 4.06907E+04
 43.0 3.98959E+04
 43.5 3.91007E+04
 44.0 3.83057E+04
 44.5 3.75112E+04
 45.0 3.67178E+04
 45.5 3.59256E+04
 46.0 3.51351E+04
 46.5 3.43464E+04
 47.0 3.35600E+04
 47.5 3.27758E+04
 48.0 3.19943E+04
 48.5 3.12154E+04
 49.0 3.04394E+04
 49.5 2.96663E+04
 50.0 2.88964E+04
 50.5 2.81297E+04
 51.0 2.73662E+04
 51.5 2.66060E+04
 52.0 2.58493E+04
 52.5 2.50961E+04
 53.0 2.43463E+04
 53.5 2.36001E+04
 54.0 2.28575E+04
 54.5 2.21186E+04
 55.0 2.13833E+04
 55.5 2.06517E+04
 56.0 1.99239E+04
 56.5 1.91997E+04
 57.0 1.84794E+04
 57.5 1.77629E+04
 58.0 1.79172E+04
 58.5 1.63414E+04
 59.0 1.56364E+04
 59.5 1.64418E+04
 60.0 1.42383E+04
 60.5 1.35453E+04
 61.0 1.28562E+04
 61.5 1.21712E+04
 62.0 1.14904E+04
 62.5 1.08136E+04
 63.0 1.01411E+04
 63.5 9.47282E+03
 64.0 8.80883E+03
 64.5 8.14920E+03
 65.0 7.49397E+03
 65.5 6.84321E+03
 66.0 6.19699E+03
 66.5 5.55537E+03
 67.0 5.40361E+03
 67.5 4.28621E+03
 68.0 3.65882E+03
 68.5 3.03632E+03
 69.0 2.54588E+03
 69.5 1.80340E+03
 70.0 1.18716E+03
 70.5 5.93325E+02
 71.0 4.94271E+01
