071K09D0W2
  0.5 0.00000E+00
  1.0 0.00000E+00
  1.5 0.00000E+00
  2.0 0.00000E+00
  2.5 0.00000E+00
  3.0 0.00000E+00
  3.5 2.06120E+04
  4.0 2.73821E+04
  4.5 3.43901E+04
  5.0 4.16192E+04
  5.5 4.90645E+04
  6.0 5.67274E+04
  6.5 6.46143E+04
  7.0 7.27372E+04
  7.5 8.11136E+04
  8.0 8.97592E+04
  8.5 1.14690E+06
  9.0 1.07798E+05
  9.5 8.95136E+05
 10.0 7.48838E+05
 10.5 4.86085E+04
 11.0 5.19385E+04
 11.5 1.27210E+05
 12.0 3.93233E+04
 12.5 3.63609E+04
 13.0 3.83611E+04
 13.5 4.03637E+04
 14.0 4.23663E+04
 14.5 4.43649E+04
 15.0 4.63541E+04
 15.5 4.83265E+04
 16.0 5.02730E+04
 16.5 5.21829E+04
 17.0 5.40440E+04
 17.5 5.58437E+04
 18.0 5.75691E+04
 18.5 5.92075E+04
 19.0 6.07476E+04
 19.5 6.21791E+04
 20.0 6.34933E+04
 20.5 6.46836E+04
 21.0 6.57451E+04
 21.5 6.66750E+04
 22.0 6.74723E+04
 22.5 6.81374E+04
 23.0 6.86725E+04
 23.5 6.90809E+04
 24.0 6.93670E+04
 24.5 6.95360E+04
 25.0 6.95938E+04
 25.5 6.95467E+04
 26.0 6.94014E+04
 26.5 6.91645E+04
 27.0 6.88431E+04
 27.5 6.84437E+04
 28.0 6.79730E+04
 28.5 6.74374E+04
 29.0 6.68431E+04
 29.5 6.61958E+04
 30.0 6.55011E+04
 30.5 6.47642E+04
 31.0 6.39899E+04
 31.5 6.31827E+04
 32.0 6.23468E+04
 32.5 6.14861E+04
 33.0 6.06040E+04
 33.5 5.97039E+04
 34.0 5.87886E+04
 34.5 5.78607E+04
 35.0 5.69228E+04
 35.5 5.59770E+04
 36.0 5.50252E+04
 36.5 5.40693E+04
 37.0 5.31106E+04
 37.5 5.21508E+04
 38.0 5.11909E+04
 38.5 5.02321E+04
 39.0 4.92753E+04
 39.5 4.83213E+04
 40.0 4.73710E+04
 40.5 4.64248E+04
 41.0 4.54833E+04
 41.5 4.45471E+04
 42.0 4.36164E+04
 42.5 4.26917E+04
 43.0 4.17731E+04
 43.5 4.08608E+04
 44.0 3.99551E+04
 44.5 3.90561E+04
 45.0 3.81638E+04
 45.5 3.72784E+04
 46.0 3.63997E+04
 46.5 3.55280E+04
 47.0 3.46631E+04
 47.5 3.38050E+04
 48.0 3.29537E+04
 48.5 3.21091E+04
 49.0 3.12712E+04
 49.5 3.04398E+04
 50.0 2.96150E+04
 50.5 2.87967E+04
 51.0 2.79846E+04
 51.5 2.71789E+04
 52.0 2.63793E+04
 52.5 2.55857E+04
 53.0 2.47982E+04
 53.5 2.40166E+04
 54.0 2.32408E+04
 54.5 2.24707E+04
 55.0 2.17063E+04
 55.5 2.09474E+04
 56.0 2.01941E+04
 56.5 1.94462E+04
 57.0 1.87037E+04
 57.5 1.79665E+04
 58.0 1.81043E+04
 58.5 1.65079E+04
 59.0 1.57864E+04
 59.5 1.65808E+04
 60.0 1.43587E+04
 60.5 1.36525E+04
 61.0 1.29513E+04
 61.5 1.22552E+04
 62.0 1.15640E+04
 62.5 1.08780E+04
 63.0 1.01969E+04
 63.5 9.52083E+03
 64.0 8.84981E+03
 64.5 8.18383E+03
 65.0 7.52292E+03
 65.5 6.86708E+03
 66.0 6.21637E+03
 66.5 5.57081E+03
 67.0 5.41667E+03
 67.5 4.29528E+03
 68.0 3.66542E+03
 68.5 3.04088E+03
 69.0 2.54906E+03
 69.5 1.80573E+03
 70.0 1.19059E+03
 70.5 5.94380E+02
 71.0 4.94821E+01
