071K11D0W2
  0.5 0.00000E+00
  1.0 0.00000E+00
  1.5 0.00000E+00
  2.0 0.00000E+00
  2.5 0.00000E+00
  3.0 0.00000E+00
  3.5 2.67147E+04
  4.0 3.49466E+04
  4.5 4.34972E+04
  5.0 5.23596E+04
  5.5 6.15380E+04
  6.0 7.10451E+04
  6.5 8.09035E+04
  7.0 9.11460E+04
  7.5 1.01803E+05
  8.0 1.12870E+05
  8.5 1.63232E+06
  9.0 1.35829E+05
  9.5 1.15484E+06
 10.0 9.65147E+05
 10.5 6.08327E+04
 11.0 6.50402E+04
 11.5 1.79999E+05
 12.0 4.91586E+04
 12.5 4.54371E+04
 13.0 4.79462E+04
 13.5 5.04603E+04
 14.0 5.29710E+04
 14.5 5.54665E+04
 15.0 5.79319E+04
 15.5 6.03497E+04
 16.0 6.27004E+04
 16.5 6.49637E+04
 17.0 6.71195E+04
 17.5 6.91489E+04
 18.0 7.10352E+04
 18.5 7.27641E+04
 19.0 7.43247E+04
 19.5 7.57091E+04
 20.0 7.69126E+04
 20.5 7.79336E+04
 21.0 7.87731E+04
 21.5 7.94347E+04
 22.0 7.99238E+04
 22.5 8.02476E+04
 23.0 8.04144E+04
 23.5 8.04334E+04
 24.0 8.03145E+04
 24.5 8.00678E+04
 25.0 7.97038E+04
 25.5 7.92326E+04
 26.0 7.86641E+04
 26.5 7.80080E+04
 27.0 7.72737E+04
 27.5 7.64697E+04
 28.0 7.56044E+04
 28.5 7.46853E+04
 29.0 7.37196E+04
 29.5 7.27139E+04
 30.0 7.16740E+04
 30.5 7.06057E+04
 31.0 6.95137E+04
 31.5 6.84027E+04
 32.0 6.72766E+04
 32.5 6.61391E+04
 33.0 6.49936E+04
 33.5 6.38428E+04
 34.0 6.26893E+04
 34.5 6.15355E+04
 35.0 6.03832E+04
 35.5 5.92342E+04
 36.0 5.80901E+04
 36.5 5.69520E+04
 37.0 5.58211E+04
 37.5 5.46984E+04
 38.0 5.35847E+04
 38.5 5.24804E+04
 39.0 5.13863E+04
 39.5 5.03028E+04
 40.0 4.92301E+04
 40.5 4.81686E+04
 41.0 4.71183E+04
 41.5 4.60795E+04
 42.0 4.50521E+04
 42.5 4.40361E+04
 43.0 4.30316E+04
 43.5 4.20384E+04
 44.0 4.10564E+04
 44.5 4.00856E+04
 45.0 3.91257E+04
 45.5 3.81766E+04
 46.0 3.72380E+04
 46.5 3.63099E+04
 47.0 3.53919E+04
 47.5 3.44839E+04
 48.0 3.35857E+04
 48.5 3.26970E+04
 49.0 3.18177E+04
 49.5 3.09474E+04
 50.0 3.00860E+04
 50.5 2.92333E+04
 51.0 2.83890E+04
 51.5 2.75530E+04
 52.0 2.67250E+04
 52.5 2.59049E+04
 53.0 2.50924E+04
 53.5 2.42875E+04
 54.0 2.34898E+04
 54.5 2.26993E+04
 55.0 2.19158E+04
 55.5 2.11391E+04
 56.0 2.03692E+04
 56.5 1.96058E+04
 57.0 1.88488E+04
 57.5 1.80982E+04
 58.0 1.82252E+04
 58.5 1.66154E+04
 59.0 1.58831E+04
 59.5 1.66705E+04
 60.0 1.44362E+04
 60.5 1.37215E+04
 61.0 1.30125E+04
 61.5 1.23091E+04
 62.0 1.16114E+04
 62.5 1.09193E+04
 63.0 1.02327E+04
 63.5 9.55166E+03
 64.0 8.87611E+03
 64.5 8.20605E+03
 65.0 7.54148E+03
 65.5 6.88239E+03
 66.0 6.22879E+03
 66.5 5.58069E+03
 67.0 5.42503E+03
 67.5 4.30109E+03
 68.0 3.66964E+03
 68.5 3.04379E+03
 69.0 2.55109E+03
 69.5 1.80722E+03
 70.0 1.19280E+03
 70.5 5.95055E+02
 71.0 4.95172E+01
