071K15D0W2
  0.5 0.00000E+00
  1.0 0.00000E+00
  1.5 0.00000E+00
  2.0 0.00000E+00
  2.5 0.00000E+00
  3.0 0.00000E+00
  3.5 3.93571E+04
  4.0 5.05954E+04
  4.5 6.23635E+04
  5.0 7.46804E+04
  5.5 8.75840E+04
  6.0 1.01138E+05
  6.5 1.15423E+05
  7.0 1.30490E+05
  7.5 1.46269E+05
  8.0 1.62494E+05
  8.5 2.51887E+06
  9.0 1.94367E+05
  9.5 1.58565E+06
 10.0 1.32419E+06
 10.5 8.67989E+04
 11.0 9.28646E+04
 11.5 2.84538E+05
 12.0 6.99564E+04
 12.5 6.45988E+04
 13.0 6.81811E+04
 13.5 7.17312E+04
 14.0 7.52140E+04
 14.5 7.85903E+04
 15.0 8.18206E+04
 15.5 8.48666E+04
 16.0 8.76939E+04
 16.5 9.02739E+04
 17.0 9.25841E+04
 17.5 9.46093E+04
 18.0 9.63409E+04
 18.5 9.77766E+04
 19.0 9.89200E+04
 19.5 9.97788E+04
 20.0 1.00365E+05
 20.5 1.00693E+05
 21.0 1.00780E+05
 21.5 1.00644E+05
 22.0 1.00304E+05
 22.5 9.97781E+04
 23.0 9.90854E+04
 23.5 9.82441E+04
 24.0 9.72715E+04
 24.5 9.61840E+04
 25.0 9.49970E+04
 25.5 9.37246E+04
 26.0 9.23799E+04
 26.5 9.09749E+04
 27.0 8.95204E+04
 27.5 8.80261E+04
 28.0 8.65008E+04
 28.5 8.49523E+04
 29.0 8.33876E+04
 29.5 8.18127E+04
 30.0 8.02330E+04
 30.5 7.86532E+04
 31.0 7.70774E+04
 31.5 7.55090E+04
 32.0 7.39512E+04
 32.5 7.24063E+04
 33.0 7.08766E+04
 33.5 6.93639E+04
 34.0 6.78695E+04
 34.5 6.63948E+04
 35.0 6.49405E+04
 35.5 6.35075E+04
 36.0 6.20962E+04
 36.5 6.07069E+04
 37.0 5.93400E+04
 37.5 5.79954E+04
 38.0 5.66731E+04
 38.5 5.53729E+04
 39.0 5.40947E+04
 39.5 5.28382E+04
 40.0 5.16031E+04
 40.5 5.03890E+04
 41.0 4.91954E+04
 41.5 4.80219E+04
 42.0 4.68680E+04
 42.5 4.57333E+04
 43.0 4.46173E+04
 43.5 4.35193E+04
 44.0 4.24390E+04
 44.5 4.13759E+04
 45.0 4.03293E+04
 45.5 3.92987E+04
 46.0 3.82838E+04
 46.5 3.72839E+04
 47.0 3.62986E+04
 47.5 3.53275E+04
 48.0 3.43700E+04
 48.5 3.34257E+04
 49.0 3.24942E+04
 49.5 3.15750E+04
 50.0 3.06677E+04
 50.5 2.97720E+04
 51.0 2.88875E+04
 51.5 2.80137E+04
 52.0 2.71504E+04
 52.5 2.62972E+04
 53.0 2.54539E+04
 53.5 2.46200E+04
 54.0 2.37953E+04
 54.5 2.29795E+04
 55.0 2.21724E+04
 55.5 2.13738E+04
 56.0 2.05833E+04
 56.5 1.98008E+04
 57.0 1.90260E+04
 57.5 1.82588E+04
 58.0 1.83726E+04
 58.5 1.67465E+04
 59.0 1.60010E+04
 59.5 1.67796E+04
 60.0 1.45306E+04
 60.5 1.38055E+04
 61.0 1.30869E+04
 61.5 1.23748E+04
 62.0 1.16690E+04
 62.5 1.09695E+04
 63.0 1.02762E+04
 63.5 9.58908E+03
 64.0 8.90802E+03
 64.5 8.23300E+03
 65.0 7.56398E+03
 65.5 6.90093E+03
 66.0 6.24383E+03
 66.5 5.59267E+03
 67.0 5.43515E+03
 67.5 4.30813E+03
 68.0 3.67475E+03
 68.5 3.04732E+03
 69.0 2.55355E+03
 69.5 1.80903E+03
 70.0 1.19546E+03
 70.5 5.95872E+02
 71.0 4.95597E+01
