071K22D0W2
  0.5 0.00000E+00
  1.0 0.00000E+00
  1.5 0.00000E+00
  2.0 0.00000E+00
  2.5 0.00000E+00
  3.0 0.00000E+00
  3.5 6.31457E+04
  4.0 8.01064E+04
  4.5 9.81392E+04
  5.0 1.17374E+05
  5.5 1.38011E+05
  6.0 1.60241E+05
  6.5 1.84009E+05
  7.0 2.08786E+05
  7.5 2.33588E+05
  8.0 2.57219E+05
  8.5 3.73843E+06
  9.0 2.96803E+05
  9.5 2.12912E+06
 10.0 1.77709E+06
 10.5 1.37066E+05
 11.0 1.45862E+05
 11.5 4.47229E+05
 12.0 1.09974E+05
 12.5 1.01431E+05
 13.0 1.06612E+05
 13.5 1.11478E+05
 14.0 1.15952E+05
 14.5 1.19974E+05
 15.0 1.23499E+05
 15.5 1.26500E+05
 16.0 1.28967E+05
 16.5 1.30903E+05
 17.0 1.32325E+05
 17.5 1.33256E+05
 18.0 1.33729E+05
 18.5 1.33779E+05
 19.0 1.33445E+05
 19.5 1.32766E+05
 20.0 1.31781E+05
 20.5 1.30528E+05
 21.0 1.29042E+05
 21.5 1.27358E+05
 22.0 1.25506E+05
 22.5 1.23516E+05
 23.0 1.21411E+05
 23.5 1.19216E+05
 24.0 1.16951E+05
 24.5 1.14634E+05
 25.0 1.12281E+05
 25.5 1.09906E+05
 26.0 1.07520E+05
 26.5 1.05135E+05
 27.0 1.02759E+05
 27.5 1.00399E+05
 28.0 9.80616E+04
 28.5 9.57525E+04
 29.0 9.34757E+04
 29.5 9.12346E+04
 30.0 8.90320E+04
 30.5 8.68701E+04
 31.0 8.47503E+04
 31.5 8.26740E+04
 32.0 8.06417E+04
 32.5 7.86539E+04
 33.0 7.67107E+04
 33.5 7.48119E+04
 34.0 7.29571E+04
 34.5 7.11459E+04
 35.0 6.93774E+04
 35.5 6.76510E+04
 36.0 6.59658E+04
 36.5 6.43206E+04
 37.0 6.27146E+04
 37.5 6.11467E+04
 38.0 5.96157E+04
 38.5 5.81206E+04
 39.0 5.66601E+04
 39.5 5.52332E+04
 40.0 5.38388E+04
 40.5 5.24756E+04
 41.0 5.11427E+04
 41.5 4.98388E+04
 42.0 4.85629E+04
 42.5 4.73141E+04
 43.0 4.60912E+04
 43.5 4.48933E+04
 44.0 4.37194E+04
 44.5 4.25687E+04
 45.0 4.14400E+04
 45.5 4.03327E+04
 46.0 3.92459E+04
 46.5 3.81787E+04
 47.0 3.71304E+04
 47.5 3.61003E+04
 48.0 3.50875E+04
 48.5 3.40915E+04
 49.0 3.31116E+04
 49.5 3.21471E+04
 50.0 3.11975E+04
 50.5 3.02621E+04
 51.0 2.93405E+04
 51.5 2.84320E+04
 52.0 2.75363E+04
 52.5 2.66528E+04
 53.0 2.57811E+04
 53.5 2.49207E+04
 54.0 2.40714E+04
 54.5 2.32326E+04
 55.0 2.24040E+04
 55.5 2.15853E+04
 56.0 2.07762E+04
 56.5 1.99764E+04
 57.0 1.91855E+04
 57.5 1.84034E+04
 58.0 1.85051E+04
 58.5 1.68642E+04
 59.0 1.61068E+04
 59.5 1.68775E+04
 60.0 1.46153E+04
 60.5 1.38808E+04
 61.0 1.31536E+04
 61.5 1.24336E+04
 62.0 1.17206E+04
 62.5 1.10145E+04
 63.0 1.03151E+04
 63.5 9.62254E+03
 64.0 8.93654E+03
 64.5 8.25708E+03
 65.0 7.58408E+03
 65.5 6.91749E+03
 66.0 6.25726E+03
 66.5 5.60336E+03
 67.0 5.44417E+03
 67.5 4.31440E+03
 68.0 3.67931E+03
 68.5 3.05047E+03
 69.0 2.55574E+03
 69.5 1.81064E+03
 70.0 1.19784E+03
 70.5 5.96600E+02
 71.0 4.95976E+01
