072K08D0W2
  0.5 0.00000E+00
  1.0 0.00000E+00
  1.5 0.00000E+00
  2.0 0.00000E+00
  2.5 0.00000E+00
  3.0 0.00000E+00
  3.5 1.73585E+04
  4.0 2.33389E+04
  4.5 2.95235E+04
  5.0 3.58894E+04
  5.5 4.24282E+04
  6.0 4.91373E+04
  6.5 5.60177E+04
  7.0 6.30743E+04
  7.5 7.03158E+04
  8.0 7.77540E+04
  8.5 8.79262E+05
  9.0 9.32347E+04
  9.5 7.44243E+05
 10.0 6.23263E+05
 10.5 4.22605E+04
 11.0 4.51581E+04
 11.5 9.94229E+04
 12.0 3.42331E+04
 12.5 3.16685E+04
 13.0 3.34203E+04
 13.5 3.51727E+04
 14.0 3.69246E+04
 14.5 3.86741E+04
 15.0 4.04188E+04
 15.5 4.21550E+04
 16.0 4.38782E+04
 16.5 4.55822E+04
 17.0 4.72599E+04
 17.5 4.89029E+04
 18.0 5.05020E+04
 18.5 5.20478E+04
 19.0 5.35304E+04
 19.5 5.49405E+04
 20.0 5.62695E+04
 20.5 5.75095E+04
 21.0 5.86539E+04
 21.5 5.96974E+04
 22.0 6.06361E+04
 22.5 6.14674E+04
 23.0 6.21901E+04
 23.5 6.28041E+04
 24.0 6.33106E+04
 24.5 6.37118E+04
 25.0 6.40105E+04
 25.5 6.42104E+04
 26.0 6.43157E+04
 26.5 6.43310E+04
 27.0 6.42612E+04
 27.5 6.41114E+04
 28.0 6.38869E+04
 28.5 6.35929E+04
 29.0 6.32344E+04
 29.5 6.28167E+04
 30.0 6.23446E+04
 30.5 6.18229E+04
 31.0 6.12560E+04
 31.5 6.06483E+04
 32.0 6.00038E+04
 32.5 5.93264E+04
 33.0 5.86196E+04
 33.5 5.78867E+04
 34.0 5.71309E+04
 34.5 5.63549E+04
 35.0 5.55614E+04
 35.5 5.47528E+04
 36.0 5.39314E+04
 36.5 5.30990E+04
 37.0 5.22575E+04
 37.5 5.14087E+04
 38.0 5.05540E+04
 38.5 4.96948E+04
 39.0 4.88323E+04
 39.5 4.79675E+04
 40.0 4.71016E+04
 40.5 4.62352E+04
 41.0 4.53693E+04
 41.5 4.45045E+04
 42.0 4.36414E+04
 42.5 4.27806E+04
 43.0 4.19224E+04
 43.5 4.10674E+04
 44.0 4.02159E+04
 44.5 3.93681E+04
 45.0 3.85243E+04
 45.5 3.76848E+04
 46.0 3.68497E+04
 46.5 3.60192E+04
 47.0 3.51933E+04
 47.5 3.43723E+04
 48.0 3.35561E+04
 48.5 3.27448E+04
 49.0 3.19385E+04
 49.5 3.11372E+04
 50.0 3.03409E+04
 50.5 2.95496E+04
 51.0 2.87633E+04
 51.5 2.79820E+04
 52.0 2.72056E+04
 52.5 2.64342E+04
 53.0 2.56676E+04
 53.5 2.49060E+04
 54.0 2.41492E+04
 54.5 2.33972E+04
 55.0 2.26500E+04
 55.5 2.19075E+04
 56.0 2.11698E+04
 56.5 2.04367E+04
 57.0 1.97083E+04
 57.5 1.89845E+04
 58.0 2.02664E+04
 58.5 1.75506E+04
 59.0 1.68406E+04
 59.5 1.96134E+04
 60.0 1.54340E+04
 60.5 1.47375E+04
 61.0 1.40455E+04
 61.5 1.33581E+04
 62.0 1.26751E+04
 62.5 1.19966E+04
 63.0 1.13227E+04
 63.5 1.06533E+04
 64.0 9.98849E+03
 64.5 9.32823E+03
 65.0 8.67258E+03
 65.5 8.02156E+03
 66.0 7.37521E+03
 66.5 6.73356E+03
 67.0 7.21886E+03
 67.5 5.46454E+03
 68.0 4.83726E+03
 68.5 4.21487E+03
 69.0 3.89145E+03
 69.5 2.97733E+03
 70.0 2.34094E+03
 70.5 1.75430E+03
 71.0 1.16841E+03
 71.5 5.83569E+02
 72.0 4.85953E+01
