072K09D0W2
  0.5 0.00000E+00
  1.0 0.00000E+00
  1.5 0.00000E+00
  2.0 0.00000E+00
  2.5 0.00000E+00
  3.0 0.00000E+00
  3.5 2.03165E+04
  4.0 2.70157E+04
  4.5 3.39515E+04
  5.0 4.11068E+04
  5.5 4.84764E+04
  6.0 5.60612E+04
  6.5 6.38668E+04
  7.0 7.19045E+04
  7.5 8.01910E+04
  8.0 8.87429E+04
  8.5 1.12226E+06
  9.0 1.06606E+05
  9.5 8.86662E+05
 10.0 7.41788E+05
 10.5 4.81430E+04
 11.0 5.14516E+04
 11.5 1.24489E+05
 12.0 3.89815E+04
 12.5 3.60560E+04
 13.0 3.80488E+04
 13.5 4.00452E+04
 14.0 4.20431E+04
 14.5 4.40387E+04
 15.0 4.60273E+04
 15.5 4.80021E+04
 16.0 4.99545E+04
 16.5 5.18744E+04
 17.0 5.37501E+04
 17.5 5.55693E+04
 18.0 5.73192E+04
 18.5 5.89873E+04
 19.0 6.05618E+04
 19.5 6.20322E+04
 20.0 6.33893E+04
 20.5 6.46259E+04
 21.0 6.57366E+04
 21.5 6.67177E+04
 22.0 6.75677E+04
 22.5 6.82864E+04
 23.0 6.88753E+04
 23.5 6.93372E+04
 24.0 6.96760E+04
 24.5 6.98965E+04
 25.0 7.00043E+04
 25.5 7.00054E+04
 26.0 6.99061E+04
 26.5 6.97132E+04
 27.0 6.94333E+04
 27.5 6.90731E+04
 28.0 6.86392E+04
 28.5 6.81380E+04
 29.0 6.75756E+04
 29.5 6.69579E+04
 30.0 6.62905E+04
 30.5 6.55788E+04
 31.0 6.48276E+04
 31.5 6.40416E+04
 32.0 6.32250E+04
 32.5 6.23818E+04
 33.0 6.15157E+04
 33.5 6.06299E+04
 34.0 5.97276E+04
 34.5 5.88115E+04
 35.0 5.78842E+04
 35.5 5.69478E+04
 36.0 5.60046E+04
 36.5 5.50562E+04
 37.0 5.41044E+04
 37.5 5.31507E+04
 38.0 5.21963E+04
 38.5 5.12424E+04
 39.0 5.02900E+04
 39.5 4.93401E+04
 40.0 4.83933E+04
 40.5 4.74505E+04
 41.0 4.65121E+04
 41.5 4.55787E+04
 42.0 4.46506E+04
 42.5 4.37284E+04
 43.0 4.28121E+04
 43.5 4.19022E+04
 44.0 4.09987E+04
 44.5 4.01019E+04
 45.0 3.92118E+04
 45.5 3.83285E+04
 46.0 3.74521E+04
 46.5 3.65826E+04
 47.0 3.57200E+04
 47.5 3.48643E+04
 48.0 3.40154E+04
 48.5 3.31733E+04
 49.0 3.23379E+04
 49.5 3.15092E+04
 50.0 3.06871E+04
 50.5 2.98715E+04
 51.0 2.90624E+04
 51.5 2.82596E+04
 52.0 2.74630E+04
 52.5 2.66726E+04
 53.0 2.58882E+04
 53.5 2.51098E+04
 54.0 2.43373E+04
 54.5 2.35706E+04
 55.0 2.28096E+04
 55.5 2.20541E+04
 56.0 2.13043E+04
 56.5 2.05599E+04
 57.0 1.98209E+04
 57.5 1.90872E+04
 58.0 2.03645E+04
 58.5 1.76355E+04
 59.0 1.69174E+04
 59.5 1.96904E+04
 60.0 1.54965E+04
 60.5 1.47936E+04
 61.0 1.40957E+04
 61.5 1.34028E+04
 62.0 1.27148E+04
 62.5 1.20317E+04
 63.0 1.13535E+04
 63.5 1.06802E+04
 64.0 1.00118E+04
 64.5 9.34829E+03
 65.0 8.68970E+03
 65.5 8.03603E+03
 66.0 7.38731E+03
 66.5 6.74354E+03
 67.0 7.22873E+03
 67.5 5.47099E+03
 68.0 4.84228E+03
 68.5 4.21867E+03
 69.0 3.89464E+03
 69.5 2.98008E+03
 70.0 2.34624E+03
 70.5 1.75735E+03
 71.0 1.16985E+03
 71.5 5.84012E+02
 72.0 4.86184E+01
