072K12D0W2
  0.5 0.00000E+00
  1.0 0.00000E+00
  1.5 0.00000E+00
  2.0 0.00000E+00
  2.5 0.00000E+00
  3.0 0.00000E+00
  3.5 2.94118E+04
  4.0 3.82872E+04
  4.5 4.75246E+04
  5.0 5.71215E+04
  5.5 6.70870E+04
  6.0 7.74407E+04
  6.5 8.82153E+04
  7.0 9.94541E+04
  7.5 1.11189E+05
  8.0 1.23394E+05
  8.5 1.84638E+06
  9.0 1.48603E+05
  9.5 1.27043E+06
 10.0 1.06144E+06
 10.5 6.64673E+04
 11.0 7.11028E+04
 11.5 2.03719E+05
 12.0 5.37306E+04
 12.5 4.96681E+04
 13.0 5.24317E+04
 13.5 5.52015E+04
 14.0 5.79652E+04
 14.5 6.07064E+04
 15.0 6.34051E+04
 15.5 6.60389E+04
 16.0 6.85836E+04
 16.5 7.10150E+04
 17.0 7.33102E+04
 17.5 7.54486E+04
 18.0 7.74125E+04
 18.5 7.91880E+04
 19.0 8.07652E+04
 19.5 8.21379E+04
 20.0 8.33036E+04
 20.5 8.42632E+04
 21.0 8.50206E+04
 21.5 8.55819E+04
 22.0 8.59554E+04
 22.5 8.61508E+04
 23.0 8.61790E+04
 23.5 8.60514E+04
 24.0 8.57799E+04
 24.5 8.53767E+04
 25.0 8.48535E+04
 25.5 8.42220E+04
 26.0 8.34935E+04
 26.5 8.26785E+04
 27.0 8.17872E+04
 27.5 8.08291E+04
 28.0 7.98128E+04
 28.5 7.87466E+04
 29.0 7.76380E+04
 29.5 7.64936E+04
 30.0 7.53198E+04
 30.5 7.41221E+04
 31.0 7.29056E+04
 31.5 7.16749E+04
 32.0 7.04340E+04
 32.5 6.91865E+04
 33.0 6.79356E+04
 33.5 6.66841E+04
 34.0 6.54344E+04
 34.5 6.41888E+04
 35.0 6.29490E+04
 35.5 6.17167E+04
 36.0 6.04933E+04
 36.5 5.92799E+04
 37.0 5.80774E+04
 37.5 5.68866E+04
 38.0 5.57083E+04
 38.5 5.45429E+04
 39.0 5.33908E+04
 39.5 5.22523E+04
 40.0 5.11277E+04
 40.5 5.00170E+04
 41.0 4.89202E+04
 41.5 4.78375E+04
 42.0 4.67687E+04
 42.5 4.57137E+04
 43.0 4.46723E+04
 43.5 4.36445E+04
 44.0 4.26299E+04
 44.5 4.16284E+04
 45.0 4.06397E+04
 45.5 3.96636E+04
 46.0 3.86998E+04
 46.5 3.77480E+04
 47.0 3.68079E+04
 47.5 3.58792E+04
 48.0 3.49617E+04
 48.5 3.40550E+04
 49.0 3.31590E+04
 49.5 3.22732E+04
 50.0 3.13974E+04
 50.5 3.05314E+04
 51.0 2.96749E+04
 51.5 2.88275E+04
 52.0 2.79892E+04
 52.5 2.71595E+04
 53.0 2.63384E+04
 53.5 2.55255E+04
 54.0 2.47206E+04
 54.5 2.39236E+04
 55.0 2.31342E+04
 55.5 2.23523E+04
 56.0 2.15776E+04
 56.5 2.08100E+04
 57.0 2.00494E+04
 57.5 1.92955E+04
 58.0 2.05632E+04
 58.5 1.78075E+04
 59.0 1.70731E+04
 59.5 1.98461E+04
 60.0 1.56230E+04
 60.5 1.49071E+04
 61.0 1.41972E+04
 61.5 1.34931E+04
 62.0 1.27949E+04
 62.5 1.21024E+04
 63.0 1.14155E+04
 63.5 1.07343E+04
 64.0 1.00587E+04
 64.5 9.38870E+03
 65.0 8.72419E+03
 65.5 8.06518E+03
 66.0 7.41166E+03
 66.5 6.76362E+03
 67.0 7.24857E+03
 67.5 5.48398E+03
 68.0 4.85239E+03
 68.5 4.22630E+03
 69.0 3.90105E+03
 69.5 2.98564E+03
 70.0 2.35693E+03
 70.5 1.76350E+03
 71.0 1.17276E+03
 71.5 5.84903E+02
 72.0 4.86647E+01
