072K13D0W2
  0.5 0.00000E+00
  1.0 0.00000E+00
  1.5 0.00000E+00
  2.0 0.00000E+00
  2.5 0.00000E+00
  3.0 0.00000E+00
  3.5 3.25148E+04
  4.0 4.21282E+04
  4.5 5.21533E+04
  5.0 6.25934E+04
  5.5 7.34646E+04
  6.0 8.47967E+04
  6.5 9.66369E+04
  7.0 1.09039E+05
  7.5 1.22024E+05
  8.0 1.35519E+05
  8.5 2.07554E+06
  9.0 1.63082E+05
  9.5 1.38351E+06
 10.0 1.15568E+06
 10.5 7.28230E+04
 11.0 7.79239E+04
 11.5 2.30207E+05
 12.0 5.88312E+04
 12.5 5.43702E+04
 13.0 5.74030E+04
 13.5 6.04370E+04
 14.0 6.34541E+04
 14.5 6.64310E+04
 15.0 6.93414E+04
 15.5 7.21569E+04
 16.0 7.48485E+04
 16.5 7.73890E+04
 17.0 7.97535E+04
 17.5 8.19212E+04
 18.0 8.38757E+04
 18.5 8.56051E+04
 19.0 8.71027E+04
 19.5 8.83658E+04
 20.0 8.93958E+04
 20.5 9.01978E+04
 21.0 9.07794E+04
 21.5 9.11506E+04
 22.0 9.13234E+04
 22.5 9.13105E+04
 23.0 9.11256E+04
 23.5 9.07827E+04
 24.0 9.02959E+04
 24.5 8.96789E+04
 25.0 8.89453E+04
 25.5 8.81078E+04
 26.0 8.71787E+04
 26.5 8.61692E+04
 27.0 8.50902E+04
 27.5 8.39513E+04
 28.0 8.27618E+04
 28.5 8.15298E+04
 29.0 8.02628E+04
 29.5 7.89676E+04
 30.0 7.76504E+04
 30.5 7.63165E+04
 31.0 7.49710E+04
 31.5 7.36180E+04
 32.0 7.22613E+04
 32.5 7.09045E+04
 33.0 6.95503E+04
 33.5 6.82013E+04
 34.0 6.68597E+04
 34.5 6.55274E+04
 35.0 6.42059E+04
 35.5 6.28967E+04
 36.0 6.16008E+04
 36.5 6.03191E+04
 37.0 5.90524E+04
 37.5 5.78013E+04
 38.0 5.65661E+04
 38.5 5.53472E+04
 39.0 5.41448E+04
 39.5 5.29591E+04
 40.0 5.17900E+04
 40.5 5.06374E+04
 41.0 4.95014E+04
 41.5 4.83817E+04
 42.0 4.72781E+04
 42.5 4.61904E+04
 43.0 4.51184E+04
 43.5 4.40616E+04
 44.0 4.30199E+04
 44.5 4.19929E+04
 45.0 4.09803E+04
 45.5 3.99816E+04
 46.0 3.89966E+04
 46.5 3.80249E+04
 47.0 3.70661E+04
 47.5 3.61199E+04
 48.0 3.51859E+04
 48.5 3.42638E+04
 49.0 3.33531E+04
 49.5 3.24537E+04
 50.0 3.15651E+04
 50.5 3.06871E+04
 51.0 2.98192E+04
 51.5 2.89613E+04
 52.0 2.81130E+04
 52.5 2.72741E+04
 53.0 2.64442E+04
 53.5 2.56231E+04
 54.0 2.48106E+04
 54.5 2.40064E+04
 55.0 2.32104E+04
 55.5 2.24222E+04
 56.0 2.16416E+04
 56.5 2.08686E+04
 57.0 2.01028E+04
 57.5 1.93442E+04
 58.0 2.06097E+04
 58.5 1.78477E+04
 59.0 1.71095E+04
 59.5 1.98824E+04
 60.0 1.56525E+04
 60.5 1.49336E+04
 61.0 1.42208E+04
 61.5 1.35142E+04
 62.0 1.28135E+04
 62.5 1.21188E+04
 63.0 1.14300E+04
 63.5 1.07470E+04
 64.0 1.00697E+04
 64.5 9.39811E+03
 65.0 8.73221E+03
 65.5 8.07196E+03
 66.0 7.41732E+03
 66.5 6.76829E+03
 67.0 7.25318E+03
 67.5 5.48700E+03
 68.0 4.85474E+03
 68.5 4.22808E+03
 69.0 3.90254E+03
 69.5 2.98693E+03
 70.0 2.35941E+03
 70.5 1.76493E+03
 71.0 1.17343E+03
 71.5 5.85110E+02
 72.0 4.86755E+01
