072K14D0W2
  0.5 0.00000E+00
  1.0 0.00000E+00
  1.5 0.00000E+00
  2.0 0.00000E+00
  2.5 0.00000E+00
  3.0 0.00000E+00
  3.5 3.56544E+04
  4.0 4.60142E+04
  4.5 5.68395E+04
  5.0 6.81398E+04
  5.5 7.99399E+04
  6.0 9.22829E+04
  6.5 1.05232E+05
  7.0 1.18847E+05
  7.5 1.33123E+05
  8.0 1.47919E+05
  8.5 2.29623E+06
  9.0 1.77713E+05
  9.5 1.48973E+06
 10.0 1.24420E+06
 10.5 7.93097E+04
 11.0 8.48805E+04
 11.5 2.56372E+05
 12.0 6.40295E+04
 12.5 5.91602E+04
 13.0 6.24647E+04
 13.5 6.57610E+04
 14.0 6.90237E+04
 14.5 7.22224E+04
 15.0 7.53242E+04
 15.5 7.82953E+04
 16.0 8.11031E+04
 16.5 8.37181E+04
 17.0 8.61154E+04
 17.5 8.82752E+04
 18.0 9.01834E+04
 18.5 9.18317E+04
 19.0 9.32171E+04
 19.5 9.43411E+04
 20.0 9.52097E+04
 20.5 9.58320E+04
 21.0 9.62197E+04
 21.5 9.63867E+04
 22.0 9.63479E+04
 22.5 9.61193E+04
 23.0 9.57171E+04
 23.5 9.51574E+04
 24.0 9.44562E+04
 24.5 9.36287E+04
 25.0 9.26897E+04
 25.5 9.16527E+04
 26.0 9.05306E+04
 26.5 8.93355E+04
 27.0 8.80783E+04
 27.5 8.67690E+04
 28.0 8.54168E+04
 28.5 8.40299E+04
 29.0 8.26158E+04
 29.5 8.11810E+04
 30.0 7.97315E+04
 30.5 7.82726E+04
 31.0 7.68088E+04
 31.5 7.53442E+04
 32.0 7.38824E+04
 32.5 7.24263E+04
 33.0 7.09786E+04
 33.5 6.95417E+04
 34.0 6.81173E+04
 34.5 6.67071E+04
 35.0 6.53124E+04
 35.5 6.39343E+04
 36.0 6.25737E+04
 36.5 6.12312E+04
 37.0 5.99074E+04
 37.5 5.86025E+04
 38.0 5.73169E+04
 38.5 5.60507E+04
 39.0 5.48038E+04
 39.5 5.35763E+04
 40.0 5.23679E+04
 40.5 5.11785E+04
 41.0 5.00079E+04
 41.5 4.88557E+04
 42.0 4.77216E+04
 42.5 4.66052E+04
 43.0 4.55063E+04
 43.5 4.44242E+04
 44.0 4.33588E+04
 44.5 4.23095E+04
 45.0 4.12759E+04
 45.5 4.02576E+04
 46.0 3.92541E+04
 46.5 3.82650E+04
 47.0 3.72899E+04
 47.5 3.63284E+04
 48.0 3.53801E+04
 48.5 3.44444E+04
 49.0 3.35212E+04
 49.5 3.26099E+04
 50.0 3.17102E+04
 50.5 3.08217E+04
 51.0 2.99440E+04
 51.5 2.90769E+04
 52.0 2.82200E+04
 52.5 2.73730E+04
 53.0 2.65356E+04
 53.5 2.57074E+04
 54.0 2.48883E+04
 54.5 2.40779E+04
 55.0 2.32760E+04
 55.5 2.24824E+04
 56.0 2.16968E+04
 56.5 2.09191E+04
 57.0 2.01489E+04
 57.5 1.93862E+04
 58.0 2.06497E+04
 58.5 1.78823E+04
 59.0 1.71408E+04
 59.5 1.99137E+04
 60.0 1.56780E+04
 60.5 1.49564E+04
 61.0 1.42412E+04
 61.5 1.35323E+04
 62.0 1.28296E+04
 62.5 1.21330E+04
 63.0 1.14424E+04
 63.5 1.07578E+04
 64.0 1.00791E+04
 64.5 9.40620E+03
 65.0 8.73912E+03
 65.5 8.07779E+03
 66.0 7.42219E+03
 66.5 6.77231E+03
 67.0 7.25715E+03
 67.5 5.48959E+03
 68.0 4.85675E+03
 68.5 4.22960E+03
 69.0 3.90382E+03
 69.5 2.98804E+03
 70.0 2.36155E+03
 70.5 1.76616E+03
 71.0 1.17401E+03
 71.5 5.85287E+02
 72.0 4.86847E+01
