072K17D0W2
  0.5 0.00000E+00
  1.0 0.00000E+00
  1.5 0.00000E+00
  2.0 0.00000E+00
  2.5 0.00000E+00
  3.0 0.00000E+00
  3.5 4.53096E+04
  4.0 5.79703E+04
  4.5 7.12815E+04
  5.0 8.52792E+04
  5.5 1.00028E+05
  6.0 1.15627E+05
  6.5 1.32183E+05
  7.0 1.49708E+05
  7.5 1.68001E+05
  8.0 1.86599E+05
  8.5 2.90488E+06
  9.0 2.22026E+05
  9.5 1.77198E+06
 10.0 1.47944E+06
 10.5 9.95641E+04
 11.0 1.06518E+05
 11.5 3.32000E+05
 12.0 8.02187E+04
 12.5 7.40676E+04
 13.0 7.81749E+04
 13.5 8.22115E+04
 14.0 8.61277E+04
 14.5 8.98722E+04
 15.0 9.33968E+04
 15.5 9.66579E+04
 16.0 9.96198E+04
 16.5 1.02256E+05
 17.0 1.04547E+05
 17.5 1.06486E+05
 18.0 1.08070E+05
 18.5 1.09306E+05
 19.0 1.10205E+05
 19.5 1.10784E+05
 20.0 1.11062E+05
 20.5 1.11060E+05
 21.0 1.10802E+05
 21.5 1.10311E+05
 22.0 1.09611E+05
 22.5 1.08724E+05
 23.0 1.07672E+05
 23.5 1.06477E+05
 24.0 1.05157E+05
 24.5 1.03732E+05
 25.0 1.02217E+05
 25.5 1.00628E+05
 26.0 9.89779E+04
 26.5 9.72798E+04
 27.0 9.55445E+04
 27.5 9.37818E+04
 28.0 9.20004E+04
 28.5 9.02078E+04
 29.0 8.84109E+04
 29.5 8.66153E+04
 30.0 8.48262E+04
 30.5 8.30476E+04
 31.0 8.12834E+04
 31.5 7.95366E+04
 32.0 7.78098E+04
 32.5 7.61051E+04
 33.0 7.44241E+04
 33.5 7.27683E+04
 34.0 7.11388E+04
 34.5 6.95363E+04
 35.0 6.79614E+04
 35.5 6.64143E+04
 36.0 6.48954E+04
 36.5 6.34045E+04
 37.0 6.19416E+04
 37.5 6.05065E+04
 38.0 5.90988E+04
 38.5 5.77181E+04
 39.0 5.63640E+04
 39.5 5.50359E+04
 40.0 5.37333E+04
 40.5 5.24555E+04
 41.0 5.12020E+04
 41.5 4.99721E+04
 42.0 4.87652E+04
 42.5 4.75805E+04
 43.0 4.64175E+04
 43.5 4.52754E+04
 44.0 4.41536E+04
 44.5 4.30515E+04
 45.0 4.19683E+04
 45.5 4.09035E+04
 46.0 3.98563E+04
 46.5 3.88264E+04
 47.0 3.78129E+04
 47.5 3.68154E+04
 48.0 3.58333E+04
 48.5 3.48660E+04
 49.0 3.39130E+04
 49.5 3.29739E+04
 50.0 3.20480E+04
 50.5 3.11351E+04
 51.0 3.02345E+04
 51.5 2.93459E+04
 52.0 2.84689E+04
 52.5 2.76030E+04
 53.0 2.67479E+04
 53.5 2.59033E+04
 54.0 2.50687E+04
 54.5 2.42439E+04
 55.0 2.34285E+04
 55.5 2.26223E+04
 56.0 2.18249E+04
 56.5 2.10362E+04
 57.0 2.02558E+04
 57.5 1.94835E+04
 58.0 2.07425E+04
 58.5 1.79625E+04
 59.0 1.72133E+04
 59.5 1.99862E+04
 60.0 1.57368E+04
 60.5 1.50092E+04
 61.0 1.42884E+04
 61.5 1.35743E+04
 62.0 1.28668E+04
 62.5 1.21658E+04
 63.0 1.14712E+04
 63.5 1.07829E+04
 64.0 1.01008E+04
 64.5 9.42491E+03
 65.0 8.75507E+03
 65.5 8.09127E+03
 66.0 7.43345E+03
 66.5 6.78158E+03
 67.0 7.26631E+03
 67.5 5.49558E+03
 68.0 4.86141E+03
 68.5 4.23312E+03
 69.0 3.90677E+03
 69.5 2.99060E+03
 70.0 2.36650E+03
 70.5 1.76900E+03
 71.0 1.17535E+03
 71.5 5.85698E+02
 72.0 4.87061E+01
