072K18D0W2
  0.5 0.00000E+00
  1.0 0.00000E+00
  1.5 0.00000E+00
  2.0 0.00000E+00
  2.5 0.00000E+00
  3.0 0.00000E+00
  3.5 4.86135E+04
  4.0 6.20652E+04
  4.5 7.62377E+04
  5.0 9.11789E+04
  5.5 1.06972E+05
  6.0 1.23740E+05
  6.5 1.41594E+05
  7.0 1.60495E+05
  7.5 1.80135E+05
  8.0 1.99912E+05
  8.5 3.09037E+06
  9.0 2.36792E+05
  9.5 1.85548E+06
 10.0 1.54903E+06
 10.5 1.06575E+05
 11.0 1.13962E+05
 11.5 3.56109E+05
 12.0 8.58098E+04
 12.5 7.92141E+04
 13.0 8.35750E+04
 13.5 8.78320E+04
 14.0 9.19279E+04
 14.5 9.58061E+04
 15.0 9.94155E+04
 15.5 1.02712E+05
 16.0 1.05662E+05
 16.5 1.08242E+05
 17.0 1.10438E+05
 17.5 1.12247E+05
 18.0 1.13674E+05
 18.5 1.14729E+05
 19.0 1.15429E+05
 19.5 1.15797E+05
 20.0 1.15855E+05
 20.5 1.15629E+05
 21.0 1.15144E+05
 21.5 1.14429E+05
 22.0 1.13507E+05
 22.5 1.12403E+05
 23.0 1.11142E+05
 23.5 1.09744E+05
 24.0 1.08230E+05
 24.5 1.06619E+05
 25.0 1.04927E+05
 25.5 1.03170E+05
 26.0 1.01360E+05
 26.5 9.95119E+04
 27.0 9.76346E+04
 27.5 9.57382E+04
 28.0 9.38312E+04
 28.5 9.19206E+04
 29.0 9.00129E+04
 29.5 8.81135E+04
 30.0 8.62270E+04
 30.5 8.43574E+04
 31.0 8.25079E+04
 31.5 8.06814E+04
 32.0 7.88800E+04
 32.5 7.71055E+04
 33.0 7.53594E+04
 33.5 7.36427E+04
 34.0 7.19562E+04
 34.5 7.03004E+04
 35.0 6.86757E+04
 35.5 6.70821E+04
 36.0 6.55197E+04
 36.5 6.39882E+04
 37.0 6.24873E+04
 37.5 6.10166E+04
 38.0 5.95756E+04
 38.5 5.81638E+04
 39.0 5.67806E+04
 39.5 5.54253E+04
 40.0 5.40971E+04
 40.5 5.27955E+04
 41.0 5.15197E+04
 41.5 5.02689E+04
 42.0 4.90424E+04
 42.5 4.78394E+04
 43.0 4.66592E+04
 43.5 4.55010E+04
 44.0 4.43642E+04
 44.5 4.32479E+04
 45.0 4.21515E+04
 45.5 4.10742E+04
 46.0 4.00155E+04
 46.5 3.89746E+04
 47.0 3.79510E+04
 47.5 3.69439E+04
 48.0 3.59528E+04
 48.5 3.49771E+04
 49.0 3.40162E+04
 49.5 3.30697E+04
 50.0 3.21370E+04
 50.5 3.12175E+04
 51.0 3.03109E+04
 51.5 2.94166E+04
 52.0 2.85343E+04
 52.5 2.76635E+04
 53.0 2.68037E+04
 53.5 2.59547E+04
 54.0 2.51161E+04
 54.5 2.42874E+04
 55.0 2.34685E+04
 55.5 2.26590E+04
 56.0 2.18585E+04
 56.5 2.10669E+04
 57.0 2.02838E+04
 57.5 1.95090E+04
 58.0 2.07668E+04
 58.5 1.79835E+04
 59.0 1.72324E+04
 59.5 2.00052E+04
 60.0 1.57523E+04
 60.5 1.50230E+04
 61.0 1.43007E+04
 61.5 1.35852E+04
 62.0 1.28765E+04
 62.5 1.21744E+04
 63.0 1.14787E+04
 63.5 1.07895E+04
 64.0 1.01065E+04
 64.5 9.42980E+03
 65.0 8.75924E+03
 65.5 8.09479E+03
 66.0 7.43639E+03
 66.5 6.78401E+03
 67.0 7.26871E+03
 67.5 5.49715E+03
 68.0 4.86263E+03
 68.5 4.23404E+03
 69.0 3.90754E+03
 69.5 2.99127E+03
 70.0 2.36779E+03
 70.5 1.76975E+03
 71.0 1.17570E+03
 71.5 5.85805E+02
 72.0 4.87116E+01
