072K20D0W2
  0.5 0.00000E+00
  1.0 0.00000E+00
  1.5 0.00000E+00
  2.0 0.00000E+00
  2.5 0.00000E+00
  3.0 0.00000E+00
  3.5 5.53646E+04
  4.0 7.04407E+04
  4.5 8.63923E+04
  5.0 1.03298E+05
  5.5 1.21290E+05
  6.0 1.40536E+05
  6.5 1.61117E+05
  7.0 1.82833E+05
  7.5 2.05099E+05
  8.0 2.27030E+05
  8.5 3.43729E+06
  9.0 2.66112E+05
  9.5 2.00914E+06
 10.0 1.67707E+06
 10.5 1.20959E+05
 11.0 1.29145E+05
 11.5 4.02613E+05
 12.0 9.72678E+04
 12.5 8.97610E+04
 13.0 9.45907E+04
 13.5 9.92333E+04
 14.0 1.03619E+05
 14.5 1.07684E+05
 15.0 1.11375E+05
 15.5 1.14654E+05
 16.0 1.17493E+05
 16.5 1.19879E+05
 17.0 1.21810E+05
 17.5 1.23294E+05
 18.0 1.24349E+05
 18.5 1.24996E+05
 19.0 1.25264E+05
 19.5 1.25182E+05
 20.0 1.24783E+05
 20.5 1.24097E+05
 21.0 1.23158E+05
 21.5 1.21995E+05
 22.0 1.20638E+05
 22.5 1.19113E+05
 23.0 1.17447E+05
 23.5 1.15662E+05
 24.0 1.13779E+05
 24.5 1.11817E+05
 25.0 1.09793E+05
 25.5 1.07722E+05
 26.0 1.05617E+05
 26.5 1.03491E+05
 27.0 1.01353E+05
 27.5 9.92116E+04
 28.0 9.70753E+04
 28.5 9.49502E+04
 29.0 9.28418E+04
 29.5 9.07549E+04
 30.0 8.86932E+04
 30.5 8.66600E+04
 31.0 8.46579E+04
 31.5 8.26888E+04
 32.0 8.07544E+04
 32.5 7.88558E+04
 33.0 7.69938E+04
 33.5 7.51691E+04
 34.0 7.33818E+04
 34.5 7.16319E+04
 35.0 6.99194E+04
 35.5 6.82439E+04
 36.0 6.66049E+04
 36.5 6.50020E+04
 37.0 6.34343E+04
 37.5 6.19013E+04
 38.0 6.04021E+04
 38.5 5.89359E+04
 39.0 5.75019E+04
 39.5 5.60990E+04
 40.0 5.47265E+04
 40.5 5.33833E+04
 41.0 5.20686E+04
 41.5 5.07815E+04
 42.0 4.95209E+04
 42.5 4.82861E+04
 43.0 4.70760E+04
 43.5 4.58900E+04
 44.0 4.47270E+04
 44.5 4.35862E+04
 45.0 4.24669E+04
 45.5 4.13682E+04
 46.0 4.02894E+04
 46.5 3.92297E+04
 47.0 3.81884E+04
 47.5 3.71648E+04
 48.0 3.61583E+04
 48.5 3.51681E+04
 49.0 3.41937E+04
 49.5 3.32344E+04
 50.0 3.22898E+04
 50.5 3.13592E+04
 51.0 3.04421E+04
 51.5 2.95381E+04
 52.0 2.86466E+04
 52.5 2.77672E+04
 53.0 2.68994E+04
 53.5 2.60429E+04
 54.0 2.51973E+04
 54.5 2.43621E+04
 55.0 2.35371E+04
 55.5 2.27219E+04
 56.0 2.19161E+04
 56.5 2.11195E+04
 57.0 2.03318E+04
 57.5 1.95528E+04
 58.0 2.08084E+04
 58.5 1.80195E+04
 59.0 1.72649E+04
 59.5 2.00377E+04
 60.0 1.57787E+04
 60.5 1.50466E+04
 61.0 1.43218E+04
 61.5 1.36040E+04
 62.0 1.28932E+04
 62.5 1.21891E+04
 63.0 1.14916E+04
 63.5 1.08007E+04
 64.0 1.01163E+04
 64.5 9.43817E+03
 65.0 8.76638E+03
 65.5 8.10082E+03
 66.0 7.44142E+03
 66.5 6.78815E+03
 67.0 7.27280E+03
 67.5 5.49983E+03
 68.0 4.86471E+03
 68.5 4.23561E+03
 69.0 3.90886E+03
 69.5 2.99241E+03
 70.0 2.37001E+03
 70.5 1.77102E+03
 71.0 1.17630E+03
 71.5 5.85988E+02
 72.0 4.87212E+01
