073K06D0W2
  0.5 0.00000E+00
  1.0 0.00000E+00
  1.5 0.00000E+00
  2.0 0.00000E+00
  2.5 0.00000E+00
  3.0 0.00000E+00
  3.5 1.13983E+04
  4.0 1.58864E+04
  4.5 2.05330E+04
  5.0 2.53000E+04
  5.5 3.01716E+04
  6.0 3.51400E+04
  6.5 4.02009E+04
  7.0 4.53520E+04
  7.5 5.05926E+04
  8.0 5.59234E+04
  8.5 4.14187E+05
  9.0 6.68665E+04
  9.5 4.36321E+05
 10.0 3.67236E+05
 10.5 3.05007E+04
 11.0 3.26132E+04
 11.5 5.36734E+04
 12.0 2.47420E+04
 12.5 2.28979E+04
 13.0 2.41877E+04
 13.5 2.54739E+04
 14.0 2.67561E+04
 14.5 2.80336E+04
 15.0 2.93057E+04
 15.5 3.05717E+04
 16.0 3.18307E+04
 16.5 3.30816E+04
 17.0 3.43228E+04
 17.5 3.55527E+04
 18.0 3.67689E+04
 18.5 3.79686E+04
 19.0 3.91484E+04
 19.5 4.03044E+04
 20.0 4.14325E+04
 20.5 4.25279E+04
 21.0 4.35860E+04
 21.5 4.46019E+04
 22.0 4.55711E+04
 22.5 4.64891E+04
 23.0 4.73520E+04
 23.5 4.81561E+04
 24.0 4.88986E+04
 24.5 4.95770E+04
 25.0 5.01896E+04
 25.5 5.07352E+04
 26.0 5.12132E+04
 26.5 5.16236E+04
 27.0 5.19669E+04
 27.5 5.22441E+04
 28.0 5.24565E+04
 28.5 5.26059E+04
 29.0 5.26941E+04
 29.5 5.27236E+04
 30.0 5.26967E+04
 30.5 5.26160E+04
 31.0 5.24840E+04
 31.5 5.23036E+04
 32.0 5.20775E+04
 32.5 5.18083E+04
 33.0 5.14988E+04
 33.5 5.11516E+04
 34.0 5.07694E+04
 34.5 5.03545E+04
 35.0 4.99093E+04
 35.5 4.94362E+04
 36.0 4.89374E+04
 36.5 4.84148E+04
 37.0 4.78706E+04
 37.5 4.73065E+04
 38.0 4.67243E+04
 38.5 4.61255E+04
 39.0 4.55119E+04
 39.5 4.48847E+04
 40.0 4.42454E+04
 40.5 4.35951E+04
 41.0 4.29350E+04
 41.5 4.22661E+04
 42.0 4.15896E+04
 42.5 4.09061E+04
 43.0 4.02167E+04
 43.5 3.95221E+04
 44.0 3.88230E+04
 44.5 3.81200E+04
 45.0 3.74138E+04
 45.5 3.67048E+04
 46.0 3.59936E+04
 46.5 3.52807E+04
 47.0 3.45665E+04
 47.5 3.38513E+04
 48.0 3.31355E+04
 48.5 3.24195E+04
 49.0 3.17035E+04
 49.5 3.09877E+04
 50.0 3.02725E+04
 50.5 2.95581E+04
 51.0 2.88446E+04
 51.5 2.81323E+04
 52.0 2.74212E+04
 52.5 2.67117E+04
 53.0 2.60038E+04
 53.5 2.52976E+04
 54.0 2.45932E+04
 54.5 2.38909E+04
 55.0 2.31906E+04
 55.5 2.24925E+04
 56.0 2.17967E+04
 56.5 2.11033E+04
 57.0 2.04122E+04
 57.5 1.97237E+04
 58.0 2.24629E+04
 58.5 1.83546E+04
 59.0 1.76740E+04
 59.5 2.29559E+04
 60.0 1.63215E+04
 60.5 1.56495E+04
 61.0 1.49806E+04
 61.5 1.43147E+04
 62.0 1.36519E+04
 62.5 1.29923E+04
 63.0 1.23360E+04
 63.5 1.16829E+04
 64.0 1.10333E+04
 64.5 1.03870E+04
 65.0 9.74434E+03
 65.5 9.10522E+03
 66.0 8.46975E+03
 66.5 7.83801E+03
 67.0 9.14164E+03
 67.5 6.58599E+03
 68.0 5.96587E+03
 68.5 5.34977E+03
 69.0 5.24433E+03
 69.5 4.10959E+03
 70.0 3.42207E+03
 70.5 2.85483E+03
 71.0 2.28587E+03
 71.5 1.71555E+03
 72.0 1.14424E+03
 72.5 5.72270E+02
 73.0 4.76930E+01
