073K16D0W2
  0.5 0.00000E+00
  1.0 0.00000E+00
  1.5 0.00000E+00
  2.0 0.00000E+00
  2.5 0.00000E+00
  3.0 0.00000E+00
  3.5 4.15011E+04
  4.0 5.32552E+04
  4.5 6.55860E+04
  5.0 7.85173E+04
  5.5 9.20942E+04
  6.0 1.06391E+05
  6.5 1.21500E+05
  7.0 1.37477E+05
  7.5 1.54234E+05
  8.0 1.71469E+05
  8.5 2.70234E+06
  9.0 2.05258E+05
  9.5 1.68884E+06
 10.0 1.41011E+06
 10.5 9.17604E+04
 11.0 9.82394E+04
 11.5 3.05015E+05
 12.0 7.40563E+04
 12.5 6.84155E+04
 13.0 7.22556E+04
 13.5 7.60625E+04
 14.0 7.97966E+04
 14.5 8.34143E+04
 15.0 8.68717E+04
 15.5 9.01270E+04
 16.0 9.31429E+04
 16.5 9.58886E+04
 17.0 9.83406E+04
 17.5 1.00483E+05
 18.0 1.02308E+05
 18.5 1.03813E+05
 19.0 1.05004E+05
 19.5 1.05889E+05
 20.0 1.06483E+05
 20.5 1.06801E+05
 21.0 1.06862E+05
 21.5 1.06686E+05
 22.0 1.06293E+05
 22.5 1.05704E+05
 23.0 1.04939E+05
 23.5 1.04018E+05
 24.0 1.02959E+05
 24.5 1.01781E+05
 25.0 1.00498E+05
 25.5 9.91269E+04
 26.0 9.76812E+04
 26.5 9.61736E+04
 27.0 9.46157E+04
 27.5 9.30176E+04
 28.0 9.13889E+04
 28.5 8.97375E+04
 29.0 8.80710E+04
 29.5 8.63956E+04
 30.0 8.47171E+04
 30.5 8.30404E+04
 31.0 8.13698E+04
 31.5 7.97088E+04
 32.0 7.80607E+04
 32.5 7.64281E+04
 33.0 7.48131E+04
 33.5 7.32178E+04
 34.0 7.16434E+04
 34.5 7.00914E+04
 35.0 6.85625E+04
 35.5 6.70575E+04
 36.0 6.55770E+04
 36.5 6.41211E+04
 37.0 6.26902E+04
 37.5 6.12842E+04
 38.0 5.99031E+04
 38.5 5.85467E+04
 39.0 5.72147E+04
 39.5 5.59068E+04
 40.0 5.46226E+04
 40.5 5.33617E+04
 41.0 5.21236E+04
 41.5 5.09079E+04
 42.0 4.97139E+04
 42.5 4.85411E+04
 43.0 4.73890E+04
 43.5 4.62570E+04
 44.0 4.51445E+04
 44.5 4.40509E+04
 45.0 4.29757E+04
 45.5 4.19183E+04
 46.0 4.08781E+04
 46.5 3.98546E+04
 47.0 3.88472E+04
 47.5 3.78554E+04
 48.0 3.68787E+04
 48.5 3.59166E+04
 49.0 3.49685E+04
 49.5 3.40341E+04
 50.0 3.31128E+04
 50.5 3.22041E+04
 51.0 3.13077E+04
 51.5 3.04232E+04
 52.0 2.95501E+04
 52.5 2.86881E+04
 53.0 2.78367E+04
 53.5 2.69957E+04
 54.0 2.61647E+04
 54.5 2.53434E+04
 55.0 2.45315E+04
 55.5 2.37286E+04
 56.0 2.29346E+04
 56.5 2.21491E+04
 57.0 2.13719E+04
 57.5 2.06028E+04
 58.0 2.33504E+04
 58.5 1.90878E+04
 59.0 1.83416E+04
 59.5 2.36995E+04
 60.0 1.68707E+04
 60.5 1.61458E+04
 61.0 1.54276E+04
 61.5 1.47160E+04
 62.0 1.40109E+04
 62.5 1.33123E+04
 63.0 1.26199E+04
 63.5 1.19336E+04
 64.0 1.12535E+04
 64.5 1.05794E+04
 65.0 9.91124E+03
 65.5 9.24894E+03
 66.0 8.59247E+03
 66.5 7.94178E+03
 67.0 9.26055E+03
 67.5 6.65757E+03
 68.0 6.02401E+03
 68.5 5.39611E+03
 69.0 5.28820E+03
 69.5 4.14963E+03
 70.0 3.50731E+03
 70.5 2.91404E+03
 71.0 2.32408E+03
 71.5 1.73756E+03
 72.0 1.15464E+03
 72.5 5.75463E+02
 73.0 4.78593E+01
