073K14D0W2
  0.5 0.00000E+00
  1.0 0.00000E+00
  1.5 0.00000E+00
  2.0 0.00000E+00
  2.5 0.00000E+00
  3.0 0.00000E+00
  3.5 3.51828E+04
  4.0 4.54324E+04
  4.5 5.61420E+04
  5.0 6.73200E+04
  5.5 7.89892E+04
  6.0 9.11899E+04
  6.5 1.03982E+05
  7.0 1.17428E+05
  7.5 1.31536E+05
  8.0 1.46188E+05
  8.5 2.28073E+06
  9.0 1.75882E+05
  9.5 1.49075E+06
 10.0 1.24502E+06
 10.5 7.85264E+04
 11.0 8.40659E+04
 11.5 2.53662E+05
 12.0 6.34594E+04
 12.5 5.86530E+04
 13.0 6.19476E+04
 13.5 6.52404E+04
 14.0 6.85076E+04
 14.5 7.17204E+04
 15.0 7.48470E+04
 15.5 7.78541E+04
 16.0 8.07089E+04
 16.5 8.33817E+04
 17.0 8.58462E+04
 17.5 8.80815E+04
 18.0 9.00719E+04
 18.5 9.18073E+04
 19.0 9.32831E+04
 19.5 9.44993E+04
 20.0 9.54603E+04
 20.5 9.61739E+04
 21.0 9.66508E+04
 21.5 9.69039E+04
 22.0 9.69474E+04
 22.5 9.67967E+04
 23.0 9.64676E+04
 23.5 9.59760E+04
 24.0 9.53378E+04
 24.5 9.45680E+04
 25.0 9.36815E+04
 25.5 9.26920E+04
 26.0 9.16126E+04
 26.5 9.04555E+04
 27.0 8.92318E+04
 27.5 8.79519E+04
 28.0 8.66252E+04
 28.5 8.52602E+04
 29.0 8.38646E+04
 29.5 8.24452E+04
 30.0 8.10083E+04
 30.5 7.95594E+04
 31.0 7.81033E+04
 31.5 7.66444E+04
 32.0 7.51862E+04
 32.5 7.37322E+04
 33.0 7.22851E+04
 33.5 7.08474E+04
 34.0 6.94211E+04
 34.5 6.80080E+04
 35.0 6.66096E+04
 35.5 6.52271E+04
 36.0 6.38614E+04
 36.5 6.25134E+04
 37.0 6.11836E+04
 37.5 5.98725E+04
 38.0 5.85804E+04
 38.5 5.73075E+04
 39.0 5.60539E+04
 39.5 5.48195E+04
 40.0 5.36043E+04
 40.5 5.24082E+04
 41.0 5.12309E+04
 41.5 5.00722E+04
 42.0 4.89317E+04
 42.5 4.78092E+04
 43.0 4.67043E+04
 43.5 4.56165E+04
 44.0 4.45456E+04
 44.5 4.34911E+04
 45.0 4.24525E+04
 45.5 4.14295E+04
 46.0 4.04217E+04
 46.5 3.94285E+04
 47.0 3.84496E+04
 47.5 3.74846E+04
 48.0 3.65330E+04
 48.5 3.55944E+04
 49.0 3.46685E+04
 49.5 3.37548E+04
 50.0 3.28530E+04
 50.5 3.19627E+04
 51.0 3.10835E+04
 51.5 3.02150E+04
 52.0 2.93571E+04
 52.5 2.85092E+04
 53.0 2.76712E+04
 53.5 2.68426E+04
 54.0 2.60233E+04
 54.5 2.52129E+04
 55.0 2.44112E+04
 55.5 2.36179E+04
 56.0 2.28328E+04
 56.5 2.20557E+04
 57.0 2.12863E+04
 57.5 2.05245E+04
 58.0 2.32715E+04
 58.5 1.90227E+04
 59.0 1.82824E+04
 59.5 2.36337E+04
 60.0 1.68221E+04
 60.5 1.61019E+04
 61.0 1.53881E+04
 61.5 1.46806E+04
 62.0 1.39793E+04
 62.5 1.32841E+04
 63.0 1.25949E+04
 63.5 1.19116E+04
 64.0 1.12342E+04
 64.5 1.05625E+04
 65.0 9.89660E+03
 65.5 9.23634E+03
 66.0 8.58172E+03
 66.5 7.93270E+03
 67.0 9.25015E+03
 67.5 6.65132E+03
 68.0 6.01893E+03
 68.5 5.39207E+03
 69.0 5.28437E+03
 69.5 4.14612E+03
 70.0 3.49980E+03
 70.5 2.90884E+03
 71.0 2.32073E+03
 71.5 1.73564E+03
 72.0 1.15374E+03
 72.5 5.75185E+02
 73.0 4.78449E+01
