073K10D0W2
  0.5 0.00000E+00
  1.0 0.00000E+00
  1.5 0.00000E+00
  2.0 0.00000E+00
  2.5 0.00000E+00
  3.0 0.00000E+00
  3.5 2.29893E+04
  4.0 3.03323E+04
  4.5 3.79476E+04
  5.0 4.58224E+04
  5.5 5.39550E+04
  6.0 6.23502E+04
  6.5 7.10192E+04
  7.0 7.99809E+04
  7.5 8.92601E+04
  8.0 9.88747E+04
  8.5 1.34283E+06
  9.0 1.18995E+05
  9.5 1.01491E+06
 10.0 8.48567E+05
 10.5 5.36166E+04
 11.0 5.73279E+04
 11.5 1.47681E+05
 12.0 4.34306E+04
 12.5 4.01764E+04
 13.0 4.24098E+04
 13.5 4.46509E+04
 14.0 4.68958E+04
 14.5 4.91388E+04
 15.0 5.13719E+04
 15.5 5.35846E+04
 16.0 5.57643E+04
 16.5 5.78965E+04
 17.0 5.99656E+04
 17.5 6.19558E+04
 18.0 6.38512E+04
 18.5 6.56373E+04
 19.0 6.73010E+04
 19.5 6.88314E+04
 20.0 7.02197E+04
 20.5 7.14597E+04
 21.0 7.25474E+04
 21.5 7.34812E+04
 22.0 7.42617E+04
 22.5 7.48910E+04
 23.0 7.53732E+04
 23.5 7.57135E+04
 24.0 7.59182E+04
 24.5 7.59943E+04
 25.0 7.59495E+04
 25.5 7.57916E+04
 26.0 7.55291E+04
 26.5 7.51699E+04
 27.0 7.47222E+04
 27.5 7.41939E+04
 28.0 7.35926E+04
 28.5 7.29256E+04
 29.0 7.21999E+04
 29.5 7.14219E+04
 30.0 7.05978E+04
 30.5 6.97333E+04
 31.0 6.88337E+04
 31.5 6.79037E+04
 32.0 6.69480E+04
 32.5 6.59705E+04
 33.0 6.49749E+04
 33.5 6.39647E+04
 34.0 6.29429E+04
 34.5 6.19123E+04
 35.0 6.08752E+04
 35.5 5.98339E+04
 36.0 5.87904E+04
 36.5 5.77463E+04
 37.0 5.67033E+04
 37.5 5.56626E+04
 38.0 5.46255E+04
 38.5 5.35929E+04
 39.0 5.25657E+04
 39.5 5.15448E+04
 40.0 5.05306E+04
 40.5 4.95239E+04
 41.0 4.85249E+04
 41.5 4.75342E+04
 42.0 4.65519E+04
 42.5 4.55783E+04
 43.0 4.46136E+04
 43.5 4.36579E+04
 44.0 4.27113E+04
 44.5 4.17737E+04
 45.0 4.08453E+04
 45.5 3.99260E+04
 46.0 3.90157E+04
 46.5 3.81143E+04
 47.0 3.72218E+04
 47.5 3.63380E+04
 48.0 3.54629E+04
 48.5 3.45963E+04
 49.0 3.37380E+04
 49.5 3.28879E+04
 50.0 3.20458E+04
 50.5 3.12117E+04
 51.0 3.03853E+04
 51.5 2.95665E+04
 52.0 2.87551E+04
 52.5 2.79510E+04
 53.0 2.71540E+04
 53.5 2.63640E+04
 54.0 2.55809E+04
 54.5 2.48044E+04
 55.0 2.40344E+04
 55.5 2.32709E+04
 56.0 2.25137E+04
 56.5 2.17626E+04
 57.0 2.10176E+04
 57.5 2.02786E+04
 58.0 2.30236E+04
 58.5 1.88179E+04
 59.0 1.80960E+04
 59.5 2.34265E+04
 60.0 1.66690E+04
 60.5 1.59636E+04
 61.0 1.52636E+04
 61.5 1.45689E+04
 62.0 1.38794E+04
 62.5 1.31952E+04
 63.0 1.25160E+04
 63.5 1.18420E+04
 64.0 1.11731E+04
 64.5 1.05092E+04
 65.0 9.85034E+03
 65.5 9.19653E+03
 66.0 8.54774E+03
 66.5 7.90397E+03
 67.0 9.21725E+03
 67.5 6.63152E+03
 68.0 6.00286E+03
 68.5 5.37926E+03
 69.0 5.27225E+03
 69.5 4.13503E+03
 70.0 3.47611E+03
 70.5 2.89241E+03
 71.0 2.31014E+03
 71.5 1.72955E+03
 72.0 1.15086E+03
 72.5 5.74304E+02
 73.0 4.77990E+01
