073K18D0W2
  0.5 0.00000E+00
  1.0 0.00000E+00
  1.5 0.00000E+00
  2.0 0.00000E+00
  2.5 0.00000E+00
  3.0 0.00000E+00
  3.5 4.79852E+04
  4.0 6.12891E+04
  4.5 7.53030E+04
  5.0 9.00713E+04
  5.5 1.05672E+05
  6.0 1.22223E+05
  6.5 1.39839E+05
  7.0 1.58509E+05
  7.5 1.77967E+05
  8.0 1.97660E+05
  8.5 3.08946E+06
  9.0 2.34767E+05
  9.5 1.86507E+06
 10.0 1.55697E+06
 10.5 1.05522E+05
 11.0 1.12904E+05
 11.5 3.54325E+05
 12.0 8.50505E+04
 12.5 7.85390E+04
 13.0 8.29058E+04
 13.5 8.71844E+04
 14.0 9.13189E+04
 14.5 9.52530E+04
 15.0 9.89349E+04
 15.5 1.02319E+05
 16.0 1.05369E+05
 16.5 1.08060E+05
 17.0 1.10374E+05
 17.5 1.12306E+05
 18.0 1.13857E+05
 18.5 1.15037E+05
 19.0 1.15860E+05
 19.5 1.16346E+05
 20.0 1.16517E+05
 20.5 1.16398E+05
 21.0 1.16014E+05
 21.5 1.15390E+05
 22.0 1.14553E+05
 22.5 1.13527E+05
 23.0 1.12335E+05
 23.5 1.10999E+05
 24.0 1.09540E+05
 24.5 1.07977E+05
 25.0 1.06327E+05
 25.5 1.04605E+05
 26.0 1.02826E+05
 26.5 1.01002E+05
 27.0 9.91447E+04
 27.5 9.72641E+04
 28.0 9.53688E+04
 28.5 9.34665E+04
 29.0 9.15639E+04
 29.5 8.96668E+04
 30.0 8.77801E+04
 30.5 8.59081E+04
 31.0 8.40543E+04
 31.5 8.22217E+04
 32.0 8.04127E+04
 32.5 7.86295E+04
 33.0 7.68736E+04
 33.5 7.51462E+04
 34.0 7.34483E+04
 34.5 7.17806E+04
 35.0 7.01435E+04
 35.5 6.85372E+04
 36.0 6.69618E+04
 36.5 6.54172E+04
 37.0 6.39032E+04
 37.5 6.24194E+04
 38.0 6.09655E+04
 38.5 5.95408E+04
 39.0 5.81450E+04
 39.5 5.67773E+04
 40.0 5.54370E+04
 40.5 5.41237E+04
 41.0 5.28364E+04
 41.5 5.15746E+04
 42.0 5.03373E+04
 42.5 4.91241E+04
 43.0 4.79340E+04
 43.5 4.67663E+04
 44.0 4.56205E+04
 44.5 4.44956E+04
 45.0 4.33910E+04
 45.5 4.23060E+04
 46.0 4.12400E+04
 46.5 4.01923E+04
 47.0 3.91622E+04
 47.5 3.81490E+04
 48.0 3.71523E+04
 48.5 3.61714E+04
 49.0 3.52057E+04
 49.5 3.42548E+04
 50.0 3.33179E+04
 50.5 3.23948E+04
 51.0 3.14847E+04
 51.5 3.05874E+04
 52.0 2.97024E+04
 52.5 2.88291E+04
 53.0 2.79672E+04
 53.5 2.71164E+04
 54.0 2.62762E+04
 54.5 2.54462E+04
 55.0 2.46262E+04
 55.5 2.38158E+04
 56.0 2.30147E+04
 56.5 2.22226E+04
 57.0 2.14392E+04
 57.5 2.06643E+04
 58.0 2.34124E+04
 58.5 1.91390E+04
 59.0 1.83881E+04
 59.5 2.37512E+04
 60.0 1.69089E+04
 60.5 1.61802E+04
 61.0 1.54586E+04
 61.5 1.47438E+04
 62.0 1.40358E+04
 62.5 1.33344E+04
 63.0 1.26395E+04
 63.5 1.19509E+04
 64.0 1.12687E+04
 64.5 1.05927E+04
 65.0 9.92271E+03
 65.5 9.25882E+03
 66.0 8.60090E+03
 66.5 7.94890E+03
 67.0 9.26870E+03
 67.5 6.66248E+03
 68.0 6.02799E+03
 68.5 5.39928E+03
 69.0 5.29120E+03
 69.5 4.15238E+03
 70.0 3.51321E+03
 70.5 2.91813E+03
 71.0 2.32671E+03
 71.5 1.73907E+03
 72.0 1.15536E+03
 72.5 5.75681E+02
 73.0 4.78707E+01
