073K11D0W2
  0.5 0.00000E+00
  1.0 0.00000E+00
  1.5 0.00000E+00
  2.0 0.00000E+00
  2.5 0.00000E+00
  3.0 0.00000E+00
  3.5 2.59848E+04
  4.0 3.40447E+04
  4.5 4.24179E+04
  5.0 5.10965E+04
  5.5 6.00831E+04
  6.0 6.93884E+04
  6.5 7.90318E+04
  7.0 8.90432E+04
  7.5 9.94548E+04
  8.0 1.10276E+05
  8.5 1.58648E+06
  9.0 1.32860E+05
  9.5 1.14474E+06
 10.0 9.56691E+05
 10.5 5.96586E+04
 11.0 6.38098E+04
 11.5 1.74144E+05
 12.0 4.82995E+04
 12.5 4.46716E+04
 13.0 4.71613E+04
 13.5 4.96605E+04
 14.0 5.21625E+04
 14.5 5.46574E+04
 15.0 5.71325E+04
 15.5 5.95719E+04
 16.0 6.19577E+04
 16.5 6.42706E+04
 17.0 6.64905E+04
 17.5 6.85987E+04
 18.0 7.05772E+04
 18.5 7.24106E+04
 19.0 7.40863E+04
 19.5 7.55944E+04
 20.0 7.69282E+04
 20.5 7.80840E+04
 21.0 7.90611E+04
 21.5 7.98609E+04
 22.0 8.04873E+04
 22.5 8.09460E+04
 23.0 8.12441E+04
 23.5 8.13897E+04
 24.0 8.13920E+04
 24.5 8.12605E+04
 25.0 8.10051E+04
 25.5 8.06356E+04
 26.0 8.01619E+04
 26.5 7.95937E+04
 27.0 7.89402E+04
 27.5 7.82103E+04
 28.0 7.74125E+04
 28.5 7.65546E+04
 29.0 7.56441E+04
 29.5 7.46878E+04
 30.0 7.36921E+04
 30.5 7.26628E+04
 31.0 7.16052E+04
 31.5 7.05242E+04
 32.0 6.94242E+04
 32.5 6.83093E+04
 33.0 6.71828E+04
 33.5 6.60481E+04
 34.0 6.49080E+04
 34.5 6.37651E+04
 35.0 6.26215E+04
 35.5 6.14792E+04
 36.0 6.03401E+04
 36.5 5.92055E+04
 37.0 5.80769E+04
 37.5 5.69552E+04
 38.0 5.58415E+04
 38.5 5.47366E+04
 39.0 5.36411E+04
 39.5 5.25556E+04
 40.0 5.14805E+04
 40.5 5.04162E+04
 41.0 4.93630E+04
 41.5 4.83210E+04
 42.0 4.72904E+04
 42.5 4.62713E+04
 43.0 4.52636E+04
 43.5 4.42674E+04
 44.0 4.32825E+04
 44.5 4.23090E+04
 45.0 4.13466E+04
 45.5 4.03953E+04
 46.0 3.94548E+04
 46.5 3.85251E+04
 47.0 3.76058E+04
 47.5 3.66968E+04
 48.0 3.57980E+04
 48.5 3.49090E+04
 49.0 3.40297E+04
 49.5 3.31598E+04
 50.0 3.22991E+04
 50.5 3.14475E+04
 51.0 3.06046E+04
 51.5 2.97703E+04
 52.0 2.89444E+04
 52.5 2.81266E+04
 53.0 2.73167E+04
 53.5 2.65147E+04
 54.0 2.57202E+04
 54.5 2.49330E+04
 55.0 2.41531E+04
 55.5 2.33803E+04
 56.0 2.26143E+04
 56.5 2.18550E+04
 57.0 2.11024E+04
 57.5 2.03561E+04
 58.0 2.31019E+04
 58.5 1.88825E+04
 59.0 1.81549E+04
 59.5 2.34920E+04
 60.0 1.67174E+04
 60.5 1.60073E+04
 61.0 1.53030E+04
 61.5 1.46042E+04
 62.0 1.39110E+04
 62.5 1.32233E+04
 63.0 1.25410E+04
 63.5 1.18640E+04
 64.0 1.11924E+04
 64.5 1.05261E+04
 65.0 9.86498E+03
 65.5 9.20913E+03
 66.0 8.55850E+03
 66.5 7.91307E+03
 67.0 9.22767E+03
 67.5 6.63779E+03
 68.0 6.00795E+03
 68.5 5.38332E+03
 69.0 5.27609E+03
 69.5 4.13854E+03
 70.0 3.48361E+03
 70.5 2.89761E+03
 71.0 2.31349E+03
 71.5 1.73148E+03
 72.0 1.15177E+03
 72.5 5.74583E+02
 73.0 4.78135E+01
