073K19D0W2
  0.5 0.00000E+00
  1.0 0.00000E+00
  1.5 0.00000E+00
  2.0 0.00000E+00
  2.5 0.00000E+00
  3.0 0.00000E+00
  3.5 5.12951E+04
  4.0 6.53937E+04
  4.5 8.02753E+04
  5.0 9.59978E+04
  5.5 1.12660E+05
  6.0 1.30405E+05
  6.5 1.49344E+05
  7.0 1.69406E+05
  7.5 1.90203E+05
  8.0 2.11044E+05
  8.5 3.27071E+06
  9.0 2.49478E+05
  9.5 1.94604E+06
 10.0 1.62444E+06
 10.5 1.12595E+05
 11.0 1.20401E+05
 11.5 3.78158E+05
 12.0 9.06926E+04
 12.5 8.37335E+04
 13.0 8.83494E+04
 13.5 9.28407E+04
 14.0 9.71440E+04
 14.5 1.01198E+05
 15.0 1.04950E+05
 15.5 1.08354E+05
 16.0 1.11376E+05
 16.5 1.13995E+05
 17.0 1.16200E+05
 17.5 1.17989E+05
 18.0 1.19371E+05
 18.5 1.20360E+05
 19.0 1.20977E+05
 19.5 1.21246E+05
 20.0 1.21193E+05
 20.5 1.20847E+05
 21.0 1.20235E+05
 21.5 1.19387E+05
 22.0 1.18330E+05
 22.5 1.17089E+05
 23.0 1.15689E+05
 23.5 1.14154E+05
 24.0 1.12504E+05
 24.5 1.10759E+05
 25.0 1.08935E+05
 25.5 1.07050E+05
 26.0 1.05116E+05
 26.5 1.03146E+05
 27.0 1.01151E+05
 27.5 9.91408E+04
 28.0 9.71241E+04
 28.5 9.51079E+04
 29.0 9.30985E+04
 29.5 9.11014E+04
 30.0 8.91212E+04
 30.5 8.71616E+04
 31.0 8.52260E+04
 31.5 8.33169E+04
 32.0 8.14366E+04
 32.5 7.95865E+04
 33.0 7.77682E+04
 33.5 7.59825E+04
 34.0 7.42302E+04
 34.5 7.25116E+04
 35.0 7.08270E+04
 35.5 6.91763E+04
 36.0 6.75594E+04
 36.5 6.59761E+04
 37.0 6.44258E+04
 37.5 6.29082E+04
 38.0 6.14225E+04
 38.5 5.99683E+04
 39.0 5.85447E+04
 39.5 5.71510E+04
 40.0 5.57865E+04
 40.5 5.44504E+04
 41.0 5.31419E+04
 41.5 5.18601E+04
 42.0 5.06043E+04
 42.5 4.93735E+04
 43.0 4.81671E+04
 43.5 4.69842E+04
 44.0 4.58239E+04
 44.5 4.46856E+04
 45.0 4.35684E+04
 45.5 4.24716E+04
 46.0 4.13945E+04
 46.5 4.03363E+04
 47.0 3.92965E+04
 47.5 3.82742E+04
 48.0 3.72689E+04
 48.5 3.62800E+04
 49.0 3.53068E+04
 49.5 3.43487E+04
 50.0 3.34053E+04
 50.5 3.24759E+04
 51.0 3.15601E+04
 51.5 3.06573E+04
 52.0 2.97671E+04
 52.5 2.88891E+04
 53.0 2.80227E+04
 53.5 2.71677E+04
 54.0 2.63235E+04
 54.5 2.54899E+04
 55.0 2.46664E+04
 55.5 2.38528E+04
 56.0 2.30487E+04
 56.5 2.22538E+04
 57.0 2.14678E+04
 57.5 2.06905E+04
 58.0 2.34387E+04
 58.5 1.91608E+04
 59.0 1.84079E+04
 59.5 2.37731E+04
 60.0 1.69251E+04
 60.5 1.61949E+04
 61.0 1.54717E+04
 61.5 1.47556E+04
 62.0 1.40463E+04
 62.5 1.33438E+04
 63.0 1.26478E+04
 63.5 1.19583E+04
 64.0 1.12751E+04
 64.5 1.05983E+04
 65.0 9.92758E+03
 65.5 9.26300E+03
 66.0 8.60447E+03
 66.5 7.95191E+03
 67.0 9.27215E+03
 67.5 6.66456E+03
 68.0 6.02968E+03
 68.5 5.40062E+03
 69.0 5.29247E+03
 69.5 4.15355E+03
 70.0 3.51570E+03
 70.5 2.91986E+03
 71.0 2.32782E+03
 71.5 1.73971E+03
 72.0 1.15566E+03
 72.5 5.75773E+02
 73.0 4.78755E+01
