073K22D0W2
  0.5 0.00000E+00
  1.0 0.00000E+00
  1.5 0.00000E+00
  2.0 0.00000E+00
  2.5 0.00000E+00
  3.0 0.00000E+00
  3.5 6.15300E+04
  4.0 7.81036E+04
  4.5 9.57098E+04
  5.0 1.14462E+05
  5.5 1.34542E+05
  6.0 1.56151E+05
  6.5 1.79309E+05
  7.0 2.03626E+05
  7.5 2.28256E+05
  8.0 2.52081E+05
  8.5 3.76970E+06
  9.0 2.93109E+05
  9.5 2.16481E+06
 10.0 1.80674E+06
 10.5 1.34525E+05
 11.0 1.43449E+05
 11.5 4.46381E+05
 12.0 1.08161E+05
 12.5 9.98185E+04
 13.0 1.05095E+05
 13.5 1.10106E+05
 14.0 1.14771E+05
 14.5 1.19025E+05
 15.0 1.22816E+05
 15.5 1.26109E+05
 16.0 1.28885E+05
 16.5 1.31139E+05
 17.0 1.32880E+05
 17.5 1.34126E+05
 18.0 1.34904E+05
 18.5 1.35246E+05
 19.0 1.35185E+05
 19.5 1.34761E+05
 20.0 1.34011E+05
 20.5 1.32971E+05
 21.0 1.31677E+05
 21.5 1.30164E+05
 22.0 1.28463E+05
 22.5 1.26604E+05
 23.0 1.24613E+05
 23.5 1.22514E+05
 24.0 1.20329E+05
 24.5 1.18078E+05
 25.0 1.15777E+05
 25.5 1.13442E+05
 26.0 1.11085E+05
 26.5 1.08720E+05
 27.0 1.06354E+05
 27.5 1.03997E+05
 28.0 1.01656E+05
 28.5 9.93363E+04
 29.0 9.70441E+04
 29.5 9.47831E+04
 30.0 9.25567E+04
 30.5 9.03676E+04
 31.0 8.82181E+04
 31.5 8.61095E+04
 32.0 8.40432E+04
 32.5 8.20200E+04
 33.0 8.00402E+04
 33.5 7.81040E+04
 34.0 7.62113E+04
 34.5 7.43619E+04
 35.0 7.25552E+04
 35.5 7.07907E+04
 36.0 6.90676E+04
 36.5 6.73851E+04
 37.0 6.57424E+04
 37.5 6.41383E+04
 38.0 6.25721E+04
 38.5 6.10425E+04
 39.0 5.95485E+04
 39.5 5.80891E+04
 40.0 5.66632E+04
 40.5 5.52696E+04
 41.0 5.39073E+04
 41.5 5.25753E+04
 42.0 5.12724E+04
 42.5 4.99976E+04
 43.0 4.87500E+04
 43.5 4.75285E+04
 44.0 4.63321E+04
 44.5 4.51599E+04
 45.0 4.40111E+04
 45.5 4.28846E+04
 46.0 4.17797E+04
 46.5 4.06955E+04
 47.0 3.96312E+04
 47.5 3.85861E+04
 48.0 3.75594E+04
 48.5 3.65503E+04
 49.0 3.55583E+04
 49.5 3.45826E+04
 50.0 3.36226E+04
 50.5 3.26777E+04
 51.0 3.17474E+04
 51.5 3.08310E+04
 52.0 2.99281E+04
 52.5 2.90381E+04
 53.0 2.81606E+04
 53.5 2.72951E+04
 54.0 2.64411E+04
 54.5 2.55983E+04
 55.0 2.47663E+04
 55.5 2.39447E+04
 56.0 2.31331E+04
 56.5 2.23312E+04
 57.0 2.15387E+04
 57.5 2.07553E+04
 58.0 2.35039E+04
 58.5 1.92146E+04
 59.0 1.84569E+04
 59.5 2.38274E+04
 60.0 1.69653E+04
 60.5 1.62311E+04
 61.0 1.55043E+04
 61.5 1.47848E+04
 62.0 1.40724E+04
 62.5 1.33670E+04
 63.0 1.26684E+04
 63.5 1.19764E+04
 64.0 1.12911E+04
 64.5 1.06122E+04
 65.0 9.93963E+03
 65.5 9.27337E+03
 66.0 8.61331E+03
 66.5 7.95938E+03
 67.0 9.28071E+03
 67.5 6.66970E+03
 68.0 6.03385E+03
 68.5 5.40395E+03
 69.0 5.29561E+03
 69.5 4.15643E+03
 70.0 3.52190E+03
 70.5 2.92414E+03
 71.0 2.33058E+03
 71.5 1.74130E+03
 72.0 1.15640E+03
 72.5 5.76002E+02
 73.0 4.78873E+01
