074K09D0W2
  0.5 0.00000E+00
  1.0 0.00000E+00
  1.5 0.00000E+00
  2.0 0.00000E+00
  2.5 0.00000E+00
  3.0 0.00000E+00
  3.5 1.97506E+04
  4.0 2.63132E+04
  4.5 3.31102E+04
  5.0 4.01234E+04
  5.5 4.73473E+04
  6.0 5.47818E+04
  6.5 6.24314E+04
  7.0 7.03057E+04
  7.5 7.84197E+04
  8.0 8.67908E+04
  8.5 1.07253E+06
  9.0 1.04303E+05
  9.5 8.68594E+05
 10.0 7.26763E+05
 10.5 4.72420E+04
 11.0 5.05081E+04
 11.5 1.19117E+05
 12.0 3.83169E+04
 12.5 3.54621E+04
 13.0 3.74398E+04
 13.5 3.94230E+04
 14.0 4.14102E+04
 14.5 4.33983E+04
 15.0 4.53836E+04
 15.5 4.73602E+04
 16.0 4.93208E+04
 16.5 5.12564E+04
 17.0 5.31564E+04
 17.5 5.50091E+04
 18.0 5.68022E+04
 18.5 5.85234E+04
 19.0 6.01606E+04
 19.5 6.17026E+04
 20.0 6.31397E+04
 20.5 6.44635E+04
 21.0 6.56674E+04
 21.5 6.67467E+04
 22.0 6.76983E+04
 22.5 6.85210E+04
 23.0 6.92150E+04
 23.5 6.97820E+04
 24.0 7.02250E+04
 24.5 7.05478E+04
 25.0 7.07554E+04
 25.5 7.08529E+04
 26.0 7.08465E+04
 26.5 7.07424E+04
 27.0 7.05468E+04
 27.5 7.02664E+04
 28.0 6.99076E+04
 28.5 6.94767E+04
 29.0 6.89800E+04
 29.5 6.84234E+04
 30.0 6.78126E+04
 30.5 6.71531E+04
 31.0 6.64499E+04
 31.5 6.57079E+04
 32.0 6.49315E+04
 32.5 6.41249E+04
 33.0 6.32921E+04
 33.5 6.24365E+04
 34.0 6.15614E+04
 34.5 6.06699E+04
 35.0 5.97647E+04
 35.5 5.88481E+04
 36.0 5.79226E+04
 36.5 5.69901E+04
 37.0 5.60524E+04
 37.5 5.51113E+04
 38.0 5.41681E+04
 38.5 5.32241E+04
 39.0 5.22807E+04
 39.5 5.13386E+04
 40.0 5.03990E+04
 40.5 4.94625E+04
 41.0 4.85298E+04
 41.5 4.76015E+04
 42.0 4.66783E+04
 42.5 4.57604E+04
 43.0 4.48482E+04
 43.5 4.39421E+04
 44.0 4.30423E+04
 44.5 4.21491E+04
 45.0 4.12625E+04
 45.5 4.03826E+04
 46.0 3.95097E+04
 46.5 3.86437E+04
 47.0 3.77847E+04
 47.5 3.69326E+04
 48.0 3.60875E+04
 48.5 3.52493E+04
 49.0 3.44180E+04
 49.5 3.35935E+04
 50.0 3.27758E+04
 50.5 3.19648E+04
 51.0 3.11603E+04
 51.5 3.03624E+04
 52.0 2.95708E+04
 52.5 2.87856E+04
 53.0 2.80066E+04
 53.5 2.72337E+04
 54.0 2.64669E+04
 54.5 2.57059E+04
 55.0 2.49508E+04
 55.5 2.42014E+04
 56.0 2.34577E+04
 56.5 2.27195E+04
 57.0 2.19868E+04
 57.5 2.12594E+04
 58.0 2.57516E+04
 58.5 1.98206E+04
 59.0 1.91089E+04
 59.5 2.74721E+04
 60.0 1.77008E+04
 60.5 1.70042E+04
 61.0 1.63126E+04
 61.5 1.56258E+04
 62.0 1.49439E+04
 62.5 1.42667E+04
 63.0 1.35943E+04
 63.5 1.29267E+04
 64.0 1.22637E+04
 64.5 1.16055E+04
 65.0 1.09519E+04
 65.5 1.03030E+04
 66.0 9.65883E+03
 66.5 9.01927E+03
 67.0 1.13198E+04
 67.5 7.75420E+03
 68.0 7.12871E+03
 68.5 6.50794E+03
 69.0 6.66145E+03
 69.5 5.25776E+03
 70.0 4.55304E+03
 70.5 3.98063E+03
 71.0 3.40867E+03
 71.5 2.83741E+03
 72.0 2.26709E+03
 72.5 1.69795E+03
 73.0 1.13025E+03
 73.5 5.64219E+02
 74.0 4.69696E+01
