074K08D0W2
  0.5 0.00000E+00
  1.0 0.00000E+00
  1.5 0.00000E+00
  2.0 0.00000E+00
  2.5 0.00000E+00
  3.0 0.00000E+00
  3.5 1.68633E+04
  4.0 2.27220E+04
  4.5 2.87838E+04
  5.0 3.50251E+04
  5.5 4.14370E+04
  6.0 4.80164E+04
  6.5 5.47637E+04
  7.0 6.16827E+04
  7.5 6.87809E+04
  8.0 7.60695E+04
  8.5 8.31617E+05
  9.0 9.12456E+04
  9.5 7.23788E+05
 10.0 6.06290E+05
 10.5 4.14755E+04
 11.0 4.43378E+04
 11.5 9.46169E+04
 12.0 3.36527E+04
 12.5 3.11493E+04
 13.0 3.28886E+04
 13.5 3.46301E+04
 14.0 3.63728E+04
 14.5 3.81152E+04
 15.0 3.98554E+04
 15.5 4.15904E+04
 16.0 4.33162E+04
 16.5 4.50278E+04
 17.0 4.67186E+04
 17.5 4.83812E+04
 18.0 5.00070E+04
 18.5 5.15869E+04
 19.0 5.31115E+04
 19.5 5.45713E+04
 20.0 5.59574E+04
 20.5 5.72615E+04
 21.0 5.84764E+04
 21.5 5.95959E+04
 22.0 6.06154E+04
 22.5 6.15311E+04
 23.0 6.23410E+04
 23.5 6.30441E+04
 24.0 6.36406E+04
 24.5 6.41318E+04
 25.0 6.45200E+04
 25.5 6.48079E+04
 26.0 6.49994E+04
 26.5 6.50984E+04
 27.0 6.51095E+04
 27.5 6.50376E+04
 28.0 6.48875E+04
 28.5 6.46643E+04
 29.0 6.43731E+04
 29.5 6.40189E+04
 30.0 6.36066E+04
 30.5 6.31410E+04
 31.0 6.26267E+04
 31.5 6.20680E+04
 32.0 6.14692E+04
 32.5 6.08342E+04
 33.0 6.01667E+04
 33.5 5.94702E+04
 34.0 5.87479E+04
 34.5 5.80029E+04
 35.0 5.72380E+04
 35.5 5.64557E+04
 36.0 5.56584E+04
 36.5 5.48483E+04
 37.0 5.40274E+04
 37.5 5.31974E+04
 38.0 5.23601E+04
 38.5 5.15169E+04
 39.0 5.06691E+04
 39.5 4.98181E+04
 40.0 4.89648E+04
 40.5 4.81103E+04
 41.0 4.72555E+04
 41.5 4.64010E+04
 42.0 4.55477E+04
 42.5 4.46961E+04
 43.0 4.38467E+04
 43.5 4.30001E+04
 44.0 4.21567E+04
 44.5 4.13167E+04
 45.0 4.04805E+04
 45.5 3.96484E+04
 46.0 3.88206E+04
 46.5 3.79973E+04
 47.0 3.71786E+04
 47.5 3.63646E+04
 48.0 3.55555E+04
 48.5 3.47514E+04
 49.0 3.39522E+04
 49.5 3.31581E+04
 50.0 3.23689E+04
 50.5 3.15849E+04
 51.0 3.08059E+04
 51.5 3.00320E+04
 52.0 2.92631E+04
 52.5 2.84992E+04
 53.0 2.77403E+04
 53.5 2.69864E+04
 54.0 2.62373E+04
 54.5 2.54931E+04
 55.0 2.47538E+04
 55.5 2.40192E+04
 56.0 2.32894E+04
 56.5 2.25643E+04
 57.0 2.18438E+04
 57.5 2.11280E+04
 58.0 2.56094E+04
 58.5 1.97100E+04
 59.0 1.90077E+04
 59.5 2.73445E+04
 60.0 1.76167E+04
 60.5 1.69278E+04
 61.0 1.62433E+04
 61.5 1.55632E+04
 62.0 1.48874E+04
 62.5 1.42160E+04
 63.0 1.35490E+04
 63.5 1.28862E+04
 64.0 1.22278E+04
 64.5 1.15738E+04
 65.0 1.09241E+04
 65.5 1.02787E+04
 66.0 9.63769E+03
 66.5 9.00106E+03
 67.0 1.12959E+04
 67.5 7.74105E+03
 68.0 7.11770E+03
 68.5 6.49885E+03
 69.0 6.65206E+03
 69.5 5.24906E+03
 70.0 4.53354E+03
 70.5 3.96580E+03
 71.0 3.39782E+03
 71.5 2.82986E+03
 72.0 2.26222E+03
 72.5 1.69515E+03
 73.0 1.12893E+03
 73.5 5.63812E+02
 74.0 4.69484E+01
