074K13D0W2
  0.5 0.00000E+00
  1.0 0.00000E+00
  1.5 0.00000E+00
  2.0 0.00000E+00
  2.5 0.00000E+00
  3.0 0.00000E+00
  3.5 3.16593E+04
  4.0 4.10723E+04
  4.5 5.08883E+04
  5.0 6.11089E+04
  5.5 7.17474E+04
  6.0 8.28297E+04
  6.5 9.43976E+04
  7.0 1.06504E+05
  7.5 1.19183E+05
  8.0 1.32394E+05
  8.5 2.03747E+06
  9.0 1.59647E+05
  9.5 1.38059E+06
 10.0 1.15317E+06
 10.5 7.14096E+04
 11.0 7.64458E+04
 11.5 2.24463E+05
 12.0 5.77986E+04
 12.5 5.34506E+04
 13.0 5.64611E+04
 13.5 5.94817E+04
 14.0 6.24969E+04
 14.5 6.54864E+04
 15.0 6.84263E+04
 15.5 7.12898E+04
 16.0 7.40489E+04
 16.5 7.66762E+04
 17.0 7.91459E+04
 17.5 8.14355E+04
 18.0 8.35262E+04
 18.5 8.54036E+04
 19.0 8.70583E+04
 19.5 8.84845E+04
 20.0 8.96812E+04
 20.5 9.06507E+04
 21.0 9.13984E+04
 21.5 9.19326E+04
 22.0 9.22632E+04
 22.5 9.24018E+04
 23.0 9.23611E+04
 23.5 9.21543E+04
 24.0 9.17949E+04
 24.5 9.12964E+04
 25.0 9.06721E+04
 25.5 8.99349E+04
 26.0 8.90971E+04
 26.5 8.81702E+04
 27.0 8.71655E+04
 27.5 8.60929E+04
 28.0 8.49620E+04
 28.5 8.37816E+04
 29.0 8.25595E+04
 29.5 8.13031E+04
 30.0 8.00188E+04
 30.5 7.87127E+04
 31.0 7.73900E+04
 31.5 7.60555E+04
 32.0 7.47135E+04
 32.5 7.33675E+04
 33.0 7.20211E+04
 33.5 7.06769E+04
 34.0 6.93376E+04
 34.5 6.80054E+04
 35.0 6.66820E+04
 35.5 6.53692E+04
 36.0 6.40682E+04
 36.5 6.27802E+04
 37.0 6.15061E+04
 37.5 6.02467E+04
 38.0 5.90026E+04
 38.5 5.77742E+04
 39.0 5.65619E+04
 39.5 5.53660E+04
 40.0 5.41865E+04
 40.5 5.30235E+04
 41.0 5.18770E+04
 41.5 5.07470E+04
 42.0 4.96332E+04
 42.5 4.85356E+04
 43.0 4.74539E+04
 43.5 4.63878E+04
 44.0 4.53371E+04
 44.5 4.43015E+04
 45.0 4.32807E+04
 45.5 4.22743E+04
 46.0 4.12821E+04
 46.5 4.03036E+04
 47.0 3.93385E+04
 47.5 3.83865E+04
 48.0 3.74472E+04
 48.5 3.65203E+04
 49.0 3.56054E+04
 49.5 3.47022E+04
 50.0 3.38103E+04
 50.5 3.29294E+04
 51.0 3.20592E+04
 51.5 3.11994E+04
 52.0 3.03497E+04
 52.5 2.95097E+04
 53.0 2.86792E+04
 53.5 2.78579E+04
 54.0 2.70456E+04
 54.5 2.62419E+04
 55.0 2.54467E+04
 55.5 2.46596E+04
 56.0 2.38806E+04
 56.5 2.31092E+04
 57.0 2.23454E+04
 57.5 2.15890E+04
 58.0 2.61076E+04
 58.5 2.00975E+04
 59.0 1.93621E+04
 59.5 2.77908E+04
 60.0 1.79110E+04
 60.5 1.71951E+04
 61.0 1.64855E+04
 61.5 1.57820E+04
 62.0 1.50846E+04
 62.5 1.43931E+04
 63.0 1.37074E+04
 63.5 1.30274E+04
 64.0 1.23531E+04
 64.5 1.16844E+04
 65.0 1.10213E+04
 65.5 1.03636E+04
 66.0 9.71136E+03
 66.5 9.06451E+03
 67.0 1.13790E+04
 67.5 7.78687E+03
 68.0 7.15602E+03
 68.5 6.53047E+03
 69.0 6.68474E+03
 69.5 5.27939E+03
 70.0 4.60173E+03
 70.5 4.01761E+03
 71.0 3.43570E+03
 71.5 2.85617E+03
 72.0 2.27918E+03
 72.5 1.70492E+03
 73.0 1.13354E+03
 73.5 5.65228E+02
 74.0 4.70221E+01
