074K10D0W2
  0.5 0.00000E+00
  1.0 0.00000E+00
  1.5 0.00000E+00
  2.0 0.00000E+00
  2.5 0.00000E+00
  3.0 0.00000E+00
  3.5 2.26753E+04
  4.0 2.99433E+04
  4.5 3.74818E+04
  5.0 4.52776E+04
  5.5 5.33284E+04
  6.0 6.16386E+04
  6.5 7.02183E+04
  7.0 7.90853E+04
  7.5 8.82636E+04
  8.0 9.77730E+04
  8.5 1.31797E+06
  9.0 1.17702E+05
  9.5 1.00725E+06
 10.0 8.42179E+05
 10.5 5.31112E+04
 11.0 5.67976E+04
 11.5 1.44822E+05
 12.0 4.30582E+04
 12.5 3.98436E+04
 13.0 4.20681E+04
 13.5 4.43015E+04
 14.0 4.65405E+04
 14.5 4.87799E+04
 15.0 5.10125E+04
 15.5 5.32285E+04
 16.0 5.54160E+04
 16.5 5.75614E+04
 17.0 5.96492E+04
 17.5 6.16640E+04
 18.0 6.35900E+04
 18.5 6.54124E+04
 19.0 6.71179E+04
 19.5 6.86948E+04
 20.0 7.01338E+04
 20.5 7.14279E+04
 21.0 7.25723E+04
 21.5 7.35646E+04
 22.0 7.44046E+04
 22.5 7.50938E+04
 23.0 7.56356E+04
 23.5 7.60345E+04
 24.0 7.62964E+04
 24.5 7.64279E+04
 25.0 7.64363E+04
 25.5 7.63294E+04
 26.0 7.61151E+04
 26.5 7.58014E+04
 27.0 7.53963E+04
 27.5 7.49079E+04
 28.0 7.43435E+04
 28.5 7.37107E+04
 29.0 7.30165E+04
 29.5 7.22673E+04
 30.0 7.14695E+04
 30.5 7.06288E+04
 31.0 6.97507E+04
 31.5 6.88401E+04
 32.0 6.79017E+04
 32.5 6.69396E+04
 33.0 6.59578E+04
 33.5 6.49597E+04
 34.0 6.39486E+04
 34.5 6.29272E+04
 35.0 6.18981E+04
 35.5 6.08637E+04
 36.0 5.98261E+04
 36.5 5.87870E+04
 37.0 5.77481E+04
 37.5 5.67109E+04
 38.0 5.56765E+04
 38.5 5.46462E+04
 39.0 5.36208E+04
 39.5 5.26011E+04
 40.0 5.15880E+04
 40.5 5.05819E+04
 41.0 4.95834E+04
 41.5 4.85928E+04
 42.0 4.76106E+04
 42.5 4.66370E+04
 43.0 4.56722E+04
 43.5 4.47163E+04
 44.0 4.37695E+04
 44.5 4.28317E+04
 45.0 4.19032E+04
 45.5 4.09837E+04
 46.0 4.00733E+04
 46.5 3.91720E+04
 47.0 3.82796E+04
 47.5 3.73960E+04
 48.0 3.65212E+04
 48.5 3.56550E+04
 49.0 3.47973E+04
 49.5 3.39479E+04
 50.0 3.31066E+04
 50.5 3.22734E+04
 51.0 3.14481E+04
 51.5 3.06305E+04
 52.0 2.98204E+04
 52.5 2.90178E+04
 53.0 2.82224E+04
 53.5 2.74341E+04
 54.0 2.66527E+04
 54.5 2.58781E+04
 55.0 2.51102E+04
 55.5 2.43487E+04
 56.0 2.35937E+04
 56.5 2.28449E+04
 57.0 2.21022E+04
 57.5 2.13655E+04
 58.0 2.58663E+04
 58.5 1.99098E+04
 59.0 1.91905E+04
 59.5 2.75749E+04
 60.0 1.77686E+04
 60.5 1.70658E+04
 61.0 1.63684E+04
 61.5 1.56762E+04
 62.0 1.49893E+04
 62.5 1.43075E+04
 63.0 1.36308E+04
 63.5 1.29592E+04
 64.0 1.22926E+04
 64.5 1.16310E+04
 65.0 1.09743E+04
 65.5 1.03226E+04
 66.0 9.67581E+03
 66.5 9.03390E+03
 67.0 1.13389E+04
 67.5 7.76477E+03
 68.0 7.13755E+03
 68.5 6.51523E+03
 69.0 6.66899E+03
 69.5 5.26475E+03
 70.0 4.56875E+03
 70.5 3.99257E+03
 71.0 3.41740E+03
 71.5 2.84347E+03
 72.0 2.27100E+03
 72.5 1.70021E+03
 73.0 1.13132E+03
 73.5 5.64546E+02
 74.0 4.69866E+01
