074K20D0W2
  0.5 0.00000E+00
  1.0 0.00000E+00
  1.5 0.00000E+00
  2.0 0.00000E+00
  2.5 0.00000E+00
  3.0 0.00000E+00
  3.5 5.39634E+04
  4.0 6.87074E+04
  4.5 8.42982E+04
  5.0 1.00805E+05
  5.5 1.18344E+05
  6.0 1.37075E+05
  6.5 1.57112E+05
  7.0 1.78340E+05
  7.5 2.00289E+05
  8.0 2.22172E+05
  8.5 3.44954E+06
  9.0 2.62097E+05
  9.5 2.03564E+06
 10.0 1.69906E+06
 10.5 1.18635E+05
 11.0 1.26855E+05
 11.5 4.00116E+05
 12.0 9.55943E+04
 12.5 8.82720E+04
 13.0 9.31415E+04
 13.5 9.78638E+04
 14.0 1.02370E+05
 14.5 1.06595E+05
 15.0 1.10482E+05
 15.5 1.13986E+05
 16.0 1.17075E+05
 16.5 1.19727E+05
 17.0 1.21934E+05
 17.5 1.23699E+05
 18.0 1.25033E+05
 18.5 1.25953E+05
 19.0 1.26484E+05
 19.5 1.26653E+05
 20.0 1.26489E+05
 20.5 1.26022E+05
 21.0 1.25284E+05
 21.5 1.24305E+05
 22.0 1.23113E+05
 22.5 1.21737E+05
 23.0 1.20202E+05
 23.5 1.18531E+05
 24.0 1.16748E+05
 24.5 1.14871E+05
 25.0 1.12918E+05
 25.5 1.10906E+05
 26.0 1.08850E+05
 26.5 1.06761E+05
 27.0 1.04651E+05
 27.5 1.02529E+05
 28.0 1.00405E+05
 28.5 9.82847E+04
 29.0 9.61755E+04
 29.5 9.40824E+04
 30.0 9.20099E+04
 30.5 8.99618E+04
 31.0 8.79412E+04
 31.5 8.59507E+04
 32.0 8.39924E+04
 32.5 8.20678E+04
 33.0 8.01781E+04
 33.5 7.83242E+04
 34.0 7.65066E+04
 34.5 7.47257E+04
 35.0 7.29815E+04
 35.5 7.12740E+04
 36.0 6.96030E+04
 36.5 6.79679E+04
 37.0 6.63684E+04
 37.5 6.48038E+04
 38.0 6.32735E+04
 38.5 6.17767E+04
 39.0 6.03126E+04
 39.5 5.88805E+04
 40.0 5.74793E+04
 40.5 5.61085E+04
 41.0 5.47669E+04
 41.5 5.34538E+04
 42.0 5.21682E+04
 42.5 5.09093E+04
 43.0 4.96762E+04
 43.5 4.84680E+04
 44.0 4.72839E+04
 44.5 4.61229E+04
 45.0 4.49844E+04
 45.5 4.38676E+04
 46.0 4.27715E+04
 46.5 4.16955E+04
 47.0 4.06389E+04
 47.5 3.96009E+04
 48.0 3.85808E+04
 48.5 3.75780E+04
 49.0 3.65918E+04
 49.5 3.56216E+04
 50.0 3.46669E+04
 50.5 3.37269E+04
 51.0 3.28013E+04
 51.5 3.18895E+04
 52.0 3.09909E+04
 52.5 3.01050E+04
 53.0 2.92315E+04
 53.5 2.83698E+04
 54.0 2.75196E+04
 54.5 2.66805E+04
 55.0 2.58520E+04
 55.5 2.50337E+04
 56.0 2.42255E+04
 56.5 2.34268E+04
 57.0 2.26375E+04
 57.5 2.18571E+04
 58.0 2.63966E+04
 58.5 2.03224E+04
 59.0 1.95674E+04
 59.5 2.80488E+04
 60.0 1.80813E+04
 60.5 1.73497E+04
 61.0 1.66254E+04
 61.5 1.59083E+04
 62.0 1.51983E+04
 62.5 1.44950E+04
 63.0 1.37985E+04
 63.5 1.31086E+04
 64.0 1.24251E+04
 64.5 1.17480E+04
 65.0 1.10771E+04
 65.5 1.04123E+04
 66.0 9.75360E+03
 66.5 9.10087E+03
 67.0 1.14265E+04
 67.5 7.81310E+03
 68.0 7.17794E+03
 68.5 6.54855E+03
 69.0 6.70343E+03
 69.5 5.29680E+03
 70.0 4.64111E+03
 70.5 4.04748E+03
 71.0 3.45750E+03
 71.5 2.87127E+03
 72.0 2.28891E+03
 72.5 1.71051E+03
 73.0 1.13618E+03
 73.5 5.66035E+02
 74.0 4.70641E+01
