074K22D0W2
  0.5 0.00000E+00
  1.0 0.00000E+00
  1.5 0.00000E+00
  2.0 0.00000E+00
  2.5 0.00000E+00
  3.0 0.00000E+00
  3.5 6.07564E+04
  4.0 7.71449E+04
  4.5 9.45476E+04
  5.0 1.13071E+05
  5.5 1.32887E+05
  6.0 1.54198E+05
  6.5 1.77055E+05
  7.0 2.01130E+05
  7.5 2.25644E+05
  8.0 2.49523E+05
  8.5 3.78279E+06
  9.0 2.91178E+05
  9.5 2.18153E+06
 10.0 1.82062E+06
 10.5 1.33268E+05
 11.0 1.42239E+05
 11.5 4.45705E+05
 12.0 1.07259E+05
 12.5 9.90147E+04
 13.0 1.04329E+05
 13.5 1.09401E+05
 14.0 1.14151E+05
 14.5 1.18511E+05
 15.0 1.22425E+05
 15.5 1.25855E+05
 16.0 1.28778E+05
 16.5 1.31186E+05
 17.0 1.33083E+05
 17.5 1.34484E+05
 18.0 1.35413E+05
 18.5 1.35900E+05
 19.0 1.35977E+05
 19.5 1.35682E+05
 20.0 1.35051E+05
 20.5 1.34121E+05
 21.0 1.32927E+05
 21.5 1.31503E+05
 22.0 1.29882E+05
 22.5 1.28092E+05
 23.0 1.26162E+05
 23.5 1.24115E+05
 24.0 1.21974E+05
 24.5 1.19759E+05
 25.0 1.17488E+05
 25.5 1.15177E+05
 26.0 1.12838E+05
 26.5 1.10485E+05
 27.0 1.08127E+05
 27.5 1.05774E+05
 28.0 1.03434E+05
 28.5 1.01112E+05
 29.0 9.88139E+04
 29.5 9.65448E+04
 30.0 9.43081E+04
 30.5 9.21070E+04
 31.0 8.99438E+04
 31.5 8.78204E+04
 32.0 8.57381E+04
 32.5 8.36979E+04
 33.0 8.17005E+04
 33.5 7.97463E+04
 34.0 7.78351E+04
 34.5 7.59670E+04
 35.0 7.41415E+04
 35.5 7.23581E+04
 36.0 7.06162E+04
 36.5 6.89150E+04
 37.0 6.72538E+04
 37.5 6.56316E+04
 38.0 6.40474E+04
 38.5 6.25003E+04
 39.0 6.09893E+04
 39.5 5.95132E+04
 40.0 5.80711E+04
 40.5 5.66618E+04
 41.0 5.52844E+04
 41.5 5.39376E+04
 42.0 5.26206E+04
 42.5 5.13323E+04
 43.0 5.00716E+04
 43.5 4.88375E+04
 44.0 4.76292E+04
 44.5 4.64457E+04
 45.0 4.52859E+04
 45.5 4.41491E+04
 46.0 4.30345E+04
 46.5 4.19410E+04
 47.0 4.08679E+04
 47.5 3.98146E+04
 48.0 3.87801E+04
 48.5 3.77637E+04
 49.0 3.67649E+04
 49.5 3.57828E+04
 50.0 3.48169E+04
 50.5 3.38666E+04
 51.0 3.29311E+04
 51.5 3.20101E+04
 52.0 3.11028E+04
 52.5 3.02089E+04
 53.0 2.93278E+04
 53.5 2.84591E+04
 54.0 2.76022E+04
 54.5 2.67568E+04
 55.0 2.59225E+04
 55.5 2.50988E+04
 56.0 2.42854E+04
 56.5 2.34820E+04
 57.0 2.26882E+04
 57.5 2.19036E+04
 58.0 2.64467E+04
 58.5 2.03614E+04
 59.0 1.96030E+04
 59.5 2.80935E+04
 60.0 1.81108E+04
 60.5 1.73764E+04
 61.0 1.66496E+04
 61.5 1.59302E+04
 62.0 1.52179E+04
 62.5 1.45127E+04
 63.0 1.38143E+04
 63.5 1.31226E+04
 64.0 1.24376E+04
 64.5 1.17590E+04
 65.0 1.10867E+04
 65.5 1.04207E+04
 66.0 9.76089E+03
 66.5 9.10714E+03
 67.0 1.14347E+04
 67.5 7.81762E+03
 68.0 7.18172E+03
 68.5 6.55167E+03
 69.0 6.70665E+03
 69.5 5.29981E+03
 70.0 4.64793E+03
 70.5 4.05265E+03
 71.0 3.46126E+03
 71.5 2.87388E+03
 72.0 2.29058E+03
 72.5 1.71147E+03
 73.0 1.13663E+03
 73.5 5.66174E+02
 74.0 4.70713E+01
