074K21D0W2
  0.5 0.00000E+00
  1.0 0.00000E+00
  1.5 0.00000E+00
  2.0 0.00000E+00
  2.5 0.00000E+00
  3.0 0.00000E+00
  3.5 5.73329E+04
  4.0 7.28909E+04
  4.5 8.93769E+04
  5.0 1.06877E+05
  5.5 1.25534E+05
  6.0 1.45531E+05
  6.5 1.66959E+05
  7.0 1.89607E+05
  7.5 2.12858E+05
  8.0 2.35781E+05
  8.5 3.61963E+06
  9.0 2.76684E+05
  9.5 2.11041E+06
 10.0 1.76136E+06
 10.5 1.25893E+05
 11.0 1.34503E+05
 11.5 4.23170E+05
 12.0 1.01382E+05
 12.5 9.36018E+04
 13.0 9.87019E+04
 13.5 1.03609E+05
 14.0 1.08250E+05
 14.5 1.12556E+05
 15.0 1.16470E+05
 15.5 1.19951E+05
 16.0 1.22969E+05
 16.5 1.25511E+05
 17.0 1.27573E+05
 17.5 1.29164E+05
 18.0 1.30302E+05
 18.5 1.31011E+05
 19.0 1.31320E+05
 19.5 1.31259E+05
 20.0 1.30863E+05
 20.5 1.30165E+05
 21.0 1.29199E+05
 21.5 1.27996E+05
 22.0 1.26588E+05
 22.5 1.25003E+05
 23.0 1.23267E+05
 23.5 1.21406E+05
 24.0 1.19440E+05
 24.5 1.17391E+05
 25.0 1.15276E+05
 25.5 1.13111E+05
 26.0 1.10910E+05
 26.5 1.08686E+05
 27.0 1.06449E+05
 27.5 1.04209E+05
 28.0 1.01973E+05
 28.5 9.97492E+04
 29.0 9.75429E+04
 29.5 9.53591E+04
 30.0 9.32019E+04
 30.5 9.10749E+04
 31.0 8.89807E+04
 31.5 8.69215E+04
 32.0 8.48991E+04
 32.5 8.29147E+04
 33.0 8.09693E+04
 33.5 7.90634E+04
 34.0 7.71974E+04
 34.5 7.53713E+04
 35.0 7.35850E+04
 35.5 7.18381E+04
 36.0 7.01303E+04
 36.5 6.84609E+04
 37.0 6.68294E+04
 37.5 6.52348E+04
 38.0 6.36766E+04
 38.5 6.21536E+04
 39.0 6.06651E+04
 39.5 5.92102E+04
 40.0 5.77877E+04
 40.5 5.63969E+04
 41.0 5.50366E+04
 41.5 5.37060E+04
 42.0 5.24041E+04
 42.5 5.11299E+04
 43.0 4.98824E+04
 43.5 4.86607E+04
 44.0 4.74640E+04
 44.5 4.62913E+04
 45.0 4.51417E+04
 45.5 4.40145E+04
 46.0 4.29087E+04
 46.5 4.18236E+04
 47.0 4.07584E+04
 47.5 3.97124E+04
 48.0 3.86848E+04
 48.5 3.76749E+04
 49.0 3.66821E+04
 49.5 3.57058E+04
 50.0 3.47452E+04
 50.5 3.37998E+04
 51.0 3.28691E+04
 51.5 3.19524E+04
 52.0 3.10493E+04
 52.5 3.01593E+04
 53.0 2.92818E+04
 53.5 2.84165E+04
 54.0 2.75628E+04
 54.5 2.67203E+04
 55.0 2.58888E+04
 55.5 2.50677E+04
 56.0 2.42568E+04
 56.5 2.34556E+04
 57.0 2.26639E+04
 57.5 2.18814E+04
 58.0 2.64227E+04
 58.5 2.03427E+04
 59.0 1.95860E+04
 59.5 2.80721E+04
 60.0 1.80967E+04
 60.5 1.73637E+04
 61.0 1.66381E+04
 61.5 1.59198E+04
 62.0 1.52085E+04
 62.5 1.45043E+04
 63.0 1.38068E+04
 63.5 1.31159E+04
 64.0 1.24316E+04
 64.5 1.17537E+04
 65.0 1.10821E+04
 65.5 1.04167E+04
 66.0 9.75741E+03
 66.5 9.10415E+03
 67.0 1.14308E+04
 67.5 7.81546E+03
 68.0 7.17992E+03
 68.5 6.55018E+03
 69.0 6.70511E+03
 69.5 5.29837E+03
 70.0 4.64468E+03
 70.5 4.05018E+03
 71.0 3.45947E+03
 71.5 2.87264E+03
 72.0 2.28978E+03
 72.5 1.71101E+03
 73.0 1.13642E+03
 73.5 5.66108E+02
 74.0 4.70679E+01
