075K06D0W2
  0.5 0.00000E+00
  1.0 0.00000E+00
  1.5 0.00000E+00
  2.0 0.00000E+00
  2.5 0.00000E+00
  3.0 0.00000E+00
  3.5 1.10536E+04
  4.0 1.54508E+04
  4.5 2.00074E+04
  5.0 2.46846E+04
  5.5 2.94661E+04
  6.0 3.43441E+04
  6.5 3.93142E+04
  7.0 4.43739E+04
  7.5 4.95220E+04
  8.0 5.47590E+04
  8.5 3.80409E+05
  9.0 6.55093E+04
  9.5 4.15188E+05
 10.0 3.49762E+05
 10.5 2.99450E+04
 11.0 3.20346E+04
 11.5 5.07336E+04
 12.0 2.43281E+04
 12.5 2.25265E+04
 13.0 2.38081E+04
 13.5 2.50872E+04
 14.0 2.63635E+04
 14.5 2.76361E+04
 15.0 2.89047E+04
 15.5 3.01685E+04
 16.0 3.14266E+04
 16.5 3.26781E+04
 17.0 3.39218E+04
 17.5 3.51561E+04
 18.0 3.63789E+04
 18.5 3.75878E+04
 19.0 3.87798E+04
 19.5 3.99513E+04
 20.0 4.10984E+04
 20.5 4.22167E+04
 21.0 4.33017E+04
 21.5 4.43487E+04
 22.0 4.53530E+04
 22.5 4.63102E+04
 23.0 4.72160E+04
 23.5 4.80666E+04
 24.0 4.88588E+04
 24.5 4.95898E+04
 25.0 5.02574E+04
 25.5 5.08599E+04
 26.0 5.13964E+04
 26.5 5.18664E+04
 27.0 5.22699E+04
 27.5 5.26077E+04
 28.0 5.28806E+04
 28.5 5.30900E+04
 29.0 5.32377E+04
 29.5 5.33256E+04
 30.0 5.33558E+04
 30.5 5.33309E+04
 31.0 5.32533E+04
 31.5 5.31255E+04
 32.0 5.29503E+04
 32.5 5.27303E+04
 33.0 5.24681E+04
 33.5 5.21663E+04
 34.0 5.18276E+04
 34.5 5.14544E+04
 35.0 5.10492E+04
 35.5 5.06143E+04
 36.0 5.01519E+04
 36.5 4.96642E+04
 37.0 4.91532E+04
 37.5 4.86208E+04
 38.0 4.80688E+04
 38.5 4.74990E+04
 39.0 4.69130E+04
 39.5 4.63123E+04
 40.0 4.56982E+04
 40.5 4.50721E+04
 41.0 4.44352E+04
 41.5 4.37887E+04
 42.0 4.31336E+04
 42.5 4.24708E+04
 43.0 4.18013E+04
 43.5 4.11260E+04
 44.0 4.04455E+04
 44.5 3.97605E+04
 45.0 3.90718E+04
 45.5 3.83799E+04
 46.0 3.76854E+04
 46.5 3.69887E+04
 47.0 3.62903E+04
 47.5 3.55907E+04
 48.0 3.48902E+04
 48.5 3.41891E+04
 49.0 3.34879E+04
 49.5 3.27866E+04
 50.0 3.20858E+04
 50.5 3.13854E+04
 51.0 3.06859E+04
 51.5 2.99873E+04
 52.0 2.92899E+04
 52.5 2.85939E+04
 53.0 2.78993E+04
 53.5 2.72063E+04
 54.0 2.65150E+04
 54.5 2.58257E+04
 55.0 2.51382E+04
 55.5 2.44528E+04
 56.0 2.37696E+04
 56.5 2.30886E+04
 57.0 2.24098E+04
 57.5 2.17335E+04
 58.0 2.81241E+04
 58.5 2.03882E+04
 59.0 1.97193E+04
 59.5 3.13608E+04
 60.0 1.83896E+04
 60.5 1.77287E+04
 61.0 1.70707E+04
 61.5 1.64155E+04
 62.0 1.57632E+04
 62.5 1.51138E+04
 63.0 1.44674E+04
 63.5 1.38241E+04
 64.0 1.31839E+04
 64.5 1.25468E+04
 65.0 1.19128E+04
 65.5 1.12822E+04
 66.0 1.06548E+04
 66.5 1.00309E+04
 67.0 1.34221E+04
 67.5 8.79324E+03
 68.0 8.17970E+03
 68.5 7.56977E+03
 69.0 8.01673E+03
 69.5 6.31020E+03
 70.0 5.48714E+03
 70.5 4.94685E+03
 71.0 4.40379E+03
 71.5 3.85831E+03
 72.0 3.31075E+03
 72.5 2.76143E+03
 73.0 2.21070E+03
 73.5 1.65887E+03
 74.0 1.10627E+03
 74.5 5.53209E+02
 75.0 4.61010E+01
