075K16D0W2
  0.5 0.00000E+00
  1.0 0.00000E+00
  1.5 0.00000E+00
  2.0 0.00000E+00
  2.5 0.00000E+00
  3.0 0.00000E+00
  3.5 4.04493E+04
  4.0 5.19567E+04
  4.5 6.40261E+04
  5.0 7.66774E+04
  5.5 8.99498E+04
  6.0 1.03909E+05
  6.5 1.18644E+05
  7.0 1.34224E+05
  7.5 1.50608E+05
  8.0 1.67564E+05
  8.5 2.68132E+06
  9.0 2.01330E+05
  9.5 1.69743E+06
 10.0 1.41716E+06
 10.5 8.99713E+04
 11.0 9.63928E+04
 11.5 3.00104E+05
 12.0 7.27534E+04
 12.5 6.72553E+04
 13.0 7.10796E+04
 13.5 7.48899E+04
 14.0 7.86504E+04
 14.5 8.23203E+04
 15.0 8.58571E+04
 15.5 8.92189E+04
 16.0 9.23669E+04
 16.5 9.52676E+04
 17.0 9.78941E+04
 17.5 1.00227E+05
 18.0 1.02253E+05
 18.5 1.03966E+05
 19.0 1.05369E+05
 19.5 1.06465E+05
 20.0 1.07267E+05
 20.5 1.07787E+05
 21.0 1.08042E+05
 21.5 1.08050E+05
 22.0 1.07831E+05
 22.5 1.07404E+05
 23.0 1.06788E+05
 23.5 1.06004E+05
 24.0 1.05070E+05
 24.5 1.04004E+05
 25.0 1.02822E+05
 25.5 1.01541E+05
 26.0 1.00174E+05
 26.5 9.87348E+04
 27.0 9.72359E+04
 27.5 9.56881E+04
 28.0 9.41013E+04
 28.5 9.24844E+04
 29.0 9.08454E+04
 29.5 8.91913E+04
 30.0 8.75285E+04
 30.5 8.58622E+04
 31.0 8.41975E+04
 31.5 8.25383E+04
 32.0 8.08883E+04
 32.5 7.92506E+04
 33.0 7.76279E+04
 33.5 7.60223E+04
 34.0 7.44356E+04
 34.5 7.28694E+04
 35.0 7.13249E+04
 35.5 6.98030E+04
 36.0 6.83046E+04
 36.5 6.68300E+04
 37.0 6.53798E+04
 37.5 6.39541E+04
 38.0 6.25530E+04
 38.5 6.11764E+04
 39.0 5.98243E+04
 39.5 5.84964E+04
 40.0 5.71924E+04
 40.5 5.59120E+04
 41.0 5.46547E+04
 41.5 5.34202E+04
 42.0 5.22079E+04
 42.5 5.10174E+04
 43.0 4.98481E+04
 43.5 4.86995E+04
 44.0 4.75710E+04
 44.5 4.64622E+04
 45.0 4.53724E+04
 45.5 4.43011E+04
 46.0 4.32477E+04
 46.5 4.22116E+04
 47.0 4.11924E+04
 47.5 4.01895E+04
 48.0 3.92024E+04
 48.5 3.82305E+04
 49.0 3.72734E+04
 49.5 3.63306E+04
 50.0 3.54015E+04
 50.5 3.44858E+04
 51.0 3.35830E+04
 51.5 3.26926E+04
 52.0 3.18142E+04
 52.5 3.09475E+04
 53.0 3.00920E+04
 53.5 2.92474E+04
 54.0 2.84133E+04
 54.5 2.75894E+04
 55.0 2.67753E+04
 55.5 2.59707E+04
 56.0 2.51754E+04
 56.5 2.43889E+04
 57.0 2.36112E+04
 57.5 2.28418E+04
 58.0 2.94188E+04
 58.5 2.13273E+04
 59.0 2.05818E+04
 59.5 3.25999E+04
 60.0 1.91129E+04
 60.5 1.83892E+04
 61.0 1.76724E+04
 61.5 1.69624E+04
 62.0 1.62590E+04
 62.5 1.55621E+04
 63.0 1.48715E+04
 63.5 1.41871E+04
 64.0 1.35089E+04
 64.5 1.28366E+04
 65.0 1.21702E+04
 65.5 1.15096E+04
 66.0 1.08548E+04
 66.5 1.02056E+04
 67.0 1.36792E+04
 67.5 8.92395E+03
 68.0 8.29139E+03
 68.5 7.66427E+03
 69.0 8.12136E+03
 69.5 6.40701E+03
 70.0 5.71122E+03
 70.5 5.12655E+03
 71.0 4.54455E+03
 71.5 3.96535E+03
 72.0 3.38908E+03
 72.5 2.81586E+03
 73.0 2.24583E+03
 73.5 1.67911E+03
 74.0 1.11584E+03
 74.5 5.56147E+02
 75.0 4.62541E+01
