075K15D0W2
  0.5 0.00000E+00
  1.0 0.00000E+00
  1.5 0.00000E+00
  2.0 0.00000E+00
  2.5 0.00000E+00
  3.0 0.00000E+00
  3.5 3.73449E+04
  4.0 4.81126E+04
  4.5 5.93842E+04
  5.0 7.11724E+04
  5.5 8.35055E+04
  6.0 9.64325E+04
  6.5 1.10025E+05
  7.0 1.24352E+05
  7.5 1.39416E+05
  8.0 1.55075E+05
  8.5 2.46802E+06
  9.0 1.86745E+05
  9.5 1.59708E+06
 10.0 1.33354E+06
 10.5 8.34235E+04
 11.0 8.93702E+04
 11.5 2.74267E+05
 12.0 6.75014E+04
 12.5 6.24144E+04
 13.0 6.59621E+04
 13.5 6.95099E+04
 14.0 7.30302E+04
 14.5 7.64897E+04
 15.0 7.98523E+04
 15.5 8.30805E+04
 16.0 8.61385E+04
 16.5 8.89933E+04
 17.0 9.16171E+04
 17.5 9.39876E+04
 18.0 9.60889E+04
 18.5 9.79110E+04
 19.0 9.94501E+04
 19.5 1.00707E+05
 20.0 1.01689E+05
 20.5 1.02403E+05
 21.0 1.02864E+05
 21.5 1.03085E+05
 22.0 1.03083E+05
 22.5 1.02875E+05
 23.0 1.02478E+05
 23.5 1.01909E+05
 24.0 1.01186E+05
 24.5 1.00325E+05
 25.0 9.93431E+04
 25.5 9.82539E+04
 26.0 9.70717E+04
 26.5 9.58097E+04
 27.0 9.44798E+04
 27.5 9.30929E+04
 28.0 9.16590E+04
 28.5 9.01872E+04
 29.0 8.86856E+04
 29.5 8.71614E+04
 30.0 8.56212E+04
 30.5 8.40706E+04
 31.0 8.25149E+04
 31.5 8.09585E+04
 32.0 7.94052E+04
 32.5 7.78584E+04
 33.0 7.63211E+04
 33.5 7.47958E+04
 34.0 7.32846E+04
 34.5 7.17893E+04
 35.0 7.03114E+04
 35.5 6.88520E+04
 36.0 6.74123E+04
 36.5 6.59929E+04
 37.0 6.45944E+04
 37.5 6.32172E+04
 38.0 6.18617E+04
 38.5 6.05279E+04
 39.0 5.92160E+04
 39.5 5.79258E+04
 40.0 5.66572E+04
 40.5 5.54101E+04
 41.0 5.41840E+04
 41.5 5.29788E+04
 42.0 5.17941E+04
 42.5 5.06295E+04
 43.0 4.94846E+04
 43.5 4.83588E+04
 44.0 4.72519E+04
 44.5 4.61632E+04
 45.0 4.50924E+04
 45.5 4.40389E+04
 46.0 4.30022E+04
 46.5 4.19819E+04
 47.0 4.09776E+04
 47.5 3.99886E+04
 48.0 3.90145E+04
 48.5 3.80550E+04
 49.0 3.71095E+04
 49.5 3.61775E+04
 50.0 3.52587E+04
 50.5 3.43526E+04
 51.0 3.34588E+04
 51.5 3.25769E+04
 52.0 3.17065E+04
 52.5 3.08473E+04
 53.0 2.99988E+04
 53.5 2.91608E+04
 54.0 2.83330E+04
 54.5 2.75149E+04
 55.0 2.67062E+04
 55.5 2.59068E+04
 56.0 2.51163E+04
 56.5 2.43344E+04
 57.0 2.35608E+04
 57.5 2.27955E+04
 58.0 2.93648E+04
 58.5 2.12882E+04
 59.0 2.05458E+04
 59.5 3.25485E+04
 60.0 1.90828E+04
 60.5 1.83618E+04
 61.0 1.76475E+04
 61.5 1.69398E+04
 62.0 1.62385E+04
 62.5 1.55436E+04
 63.0 1.48548E+04
 63.5 1.41722E+04
 64.0 1.34955E+04
 64.5 1.28247E+04
 65.0 1.21596E+04
 65.5 1.15003E+04
 66.0 1.08466E+04
 66.5 1.01984E+04
 67.0 1.36686E+04
 67.5 8.91859E+03
 68.0 8.28681E+03
 68.5 7.66041E+03
 69.0 8.11708E+03
 69.5 6.40302E+03
 70.0 5.70189E+03
 70.5 5.11909E+03
 71.0 4.53873E+03
 71.5 3.96094E+03
 72.0 3.38586E+03
 72.5 2.81363E+03
 73.0 2.24439E+03
 73.5 1.67829E+03
 74.0 1.11545E+03
 74.5 5.56027E+02
 75.0 4.62479E+01
