075K14D0W2
  0.5 0.00000E+00
  1.0 0.00000E+00
  1.5 0.00000E+00
  2.0 0.00000E+00
  2.5 0.00000E+00
  3.0 0.00000E+00
  3.5 3.42788E+04
  4.0 4.43165E+04
  4.5 5.48039E+04
  5.0 6.57472E+04
  5.5 7.71659E+04
  6.0 8.90950E+04
  6.5 1.01589E+05
  7.0 1.14711E+05
  7.5 1.28488E+05
  8.0 1.42846E+05
  8.5 2.24648E+06
  9.0 1.72276E+05
  9.5 1.49081E+06
 10.0 1.24498E+06
 10.5 7.70090E+04
 11.0 8.24813E+04
 11.5 2.48040E+05
 12.0 6.23498E+04
 12.5 5.76642E+04
 13.0 6.09359E+04
 13.5 6.42166E+04
 14.0 6.74861E+04
 14.5 7.07187E+04
 15.0 7.38849E+04
 15.5 7.69528E+04
 16.0 7.98903E+04
 16.5 8.26667E+04
 17.0 8.52543E+04
 17.5 8.76298E+04
 18.0 8.97746E+04
 18.5 9.16758E+04
 19.0 9.33252E+04
 19.5 9.47200E+04
 20.0 9.58614E+04
 20.5 9.67547E+04
 21.0 9.74083E+04
 21.5 9.78330E+04
 22.0 9.80416E+04
 22.5 9.80482E+04
 23.0 9.78676E+04
 23.5 9.75151E+04
 24.0 9.70061E+04
 24.5 9.63555E+04
 25.0 9.55781E+04
 25.5 9.46879E+04
 26.0 9.36982E+04
 26.5 9.26214E+04
 27.0 9.14692E+04
 27.5 9.02523E+04
 28.0 8.89807E+04
 28.5 8.76634E+04
 29.0 8.63086E+04
 29.5 8.49237E+04
 30.0 8.35155E+04
 30.5 8.20898E+04
 31.0 8.06521E+04
 31.5 7.92071E+04
 32.0 7.77589E+04
 32.5 7.63112E+04
 33.0 7.48673E+04
 33.5 7.34299E+04
 34.0 7.20015E+04
 34.5 7.05841E+04
 35.0 6.91794E+04
 35.5 6.77889E+04
 36.0 6.64140E+04
 36.5 6.50555E+04
 37.0 6.37142E+04
 37.5 6.23909E+04
 38.0 6.10860E+04
 38.5 5.97998E+04
 39.0 5.85325E+04
 39.5 5.72844E+04
 40.0 5.60553E+04
 40.5 5.48452E+04
 41.0 5.36541E+04
 41.5 5.24817E+04
 42.0 5.13278E+04
 42.5 5.01922E+04
 43.0 4.90745E+04
 43.5 4.79744E+04
 44.0 4.68915E+04
 44.5 4.58255E+04
 45.0 4.47760E+04
 45.5 4.37425E+04
 46.0 4.27247E+04
 46.5 4.17222E+04
 47.0 4.07345E+04
 47.5 3.97612E+04
 48.0 3.88019E+04
 48.5 3.78562E+04
 49.0 3.69237E+04
 49.5 3.60041E+04
 50.0 3.50968E+04
 50.5 3.42015E+04
 51.0 3.33179E+04
 51.5 3.24456E+04
 52.0 3.15843E+04
 52.5 3.07336E+04
 53.0 2.98931E+04
 53.5 2.90626E+04
 54.0 2.82417E+04
 54.5 2.74302E+04
 55.0 2.66278E+04
 55.5 2.58342E+04
 56.0 2.50491E+04
 56.5 2.42724E+04
 57.0 2.35036E+04
 57.5 2.27428E+04
 58.0 2.93034E+04
 58.5 2.12436E+04
 59.0 2.05050E+04
 59.5 3.24900E+04
 60.0 1.90486E+04
 60.5 1.83306E+04
 61.0 1.76191E+04
 61.5 1.69140E+04
 62.0 1.62152E+04
 62.5 1.55225E+04
 63.0 1.48358E+04
 63.5 1.41551E+04
 64.0 1.34802E+04
 64.5 1.28111E+04
 65.0 1.21476E+04
 65.5 1.14896E+04
 66.0 1.08372E+04
 66.5 1.01903E+04
 67.0 1.36566E+04
 67.5 8.91250E+03
 68.0 8.28161E+03
 68.5 7.65601E+03
 69.0 8.11221E+03
 69.5 6.39849E+03
 70.0 5.69129E+03
 70.5 5.11061E+03
 71.0 4.53210E+03
 71.5 3.95591E+03
 72.0 3.38219E+03
 72.5 2.81108E+03
 73.0 2.24275E+03
 73.5 1.67734E+03
 74.0 1.11501E+03
 74.5 5.55891E+02
 75.0 4.62408E+01
