075K11D0W2
  0.5 0.00000E+00
  1.0 0.00000E+00
  1.5 0.00000E+00
  2.0 0.00000E+00
  2.5 0.00000E+00
  3.0 0.00000E+00
  3.5 2.52954E+04
  4.0 3.31920E+04
  4.5 4.13969E+04
  5.0 4.99010E+04
  5.5 5.87059E+04
  6.0 6.78203E+04
  6.5 7.72610E+04
  7.0 8.70549E+04
  7.5 9.72339E+04
  8.0 1.07817E+05
  8.5 1.53837E+06
  9.0 1.30005E+05
  9.5 1.13254E+06
 10.0 9.46494E+05
 10.5 5.85355E+04
 11.0 6.26300E+04
 11.5 1.68234E+05
 12.0 4.74726E+04
 12.5 4.39332E+04
 13.0 4.64022E+04
 13.5 4.88843E+04
 14.0 5.13742E+04
 14.5 5.38639E+04
 15.0 5.63425E+04
 15.5 5.87960E+04
 16.0 6.12080E+04
 16.5 6.35603E+04
 17.0 6.58338E+04
 17.5 6.80095E+04
 18.0 7.00691E+04
 18.5 7.19963E+04
 19.0 7.37768E+04
 19.5 7.53993E+04
 20.0 7.68552E+04
 20.5 7.81390E+04
 21.0 7.92477E+04
 21.5 8.01812E+04
 22.0 8.09416E+04
 22.5 8.15332E+04
 23.0 8.19615E+04
 23.5 8.22337E+04
 24.0 8.23580E+04
 24.5 8.23431E+04
 25.0 8.21984E+04
 25.5 8.19334E+04
 26.0 8.15576E+04
 26.5 8.10806E+04
 27.0 8.05117E+04
 27.5 7.98597E+04
 28.0 7.91333E+04
 28.5 7.83404E+04
 29.0 7.74889E+04
 29.5 7.65859E+04
 30.0 7.56379E+04
 30.5 7.46512E+04
 31.0 7.36313E+04
 31.5 7.25836E+04
 32.0 7.15127E+04
 32.5 7.04228E+04
 33.0 6.93180E+04
 33.5 6.82016E+04
 34.0 6.70770E+04
 34.5 6.59467E+04
 35.0 6.48135E+04
 35.5 6.36793E+04
 36.0 6.25464E+04
 36.5 6.14163E+04
 37.0 6.02906E+04
 37.5 5.91706E+04
 38.0 5.80573E+04
 38.5 5.69519E+04
 39.0 5.58550E+04
 39.5 5.47674E+04
 40.0 5.36897E+04
 40.5 5.26223E+04
 41.0 5.15656E+04
 41.5 5.05199E+04
 42.0 4.94853E+04
 42.5 4.84621E+04
 43.0 4.74504E+04
 43.5 4.64501E+04
 44.0 4.54612E+04
 44.5 4.44838E+04
 45.0 4.35178E+04
 45.5 4.25629E+04
 46.0 4.16192E+04
 46.5 4.06864E+04
 47.0 3.97644E+04
 47.5 3.88530E+04
 48.0 3.79520E+04
 48.5 3.70612E+04
 49.0 3.61804E+04
 49.5 3.53094E+04
 50.0 3.44479E+04
 50.5 3.35958E+04
 51.0 3.27529E+04
 51.5 3.19188E+04
 52.0 3.10934E+04
 52.5 3.02765E+04
 53.0 2.94679E+04
 53.5 2.86673E+04
 54.0 2.78746E+04
 54.5 2.70895E+04
 55.0 2.63119E+04
 55.5 2.55416E+04
 56.0 2.47785E+04
 56.5 2.40223E+04
 57.0 2.32728E+04
 57.5 2.25300E+04
 58.0 2.90556E+04
 58.5 2.10637E+04
 59.0 2.03399E+04
 59.5 3.22535E+04
 60.0 1.89104E+04
 60.5 1.82045E+04
 61.0 1.75043E+04
 61.5 1.68097E+04
 62.0 1.61207E+04
 62.5 1.54372E+04
 63.0 1.47590E+04
 63.5 1.40861E+04
 64.0 1.34185E+04
 64.5 1.27560E+04
 65.0 1.20987E+04
 65.5 1.14465E+04
 66.0 1.07993E+04
 66.5 1.01572E+04
 67.0 1.36079E+04
 67.5 8.88776E+03
 68.0 8.26048E+03
 68.5 7.63814E+03
 69.0 8.09242E+03
 69.5 6.38009E+03
 70.0 5.64844E+03
 70.5 5.07631E+03
 71.0 4.50528E+03
 71.5 3.93555E+03
 72.0 3.36731E+03
 72.5 2.80076E+03
 73.0 2.23610E+03
 73.5 1.67352E+03
 74.0 1.11320E+03
 74.5 5.55337E+02
 75.0 4.62120E+01
