075K22D0W2
  0.5 0.00000E+00
  1.0 0.00000E+00
  1.5 0.00000E+00
  2.0 0.00000E+00
  2.5 0.00000E+00
  3.0 0.00000E+00
  3.5 6.00045E+04
  4.0 7.62130E+04
  4.5 9.34182E+04
  5.0 1.11720E+05
  5.5 1.31281E+05
  6.0 1.52303E+05
  6.5 1.74863E+05
  7.0 1.98690E+05
  7.5 2.23070E+05
  8.0 2.46979E+05
  8.5 3.79423E+06
  9.0 2.89200E+05
  9.5 2.19751E+06
 10.0 1.83388E+06
 10.5 1.32021E+05
 11.0 1.41030E+05
 11.5 4.44870E+05
 12.0 1.06361E+05
 12.5 9.82144E+04
 13.0 1.03561E+05
 13.5 1.08687E+05
 14.0 1.13515E+05
 14.5 1.17974E+05
 15.0 1.22005E+05
 15.5 1.25566E+05
 16.0 1.28632E+05
 16.5 1.31189E+05
 17.0 1.33238E+05
 17.5 1.34792E+05
 18.0 1.35871E+05
 18.5 1.36502E+05
 19.0 1.36719E+05
 19.5 1.36554E+05
 20.0 1.36044E+05
 20.5 1.35225E+05
 21.0 1.34132E+05
 21.5 1.32800E+05
 22.0 1.31260E+05
 22.5 1.29543E+05
 23.0 1.27675E+05
 23.5 1.25683E+05
 24.0 1.23589E+05
 24.5 1.21413E+05
 25.0 1.19174E+05
 25.5 1.16889E+05
 26.0 1.14570E+05
 26.5 1.12232E+05
 27.0 1.09884E+05
 27.5 1.07537E+05
 28.0 1.05199E+05
 28.5 1.02875E+05
 29.0 1.00573E+05
 29.5 9.82975E+04
 30.0 9.60518E+04
 30.5 9.38396E+04
 31.0 9.16638E+04
 31.5 8.95263E+04
 32.0 8.74287E+04
 32.5 8.53724E+04
 33.0 8.33580E+04
 33.5 8.13861E+04
 34.0 7.94569E+04
 34.5 7.75703E+04
 35.0 7.57262E+04
 35.5 7.39241E+04
 36.0 7.21635E+04
 36.5 7.04437E+04
 37.0 6.87640E+04
 37.5 6.71235E+04
 38.0 6.55214E+04
 38.5 6.39567E+04
 39.0 6.24284E+04
 39.5 6.09354E+04
 40.0 5.94768E+04
 40.5 5.80516E+04
 41.0 5.66586E+04
 41.5 5.52969E+04
 42.0 5.39654E+04
 42.5 5.26631E+04
 43.0 5.13890E+04
 43.5 5.01420E+04
 44.0 4.89213E+04
 44.5 4.77259E+04
 45.0 4.65549E+04
 45.5 4.54073E+04
 46.0 4.42824E+04
 46.5 4.31792E+04
 47.0 4.20969E+04
 47.5 4.10347E+04
 48.0 3.99920E+04
 48.5 3.89679E+04
 49.0 3.79618E+04
 49.5 3.69729E+04
 50.0 3.60005E+04
 50.5 3.50442E+04
 51.0 3.41032E+04
 51.5 3.31770E+04
 52.0 3.22650E+04
 52.5 3.13667E+04
 53.0 3.04816E+04
 53.5 2.96092E+04
 54.0 2.87490E+04
 54.5 2.79005E+04
 55.0 2.70635E+04
 55.5 2.62373E+04
 56.0 2.54218E+04
 56.5 2.46165E+04
 57.0 2.38210E+04
 57.5 2.30350E+04
 58.0 2.96434E+04
 58.5 2.14905E+04
 59.0 2.07313E+04
 59.5 3.28137E+04
 60.0 1.92379E+04
 60.5 1.85032E+04
 61.0 1.77761E+04
 61.5 1.70565E+04
 62.0 1.63442E+04
 62.5 1.56391E+04
 63.0 1.49408E+04
 63.5 1.42493E+04
 64.0 1.35645E+04
 64.5 1.28861E+04
 65.0 1.22141E+04
 65.5 1.15484E+04
 66.0 1.08888E+04
 66.5 1.02353E+04
 67.0 1.37229E+04
 67.5 8.94615E+03
 68.0 8.31034E+03
 68.5 7.68030E+03
 69.0 8.13911E+03
 69.5 6.42357E+03
 70.0 5.75001E+03
 70.5 5.15756E+03
 71.0 4.56876E+03
 71.5 3.98371E+03
 72.0 3.40247E+03
 72.5 2.82514E+03
 73.0 2.25180E+03
 73.5 1.68254E+03
 74.0 1.11746E+03
 74.5 5.56642E+02
 75.0 4.62799E+01
