076K06D0W2
  0.5 0.00000E+00
  1.0 0.00000E+00
  1.5 0.00000E+00
  2.0 0.00000E+00
  2.5 0.00000E+00
  3.0 0.00000E+00
  3.5 1.08886E+04
  4.0 1.52419E+04
  4.5 1.97551E+04
  5.0 2.43889E+04
  5.5 2.91270E+04
  6.0 3.39613E+04
  6.5 3.88875E+04
  7.0 4.39029E+04
  7.5 4.90064E+04
  8.0 5.41981E+04
  8.5 3.64299E+05
  9.0 6.48552E+04
  9.5 4.04699E+05
 10.0 3.41091E+05
 10.5 2.96756E+04
 11.0 3.17539E+04
 11.5 4.93503E+04
 12.0 2.41267E+04
 12.5 2.23455E+04
 13.0 2.36228E+04
 13.5 2.48983E+04
 14.0 2.61714E+04
 14.5 2.74414E+04
 15.0 2.87080E+04
 15.5 2.99703E+04
 16.0 3.12276E+04
 16.5 3.24791E+04
 17.0 3.37234E+04
 17.5 3.49593E+04
 18.0 3.61848E+04
 18.5 3.73975E+04
 19.0 3.85947E+04
 19.5 3.97730E+04
 20.0 4.09285E+04
 20.5 4.20571E+04
 21.0 4.31543E+04
 21.5 4.42154E+04
 22.0 4.52359E+04
 22.5 4.62113E+04
 23.0 4.71372E+04
 23.5 4.80097E+04
 24.0 4.88254E+04
 24.5 4.95814E+04
 25.0 5.02753E+04
 25.5 5.09052E+04
 26.0 5.14699E+04
 26.5 5.19688E+04
 27.0 5.24018E+04
 27.5 5.27691E+04
 28.0 5.30717E+04
 28.5 5.33107E+04
 29.0 5.34876E+04
 29.5 5.36044E+04
 30.0 5.36630E+04
 30.5 5.36658E+04
 31.0 5.36152E+04
 31.5 5.35137E+04
 32.0 5.33639E+04
 32.5 5.31684E+04
 33.0 5.29299E+04
 33.5 5.26509E+04
 34.0 5.23340E+04
 34.5 5.19818E+04
 35.0 5.15966E+04
 35.5 5.11808E+04
 36.0 5.07367E+04
 36.5 5.02664E+04
 37.0 4.97720E+04
 37.5 4.92554E+04
 38.0 4.87186E+04
 38.5 4.81632E+04
 39.0 4.75909E+04
 39.5 4.70033E+04
 40.0 4.64017E+04
 40.5 4.57876E+04
 41.0 4.51622E+04
 41.5 4.45266E+04
 42.0 4.38820E+04
 42.5 4.32293E+04
 43.0 4.25695E+04
 43.5 4.19035E+04
 44.0 4.12320E+04
 44.5 4.05558E+04
 45.0 3.98755E+04
 45.5 3.91918E+04
 46.0 3.85052E+04
 46.5 3.78163E+04
 47.0 3.71255E+04
 47.5 3.64332E+04
 48.0 3.57399E+04
 48.5 3.50459E+04
 49.0 3.43516E+04
 49.5 3.36572E+04
 50.0 3.29630E+04
 50.5 3.22693E+04
 51.0 3.15763E+04
 51.5 3.08842E+04
 52.0 3.01932E+04
 52.5 2.95035E+04
 53.0 2.88152E+04
 53.5 2.81284E+04
 54.0 2.74433E+04
 54.5 2.67600E+04
 55.0 2.60786E+04
 55.5 2.53992E+04
 56.0 2.47218E+04
 56.5 2.40467E+04
 57.0 2.33738E+04
 57.5 2.27032E+04
 58.0 3.12407E+04
 58.5 2.13693E+04
 59.0 2.07060E+04
 59.5 3.60934E+04
 60.0 1.93872E+04
 60.5 1.87318E+04
 61.0 1.80790E+04
 61.5 1.74290E+04
 62.0 1.67819E+04
 62.5 1.61375E+04
 63.0 1.54961E+04
 63.5 1.48575E+04
 64.0 1.42220E+04
 64.5 1.35895E+04
 65.0 1.29601E+04
 65.5 1.23337E+04
 66.0 1.17106E+04
 66.5 1.10907E+04
 67.0 1.57198E+04
 67.5 9.86067E+03
 68.0 9.25071E+03
 68.5 8.64418E+03
 69.0 9.41910E+03
 69.5 7.37093E+03
 70.0 6.45685E+03
 70.5 5.93059E+03
 71.0 5.40110E+03
 71.5 4.86871E+03
 72.0 4.33376E+03
 72.5 3.79657E+03
 73.0 3.25745E+03
 73.5 2.71674E+03
 74.0 2.17474E+03
 74.5 1.63176E+03
 75.0 1.08812E+03
 75.5 5.44098E+02
 76.0 4.53402E+01
