076K10D0W2
  0.5 0.00000E+00
  1.0 0.00000E+00
  1.5 0.00000E+00
  2.0 0.00000E+00
  2.5 0.00000E+00
  3.0 0.00000E+00
  3.5 2.20731E+04
  4.0 2.91967E+04
  4.5 3.65874E+04
  5.0 4.42309E+04
  5.5 5.21245E+04
  6.0 6.02712E+04
  6.5 6.86795E+04
  7.0 7.73649E+04
  7.5 8.63497E+04
  8.0 9.56560E+04
  8.5 1.26743E+06
  9.0 1.15202E+05
  9.5 9.90669E+05
 10.0 8.28367E+05
 10.5 5.21328E+04
 11.0 5.57700E+04
 11.5 1.39140E+05
 12.0 4.23341E+04
 12.5 3.91958E+04
 13.0 4.14018E+04
 13.5 4.36190E+04
 14.0 4.58448E+04
 14.5 4.80751E+04
 15.0 5.03039E+04
 15.5 5.25229E+04
 16.0 5.47218E+04
 16.5 5.68880E+04
 17.0 5.90074E+04
 17.5 6.10650E+04
 18.0 6.30453E+04
 18.5 6.49335E+04
 19.0 6.67155E+04
 19.5 6.83789E+04
 20.0 6.99131E+04
 20.5 7.13096E+04
 21.0 7.25624E+04
 21.5 7.36674E+04
 22.0 7.46229E+04
 22.5 7.54290E+04
 23.0 7.60878E+04
 23.5 7.66026E+04
 24.0 7.69782E+04
 24.5 7.72204E+04
 25.0 7.73358E+04
 25.5 7.73314E+04
 26.0 7.72148E+04
 26.5 7.69936E+04
 27.0 7.66757E+04
 27.5 7.62689E+04
 28.0 7.57807E+04
 28.5 7.52185E+04
 29.0 7.45894E+04
 29.5 7.39002E+04
 30.0 7.31572E+04
 30.5 7.23665E+04
 31.0 7.15336E+04
 31.5 7.06639E+04
 32.0 6.97623E+04
 32.5 6.88331E+04
 33.0 6.78806E+04
 33.5 6.69083E+04
 34.0 6.59199E+04
 34.5 6.49185E+04
 35.0 6.39067E+04
 35.5 6.28872E+04
 36.0 6.18623E+04
 36.5 6.08341E+04
 37.0 5.98042E+04
 37.5 5.87744E+04
 38.0 5.77461E+04
 38.5 5.67206E+04
 39.0 5.56989E+04
 39.5 5.46820E+04
 40.0 5.36708E+04
 40.5 5.26659E+04
 41.0 5.16681E+04
 41.5 5.06777E+04
 42.0 4.96953E+04
 42.5 4.87211E+04
 43.0 4.77555E+04
 43.5 4.67987E+04
 44.0 4.58508E+04
 44.5 4.49120E+04
 45.0 4.39823E+04
 45.5 4.30618E+04
 46.0 4.21504E+04
 46.5 4.12482E+04
 47.0 4.03551E+04
 47.5 3.94710E+04
 48.0 3.85958E+04
 48.5 3.77295E+04
 49.0 3.68718E+04
 49.5 3.60228E+04
 50.0 3.51821E+04
 50.5 3.43497E+04
 51.0 3.35255E+04
 51.5 3.27093E+04
 52.0 3.19008E+04
 52.5 3.11000E+04
 53.0 3.03068E+04
 53.5 2.95208E+04
 54.0 2.87421E+04
 54.5 2.79703E+04
 55.0 2.72055E+04
 55.5 2.64473E+04
 56.0 2.56958E+04
 56.5 2.49506E+04
 57.0 2.42118E+04
 57.5 2.34792E+04
 58.0 3.22256E+04
 58.5 2.20319E+04
 59.0 2.13170E+04
 59.5 3.70947E+04
 60.0 1.99042E+04
 60.5 1.92060E+04
 61.0 1.85133E+04
 61.5 1.78259E+04
 62.0 1.71437E+04
 62.5 1.64667E+04
 63.0 1.57947E+04
 63.5 1.51277E+04
 64.0 1.44657E+04
 64.5 1.38086E+04
 65.0 1.31564E+04
 65.5 1.25089E+04
 66.0 1.18662E+04
 66.5 1.12283E+04
 67.0 1.59444E+04
 67.5 9.96655E+03
 68.0 9.34269E+03
 68.5 8.72349E+03
 69.0 9.51203E+03
 69.5 7.45581E+03
 70.0 6.65630E+03
 70.5 6.09645E+03
 71.0 5.53685E+03
 71.5 4.97770E+03
 72.0 4.41922E+03
 72.5 3.86163E+03
 73.0 3.30511E+03
 73.5 2.74989E+03
 74.0 2.19616E+03
 74.5 1.64412E+03
 75.0 1.09396E+03
 75.5 5.45894E+02
 76.0 4.54338E+01
