076K17D0W2
  0.5 0.00000E+00
  1.0 0.00000E+00
  1.5 0.00000E+00
  2.0 0.00000E+00
  2.5 0.00000E+00
  3.0 0.00000E+00
  3.5 4.30533E+04
  4.0 5.51842E+04
  4.5 6.79305E+04
  5.0 8.13188E+04
  5.5 9.53981E+04
  6.0 1.10249E+05
  6.5 1.25974E+05
  7.0 1.42642E+05
  7.5 1.60175E+05
  8.0 1.78272E+05
  8.5 2.87740E+06
  9.0 2.13976E+05
  9.5 1.79760E+06
 10.0 1.50059E+06
 10.5 9.57186E+04
 11.0 1.02582E+05
 11.5 3.23111E+05
 12.0 7.74240E+04
 12.5 7.15796E+04
 13.0 7.56706E+04
 13.5 7.97385E+04
 14.0 8.37411E+04
 14.5 8.76316E+04
 15.0 9.13626E+04
 15.5 9.48882E+04
 16.0 9.81675E+04
 16.5 1.01166E+05
 17.0 1.03857E+05
 17.5 1.06223E+05
 18.0 1.08252E+05
 18.5 1.09941E+05
 19.0 1.11295E+05
 19.5 1.12323E+05
 20.0 1.13037E+05
 20.5 1.13454E+05
 21.0 1.13594E+05
 21.5 1.13478E+05
 22.0 1.13126E+05
 22.5 1.12562E+05
 23.0 1.11805E+05
 23.5 1.10878E+05
 24.0 1.09800E+05
 24.5 1.08590E+05
 25.0 1.07266E+05
 25.5 1.05844E+05
 26.0 1.04339E+05
 26.5 1.02764E+05
 27.0 1.01134E+05
 27.5 9.94580E+04
 28.0 9.77471E+04
 28.5 9.60101E+04
 29.0 9.42551E+04
 29.5 9.24893E+04
 30.0 9.07187E+04
 30.5 8.89490E+04
 31.0 8.71847E+04
 31.5 8.54301E+04
 32.0 8.36886E+04
 32.5 8.19633E+04
 33.0 8.02566E+04
 33.5 7.85706E+04
 34.0 7.69071E+04
 34.5 7.52675E+04
 35.0 7.36529E+04
 35.5 7.20641E+04
 36.0 7.05017E+04
 36.5 6.89662E+04
 37.0 6.74579E+04
 37.5 6.59767E+04
 38.0 6.45228E+04
 38.5 6.30959E+04
 39.0 6.16959E+04
 39.5 6.03224E+04
 40.0 5.89750E+04
 40.5 5.76534E+04
 41.0 5.63569E+04
 41.5 5.50851E+04
 42.0 5.38375E+04
 42.5 5.26134E+04
 43.0 5.14123E+04
 43.5 5.02335E+04
 44.0 4.90764E+04
 44.5 4.79405E+04
 45.0 4.68250E+04
 45.5 4.57295E+04
 46.0 4.46531E+04
 46.5 4.35955E+04
 47.0 4.25558E+04
 47.5 4.15337E+04
 48.0 4.05285E+04
 48.5 3.95395E+04
 49.0 3.85664E+04
 49.5 3.76085E+04
 50.0 3.66653E+04
 50.5 3.57364E+04
 51.0 3.48212E+04
 51.5 3.39193E+04
 52.0 3.30301E+04
 52.5 3.21534E+04
 53.0 3.12886E+04
 53.5 3.04353E+04
 54.0 2.95932E+04
 54.5 2.87619E+04
 55.0 2.79410E+04
 55.5 2.71301E+04
 56.0 2.63290E+04
 56.5 2.55373E+04
 57.0 2.47548E+04
 57.5 2.39811E+04
 58.0 3.28600E+04
 58.5 2.24591E+04
 59.0 2.17103E+04
 59.5 3.77364E+04
 60.0 2.02360E+04
 60.5 1.95101E+04
 61.0 1.87914E+04
 61.5 1.80797E+04
 62.0 1.73748E+04
 62.5 1.66766E+04
 63.0 1.59850E+04
 63.5 1.52997E+04
 64.0 1.46207E+04
 64.5 1.39478E+04
 65.0 1.32809E+04
 65.5 1.26200E+04
 66.0 1.19648E+04
 66.5 1.13154E+04
 67.0 1.60866E+04
 67.5 1.00334E+04
 68.0 9.40073E+03
 68.5 8.77350E+03
 69.0 9.57069E+03
 69.5 7.50985E+03
 70.0 6.78496E+03
 70.5 6.20312E+03
 71.0 5.62389E+03
 71.5 5.04738E+03
 72.0 4.47371E+03
 72.5 3.90299E+03
 73.0 3.33534E+03
 73.5 2.77086E+03
 74.0 2.20967E+03
 74.5 1.65189E+03
 75.0 1.09764E+03
 75.5 5.47020E+02
 76.0 4.54924E+01
