076K19D0W2
  0.5 0.00000E+00
  1.0 0.00000E+00
  1.5 0.00000E+00
  2.0 0.00000E+00
  2.5 0.00000E+00
  3.0 0.00000E+00
  3.5 4.93980E+04
  4.0 6.30483E+04
  4.5 7.74468E+04
  5.0 9.26407E+04
  5.5 1.08712E+05
  6.0 1.25786E+05
  6.5 1.43991E+05
  7.0 1.63338E+05
  7.5 1.83578E+05
  8.0 2.04164E+05
  8.5 3.27044E+06
  9.0 2.43304E+05
  9.5 1.97648E+06
 10.0 1.64965E+06
 10.5 1.09354E+05
 11.0 1.17139E+05
 11.5 3.72898E+05
 12.0 8.83423E+04
 12.5 8.16402E+04
 13.0 8.62723E+04
 13.5 9.08289E+04
 14.0 9.52508E+04
 14.5 9.94780E+04
 15.0 1.03454E+05
 15.5 1.07129E+05
 16.0 1.10463E+05
 16.5 1.13424E+05
 17.0 1.15994E+05
 17.5 1.18163E+05
 18.0 1.19931E+05
 18.5 1.21305E+05
 19.0 1.22300E+05
 19.5 1.22934E+05
 20.0 1.23230E+05
 20.5 1.23213E+05
 21.0 1.22910E+05
 21.5 1.22347E+05
 22.0 1.21551E+05
 22.5 1.20547E+05
 23.0 1.19361E+05
 23.5 1.18017E+05
 24.0 1.16535E+05
 24.5 1.14937E+05
 25.0 1.13241E+05
 25.5 1.11464E+05
 26.0 1.09622E+05
 26.5 1.07727E+05
 27.0 1.05793E+05
 27.5 1.03831E+05
 28.0 1.01849E+05
 28.5 9.98572E+04
 29.0 9.78622E+04
 29.5 9.58707E+04
 30.0 9.38882E+04
 30.5 9.19194E+04
 31.0 8.99685E+04
 31.5 8.80388E+04
 32.0 8.61333E+04
 32.5 8.42541E+04
 33.0 8.24033E+04
 33.5 8.05824E+04
 34.0 7.87926E+04
 34.5 7.70346E+04
 35.0 7.53091E+04
 35.5 7.36165E+04
 36.0 7.19569E+04
 36.5 7.03303E+04
 37.0 6.87366E+04
 37.5 6.71756E+04
 38.0 6.56468E+04
 38.5 6.41497E+04
 39.0 6.26839E+04
 39.5 6.12487E+04
 40.0 5.98436E+04
 40.5 5.84677E+04
 41.0 5.71203E+04
 41.5 5.58009E+04
 42.0 5.45085E+04
 42.5 5.32424E+04
 43.0 5.20018E+04
 43.5 5.07860E+04
 44.0 4.95942E+04
 44.5 4.84257E+04
 45.0 4.72796E+04
 45.5 4.61552E+04
 46.0 4.50519E+04
 46.5 4.39688E+04
 47.0 4.29053E+04
 47.5 4.18607E+04
 48.0 4.08344E+04
 48.5 3.98256E+04
 49.0 3.88339E+04
 49.5 3.78584E+04
 50.0 3.68988E+04
 50.5 3.59544E+04
 51.0 3.50247E+04
 51.5 3.41090E+04
 52.0 3.32071E+04
 52.5 3.23182E+04
 53.0 3.14421E+04
 53.5 3.05782E+04
 54.0 2.97260E+04
 54.5 2.88853E+04
 55.0 2.80555E+04
 55.5 2.72364E+04
 56.0 2.64275E+04
 56.5 2.56285E+04
 57.0 2.48391E+04
 57.5 2.40589E+04
 58.0 3.29582E+04
 58.5 2.25253E+04
 59.0 2.17712E+04
 59.5 3.78356E+04
 60.0 2.02874E+04
 60.5 1.95571E+04
 61.0 1.88343E+04
 61.5 1.81188E+04
 62.0 1.74105E+04
 62.5 1.67090E+04
 63.0 1.60143E+04
 63.5 1.53262E+04
 64.0 1.46445E+04
 64.5 1.39692E+04
 65.0 1.33001E+04
 65.5 1.26370E+04
 66.0 1.19800E+04
 66.5 1.13288E+04
 67.0 1.61085E+04
 67.5 1.00437E+04
 68.0 9.40964E+03
 68.5 8.78117E+03
 69.0 9.57969E+03
 69.5 7.51817E+03
 70.0 6.80489E+03
 70.5 6.21962E+03
 71.0 5.63734E+03
 71.5 5.05813E+03
 72.0 4.48211E+03
 72.5 3.90936E+03
 73.0 3.33998E+03
 73.5 2.77408E+03
 74.0 2.21174E+03
 74.5 1.65308E+03
 75.0 1.09820E+03
 75.5 5.47192E+02
 76.0 4.55014E+01
