076K14D0W2
  0.5 0.00000E+00
  1.0 0.00000E+00
  1.5 0.00000E+00
  2.0 0.00000E+00
  2.5 0.00000E+00
  3.0 0.00000E+00
  3.5 3.38453E+04
  4.0 4.37812E+04
  4.5 5.41619E+04
  5.0 6.49925E+04
  5.5 7.62911E+04
  6.0 8.80905E+04
  6.5 1.00442E+05
  7.0 1.13409E+05
  7.5 1.27025E+05
  8.0 1.41234E+05
  8.5 2.22784E+06
  9.0 1.70506E+05
  9.5 1.48989E+06
 10.0 1.24416E+06
 10.5 7.62744E+04
 11.0 8.17113E+04
 11.5 2.45140E+05
 12.0 6.18101E+04
 12.5 5.71826E+04
 13.0 6.04414E+04
 13.5 6.37140E+04
 14.0 6.69817E+04
 14.5 7.02203E+04
 15.0 7.34018E+04
 15.5 7.64951E+04
 16.0 7.94684E+04
 16.5 8.22909E+04
 17.0 8.49344E+04
 17.5 8.73747E+04
 18.0 8.95919E+04
 18.5 9.15715E+04
 19.0 9.33040E+04
 19.5 9.47850E+04
 20.0 9.60142E+04
 20.5 9.69956E+04
 21.0 9.77365E+04
 21.5 9.82465E+04
 22.0 9.85377E+04
 22.5 9.86234E+04
 23.0 9.85179E+04
 23.5 9.82361E+04
 24.0 9.77932E+04
 24.5 9.72039E+04
 25.0 9.64830E+04
 25.5 9.56444E+04
 26.0 9.47016E+04
 26.5 9.36670E+04
 27.0 9.25527E+04
 27.5 9.13695E+04
 28.0 9.01275E+04
 28.5 8.88360E+04
 29.0 8.75035E+04
 29.5 8.61377E+04
 30.0 8.47455E+04
 30.5 8.33331E+04
 31.0 8.19061E+04
 31.5 8.04694E+04
 32.0 7.90275E+04
 32.5 7.75842E+04
 33.0 7.61430E+04
 33.5 7.47068E+04
 34.0 7.32781E+04
 34.5 7.18593E+04
 35.0 7.04522E+04
 35.5 6.90583E+04
 36.0 6.76792E+04
 36.5 6.63159E+04
 37.0 6.49693E+04
 37.5 6.36401E+04
 38.0 6.23289E+04
 38.5 6.10361E+04
 39.0 5.97621E+04
 39.5 5.85069E+04
 40.0 5.72708E+04
 40.5 5.60536E+04
 41.0 5.48554E+04
 41.5 5.36759E+04
 42.0 5.25150E+04
 42.5 5.13725E+04
 43.0 5.02481E+04
 43.5 4.91414E+04
 44.0 4.80521E+04
 44.5 4.69799E+04
 45.0 4.59244E+04
 45.5 4.48853E+04
 46.0 4.38620E+04
 46.5 4.28542E+04
 47.0 4.18616E+04
 47.5 4.08836E+04
 48.0 3.99199E+04
 48.5 3.89701E+04
 49.0 3.80337E+04
 49.5 3.71104E+04
 50.0 3.61998E+04
 50.5 3.53015E+04
 51.0 3.44151E+04
 51.5 3.35403E+04
 52.0 3.26767E+04
 52.5 3.18239E+04
 53.0 3.09817E+04
 53.5 3.01496E+04
 54.0 2.93275E+04
 54.5 2.85149E+04
 55.0 2.77116E+04
 55.5 2.69173E+04
 56.0 2.61317E+04
 56.5 2.53546E+04
 57.0 2.45858E+04
 57.5 2.38249E+04
 58.0 3.26628E+04
 58.5 2.23263E+04
 59.0 2.15881E+04
 59.5 3.75372E+04
 60.0 2.01330E+04
 60.5 1.94157E+04
 61.0 1.87051E+04
 61.5 1.80010E+04
 62.0 1.73031E+04
 62.5 1.66115E+04
 63.0 1.59260E+04
 63.5 1.52464E+04
 64.0 1.45727E+04
 64.5 1.39047E+04
 65.0 1.32424E+04
 65.5 1.25856E+04
 66.0 1.19343E+04
 66.5 1.12885E+04
 67.0 1.60426E+04
 67.5 1.00127E+04
 68.0 9.38279E+03
 68.5 8.75804E+03
 69.0 9.55256E+03
 69.5 7.49310E+03
 70.0 6.74496E+03
 70.5 6.16998E+03
 71.0 5.59687E+03
 71.5 5.02577E+03
 72.0 4.45682E+03
 72.5 3.89018E+03
 73.0 3.32598E+03
 73.5 2.76437E+03
 74.0 2.20549E+03
 74.5 1.64949E+03
 75.0 1.09650E+03
 75.5 5.46673E+02
 76.0 4.54744E+01
