076K16D0W2
  0.5 0.00000E+00
  1.0 0.00000E+00
  1.5 0.00000E+00
  2.0 0.00000E+00
  2.5 0.00000E+00
  3.0 0.00000E+00
  3.5 3.99449E+04
  4.0 5.13339E+04
  4.5 6.32778E+04
  5.0 7.57949E+04
  5.5 8.89219E+04
  6.0 1.02720E+05
  6.5 1.17277E+05
  7.0 1.32665E+05
  7.5 1.48863E+05
  8.0 1.65670E+05
  8.5 2.66893E+06
  9.0 1.99379E+05
  9.5 1.70068E+06
 10.0 1.41982E+06
 10.5 8.91030E+04
 11.0 9.54916E+04
 11.5 2.97515E+05
 12.0 7.21181E+04
 12.5 6.66889E+04
 13.0 7.05027E+04
 13.5 7.43108E+04
 14.0 7.80796E+04
 14.5 8.17699E+04
 15.0 8.53401E+04
 15.5 8.87484E+04
 16.0 9.19557E+04
 16.5 9.49274E+04
 17.0 9.76350E+04
 17.5 1.00057E+05
 18.0 1.02179E+05
 18.5 1.03993E+05
 19.0 1.05498E+05
 19.5 1.06698E+05
 20.0 1.07602E+05
 20.5 1.08222E+05
 21.0 1.08574E+05
 21.5 1.08675E+05
 22.0 1.08544E+05
 22.5 1.08199E+05
 23.0 1.07660E+05
 23.5 1.06947E+05
 24.0 1.06077E+05
 24.5 1.05070E+05
 25.0 1.03941E+05
 25.5 1.02707E+05
 26.0 1.01382E+05
 26.5 9.99796E+04
 27.0 9.85127E+04
 27.5 9.69923E+04
 28.0 9.54288E+04
 28.5 9.38313E+04
 29.0 9.22082E+04
 29.5 9.05667E+04
 30.0 8.89135E+04
 30.5 8.72542E+04
 31.0 8.55939E+04
 31.5 8.39371E+04
 32.0 8.22875E+04
 32.5 8.06485E+04
 33.0 7.90229E+04
 33.5 7.74131E+04
 34.0 7.58211E+04
 34.5 7.42485E+04
 35.0 7.26968E+04
 35.5 7.11670E+04
 36.0 6.96600E+04
 36.5 6.81765E+04
 37.0 6.67169E+04
 37.5 6.52815E+04
 38.0 6.38705E+04
 38.5 6.24839E+04
 39.0 6.11217E+04
 39.5 5.97837E+04
 40.0 5.84696E+04
 40.5 5.71792E+04
 41.0 5.59120E+04
 41.5 5.46678E+04
 42.0 5.34461E+04
 42.5 5.22463E+04
 43.0 5.10680E+04
 43.5 4.99107E+04
 44.0 4.87738E+04
 44.5 4.76568E+04
 45.0 4.65591E+04
 45.5 4.54803E+04
 46.0 4.44197E+04
 46.5 4.33768E+04
 47.0 4.23511E+04
 47.5 4.13421E+04
 48.0 4.03491E+04
 48.5 3.93718E+04
 49.0 3.84095E+04
 49.5 3.74619E+04
 50.0 3.65283E+04
 50.5 3.56084E+04
 51.0 3.47017E+04
 51.5 3.38078E+04
 52.0 3.29262E+04
 52.5 3.20565E+04
 53.0 3.11984E+04
 53.5 3.03514E+04
 54.0 2.95151E+04
 54.5 2.86893E+04
 55.0 2.78736E+04
 55.5 2.70676E+04
 56.0 2.62711E+04
 56.5 2.54837E+04
 57.0 2.47052E+04
 57.5 2.39352E+04
 58.0 3.28021E+04
 58.5 2.24201E+04
 59.0 2.16745E+04
 59.5 3.76780E+04
 60.0 2.02058E+04
 60.5 1.94824E+04
 61.0 1.87661E+04
 61.5 1.80566E+04
 62.0 1.73538E+04
 62.5 1.66575E+04
 63.0 1.59677E+04
 63.5 1.52841E+04
 64.0 1.46066E+04
 64.5 1.39352E+04
 65.0 1.32696E+04
 65.5 1.26099E+04
 66.0 1.19559E+04
 66.5 1.13075E+04
 67.0 1.60737E+04
 67.5 1.00274E+04
 68.0 9.39548E+03
 68.5 8.76897E+03
 69.0 9.56538E+03
 69.5 7.50494E+03
 70.0 6.77322E+03
 70.5 6.19339E+03
 71.0 5.61596E+03
 71.5 5.04104E+03
 72.0 4.46876E+03
 72.5 3.89924E+03
 73.0 3.33260E+03
 73.5 2.76896E+03
 74.0 2.20845E+03
 74.5 1.65119E+03
 75.0 1.09730E+03
 75.5 5.46918E+02
 76.0 4.54871E+01
