076K12D0W2
  0.5 0.00000E+00
  1.0 0.00000E+00
  1.5 0.00000E+00
  2.0 0.00000E+00
  2.5 0.00000E+00
  3.0 0.00000E+00
  3.5 2.78907E+04
  4.0 3.64079E+04
  4.5 4.52737E+04
  5.0 5.44832E+04
  5.5 6.40419E+04
  6.0 7.39640E+04
  6.5 8.42745E+04
  7.0 9.50106E+04
  7.5 1.06211E+05
  8.0 1.17888E+05
  8.5 1.75723E+06
  9.0 1.42336E+05
  9.5 1.25390E+06
 10.0 1.04755E+06
 10.5 6.39645E+04
 11.0 6.84753E+04
 11.5 1.91839E+05
 12.0 5.18924E+04
 12.5 4.80281E+04
 13.0 5.07465E+04
 13.5 5.34820E+04
 14.0 5.62263E+04
 14.5 5.89678E+04
 15.0 6.16912E+04
 15.5 6.43778E+04
 16.0 6.70065E+04
 16.5 6.95546E+04
 17.0 7.19994E+04
 17.5 7.43190E+04
 18.0 7.64931E+04
 18.5 7.85046E+04
 19.0 8.03394E+04
 19.5 8.19867E+04
 20.0 8.34394E+04
 20.5 8.46939E+04
 21.0 8.57497E+04
 21.5 8.66090E+04
 22.0 8.72767E+04
 22.5 8.77594E+04
 23.0 8.80653E+04
 23.5 8.82041E+04
 24.0 8.81860E+04
 24.5 8.80219E+04
 25.0 8.77230E+04
 25.5 8.73003E+04
 26.0 8.67650E+04
 26.5 8.61278E+04
 27.0 8.53991E+04
 27.5 8.45887E+04
 28.0 8.37060E+04
 28.5 8.27595E+04
 29.0 8.17577E+04
 29.5 8.07080E+04
 30.0 7.96175E+04
 30.5 7.84924E+04
 31.0 7.73386E+04
 31.5 7.61614E+04
 32.0 7.49657E+04
 32.5 7.37558E+04
 33.0 7.25354E+04
 33.5 7.13082E+04
 34.0 7.00772E+04
 34.5 6.88450E+04
 35.0 6.76142E+04
 35.5 6.63869E+04
 36.0 6.51649E+04
 36.5 6.39497E+04
 37.0 6.27428E+04
 37.5 6.15454E+04
 38.0 6.03584E+04
 38.5 5.91827E+04
 39.0 5.80191E+04
 39.5 5.68679E+04
 40.0 5.57297E+04
 40.5 5.46049E+04
 41.0 5.34936E+04
 41.5 5.23961E+04
 42.0 5.13125E+04
 42.5 5.02427E+04
 43.0 4.91867E+04
 43.5 4.81446E+04
 44.0 4.71162E+04
 44.5 4.61013E+04
 45.0 4.50998E+04
 45.5 4.41116E+04
 46.0 4.31362E+04
 46.5 4.21736E+04
 47.0 4.12235E+04
 47.5 4.02856E+04
 48.0 3.93597E+04
 48.5 3.84455E+04
 49.0 3.75426E+04
 49.5 3.66509E+04
 50.0 3.57701E+04
 50.5 3.48998E+04
 51.0 3.40398E+04
 51.5 3.31898E+04
 52.0 3.23496E+04
 52.5 3.15189E+04
 53.0 3.06974E+04
 53.5 2.98848E+04
 54.0 2.90810E+04
 54.5 2.82857E+04
 55.0 2.74986E+04
 55.5 2.67196E+04
 56.0 2.59484E+04
 56.5 2.51848E+04
 57.0 2.44286E+04
 57.5 2.36797E+04
 58.0 3.24793E+04
 58.5 2.22026E+04
 59.0 2.14743E+04
 59.5 3.73516E+04
 60.0 2.00370E+04
 60.5 1.93278E+04
 61.0 1.86247E+04
 61.5 1.79275E+04
 62.0 1.72363E+04
 62.5 1.65508E+04
 63.0 1.58710E+04
 63.5 1.51967E+04
 64.0 1.45279E+04
 64.5 1.38644E+04
 65.0 1.32063E+04
 65.5 1.25535E+04
 66.0 1.19058E+04
 66.5 1.12633E+04
 67.0 1.60015E+04
 67.5 9.99341E+03
 68.0 9.36601E+03
 68.5 8.74358E+03
 69.0 9.53560E+03
 69.5 7.47747E+03
 70.0 6.70773E+03
 70.5 6.13912E+03
 71.0 5.57169E+03
 71.5 5.00561E+03
 72.0 4.44106E+03
 72.5 3.87822E+03
 73.0 3.31724E+03
 73.5 2.75831E+03
 74.0 2.20159E+03
 74.5 1.64724E+03
 75.0 1.09544E+03
 75.5 5.46347E+02
 76.0 4.54574E+01
