077K07D0W2
  0.5 0.00000E+00
  1.0 0.00000E+00
  1.5 0.00000E+00
  2.0 0.00000E+00
  2.5 0.00000E+00
  3.0 0.00000E+00
  3.5 1.34246E+04
  4.0 1.84266E+04
  4.5 2.36060E+04
  5.0 2.89315E+04
  5.5 3.43906E+04
  6.0 3.99772E+04
  6.5 4.56886E+04
  7.0 5.15240E+04
  7.5 5.74849E+04
  8.0 6.35752E+04
  8.5 5.41707E+05
  9.0 7.61681E+04
  9.5 5.41701E+05
 10.0 4.55001E+05
 10.5 3.48445E+04
 11.0 3.72764E+04
 11.5 6.64078E+04
 12.0 2.83442E+04
 12.5 2.62579E+04
 13.0 2.77508E+04
 13.5 2.92448E+04
 14.0 3.07393E+04
 14.5 3.22335E+04
 15.0 3.37266E+04
 15.5 3.52176E+04
 16.0 3.67050E+04
 16.5 3.81869E+04
 17.0 3.96608E+04
 17.5 4.11234E+04
 18.0 4.25707E+04
 18.5 4.39977E+04
 19.0 4.53990E+04
 19.5 4.67685E+04
 20.0 4.80995E+04
 20.5 4.93855E+04
 21.0 5.06199E+04
 21.5 5.17961E+04
 22.0 5.29084E+04
 22.5 5.39515E+04
 23.0 5.49207E+04
 23.5 5.58123E+04
 24.0 5.66235E+04
 24.5 5.73521E+04
 25.0 5.79972E+04
 25.5 5.85582E+04
 26.0 5.90356E+04
 26.5 5.94304E+04
 27.0 5.97444E+04
 27.5 5.99796E+04
 28.0 6.01386E+04
 28.5 6.02245E+04
 29.0 6.02403E+04
 29.5 6.01896E+04
 30.0 6.00757E+04
 30.5 5.99024E+04
 31.0 5.96733E+04
 31.5 5.93920E+04
 32.0 5.90621E+04
 32.5 5.86871E+04
 33.0 5.82704E+04
 33.5 5.78154E+04
 34.0 5.73250E+04
 34.5 5.68025E+04
 35.0 5.62505E+04
 35.5 5.56718E+04
 36.0 5.50690E+04
 36.5 5.44444E+04
 37.0 5.38003E+04
 37.5 5.31388E+04
 38.0 5.24617E+04
 38.5 5.17710E+04
 39.0 5.10682E+04
 39.5 5.03549E+04
 40.0 4.96325E+04
 40.5 4.89024E+04
 41.0 4.81656E+04
 41.5 4.74234E+04
 42.0 4.66766E+04
 42.5 4.59262E+04
 43.0 4.51731E+04
 43.5 4.44179E+04
 44.0 4.36613E+04
 44.5 4.29040E+04
 45.0 4.21465E+04
 45.5 4.13893E+04
 46.0 4.06328E+04
 46.5 3.98774E+04
 47.0 3.91235E+04
 47.5 3.83713E+04
 48.0 3.76213E+04
 48.5 3.68735E+04
 49.0 3.61282E+04
 49.5 3.53856E+04
 50.0 3.46459E+04
 50.5 3.39092E+04
 51.0 3.31756E+04
 51.5 3.24452E+04
 52.0 3.17181E+04
 52.5 3.09944E+04
 53.0 3.02741E+04
 53.5 2.95573E+04
 54.0 2.88441E+04
 54.5 2.81344E+04
 55.0 2.74283E+04
 55.5 2.67258E+04
 56.0 2.60269E+04
 56.5 2.53316E+04
 57.0 2.46400E+04
 57.5 2.39520E+04
 58.0 3.49352E+04
 58.5 2.25869E+04
 59.0 2.19098E+04
 59.5 4.15751E+04
 60.0 2.05664E+04
 60.5 1.99001E+04
 61.0 1.92375E+04
 61.5 1.85784E+04
 62.0 1.79229E+04
 62.5 1.72711E+04
 63.0 1.66228E+04
 63.5 1.59782E+04
 64.0 1.53371E+04
 64.5 1.46996E+04
 65.0 1.40658E+04
 65.5 1.34356E+04
 66.0 1.28090E+04
 66.5 1.21861E+04
 67.0 1.82137E+04
 67.5 1.09513E+04
 68.0 1.03394E+04
 68.5 9.73133E+03
 69.0 1.08729E+04
 69.5 8.44540E+03
 70.0 7.47941E+03
 70.5 6.95376E+03
 71.0 6.42567E+03
 71.5 5.89544E+03
 72.0 5.36333E+03
 72.5 4.82965E+03
 73.0 4.29466E+03
 73.5 3.75864E+03
 74.0 3.22186E+03
 74.5 2.68460E+03
 75.0 2.14711E+03
 75.5 1.60965E+03
 76.0 1.07248E+03
 76.5 5.35866E+02
 77.0 4.46336E+01
