077K09D0W2
  0.5 0.00000E+00
  1.0 0.00000E+00
  1.5 0.00000E+00
  2.0 0.00000E+00
  2.5 0.00000E+00
  3.0 0.00000E+00
  3.5 1.89594E+04
  4.0 2.53296E+04
  4.5 3.19307E+04
  5.0 3.87438E+04
  5.5 4.57622E+04
  6.0 5.29851E+04
  6.5 6.04155E+04
  7.0 6.80607E+04
  7.5 7.59332E+04
  8.0 8.40499E+04
  8.5 9.97620E+05
  9.0 1.01048E+05
  9.5 8.39060E+05
 10.0 7.02225E+05
 10.5 4.59613E+04
 11.0 4.91649E+04
 11.5 1.11287E+05
 12.0 3.73658E+04
 12.5 3.46098E+04
 13.0 3.65639E+04
 13.5 3.85261E+04
 14.0 4.04950E+04
 14.5 4.24687E+04
 15.0 4.44445E+04
 15.5 4.64179E+04
 16.0 4.83834E+04
 16.5 5.03334E+04
 17.0 5.22588E+04
 17.5 5.41496E+04
 18.0 5.59941E+04
 18.5 5.77805E+04
 19.0 5.94970E+04
 19.5 6.11320E+04
 20.0 6.26747E+04
 20.5 6.41157E+04
 21.0 6.54469E+04
 21.5 6.66619E+04
 22.0 6.77560E+04
 22.5 6.87261E+04
 23.0 6.95706E+04
 23.5 7.02898E+04
 24.0 7.08849E+04
 24.5 7.13585E+04
 25.0 7.17142E+04
 25.5 7.19563E+04
 26.0 7.20898E+04
 26.5 7.21204E+04
 27.0 7.20537E+04
 27.5 7.18960E+04
 28.0 7.16534E+04
 28.5 7.13320E+04
 29.0 7.09380E+04
 29.5 7.04774E+04
 30.0 6.99559E+04
 30.5 6.93792E+04
 31.0 6.87525E+04
 31.5 6.80809E+04
 32.0 6.73692E+04
 32.5 6.66217E+04
 33.0 6.58427E+04
 33.5 6.50360E+04
 34.0 6.42052E+04
 34.5 6.33537E+04
 35.0 6.24843E+04
 35.5 6.16000E+04
 36.0 6.07034E+04
 36.5 5.97966E+04
 37.0 5.88817E+04
 37.5 5.79608E+04
 38.0 5.70355E+04
 38.5 5.61074E+04
 39.0 5.51777E+04
 39.5 5.42479E+04
 40.0 5.33188E+04
 40.5 5.23916E+04
 41.0 5.14671E+04
 41.5 5.05460E+04
 42.0 4.96290E+04
 42.5 4.87166E+04
 43.0 4.78094E+04
 43.5 4.69077E+04
 44.0 4.60119E+04
 44.5 4.51223E+04
 45.0 4.42391E+04
 45.5 4.33626E+04
 46.0 4.24929E+04
 46.5 4.16300E+04
 47.0 4.07742E+04
 47.5 3.99254E+04
 48.0 3.90836E+04
 48.5 3.82489E+04
 49.0 3.74213E+04
 49.5 3.66006E+04
 50.0 3.57870E+04
 50.5 3.49803E+04
 51.0 3.41804E+04
 51.5 3.33873E+04
 52.0 3.26008E+04
 52.5 3.18209E+04
 53.0 3.10476E+04
 53.5 3.02806E+04
 54.0 2.95198E+04
 54.5 2.87653E+04
 55.0 2.80168E+04
 55.5 2.72743E+04
 56.0 2.65377E+04
 56.5 2.58068E+04
 57.0 2.50816E+04
 57.5 2.43619E+04
 58.0 3.55004E+04
 58.5 2.29389E+04
 59.0 2.22353E+04
 59.5 4.21795E+04
 60.0 2.08437E+04
 60.5 2.01555E+04
 61.0 1.94722E+04
 61.5 1.87938E+04
 62.0 1.81202E+04
 62.5 1.74514E+04
 63.0 1.67872E+04
 63.5 1.61277E+04
 64.0 1.54728E+04
 64.5 1.48225E+04
 65.0 1.41766E+04
 65.5 1.35353E+04
 66.0 1.28983E+04
 66.5 1.22658E+04
 67.0 1.83563E+04
 67.5 1.10140E+04
 68.0 1.03946E+04
 68.5 9.77955E+03
 69.0 1.09322E+04
 69.5 8.49885E+03
 70.0 7.60678E+03
 70.5 7.06233E+03
 71.0 6.51715E+03
 71.5 5.97149E+03
 72.0 5.42556E+03
 72.5 4.87960E+03
 73.0 4.33382E+03
 73.5 3.78844E+03
 74.0 3.24369E+03
 74.5 2.69978E+03
 75.0 2.15691E+03
 75.5 1.61530E+03
 76.0 1.07516E+03
 76.5 5.36688E+02
 77.0 4.46764E+01
