077K13D0W2
  0.5 0.00000E+00
  1.0 0.00000E+00
  1.5 0.00000E+00
  2.0 0.00000E+00
  2.5 0.00000E+00
  3.0 0.00000E+00
  3.5 3.04627E+04
  4.0 3.95939E+04
  4.5 4.91162E+04
  5.0 5.90287E+04
  5.5 6.93416E+04
  6.0 8.00757E+04
  6.5 9.12656E+04
  7.0 1.02960E+05
  7.5 1.15203E+05
  8.0 1.27990E+05
  8.5 1.97383E+06
  9.0 1.54683E+05
  9.5 1.37166E+06
 10.0 1.14561E+06
 10.5 6.94021E+04
 11.0 7.43364E+04
 11.5 2.15516E+05
 12.0 5.63207E+04
 12.5 5.21310E+04
 13.0 5.51036E+04
 13.5 5.80962E+04
 14.0 6.10973E+04
 14.5 6.40907E+04
 15.0 6.70562E+04
 15.5 6.99702E+04
 16.0 7.28066E+04
 16.5 7.55388E+04
 17.0 7.81405E+04
 17.5 8.05876E+04
 18.0 8.28587E+04
 18.5 8.49363E+04
 19.0 8.68070E+04
 19.5 8.84614E+04
 20.0 8.98943E+04
 20.5 9.11044E+04
 21.0 9.20938E+04
 21.5 9.28674E+04
 22.0 9.34326E+04
 22.5 9.37987E+04
 23.0 9.39764E+04
 23.5 9.39777E+04
 24.0 9.38149E+04
 24.5 9.35008E+04
 25.0 9.30482E+04
 25.5 9.24698E+04
 26.0 9.17779E+04
 26.5 9.09843E+04
 27.0 9.01003E+04
 27.5 8.91366E+04
 28.0 8.81032E+04
 28.5 8.70093E+04
 29.0 8.58635E+04
 29.5 8.46738E+04
 30.0 8.34472E+04
 30.5 8.21905E+04
 31.0 8.09094E+04
 31.5 7.96096E+04
 32.0 7.82956E+04
 32.5 7.69719E+04
 33.0 7.56423E+04
 33.5 7.43103E+04
 34.0 7.29788E+04
 34.5 7.16504E+04
 35.0 7.03276E+04
 35.5 6.90122E+04
 36.0 6.77060E+04
 36.5 6.64105E+04
 37.0 6.51270E+04
 37.5 6.38564E+04
 38.0 6.25998E+04
 38.5 6.13577E+04
 39.0 6.01307E+04
 39.5 5.89194E+04
 40.0 5.77239E+04
 40.5 5.65446E+04
 41.0 5.53816E+04
 41.5 5.42349E+04
 42.0 5.31045E+04
 42.5 5.19904E+04
 43.0 5.08924E+04
 43.5 4.98104E+04
 44.0 4.87441E+04
 44.5 4.76934E+04
 45.0 4.66580E+04
 45.5 4.56376E+04
 46.0 4.46320E+04
 46.5 4.36407E+04
 47.0 4.26635E+04
 47.5 4.17000E+04
 48.0 4.07500E+04
 48.5 3.98131E+04
 49.0 3.88889E+04
 49.5 3.79771E+04
 50.0 3.70773E+04
 50.5 3.61893E+04
 51.0 3.53127E+04
 51.5 3.44471E+04
 52.0 3.35923E+04
 52.5 3.27480E+04
 53.0 3.19137E+04
 53.5 3.10894E+04
 54.0 3.02746E+04
 54.5 2.94690E+04
 55.0 2.86725E+04
 55.5 2.78847E+04
 56.0 2.71053E+04
 56.5 2.63343E+04
 57.0 2.55712E+04
 57.5 2.48160E+04
 58.0 3.61246E+04
 58.5 2.33280E+04
 59.0 2.25949E+04
 59.5 4.28454E+04
 60.0 2.11494E+04
 60.5 2.04367E+04
 61.0 1.97305E+04
 61.5 1.90306E+04
 62.0 1.83370E+04
 62.5 1.76493E+04
 63.0 1.69676E+04
 63.5 1.62917E+04
 64.0 1.56216E+04
 64.5 1.49570E+04
 65.0 1.42979E+04
 65.5 1.36443E+04
 66.0 1.29959E+04
 66.5 1.23529E+04
 67.0 1.85122E+04
 67.5 1.10823E+04
 68.0 1.04547E+04
 68.5 9.83210E+03
 69.0 1.09969E+04
 69.5 8.55752E+03
 70.0 7.74791E+03
 70.5 7.18239E+03
 71.0 6.61813E+03
 71.5 6.05529E+03
 72.0 5.49400E+03
 72.5 4.93444E+03
 73.0 4.37674E+03
 73.5 3.82106E+03
 74.0 3.26754E+03
 74.5 2.71634E+03
 75.0 2.16759E+03
 75.5 1.62145E+03
 76.0 1.07807E+03
 76.5 5.37579E+02
 77.0 4.47228E+01
