077K21D0W2
  0.5 0.00000E+00
  1.0 0.00000E+00
  1.5 0.00000E+00
  2.0 0.00000E+00
  2.5 0.00000E+00
  3.0 0.00000E+00
  3.5 5.52571E+04
  4.0 7.03207E+04
  4.5 8.62682E+04
  5.0 1.03170E+05
  5.5 1.21147E+05
  6.0 1.40369E+05
  6.5 1.60969E+05
  7.0 1.82864E+05
  7.5 2.05610E+05
  8.0 2.28427E+05
  8.5 3.63764E+06
  9.0 2.70521E+05
  9.5 2.15044E+06
 10.0 1.79455E+06
 10.5 1.22350E+05
 11.0 1.30997E+05
 11.5 4.19274E+05
 12.0 9.88149E+04
 12.5 9.13132E+04
 13.0 9.64635E+04
 13.5 1.01482E+05
 14.0 1.06296E+05
 14.5 1.10836E+05
 15.0 1.15040E+05
 15.5 1.18857E+05
 16.0 1.22249E+05
 16.5 1.25192E+05
 17.0 1.27673E+05
 17.5 1.29691E+05
 18.0 1.31255E+05
 18.5 1.32382E+05
 19.0 1.33095E+05
 19.5 1.33419E+05
 20.0 1.33386E+05
 20.5 1.33027E+05
 21.0 1.32373E+05
 21.5 1.31455E+05
 22.0 1.30305E+05
 22.5 1.28951E+05
 23.0 1.27421E+05
 23.5 1.25740E+05
 24.0 1.23932E+05
 24.5 1.22017E+05
 25.0 1.20016E+05
 25.5 1.17946E+05
 26.0 1.15822E+05
 26.5 1.13658E+05
 27.0 1.11468E+05
 27.5 1.09260E+05
 28.0 1.07045E+05
 28.5 1.04831E+05
 29.0 1.02625E+05
 29.5 1.00433E+05
 30.0 9.82608E+04
 30.5 9.61117E+04
 31.0 9.39898E+04
 31.5 9.18980E+04
 32.0 8.98388E+04
 32.5 8.78141E+04
 33.0 8.58254E+04
 33.5 8.38739E+04
 34.0 8.19602E+04
 34.5 8.00850E+04
 35.0 7.82485E+04
 35.5 7.64508E+04
 36.0 7.46916E+04
 36.5 7.29707E+04
 37.0 7.12877E+04
 37.5 6.96420E+04
 38.0 6.80331E+04
 38.5 6.64602E+04
 39.0 6.49225E+04
 39.5 6.34193E+04
 40.0 6.19497E+04
 40.5 6.05128E+04
 41.0 5.91077E+04
 41.5 5.77335E+04
 42.0 5.63894E+04
 42.5 5.50743E+04
 43.0 5.37874E+04
 43.5 5.25278E+04
 44.0 5.12945E+04
 44.5 5.00867E+04
 45.0 4.89036E+04
 45.5 4.77442E+04
 46.0 4.66077E+04
 46.5 4.54934E+04
 47.0 4.44005E+04
 47.5 4.33281E+04
 48.0 4.22755E+04
 48.5 4.12421E+04
 49.0 4.02270E+04
 49.5 3.92297E+04
 50.0 3.82495E+04
 50.5 3.72857E+04
 51.0 3.63378E+04
 51.5 3.54052E+04
 52.0 3.44872E+04
 52.5 3.35834E+04
 53.0 3.26932E+04
 53.5 3.18162E+04
 54.0 3.09519E+04
 54.5 3.00998E+04
 55.0 2.92594E+04
 55.5 2.84304E+04
 56.0 2.76124E+04
 56.5 2.68049E+04
 57.0 2.60076E+04
 57.5 2.52202E+04
 58.0 3.66790E+04
 58.5 2.36738E+04
 59.0 2.29141E+04
 59.5 4.34350E+04
 60.0 2.14203E+04
 60.5 2.06858E+04
 61.0 1.99591E+04
 61.5 1.92400E+04
 62.0 1.85284E+04
 62.5 1.78241E+04
 63.0 1.71268E+04
 63.5 1.64363E+04
 64.0 1.57526E+04
 64.5 1.50754E+04
 65.0 1.44046E+04
 65.5 1.37401E+04
 66.0 1.30817E+04
 66.5 1.24294E+04
 67.0 1.86493E+04
 67.5 1.11423E+04
 68.0 1.05074E+04
 68.5 9.87817E+03
 69.0 1.10537E+04
 69.5 8.60930E+03
 70.0 7.87360E+03
 70.5 7.28912E+03
 71.0 6.70773E+03
 71.5 6.12951E+03
 72.0 5.55452E+03
 72.5 4.98285E+03
 73.0 4.41457E+03
 73.5 3.84976E+03
 74.0 3.28849E+03
 74.5 2.73086E+03
 75.0 2.17695E+03
 75.5 1.62683E+03
 76.0 1.08061E+03
 76.5 5.38357E+02
 77.0 4.47633E+01
