078K07D0W2
  0.5 0.00000E+00
  1.0 0.00000E+00
  1.5 0.00000E+00
  2.0 0.00000E+00
  2.5 0.00000E+00
  3.0 0.00000E+00
  3.5 1.32376E+04
  4.0 1.81915E+04
  4.5 2.33227E+04
  5.0 2.85997E+04
  5.5 3.40097E+04
  6.0 3.95466E+04
  6.5 4.52075E+04
  7.0 5.09916E+04
  7.5 5.68999E+04
  8.0 6.29359E+04
  8.5 5.22162E+05
  9.0 7.54153E+04
  9.5 5.30562E+05
 10.0 4.45785E+05
 10.5 3.45376E+04
 11.0 3.69557E+04
 11.5 6.46503E+04
 12.0 2.81142E+04
 12.5 2.60510E+04
 13.0 2.75385E+04
 13.5 2.90276E+04
 14.0 3.05177E+04
 14.5 3.20082E+04
 15.0 3.34982E+04
 15.5 3.49868E+04
 16.0 3.64727E+04
 16.5 3.79542E+04
 17.0 3.94288E+04
 17.5 4.08937E+04
 18.0 4.23448E+04
 18.5 4.37778E+04
 19.0 4.51872E+04
 19.5 4.65672E+04
 20.0 4.79114E+04
 20.5 4.92132E+04
 21.0 5.04661E+04
 21.5 5.16636E+04
 22.0 5.27997E+04
 22.5 5.38689E+04
 23.0 5.48664E+04
 23.5 5.57883E+04
 24.0 5.66314E+04
 24.5 5.73933E+04
 25.0 5.80725E+04
 25.5 5.86685E+04
 26.0 5.91813E+04
 26.5 5.96116E+04
 27.0 5.99609E+04
 27.5 6.02312E+04
 28.0 6.04247E+04
 28.5 6.05443E+04
 29.0 6.05931E+04
 29.5 6.05742E+04
 30.0 6.04911E+04
 30.5 6.03475E+04
 31.0 6.01467E+04
 31.5 5.98926E+04
 32.0 5.95885E+04
 32.5 5.92380E+04
 33.0 5.88445E+04
 33.5 5.84114E+04
 34.0 5.79417E+04
 34.5 5.74386E+04
 35.0 5.69049E+04
 35.5 5.63434E+04
 36.0 5.57567E+04
 36.5 5.51472E+04
 37.0 5.45172E+04
 37.5 5.38689E+04
 38.0 5.32042E+04
 38.5 5.25249E+04
 39.0 5.18329E+04
 39.5 5.11297E+04
 40.0 5.04168E+04
 40.5 4.96954E+04
 41.0 4.89670E+04
 41.5 4.82325E+04
 42.0 4.74930E+04
 42.5 4.67495E+04
 43.0 4.60028E+04
 43.5 4.52538E+04
 44.0 4.45031E+04
 44.5 4.37513E+04
 45.0 4.29991E+04
 45.5 4.22470E+04
 46.0 4.14954E+04
 46.5 4.07447E+04
 47.0 3.99953E+04
 47.5 3.92476E+04
 48.0 3.85019E+04
 48.5 3.77583E+04
 49.0 3.70172E+04
 49.5 3.62787E+04
 50.0 3.55430E+04
 50.5 3.48103E+04
 51.0 3.40807E+04
 51.5 3.33542E+04
 52.0 3.26311E+04
 52.5 3.19113E+04
 53.0 3.11949E+04
 53.5 3.04821E+04
 54.0 2.97728E+04
 54.5 2.90670E+04
 55.0 2.83648E+04
 55.5 2.76663E+04
 56.0 2.69713E+04
 56.5 2.62801E+04
 57.0 2.55924E+04
 57.5 2.49084E+04
 58.0 3.84387E+04
 58.5 2.35512E+04
 59.0 2.28781E+04
 59.5 4.69939E+04
 60.0 2.15426E+04
 60.5 2.08803E+04
 61.0 2.02216E+04
 61.5 1.95664E+04
 62.0 1.89148E+04
 62.5 1.82668E+04
 63.0 1.76224E+04
 63.5 1.69815E+04
 64.0 1.63441E+04
 64.5 1.57103E+04
 65.0 1.50801E+04
 65.5 1.44534E+04
 66.0 1.38303E+04
 66.5 1.32108E+04
 67.0 2.07145E+04
 67.5 1.19825E+04
 68.0 1.13737E+04
 68.5 1.07686E+04
 69.0 1.23009E+04
 69.5 9.46577E+03
 70.0 8.39500E+03
 70.5 7.88194E+03
 71.0 7.36606E+03
 71.5 6.84765E+03
 72.0 6.32699E+03
 72.5 5.80434E+03
 73.0 5.27999E+03
 73.5 4.75420E+03
 74.0 4.22724E+03
 74.5 3.69937E+03
 75.0 3.17085E+03
 75.5 2.64193E+03
 76.0 2.11286E+03
 76.5 1.58390E+03
 77.0 1.05528E+03
 77.5 5.27249E+02
 78.0 4.39149E+01
