078K08D0W2
  0.5 0.00000E+00
  1.0 0.00000E+00
  1.5 0.00000E+00
  2.0 0.00000E+00
  2.5 0.00000E+00
  3.0 0.00000E+00
  3.5 1.59531E+04
  4.0 2.15857E+04
  4.5 2.74192E+04
  5.0 3.34286E+04
  5.5 3.96044E+04
  6.0 4.59426E+04
  6.5 5.24427E+04
  7.0 5.91066E+04
  7.5 6.59399E+04
  8.0 7.29517E+04
  8.5 7.38684E+05
  9.0 8.75501E+04
  9.5 6.80407E+05
 10.0 5.70324E+05
 10.5 4.00018E+04
 11.0 4.27952E+04
 11.5 8.55631E+04
 12.0 3.25545E+04
 12.5 3.01639E+04
 13.0 3.18770E+04
 13.5 3.35949E+04
 14.0 3.53169E+04
 14.5 3.70420E+04
 15.0 3.87689E+04
 15.5 4.04957E+04
 16.0 4.22196E+04
 16.5 4.39370E+04
 17.0 4.56429E+04
 17.5 4.73314E+04
 18.0 4.89955E+04
 18.5 5.06270E+04
 19.0 5.22175E+04
 19.5 5.37578E+04
 20.0 5.52390E+04
 20.5 5.66524E+04
 21.0 5.79897E+04
 21.5 5.92438E+04
 22.0 6.04083E+04
 22.5 6.14780E+04
 23.0 6.24491E+04
 23.5 6.33189E+04
 24.0 6.40858E+04
 24.5 6.47494E+04
 25.0 6.53104E+04
 25.5 6.57702E+04
 26.0 6.61312E+04
 26.5 6.63965E+04
 27.0 6.65695E+04
 27.5 6.66542E+04
 28.0 6.66551E+04
 28.5 6.65766E+04
 29.0 6.64235E+04
 29.5 6.62005E+04
 30.0 6.59123E+04
 30.5 6.55638E+04
 31.0 6.51595E+04
 31.5 6.47040E+04
 32.0 6.42015E+04
 32.5 6.36563E+04
 33.0 6.30722E+04
 33.5 6.24531E+04
 34.0 6.18023E+04
 34.5 6.11234E+04
 35.0 6.04194E+04
 35.5 5.96931E+04
 36.0 5.89473E+04
 36.5 5.81844E+04
 37.0 5.74067E+04
 37.5 5.66164E+04
 38.0 5.58153E+04
 38.5 5.50053E+04
 39.0 5.41879E+04
 39.5 5.33647E+04
 40.0 5.25369E+04
 40.5 5.17058E+04
 41.0 5.08725E+04
 41.5 5.00379E+04
 42.0 4.92029E+04
 42.5 4.83683E+04
 43.0 4.75348E+04
 43.5 4.67030E+04
 44.0 4.58735E+04
 44.5 4.50468E+04
 45.0 4.42232E+04
 45.5 4.34031E+04
 46.0 4.25870E+04
 46.5 4.17749E+04
 47.0 4.09673E+04
 47.5 4.01642E+04
 48.0 3.93658E+04
 48.5 3.85723E+04
 49.0 3.77838E+04
 49.5 3.70003E+04
 50.0 3.62219E+04
 50.5 3.54487E+04
 51.0 3.46806E+04
 51.5 3.39178E+04
 52.0 3.31601E+04
 52.5 3.24077E+04
 53.0 3.16604E+04
 53.5 3.09182E+04
 54.0 3.01811E+04
 54.5 2.94491E+04
 55.0 2.87220E+04
 55.5 2.80000E+04
 56.0 2.72828E+04
 56.5 2.65705E+04
 57.0 2.58630E+04
 57.5 2.51603E+04
 58.0 3.88161E+04
 58.5 2.37688E+04
 59.0 2.30799E+04
 59.5 4.74162E+04
 60.0 2.17157E+04
 60.5 2.10402E+04
 61.0 2.03691E+04
 61.5 1.97024E+04
 62.0 1.90399E+04
 62.5 1.83816E+04
 63.0 1.77275E+04
 63.5 1.70776E+04
 64.0 1.64319E+04
 64.5 1.57902E+04
 65.0 1.51526E+04
 65.5 1.45191E+04
 66.0 1.38896E+04
 66.5 1.32641E+04
 67.0 2.08180E+04
 67.5 1.20252E+04
 68.0 1.14117E+04
 68.5 1.08022E+04
 69.0 1.23440E+04
 69.5 9.50390E+03
 70.0 8.48638E+03
 70.5 7.96133E+03
 71.0 7.43444E+03
 71.5 6.90596E+03
 72.0 6.37614E+03
 72.5 5.84523E+03
 73.0 5.31346E+03
 73.5 4.78108E+03
 74.0 4.24832E+03
 74.5 3.71542E+03
 75.0 3.18261E+03
 75.5 2.65011E+03
 76.0 2.11815E+03
 76.5 1.58695E+03
 77.0 1.05672E+03
 77.5 5.27692E+02
 78.0 4.39380E+01
