078K06D0W2
  0.5 0.00000E+00
  1.0 0.00000E+00
  1.5 0.00000E+00
  2.0 0.00000E+00
  2.5 0.00000E+00
  3.0 0.00000E+00
  3.5 1.05723E+04
  4.0 1.48409E+04
  4.5 1.92701E+04
  5.0 2.38201E+04
  5.5 2.84742E+04
  6.0 3.32241E+04
  6.5 3.80653E+04
  7.0 4.29952E+04
  7.5 4.80122E+04
  8.0 5.31162E+04
  8.5 3.33665E+05
  9.0 6.35929E+04
  9.5 3.83960E+05
 10.0 3.23949E+05
 10.5 2.91529E+04
 11.0 3.12088E+04
 11.5 4.67518E+04
 12.0 2.37346E+04
 12.5 2.19927E+04
 13.0 2.32614E+04
 13.5 2.45291E+04
 14.0 2.57955E+04
 14.5 2.70599E+04
 15.0 2.83219E+04
 15.5 2.95808E+04
 16.0 3.08359E+04
 16.5 3.20864E+04
 17.0 3.33313E+04
 17.5 3.45694E+04
 18.0 3.57990E+04
 18.5 3.70180E+04
 19.0 3.82241E+04
 19.5 3.94140E+04
 20.0 4.05843E+04
 20.5 4.17313E+04
 21.0 4.28504E+04
 21.5 4.39374E+04
 22.0 4.49877E+04
 22.5 4.59967E+04
 23.0 4.69600E+04
 23.5 4.78736E+04
 24.0 4.87339E+04
 24.5 4.95374E+04
 25.0 5.02815E+04
 25.5 5.09640E+04
 26.0 5.15833E+04
 26.5 5.21382E+04
 27.0 5.26282E+04
 27.5 5.30534E+04
 28.0 5.34141E+04
 28.5 5.37111E+04
 29.0 5.39458E+04
 29.5 5.41197E+04
 30.0 5.42345E+04
 30.5 5.42924E+04
 31.0 5.42956E+04
 31.5 5.42465E+04
 32.0 5.41475E+04
 32.5 5.40011E+04
 33.0 5.38099E+04
 33.5 5.35766E+04
 34.0 5.33035E+04
 34.5 5.29932E+04
 35.0 5.26482E+04
 35.5 5.22708E+04
 36.0 5.18634E+04
 36.5 5.14281E+04
 37.0 5.09671E+04
 37.5 5.04823E+04
 38.0 4.99758E+04
 38.5 4.94492E+04
 39.0 4.89044E+04
 39.5 4.83428E+04
 40.0 4.77662E+04
 40.5 4.71759E+04
 41.0 4.65731E+04
 41.5 4.59591E+04
 42.0 4.53352E+04
 42.5 4.47024E+04
 43.0 4.40616E+04
 43.5 4.34138E+04
 44.0 4.27599E+04
 44.5 4.21006E+04
 45.0 4.14366E+04
 45.5 4.07687E+04
 46.0 4.00974E+04
 46.5 3.94233E+04
 47.0 3.87469E+04
 47.5 3.80687E+04
 48.0 3.73891E+04
 48.5 3.67085E+04
 49.0 3.60273E+04
 49.5 3.53458E+04
 50.0 3.46643E+04
 50.5 3.39831E+04
 51.0 3.33024E+04
 51.5 3.26224E+04
 52.0 3.19433E+04
 52.5 3.12654E+04
 53.0 3.05888E+04
 53.5 2.99136E+04
 54.0 2.92400E+04
 54.5 2.85681E+04
 55.0 2.78980E+04
 55.5 2.72298E+04
 56.0 2.65637E+04
 56.5 2.58996E+04
 57.0 2.52376E+04
 57.5 2.45779E+04
 58.0 3.79428E+04
 58.5 2.32655E+04
 59.0 2.26128E+04
 59.5 4.64383E+04
 60.0 2.13149E+04
 60.5 2.06698E+04
 61.0 2.00272E+04
 61.5 1.93873E+04
 62.0 1.87500E+04
 62.5 1.81154E+04
 63.0 1.74836E+04
 63.5 1.68545E+04
 64.0 1.62282E+04
 64.5 1.56048E+04
 65.0 1.49842E+04
 65.5 1.43666E+04
 66.0 1.37519E+04
 66.5 1.31402E+04
 67.0 2.05775E+04
 67.5 1.19260E+04
 68.0 1.13235E+04
 68.5 1.07241E+04
 69.0 1.22438E+04
 69.5 9.41550E+03
 70.0 8.27532E+03
 70.5 7.77783E+03
 71.0 7.27629E+03
 71.5 6.77101E+03
 72.0 6.26230E+03
 72.5 5.75048E+03
 73.0 5.23586E+03
 73.5 4.71873E+03
 74.0 4.19939E+03
 74.5 3.67814E+03
 75.0 3.15528E+03
 75.5 2.63109E+03
 76.0 2.10585E+03
 76.5 1.57985E+03
 77.0 1.05336E+03
 77.5 5.26659E+02
 78.0 4.38841E+01
