078K10D0W2
  0.5 0.00000E+00
  1.0 0.00000E+00
  1.5 0.00000E+00
  2.0 0.00000E+00
  2.5 0.00000E+00
  3.0 0.00000E+00
  3.5 2.15031E+04
  4.0 2.84894E+04
  4.5 3.57393E+04
  5.0 4.32380E+04
  5.5 5.09820E+04
  6.0 5.89733E+04
  6.5 6.72191E+04
  7.0 7.57327E+04
  7.5 8.45345E+04
  8.0 9.36473E+04
  8.5 1.21616E+06
  9.0 1.12814E+05
  9.5 9.72574E+05
 10.0 8.13305E+05
 10.5 5.11958E+04
 11.0 5.47846E+04
 11.5 1.33535E+05
 12.0 4.16369E+04
 12.5 3.85708E+04
 13.0 4.07579E+04
 13.5 4.29581E+04
 14.0 4.51692E+04
 14.5 4.73882E+04
 15.0 4.96102E+04
 15.5 5.18282E+04
 16.0 5.40333E+04
 16.5 5.62141E+04
 17.0 5.83578E+04
 17.5 6.04503E+04
 18.0 6.24764E+04
 18.5 6.44215E+04
 19.0 6.62712E+04
 19.5 6.80124E+04
 20.0 6.96334E+04
 20.5 7.11248E+04
 21.0 7.24790E+04
 21.5 7.36907E+04
 22.0 7.47566E+04
 22.5 7.56755E+04
 23.0 7.64480E+04
 23.5 7.70764E+04
 24.0 7.75643E+04
 24.5 7.79165E+04
 25.0 7.81389E+04
 25.5 7.82377E+04
 26.0 7.82200E+04
 26.5 7.80931E+04
 27.0 7.78645E+04
 27.5 7.75417E+04
 28.0 7.71323E+04
 28.5 7.66435E+04
 29.0 7.60826E+04
 29.5 7.54563E+04
 30.0 7.47711E+04
 30.5 7.40334E+04
 31.0 7.32488E+04
 31.5 7.24229E+04
 32.0 7.15608E+04
 32.5 7.06671E+04
 33.0 6.97463E+04
 33.5 6.88024E+04
 34.0 6.78389E+04
 34.5 6.68594E+04
 35.0 6.58668E+04
 35.5 6.48639E+04
 36.0 6.38533E+04
 36.5 6.28371E+04
 37.0 6.18174E+04
 37.5 6.07961E+04
 38.0 5.97747E+04
 38.5 5.87546E+04
 39.0 5.77371E+04
 39.5 5.67234E+04
 40.0 5.57143E+04
 40.5 5.47108E+04
 41.0 5.37135E+04
 41.5 5.27232E+04
 42.0 5.17402E+04
 42.5 5.07651E+04
 43.0 4.97982E+04
 43.5 4.88398E+04
 44.0 4.78902E+04
 44.5 4.69495E+04
 45.0 4.60179E+04
 45.5 4.50954E+04
 46.0 4.41821E+04
 46.5 4.32780E+04
 47.0 4.23831E+04
 47.5 4.14973E+04
 48.0 4.06206E+04
 48.5 3.97529E+04
 49.0 3.88942E+04
 49.5 3.80442E+04
 50.0 3.72028E+04
 50.5 3.63700E+04
 51.0 3.55456E+04
 51.5 3.47294E+04
 52.0 3.39212E+04
 52.5 3.31210E+04
 53.0 3.23285E+04
 53.5 3.15437E+04
 54.0 3.07663E+04
 54.5 2.99961E+04
 55.0 2.92331E+04
 55.5 2.84770E+04
 56.0 2.77278E+04
 56.5 2.69852E+04
 57.0 2.62491E+04
 57.5 2.55194E+04
 58.0 3.93531E+04
 58.5 2.40785E+04
 59.0 2.33671E+04
 59.5 4.80159E+04
 60.0 2.19616E+04
 60.5 2.12673E+04
 61.0 2.05786E+04
 61.5 1.98952E+04
 62.0 1.92171E+04
 62.5 1.85443E+04
 63.0 1.78765E+04
 63.5 1.72138E+04
 64.0 1.65561E+04
 64.5 1.59032E+04
 65.0 1.52552E+04
 65.5 1.46119E+04
 66.0 1.39733E+04
 66.5 1.33394E+04
 67.0 2.09644E+04
 67.5 1.20854E+04
 68.0 1.14652E+04
 68.5 1.08495E+04
 69.0 1.24048E+04
 69.5 9.55793E+03
 70.0 8.61683E+03
 70.5 8.07452E+03
 71.0 7.53181E+03
 71.5 6.98889E+03
 72.0 6.44597E+03
 72.5 5.90324E+03
 73.0 5.36089E+03
 73.5 4.81913E+03
 74.0 4.27813E+03
 74.5 3.73810E+03
 75.0 3.19921E+03
 75.5 2.66165E+03
 76.0 2.12560E+03
 76.5 1.59124E+03
 77.0 1.05875E+03
 77.5 5.28316E+02
 78.0 4.39705E+01
