078K18D0W2
  0.5 0.00000E+00
  1.0 0.00000E+00
  1.5 0.00000E+00
  2.0 0.00000E+00
  2.5 0.00000E+00
  3.0 0.00000E+00
  3.5 4.50950E+04
  4.0 5.77178E+04
  4.5 7.10021E+04
  5.0 8.49794E+04
  5.5 9.97060E+04
  6.0 1.15273E+05
  6.5 1.31797E+05
  7.0 1.49349E+05
  7.5 1.67837E+05
  8.0 1.86925E+05
  8.5 3.06313E+06
  9.0 2.24526E+05
  9.5 1.90207E+06
 10.0 1.58753E+06
 10.5 1.00522E+05
 11.0 1.07796E+05
 11.5 3.43647E+05
 12.0 8.14069E+04
 12.5 7.52914E+04
 13.0 7.96412E+04
 13.5 8.39682E+04
 14.0 8.82258E+04
 14.5 9.23627E+04
 15.0 9.63273E+04
 15.5 1.00070E+05
 16.0 1.03547E+05
 16.5 1.06722E+05
 17.0 1.09566E+05
 17.5 1.12061E+05
 18.0 1.14196E+05
 18.5 1.15968E+05
 19.0 1.17383E+05
 19.5 1.18450E+05
 20.0 1.19185E+05
 20.5 1.19605E+05
 21.0 1.19732E+05
 21.5 1.19588E+05
 22.0 1.19196E+05
 22.5 1.18580E+05
 23.0 1.17762E+05
 23.5 1.16765E+05
 24.0 1.15609E+05
 24.5 1.14316E+05
 25.0 1.12904E+05
 25.5 1.11389E+05
 26.0 1.09789E+05
 26.5 1.08117E+05
 27.0 1.06387E+05
 27.5 1.04611E+05
 28.0 1.02799E+05
 28.5 1.00961E+05
 29.0 9.91054E+04
 29.5 9.72396E+04
 30.0 9.53702E+04
 30.5 9.35029E+04
 31.0 9.16426E+04
 31.5 8.97938E+04
 32.0 8.79598E+04
 32.5 8.61440E+04
 33.0 8.43490E+04
 33.5 8.25769E+04
 34.0 8.08296E+04
 34.5 7.91085E+04
 35.0 7.74146E+04
 35.5 7.57490E+04
 36.0 7.41123E+04
 36.5 7.25048E+04
 37.0 7.09268E+04
 37.5 6.93785E+04
 38.0 6.78597E+04
 38.5 6.63703E+04
 39.0 6.49101E+04
 39.5 6.34787E+04
 40.0 6.20756E+04
 40.5 6.07004E+04
 41.0 5.93526E+04
 41.5 5.80316E+04
 42.0 5.67368E+04
 42.5 5.54675E+04
 43.0 5.42232E+04
 43.5 5.30032E+04
 44.0 5.18067E+04
 44.5 5.06332E+04
 45.0 4.94820E+04
 45.5 4.83523E+04
 46.0 4.72436E+04
 46.5 4.61552E+04
 47.0 4.50864E+04
 47.5 4.40365E+04
 48.0 4.30051E+04
 48.5 4.19914E+04
 49.0 4.09949E+04
 49.5 4.00149E+04
 50.0 3.90510E+04
 50.5 3.81026E+04
 51.0 3.71691E+04
 51.5 3.62500E+04
 52.0 3.53448E+04
 52.5 3.44531E+04
 53.0 3.35743E+04
 53.5 3.27081E+04
 54.0 3.18540E+04
 54.5 3.10115E+04
 55.0 3.01804E+04
 55.5 2.93601E+04
 56.0 2.85504E+04
 56.5 2.77508E+04
 57.0 2.69611E+04
 57.5 2.61809E+04
 58.0 4.03397E+04
 58.5 2.46478E+04
 59.0 2.38943E+04
 59.5 4.91145E+04
 60.0 2.24123E+04
 60.5 2.16832E+04
 61.0 2.09617E+04
 61.5 2.02477E+04
 62.0 1.95409E+04
 62.5 1.88411E+04
 63.0 1.81482E+04
 63.5 1.74619E+04
 64.0 1.67822E+04
 64.5 1.61088E+04
 65.0 1.54416E+04
 65.5 1.47805E+04
 66.0 1.41253E+04
 66.5 1.34760E+04
 67.0 2.12303E+04
 67.5 1.21945E+04
 68.0 1.15622E+04
 68.5 1.09352E+04
 69.0 1.25150E+04
 69.5 9.65660E+03
 70.0 8.85773E+03
 70.5 8.28312E+03
 71.0 7.71089E+03
 71.5 7.14111E+03
 72.0 6.57389E+03
 72.5 6.00931E+03
 73.0 5.44747E+03
 73.5 4.88845E+03
 74.0 4.33235E+03
 74.5 3.77927E+03
 75.0 3.22929E+03
 75.5 2.68252E+03
 76.0 2.13905E+03
 76.5 1.59899E+03
 77.0 1.06241E+03
 77.5 5.29437E+02
 78.0 4.40289E+01
