078K12D0W2
  0.5 0.00000E+00
  1.0 0.00000E+00
  1.5 0.00000E+00
  2.0 0.00000E+00
  2.5 0.00000E+00
  3.0 0.00000E+00
  3.5 2.71911E+04
  4.0 3.55423E+04
  4.5 4.42361E+04
  5.0 5.32664E+04
  5.5 6.26374E+04
  6.0 7.23610E+04
  6.5 8.24592E+04
  7.0 9.29655E+04
  7.5 1.03919E+05
  8.0 1.15343E+05
  8.5 1.70885E+06
  9.0 1.39372E+05
  9.5 1.24242E+06
 10.0 1.03793E+06
 10.5 6.27932E+04
 11.0 6.72410E+04
 11.5 1.85776E+05
 12.0 5.10246E+04
 12.5 4.72514E+04
 13.0 4.99454E+04
 13.5 5.26601E+04
 14.0 5.53891E+04
 14.5 5.81228E+04
 15.0 6.08482E+04
 15.5 6.35485E+04
 16.0 6.62044E+04
 16.5 6.87946E+04
 17.0 7.12968E+04
 17.5 7.36891E+04
 18.0 7.59508E+04
 18.5 7.80634E+04
 19.0 8.00111E+04
 19.5 8.17815E+04
 20.0 8.33654E+04
 20.5 8.47570E+04
 21.0 8.59536E+04
 21.5 8.69556E+04
 22.0 8.77660E+04
 22.5 8.83897E+04
 23.0 8.88336E+04
 23.5 8.91062E+04
 24.0 8.92167E+04
 24.5 8.91753E+04
 25.0 8.89925E+04
 25.5 8.86790E+04
 26.0 8.82458E+04
 26.5 8.77033E+04
 27.0 8.70620E+04
 27.5 8.63319E+04
 28.0 8.55223E+04
 28.5 8.46423E+04
 29.0 8.37004E+04
 29.5 8.27044E+04
 30.0 8.16614E+04
 30.5 8.05785E+04
 31.0 7.94616E+04
 31.5 7.83166E+04
 32.0 7.71484E+04
 32.5 7.59619E+04
 33.0 7.47611E+04
 33.5 7.35499E+04
 34.0 7.23317E+04
 34.5 7.11096E+04
 35.0 6.98862E+04
 35.5 6.86638E+04
 36.0 6.74447E+04
 36.5 6.62306E+04
 37.0 6.50231E+04
 37.5 6.38237E+04
 38.0 6.26334E+04
 38.5 6.14533E+04
 39.0 6.02843E+04
 39.5 5.91271E+04
 40.0 5.79821E+04
 40.5 5.68501E+04
 41.0 5.57311E+04
 41.5 5.46256E+04
 42.0 5.35338E+04
 42.5 5.24557E+04
 43.0 5.13914E+04
 43.5 5.03409E+04
 44.0 4.93042E+04
 44.5 4.82811E+04
 45.0 4.72717E+04
 45.5 4.62756E+04
 46.0 4.52927E+04
 46.5 4.43229E+04
 47.0 4.33658E+04
 47.5 4.24214E+04
 48.0 4.14892E+04
 48.5 4.05691E+04
 49.0 3.96608E+04
 49.5 3.87640E+04
 50.0 3.78784E+04
 50.5 3.70038E+04
 51.0 3.61399E+04
 51.5 3.52865E+04
 52.0 3.44431E+04
 52.5 3.36097E+04
 53.0 3.27859E+04
 53.5 3.19714E+04
 54.0 3.11661E+04
 54.5 3.03696E+04
 55.0 2.95817E+04
 55.5 2.88022E+04
 56.0 2.80308E+04
 56.5 2.72673E+04
 57.0 2.65116E+04
 57.5 2.57634E+04
 58.0 3.97175E+04
 58.5 2.42887E+04
 59.0 2.35618E+04
 59.5 4.84221E+04
 60.0 2.21282E+04
 60.5 2.14211E+04
 61.0 2.07203E+04
 61.5 2.00257E+04
 62.0 1.93370E+04
 62.5 1.86542E+04
 63.0 1.79772E+04
 63.5 1.73058E+04
 64.0 1.66399E+04
 64.5 1.59794E+04
 65.0 1.53243E+04
 65.5 1.46744E+04
 66.0 1.40297E+04
 66.5 1.33901E+04
 67.0 2.10630E+04
 67.5 1.21259E+04
 68.0 1.15012E+04
 68.5 1.08814E+04
 69.0 1.24457E+04
 69.5 9.59446E+03
 70.0 8.70561E+03
 70.5 8.15146E+03
 71.0 7.59792E+03
 71.5 7.04513E+03
 72.0 6.49327E+03
 72.5 5.94249E+03
 73.0 5.39295E+03
 73.5 4.84481E+03
 74.0 4.29824E+03
 74.5 3.75337E+03
 75.0 3.21038E+03
 75.5 2.66940E+03
 76.0 2.13060E+03
 76.5 1.59412E+03
 77.0 1.06012E+03
 77.5 5.28733E+02
 78.0 4.39922E+01
