078K15D0W2
  0.5 0.00000E+00
  1.0 0.00000E+00
  1.5 0.00000E+00
  2.0 0.00000E+00
  2.5 0.00000E+00
  3.0 0.00000E+00
  3.5 3.59764E+04
  4.0 4.64223E+04
  4.5 5.73549E+04
  5.0 6.87835E+04
  5.5 8.07307E+04
  6.0 9.32368E+04
  6.5 1.06364E+05
  7.0 1.20183E+05
  7.5 1.34730E+05
  8.0 1.49929E+05
  8.5 2.41787E+06
  9.0 1.81196E+05
  9.5 1.59863E+06
 10.0 1.33467E+06
 10.5 8.10695E+04
 11.0 8.69070E+04
 11.5 2.65776E+05
 12.0 6.57706E+04
 12.5 6.08693E+04
 13.0 6.43773E+04
 13.5 6.79030E+04
 14.0 7.14243E+04
 14.5 7.49129E+04
 15.0 7.83365E+04
 15.5 8.16598E+04
 16.0 8.48473E+04
 16.5 8.78651E+04
 17.0 9.06826E+04
 17.5 9.32738E+04
 18.0 9.56181E+04
 18.5 9.77006E+04
 19.0 9.95123E+04
 19.5 1.01050E+05
 20.0 1.02314E+05
 20.5 1.03310E+05
 21.0 1.04047E+05
 21.5 1.04536E+05
 22.0 1.04791E+05
 22.5 1.04828E+05
 23.0 1.04662E+05
 23.5 1.04309E+05
 24.0 1.03787E+05
 24.5 1.03111E+05
 25.0 1.02298E+05
 25.5 1.01362E+05
 26.0 1.00318E+05
 26.5 9.91792E+04
 27.0 9.79588E+04
 27.5 9.66683E+04
 28.0 9.53182E+04
 28.5 9.39186E+04
 29.0 9.24783E+04
 29.5 9.10054E+04
 30.0 8.95073E+04
 30.5 8.79904E+04
 31.0 8.64606E+04
 31.5 8.49231E+04
 32.0 8.33823E+04
 32.5 8.18425E+04
 33.0 8.03071E+04
 33.5 7.87791E+04
 34.0 7.72612E+04
 34.5 7.57557E+04
 35.0 7.42646E+04
 35.5 7.27893E+04
 36.0 7.13314E+04
 36.5 6.98920E+04
 37.0 6.84718E+04
 37.5 6.70717E+04
 38.0 6.56922E+04
 38.5 6.43337E+04
 39.0 6.29963E+04
 39.5 6.16804E+04
 40.0 6.03859E+04
 40.5 5.91127E+04
 41.0 5.78608E+04
 41.5 5.66299E+04
 42.0 5.54198E+04
 42.5 5.42302E+04
 43.0 5.30608E+04
 43.5 5.19113E+04
 44.0 5.07812E+04
 44.5 4.96700E+04
 45.0 4.85775E+04
 45.5 4.75031E+04
 46.0 4.64463E+04
 46.5 4.54069E+04
 47.0 4.43841E+04
 47.5 4.33777E+04
 48.0 4.23871E+04
 48.5 4.14119E+04
 49.0 4.04516E+04
 49.5 3.95057E+04
 50.0 3.85739E+04
 50.5 3.76558E+04
 51.0 3.67507E+04
 51.5 3.58585E+04
 52.0 3.49786E+04
 52.5 3.41107E+04
 53.0 3.32544E+04
 53.5 3.24093E+04
 54.0 3.15750E+04
 54.5 3.07513E+04
 55.0 2.99377E+04
 55.5 2.91341E+04
 56.0 2.83399E+04
 56.5 2.75550E+04
 57.0 2.67791E+04
 57.5 2.60119E+04
 58.0 4.00881E+04
 58.5 2.45025E+04
 59.0 2.37599E+04
 59.5 4.88347E+04
 60.0 2.22975E+04
 60.5 2.15773E+04
 61.0 2.08642E+04
 61.5 2.01580E+04
 62.0 1.94586E+04
 62.5 1.87656E+04
 63.0 1.80791E+04
 63.5 1.73989E+04
 64.0 1.67247E+04
 64.5 1.60566E+04
 65.0 1.53943E+04
 65.5 1.47377E+04
 66.0 1.40868E+04
 66.5 1.34414E+04
 67.0 2.11628E+04
 67.5 1.21669E+04
 68.0 1.15376E+04
 68.5 1.09135E+04
 69.0 1.24871E+04
 69.5 9.63151E+03
 70.0 8.79614E+03
 70.5 8.22984E+03
 71.0 7.66519E+03
 71.5 7.10231E+03
 72.0 6.54131E+03
 72.5 5.98232E+03
 73.0 5.42546E+03
 73.5 4.87084E+03
 74.0 4.31859E+03
 74.5 3.76883E+03
 75.0 3.22167E+03
 75.5 2.67724E+03
 76.0 2.13565E+03
 76.5 1.59703E+03
 77.0 1.06149E+03
 77.5 5.29154E+02
 78.0 4.40141E+01
