078K13D0W2
  0.5 0.00000E+00
  1.0 0.00000E+00
  1.5 0.00000E+00
  2.0 0.00000E+00
  2.5 0.00000E+00
  3.0 0.00000E+00
  3.5 3.00850E+04
  4.0 3.91270E+04
  4.5 4.85563E+04
  5.0 5.83714E+04
  5.5 6.85814E+04
  6.0 7.92059E+04
  6.5 9.02772E+04
  7.0 1.01842E+05
  7.5 1.13946E+05
  8.0 1.26595E+05
  8.5 1.95110E+06
  9.0 1.53082E+05
  9.5 1.36755E+06
 10.0 1.14215E+06
 10.5 6.87616E+04
 11.0 7.36613E+04
 11.5 2.12469E+05
 12.0 5.58465E+04
 12.5 5.17067E+04
 13.0 5.46659E+04
 13.5 5.76476E+04
 14.0 6.06416E+04
 14.5 6.36329E+04
 15.0 6.66028E+04
 15.5 6.95286E+04
 16.0 7.23851E+04
 16.5 7.51460E+04
 17.0 7.77852E+04
 17.5 8.02784E+04
 18.0 8.26034E+04
 18.5 8.47418E+04
 19.0 8.66792E+04
 19.5 8.84049E+04
 20.0 8.99126E+04
 20.5 9.11998E+04
 21.0 9.22673E+04
 21.5 9.31189E+04
 22.0 9.37612E+04
 22.5 9.42028E+04
 23.0 9.44535E+04
 23.5 9.45248E+04
 24.0 9.44286E+04
 24.5 9.41774E+04
 25.0 9.37838E+04
 25.5 9.32602E+04
 26.0 9.26191E+04
 26.5 9.18722E+04
 27.0 9.10309E+04
 27.5 9.01059E+04
 28.0 8.91074E+04
 28.5 8.80447E+04
 29.0 8.69267E+04
 29.5 8.57614E+04
 30.0 8.45563E+04
 30.5 8.33181E+04
 31.0 8.20530E+04
 31.5 8.07665E+04
 32.0 7.94637E+04
 32.5 7.81491E+04
 33.0 7.68267E+04
 33.5 7.55000E+04
 34.0 7.41723E+04
 34.5 7.28464E+04
 35.0 7.15248E+04
 35.5 7.02094E+04
 36.0 6.89023E+04
 36.5 6.76050E+04
 37.0 6.63189E+04
 37.5 6.50451E+04
 38.0 6.37847E+04
 38.5 6.25383E+04
 39.0 6.13066E+04
 39.5 6.00903E+04
 40.0 5.88896E+04
 40.5 5.77048E+04
 41.0 5.65361E+04
 41.5 5.53837E+04
 42.0 5.42475E+04
 42.5 5.31276E+04
 43.0 5.20239E+04
 43.5 5.09361E+04
 44.0 4.98643E+04
 44.5 4.88081E+04
 45.0 4.77673E+04
 45.5 4.67417E+04
 46.0 4.57310E+04
 46.5 4.47348E+04
 47.0 4.37530E+04
 47.5 4.27851E+04
 48.0 4.18308E+04
 48.5 4.08898E+04
 49.0 3.99618E+04
 49.5 3.90465E+04
 50.0 3.81434E+04
 50.5 3.72522E+04
 51.0 3.63727E+04
 51.5 3.55046E+04
 52.0 3.46473E+04
 52.5 3.38008E+04
 53.0 3.29646E+04
 53.5 3.21385E+04
 54.0 3.13222E+04
 54.5 3.05153E+04
 55.0 2.97176E+04
 55.5 2.89289E+04
 56.0 2.81489E+04
 56.5 2.73773E+04
 57.0 2.66139E+04
 57.5 2.58584E+04
 58.0 3.98592E+04
 58.5 2.43704E+04
 59.0 2.36376E+04
 59.5 4.85800E+04
 60.0 2.21929E+04
 60.5 2.14809E+04
 61.0 2.07754E+04
 61.5 2.00763E+04
 62.0 1.93835E+04
 62.5 1.86969E+04
 63.0 1.80162E+04
 63.5 1.73414E+04
 64.0 1.66724E+04
 64.5 1.60090E+04
 65.0 1.53511E+04
 65.5 1.46987E+04
 66.0 1.40516E+04
 66.5 1.34098E+04
 67.0 2.11013E+04
 67.5 1.21416E+04
 68.0 1.15152E+04
 68.5 1.08937E+04
 69.0 1.24616E+04
 69.5 9.60864E+03
 70.0 8.74020E+03
 70.5 8.18142E+03
 71.0 7.62364E+03
 71.5 7.06700E+03
 72.0 6.51165E+03
 72.5 5.95773E+03
 73.0 5.40539E+03
 73.5 4.85478E+03
 74.0 4.30603E+03
 74.5 3.75929E+03
 75.0 3.21470E+03
 75.5 2.67240E+03
 76.0 2.13254E+03
 76.5 1.59524E+03
 77.0 1.06064E+03
 77.5 5.28895E+02
 78.0 4.40006E+01
