078K20D0W2
  0.5 0.00000E+00
  1.0 0.00000E+00
  1.5 0.00000E+00
  2.0 0.00000E+00
  2.5 0.00000E+00
  3.0 0.00000E+00
  3.5 5.13858E+04
  4.0 6.55182E+04
  4.5 8.04473E+04
  5.0 9.62260E+04
  5.5 1.12945E+05
  6.0 1.30744E+05
  6.5 1.49762E+05
  7.0 1.70009E+05
  7.5 1.91213E+05
  8.0 2.12785E+05
  8.5 3.45532E+06
  9.0 2.53774E+05
  9.5 2.07981E+06
 10.0 1.73563E+06
 10.5 1.14172E+05
 11.0 1.22374E+05
 11.5 3.93475E+05
 12.0 9.23497E+04
 12.5 8.53785E+04
 13.0 9.02748E+04
 13.5 9.50939E+04
 14.0 9.97719E+04
 14.5 1.04244E+05
 15.0 1.08451E+05
 15.5 1.12338E+05
 16.0 1.15863E+05
 16.5 1.18993E+05
 17.0 1.21709E+05
 17.5 1.24000E+05
 18.0 1.25867E+05
 18.5 1.27318E+05
 19.0 1.28368E+05
 19.5 1.29037E+05
 20.0 1.29350E+05
 20.5 1.29333E+05
 21.0 1.29014E+05
 21.5 1.28422E+05
 22.0 1.27584E+05
 22.5 1.26528E+05
 23.0 1.25281E+05
 23.5 1.23867E+05
 24.0 1.22309E+05
 24.5 1.20629E+05
 25.0 1.18846E+05
 25.5 1.16978E+05
 26.0 1.15042E+05
 26.5 1.13052E+05
 27.0 1.11020E+05
 27.5 1.08959E+05
 28.0 1.06879E+05
 28.5 1.04788E+05
 29.0 1.02694E+05
 29.5 1.00604E+05
 30.0 9.85249E+04
 30.5 9.64604E+04
 31.0 9.44151E+04
 31.5 9.23927E+04
 32.0 9.03963E+04
 32.5 8.84282E+04
 33.0 8.64905E+04
 33.5 8.45848E+04
 34.0 8.27123E+04
 34.5 8.08740E+04
 35.0 7.90704E+04
 35.5 7.73021E+04
 36.0 7.55691E+04
 36.5 7.38714E+04
 37.0 7.22089E+04
 37.5 7.05815E+04
 38.0 6.89885E+04
 38.5 6.74296E+04
 39.0 6.59042E+04
 39.5 6.44116E+04
 40.0 6.29513E+04
 40.5 6.15223E+04
 41.0 6.01241E+04
 41.5 5.87557E+04
 42.0 5.74165E+04
 42.5 5.61055E+04
 43.0 5.48220E+04
 43.5 5.35652E+04
 44.0 5.23342E+04
 44.5 5.11282E+04
 45.0 4.99465E+04
 45.5 4.87882E+04
 46.0 4.76525E+04
 46.5 4.65387E+04
 47.0 4.54461E+04
 47.5 4.43738E+04
 48.0 4.33213E+04
 48.5 4.22878E+04
 49.0 4.12726E+04
 49.5 4.02751E+04
 50.0 3.92946E+04
 50.5 3.83306E+04
 51.0 3.73825E+04
 51.5 3.64496E+04
 52.0 3.55315E+04
 52.5 3.46275E+04
 53.0 3.37373E+04
 53.5 3.28603E+04
 54.0 3.19959E+04
 54.5 3.11439E+04
 55.0 3.03038E+04
 55.5 2.94750E+04
 56.0 2.86573E+04
 56.5 2.78502E+04
 57.0 2.70535E+04
 57.5 2.62666E+04
 58.0 4.04673E+04
 58.5 2.47215E+04
 59.0 2.39625E+04
 59.5 4.92564E+04
 60.0 2.24705E+04
 60.5 2.17369E+04
 61.0 2.10111E+04
 61.5 2.02931E+04
 62.0 1.95826E+04
 62.5 1.88793E+04
 63.0 1.81831E+04
 63.5 1.74938E+04
 64.0 1.68112E+04
 64.5 1.61352E+04
 65.0 1.54655E+04
 65.5 1.48021E+04
 66.0 1.41448E+04
 66.5 1.34936E+04
 67.0 2.12645E+04
 67.5 1.22085E+04
 68.0 1.15746E+04
 68.5 1.09462E+04
 69.0 1.25292E+04
 69.5 9.66931E+03
 70.0 8.88903E+03
 70.5 8.31018E+03
 71.0 7.73408E+03
 71.5 7.16080E+03
 72.0 6.59041E+03
 72.5 6.02299E+03
 73.0 5.45862E+03
 73.5 4.89737E+03
 74.0 4.33932E+03
 74.5 3.78455E+03
 75.0 3.23315E+03
 75.5 2.68520E+03
 76.0 2.14078E+03
 76.5 1.59997E+03
 77.0 1.06288E+03
 77.5 5.29580E+02
 78.0 4.40363E+01
