078K21D0W2
  0.5 0.00000E+00
  1.0 0.00000E+00
  1.5 0.00000E+00
  2.0 0.00000E+00
  2.5 0.00000E+00
  3.0 0.00000E+00
  3.5 5.46022E+04
  4.0 6.95098E+04
  4.5 8.52878E+04
  5.0 1.02003E+05
  5.5 1.19768E+05
  6.0 1.38747E+05
  6.5 1.59083E+05
  7.0 1.80725E+05
  7.5 2.03284E+05
  8.0 2.26028E+05
  8.5 3.64055E+06
  9.0 2.68416E+05
  9.5 2.16234E+06
 10.0 1.80440E+06
 10.5 1.21201E+05
 11.0 1.29844E+05
 11.5 4.17700E+05
 12.0 9.79766E+04
 12.5 9.05646E+04
 13.0 9.57226E+04
 13.5 1.00767E+05
 14.0 1.05628E+05
 14.5 1.10233E+05
 15.0 1.14521E+05
 15.5 1.18439E+05
 16.0 1.21946E+05
 16.5 1.25014E+05
 17.0 1.27627E+05
 17.5 1.29781E+05
 18.0 1.31483E+05
 18.5 1.32747E+05
 19.0 1.33593E+05
 19.5 1.34046E+05
 20.0 1.34135E+05
 20.5 1.33891E+05
 21.0 1.33343E+05
 21.5 1.32524E+05
 22.0 1.31464E+05
 22.5 1.30191E+05
 23.0 1.28734E+05
 23.5 1.27118E+05
 24.0 1.25366E+05
 24.5 1.23501E+05
 25.0 1.21542E+05
 25.5 1.19508E+05
 26.0 1.17414E+05
 26.5 1.15275E+05
 27.0 1.13103E+05
 27.5 1.10910E+05
 28.0 1.08705E+05
 28.5 1.06498E+05
 29.0 1.04295E+05
 29.5 1.02103E+05
 30.0 9.99280E+04
 30.5 9.77739E+04
 31.0 9.56448E+04
 31.5 9.35441E+04
 32.0 9.14743E+04
 32.5 8.94377E+04
 33.0 8.74359E+04
 33.5 8.54703E+04
 34.0 8.35418E+04
 34.5 8.16511E+04
 35.0 7.97986E+04
 35.5 7.79845E+04
 36.0 7.62086E+04
 36.5 7.44709E+04
 37.0 7.27710E+04
 37.5 7.11085E+04
 38.0 6.94827E+04
 38.5 6.78931E+04
 39.0 6.63389E+04
 39.5 6.48194E+04
 40.0 6.33337E+04
 40.5 6.18811E+04
 41.0 6.04607E+04
 41.5 5.90715E+04
 42.0 5.77128E+04
 42.5 5.63835E+04
 43.0 5.50829E+04
 43.5 5.38099E+04
 44.0 5.25638E+04
 44.5 5.13436E+04
 45.0 5.01485E+04
 45.5 4.89777E+04
 46.0 4.78302E+04
 46.5 4.67053E+04
 47.0 4.56023E+04
 47.5 4.45203E+04
 48.0 4.34585E+04
 48.5 4.24164E+04
 49.0 4.13930E+04
 49.5 4.03879E+04
 50.0 3.94003E+04
 50.5 3.84295E+04
 51.0 3.74749E+04
 51.5 3.65361E+04
 52.0 3.56123E+04
 52.5 3.47031E+04
 53.0 3.38079E+04
 53.5 3.29261E+04
 54.0 3.20574E+04
 54.5 3.12012E+04
 55.0 3.03572E+04
 55.5 2.95247E+04
 56.0 2.87036E+04
 56.5 2.78933E+04
 57.0 2.70934E+04
 57.5 2.63037E+04
 58.0 4.05225E+04
 58.5 2.47533E+04
 59.0 2.39920E+04
 59.5 4.93177E+04
 60.0 2.24957E+04
 60.5 2.17601E+04
 61.0 2.10325E+04
 61.5 2.03128E+04
 62.0 1.96006E+04
 62.5 1.88958E+04
 63.0 1.81982E+04
 63.5 1.75076E+04
 64.0 1.68238E+04
 64.5 1.61466E+04
 65.0 1.54759E+04
 65.5 1.48115E+04
 66.0 1.41533E+04
 66.5 1.35011E+04
 67.0 2.12792E+04
 67.5 1.22146E+04
 68.0 1.15799E+04
 68.5 1.09509E+04
 69.0 1.25353E+04
 69.5 9.67480E+03
 70.0 8.90257E+03
 70.5 8.32188E+03
 71.0 7.74411E+03
 71.5 7.16931E+03
 72.0 6.59755E+03
 72.5 6.02891E+03
 73.0 5.46344E+03
 73.5 4.90122E+03
 74.0 4.34233E+03
 74.5 3.78683E+03
 75.0 3.23482E+03
 75.5 2.68635E+03
 76.0 2.14152E+03
 76.5 1.60040E+03
 77.0 1.06308E+03
 77.5 5.29642E+02
 78.0 4.40395E+01
