079K09D0W2
  0.5 0.00000E+00
  1.0 0.00000E+00
  1.5 0.00000E+00
  2.0 0.00000E+00
  2.5 0.00000E+00
  3.0 0.00000E+00
  3.5 1.84670E+04
  4.0 2.47164E+04
  4.5 3.11947E+04
  5.0 3.78821E+04
  5.5 4.47716E+04
  6.0 5.18619E+04
  6.5 5.91550E+04
  7.0 6.66571E+04
  7.5 7.43791E+04
  8.0 8.23369E+04
  8.5 9.47993E+05
  9.0 9.90053E+04
  9.5 8.18024E+05
 10.0 6.84761E+05
 10.5 4.51515E+04
 11.0 4.83146E+04
 11.5 1.06256E+05
 12.0 3.67605E+04
 12.5 3.40662E+04
 13.0 3.60043E+04
 13.5 3.79517E+04
 14.0 3.99074E+04
 14.5 4.18700E+04
 15.0 4.38372E+04
 15.5 4.58054E+04
 16.0 4.77700E+04
 16.5 4.97245E+04
 17.0 5.16609E+04
 17.5 5.35698E+04
 18.0 5.54407E+04
 18.5 5.72621E+04
 19.0 5.90224E+04
 19.5 6.07100E+04
 20.0 6.23139E+04
 20.5 6.38241E+04
 21.0 6.52318E+04
 21.5 6.65295E+04
 22.0 6.77115E+04
 22.5 6.87737E+04
 23.0 6.97135E+04
 23.5 7.05297E+04
 24.0 7.12229E+04
 24.5 7.17945E+04
 25.0 7.22473E+04
 25.5 7.25849E+04
 26.0 7.28116E+04
 26.5 7.29325E+04
 27.0 7.29528E+04
 27.5 7.28785E+04
 28.0 7.27152E+04
 28.5 7.24690E+04
 29.0 7.21461E+04
 29.5 7.17522E+04
 30.0 7.12931E+04
 30.5 7.07745E+04
 31.0 7.02018E+04
 31.5 6.95801E+04
 32.0 6.89143E+04
 32.5 6.82090E+04
 33.0 6.74686E+04
 33.5 6.66972E+04
 34.0 6.58984E+04
 34.5 6.50757E+04
 35.0 6.42325E+04
 35.5 6.33717E+04
 36.0 6.24960E+04
 36.5 6.16080E+04
 37.0 6.07098E+04
 37.5 5.98037E+04
 38.0 5.88913E+04
 38.5 5.79746E+04
 39.0 5.70549E+04
 39.5 5.61337E+04
 40.0 5.52121E+04
 40.5 5.42913E+04
 41.0 5.33723E+04
 41.5 5.24559E+04
 42.0 5.15428E+04
 42.5 5.06338E+04
 43.0 4.97294E+04
 43.5 4.88300E+04
 44.0 4.79362E+04
 44.5 4.70483E+04
 45.0 4.61665E+04
 45.5 4.52912E+04
 46.0 4.44225E+04
 46.5 4.35607E+04
 47.0 4.27057E+04
 47.5 4.18578E+04
 48.0 4.10170E+04
 48.5 4.01833E+04
 49.0 3.93567E+04
 49.5 3.85372E+04
 50.0 3.77248E+04
 50.5 3.69195E+04
 51.0 3.61211E+04
 51.5 3.53297E+04
 52.0 3.45451E+04
 52.5 3.37673E+04
 53.0 3.29961E+04
 53.5 3.22316E+04
 54.0 3.14734E+04
 54.5 3.07217E+04
 55.0 2.99762E+04
 55.5 2.92368E+04
 56.0 2.85035E+04
 56.5 2.77761E+04
 57.0 2.70545E+04
 57.5 2.63387E+04
 58.0 4.28837E+04
 58.5 2.49237E+04
 59.0 2.42244E+04
 59.5 5.36074E+04
 60.0 2.28416E+04
 60.5 2.21579E+04
 61.0 2.14793E+04
 61.5 2.08056E+04
 62.0 2.01368E+04
 62.5 1.94729E+04
 63.0 1.88136E+04
 63.5 1.81590E+04
 64.0 1.75090E+04
 64.5 1.68635E+04
 65.0 1.62225E+04
 65.5 1.55859E+04
 66.0 1.49538E+04
 66.5 1.43259E+04
 67.0 2.35285E+04
 67.5 1.30831E+04
 68.0 1.24681E+04
 68.5 1.18573E+04
 69.0 1.38316E+04
 69.5 1.05469E+04
 70.0 9.47823E+03
 70.5 8.95374E+03
 71.0 8.42788E+03
 71.5 7.90088E+03
 72.0 7.37295E+03
 72.5 6.84431E+03
 73.0 6.31518E+03
 73.5 5.78575E+03
 74.0 5.25623E+03
 74.5 4.72684E+03
 75.0 4.19777E+03
 75.5 3.66921E+03
 76.0 3.14138E+03
 76.5 2.61445E+03
 77.0 2.08862E+03
 77.5 1.56409E+03
 78.0 1.04103E+03
 78.5 5.19634E+02
 79.0 4.32561E+01
