079K07D0W2
  0.5 0.00000E+00
  1.0 0.00000E+00
  1.5 0.00000E+00
  2.0 0.00000E+00
  2.5 0.00000E+00
  3.0 0.00000E+00
  3.5 1.30556E+04
  4.0 1.79625E+04
  4.5 2.30467E+04
  5.0 2.82763E+04
  5.5 3.36383E+04
  6.0 3.91266E+04
  6.5 4.47382E+04
  7.0 5.04720E+04
  7.5 5.63289E+04
  8.0 6.23121E+04
  8.5 5.03074E+05
  9.0 7.46804E+04
  9.5 5.19411E+05
 10.0 4.36560E+05
 10.5 3.42369E+04
 11.0 3.66412E+04
 11.5 6.29500E+04
 12.0 2.78883E+04
 12.5 2.58477E+04
 13.0 2.73297E+04
 13.5 2.88138E+04
 14.0 3.02995E+04
 14.5 3.17860E+04
 15.0 3.32728E+04
 15.5 3.47588E+04
 16.0 3.62430E+04
 16.5 3.77236E+04
 17.0 3.91986E+04
 17.5 4.06651E+04
 18.0 4.21195E+04
 18.5 4.35576E+04
 19.0 4.49743E+04
 19.5 4.63639E+04
 20.0 4.77202E+04
 20.5 4.90368E+04
 21.0 5.03071E+04
 21.5 5.15246E+04
 22.0 5.26834E+04
 22.5 5.37776E+04
 23.0 5.48024E+04
 23.5 5.57535E+04
 24.0 5.66275E+04
 24.5 5.74217E+04
 25.0 5.81345E+04
 25.5 5.87647E+04
 26.0 5.93122E+04
 26.5 5.97776E+04
 27.0 6.01619E+04
 27.5 6.04670E+04
 28.0 6.06948E+04
 28.5 6.08481E+04
 29.0 6.09297E+04
 29.5 6.09427E+04
 30.0 6.08905E+04
 30.5 6.07766E+04
 31.0 6.06044E+04
 31.5 6.03775E+04
 32.0 6.00994E+04
 32.5 5.97737E+04
 33.0 5.94037E+04
 33.5 5.89927E+04
 34.0 5.85440E+04
 34.5 5.80607E+04
 35.0 5.75455E+04
 35.5 5.70014E+04
 36.0 5.64311E+04
 36.5 5.58368E+04
 37.0 5.52211E+04
 37.5 5.45862E+04
 38.0 5.39339E+04
 38.5 5.32663E+04
 39.0 5.25852E+04
 39.5 5.18922E+04
 40.0 5.11887E+04
 40.5 5.04762E+04
 41.0 4.97560E+04
 41.5 4.90293E+04
 42.0 4.82971E+04
 42.5 4.75604E+04
 43.0 4.68202E+04
 43.5 4.60772E+04
 44.0 4.53322E+04
 44.5 4.45859E+04
 45.0 4.38389E+04
 45.5 4.30917E+04
 46.0 4.23448E+04
 46.5 4.15987E+04
 47.0 4.08537E+04
 47.5 4.01103E+04
 48.0 3.93686E+04
 48.5 3.86291E+04
 49.0 3.78919E+04
 49.5 3.71573E+04
 50.0 3.64254E+04
 50.5 3.56964E+04
 51.0 3.49705E+04
 51.5 3.42477E+04
 52.0 3.35283E+04
 52.5 3.28121E+04
 53.0 3.20994E+04
 53.5 3.13902E+04
 54.0 3.06846E+04
 54.5 2.99825E+04
 55.0 2.92840E+04
 55.5 2.85891E+04
 56.0 2.78979E+04
 56.5 2.72103E+04
 57.0 2.65263E+04
 57.5 2.58460E+04
 58.0 4.20841E+04
 58.5 2.44964E+04
 59.0 2.38270E+04
 59.5 5.26787E+04
 60.0 2.24991E+04
 60.5 2.18405E+04
 61.0 2.11855E+04
 61.5 2.05341E+04
 62.0 1.98863E+04
 62.5 1.92420E+04
 63.0 1.86012E+04
 63.5 1.79640E+04
 64.0 1.73302E+04
 64.5 1.67000E+04
 65.0 1.60733E+04
 65.5 1.54501E+04
 66.0 1.48304E+04
 66.5 1.42143E+04
 67.0 2.32949E+04
 67.5 1.29924E+04
 68.0 1.23868E+04
 68.5 1.17847E+04
 69.0 1.37347E+04
 69.5 1.04626E+04
 70.0 9.27477E+03
 70.5 8.77445E+03
 71.0 8.27097E+03
 71.5 7.76460E+03
 72.0 7.25562E+03
 72.5 6.74429E+03
 73.0 6.23088E+03
 73.5 5.71566E+03
 74.0 5.19888E+03
 74.5 4.68080E+03
 75.0 4.16166E+03
 75.5 3.64173E+03
 76.0 3.12125E+03
 76.5 2.60045E+03
 77.0 2.07958E+03
 77.5 1.55887E+03
 78.0 1.03856E+03
 78.5 5.18875E+02
 79.0 4.32165E+01
