079K10D0W2
  0.5 0.00000E+00
  1.0 0.00000E+00
  1.5 0.00000E+00
  2.0 0.00000E+00
  2.5 0.00000E+00
  3.0 0.00000E+00
  3.5 2.12295E+04
  4.0 2.81495E+04
  4.5 3.53315E+04
  5.0 4.27604E+04
  5.5 5.04323E+04
  6.0 5.83488E+04
  6.5 6.65164E+04
  7.0 7.49476E+04
  7.5 8.36615E+04
  8.0 9.26812E+04
  8.5 1.19036E+06
  9.0 1.11660E+05
  9.5 9.63014E+05
 10.0 8.05353E+05
 10.5 5.07421E+04
 11.0 5.43070E+04
 11.5 1.30771E+05
 12.0 4.12980E+04
 12.5 3.82665E+04
 13.0 4.04442E+04
 13.5 4.26355E+04
 14.0 4.48390E+04
 14.5 4.70517E+04
 15.0 4.92693E+04
 15.5 5.14855E+04
 16.0 5.36920E+04
 16.5 5.58781E+04
 17.0 5.80316E+04
 17.5 6.01387E+04
 18.0 6.21848E+04
 18.5 6.41552E+04
 19.0 6.60356E+04
 19.5 6.78124E+04
 20.0 6.94739E+04
 20.5 7.10098E+04
 21.0 7.24121E+04
 21.5 7.36748E+04
 22.0 7.47938E+04
 22.5 7.57674E+04
 23.0 7.65954E+04
 23.5 7.72796E+04
 24.0 7.78229E+04
 24.5 7.82297E+04
 25.0 7.85054E+04
 25.5 7.86559E+04
 26.0 7.86880E+04
 26.5 7.86087E+04
 27.0 7.84254E+04
 27.5 7.81455E+04
 28.0 7.77763E+04
 28.5 7.73253E+04
 29.0 7.67994E+04
 29.5 7.62057E+04
 30.0 7.55506E+04
 30.5 7.48404E+04
 31.0 7.40811E+04
 31.5 7.32782E+04
 32.0 7.24368E+04
 32.5 7.15620E+04
 33.0 7.06580E+04
 33.5 6.97291E+04
 34.0 6.87790E+04
 34.5 6.78112E+04
 35.0 6.68290E+04
 35.5 6.58351E+04
 36.0 6.48322E+04
 36.5 6.38226E+04
 37.0 6.28086E+04
 37.5 6.17919E+04
 38.0 6.07743E+04
 38.5 5.97572E+04
 39.0 5.87421E+04
 39.5 5.77301E+04
 40.0 5.67223E+04
 40.5 5.57196E+04
 41.0 5.47227E+04
 41.5 5.37323E+04
 42.0 5.27491E+04
 42.5 5.17734E+04
 43.0 5.08058E+04
 43.5 4.98465E+04
 44.0 4.88958E+04
 44.5 4.79539E+04
 45.0 4.70211E+04
 45.5 4.60973E+04
 46.0 4.51827E+04
 46.5 4.42774E+04
 47.0 4.33812E+04
 47.5 4.24942E+04
 48.0 4.16164E+04
 48.5 4.07477E+04
 49.0 3.98879E+04
 49.5 3.90370E+04
 50.0 3.81949E+04
 50.5 3.73614E+04
 51.0 3.65364E+04
 51.5 3.57198E+04
 52.0 3.49113E+04
 52.5 3.41109E+04
 53.0 3.33184E+04
 53.5 3.25336E+04
 54.0 3.17564E+04
 54.5 3.09866E+04
 55.0 3.02240E+04
 55.5 2.94686E+04
 56.0 2.87200E+04
 56.5 2.79783E+04
 57.0 2.72431E+04
 57.5 2.65145E+04
 58.0 4.31685E+04
 58.5 2.50760E+04
 59.0 2.43659E+04
 59.5 5.39377E+04
 60.0 2.29634E+04
 60.5 2.22708E+04
 61.0 2.15837E+04
 61.5 2.09020E+04
 62.0 2.02258E+04
 62.5 1.95547E+04
 63.0 1.88889E+04
 63.5 1.82281E+04
 64.0 1.75722E+04
 64.5 1.69213E+04
 65.0 1.62753E+04
 65.5 1.56340E+04
 66.0 1.49973E+04
 66.5 1.43654E+04
 67.0 2.36111E+04
 67.5 1.31152E+04
 68.0 1.24968E+04
 68.5 1.18830E+04
 69.0 1.38658E+04
 69.5 1.05768E+04
 70.0 9.55102E+03
 70.5 9.01780E+03
 71.0 8.48387E+03
 71.5 7.94945E+03
 72.0 7.41472E+03
 72.5 6.87988E+03
 73.0 6.34511E+03
 73.5 5.81061E+03
 74.0 5.27656E+03
 74.5 4.74314E+03
 75.0 4.21054E+03
 75.5 3.67892E+03
 76.0 3.14848E+03
 76.5 2.61939E+03
 77.0 2.09181E+03
 77.5 1.56592E+03
 78.0 1.04190E+03
 78.5 5.19901E+02
 79.0 4.32700E+01
