079K11D0W2
  0.5 0.00000E+00
  1.0 0.00000E+00
  1.5 0.00000E+00
  2.0 0.00000E+00
  2.5 0.00000E+00
  3.0 0.00000E+00
  3.5 2.40258E+04
  4.0 3.16192E+04
  4.5 3.95117E+04
  5.0 4.76924E+04
  5.5 5.61608E+04
  6.0 6.49228E+04
  6.5 7.39906E+04
  7.0 8.33854E+04
  7.5 9.31360E+04
  8.0 1.03270E+05
  8.5 1.43712E+06
  9.0 1.24641E+05
  9.5 1.10257E+06
 10.0 9.21483E+05
 10.5 5.64312E+04
 11.0 6.04139E+04
 11.5 1.56411E+05
 12.0 4.59103E+04
 12.5 4.25340E+04
 13.0 4.49594E+04
 13.5 4.74030E+04
 14.0 4.98619E+04
 14.5 5.23307E+04
 15.0 5.48020E+04
 15.5 5.72652E+04
 16.0 5.97074E+04
 16.5 6.21132E+04
 17.0 6.44654E+04
 17.5 6.67460E+04
 18.0 6.89368E+04
 18.5 7.10204E+04
 19.0 7.29810E+04
 19.5 7.48043E+04
 20.0 7.64789E+04
 20.5 7.79957E+04
 21.0 7.93485E+04
 21.5 8.05334E+04
 22.0 8.15494E+04
 22.5 8.23973E+04
 23.0 8.30801E+04
 23.5 8.36025E+04
 24.0 8.39704E+04
 24.5 8.41909E+04
 25.0 8.42719E+04
 25.5 8.42216E+04
 26.0 8.40491E+04
 26.5 8.37631E+04
 27.0 8.33727E+04
 27.5 8.28867E+04
 28.0 8.23137E+04
 28.5 8.16620E+04
 29.0 8.09395E+04
 29.5 8.01540E+04
 30.0 7.93124E+04
 30.5 7.84214E+04
 31.0 7.74872E+04
 31.5 7.65157E+04
 32.0 7.55121E+04
 32.5 7.44814E+04
 33.0 7.34280E+04
 33.5 7.23560E+04
 34.0 7.12691E+04
 34.5 7.01706E+04
 35.0 6.90637E+04
 35.5 6.79511E+04
 36.0 6.68350E+04
 36.5 6.57179E+04
 37.0 6.46014E+04
 37.5 6.34875E+04
 38.0 6.23775E+04
 38.5 6.12728E+04
 39.0 6.01745E+04
 39.5 5.90836E+04
 40.0 5.80009E+04
 40.5 5.69272E+04
 41.0 5.58631E+04
 41.5 5.48090E+04
 42.0 5.37654E+04
 42.5 5.27325E+04
 43.0 5.17108E+04
 43.5 5.07002E+04
 44.0 4.97010E+04
 44.5 4.87132E+04
 45.0 4.77369E+04
 45.5 4.67720E+04
 46.0 4.58185E+04
 46.5 4.48762E+04
 47.0 4.39452E+04
 47.5 4.30252E+04
 48.0 4.21162E+04
 48.5 4.12179E+04
 49.0 4.03302E+04
 49.5 3.94530E+04
 50.0 3.85858E+04
 50.5 3.77287E+04
 51.0 3.68814E+04
 51.5 3.60436E+04
 52.0 3.52152E+04
 52.5 3.43960E+04
 53.0 3.35856E+04
 53.5 3.27840E+04
 54.0 3.19908E+04
 54.5 3.12060E+04
 55.0 3.04292E+04
 55.5 2.96603E+04
 56.0 2.88991E+04
 56.5 2.81454E+04
 57.0 2.73990E+04
 57.5 2.66597E+04
 58.0 4.34036E+04
 58.5 2.52017E+04
 59.0 2.44827E+04
 59.5 5.42101E+04
 60.0 2.30639E+04
 60.5 2.23638E+04
 61.0 2.16697E+04
 61.5 2.09815E+04
 62.0 2.02990E+04
 62.5 1.96222E+04
 63.0 1.89509E+04
 63.5 1.82850E+04
 64.0 1.76244E+04
 64.5 1.69690E+04
 65.0 1.63187E+04
 65.5 1.56735E+04
 66.0 1.50332E+04
 66.5 1.43978E+04
 67.0 2.36791E+04
 67.5 1.31415E+04
 68.0 1.25204E+04
 68.5 1.19040E+04
 69.0 1.38939E+04
 69.5 1.06014E+04
 70.0 9.61124E+03
 70.5 9.07076E+03
 71.0 8.53014E+03
 71.5 7.98956E+03
 72.0 7.44919E+03
 72.5 6.90921E+03
 73.0 6.36979E+03
 73.5 5.83110E+03
 74.0 5.29330E+03
 74.5 4.75656E+03
 75.0 4.22104E+03
 75.5 3.68691E+03
 76.0 3.15432E+03
 76.5 2.62344E+03
 77.0 2.09443E+03
 77.5 1.56743E+03
 78.0 1.04261E+03
 78.5 5.20120E+02
 79.0 4.32814E+01
