079K18D0W2
  0.5 0.00000E+00
  1.0 0.00000E+00
  1.5 0.00000E+00
  2.0 0.00000E+00
  2.5 0.00000E+00
  3.0 0.00000E+00
  3.5 4.45626E+04
  4.0 5.70596E+04
  4.5 7.02096E+04
  5.0 8.40418E+04
  5.5 9.86092E+04
  6.0 1.13998E+05
  6.5 1.30322E+05
  7.0 1.47661E+05
  7.5 1.65950E+05
  8.0 1.84891E+05
  8.5 3.05381E+06
  9.0 2.22482E+05
  9.5 1.90738E+06
 10.0 1.59189E+06
 10.5 9.95761E+04
 11.0 1.06817E+05
 11.5 3.41200E+05
 12.0 8.07111E+04
 12.5 7.46698E+04
 13.0 7.90088E+04
 13.5 8.33357E+04
 14.0 8.76059E+04
 14.5 9.17698E+04
 15.0 9.57763E+04
 15.5 9.95758E+04
 16.0 1.03123E+05
 16.5 1.06381E+05
 17.0 1.09319E+05
 17.5 1.11916E+05
 18.0 1.14159E+05
 18.5 1.16043E+05
 19.0 1.17571E+05
 19.5 1.18751E+05
 20.0 1.19597E+05
 20.5 1.20125E+05
 21.0 1.20355E+05
 21.5 1.20309E+05
 22.0 1.20009E+05
 22.5 1.19479E+05
 23.0 1.18740E+05
 23.5 1.17816E+05
 24.0 1.16726E+05
 24.5 1.15492E+05
 25.0 1.14133E+05
 25.5 1.12666E+05
 26.0 1.11107E+05
 26.5 1.09471E+05
 27.0 1.07771E+05
 27.5 1.06021E+05
 28.0 1.04231E+05
 28.5 1.02410E+05
 29.0 1.00569E+05
 29.5 9.87132E+04
 30.0 9.68510E+04
 30.5 9.49882E+04
 31.0 9.31299E+04
 31.5 9.12807E+04
 32.0 8.94445E+04
 32.5 8.76247E+04
 33.0 8.58241E+04
 33.5 8.40451E+04
 34.0 8.22896E+04
 34.5 8.05593E+04
 35.0 7.88555E+04
 35.5 7.71791E+04
 36.0 7.55311E+04
 36.5 7.39118E+04
 37.0 7.23216E+04
 37.5 7.07608E+04
 38.0 6.92294E+04
 38.5 6.77272E+04
 39.0 6.62541E+04
 39.5 6.48098E+04
 40.0 6.33939E+04
 40.5 6.20061E+04
 41.0 6.06457E+04
 41.5 5.93124E+04
 42.0 5.80054E+04
 42.5 5.67243E+04
 43.0 5.54684E+04
 43.5 5.42371E+04
 44.0 5.30296E+04
 44.5 5.18455E+04
 45.0 5.06839E+04
 45.5 4.95443E+04
 46.0 4.84260E+04
 46.5 4.73283E+04
 47.0 4.62507E+04
 47.5 4.51924E+04
 48.0 4.41528E+04
 48.5 4.31314E+04
 49.0 4.21275E+04
 49.5 4.11406E+04
 50.0 4.01700E+04
 50.5 3.92153E+04
 51.0 3.82758E+04
 51.5 3.73512E+04
 52.0 3.64408E+04
 52.5 3.55441E+04
 53.0 3.46608E+04
 53.5 3.37903E+04
 54.0 3.29323E+04
 54.5 3.20862E+04
 55.0 3.12516E+04
 55.5 3.04283E+04
 56.0 2.96157E+04
 56.5 2.88136E+04
 57.0 2.80216E+04
 57.5 2.72393E+04
 58.0 4.43406E+04
 58.5 2.57028E+04
 59.0 2.49479E+04
 59.5 5.52939E+04
 60.0 2.34636E+04
 60.5 2.27337E+04
 61.0 2.20116E+04
 61.5 2.12970E+04
 62.0 2.05898E+04
 62.5 1.98898E+04
 63.0 1.91967E+04
 63.5 1.85104E+04
 64.0 1.78307E+04
 64.5 1.71575E+04
 65.0 1.64906E+04
 65.5 1.58298E+04
 66.0 1.51750E+04
 66.5 1.45261E+04
 67.0 2.39482E+04
 67.5 1.32455E+04
 68.0 1.26136E+04
 68.5 1.19872E+04
 69.0 1.40050E+04
 69.5 1.06993E+04
 70.0 9.85236E+03
 70.5 9.28253E+03
 71.0 8.71488E+03
 71.5 8.14951E+03
 72.0 7.58649E+03
 72.5 7.02590E+03
 73.0 6.46785E+03
 73.5 5.91240E+03
 74.0 5.35965E+03
 74.5 4.80968E+03
 75.0 4.26259E+03
 75.5 3.71846E+03
 76.0 3.17738E+03
 76.5 2.63944E+03
 77.0 2.10474E+03
 77.5 1.57337E+03
 78.0 1.04541E+03
 78.5 5.20979E+02
 79.0 4.33261E+01
