079K15D0W2
  0.5 0.00000E+00
  1.0 0.00000E+00
  1.5 0.00000E+00
  2.0 0.00000E+00
  2.5 0.00000E+00
  3.0 0.00000E+00
  3.5 3.55443E+04
  4.0 4.58882E+04
  4.5 5.67136E+04
  5.0 6.80285E+04
  5.5 7.98541E+04
  6.0 9.22280E+04
  6.5 1.05209E+05
  7.0 1.18869E+05
  7.5 1.33249E+05
  8.0 1.48292E+05
  8.5 2.39915E+06
  9.0 1.79388E+05
  9.5 1.59790E+06
 10.0 1.33401E+06
 10.5 8.03176E+04
 11.0 8.61164E+04
 11.5 2.62826E+05
 12.0 6.52146E+04
 12.5 6.03721E+04
 13.0 6.38650E+04
 13.5 6.73806E+04
 14.0 7.08982E+04
 14.5 7.43913E+04
 15.0 7.78291E+04
 15.5 8.11771E+04
 16.0 8.44004E+04
 16.5 8.74649E+04
 17.0 9.03394E+04
 17.5 9.29969E+04
 18.0 9.54155E+04
 18.5 9.75789E+04
 19.0 9.94764E+04
 19.5 1.01103E+05
 20.0 1.02458E+05
 20.5 1.03545E+05
 21.0 1.04373E+05
 21.5 1.04951E+05
 22.0 1.05292E+05
 22.5 1.05411E+05
 23.0 1.05323E+05
 23.5 1.05044E+05
 24.0 1.04591E+05
 24.5 1.03979E+05
 25.0 1.03224E+05
 25.5 1.02342E+05
 26.0 1.01347E+05
 26.5 1.00253E+05
 27.0 9.90717E+04
 27.5 9.78161E+04
 28.0 9.64969E+04
 28.5 9.51240E+04
 29.0 9.37068E+04
 29.5 9.22537E+04
 30.0 9.07719E+04
 30.5 8.92686E+04
 31.0 8.77495E+04
 31.5 8.62203E+04
 32.0 8.46857E+04
 32.5 8.31499E+04
 33.0 8.16166E+04
 33.5 8.00892E+04
 34.0 7.85704E+04
 34.5 7.70627E+04
 35.0 7.55682E+04
 35.5 7.40886E+04
 36.0 7.26255E+04
 36.5 7.11800E+04
 37.0 6.97532E+04
 37.5 6.83459E+04
 38.0 6.69588E+04
 38.5 6.55923E+04
 39.0 6.42467E+04
 39.5 6.29222E+04
 40.0 6.16191E+04
 40.5 6.03372E+04
 41.0 5.90765E+04
 41.5 5.78369E+04
 42.0 5.66181E+04
 42.5 5.54199E+04
 43.0 5.42420E+04
 43.5 5.30841E+04
 44.0 5.19458E+04
 44.5 5.08267E+04
 45.0 4.97264E+04
 45.5 4.86445E+04
 46.0 4.75805E+04
 46.5 4.65340E+04
 47.0 4.55045E+04
 47.5 4.44916E+04
 48.0 4.34948E+04
 48.5 4.25136E+04
 49.0 4.15477E+04
 49.5 4.05965E+04
 50.0 3.96597E+04
 50.5 3.87367E+04
 51.0 3.78272E+04
 51.5 3.69308E+04
 52.0 3.60470E+04
 52.5 3.51754E+04
 53.0 3.43157E+04
 53.5 3.34675E+04
 54.0 3.26304E+04
 54.5 3.18041E+04
 55.0 3.09882E+04
 55.5 3.01824E+04
 56.0 2.93864E+04
 56.5 2.85999E+04
 57.0 2.78225E+04
 57.5 2.70541E+04
 58.0 4.40415E+04
 58.5 2.55428E+04
 59.0 2.47994E+04
 59.5 5.49482E+04
 60.0 2.33361E+04
 60.5 2.26158E+04
 61.0 2.19026E+04
 61.5 2.11965E+04
 62.0 2.04972E+04
 62.5 1.98046E+04
 63.0 1.91184E+04
 63.5 1.84387E+04
 64.0 1.77651E+04
 64.5 1.70975E+04
 65.0 1.64359E+04
 65.5 1.57801E+04
 66.0 1.51299E+04
 66.5 1.44853E+04
 67.0 2.38626E+04
 67.5 1.32125E+04
 68.0 1.25840E+04
 68.5 1.19608E+04
 69.0 1.39697E+04
 69.5 1.06681E+04
 70.0 9.77518E+03
 70.5 9.21479E+03
 71.0 8.65583E+03
 71.5 8.09842E+03
 72.0 7.54267E+03
 72.5 6.98869E+03
 73.0 6.43659E+03
 73.5 5.88650E+03
 74.0 5.33853E+03
 74.5 4.79278E+03
 75.0 4.24938E+03
 75.5 3.70843E+03
 76.0 3.17005E+03
 76.5 2.63436E+03
 77.0 2.10147E+03
 77.5 1.57148E+03
 78.0 1.04453E+03
 78.5 5.20706E+02
 79.0 4.33120E+01
