079K12D0W2
  0.5 0.00000E+00
  1.0 0.00000E+00
  1.5 0.00000E+00
  2.0 0.00000E+00
  2.5 0.00000E+00
  3.0 0.00000E+00
  3.5 2.68551E+04
  4.0 3.51263E+04
  4.5 4.37373E+04
  5.0 5.26813E+04
  5.5 6.19619E+04
  6.0 7.15903E+04
  6.5 8.15867E+04
  7.0 9.19830E+04
  7.5 1.02818E+05
  8.0 1.14118E+05
  8.5 1.68390E+06
  9.0 1.37933E+05
  9.5 1.23595E+06
 10.0 1.03252E+06
 10.5 6.22264E+04
 11.0 6.66428E+04
 11.5 1.82732E+05
 12.0 5.06029E+04
 12.5 4.68736E+04
 13.0 4.95550E+04
 13.5 5.22586E+04
 14.0 5.49790E+04
 14.5 5.77074E+04
 15.0 6.04316E+04
 15.5 6.31362E+04
 16.0 6.58026E+04
 16.5 6.84102E+04
 17.0 7.09371E+04
 17.5 7.33617E+04
 18.0 7.56630E+04
 18.5 7.78220E+04
 19.0 7.98223E+04
 19.5 8.16507E+04
 20.0 8.32969E+04
 20.5 8.47541E+04
 21.0 8.60189E+04
 21.5 8.70903E+04
 22.0 8.79705E+04
 22.5 8.86638E+04
 23.0 8.91762E+04
 23.5 8.95155E+04
 24.0 8.96905E+04
 24.5 8.97108E+04
 25.0 8.95868E+04
 25.5 8.93289E+04
 26.0 8.89479E+04
 26.5 8.84541E+04
 27.0 8.78579E+04
 27.5 8.71693E+04
 28.0 8.63979E+04
 28.5 8.55527E+04
 29.0 8.46422E+04
 29.5 8.36745E+04
 30.0 8.26569E+04
 30.5 8.15965E+04
 31.0 8.04995E+04
 31.5 7.93718E+04
 32.0 7.82187E+04
 32.5 7.70451E+04
 33.0 7.58552E+04
 33.5 7.46532E+04
 34.0 7.34424E+04
 34.5 7.22262E+04
 35.0 7.10073E+04
 35.5 6.97881E+04
 36.0 6.85711E+04
 36.5 6.73581E+04
 37.0 6.61509E+04
 37.5 6.49508E+04
 38.0 6.37593E+04
 38.5 6.25773E+04
 39.0 6.14059E+04
 39.5 6.02458E+04
 40.0 5.90976E+04
 40.5 5.79619E+04
 41.0 5.68392E+04
 41.5 5.57297E+04
 42.0 5.46336E+04
 42.5 5.35512E+04
 43.0 5.24826E+04
 43.5 5.14277E+04
 44.0 5.03866E+04
 44.5 4.93592E+04
 45.0 4.83455E+04
 45.5 4.73452E+04
 46.0 4.63582E+04
 46.5 4.53844E+04
 47.0 4.44234E+04
 47.5 4.34753E+04
 48.0 4.25395E+04
 48.5 4.16160E+04
 49.0 4.07045E+04
 49.5 3.98047E+04
 50.0 3.89163E+04
 50.5 3.80391E+04
 51.0 3.71727E+04
 51.5 3.63170E+04
 52.0 3.54716E+04
 52.5 3.46364E+04
 53.0 3.38109E+04
 53.5 3.29950E+04
 54.0 3.21883E+04
 54.5 3.13907E+04
 55.0 3.06019E+04
 55.5 2.98217E+04
 56.0 2.90498E+04
 56.5 2.82860E+04
 57.0 2.75300E+04
 57.5 2.67817E+04
 58.0 4.36011E+04
 58.5 2.53073E+04
 59.0 2.45808E+04
 59.5 5.44388E+04
 60.0 2.31483E+04
 60.5 2.24419E+04
 61.0 2.17419E+04
 61.5 2.10481E+04
 62.0 2.03605E+04
 62.5 1.96788E+04
 63.0 1.90029E+04
 63.5 1.83326E+04
 64.0 1.76680E+04
 64.5 1.70089E+04
 65.0 1.63551E+04
 65.5 1.57066E+04
 66.0 1.50632E+04
 66.5 1.44250E+04
 67.0 2.37361E+04
 67.5 1.31635E+04
 68.0 1.25402E+04
 68.5 1.19217E+04
 69.0 1.39174E+04
 69.5 1.06221E+04
 70.0 9.66191E+03
 70.5 9.11530E+03
 71.0 8.56903E+03
 71.5 8.02326E+03
 72.0 7.47814E+03
 72.5 6.93384E+03
 73.0 6.39050E+03
 73.5 5.84828E+03
 74.0 5.30733E+03
 74.5 4.76780E+03
 75.0 4.22984E+03
 75.5 3.69359E+03
 76.0 3.15921E+03
 76.5 2.62684E+03
 77.0 2.09662E+03
 77.5 1.56869E+03
 78.0 1.04321E+03
 78.5 5.20302E+02
 79.0 4.32909E+01
