079K21D0W2
  0.5 0.00000E+00
  1.0 0.00000E+00
  1.5 0.00000E+00
  2.0 0.00000E+00
  2.5 0.00000E+00
  3.0 0.00000E+00
  3.5 5.39646E+04
  4.0 6.87203E+04
  4.5 8.43335E+04
  5.0 1.00867E+05
  5.5 1.18426E+05
  6.0 1.37171E+05
  6.5 1.57249E+05
  7.0 1.78640E+05
  7.5 2.01004E+05
  8.0 2.23660E+05
  8.5 3.64196E+06
  9.0 2.66294E+05
  9.5 2.17353E+06
 10.0 1.81366E+06
 10.5 1.20068E+05
 11.0 1.28702E+05
 11.5 4.15999E+05
 12.0 9.71481E+04
 12.5 8.98244E+04
 13.0 9.49861E+04
 13.5 1.00052E+05
 14.0 1.04953E+05
 14.5 1.09619E+05
 15.0 1.13986E+05
 15.5 1.17999E+05
 16.0 1.21615E+05
 16.5 1.24803E+05
 17.0 1.27544E+05
 17.5 1.29832E+05
 18.0 1.31669E+05
 18.5 1.33068E+05
 19.0 1.34046E+05
 19.5 1.34628E+05
 20.0 1.34839E+05
 20.5 1.34710E+05
 21.0 1.34271E+05
 21.5 1.33552E+05
 22.0 1.32583E+05
 22.5 1.31394E+05
 23.0 1.30011E+05
 23.5 1.28461E+05
 24.0 1.26769E+05
 24.5 1.24955E+05
 25.0 1.23041E+05
 25.5 1.21045E+05
 26.0 1.18983E+05
 26.5 1.16870E+05
 27.0 1.14719E+05
 27.5 1.12542E+05
 28.0 1.10350E+05
 28.5 1.08150E+05
 29.0 1.05952E+05
 29.5 1.03762E+05
 30.0 1.01585E+05
 30.5 9.94272E+04
 31.0 9.72920E+04
 31.5 9.51833E+04
 32.0 9.31038E+04
 32.5 9.10561E+04
 33.0 8.90419E+04
 33.5 8.70630E+04
 34.0 8.51202E+04
 34.5 8.32145E+04
 35.0 8.13464E+04
 35.5 7.95163E+04
 36.0 7.77241E+04
 36.5 7.59698E+04
 37.0 7.42531E+04
 37.5 7.25738E+04
 38.0 7.09313E+04
 38.5 6.93250E+04
 39.0 6.77542E+04
 39.5 6.62184E+04
 40.0 6.47167E+04
 40.5 6.32482E+04
 41.0 6.18123E+04
 41.5 6.04080E+04
 42.0 5.90345E+04
 42.5 5.76908E+04
 43.0 5.63761E+04
 43.5 5.50896E+04
 44.0 5.38303E+04
 44.5 5.25974E+04
 45.0 5.13900E+04
 45.5 5.02073E+04
 46.0 4.90485E+04
 46.5 4.79128E+04
 47.0 4.67992E+04
 47.5 4.57072E+04
 48.0 4.46359E+04
 48.5 4.35846E+04
 49.0 4.25526E+04
 49.5 4.15392E+04
 50.0 4.05437E+04
 50.5 3.95655E+04
 51.0 3.86040E+04
 51.5 3.76585E+04
 52.0 3.67285E+04
 52.5 3.58135E+04
 53.0 3.49128E+04
 53.5 3.40259E+04
 54.0 3.31524E+04
 54.5 3.22918E+04
 55.0 3.14436E+04
 55.5 3.06074E+04
 56.0 2.97827E+04
 56.5 2.89692E+04
 57.0 2.81665E+04
 57.5 2.73741E+04
 58.0 4.45581E+04
 58.5 2.58191E+04
 59.0 2.50559E+04
 59.5 5.55451E+04
 60.0 2.35563E+04
 60.5 2.28194E+04
 61.0 2.20907E+04
 61.5 2.13700E+04
 62.0 2.06571E+04
 62.5 1.99516E+04
 63.0 1.92535E+04
 63.5 1.85625E+04
 64.0 1.78784E+04
 64.5 1.72010E+04
 65.0 1.65302E+04
 65.5 1.58658E+04
 66.0 1.52076E+04
 66.5 1.45556E+04
 67.0 2.40103E+04
 67.5 1.32694E+04
 68.0 1.26350E+04
 68.5 1.20063E+04
 69.0 1.40305E+04
 69.5 1.07219E+04
 70.0 9.90859E+03
 70.5 9.33185E+03
 71.0 8.75785E+03
 71.5 8.18666E+03
 72.0 7.61834E+03
 72.5 7.05295E+03
 73.0 6.49054E+03
 73.5 5.93120E+03
 74.0 5.37497E+03
 74.5 4.82194E+03
 75.0 4.27216E+03
 75.5 3.72572E+03
 76.0 3.18268E+03
 76.5 2.64311E+03
 77.0 2.10710E+03
 77.5 1.57473E+03
 78.0 1.04606E+03
 78.5 5.21175E+02
 79.0 4.33364E+01
