080K07D0W2
  0.5 0.00000E+00
  1.0 0.00000E+00
  1.5 0.00000E+00
  2.0 0.00000E+00
  2.5 0.00000E+00
  3.0 0.00000E+00
  3.5 1.28785E+04
  4.0 1.77395E+04
  4.5 2.27776E+04
  5.0 2.79609E+04
  5.5 3.32760E+04
  6.0 3.87168E+04
  6.5 4.42801E+04
  7.0 4.99648E+04
  7.5 5.57714E+04
  8.0 6.17030E+04
  8.5 4.84457E+05
  9.0 7.39627E+04
  9.5 5.08266E+05
 10.0 4.27340E+05
 10.5 3.39421E+04
 11.0 3.63328E+04
 11.5 6.13066E+04
 12.0 2.76664E+04
 12.5 2.56478E+04
 13.0 2.71243E+04
 13.5 2.86033E+04
 14.0 3.00845E+04
 14.5 3.15670E+04
 15.0 3.30504E+04
 15.5 3.45336E+04
 16.0 3.60157E+04
 16.5 3.74952E+04
 17.0 3.89701E+04
 17.5 4.04378E+04
 18.0 4.18950E+04
 18.5 4.33375E+04
 19.0 4.47607E+04
 19.5 4.61590E+04
 20.0 4.75265E+04
 20.5 4.88568E+04
 21.0 5.01434E+04
 21.5 5.13798E+04
 22.0 5.25600E+04
 22.5 5.36782E+04
 23.0 5.47292E+04
 23.5 5.57085E+04
 24.0 5.66124E+04
 24.5 5.74381E+04
 25.0 5.81835E+04
 25.5 5.88473E+04
 26.0 5.94290E+04
 26.5 5.99289E+04
 27.0 6.03479E+04
 27.5 6.06873E+04
 28.0 6.09493E+04
 28.5 6.11360E+04
 29.0 6.12504E+04
 29.5 6.12954E+04
 30.0 6.12741E+04
 30.5 6.11900E+04
 31.0 6.10465E+04
 31.5 6.08471E+04
 32.0 6.05952E+04
 32.5 6.02944E+04
 33.0 5.99481E+04
 33.5 5.95597E+04
 34.0 5.91321E+04
 34.5 5.86688E+04
 35.0 5.81725E+04
 35.5 5.76460E+04
 36.0 5.70922E+04
 36.5 5.65135E+04
 37.0 5.59123E+04
 37.5 5.52909E+04
 38.0 5.46513E+04
 38.5 5.39955E+04
 39.0 5.33254E+04
 39.5 5.26426E+04
 40.0 5.19487E+04
 40.5 5.12452E+04
 41.0 5.05333E+04
 41.5 4.98144E+04
 42.0 4.90895E+04
 42.5 4.83596E+04
 43.0 4.76258E+04
 43.5 4.68888E+04
 44.0 4.61495E+04
 44.5 4.54085E+04
 45.0 4.46665E+04
 45.5 4.39241E+04
 46.0 4.31818E+04
 46.5 4.24401E+04
 47.0 4.16994E+04
 47.5 4.09600E+04
 48.0 4.02223E+04
 48.5 3.94865E+04
 49.0 3.87531E+04
 49.5 3.80221E+04
 50.0 3.72938E+04
 50.5 3.65683E+04
 51.0 3.58459E+04
 51.5 3.51266E+04
 52.0 3.44105E+04
 52.5 3.36978E+04
 53.0 3.29885E+04
 53.5 3.22827E+04
 54.0 3.15804E+04
 54.5 3.08817E+04
 55.0 3.01866E+04
 55.5 2.94952E+04
 56.0 2.88074E+04
 56.5 2.81233E+04
 57.0 2.74428E+04
 57.5 2.67660E+04
 58.0 4.58593E+04
 58.5 2.54234E+04
 59.0 2.47575E+04
 59.5 5.86079E+04
 60.0 2.34367E+04
 60.5 2.27817E+04
 61.0 2.21303E+04
 61.5 2.14825E+04
 62.0 2.08382E+04
 62.5 2.01974E+04
 63.0 1.95602E+04
 63.5 1.89265E+04
 64.0 1.82962E+04
 64.5 1.76695E+04
 65.0 1.70462E+04
 65.5 1.64264E+04
 66.0 1.58101E+04
 66.5 1.51972E+04
 67.0 2.59490E+04
 67.5 1.39818E+04
 68.0 1.33793E+04
 68.5 1.27802E+04
 69.0 1.51731E+04
 69.5 1.14366E+04
 70.0 1.01197E+04
 70.5 9.63222E+03
 71.0 9.14127E+03
 71.5 8.64710E+03
 72.0 8.14998E+03
 72.5 7.65019E+03
 73.0 7.14797E+03
 73.5 6.64358E+03
 74.0 6.13727E+03
 74.5 5.62930E+03
 75.0 5.11991E+03
 75.5 4.60934E+03
 76.0 4.09785E+03
 76.5 3.58565E+03
 77.0 3.07299E+03
 77.5 2.56010E+03
 78.0 2.04721E+03
 78.5 1.53454E+03
 79.0 1.02231E+03
 79.5 5.10736E+02
 80.0 4.25378E+01
