080K09D0W2
  0.5 0.00000E+00
  1.0 0.00000E+00
  1.5 0.00000E+00
  2.0 0.00000E+00
  2.5 0.00000E+00
  3.0 0.00000E+00
  3.5 1.82305E+04
  4.0 2.44216E+04
  4.5 3.08406E+04
  5.0 3.74673E+04
  5.5 4.42947E+04
  6.0 5.13209E+04
  6.5 5.85479E+04
  7.0 6.59811E+04
  7.5 7.36308E+04
  8.0 8.15122E+04
  8.5 9.23393E+05
  9.0 9.80199E+04
  9.5 8.07169E+05
 10.0 6.75753E+05
 10.5 4.47591E+04
 11.0 4.79023E+04
 11.5 1.03804E+05
 12.0 3.64662E+04
 12.5 3.38015E+04
 13.0 3.57315E+04
 13.5 3.76714E+04
 14.0 3.96203E+04
 14.5 4.15769E+04
 15.0 4.35393E+04
 15.5 4.55042E+04
 16.0 4.74674E+04
 16.5 4.94229E+04
 17.0 5.13631E+04
 17.5 5.32793E+04
 18.0 5.51612E+04
 18.5 5.69977E+04
 19.0 5.87774E+04
 19.5 6.04887E+04
 20.0 6.21206E+04
 20.5 6.36629E+04
 21.0 6.51062E+04
 21.5 6.64429E+04
 22.0 6.76668E+04
 22.5 6.87731E+04
 23.0 6.97587E+04
 23.5 7.06221E+04
 24.0 7.13631E+04
 24.5 7.19828E+04
 25.0 7.24836E+04
 25.5 7.28685E+04
 26.0 7.31416E+04
 26.5 7.33076E+04
 27.0 7.33716E+04
 27.5 7.33393E+04
 28.0 7.32162E+04
 28.5 7.30082E+04
 29.0 7.27214E+04
 29.5 7.23616E+04
 30.0 7.19345E+04
 30.5 7.14459E+04
 31.0 7.09009E+04
 31.5 7.03051E+04
 32.0 6.96631E+04
 32.5 6.89798E+04
 33.0 6.82596E+04
 33.5 6.75065E+04
 34.0 6.67244E+04
 34.5 6.59170E+04
 35.0 6.50876E+04
 35.5 6.42391E+04
 36.0 6.33746E+04
 36.5 6.24964E+04
 37.0 6.16071E+04
 37.5 6.07087E+04
 38.0 5.98033E+04
 38.5 5.88926E+04
 39.0 5.79782E+04
 39.5 5.70615E+04
 40.0 5.61439E+04
 40.5 5.52265E+04
 41.0 5.43103E+04
 41.5 5.33963E+04
 42.0 5.24853E+04
 42.5 5.15779E+04
 43.0 5.06748E+04
 43.5 4.97765E+04
 44.0 4.88836E+04
 44.5 4.79963E+04
 45.0 4.71151E+04
 45.5 4.62401E+04
 46.0 4.53718E+04
 46.5 4.45101E+04
 47.0 4.36554E+04
 47.5 4.28076E+04
 48.0 4.19669E+04
 48.5 4.11333E+04
 49.0 4.03069E+04
 49.5 3.94876E+04
 50.0 3.86755E+04
 50.5 3.78704E+04
 51.0 3.70724E+04
 51.5 3.62814E+04
 52.0 3.54974E+04
 52.5 3.47201E+04
 53.0 3.39497E+04
 53.5 3.31858E+04
 54.0 3.24286E+04
 54.5 3.16778E+04
 55.0 3.09334E+04
 55.5 3.01952E+04
 56.0 2.94631E+04
 56.5 2.87370E+04
 57.0 2.80169E+04
 57.5 2.73025E+04
 58.0 4.68007E+04
 58.5 2.58909E+04
 59.0 2.51933E+04
 59.5 5.97376E+04
 60.0 2.38142E+04
 60.5 2.31325E+04
 61.0 2.24559E+04
 61.5 2.17843E+04
 62.0 2.11176E+04
 62.5 2.04558E+04
 63.0 1.97987E+04
 63.5 1.91463E+04
 64.0 1.84985E+04
 64.5 1.78553E+04
 65.0 1.72166E+04
 65.5 1.65823E+04
 66.0 1.59523E+04
 66.5 1.53268E+04
 67.0 2.62387E+04
 67.5 1.40884E+04
 68.0 1.34755E+04
 68.5 1.28669E+04
 69.0 1.52927E+04
 69.5 1.15386E+04
 70.0 1.03669E+04
 70.5 9.85257E+03
 71.0 9.33663E+03
 71.5 8.81926E+03
 72.0 8.30067E+03
 72.5 7.78106E+03
 73.0 7.26066E+03
 73.5 6.73965E+03
 74.0 6.21824E+03
 74.5 5.69663E+03
 75.0 5.17501E+03
 75.5 4.65358E+03
 76.0 4.13254E+03
 76.5 3.61206E+03
 77.0 3.09234E+03
 77.5 2.57356E+03
 78.0 2.05590E+03
 78.5 1.53955E+03
 79.0 1.02468E+03
 79.5 5.11466E+02
 80.0 4.25759E+01
