080K16D0W2
  0.5 0.00000E+00
  1.0 0.00000E+00
  1.5 0.00000E+00
  2.0 0.00000E+00
  2.5 0.00000E+00
  3.0 0.00000E+00
  3.5 3.80585E+04
  4.0 4.90030E+04
  4.5 6.04766E+04
  5.0 7.24922E+04
  5.5 8.50778E+04
  6.0 9.82812E+04
  6.5 1.12175E+05
  7.0 1.26842E+05
  7.5 1.42314E+05
  8.0 1.58496E+05
  8.5 2.60791E+06
  9.0 1.91736E+05
  9.5 1.70710E+06
 10.0 1.42494E+06
 10.5 8.58026E+04
 11.0 9.20405E+04
 11.5 2.86397E+05
 12.0 6.96860E+04
 12.5 6.45157E+04
 13.0 6.82739E+04
 13.5 7.20538E+04
 14.0 7.58296E+04
 14.5 7.95690E+04
 15.0 8.32354E+04
 15.5 8.67892E+04
 16.0 9.01915E+04
 16.5 9.34051E+04
 17.0 9.63971E+04
 17.5 9.91400E+04
 18.0 1.01612E+05
 18.5 1.03799E+05
 19.0 1.05692E+05
 19.5 1.07288E+05
 20.0 1.08589E+05
 20.5 1.09603E+05
 21.0 1.10339E+05
 21.5 1.10811E+05
 22.0 1.11034E+05
 22.5 1.11026E+05
 23.0 1.10803E+05
 23.5 1.10383E+05
 24.0 1.09785E+05
 24.5 1.09027E+05
 25.0 1.08125E+05
 25.5 1.07095E+05
 26.0 1.05954E+05
 26.5 1.04715E+05
 27.0 1.03391E+05
 27.5 1.01996E+05
 28.0 1.00541E+05
 28.5 9.90357E+04
 29.0 9.74899E+04
 29.5 9.59120E+04
 30.0 9.43097E+04
 30.5 9.26898E+04
 31.0 9.10585E+04
 31.5 8.94212E+04
 32.0 8.77825E+04
 32.5 8.61468E+04
 33.0 8.45175E+04
 33.5 8.28980E+04
 34.0 8.12909E+04
 34.5 7.96986E+04
 35.0 7.81231E+04
 35.5 7.65659E+04
 36.0 7.50286E+04
 36.5 7.35122E+04
 37.0 7.20175E+04
 37.5 7.05455E+04
 38.0 6.90964E+04
 38.5 6.76707E+04
 39.0 6.62687E+04
 39.5 6.48904E+04
 40.0 6.35358E+04
 40.5 6.22050E+04
 41.0 6.08975E+04
 41.5 5.96133E+04
 42.0 5.83521E+04
 42.5 5.71135E+04
 43.0 5.58971E+04
 43.5 5.47026E+04
 44.0 5.35294E+04
 44.5 5.23772E+04
 45.0 5.12453E+04
 45.5 5.01334E+04
 46.0 4.90410E+04
 46.5 4.79674E+04
 47.0 4.69123E+04
 47.5 4.58751E+04
 48.0 4.48552E+04
 48.5 4.38523E+04
 49.0 4.28657E+04
 49.5 4.18949E+04
 50.0 4.09396E+04
 50.5 3.99992E+04
 51.0 3.90733E+04
 51.5 3.81613E+04
 52.0 3.72628E+04
 52.5 3.63775E+04
 53.0 3.55049E+04
 53.5 3.46445E+04
 54.0 3.37960E+04
 54.5 3.29590E+04
 55.0 3.21331E+04
 55.5 3.13180E+04
 56.0 3.05132E+04
 56.5 2.97186E+04
 57.0 2.89337E+04
 57.5 2.81582E+04
 58.0 4.82978E+04
 58.5 2.66344E+04
 59.0 2.58855E+04
 59.5 6.15289E+04
 60.0 2.44124E+04
 60.5 2.36878E+04
 61.0 2.29707E+04
 61.5 2.22610E+04
 62.0 2.15585E+04
 62.5 2.08630E+04
 63.0 2.01743E+04
 63.5 1.94921E+04
 64.0 1.88165E+04
 64.5 1.81471E+04
 65.0 1.74838E+04
 65.5 1.68266E+04
 66.0 1.61752E+04
 66.5 1.55295E+04
 67.0 2.66937E+04
 67.5 1.42550E+04
 68.0 1.36259E+04
 68.5 1.30021E+04
 69.0 1.54797E+04
 69.5 1.16999E+04
 70.0 1.07641E+04
 70.5 1.02058E+04
 71.0 9.64908E+03
 71.5 9.09394E+03
 72.0 8.54052E+03
 72.5 7.98891E+03
 73.0 7.43922E+03
 73.5 6.89155E+03
 74.0 6.34599E+03
 74.5 5.80264E+03
 75.0 5.26160E+03
 75.5 4.72297E+03
 76.0 4.18684E+03
 76.5 3.65333E+03
 77.0 3.12252E+03
 77.5 2.59452E+03
 78.0 2.06942E+03
 78.5 1.54734E+03
 79.0 1.02836E+03
 79.5 5.12595E+02
 80.0 4.26347E+01
