080K17D0W2
  0.5 0.00000E+00
  1.0 0.00000E+00
  1.5 0.00000E+00
  2.0 0.00000E+00
  2.5 0.00000E+00
  3.0 0.00000E+00
  3.5 4.10315E+04
  4.0 5.26855E+04
  4.5 6.49249E+04
  5.0 7.77691E+04
  5.5 9.12559E+04
  6.0 1.05449E+05
  6.5 1.20439E+05
  7.0 1.36315E+05
  7.5 1.53081E+05
  8.0 1.70566E+05
  8.5 2.82922E+06
  9.0 2.06028E+05
  9.5 1.81214E+06
 10.0 1.51246E+06
 10.5 9.21571E+04
 11.0 9.88780E+04
 11.5 3.12698E+05
 12.0 7.48044E+04
 12.5 6.92396E+04
 13.0 7.32816E+04
 13.5 7.73357E+04
 14.0 8.13682E+04
 14.5 8.53390E+04
 15.0 8.92045E+04
 15.5 9.29197E+04
 16.0 9.64416E+04
 16.5 9.97316E+04
 17.0 1.02756E+05
 17.5 1.05490E+05
 18.0 1.07914E+05
 18.5 1.10018E+05
 19.0 1.11796E+05
 19.5 1.13250E+05
 20.0 1.14387E+05
 20.5 1.15219E+05
 21.0 1.15759E+05
 21.5 1.16026E+05
 22.0 1.16037E+05
 22.5 1.15812E+05
 23.0 1.15373E+05
 23.5 1.14737E+05
 24.0 1.13926E+05
 24.5 1.12959E+05
 25.0 1.11853E+05
 25.5 1.10626E+05
 26.0 1.09294E+05
 26.5 1.07872E+05
 27.0 1.06373E+05
 27.5 1.04810E+05
 28.0 1.03195E+05
 28.5 1.01538E+05
 29.0 9.98473E+04
 29.5 9.81325E+04
 30.0 9.64006E+04
 30.5 9.46582E+04
 31.0 9.29111E+04
 31.5 9.11645E+04
 32.0 8.94228E+04
 32.5 8.76899E+04
 33.0 8.59692E+04
 33.5 8.42636E+04
 34.0 8.25755E+04
 34.5 8.09069E+04
 35.0 7.92596E+04
 35.5 7.76350E+04
 36.0 7.60343E+04
 36.5 7.44582E+04
 37.0 7.29075E+04
 37.5 7.13826E+04
 38.0 6.98840E+04
 38.5 6.84117E+04
 39.0 6.69658E+04
 39.5 6.55463E+04
 40.0 6.41529E+04
 40.5 6.27855E+04
 41.0 6.14438E+04
 41.5 6.01273E+04
 42.0 5.88357E+04
 42.5 5.75685E+04
 43.0 5.63252E+04
 43.5 5.51053E+04
 44.0 5.39083E+04
 44.5 5.27335E+04
 45.0 5.15806E+04
 45.5 5.04487E+04
 46.0 4.93375E+04
 46.5 4.82462E+04
 47.0 4.71744E+04
 47.5 4.61215E+04
 48.0 4.50868E+04
 48.5 4.40699E+04
 49.0 4.30701E+04
 49.5 4.20870E+04
 50.0 4.11200E+04
 50.5 4.01685E+04
 51.0 3.92322E+04
 51.5 3.83104E+04
 52.0 3.74027E+04
 52.5 3.65086E+04
 53.0 3.56277E+04
 53.5 3.47596E+04
 54.0 3.39038E+04
 54.5 3.30598E+04
 55.0 3.22274E+04
 55.5 3.14062E+04
 56.0 3.05956E+04
 56.5 2.97955E+04
 57.0 2.90055E+04
 57.5 2.82251E+04
 58.0 4.84147E+04
 58.5 2.66925E+04
 59.0 2.59395E+04
 59.5 6.16685E+04
 60.0 2.44591E+04
 60.5 2.37310E+04
 61.0 2.30108E+04
 61.5 2.22981E+04
 62.0 2.15928E+04
 62.5 2.08946E+04
 63.0 2.02034E+04
 63.5 1.95190E+04
 64.0 1.88411E+04
 64.5 1.81697E+04
 65.0 1.75045E+04
 65.5 1.68455E+04
 66.0 1.61924E+04
 66.5 1.55452E+04
 67.0 2.67289E+04
 67.5 1.42679E+04
 68.0 1.36375E+04
 68.5 1.30125E+04
 69.0 1.54941E+04
 69.5 1.17125E+04
 70.0 1.07954E+04
 70.5 1.02336E+04
 71.0 9.67358E+03
 71.5 9.11544E+03
 72.0 8.55926E+03
 72.5 8.00513E+03
 73.0 7.45314E+03
 73.5 6.90337E+03
 74.0 6.35592E+03
 74.5 5.81087E+03
 75.0 5.26831E+03
 75.5 4.72834E+03
 76.0 4.19104E+03
 76.5 3.65651E+03
 77.0 3.12485E+03
 77.5 2.59613E+03
 78.0 2.07046E+03
 78.5 1.54793E+03
 79.0 1.02864E+03
 79.5 5.12681E+02
 80.0 4.26392E+01
