080K13D0W2
  0.5 0.00000E+00
  1.0 0.00000E+00
  1.5 0.00000E+00
  2.0 0.00000E+00
  2.5 0.00000E+00
  3.0 0.00000E+00
  3.5 2.93593E+04
  4.0 3.82291E+04
  4.5 4.74791E+04
  5.0 5.71066E+04
  5.5 6.71189E+04
  6.0 7.75328E+04
  6.5 8.83769E+04
  7.0 9.96941E+04
  7.5 1.11531E+05
  8.0 1.23908E+05
  8.5 1.90369E+06
  9.0 1.49965E+05
  9.5 1.35774E+06
 10.0 1.13391E+06
 10.5 6.75216E+04
 11.0 7.23521E+04
 11.5 2.06306E+05
 12.0 5.49248E+04
 12.5 5.08809E+04
 13.0 5.38122E+04
 13.5 5.67705E+04
 14.0 5.97475E+04
 14.5 6.27308E+04
 15.0 6.57041E+04
 15.5 6.86468E+04
 16.0 7.15358E+04
 16.5 7.43458E+04
 17.0 7.70512E+04
 17.5 7.96272E+04
 18.0 8.20509E+04
 18.5 8.43023E+04
 19.0 8.63650E+04
 19.5 8.82262E+04
 20.0 8.98772E+04
 20.5 9.13131E+04
 21.0 9.25324E+04
 21.5 9.35371E+04
 22.0 9.43315E+04
 22.5 9.49225E+04
 23.0 9.53189E+04
 23.5 9.55306E+04
 24.0 9.55687E+04
 24.5 9.54449E+04
 25.0 9.51714E+04
 25.5 9.47602E+04
 26.0 9.42235E+04
 26.5 9.35730E+04
 27.0 9.28203E+04
 27.5 9.19761E+04
 28.0 9.10508E+04
 28.5 9.00540E+04
 29.0 8.89950E+04
 29.5 8.78821E+04
 30.0 8.67231E+04
 30.5 8.55252E+04
 31.0 8.42948E+04
 31.5 8.30381E+04
 32.0 8.17602E+04
 32.5 8.04663E+04
 33.0 7.91605E+04
 33.5 7.78470E+04
 34.0 7.65291E+04
 34.5 7.52099E+04
 35.0 7.38923E+04
 35.5 7.25786E+04
 36.0 7.12710E+04
 36.5 6.99713E+04
 37.0 6.86811E+04
 37.5 6.74017E+04
 38.0 6.61344E+04
 38.5 6.48801E+04
 39.0 6.36396E+04
 39.5 6.24135E+04
 40.0 6.12025E+04
 40.5 6.00069E+04
 41.0 5.88270E+04
 41.5 5.76631E+04
 42.0 5.65152E+04
 42.5 5.53835E+04
 43.0 5.42679E+04
 43.5 5.31684E+04
 44.0 5.20848E+04
 44.5 5.10171E+04
 45.0 4.99650E+04
 45.5 4.89283E+04
 46.0 4.79067E+04
 46.5 4.69001E+04
 47.0 4.59081E+04
 47.5 4.49305E+04
 48.0 4.39668E+04
 48.5 4.30169E+04
 49.0 4.20804E+04
 49.5 4.11569E+04
 50.0 4.02462E+04
 50.5 3.93479E+04
 51.0 3.84617E+04
 51.5 3.75872E+04
 52.0 3.67241E+04
 52.5 3.58722E+04
 53.0 3.50311E+04
 53.5 3.42005E+04
 54.0 3.33801E+04
 54.5 3.25696E+04
 55.0 3.17687E+04
 55.5 3.09772E+04
 56.0 3.01947E+04
 56.5 2.94210E+04
 57.0 2.86559E+04
 57.5 2.78991E+04
 58.0 4.78450E+04
 58.5 2.64095E+04
 59.0 2.56763E+04
 59.5 6.09878E+04
 60.0 2.42318E+04
 60.5 2.35202E+04
 61.0 2.28154E+04
 61.5 2.21173E+04
 62.0 2.14256E+04
 62.5 2.07403E+04
 63.0 2.00612E+04
 63.5 1.93880E+04
 64.0 1.87208E+04
 64.5 1.80593E+04
 65.0 1.74035E+04
 65.5 1.67531E+04
 66.0 1.61082E+04
 66.5 1.54686E+04
 67.0 2.65569E+04
 67.5 1.42050E+04
 68.0 1.35808E+04
 68.5 1.29615E+04
 69.0 1.54235E+04
 69.5 1.16513E+04
 70.0 1.06434E+04
 70.5 1.00986E+04
 71.0 9.55436E+03
 71.5 9.01076E+03
 72.0 8.46796E+03
 72.5 7.92609E+03
 73.0 7.38530E+03
 73.5 6.84572E+03
 74.0 6.30748E+03
 74.5 5.77071E+03
 75.0 5.23554E+03
 75.5 4.70211E+03
 76.0 4.17053E+03
 76.5 3.64094E+03
 77.0 3.11347E+03
 77.5 2.58824E+03
 78.0 2.06537E+03
 78.5 1.54501E+03
 79.0 1.02726E+03
 79.5 5.12257E+02
 80.0 4.26171E+01
