080K12D0W2
  0.5 0.00000E+00
  1.0 0.00000E+00
  1.5 0.00000E+00
  2.0 0.00000E+00
  2.5 0.00000E+00
  3.0 0.00000E+00
  3.5 2.65279E+04
  4.0 3.47210E+04
  4.5 4.32511E+04
  5.0 5.21109E+04
  5.5 6.13035E+04
  6.0 7.08391E+04
  6.5 8.07365E+04
  7.0 9.10259E+04
  7.5 1.01746E+05
  8.0 1.12924E+05
  8.5 1.65851E+06
  9.0 1.36523E+05
  9.5 1.22902E+06
 10.0 1.02672E+06
 10.5 6.16717E+04
 11.0 6.60570E+04
 11.5 1.79685E+05
 12.0 5.01892E+04
 12.5 4.65024E+04
 13.0 4.91712E+04
 13.5 5.18636E+04
 14.0 5.45748E+04
 14.5 5.72968E+04
 15.0 6.00188E+04
 15.5 6.27260E+04
 16.0 6.54010E+04
 16.5 6.80238E+04
 17.0 7.05730E+04
 17.5 7.30273E+04
 18.0 7.53654E+04
 18.5 7.75681E+04
 19.0 7.96185E+04
 19.5 8.15024E+04
 20.0 8.32087E+04
 20.5 8.47298E+04
 21.0 8.60609E+04
 21.5 8.72005E+04
 22.0 8.81496E+04
 22.5 8.89116E+04
 23.0 8.94920E+04
 23.5 8.98977E+04
 24.0 9.01372E+04
 24.5 9.02195E+04
 25.0 9.01547E+04
 25.5 8.99530E+04
 26.0 8.96247E+04
 26.5 8.91803E+04
 27.0 8.86301E+04
 27.5 8.79840E+04
 28.0 8.72517E+04
 28.5 8.64422E+04
 29.0 8.55641E+04
 29.5 8.46258E+04
 30.0 8.36346E+04
 30.5 8.25977E+04
 31.0 8.15215E+04
 31.5 8.04121E+04
 32.0 7.92749E+04
 32.5 7.81150E+04
 33.0 7.69368E+04
 33.5 7.57446E+04
 34.0 7.45419E+04
 34.5 7.33322E+04
 35.0 7.21183E+04
 35.5 7.09030E+04
 36.0 6.96886E+04
 36.5 6.84771E+04
 37.0 6.72705E+04
 37.5 6.60702E+04
 38.0 6.48776E+04
 38.5 6.36940E+04
 39.0 6.25204E+04
 39.5 6.13575E+04
 40.0 6.02062E+04
 40.5 5.90671E+04
 41.0 5.79406E+04
 41.5 5.68270E+04
 42.0 5.57268E+04
 42.5 5.46401E+04
 43.0 5.35670E+04
 43.5 5.25077E+04
 44.0 5.14621E+04
 44.5 5.04302E+04
 45.0 4.94119E+04
 45.5 4.84072E+04
 46.0 4.74160E+04
 46.5 4.64379E+04
 47.0 4.54729E+04
 47.5 4.45208E+04
 48.0 4.35812E+04
 48.5 4.26541E+04
 49.0 4.17390E+04
 49.5 4.08359E+04
 50.0 3.99444E+04
 50.5 3.90642E+04
 51.0 3.81952E+04
 51.5 3.73369E+04
 52.0 3.64891E+04
 52.5 3.56517E+04
 53.0 3.48242E+04
 53.5 3.40065E+04
 54.0 3.31983E+04
 54.5 3.23993E+04
 55.0 3.16093E+04
 55.5 3.08280E+04
 56.0 3.00552E+04
 56.5 2.92907E+04
 57.0 2.85342E+04
 57.5 2.77856E+04
 58.0 4.76464E+04
 58.5 2.63109E+04
 59.0 2.55845E+04
 59.5 6.07503E+04
 60.0 2.41525E+04
 60.5 2.34466E+04
 61.0 2.27472E+04
 61.5 2.20541E+04
 62.0 2.13672E+04
 62.5 2.06864E+04
 63.0 2.00114E+04
 63.5 1.93422E+04
 64.0 1.86787E+04
 64.5 1.80207E+04
 65.0 1.73681E+04
 65.5 1.67208E+04
 66.0 1.60787E+04
 66.5 1.54418E+04
 67.0 2.64966E+04
 67.5 1.41829E+04
 68.0 1.35609E+04
 68.5 1.29436E+04
 69.0 1.53988E+04
 69.5 1.16299E+04
 70.0 1.05907E+04
 70.5 1.00517E+04
 71.0 9.51288E+03
 71.5 8.97430E+03
 72.0 8.43613E+03
 72.5 7.89852E+03
 73.0 7.36163E+03
 73.5 6.82559E+03
 74.0 6.29056E+03
 74.5 5.75667E+03
 75.0 5.22408E+03
 75.5 4.69292E+03
 76.0 4.16334E+03
 76.5 3.63548E+03
 77.0 3.10948E+03
 77.5 2.58547E+03
 78.0 2.06359E+03
 78.5 1.54398E+03
 79.0 1.02677E+03
 79.5 5.12108E+02
 80.0 4.26093E+01
