080K18D0W2
  0.5 0.00000E+00
  1.0 0.00000E+00
  1.5 0.00000E+00
  2.0 0.00000E+00
  2.5 0.00000E+00
  3.0 0.00000E+00
  3.5 4.40441E+04
  4.0 5.64184E+04
  4.5 6.94375E+04
  5.0 8.31286E+04
  5.5 9.75414E+04
  6.0 1.12757E+05
  6.5 1.28887E+05
  7.0 1.46018E+05
  7.5 1.64109E+05
  8.0 1.82895E+05
  8.5 3.04324E+06
  9.0 2.20446E+05
  9.5 1.91201E+06
 10.0 1.59568E+06
 10.5 9.86479E+04
 11.0 1.05853E+05
 11.5 3.38663E+05
 12.0 8.00267E+04
 12.5 7.40578E+04
 13.0 7.83842E+04
 13.5 8.27084E+04
 14.0 8.69879E+04
 14.5 9.11748E+04
 15.0 9.52189E+04
 15.5 9.90705E+04
 16.0 1.02684E+05
 16.5 1.06021E+05
 17.0 1.09048E+05
 17.5 1.11743E+05
 18.0 1.14090E+05
 18.5 1.16083E+05
 19.0 1.17723E+05
 19.5 1.19014E+05
 20.0 1.19970E+05
 20.5 1.20605E+05
 21.0 1.20939E+05
 21.5 1.20992E+05
 22.0 1.20785E+05
 22.5 1.20341E+05
 23.0 1.19683E+05
 23.5 1.18832E+05
 24.0 1.17811E+05
 24.5 1.16638E+05
 25.0 1.15334E+05
 25.5 1.13915E+05
 26.0 1.12399E+05
 26.5 1.10801E+05
 27.0 1.09134E+05
 27.5 1.07411E+05
 28.0 1.05644E+05
 28.5 1.03842E+05
 29.0 1.02016E+05
 29.5 1.00172E+05
 30.0 9.83186E+04
 30.5 9.64615E+04
 31.0 9.46063E+04
 31.5 9.27579E+04
 32.0 9.09204E+04
 32.5 8.90974E+04
 33.0 8.72921E+04
 33.5 8.55068E+04
 34.0 8.37439E+04
 34.5 8.20051E+04
 35.0 8.02918E+04
 35.5 7.86052E+04
 36.0 7.69462E+04
 36.5 7.53154E+04
 37.0 7.37133E+04
 37.5 7.21403E+04
 38.0 7.05963E+04
 38.5 6.90815E+04
 39.0 6.75956E+04
 39.5 6.61385E+04
 40.0 6.47099E+04
 40.5 6.33093E+04
 41.0 6.19363E+04
 41.5 6.05905E+04
 42.0 5.92714E+04
 42.5 5.79782E+04
 43.0 5.67105E+04
 43.5 5.54677E+04
 44.0 5.42491E+04
 44.5 5.30540E+04
 45.0 5.18819E+04
 45.5 5.07321E+04
 46.0 4.96039E+04
 46.5 4.84967E+04
 47.0 4.74098E+04
 47.5 4.63427E+04
 48.0 4.52947E+04
 48.5 4.42652E+04
 49.0 4.32535E+04
 49.5 4.22593E+04
 50.0 4.12817E+04
 50.5 4.03203E+04
 51.0 3.93746E+04
 51.5 3.84440E+04
 52.0 3.75280E+04
 52.5 3.66261E+04
 53.0 3.57378E+04
 53.5 3.48627E+04
 54.0 3.40003E+04
 54.5 3.31501E+04
 55.0 3.23119E+04
 55.5 3.14851E+04
 56.0 3.06694E+04
 56.5 2.98644E+04
 57.0 2.90697E+04
 57.5 2.82850E+04
 58.0 4.85193E+04
 58.5 2.67444E+04
 59.0 2.59879E+04
 59.5 6.17934E+04
 60.0 2.45007E+04
 60.5 2.37697E+04
 61.0 2.30466E+04
 61.5 2.23312E+04
 62.0 2.16234E+04
 62.5 2.09229E+04
 63.0 2.02295E+04
 63.5 1.95429E+04
 64.0 1.88631E+04
 64.5 1.81899E+04
 65.0 1.75230E+04
 65.5 1.68624E+04
 66.0 1.62078E+04
 66.5 1.55592E+04
 67.0 2.67604E+04
 67.5 1.42794E+04
 68.0 1.36479E+04
 68.5 1.30219E+04
 69.0 1.55070E+04
 69.5 1.17237E+04
 70.0 1.08234E+04
 70.5 1.02584E+04
 71.0 9.69550E+03
 71.5 9.13468E+03
 72.0 8.57603E+03
 72.5 8.01964E+03
 73.0 7.46558E+03
 73.5 6.91394E+03
 74.0 6.36479E+03
 74.5 5.81822E+03
 75.0 5.27431E+03
 75.5 4.73314E+03
 76.0 4.19479E+03
 76.5 3.65936E+03
 77.0 3.12692E+03
 77.5 2.59757E+03
 78.0 2.07139E+03
 78.5 1.54847E+03
 79.0 1.02889E+03
 79.5 5.12759E+02
 80.0 4.26432E+01
