080K22D0W2
  0.5 0.00000E+00
  1.0 0.00000E+00
  1.5 0.00000E+00
  2.0 0.00000E+00
  2.5 0.00000E+00
  3.0 0.00000E+00
  3.5 5.65394E+04
  4.0 7.19189E+04
  4.5 8.82184E+04
  5.0 1.05511E+05
  5.5 1.23919E+05
  6.0 1.43622E+05
  6.5 1.64773E+05
  7.0 1.87318E+05
  7.5 2.10841E+05
  8.0 2.34569E+05
  8.5 3.82763E+06
  9.0 2.78792E+05
  9.5 2.26652E+06
 10.0 1.89107E+06
 10.5 1.25998E+05
 11.0 1.35062E+05
 11.5 4.38500E+05
 12.0 1.01977E+05
 12.5 9.43001E+04
 13.0 9.97269E+04
 13.5 1.05038E+05
 14.0 1.10158E+05
 14.5 1.15012E+05
 15.0 1.19533E+05
 15.5 1.23666E+05
 16.0 1.27367E+05
 16.5 1.30606E+05
 17.0 1.33367E+05
 17.5 1.35646E+05
 18.0 1.37450E+05
 18.5 1.38793E+05
 19.0 1.39696E+05
 19.5 1.40188E+05
 20.0 1.40296E+05
 20.5 1.40055E+05
 21.0 1.39495E+05
 21.5 1.38649E+05
 22.0 1.37550E+05
 22.5 1.36228E+05
 23.0 1.34712E+05
 23.5 1.33028E+05
 24.0 1.31203E+05
 24.5 1.29258E+05
 25.0 1.27214E+05
 25.5 1.25091E+05
 26.0 1.22905E+05
 26.5 1.20671E+05
 27.0 1.18403E+05
 27.5 1.16112E+05
 28.0 1.13810E+05
 28.5 1.11504E+05
 29.0 1.09202E+05
 29.5 1.06913E+05
 30.0 1.04640E+05
 30.5 1.02390E+05
 31.0 1.00166E+05
 31.5 9.79724E+04
 32.0 9.58110E+04
 32.5 9.36845E+04
 33.0 9.15948E+04
 33.5 8.95432E+04
 34.0 8.75308E+04
 34.5 8.55584E+04
 35.0 8.36263E+04
 35.5 8.17347E+04
 36.0 7.98837E+04
 36.5 7.80731E+04
 37.0 7.63025E+04
 37.5 7.45715E+04
 38.0 7.28795E+04
 38.5 7.12258E+04
 39.0 6.96098E+04
 39.5 6.80307E+04
 40.0 6.64875E+04
 40.5 6.49795E+04
 41.0 6.35057E+04
 41.5 6.20652E+04
 42.0 6.06572E+04
 42.5 5.92806E+04
 43.0 5.79344E+04
 43.5 5.66179E+04
 44.0 5.53300E+04
 44.5 5.40698E+04
 45.0 5.28365E+04
 45.5 5.16291E+04
 46.0 5.04467E+04
 46.5 4.92885E+04
 47.0 4.81537E+04
 47.5 4.70414E+04
 48.0 4.59509E+04
 48.5 4.48814E+04
 49.0 4.38321E+04
 49.5 4.28024E+04
 50.0 4.17914E+04
 50.5 4.07985E+04
 51.0 3.98231E+04
 51.5 3.88645E+04
 52.0 3.79222E+04
 52.5 3.69955E+04
 53.0 3.60838E+04
 53.5 3.51867E+04
 54.0 3.43035E+04
 54.5 3.34338E+04
 55.0 3.25771E+04
 55.5 3.17330E+04
 56.0 3.09009E+04
 56.5 3.00805E+04
 57.0 2.92713E+04
 57.5 2.84729E+04
 58.0 4.88473E+04
 58.5 2.69073E+04
 59.0 2.61393E+04
 59.5 6.21847E+04
 60.0 2.46314E+04
 60.5 2.38908E+04
 61.0 2.31588E+04
 61.5 2.24350E+04
 62.0 2.17193E+04
 62.5 2.10114E+04
 63.0 2.03110E+04
 63.5 1.96180E+04
 64.0 1.89321E+04
 64.5 1.82531E+04
 65.0 1.75809E+04
 65.5 1.69152E+04
 66.0 1.62560E+04
 66.5 1.56030E+04
 67.0 2.68589E+04
 67.5 1.43153E+04
 68.0 1.36803E+04
 68.5 1.30510E+04
 69.0 1.55474E+04
 69.5 1.17588E+04
 70.0 1.09112E+04
 70.5 1.03364E+04
 71.0 9.76429E+03
 71.5 9.19502E+03
 72.0 8.62861E+03
 72.5 8.06511E+03
 73.0 7.50457E+03
 73.5 6.94704E+03
 74.0 6.39257E+03
 74.5 5.84123E+03
 75.0 5.29307E+03
 75.5 4.74814E+03
 76.0 4.20652E+03
 76.5 3.66826E+03
 77.0 3.13342E+03
 77.5 2.60207E+03
 78.0 2.07429E+03
 78.5 1.55014E+03
 79.0 1.02968E+03
 79.5 5.13000E+02
 80.0 4.26557E+01
