081K06D0W2
  0.5 0.00000E+00
  1.0 0.00000E+00
  1.5 0.00000E+00
  2.0 0.00000E+00
  2.5 0.00000E+00
  3.0 0.00000E+00
  3.5 1.01294E+04
  4.0 1.42779E+04
  4.5 1.85882E+04
  5.0 2.30193E+04
  5.5 2.75540E+04
  6.0 3.21840E+04
  6.5 3.69046E+04
  7.0 4.17128E+04
  7.5 4.66070E+04
  8.0 5.15866E+04
  8.5 2.91686E+05
  9.0 6.18071E+04
  9.5 3.53663E+05
 10.0 2.98911E+05
 10.5 2.84072E+04
 11.0 3.04300E+04
 11.5 4.32564E+04
 12.0 2.31721E+04
 12.5 2.14856E+04
 13.0 2.27408E+04
 13.5 2.39965E+04
 14.0 2.52521E+04
 14.5 2.65072E+04
 15.0 2.77614E+04
 15.5 2.90139E+04
 16.0 3.02643E+04
 16.5 3.15118E+04
 17.0 3.27556E+04
 17.5 3.39948E+04
 18.0 3.52280E+04
 18.5 3.64534E+04
 19.0 3.76691E+04
 19.5 3.88726E+04
 20.0 4.00606E+04
 20.5 4.12300E+04
 21.0 4.23766E+04
 21.5 4.34965E+04
 22.0 4.45852E+04
 22.5 4.56383E+04
 23.0 4.66514E+04
 23.5 4.76202E+04
 24.0 4.85408E+04
 24.5 4.94096E+04
 25.0 5.02232E+04
 25.5 5.09791E+04
 26.0 5.16750E+04
 26.5 5.23093E+04
 27.0 5.28809E+04
 27.5 5.33891E+04
 28.0 5.38337E+04
 28.5 5.42152E+04
 29.0 5.45343E+04
 29.5 5.47920E+04
 30.0 5.49897E+04
 30.5 5.51292E+04
 31.0 5.52124E+04
 31.5 5.52414E+04
 32.0 5.52183E+04
 32.5 5.51457E+04
 33.0 5.50258E+04
 33.5 5.48612E+04
 34.0 5.46542E+04
 34.5 5.44075E+04
 35.0 5.41234E+04
 35.5 5.38042E+04
 36.0 5.34524E+04
 36.5 5.30702E+04
 37.0 5.26597E+04
 37.5 5.22231E+04
 38.0 5.17623E+04
 38.5 5.12793E+04
 39.0 5.07759E+04
 39.5 5.02537E+04
 40.0 4.97145E+04
 40.5 4.91597E+04
 41.0 4.85907E+04
 41.5 4.80090E+04
 42.0 4.74157E+04
 42.5 4.68120E+04
 43.0 4.61991E+04
 43.5 4.55780E+04
 44.0 4.49495E+04
 44.5 4.43146E+04
 45.0 4.36740E+04
 45.5 4.30286E+04
 46.0 4.23790E+04
 46.5 4.17258E+04
 47.0 4.10696E+04
 47.5 4.04111E+04
 48.0 3.97505E+04
 48.5 3.90884E+04
 49.0 3.84253E+04
 49.5 3.77614E+04
 50.0 3.70972E+04
 50.5 3.64328E+04
 51.0 3.57687E+04
 51.5 3.51051E+04
 52.0 3.44422E+04
 52.5 3.37801E+04
 53.0 3.31192E+04
 53.5 3.24595E+04
 54.0 3.18013E+04
 54.5 3.11446E+04
 55.0 3.04897E+04
 55.5 2.98365E+04
 56.0 2.91852E+04
 56.5 2.85359E+04
 57.0 2.78887E+04
 57.5 2.72436E+04
 58.0 4.89478E+04
 58.5 2.59602E+04
 59.0 2.53219E+04
 59.5 6.37664E+04
 60.0 2.40525E+04
 60.5 2.34214E+04
 61.0 2.27929E+04
 61.5 2.21668E+04
 62.0 2.15433E+04
 62.5 2.09224E+04
 63.0 2.03040E+04
 63.5 1.96883E+04
 64.0 1.90752E+04
 64.5 1.84648E+04
 65.0 1.78571E+04
 65.5 1.72521E+04
 66.0 1.66499E+04
 66.5 1.60503E+04
 67.0 2.84102E+04
 67.5 1.48597E+04
 68.0 1.42686E+04
 68.5 1.36803E+04
 69.0 1.65079E+04
 69.5 1.22991E+04
 70.0 1.07171E+04
 70.5 1.02635E+04
 71.0 9.80492E+03
 71.5 9.34157E+03
 72.0 8.87374E+03
 72.5 8.40172E+03
 73.0 7.92580E+03
 73.5 7.44626E+03
 74.0 6.96338E+03
 74.5 6.47742E+03
 75.0 5.98867E+03
 75.5 5.49739E+03
 76.0 5.00384E+03
 76.5 4.50829E+03
 77.0 4.01100E+03
 77.5 3.51222E+03
 78.0 3.01222E+03
 78.5 2.51122E+03
 79.0 2.00949E+03
 79.5 1.50727E+03
 80.0 1.00479E+03
 80.5 5.02298E+02
 81.0 4.18505E+01
