081K15D0W2
  0.5 0.00000E+00
  1.0 0.00000E+00
  1.5 0.00000E+00
  2.0 0.00000E+00
  2.5 0.00000E+00
  3.0 0.00000E+00
  3.5 3.47132E+04
  4.0 4.48607E+04
  4.5 5.54794E+04
  5.0 6.65756E+04
  5.5 7.81676E+04
  6.0 9.02884E+04
  6.5 1.02991E+05
  7.0 1.16343E+05
  7.5 1.30399E+05
  8.0 1.45133E+05
  8.5 2.35899E+06
  9.0 1.75847E+05
  9.5 1.59464E+06
 10.0 1.33118E+06
 10.5 7.88609E+04
 11.0 8.45805E+04
 11.5 2.56782E+05
 12.0 6.41332E+04
 12.5 5.94036E+04
 13.0 6.28647E+04
 13.5 6.63566E+04
 14.0 6.98621E+04
 14.5 7.33579E+04
 15.0 7.68159E+04
 15.5 8.02041E+04
 16.0 8.34886E+04
 16.5 8.66358E+04
 17.0 8.96133E+04
 17.5 9.23929E+04
 18.0 9.49503E+04
 18.5 9.72664E+04
 19.0 9.93276E+04
 19.5 1.01126E+05
 20.0 1.02657E+05
 20.5 1.03923E+05
 21.0 1.04929E+05
 21.5 1.05683E+05
 22.0 1.06195E+05
 22.5 1.06479E+05
 23.0 1.06549E+05
 23.5 1.06419E+05
 24.0 1.06106E+05
 24.5 1.05625E+05
 25.0 1.04991E+05
 25.5 1.04220E+05
 26.0 1.03327E+05
 26.5 1.02324E+05
 27.0 1.01226E+05
 27.5 1.00045E+05
 28.0 9.87913E+04
 28.5 9.74761E+04
 29.0 9.61090E+04
 29.5 9.46989E+04
 30.0 9.32537E+04
 30.5 9.17808E+04
 31.0 9.02867E+04
 31.5 8.87772E+04
 32.0 8.72576E+04
 32.5 8.57326E+04
 33.0 8.42063E+04
 33.5 8.26823E+04
 34.0 8.11638E+04
 34.5 7.96536E+04
 35.0 7.81541E+04
 35.5 7.66673E+04
 36.0 7.51950E+04
 36.5 7.37388E+04
 37.0 7.22998E+04
 37.5 7.08790E+04
 38.0 6.94774E+04
 38.5 6.80955E+04
 39.0 6.67339E+04
 39.5 6.53928E+04
 40.0 6.40726E+04
 40.5 6.27734E+04
 41.0 6.14953E+04
 41.5 6.02380E+04
 42.0 5.90017E+04
 42.5 5.77860E+04
 43.0 5.65908E+04
 43.5 5.54158E+04
 44.0 5.42607E+04
 44.5 5.31250E+04
 45.0 5.20086E+04
 45.5 5.09110E+04
 46.0 4.98317E+04
 46.5 4.87703E+04
 47.0 4.77265E+04
 47.5 4.66998E+04
 48.0 4.56897E+04
 48.5 4.46958E+04
 49.0 4.37177E+04
 49.5 4.27548E+04
 50.0 4.18069E+04
 50.5 4.08734E+04
 51.0 3.99540E+04
 51.5 3.90481E+04
 52.0 3.81555E+04
 52.5 3.72756E+04
 53.0 3.64081E+04
 53.5 3.55527E+04
 54.0 3.47088E+04
 54.5 3.38763E+04
 55.0 3.30547E+04
 55.5 3.22437E+04
 56.0 3.14429E+04
 56.5 3.06521E+04
 57.0 2.98708E+04
 57.5 2.90989E+04
 58.0 5.24530E+04
 58.5 2.75820E+04
 59.0 2.68364E+04
 59.5 6.80888E+04
 60.0 2.53696E+04
 60.5 2.46480E+04
 61.0 2.39340E+04
 61.5 2.32272E+04
 62.0 2.25275E+04
 62.5 2.18348E+04
 63.0 2.11488E+04
 63.5 2.04694E+04
 64.0 1.97964E+04
 64.5 1.91295E+04
 65.0 1.84688E+04
 65.5 1.78140E+04
 66.0 1.71650E+04
 66.5 1.65217E+04
 67.0 2.95324E+04
 67.5 1.52516E+04
 68.0 1.46246E+04
 68.5 1.40028E+04
 69.0 1.69674E+04
 69.5 1.26850E+04
 70.0 1.16582E+04
 70.5 1.11099E+04
 71.0 1.05628E+04
 71.5 1.00167E+04
 72.0 9.47198E+03
 72.5 8.92860E+03
 73.0 8.38669E+03
 73.5 7.84635E+03
 74.0 7.30769E+03
 74.5 6.77080E+03
 75.0 6.23581E+03
 75.5 5.70279E+03
 76.0 5.17187E+03
 76.5 4.64314E+03
 77.0 4.11670E+03
 77.5 3.59266E+03
 78.0 3.07112E+03
 78.5 2.55218E+03
 79.0 2.03595E+03
 79.5 1.52253E+03
 80.0 1.01201E+03
 80.5 5.04516E+02
 81.0 4.19661E+01
