081K12D0W2
  0.5 0.00000E+00
  1.0 0.00000E+00
  1.5 0.00000E+00
  2.0 0.00000E+00
  2.5 0.00000E+00
  3.0 0.00000E+00
  3.5 2.62091E+04
  4.0 3.43260E+04
  4.5 4.27771E+04
  5.0 5.15548E+04
  5.5 6.06614E+04
  6.0 7.01065E+04
  6.5 7.99075E+04
  7.0 9.00931E+04
  7.5 1.00701E+05
  8.0 1.11761E+05
  8.5 1.63274E+06
  9.0 1.35142E+05
  9.5 1.22165E+06
 10.0 1.02056E+06
 10.5 6.11287E+04
 11.0 6.54831E+04
 11.5 1.76640E+05
 12.0 4.97833E+04
 12.5 4.61380E+04
 13.0 4.87939E+04
 13.5 5.14748E+04
 14.0 5.41763E+04
 14.5 5.68914E+04
 15.0 5.96099E+04
 15.5 6.23184E+04
 16.0 6.50001E+04
 16.5 6.76360E+04
 17.0 7.02053E+04
 17.5 7.26866E+04
 18.0 7.50590E+04
 18.5 7.73029E+04
 19.0 7.94008E+04
 19.5 8.13378E+04
 20.0 8.31021E+04
 20.5 8.46849E+04
 21.0 8.60808E+04
 21.5 8.72870E+04
 22.0 8.83038E+04
 22.5 8.91338E+04
 23.0 8.97815E+04
 23.5 9.02534E+04
 24.0 9.05573E+04
 24.5 9.07018E+04
 25.0 9.06964E+04
 25.5 9.05512E+04
 26.0 9.02764E+04
 26.5 8.98821E+04
 27.0 8.93787E+04
 27.5 8.87760E+04
 28.0 8.80837E+04
 28.5 8.73108E+04
 29.0 8.64663E+04
 29.5 8.55582E+04
 30.0 8.45943E+04
 30.5 8.35819E+04
 31.0 8.25275E+04
 31.5 8.14372E+04
 32.0 8.03169E+04
 32.5 7.91715E+04
 33.0 7.80058E+04
 33.5 7.68241E+04
 34.0 7.56302E+04
 34.5 7.44277E+04
 35.0 7.32195E+04
 35.5 7.20085E+04
 36.0 7.07972E+04
 36.5 6.95877E+04
 37.0 6.83820E+04
 37.5 6.71818E+04
 38.0 6.59886E+04
 38.5 6.48036E+04
 39.0 6.36279E+04
 39.5 6.24626E+04
 40.0 6.13083E+04
 40.5 6.01658E+04
 41.0 5.90356E+04
 41.5 5.79181E+04
 42.0 5.68137E+04
 42.5 5.57226E+04
 43.0 5.46451E+04
 43.5 5.35812E+04
 44.0 5.25310E+04
 44.5 5.14945E+04
 45.0 5.04716E+04
 45.5 4.94624E+04
 46.0 4.84666E+04
 46.5 4.74841E+04
 47.0 4.65148E+04
 47.5 4.55585E+04
 48.0 4.46149E+04
 48.5 4.36839E+04
 49.0 4.27651E+04
 49.5 4.18584E+04
 50.0 4.09634E+04
 50.5 4.00801E+04
 51.0 3.92079E+04
 51.5 3.83468E+04
 52.0 3.74964E+04
 52.5 3.66565E+04
 53.0 3.58267E+04
 53.5 3.50069E+04
 54.0 3.41968E+04
 54.5 3.33961E+04
 55.0 3.26046E+04
 55.5 3.18219E+04
 56.0 3.10480E+04
 56.5 3.02825E+04
 57.0 2.95252E+04
 57.5 2.87759E+04
 58.0 5.18441E+04
 58.5 2.73003E+04
 59.0 2.65737E+04
 59.5 6.73400E+04
 60.0 2.51418E+04
 60.5 2.44361E+04
 61.0 2.37370E+04
 61.5 2.30444E+04
 62.0 2.23580E+04
 62.5 2.16778E+04
 63.0 2.10036E+04
 63.5 2.03353E+04
 64.0 1.96727E+04
 64.5 1.90156E+04
 65.0 1.83641E+04
 65.5 1.77179E+04
 66.0 1.70769E+04
 66.5 1.64412E+04
 67.0 2.93400E+04
 67.5 1.51847E+04
 68.0 1.45639E+04
 68.5 1.39479E+04
 69.0 1.68890E+04
 69.5 1.26184E+04
 70.0 1.14925E+04
 70.5 1.09614E+04
 71.0 1.04301E+04
 71.5 9.89882E+03
 72.0 9.36776E+03
 72.5 8.83703E+03
 73.0 8.30677E+03
 73.5 7.77713E+03
 74.0 7.24825E+03
 74.5 6.72027E+03
 75.0 6.19332E+03
 75.5 5.66756E+03
 76.0 5.14310E+03
 76.5 4.62010E+03
 77.0 4.09867E+03
 77.5 3.57897E+03
 78.0 3.06111E+03
 78.5 2.54524E+03
 79.0 2.03147E+03
 79.5 1.51995E+03
 80.0 1.01080E+03
 80.5 5.04142E+02
 81.0 4.19466E+01
