081K13D0W2
  0.5 0.00000E+00
  1.0 0.00000E+00
  1.5 0.00000E+00
  2.0 0.00000E+00
  2.5 0.00000E+00
  3.0 0.00000E+00
  3.5 2.90104E+04
  4.0 3.77973E+04
  4.5 4.69609E+04
  5.0 5.64979E+04
  5.5 6.64150E+04
  6.0 7.67278E+04
  6.5 8.74631E+04
  7.0 9.86617E+04
  7.5 1.10371E+05
  8.0 1.22615E+05
  8.5 1.87912E+06
  9.0 1.48449E+05
  9.5 1.35208E+06
 10.0 1.12916E+06
 10.5 6.69214E+04
 11.0 7.17174E+04
 11.5 2.03201E+05
 12.0 5.44769E+04
 12.5 5.04791E+04
 13.0 5.33962E+04
 13.5 5.63420E+04
 14.0 5.93094E+04
 14.5 6.22870E+04
 15.0 6.52596E+04
 15.5 6.82079E+04
 16.0 7.11095E+04
 16.5 7.39402E+04
 17.0 7.66743E+04
 17.5 7.92874E+04
 18.0 8.17560E+04
 18.5 8.40596E+04
 19.0 8.61809E+04
 19.5 8.81062E+04
 20.0 8.98256E+04
 20.5 9.13330E+04
 21.0 9.26261E+04
 21.5 9.37054E+04
 22.0 9.45746E+04
 22.5 9.52397E+04
 23.0 9.57084E+04
 23.5 9.59903E+04
 24.0 9.60959E+04
 24.5 9.60365E+04
 25.0 9.58239E+04
 25.5 9.54700E+04
 26.0 9.49868E+04
 26.5 9.43861E+04
 27.0 9.36791E+04
 27.5 9.28769E+04
 28.0 9.19898E+04
 28.5 9.10278E+04
 29.0 8.99999E+04
 29.5 8.89148E+04
 30.0 8.77805E+04
 30.5 8.66043E+04
 31.0 8.53928E+04
 31.5 8.41524E+04
 32.0 8.28884E+04
 32.5 8.16061E+04
 33.0 8.03099E+04
 33.5 7.90040E+04
 34.0 7.76920E+04
 34.5 7.63772E+04
 35.0 7.50625E+04
 35.5 7.37505E+04
 36.0 7.24434E+04
 36.5 7.11431E+04
 37.0 6.98514E+04
 37.5 6.85698E+04
 38.0 6.72995E+04
 38.5 6.60416E+04
 39.0 6.47969E+04
 39.5 6.35663E+04
 40.0 6.23503E+04
 40.5 6.11494E+04
 41.0 5.99640E+04
 41.5 5.87944E+04
 42.0 5.76406E+04
 42.5 5.65029E+04
 43.0 5.53813E+04
 43.5 5.42758E+04
 44.0 5.31861E+04
 44.5 5.21124E+04
 45.0 5.10544E+04
 45.5 5.00118E+04
 46.0 4.89846E+04
 46.5 4.79724E+04
 47.0 4.69750E+04
 47.5 4.59921E+04
 48.0 4.50234E+04
 48.5 4.40686E+04
 49.0 4.31274E+04
 49.5 4.21995E+04
 50.0 4.12845E+04
 50.5 4.03821E+04
 51.0 3.94921E+04
 51.5 3.86140E+04
 52.0 3.77475E+04
 52.5 3.68925E+04
 53.0 3.60484E+04
 53.5 3.52151E+04
 54.0 3.43921E+04
 54.5 3.35793E+04
 55.0 3.27763E+04
 55.5 3.19829E+04
 56.0 3.11988E+04
 56.5 3.04236E+04
 57.0 2.96572E+04
 57.5 2.88993E+04
 58.0 5.20767E+04
 58.5 2.74080E+04
 59.0 2.66741E+04
 59.5 6.76262E+04
 60.0 2.52289E+04
 60.5 2.45171E+04
 61.0 2.38123E+04
 61.5 2.31143E+04
 62.0 2.24229E+04
 62.5 2.17379E+04
 63.0 2.10592E+04
 63.5 2.03866E+04
 64.0 1.97200E+04
 64.5 1.90592E+04
 65.0 1.84042E+04
 65.5 1.77547E+04
 66.0 1.71107E+04
 66.5 1.64720E+04
 67.0 2.94137E+04
 67.5 1.52103E+04
 68.0 1.45872E+04
 68.5 1.39690E+04
 69.0 1.69190E+04
 69.5 1.26439E+04
 70.0 1.15557E+04
 70.5 1.10180E+04
 71.0 1.04807E+04
 71.5 9.94385E+03
 72.0 9.40757E+03
 72.5 8.87202E+03
 73.0 8.33731E+03
 73.5 7.80359E+03
 74.0 7.27098E+03
 74.5 6.73960E+03
 75.0 6.20958E+03
 75.5 5.68104E+03
 76.0 5.15412E+03
 76.5 4.62892E+03
 77.0 4.10558E+03
 77.5 3.58421E+03
 78.0 3.06495E+03
 78.5 2.54790E+03
 79.0 2.03319E+03
 79.5 1.52094E+03
 80.0 1.01126E+03
 80.5 5.04285E+02
 81.0 4.19541E+01
