081K18D0W2
  0.5 0.00000E+00
  1.0 0.00000E+00
  1.5 0.00000E+00
  2.0 0.00000E+00
  2.5 0.00000E+00
  3.0 0.00000E+00
  3.5 4.35389E+04
  4.0 5.57936E+04
  4.5 6.86851E+04
  5.0 8.22389E+04
  5.5 9.65014E+04
  6.0 1.11550E+05
  6.5 1.27492E+05
  7.0 1.44419E+05
  7.5 1.62311E+05
  8.0 1.80939E+05
  8.5 3.03146E+06
  9.0 2.18422E+05
  9.5 1.91599E+06
 10.0 1.59893E+06
 10.5 9.77376E+04
 11.0 1.04904E+05
 11.5 3.36040E+05
 12.0 7.93537E+04
 12.5 7.34555E+04
 13.0 7.77678E+04
 13.5 8.20868E+04
 14.0 8.63726E+04
 14.5 9.05788E+04
 15.0 9.46562E+04
 15.5 9.85555E+04
 16.0 1.02231E+05
 16.5 1.05642E+05
 17.0 1.08754E+05
 17.5 1.11543E+05
 18.0 1.13992E+05
 18.5 1.16092E+05
 19.0 1.17840E+05
 19.5 1.19241E+05
 20.0 1.20306E+05
 20.5 1.21048E+05
 21.0 1.21485E+05
 21.5 1.21636E+05
 22.0 1.21523E+05
 22.5 1.21167E+05
 23.0 1.20591E+05
 23.5 1.19816E+05
 24.0 1.18863E+05
 24.5 1.17753E+05
 25.0 1.16505E+05
 25.5 1.15137E+05
 26.0 1.13666E+05
 26.5 1.12106E+05
 27.0 1.10474E+05
 27.5 1.08780E+05
 28.0 1.07038E+05
 28.5 1.05257E+05
 29.0 1.03447E+05
 29.5 1.01616E+05
 30.0 9.97727E+04
 30.5 9.79225E+04
 31.0 9.60716E+04
 31.5 9.42251E+04
 32.0 9.23873E+04
 32.5 9.05621E+04
 33.0 8.87528E+04
 33.5 8.69621E+04
 34.0 8.51924E+04
 34.5 8.34456E+04
 35.0 8.17233E+04
 35.5 8.00270E+04
 36.0 7.83575E+04
 36.5 7.67156E+04
 37.0 7.51019E+04
 37.5 7.35169E+04
 38.0 7.19607E+04
 38.5 7.04333E+04
 39.0 6.89348E+04
 39.5 6.74650E+04
 40.0 6.60236E+04
 40.5 6.46103E+04
 41.0 6.32247E+04
 41.5 6.18664E+04
 42.0 6.05349E+04
 42.5 5.92296E+04
 43.0 5.79500E+04
 43.5 5.66955E+04
 44.0 5.54655E+04
 44.5 5.42593E+04
 45.0 5.30764E+04
 45.5 5.19161E+04
 46.0 5.07777E+04
 46.5 4.96607E+04
 47.0 4.85644E+04
 47.5 4.74881E+04
 48.0 4.64314E+04
 48.5 4.53934E+04
 49.0 4.43737E+04
 49.5 4.33717E+04
 50.0 4.23868E+04
 50.5 4.14184E+04
 51.0 4.04661E+04
 51.5 3.95291E+04
 52.0 3.86072E+04
 52.5 3.76996E+04
 53.0 3.68060E+04
 53.5 3.59259E+04
 54.0 3.50588E+04
 54.5 3.42043E+04
 55.0 3.33620E+04
 55.5 3.25314E+04
 56.0 3.17122E+04
 56.5 3.09040E+04
 57.0 3.01063E+04
 57.5 2.93189E+04
 58.0 5.28673E+04
 58.5 2.77736E+04
 59.0 2.70150E+04
 59.5 6.85978E+04
 60.0 2.55244E+04
 60.5 2.47920E+04
 61.0 2.40676E+04
 61.5 2.33512E+04
 62.0 2.26425E+04
 62.5 2.19413E+04
 63.0 2.12473E+04
 63.5 2.05603E+04
 64.0 1.98802E+04
 64.5 1.92067E+04
 65.0 1.85397E+04
 65.5 1.78791E+04
 66.0 1.72246E+04
 66.5 1.65761E+04
 67.0 2.96627E+04
 67.5 1.52968E+04
 68.0 1.46656E+04
 68.5 1.40400E+04
 69.0 1.70205E+04
 69.5 1.27303E+04
 70.0 1.17713E+04
 70.5 1.12114E+04
 71.0 1.06533E+04
 71.5 1.00971E+04
 72.0 9.54296E+03
 72.5 8.99091E+03
 73.0 8.44102E+03
 73.5 7.89337E+03
 74.0 7.34803E+03
 74.5 6.80508E+03
 75.0 6.26460E+03
 75.5 5.72666E+03
 76.0 5.19134E+03
 76.5 4.65873E+03
 77.0 4.12889E+03
 77.5 3.60191E+03
 78.0 3.07788E+03
 78.5 2.55687E+03
 79.0 2.03897E+03
 79.5 1.52427E+03
 80.0 1.01284E+03
 80.5 5.04767E+02
 81.0 4.19792E+01
