081K14D0W2
  0.5 0.00000E+00
  1.0 0.00000E+00
  1.5 0.00000E+00
  2.0 0.00000E+00
  2.5 0.00000E+00
  3.0 0.00000E+00
  3.5 3.18448E+04
  4.0 4.13081E+04
  4.5 5.11939E+04
  5.0 6.15034E+04
  5.5 7.22485E+04
  6.0 8.34525E+04
  6.5 9.51539E+04
  7.0 1.07407E+05
  7.5 1.20266E+05
  8.0 1.33738E+05
  8.5 2.12170E+06
  9.0 1.62028E+05
  9.5 1.47637E+06
 10.0 1.23267E+06
 10.5 7.28300E+04
 11.0 7.80817E+04
 11.5 2.29981E+05
 12.0 5.92586E+04
 12.5 5.48995E+04
 13.0 5.80853E+04
 13.5 6.13021E+04
 14.0 6.45383E+04
 14.5 6.77772E+04
 15.0 7.09976E+04
 15.5 7.41738E+04
 16.0 7.72776E+04
 16.5 8.02796E+04
 17.0 8.31505E+04
 17.5 8.58632E+04
 18.0 8.83933E+04
 18.5 9.07205E+04
 19.0 9.28287E+04
 19.5 9.47065E+04
 20.0 9.63469E+04
 20.5 9.77473E+04
 21.0 9.89086E+04
 21.5 9.98354E+04
 22.0 1.00535E+05
 22.5 1.01016E+05
 23.0 1.01291E+05
 23.5 1.01371E+05
 24.0 1.01269E+05
 24.5 1.01000E+05
 25.0 1.00577E+05
 25.5 1.00014E+05
 26.0 9.93238E+04
 26.5 9.85197E+04
 27.0 9.76141E+04
 27.5 9.66186E+04
 28.0 9.55443E+04
 28.5 9.44013E+04
 29.0 9.31993E+04
 29.5 9.19469E+04
 30.0 9.06523E+04
 30.5 8.93227E+04
 31.0 8.79650E+04
 31.5 8.65850E+04
 32.0 8.51883E+04
 32.5 8.37798E+04
 33.0 8.23638E+04
 33.5 8.09441E+04
 34.0 7.95243E+04
 34.5 7.81074E+04
 35.0 7.66960E+04
 35.5 7.52924E+04
 36.0 7.38987E+04
 36.5 7.25166E+04
 37.0 7.11476E+04
 37.5 6.97928E+04
 38.0 6.84535E+04
 38.5 6.71303E+04
 39.0 6.58240E+04
 39.5 6.45352E+04
 40.0 6.32642E+04
 40.5 6.20114E+04
 41.0 6.07770E+04
 41.5 5.95611E+04
 42.0 5.83637E+04
 42.5 5.71848E+04
 43.0 5.60242E+04
 43.5 5.48819E+04
 44.0 5.37576E+04
 44.5 5.26511E+04
 45.0 5.15621E+04
 45.5 5.04904E+04
 46.0 4.94355E+04
 46.5 4.83972E+04
 47.0 4.73752E+04
 47.5 4.63690E+04
 48.0 4.53783E+04
 48.5 4.44028E+04
 49.0 4.34419E+04
 49.5 4.24955E+04
 50.0 4.15629E+04
 50.5 4.06440E+04
 51.0 3.97383E+04
 51.5 3.88455E+04
 52.0 3.79651E+04
 52.5 3.70968E+04
 53.0 3.62403E+04
 53.5 3.53952E+04
 54.0 3.45611E+04
 54.5 3.37378E+04
 55.0 3.29249E+04
 55.5 3.21221E+04
 56.0 3.13291E+04
 56.5 3.05455E+04
 57.0 2.97712E+04
 57.5 2.90059E+04
 58.0 5.22777E+04
 58.5 2.75009E+04
 59.0 2.67608E+04
 59.5 6.78733E+04
 60.0 2.53041E+04
 60.5 2.45870E+04
 61.0 2.38773E+04
 61.5 2.31746E+04
 62.0 2.24788E+04
 62.5 2.17897E+04
 63.0 2.11071E+04
 63.5 2.04309E+04
 64.0 1.97608E+04
 64.5 1.90968E+04
 65.0 1.84387E+04
 65.5 1.77864E+04
 66.0 1.71397E+04
 66.5 1.64986E+04
 67.0 2.94771E+04
 67.5 1.52324E+04
 68.0 1.46072E+04
 68.5 1.39871E+04
 69.0 1.69449E+04
 69.5 1.26659E+04
 70.0 1.16104E+04
 70.5 1.10671E+04
 71.0 1.05245E+04
 71.5 9.98276E+03
 72.0 9.44196E+03
 72.5 8.90223E+03
 73.0 8.36368E+03
 73.5 7.82643E+03
 74.0 7.29059E+03
 74.5 6.75627E+03
 75.0 6.22359E+03
 75.5 5.69267E+03
 76.0 5.16360E+03
 76.5 4.63652E+03
 77.0 4.11153E+03
 77.5 3.58873E+03
 78.0 3.06825E+03
 78.5 2.55019E+03
 79.0 2.03467E+03
 79.5 1.52179E+03
 80.0 1.01166E+03
 80.5 5.04408E+02
 81.0 4.19605E+01
