081K22D0W2
  0.5 0.00000E+00
  1.0 0.00000E+00
  1.5 0.00000E+00
  2.0 0.00000E+00
  2.5 0.00000E+00
  3.0 0.00000E+00
  3.5 5.59000E+04
  4.0 7.11265E+04
  4.5 8.72595E+04
  5.0 1.04368E+05
  5.5 1.22567E+05
  6.0 1.42030E+05
  6.5 1.62917E+05
  7.0 1.85205E+05
  7.5 2.08529E+05
  8.0 2.32168E+05
  8.5 3.82978E+06
  9.0 2.76642E+05
  9.5 2.27820E+06
 10.0 1.90073E+06
 10.5 1.24842E+05
 11.0 1.33895E+05
 11.5 4.36826E+05
 12.0 1.01128E+05
 12.5 9.35401E+04
 13.0 9.89699E+04
 13.5 1.04303E+05
 14.0 1.09463E+05
 14.5 1.14378E+05
 15.0 1.18980E+05
 15.5 1.23209E+05
 16.0 1.27022E+05
 16.5 1.30384E+05
 17.0 1.33276E+05
 17.5 1.35692E+05
 18.0 1.37634E+05
 18.5 1.39115E+05
 19.0 1.40154E+05
 19.5 1.40776E+05
 20.0 1.41010E+05
 20.5 1.40886E+05
 21.0 1.40437E+05
 21.5 1.39694E+05
 22.0 1.38688E+05
 22.5 1.37451E+05
 23.0 1.36012E+05
 23.5 1.34397E+05
 24.0 1.32631E+05
 24.5 1.30739E+05
 25.0 1.28741E+05
 25.5 1.26657E+05
 26.0 1.24504E+05
 26.5 1.22297E+05
 27.0 1.20050E+05
 27.5 1.17776E+05
 28.0 1.15486E+05
 28.5 1.13188E+05
 29.0 1.10892E+05
 29.5 1.08603E+05
 30.0 1.06330E+05
 30.5 1.04075E+05
 31.0 1.01845E+05
 31.5 9.96428E+04
 32.0 9.74713E+04
 32.5 9.53333E+04
 33.0 9.32306E+04
 33.5 9.11650E+04
 34.0 8.91377E+04
 34.5 8.71496E+04
 35.0 8.52011E+04
 35.5 8.32928E+04
 36.0 8.14246E+04
 36.5 7.95965E+04
 37.0 7.78082E+04
 37.5 7.60595E+04
 38.0 7.43498E+04
 38.5 7.26785E+04
 39.0 7.10450E+04
 39.5 6.94484E+04
 40.0 6.78881E+04
 40.5 6.63632E+04
 41.0 6.48729E+04
 41.5 6.34161E+04
 42.0 6.19921E+04
 42.5 6.06000E+04
 43.0 5.92387E+04
 43.5 5.79075E+04
 44.0 5.66053E+04
 44.5 5.53312E+04
 45.0 5.40844E+04
 45.5 5.28641E+04
 46.0 5.16692E+04
 46.5 5.04989E+04
 47.0 4.93525E+04
 47.5 4.82291E+04
 48.0 4.71279E+04
 48.5 4.60481E+04
 49.0 4.49890E+04
 49.5 4.39498E+04
 50.0 4.29299E+04
 50.5 4.19285E+04
 51.0 4.09450E+04
 51.5 3.99788E+04
 52.0 3.90291E+04
 52.5 3.80955E+04
 53.0 3.71773E+04
 53.5 3.62740E+04
 54.0 3.53851E+04
 54.5 3.45100E+04
 55.0 3.36482E+04
 55.5 3.27993E+04
 56.0 3.19628E+04
 56.5 3.11382E+04
 57.0 3.03252E+04
 57.5 2.95233E+04
 58.0 5.32521E+04
 58.5 2.79515E+04
 59.0 2.71808E+04
 59.5 6.90701E+04
 60.0 2.56680E+04
 60.5 2.49254E+04
 61.0 2.41916E+04
 61.5 2.34662E+04
 62.0 2.27491E+04
 62.5 2.20399E+04
 63.0 2.13384E+04
 63.5 2.06444E+04
 64.0 1.99577E+04
 64.5 1.92781E+04
 65.0 1.86053E+04
 65.5 1.79393E+04
 66.0 1.72797E+04
 66.5 1.66265E+04
 67.0 2.97832E+04
 67.5 1.53385E+04
 68.0 1.47035E+04
 68.5 1.40742E+04
 69.0 1.70695E+04
 69.5 1.27723E+04
 70.0 1.18768E+04
 70.5 1.13058E+04
 71.0 1.07375E+04
 71.5 1.01718E+04
 72.0 9.60892E+03
 72.5 9.04878E+03
 73.0 8.49146E+03
 73.5 7.93699E+03
 74.0 7.38544E+03
 74.5 6.83685E+03
 75.0 6.29127E+03
 75.5 5.74876E+03
 76.0 5.20936E+03
 76.5 4.67314E+03
 77.0 4.14015E+03
 77.5 3.61046E+03
 78.0 3.08412E+03
 78.5 2.56120E+03
 79.0 2.04176E+03
 79.5 1.52587E+03
 80.0 1.01359E+03
 80.5 5.04999E+02
 81.0 4.19913E+01
