081K21D0W2
  0.5 0.00000E+00
  1.0 0.00000E+00
  1.5 0.00000E+00
  2.0 0.00000E+00
  2.5 0.00000E+00
  3.0 0.00000E+00
  3.5 5.27388E+04
  4.0 6.72021E+04
  4.5 8.24988E+04
  5.0 9.86839E+04
  5.5 1.15852E+05
  6.0 1.34149E+05
  6.5 1.53730E+05
  7.0 1.74624E+05
  7.5 1.96582E+05
  8.0 2.19020E+05
  8.5 3.64047E+06
  9.0 2.62014E+05
  9.5 2.19381E+06
 10.0 1.83042E+06
 10.5 1.17855E+05
 11.0 1.26453E+05
 11.5 4.12236E+05
 12.0 9.55226E+04
 12.5 8.83705E+04
 13.0 9.35294E+04
 13.5 9.86255E+04
 14.0 1.03592E+05
 14.5 1.08362E+05
 15.0 1.12869E+05
 15.5 1.17055E+05
 16.0 1.20874E+05
 16.5 1.24289E+05
 17.0 1.27275E+05
 17.5 1.29820E+05
 18.0 1.31921E+05
 18.5 1.33584E+05
 19.0 1.34824E+05
 19.5 1.35660E+05
 20.0 1.36116E+05
 20.5 1.36220E+05
 21.0 1.35999E+05
 21.5 1.35483E+05
 22.0 1.34702E+05
 22.5 1.33684E+05
 23.0 1.32457E+05
 23.5 1.31047E+05
 24.0 1.29478E+05
 24.5 1.27774E+05
 25.0 1.25955E+05
 25.5 1.24041E+05
 26.0 1.22049E+05
 26.5 1.19994E+05
 27.0 1.17891E+05
 27.5 1.15752E+05
 28.0 1.13589E+05
 28.5 1.11411E+05
 29.0 1.09226E+05
 29.5 1.07043E+05
 30.0 1.04867E+05
 30.5 1.02705E+05
 31.0 1.00561E+05
 31.5 9.84398E+04
 32.0 9.63438E+04
 32.5 9.42764E+04
 33.0 9.22399E+04
 33.5 9.02362E+04
 34.0 8.82666E+04
 34.5 8.63326E+04
 35.0 8.44348E+04
 35.5 8.25738E+04
 36.0 8.07499E+04
 36.5 7.89633E+04
 37.0 7.72139E+04
 37.5 7.55015E+04
 38.0 7.38258E+04
 38.5 7.21864E+04
 39.0 7.05828E+04
 39.5 6.90143E+04
 40.0 6.74802E+04
 40.5 6.59800E+04
 41.0 6.45127E+04
 41.5 6.30776E+04
 42.0 6.16740E+04
 42.5 6.03010E+04
 43.0 5.89576E+04
 43.5 5.76432E+04
 44.0 5.63569E+04
 44.5 5.50977E+04
 45.0 5.38649E+04
 45.5 5.26577E+04
 46.0 5.14752E+04
 46.5 5.03166E+04
 47.0 4.91811E+04
 47.5 4.80680E+04
 48.0 4.69765E+04
 48.5 4.59058E+04
 49.0 4.48553E+04
 49.5 4.38243E+04
 50.0 4.28120E+04
 50.5 4.18178E+04
 51.0 4.08411E+04
 51.5 3.98812E+04
 52.0 3.89376E+04
 52.5 3.80096E+04
 53.0 3.70968E+04
 53.5 3.61986E+04
 54.0 3.53144E+04
 54.5 3.44438E+04
 55.0 3.35862E+04
 55.5 3.27413E+04
 56.0 3.19085E+04
 56.5 3.10875E+04
 57.0 3.02778E+04
 57.5 2.94791E+04
 58.0 5.31688E+04
 58.5 2.79130E+04
 59.0 2.71449E+04
 59.5 6.89679E+04
 60.0 2.56370E+04
 60.5 2.48966E+04
 61.0 2.41648E+04
 61.5 2.34414E+04
 62.0 2.27260E+04
 62.5 2.20186E+04
 63.0 2.13187E+04
 63.5 2.06262E+04
 64.0 1.99410E+04
 64.5 1.92627E+04
 65.0 1.85911E+04
 65.5 1.79262E+04
 66.0 1.72678E+04
 66.5 1.66156E+04
 67.0 2.97571E+04
 67.5 1.53295E+04
 68.0 1.46953E+04
 68.5 1.40668E+04
 69.0 1.70589E+04
 69.5 1.27632E+04
 70.0 1.18540E+04
 70.5 1.12854E+04
 71.0 1.07192E+04
 71.5 1.01557E+04
 72.0 9.59464E+03
 72.5 9.03626E+03
 73.0 8.48054E+03
 73.5 7.92756E+03
 74.0 7.37735E+03
 74.5 6.82998E+03
 75.0 6.28550E+03
 75.5 5.74398E+03
 76.0 5.20547E+03
 76.5 4.67003E+03
 77.0 4.13772E+03
 77.5 3.60861E+03
 78.0 3.08277E+03
 78.5 2.56027E+03
 79.0 2.04116E+03
 79.5 1.52552E+03
 80.0 1.01343E+03
 80.5 5.04949E+02
 81.0 4.19887E+01
