082K08D0W2
  0.5 0.00000E+00
  1.0 0.00000E+00
  1.5 0.00000E+00
  2.0 0.00000E+00
  2.5 0.00000E+00
  3.0 0.00000E+00
  3.5 1.51366E+04
  4.0 2.05633E+04
  4.5 2.61889E+04
  5.0 3.19872E+04
  5.5 3.79478E+04
  6.0 4.40664E+04
  6.5 5.03414E+04
  7.0 5.67739E+04
  7.5 6.33674E+04
  8.0 7.01290E+04
  8.5 6.50626E+05
  9.0 8.41962E+04
  9.5 6.34922E+05
 10.0 5.32650E+05
 10.5 3.86447E+04
 11.0 4.13722E+04
 11.5 7.73383E+04
 12.0 3.15337E+04
 12.5 2.92447E+04
 13.0 3.09308E+04
 13.5 3.26238E+04
 14.0 3.43230E+04
 14.5 3.60279E+04
 15.0 3.77376E+04
 15.5 3.94508E+04
 16.0 4.11656E+04
 16.5 4.28796E+04
 17.0 4.45891E+04
 17.5 4.62898E+04
 18.0 4.79757E+04
 18.5 4.96404E+04
 19.0 5.12763E+04
 19.5 5.28752E+04
 20.0 5.44285E+04
 20.5 5.59276E+04
 21.0 5.73640E+04
 21.5 5.87296E+04
 22.0 6.00173E+04
 22.5 6.12207E+04
 23.0 6.23344E+04
 23.5 6.33542E+04
 24.0 6.42770E+04
 24.5 6.51006E+04
 25.0 6.58244E+04
 25.5 6.64481E+04
 26.0 6.69730E+04
 26.5 6.74005E+04
 27.0 6.77334E+04
 27.5 6.79746E+04
 28.0 6.81275E+04
 28.5 6.81961E+04
 29.0 6.81845E+04
 29.5 6.80970E+04
 30.0 6.79382E+04
 30.5 6.77125E+04
 31.0 6.74244E+04
 31.5 6.70785E+04
 32.0 6.66790E+04
 32.5 6.62303E+04
 33.0 6.57363E+04
 33.5 6.52011E+04
 34.0 6.46283E+04
 34.5 6.40216E+04
 35.0 6.33843E+04
 35.5 6.27195E+04
 36.0 6.20303E+04
 36.5 6.13193E+04
 37.0 6.05892E+04
 37.5 5.98423E+04
 38.0 5.90809E+04
 38.5 5.83070E+04
 39.0 5.75225E+04
 39.5 5.67291E+04
 40.0 5.59284E+04
 40.5 5.51219E+04
 41.0 5.43107E+04
 41.5 5.34963E+04
 42.0 5.26795E+04
 42.5 5.18614E+04
 43.0 5.10429E+04
 43.5 5.02248E+04
 44.0 4.94077E+04
 44.5 4.85923E+04
 45.0 4.77792E+04
 45.5 4.69688E+04
 46.0 4.61616E+04
 46.5 4.53579E+04
 47.0 4.45582E+04
 47.5 4.37626E+04
 48.0 4.29714E+04
 48.5 4.21849E+04
 49.0 4.14032E+04
 49.5 4.06264E+04
 50.0 3.98547E+04
 50.5 3.90881E+04
 51.0 3.83267E+04
 51.5 3.75706E+04
 52.0 3.68198E+04
 52.5 3.60744E+04
 53.0 3.53342E+04
 53.5 3.45994E+04
 54.0 3.38699E+04
 54.5 3.31456E+04
 55.0 3.24266E+04
 55.5 3.17127E+04
 56.0 3.10040E+04
 56.5 3.03003E+04
 57.0 2.96017E+04
 57.5 2.89081E+04
 58.0 5.44713E+04
 58.5 2.75354E+04
 59.0 2.68563E+04
 59.5 7.20288E+04
 60.0 2.55121E+04
 60.5 2.48469E+04
 61.0 2.41862E+04
 61.5 2.35299E+04
 62.0 2.28780E+04
 62.5 2.22305E+04
 63.0 2.15872E+04
 63.5 2.09482E+04
 64.0 2.03133E+04
 64.5 1.96824E+04
 65.0 1.90557E+04
 65.5 1.84330E+04
 66.0 1.78142E+04
 66.5 1.71993E+04
 67.0 3.16960E+04
 67.5 1.59813E+04
 68.0 1.53780E+04
 68.5 1.47785E+04
 69.0 1.81575E+04
 69.5 1.33981E+04
 70.0 1.19014E+04
 70.5 1.14220E+04
 71.0 1.09396E+04
 71.5 1.04544E+04
 72.0 9.96666E+03
 72.5 9.47658E+03
 73.0 8.98440E+03
 73.5 8.49033E+03
 74.0 7.99458E+03
 74.5 7.49737E+03
 75.0 6.99891E+03
 75.5 6.49940E+03
 76.0 5.99905E+03
 76.5 5.49805E+03
 77.0 4.99662E+03
 77.5 4.49494E+03
 78.0 3.99322E+03
 78.5 3.49163E+03
 79.0 2.99038E+03
 79.5 2.48964E+03
 80.0 1.98960E+03
 80.5 1.49045E+03
 81.0 9.92356E+02
 81.5 4.95503E+02
 82.0 4.12557E+01
