082K19D0W2
  0.5 0.00000E+00
  1.0 0.00000E+00
  1.5 0.00000E+00
  2.0 0.00000E+00
  2.5 0.00000E+00
  3.0 0.00000E+00
  3.5 4.60366E+04
  4.0 5.88907E+04
  4.5 7.24345E+04
  5.0 8.66999E+04
  5.5 1.01743E+05
  6.0 1.17657E+05
  6.5 1.34564E+05
  7.0 1.52558E+05
  7.5 1.71586E+05
  8.0 1.91353E+05
  8.5 3.23180E+06
  9.0 2.30806E+05
  9.5 2.01828E+06
 10.0 1.68409E+06
 10.5 1.03348E+05
 11.0 1.10960E+05
 11.5 3.59320E+05
 12.0 8.39287E+04
 12.5 7.76958E+04
 13.0 8.22802E+04
 13.5 8.68641E+04
 14.0 9.14010E+04
 14.5 9.58383E+04
 15.0 1.00122E+05
 15.5 1.04198E+05
 16.0 1.08018E+05
 16.5 1.11540E+05
 17.0 1.14731E+05
 17.5 1.17566E+05
 18.0 1.20031E+05
 18.5 1.22119E+05
 19.0 1.23831E+05
 19.5 1.25174E+05
 20.0 1.26161E+05
 20.5 1.26810E+05
 21.0 1.27140E+05
 21.5 1.27175E+05
 22.0 1.26936E+05
 22.5 1.26449E+05
 23.0 1.25737E+05
 23.5 1.24823E+05
 24.0 1.23730E+05
 24.5 1.22479E+05
 25.0 1.21092E+05
 25.5 1.19585E+05
 26.0 1.17977E+05
 26.5 1.16284E+05
 27.0 1.14521E+05
 27.5 1.12700E+05
 28.0 1.10833E+05
 28.5 1.08932E+05
 29.0 1.07005E+05
 29.5 1.05062E+05
 30.0 1.03109E+05
 30.5 1.01154E+05
 31.0 9.92015E+04
 31.5 9.72575E+04
 32.0 9.53260E+04
 32.5 9.34107E+04
 33.0 9.15148E+04
 33.5 8.96410E+04
 34.0 8.77916E+04
 34.5 8.59684E+04
 35.0 8.41728E+04
 35.5 8.24061E+04
 36.0 8.06692E+04
 36.5 7.89629E+04
 37.0 7.72874E+04
 37.5 7.56432E+04
 38.0 7.40304E+04
 38.5 7.24488E+04
 39.0 7.08985E+04
 39.5 6.93791E+04
 40.0 6.78903E+04
 40.5 6.64317E+04
 41.0 6.50028E+04
 41.5 6.36031E+04
 42.0 6.22320E+04
 42.5 6.08890E+04
 43.0 5.95733E+04
 43.5 5.82844E+04
 44.0 5.70215E+04
 44.5 5.57840E+04
 45.0 5.45712E+04
 45.5 5.33824E+04
 46.0 5.22169E+04
 46.5 5.10740E+04
 47.0 4.99531E+04
 47.5 4.88534E+04
 48.0 4.77744E+04
 48.5 4.67153E+04
 49.0 4.56755E+04
 49.5 4.46544E+04
 50.0 4.36513E+04
 50.5 4.26658E+04
 51.0 4.16971E+04
 51.5 4.07448E+04
 52.0 3.98082E+04
 52.5 3.88868E+04
 53.0 3.79802E+04
 53.5 3.70878E+04
 54.0 3.62091E+04
 54.5 3.53437E+04
 55.0 3.44911E+04
 55.5 3.36508E+04
 56.0 3.28226E+04
 56.5 3.20058E+04
 57.0 3.12002E+04
 57.5 3.04054E+04
 58.0 5.75056E+04
 58.5 2.88466E+04
 59.0 2.80820E+04
 59.5 7.58553E+04
 60.0 2.65807E+04
 60.5 2.58434E+04
 61.0 2.51147E+04
 61.5 2.43942E+04
 62.0 2.36818E+04
 62.5 2.29771E+04
 63.0 2.22800E+04
 63.5 2.15902E+04
 64.0 2.09075E+04
 64.5 2.02317E+04
 65.0 1.95626E+04
 65.5 1.89001E+04
 66.0 1.82440E+04
 66.5 1.75940E+04
 67.0 3.26930E+04
 67.5 1.63122E+04
 68.0 1.56800E+04
 68.5 1.50535E+04
 69.0 1.85617E+04
 69.5 1.37339E+04
 70.0 1.27326E+04
 70.5 1.21742E+04
 71.0 1.16177E+04
 71.5 1.10633E+04
 72.0 1.05109E+04
 72.5 9.96073E+03
 73.0 9.41273E+03
 73.5 8.86700E+03
 74.0 8.32359E+03
 74.5 7.78258E+03
 75.0 7.24402E+03
 75.5 6.70798E+03
 76.0 6.17452E+03
 76.5 5.64372E+03
 77.0 5.11564E+03
 77.5 4.59035E+03
 78.0 4.06791E+03
 78.5 3.54841E+03
 79.0 3.03191E+03
 79.5 2.51849E+03
 80.0 2.00822E+03
 80.5 1.50117E+03
 81.0 9.97428E+02
 81.5 4.97060E+02
 82.0 4.13368E+01
