082K10D0W2
  0.5 0.00000E+00
  1.0 0.00000E+00
  1.5 0.00000E+00
  2.0 0.00000E+00
  2.5 0.00000E+00
  3.0 0.00000E+00
  3.5 2.04505E+04
  4.0 2.71808E+04
  4.5 3.41685E+04
  5.0 4.13975E+04
  5.5 4.88631E+04
  6.0 5.65657E+04
  6.5 6.45103E+04
  7.0 7.27067E+04
  7.5 8.11710E+04
  8.0 8.99251E+04
  8.5 1.11288E+06
  9.0 1.08356E+05
  9.5 9.32549E+05
 10.0 7.80029E+05
 10.5 4.94365E+04
 11.0 5.29317E+04
 11.5 1.22668E+05
 12.0 4.03183E+04
 12.5 3.73855E+04
 13.0 3.95343E+04
 13.5 4.16988E+04
 14.0 4.38780E+04
 14.5 4.60698E+04
 15.0 4.82715E+04
 15.5 5.04781E+04
 16.0 5.26832E+04
 16.5 5.48781E+04
 17.0 5.70524E+04
 17.5 5.91939E+04
 18.0 6.12891E+04
 18.5 6.33239E+04
 19.0 6.52842E+04
 19.5 6.71560E+04
 20.0 6.89268E+04
 20.5 7.05850E+04
 21.0 7.21209E+04
 21.5 7.35268E+04
 22.0 7.47968E+04
 22.5 7.59270E+04
 23.0 7.69155E+04
 23.5 7.77620E+04
 24.0 7.84679E+04
 24.5 7.90361E+04
 25.0 7.94704E+04
 25.5 7.97756E+04
 26.0 7.99576E+04
 26.5 8.00226E+04
 27.0 7.99772E+04
 27.5 7.98283E+04
 28.0 7.95831E+04
 28.5 7.92487E+04
 29.0 7.88320E+04
 29.5 7.83399E+04
 30.0 7.77791E+04
 30.5 7.71560E+04
 31.0 7.64766E+04
 31.5 7.57468E+04
 32.0 7.49721E+04
 32.5 7.41577E+04
 33.0 7.33082E+04
 33.5 7.24282E+04
 34.0 7.15218E+04
 34.5 7.05928E+04
 35.0 6.96447E+04
 35.5 6.86807E+04
 36.0 6.77039E+04
 36.5 6.67167E+04
 37.0 6.57216E+04
 37.5 6.47210E+04
 38.0 6.37166E+04
 38.5 6.27103E+04
 39.0 6.17037E+04
 39.5 6.06982E+04
 40.0 5.96951E+04
 40.5 5.86954E+04
 41.0 5.77001E+04
 41.5 5.67101E+04
 42.0 5.57262E+04
 42.5 5.47489E+04
 43.0 5.37789E+04
 43.5 5.28165E+04
 44.0 5.18622E+04
 44.5 5.09164E+04
 45.0 4.99791E+04
 45.5 4.90508E+04
 46.0 4.81314E+04
 46.5 4.72212E+04
 47.0 4.63202E+04
 47.5 4.54284E+04
 48.0 4.45459E+04
 48.5 4.36726E+04
 49.0 4.28084E+04
 49.5 4.19534E+04
 50.0 4.11074E+04
 50.5 4.02703E+04
 51.0 3.94420E+04
 51.5 3.86224E+04
 52.0 3.78114E+04
 52.5 3.70088E+04
 53.0 3.62144E+04
 53.5 3.54281E+04
 54.0 3.46498E+04
 54.5 3.38793E+04
 55.0 3.31164E+04
 55.5 3.23609E+04
 56.0 3.16128E+04
 56.5 3.08718E+04
 57.0 3.01379E+04
 57.5 2.94107E+04
 58.0 5.54911E+04
 58.5 2.79763E+04
 59.0 2.72688E+04
 59.5 7.33168E+04
 60.0 2.58722E+04
 60.5 2.51830E+04
 61.0 2.44996E+04
 61.5 2.38218E+04
 62.0 2.31497E+04
 62.5 2.24830E+04
 63.0 2.18216E+04
 63.5 2.11655E+04
 64.0 2.05146E+04
 64.5 1.98686E+04
 65.0 1.92276E+04
 65.5 1.85915E+04
 66.0 1.79601E+04
 66.5 1.73334E+04
 67.0 3.20338E+04
 67.5 1.60938E+04
 68.0 1.54807E+04
 68.5 1.48720E+04
 69.0 1.82948E+04
 69.5 1.35113E+04
 70.0 1.21783E+04
 70.5 1.16729E+04
 71.0 1.11662E+04
 71.5 1.06582E+04
 72.0 1.01491E+04
 72.5 9.63908E+03
 73.0 9.12837E+03
 73.5 8.61711E+03
 74.0 8.10547E+03
 74.5 7.59362E+03
 75.0 7.08173E+03
 75.5 6.56996E+03
 76.0 6.05848E+03
 76.5 5.54745E+03
 77.0 5.03703E+03
 77.5 4.52737E+03
 78.0 4.01863E+03
 78.5 3.51097E+03
 79.0 3.00454E+03
 79.5 2.49949E+03
 80.0 1.99596E+03
 80.5 1.49411E+03
 81.0 9.94091E+02
 81.5 4.96036E+02
 82.0 4.12835E+01
