082K15D0W2
  0.5 0.00000E+00
  1.0 0.00000E+00
  1.5 0.00000E+00
  2.0 0.00000E+00
  2.5 0.00000E+00
  3.0 0.00000E+00
  3.5 3.43135E+04
  4.0 4.43662E+04
  4.5 5.48854E+04
  5.0 6.58763E+04
  5.5 7.73560E+04
  6.0 8.93555E+04
  6.5 1.01925E+05
  7.0 1.15130E+05
  7.5 1.29029E+05
  8.0 1.43609E+05
  8.5 2.33766E+06
  9.0 1.74114E+05
  9.5 1.59215E+06
 10.0 1.32906E+06
 10.5 7.81555E+04
 11.0 8.38349E+04
 11.5 2.53696E+05
 12.0 6.36076E+04
 12.5 5.89323E+04
 13.0 6.23767E+04
 13.5 6.58554E+04
 14.0 6.93527E+04
 14.5 7.28469E+04
 15.0 7.63115E+04
 15.5 7.97154E+04
 16.0 8.30258E+04
 16.5 8.62091E+04
 17.0 8.92330E+04
 17.5 9.20685E+04
 18.0 9.46903E+04
 18.5 9.70782E+04
 19.0 9.92172E+04
 19.5 1.01098E+05
 20.0 1.02714E+05
 20.5 1.04068E+05
 21.0 1.05161E+05
 21.5 1.06001E+05
 22.0 1.06598E+05
 22.5 1.06965E+05
 23.0 1.07113E+05
 23.5 1.07059E+05
 24.0 1.06817E+05
 24.5 1.06403E+05
 25.0 1.05831E+05
 25.5 1.05118E+05
 26.0 1.04277E+05
 26.5 1.03323E+05
 27.0 1.02268E+05
 27.5 1.01125E+05
 28.0 9.99066E+04
 28.5 9.86222E+04
 29.0 9.72822E+04
 29.5 9.58955E+04
 30.0 9.44704E+04
 30.5 9.30145E+04
 31.0 9.15344E+04
 31.5 9.00364E+04
 32.0 8.85258E+04
 32.5 8.70076E+04
 33.0 8.54860E+04
 33.5 8.39649E+04
 34.0 8.24477E+04
 34.5 8.09372E+04
 35.0 7.94361E+04
 35.5 7.79466E+04
 36.0 7.64705E+04
 36.5 7.50096E+04
 37.0 7.35650E+04
 37.5 7.21381E+04
 38.0 7.07296E+04
 38.5 6.93404E+04
 39.0 6.79710E+04
 39.5 6.66219E+04
 40.0 6.52934E+04
 40.5 6.39856E+04
 41.0 6.26988E+04
 41.5 6.14328E+04
 42.0 6.01876E+04
 42.5 5.89631E+04
 43.0 5.77591E+04
 43.5 5.65754E+04
 44.0 5.54116E+04
 44.5 5.42676E+04
 45.0 5.31428E+04
 45.5 5.20370E+04
 46.0 5.09497E+04
 46.5 4.98807E+04
 47.0 4.88293E+04
 47.5 4.77953E+04
 48.0 4.67782E+04
 48.5 4.57775E+04
 49.0 4.47928E+04
 49.5 4.38237E+04
 50.0 4.28698E+04
 50.5 4.19306E+04
 51.0 4.10057E+04
 51.5 4.00946E+04
 52.0 3.91971E+04
 52.5 3.83125E+04
 53.0 3.74407E+04
 53.5 3.65811E+04
 54.0 3.57334E+04
 54.5 3.48973E+04
 55.0 3.40723E+04
 55.5 3.32582E+04
 56.0 3.24546E+04
 56.5 3.16611E+04
 57.0 3.08774E+04
 57.5 3.01034E+04
 58.0 5.68944E+04
 58.5 2.85827E+04
 59.0 2.78355E+04
 59.5 7.50860E+04
 60.0 2.63662E+04
 60.5 2.56435E+04
 61.0 2.49286E+04
 61.5 2.42212E+04
 62.0 2.35210E+04
 62.5 2.28278E+04
 63.0 2.21416E+04
 63.5 2.14620E+04
 64.0 2.07889E+04
 64.5 2.01222E+04
 65.0 1.94616E+04
 65.5 1.88071E+04
 66.0 1.81584E+04
 66.5 1.75155E+04
 67.0 3.24941E+04
 67.5 1.62465E+04
 68.0 1.56201E+04
 68.5 1.49989E+04
 69.0 1.84813E+04
 69.5 1.36665E+04
 70.0 1.25634E+04
 70.5 1.20213E+04
 71.0 1.14802E+04
 71.5 1.09400E+04
 72.0 1.04009E+04
 72.5 9.86306E+03
 73.0 9.32646E+03
 73.5 8.79126E+03
 74.0 8.25754E+03
 74.5 7.72541E+03
 75.0 7.19496E+03
 75.5 6.66630E+03
 76.0 6.13951E+03
 76.5 5.61469E+03
 77.0 5.09195E+03
 77.5 4.57139E+03
 78.0 4.05309E+03
 78.5 3.53716E+03
 79.0 3.02369E+03
 79.5 2.51279E+03
 80.0 2.00454E+03
 80.5 1.49906E+03
 81.0 9.96428E+02
 81.5 4.96753E+02
 82.0 4.13209E+01
