082K13D0W2
  0.5 0.00000E+00
  1.0 0.00000E+00
  1.5 0.00000E+00
  2.0 0.00000E+00
  2.5 0.00000E+00
  3.0 0.00000E+00
  3.5 2.86704E+04
  4.0 3.73762E+04
  4.5 4.64554E+04
  5.0 5.59042E+04
  5.5 6.57285E+04
  6.0 7.59428E+04
  6.5 8.65723E+04
  7.0 9.76556E+04
  7.5 1.09239E+05
  8.0 1.21353E+05
  8.5 1.85403E+06
  9.0 1.46963E+05
  9.5 1.34594E+06
 10.0 1.12401E+06
 10.5 6.63339E+04
 11.0 7.10955E+04
 11.5 2.00086E+05
 12.0 5.40375E+04
 12.5 5.00845E+04
 13.0 5.29872E+04
 13.5 5.59203E+04
 14.0 5.88774E+04
 14.5 6.18482E+04
 15.0 6.48188E+04
 15.5 6.77708E+04
 16.0 7.06831E+04
 16.5 7.35319E+04
 17.0 7.62922E+04
 17.5 7.89395E+04
 18.0 8.14502E+04
 18.5 8.38032E+04
 19.0 8.59804E+04
 19.5 8.79673E+04
 20.0 8.97529E+04
 20.5 9.13301E+04
 21.0 9.26951E+04
 21.5 9.38479E+04
 22.0 9.47909E+04
 22.5 9.55292E+04
 23.0 9.60699E+04
 23.5 9.64219E+04
 24.0 9.65952E+04
 24.5 9.66005E+04
 25.0 9.64493E+04
 25.5 9.61534E+04
 26.0 9.57245E+04
 26.5 9.51743E+04
 27.0 9.45141E+04
 27.5 9.37549E+04
 28.0 9.29072E+04
 28.5 9.19808E+04
 29.0 9.09851E+04
 29.5 8.99290E+04
 30.0 8.88204E+04
 30.5 8.76669E+04
 31.0 8.64753E+04
 31.5 8.52521E+04
 32.0 8.40030E+04
 32.5 8.27332E+04
 33.0 8.14474E+04
 33.5 8.01499E+04
 34.0 7.88446E+04
 34.5 7.75349E+04
 35.0 7.62238E+04
 35.5 7.49139E+04
 36.0 7.36078E+04
 36.5 7.23074E+04
 37.0 7.10147E+04
 37.5 6.97312E+04
 38.0 6.84583E+04
 38.5 6.71970E+04
 39.0 6.59485E+04
 39.5 6.47134E+04
 40.0 6.34926E+04
 40.5 6.22866E+04
 41.0 6.10958E+04
 41.5 5.99204E+04
 42.0 5.87608E+04
 42.5 5.76172E+04
 43.0 5.64895E+04
 43.5 5.53778E+04
 44.0 5.42821E+04
 44.5 5.32023E+04
 45.0 5.21382E+04
 45.5 5.10897E+04
 46.0 5.00566E+04
 46.5 4.90386E+04
 47.0 4.80356E+04
 47.5 4.70472E+04
 48.0 4.60732E+04
 48.5 4.51133E+04
 49.0 4.41671E+04
 49.5 4.32345E+04
 50.0 4.23149E+04
 50.5 4.14083E+04
 51.0 4.05141E+04
 51.5 3.96321E+04
 52.0 3.87620E+04
 52.5 3.79034E+04
 53.0 3.70561E+04
 53.5 3.62197E+04
 54.0 3.53939E+04
 54.5 3.45785E+04
 55.0 3.37731E+04
 55.5 3.29775E+04
 56.0 3.21914E+04
 56.5 3.14144E+04
 57.0 3.06464E+04
 57.5 2.98871E+04
 58.0 5.64564E+04
 58.5 2.83935E+04
 59.0 2.76587E+04
 59.5 7.45342E+04
 60.0 2.62122E+04
 60.5 2.55000E+04
 61.0 2.47950E+04
 61.5 2.40968E+04
 62.0 2.34054E+04
 62.5 2.27205E+04
 63.0 2.20421E+04
 63.5 2.13698E+04
 64.0 2.07036E+04
 64.5 2.00434E+04
 65.0 1.93889E+04
 65.5 1.87401E+04
 66.0 1.80968E+04
 66.5 1.74590E+04
 67.0 3.23510E+04
 67.5 1.61991E+04
 68.0 1.55768E+04
 68.5 1.49596E+04
 69.0 1.84234E+04
 69.5 1.36181E+04
 70.0 1.24427E+04
 70.5 1.19122E+04
 71.0 1.13819E+04
 71.5 1.08519E+04
 72.0 1.03222E+04
 72.5 9.79311E+03
 73.0 9.26464E+03
 73.5 8.73695E+03
 74.0 8.21014E+03
 74.5 7.68436E+03
 75.0 7.15971E+03
 75.5 6.63632E+03
 76.0 6.11431E+03
 76.5 5.59380E+03
 77.0 5.07489E+03
 77.5 4.55772E+03
 78.0 4.04240E+03
 78.5 3.52904E+03
 79.0 3.01775E+03
 79.5 2.50867E+03
 80.0 2.00189E+03
 80.5 1.49753E+03
 81.0 9.95705E+02
 81.5 4.96532E+02
 82.0 4.13093E+01
