082K20D0W2
  0.5 0.00000E+00
  1.0 0.00000E+00
  1.5 0.00000E+00
  2.0 0.00000E+00
  2.5 0.00000E+00
  3.0 0.00000E+00
  3.5 4.90700E+04
  4.0 6.26520E+04
  4.5 7.69879E+04
  5.0 9.21189E+04
  5.5 1.08117E+05
  6.0 1.25095E+05
  6.5 1.43196E+05
  7.0 1.62499E+05
  7.5 1.82880E+05
  8.0 2.03933E+05
  8.5 3.43813E+06
  9.0 2.45299E+05
  9.5 2.11272E+06
 10.0 1.76278E+06
 10.5 1.09991E+05
 11.0 1.18087E+05
 11.5 3.84942E+05
 12.0 8.92730E+04
 12.5 8.26269E+04
 13.0 8.74973E+04
 13.5 9.23464E+04
 14.0 9.71187E+04
 14.5 1.01754E+05
 15.0 1.06192E+05
 15.5 1.10376E+05
 16.0 1.14256E+05
 16.5 1.17791E+05
 17.0 1.20951E+05
 17.5 1.23715E+05
 18.0 1.26073E+05
 18.5 1.28023E+05
 19.0 1.29572E+05
 19.5 1.30732E+05
 20.0 1.31520E+05
 20.5 1.31959E+05
 21.0 1.32072E+05
 21.5 1.31885E+05
 22.0 1.31424E+05
 22.5 1.30716E+05
 23.0 1.29785E+05
 23.5 1.28658E+05
 24.0 1.27358E+05
 24.5 1.25907E+05
 25.0 1.24326E+05
 25.5 1.22635E+05
 26.0 1.20851E+05
 26.5 1.18990E+05
 27.0 1.17066E+05
 27.5 1.15094E+05
 28.0 1.13084E+05
 28.5 1.11047E+05
 29.0 1.08993E+05
 29.5 1.06929E+05
 30.0 1.04863E+05
 30.5 1.02801E+05
 31.0 1.00749E+05
 31.5 9.87110E+04
 32.0 9.66911E+04
 32.5 9.46928E+04
 33.0 9.27191E+04
 33.5 9.07723E+04
 34.0 8.88543E+04
 34.5 8.69668E+04
 35.0 8.51109E+04
 35.5 8.32877E+04
 36.0 8.14978E+04
 36.5 7.97417E+04
 37.0 7.80196E+04
 37.5 7.63316E+04
 38.0 7.46776E+04
 38.5 7.30575E+04
 39.0 7.14710E+04
 39.5 6.99176E+04
 40.0 6.83968E+04
 40.5 6.69082E+04
 41.0 6.54512E+04
 41.5 6.40250E+04
 42.0 6.26291E+04
 42.5 6.12626E+04
 43.0 5.99249E+04
 43.5 5.86153E+04
 44.0 5.73330E+04
 44.5 5.60771E+04
 45.0 5.48471E+04
 45.5 5.36420E+04
 46.0 5.24613E+04
 46.5 5.13040E+04
 47.0 5.01695E+04
 47.5 4.90571E+04
 48.0 4.79660E+04
 48.5 4.68955E+04
 49.0 4.58451E+04
 49.5 4.48139E+04
 50.0 4.38013E+04
 50.5 4.28068E+04
 51.0 4.18297E+04
 51.5 4.08693E+04
 52.0 3.99252E+04
 52.5 3.89968E+04
 53.0 3.80835E+04
 53.5 3.71847E+04
 54.0 3.63001E+04
 54.5 3.54290E+04
 55.0 3.45711E+04
 55.5 3.37258E+04
 56.0 3.28928E+04
 56.5 3.20716E+04
 57.0 3.12618E+04
 57.5 3.04630E+04
 58.0 5.76222E+04
 58.5 2.88969E+04
 59.0 2.81290E+04
 59.5 7.60019E+04
 60.0 2.66216E+04
 60.5 2.58815E+04
 61.0 2.51501E+04
 61.5 2.44272E+04
 62.0 2.37124E+04
 62.5 2.30055E+04
 63.0 2.23063E+04
 63.5 2.16146E+04
 64.0 2.09300E+04
 64.5 2.02525E+04
 65.0 1.95818E+04
 65.5 1.89178E+04
 66.0 1.82602E+04
 66.5 1.76089E+04
 67.0 3.27308E+04
 67.5 1.63247E+04
 68.0 1.56914E+04
 68.5 1.50639E+04
 69.0 1.85769E+04
 69.5 1.37467E+04
 70.0 1.27650E+04
 70.5 1.22034E+04
 71.0 1.16440E+04
 71.5 1.10868E+04
 72.0 1.05319E+04
 72.5 9.97936E+03
 73.0 9.42918E+03
 73.5 8.88143E+03
 74.0 8.33618E+03
 74.5 7.79346E+03
 75.0 7.25335E+03
 75.5 6.71591E+03
 76.0 6.18118E+03
 76.5 5.64924E+03
 77.0 5.12014E+03
 77.5 4.59395E+03
 78.0 4.07073E+03
 78.5 3.55055E+03
 79.0 3.03347E+03
 79.5 2.51957E+03
 80.0 2.00892E+03
 80.5 1.50157E+03
 81.0 9.97617E+02
 81.5 4.97118E+02
 82.0 4.13399E+01
