083K09D0W2
  0.5 0.00000E+00
  1.0 0.00000E+00
  1.5 0.00000E+00
  2.0 0.00000E+00
  2.5 0.00000E+00
  3.0 0.00000E+00
  3.5 1.75570E+04
  4.0 2.35810E+04
  4.5 2.98300E+04
  5.0 3.62829E+04
  5.5 4.29321E+04
  6.0 4.97750E+04
  6.5 5.68126E+04
  7.0 6.40490E+04
  7.5 7.14925E+04
  8.0 7.91560E+04
  8.5 8.50858E+05
  9.0 9.52003E+04
  9.5 7.73511E+05
 10.0 6.47838E+05
 10.5 4.36289E+04
 11.0 4.67139E+04
 11.5 9.67276E+04
 12.0 3.56147E+04
 12.5 3.30345E+04
 13.0 3.49401E+04
 13.5 3.68571E+04
 14.0 3.87849E+04
 14.5 4.07227E+04
 15.0 4.26690E+04
 15.5 4.46216E+04
 16.0 4.65773E+04
 16.5 4.85314E+04
 17.0 5.04779E+04
 17.5 5.24093E+04
 18.0 5.43167E+04
 18.5 5.61902E+04
 19.0 5.80189E+04
 19.5 5.97917E+04
 20.0 6.14975E+04
 20.5 6.31257E+04
 21.0 6.46663E+04
 21.5 6.61107E+04
 22.0 6.74512E+04
 22.5 6.86818E+04
 23.0 6.97980E+04
 23.5 7.07966E+04
 24.0 7.16760E+04
 24.5 7.24359E+04
 25.0 7.30772E+04
 25.5 7.36018E+04
 26.0 7.40127E+04
 26.5 7.43136E+04
 27.0 7.45089E+04
 27.5 7.46033E+04
 28.0 7.46021E+04
 28.5 7.45106E+04
 29.0 7.43346E+04
 29.5 7.40798E+04
 30.0 7.37516E+04
 30.5 7.33557E+04
 31.0 7.28976E+04
 31.5 7.23825E+04
 32.0 7.18154E+04
 32.5 7.12013E+04
 33.0 7.05448E+04
 33.5 6.98502E+04
 34.0 6.91216E+04
 34.5 6.83629E+04
 35.0 6.75776E+04
 35.5 6.67690E+04
 36.0 6.59403E+04
 36.5 6.50944E+04
 37.0 6.42337E+04
 37.5 6.33608E+04
 38.0 6.24779E+04
 38.5 6.15869E+04
 39.0 6.06898E+04
 39.5 5.97881E+04
 40.0 5.88834E+04
 40.5 5.79770E+04
 41.0 5.70701E+04
 41.5 5.61638E+04
 42.0 5.52591E+04
 42.5 5.43569E+04
 43.0 5.34580E+04
 43.5 5.25629E+04
 44.0 5.16723E+04
 44.5 5.07866E+04
 45.0 4.99065E+04
 45.5 4.90322E+04
 46.0 4.81640E+04
 46.5 4.73022E+04
 47.0 4.64470E+04
 47.5 4.55987E+04
 48.0 4.47573E+04
 48.5 4.39230E+04
 49.0 4.30959E+04
 49.5 4.22759E+04
 50.0 4.14631E+04
 50.5 4.06576E+04
 51.0 3.98593E+04
 51.5 3.90681E+04
 52.0 3.82841E+04
 52.5 3.75071E+04
 53.0 3.67371E+04
 53.5 3.59741E+04
 54.0 3.52178E+04
 54.5 3.44683E+04
 55.0 3.37254E+04
 55.5 3.29891E+04
 56.0 3.22592E+04
 56.5 3.15355E+04
 57.0 3.08181E+04
 57.5 3.01067E+04
 58.0 5.93348E+04
 58.5 2.87018E+04
 59.0 2.80081E+04
 59.5 7.95833E+04
 60.0 2.66373E+04
 60.5 2.59601E+04
 61.0 2.52882E+04
 61.5 2.46215E+04
 62.0 2.39599E+04
 62.5 2.33034E+04
 63.0 2.26518E+04
 63.5 2.20050E+04
 64.0 2.13629E+04
 64.5 2.07255E+04
 65.0 2.00927E+04
 65.5 1.94644E+04
 66.0 1.88405E+04
 66.5 1.82211E+04
 67.0 3.48089E+04
 67.5 1.69949E+04
 68.0 1.63882E+04
 68.5 1.57855E+04
 69.0 1.97121E+04
 69.5 1.43923E+04
 70.0 1.28544E+04
 70.5 1.23711E+04
 71.0 1.18855E+04
 71.5 1.13976E+04
 72.0 1.09078E+04
 72.5 1.04162E+04
 73.0 9.92305E+03
 73.5 9.42845E+03
 74.0 8.93264E+03
 74.5 8.43579E+03
 75.0 7.93810E+03
 75.5 7.43974E+03
 76.0 6.94088E+03
 76.5 6.44172E+03
 77.0 5.94241E+03
 77.5 5.44313E+03
 78.0 4.94405E+03
 78.5 4.44534E+03
 79.0 3.94716E+03
 79.5 3.44968E+03
 80.0 2.95305E+03
 80.5 2.45744E+03
 81.0 1.96300E+03
 81.5 1.46990E+03
 82.0 9.78272E+02
 82.5 4.88283E+02
 83.0 4.06453E+01
