083K08D0W2
  0.5 0.00000E+00
  1.0 0.00000E+00
  1.5 0.00000E+00
  2.0 0.00000E+00
  2.5 0.00000E+00
  3.0 0.00000E+00
  3.5 1.49454E+04
  4.0 2.03236E+04
  4.5 2.59000E+04
  5.0 3.16484E+04
  5.5 3.75582E+04
  6.0 4.36249E+04
  6.5 4.98468E+04
  7.0 5.62247E+04
  7.5 6.27617E+04
  8.0 6.94645E+04
  8.5 6.29561E+05
  9.0 8.34063E+04
  9.5 6.23372E+05
 10.0 5.23090E+05
 10.5 3.83222E+04
 11.0 4.10336E+04
 11.5 7.54182E+04
 12.0 3.12897E+04
 12.5 2.90246E+04
 13.0 3.07039E+04
 13.5 3.23905E+04
 14.0 3.40839E+04
 14.5 3.57834E+04
 15.0 3.74884E+04
 15.5 3.91975E+04
 16.0 4.09093E+04
 16.5 4.26214E+04
 17.0 4.43305E+04
 17.5 4.60324E+04
 18.0 4.77218E+04
 18.5 4.93923E+04
 19.0 5.10369E+04
 19.5 5.26474E+04
 20.0 5.42155E+04
 20.5 5.57327E+04
 21.0 5.71904E+04
 21.5 5.85805E+04
 22.0 5.98957E+04
 22.5 6.11293E+04
 23.0 6.22757E+04
 23.5 6.33302E+04
 24.0 6.42895E+04
 24.5 6.51510E+04
 25.0 6.59136E+04
 25.5 6.65769E+04
 26.0 6.71414E+04
 26.5 6.76087E+04
 27.0 6.79809E+04
 27.5 6.82609E+04
 28.0 6.84517E+04
 28.5 6.85572E+04
 29.0 6.85813E+04
 29.5 6.85283E+04
 30.0 6.84024E+04
 30.5 6.82081E+04
 31.0 6.79500E+04
 31.5 6.76324E+04
 32.0 6.72596E+04
 32.5 6.68360E+04
 33.0 6.63656E+04
 33.5 6.58524E+04
 34.0 6.53002E+04
 34.5 6.47125E+04
 35.0 6.40929E+04
 35.5 6.34444E+04
 36.0 6.27702E+04
 36.5 6.20731E+04
 37.0 6.13556E+04
 37.5 6.06204E+04
 38.0 5.98696E+04
 38.5 5.91053E+04
 39.0 5.83296E+04
 39.5 5.75442E+04
 40.0 5.67507E+04
 40.5 5.59506E+04
 41.0 5.51453E+04
 41.5 5.43361E+04
 42.0 5.35240E+04
 42.5 5.27102E+04
 43.0 5.18955E+04
 43.5 5.10808E+04
 44.0 5.02667E+04
 44.5 4.94541E+04
 45.0 4.86434E+04
 45.5 4.78352E+04
 46.0 4.70300E+04
 46.5 4.62282E+04
 47.0 4.54301E+04
 47.5 4.46360E+04
 48.0 4.38462E+04
 48.5 4.30610E+04
 49.0 4.22805E+04
 49.5 4.15049E+04
 50.0 4.07343E+04
 50.5 3.99689E+04
 51.0 3.92087E+04
 51.5 3.84537E+04
 52.0 3.77040E+04
 52.5 3.69597E+04
 53.0 3.62208E+04
 53.5 3.54872E+04
 54.0 3.47589E+04
 54.5 3.40359E+04
 55.0 3.33183E+04
 55.5 3.26058E+04
 56.0 3.18986E+04
 56.5 3.11965E+04
 57.0 3.04995E+04
 57.5 2.98075E+04
 58.0 5.86849E+04
 58.5 2.84383E+04
 59.0 2.77611E+04
 59.5 7.87447E+04
 60.0 2.64207E+04
 60.5 2.57575E+04
 61.0 2.50989E+04
 61.5 2.44448E+04
 62.0 2.37951E+04
 62.5 2.31497E+04
 63.0 2.25087E+04
 63.5 2.18719E+04
 64.0 2.12393E+04
 64.5 2.06109E+04
 65.0 1.99865E+04
 65.5 1.93661E+04
 66.0 1.87498E+04
 66.5 1.81373E+04
 67.0 3.45868E+04
 67.5 1.69240E+04
 68.0 1.63231E+04
 68.5 1.57260E+04
 69.0 1.96224E+04
 69.5 1.43198E+04
 70.0 1.26778E+04
 70.5 1.22099E+04
 71.0 1.17388E+04
 71.5 1.12646E+04
 72.0 1.07877E+04
 72.5 1.03082E+04
 73.0 9.82625E+03
 73.5 9.34219E+03
 74.0 8.85618E+03
 74.5 8.36844E+03
 75.0 7.87917E+03
 75.5 7.38857E+03
 76.0 6.89683E+03
 76.5 6.40417E+03
 77.0 5.91077E+03
 77.5 5.41683E+03
 78.0 4.92253E+03
 78.5 4.42807E+03
 79.0 3.93362E+03
 79.5 3.43937E+03
 80.0 2.94550E+03
 80.5 2.45219E+03
 81.0 1.95961E+03
 81.5 1.46794E+03
 82.0 9.77345E+02
 82.5 4.87998E+02
 83.0 4.06304E+01
