083K17D0W2
  0.5 0.00000E+00
  1.0 0.00000E+00
  1.5 0.00000E+00
  2.0 0.00000E+00
  2.5 0.00000E+00
  3.0 0.00000E+00
  3.5 3.96479E+04
  4.0 5.09744E+04
  4.5 6.28662E+04
  5.0 7.53387E+04
  5.5 8.84231E+04
  6.0 1.02172E+05
  6.5 1.16667E+05
  7.0 1.31998E+05
  7.5 1.48208E+05
  8.0 1.65201E+05
  8.5 2.78126E+06
  9.0 2.00233E+05
  9.5 1.81628E+06
 10.0 1.51571E+06
 10.5 8.96689E+04
 11.0 9.62641E+04
 11.5 3.04105E+05
 12.0 7.29570E+04
 12.5 6.75847E+04
 13.0 7.15764E+04
 13.5 7.55998E+04
 14.0 7.96274E+04
 14.5 8.36246E+04
 15.0 8.75518E+04
 15.5 9.13665E+04
 16.0 9.50262E+04
 16.5 9.84905E+04
 17.0 1.01723E+05
 17.5 1.04695E+05
 18.0 1.07380E+05
 18.5 1.09764E+05
 19.0 1.11835E+05
 19.5 1.13590E+05
 20.0 1.15031E+05
 20.5 1.16164E+05
 21.0 1.17001E+05
 21.5 1.17555E+05
 22.0 1.17841E+05
 22.5 1.17879E+05
 23.0 1.17686E+05
 23.5 1.17281E+05
 24.0 1.16684E+05
 24.5 1.15913E+05
 25.0 1.14987E+05
 25.5 1.13923E+05
 26.0 1.12737E+05
 26.5 1.11446E+05
 27.0 1.10062E+05
 27.5 1.08601E+05
 28.0 1.07073E+05
 28.5 1.05491E+05
 29.0 1.03864E+05
 29.5 1.02202E+05
 30.0 1.00512E+05
 30.5 9.88032E+04
 31.0 9.70809E+04
 31.5 9.53514E+04
 32.0 9.36199E+04
 32.5 9.18910E+04
 33.0 9.01686E+04
 33.5 8.84563E+04
 34.0 8.67569E+04
 34.5 8.50732E+04
 35.0 8.34073E+04
 35.5 8.17611E+04
 36.0 8.01361E+04
 36.5 7.85335E+04
 37.0 7.69544E+04
 37.5 7.53996E+04
 38.0 7.38698E+04
 38.5 7.23652E+04
 39.0 7.08863E+04
 39.5 6.94331E+04
 40.0 6.80058E+04
 40.5 6.66042E+04
 41.0 6.52282E+04
 41.5 6.38776E+04
 42.0 6.25521E+04
 42.5 6.12514E+04
 43.0 5.99749E+04
 43.5 5.87225E+04
 44.0 5.74935E+04
 44.5 5.62874E+04
 45.0 5.51039E+04
 45.5 5.39423E+04
 46.0 5.28021E+04
 46.5 5.16827E+04
 47.0 5.05837E+04
 47.5 4.95045E+04
 48.0 4.84445E+04
 48.5 4.74032E+04
 49.0 4.63800E+04
 49.5 4.53744E+04
 50.0 4.43858E+04
 50.5 4.34139E+04
 51.0 4.24579E+04
 51.5 4.15175E+04
 52.0 4.05921E+04
 52.5 3.96813E+04
 53.0 3.87846E+04
 53.5 3.79016E+04
 54.0 3.70317E+04
 54.5 3.61746E+04
 55.0 3.53299E+04
 55.5 3.44972E+04
 56.0 3.36760E+04
 56.5 3.28660E+04
 57.0 3.20668E+04
 57.5 3.12781E+04
 58.0 6.18761E+04
 58.5 2.97308E+04
 59.0 2.89715E+04
 59.5 8.28554E+04
 60.0 2.74803E+04
 60.5 2.67477E+04
 61.0 2.60235E+04
 61.5 2.53075E+04
 62.0 2.45992E+04
 62.5 2.38986E+04
 63.0 2.32054E+04
 63.5 2.25194E+04
 64.0 2.18404E+04
 64.5 2.11681E+04
 65.0 2.05025E+04
 65.5 1.98433E+04
 66.0 1.91903E+04
 66.5 1.85434E+04
 67.0 3.56674E+04
 67.5 1.72674E+04
 68.0 1.66380E+04
 68.5 1.60141E+04
 69.0 2.00573E+04
 69.5 1.46743E+04
 70.0 1.35546E+04
 70.5 1.30089E+04
 71.0 1.24645E+04
 71.5 1.19215E+04
 72.0 1.13801E+04
 72.5 1.08402E+04
 73.0 1.03020E+04
 73.5 9.76551E+03
 74.0 9.23081E+03
 74.5 8.69798E+03
 75.0 8.16710E+03
 75.5 7.63823E+03
 76.0 7.11146E+03
 76.5 6.58686E+03
 77.0 6.06451E+03
 77.5 5.54449E+03
 78.0 5.02686E+03
 78.5 4.51172E+03
 79.0 3.99913E+03
 79.5 3.48918E+03
 80.0 2.98195E+03
 80.5 2.47751E+03
 81.0 1.97596E+03
 81.5 1.47736E+03
 82.0 9.81800E+02
 82.5 4.89366E+02
 83.0 4.07017E+01
