083K10D0W2
  0.5 0.00000E+00
  1.0 0.00000E+00
  1.5 0.00000E+00
  2.0 0.00000E+00
  2.5 0.00000E+00
  3.0 0.00000E+00
  3.5 2.02039E+04
  4.0 2.68738E+04
  4.5 3.37997E+04
  5.0 4.09651E+04
  5.5 4.83650E+04
  6.0 5.59997E+04
  6.5 6.38735E+04
  7.0 7.19955E+04
  7.5 8.03810E+04
  8.0 8.90509E+04
  8.5 1.08716E+06
  9.0 1.07305E+05
  9.5 9.21868E+05
 10.0 7.71156E+05
 10.5 4.90190E+04
 11.0 5.24916E+04
 11.5 1.20039E+05
 12.0 4.00036E+04
 12.5 3.71020E+04
 13.0 3.92412E+04
 13.5 4.13966E+04
 14.0 4.35674E+04
 14.5 4.57518E+04
 15.0 4.79473E+04
 15.5 5.01496E+04
 16.0 5.23526E+04
 16.5 5.45485E+04
 17.0 5.67272E+04
 17.5 5.88773E+04
 18.0 6.09855E+04
 18.5 6.30382E+04
 19.0 6.50213E+04
 19.5 6.69210E+04
 20.0 6.87243E+04
 20.5 7.04195E+04
 21.0 7.19965E+04
 21.5 7.34468E+04
 22.0 7.47642E+04
 22.5 7.59440E+04
 23.0 7.69838E+04
 23.5 7.78826E+04
 24.0 7.86414E+04
 24.5 7.92622E+04
 25.0 7.97487E+04
 25.5 8.01053E+04
 26.0 8.03372E+04
 26.5 8.04505E+04
 27.0 8.04516E+04
 27.5 8.03472E+04
 28.0 8.01442E+04
 28.5 7.98497E+04
 29.0 7.94705E+04
 29.5 7.90135E+04
 30.0 7.84855E+04
 30.5 7.78927E+04
 31.0 7.72414E+04
 31.5 7.65374E+04
 32.0 7.57863E+04
 32.5 7.49934E+04
 33.0 7.41634E+04
 33.5 7.33009E+04
 34.0 7.24103E+04
 34.5 7.14954E+04
 35.0 7.05598E+04
 35.5 6.96068E+04
 36.0 6.86396E+04
 36.5 6.76608E+04
 37.0 6.66729E+04
 37.5 6.56783E+04
 38.0 6.46791E+04
 38.5 6.36770E+04
 39.0 6.26738E+04
 39.5 6.16709E+04
 40.0 6.06697E+04
 40.5 5.96713E+04
 41.0 5.86769E+04
 41.5 5.76872E+04
 42.0 5.67032E+04
 42.5 5.57255E+04
 43.0 5.47547E+04
 43.5 5.37913E+04
 44.0 5.28358E+04
 44.5 5.18884E+04
 45.0 5.09496E+04
 45.5 5.00195E+04
 46.0 4.90983E+04
 46.5 4.81862E+04
 47.0 4.72833E+04
 47.5 4.63896E+04
 48.0 4.55051E+04
 48.5 4.46299E+04
 49.0 4.37639E+04
 49.5 4.29071E+04
 50.0 4.20593E+04
 50.5 4.12206E+04
 51.0 4.03907E+04
 51.5 3.95696E+04
 52.0 3.87572E+04
 52.5 3.79533E+04
 53.0 3.71578E+04
 53.5 3.63705E+04
 54.0 3.55913E+04
 54.5 3.48199E+04
 55.0 3.40564E+04
 55.5 3.33004E+04
 56.0 3.25519E+04
 56.5 3.18107E+04
 57.0 3.10765E+04
 57.5 3.03493E+04
 58.0 5.98614E+04
 58.5 2.89153E+04
 59.0 2.82080E+04
 59.5 8.02623E+04
 60.0 2.68125E+04
 60.5 2.61239E+04
 61.0 2.54412E+04
 61.5 2.47643E+04
 62.0 2.40931E+04
 62.5 2.34275E+04
 63.0 2.27672E+04
 63.5 2.21123E+04
 64.0 2.14626E+04
 64.5 2.08180E+04
 65.0 2.01783E+04
 65.5 1.95436E+04
 66.0 1.89137E+04
 66.5 1.82885E+04
 67.0 3.49882E+04
 67.5 1.70520E+04
 68.0 1.64405E+04
 68.5 1.58334E+04
 69.0 1.97843E+04
 69.5 1.44509E+04
 70.0 1.29982E+04
 70.5 1.25023E+04
 71.0 1.20048E+04
 71.5 1.15057E+04
 72.0 1.10054E+04
 72.5 1.05039E+04
 73.0 1.00015E+04
 73.5 9.49834E+03
 74.0 8.99454E+03
 74.5 8.49029E+03
 75.0 7.98575E+03
 75.5 7.48108E+03
 76.0 6.97645E+03
 76.5 6.47201E+03
 77.0 5.96792E+03
 77.5 5.46433E+03
 78.0 4.96139E+03
 78.5 4.45925E+03
 79.0 3.95806E+03
 79.5 3.45797E+03
 80.0 2.95912E+03
 80.5 2.46166E+03
 81.0 1.96573E+03
 81.5 1.47147E+03
 82.0 9.79016E+02
 82.5 4.88512E+02
 83.0 4.06572E+01
