083K19D0W2
  0.5 0.00000E+00
  1.0 0.00000E+00
  1.5 0.00000E+00
  2.0 0.00000E+00
  2.5 0.00000E+00
  3.0 0.00000E+00
  3.5 4.55255E+04
  4.0 5.82582E+04
  4.5 7.16721E+04
  5.0 8.57970E+04
  5.5 1.00686E+05
  6.0 1.16427E+05
  6.5 1.33139E+05
  7.0 1.50922E+05
  7.5 1.69746E+05
  8.0 1.89351E+05
  8.5 3.22089E+06
  9.0 2.28743E+05
  9.5 2.02291E+06
 10.0 1.68787E+06
 10.5 1.02410E+05
 11.0 1.09983E+05
 11.5 3.56724E+05
 12.0 8.32334E+04
 12.5 7.70728E+04
 13.0 8.16419E+04
 13.5 8.62202E+04
 14.0 9.07636E+04
 14.5 9.52213E+04
 15.0 9.95398E+04
 15.5 1.03666E+05
 16.0 1.07550E+05
 16.5 1.11150E+05
 17.0 1.14430E+05
 17.5 1.17364E+05
 18.0 1.19934E+05
 18.5 1.22132E+05
 19.0 1.23956E+05
 19.5 1.25413E+05
 20.0 1.26513E+05
 20.5 1.27271E+05
 21.0 1.27708E+05
 21.5 1.27844E+05
 22.0 1.27701E+05
 22.5 1.27304E+05
 23.0 1.26675E+05
 23.5 1.25838E+05
 24.0 1.24816E+05
 24.5 1.23629E+05
 25.0 1.22299E+05
 25.5 1.20844E+05
 26.0 1.19281E+05
 26.5 1.17628E+05
 27.0 1.15899E+05
 27.5 1.14107E+05
 28.0 1.12266E+05
 28.5 1.10385E+05
 29.0 1.08475E+05
 29.5 1.06544E+05
 30.0 1.04601E+05
 30.5 1.02653E+05
 31.0 1.00704E+05
 31.5 9.87615E+04
 32.0 9.68291E+04
 32.5 9.49110E+04
 33.0 9.30104E+04
 33.5 9.11305E+04
 34.0 8.92735E+04
 34.5 8.74415E+04
 35.0 8.56361E+04
 35.5 8.38588E+04
 36.0 8.21105E+04
 36.5 8.03921E+04
 37.0 7.87040E+04
 37.5 7.70469E+04
 38.0 7.54207E+04
 38.5 7.38256E+04
 39.0 7.22615E+04
 39.5 7.07283E+04
 40.0 6.92257E+04
 40.5 6.77533E+04
 41.0 6.63107E+04
 41.5 6.48973E+04
 42.0 6.35128E+04
 42.5 6.21565E+04
 43.0 6.08277E+04
 43.5 5.95260E+04
 44.0 5.82505E+04
 44.5 5.70008E+04
 45.0 5.57760E+04
 45.5 5.45756E+04
 46.0 5.33988E+04
 46.5 5.22449E+04
 47.0 5.11134E+04
 47.5 5.00034E+04
 48.0 4.89145E+04
 48.5 4.78458E+04
 49.0 4.67968E+04
 49.5 4.57669E+04
 50.0 4.47554E+04
 50.5 4.37618E+04
 51.0 4.27854E+04
 51.5 4.18256E+04
 52.0 4.08820E+04
 52.5 3.99540E+04
 53.0 3.90410E+04
 53.5 3.81426E+04
 54.0 3.72582E+04
 54.5 3.63874E+04
 55.0 3.55297E+04
 55.5 3.46847E+04
 56.0 3.38520E+04
 56.5 3.30310E+04
 57.0 3.22216E+04
 57.5 3.14231E+04
 58.0 6.21904E+04
 58.5 2.98579E+04
 59.0 2.90904E+04
 59.5 8.32593E+04
 60.0 2.75841E+04
 60.5 2.68447E+04
 61.0 2.61140E+04
 61.5 2.53917E+04
 62.0 2.46777E+04
 62.5 2.39717E+04
 63.0 2.32733E+04
 63.5 2.25824E+04
 64.0 2.18988E+04
 64.5 2.12223E+04
 65.0 2.05526E+04
 65.5 1.98895E+04
 66.0 1.92330E+04
 66.5 1.85828E+04
 67.0 3.57725E+04
 67.5 1.73006E+04
 68.0 1.66684E+04
 68.5 1.60420E+04
 69.0 2.00995E+04
 69.5 1.47090E+04
 70.0 1.36423E+04
 70.5 1.30886E+04
 71.0 1.25367E+04
 71.5 1.19868E+04
 72.0 1.14388E+04
 72.5 1.08928E+04
 73.0 1.03489E+04
 73.5 9.80717E+03
 74.0 9.26761E+03
 74.5 8.73028E+03
 75.0 8.19526E+03
 75.5 7.66261E+03
 76.0 7.13238E+03
 76.5 6.60464E+03
 77.0 6.07944E+03
 77.5 5.55686E+03
 78.0 5.03696E+03
 78.5 4.51980E+03
 79.0 4.00545E+03
 79.5 3.49398E+03
 80.0 2.98545E+03
 80.5 2.47995E+03
 81.0 1.97752E+03
 81.5 1.47826E+03
 82.0 9.82227E+02
 82.5 4.89496E+02
 83.0 4.07085E+01
