083K18D0W2
  0.5 0.00000E+00
  1.0 0.00000E+00
  1.5 0.00000E+00
  2.0 0.00000E+00
  2.5 0.00000E+00
  3.0 0.00000E+00
  3.5 4.25665E+04
  4.0 5.45907E+04
  4.5 6.72365E+04
  5.0 8.05261E+04
  5.5 9.45006E+04
  6.0 1.09229E+05
  6.5 1.24811E+05
  7.0 1.41345E+05
  7.5 1.58846E+05
  8.0 1.77145E+05
  8.5 3.00446E+06
  9.0 2.14417E+05
  9.5 1.92202E+06
 10.0 1.60381E+06
 10.5 9.59705E+04
 11.0 1.03053E+05
 11.5 3.30561E+05
 12.0 7.80423E+04
 12.5 7.22806E+04
 13.0 7.65603E+04
 13.5 8.08628E+04
 14.0 8.51527E+04
 14.5 8.93871E+04
 15.0 9.35196E+04
 15.5 9.75018E+04
 16.0 1.01287E+05
 16.5 1.04833E+05
 17.0 1.08104E+05
 17.5 1.11071E+05
 18.0 1.13713E+05
 18.5 1.16016E+05
 19.0 1.17976E+05
 19.5 1.19592E+05
 20.0 1.20871E+05
 20.5 1.21824E+05
 21.0 1.22466E+05
 21.5 1.22815E+05
 22.0 1.22890E+05
 22.5 1.22712E+05
 23.0 1.22302E+05
 23.5 1.21681E+05
 24.0 1.20871E+05
 24.5 1.19890E+05
 25.0 1.18760E+05
 25.5 1.17498E+05
 26.0 1.16121E+05
 26.5 1.14645E+05
 27.0 1.13085E+05
 27.5 1.11455E+05
 28.0 1.09767E+05
 28.5 1.08032E+05
 29.0 1.06259E+05
 29.5 1.04459E+05
 30.0 1.02639E+05
 30.5 1.00807E+05
 31.0 9.89677E+04
 31.5 9.71281E+04
 32.0 9.52927E+04
 32.5 9.34659E+04
 33.0 9.16513E+04
 33.5 8.98521E+04
 34.0 8.80710E+04
 34.5 8.63103E+04
 35.0 8.45720E+04
 35.5 8.28576E+04
 36.0 8.11685E+04
 36.5 7.95056E+04
 37.0 7.78698E+04
 37.5 7.62617E+04
 38.0 7.46817E+04
 38.5 7.31299E+04
 39.0 7.16066E+04
 39.5 7.01117E+04
 40.0 6.86450E+04
 40.5 6.72065E+04
 41.0 6.57957E+04
 41.5 6.44123E+04
 42.0 6.30559E+04
 42.5 6.17261E+04
 43.0 6.04223E+04
 43.5 5.91441E+04
 44.0 5.78908E+04
 44.5 5.66618E+04
 45.0 5.54567E+04
 45.5 5.42747E+04
 46.0 5.31154E+04
 46.5 5.19780E+04
 47.0 5.08619E+04
 47.5 4.97666E+04
 48.0 4.86914E+04
 48.5 4.76357E+04
 49.0 4.65990E+04
 49.5 4.55807E+04
 50.0 4.45801E+04
 50.5 4.35967E+04
 51.0 4.26300E+04
 51.5 4.16795E+04
 52.0 4.07445E+04
 52.5 3.98247E+04
 53.0 3.89194E+04
 53.5 3.80283E+04
 54.0 3.71508E+04
 54.5 3.62865E+04
 55.0 3.54350E+04
 55.5 3.45958E+04
 56.0 3.37686E+04
 56.5 3.29528E+04
 57.0 3.21482E+04
 57.5 3.13544E+04
 58.0 6.20414E+04
 58.5 2.97977E+04
 59.0 2.90341E+04
 59.5 8.30679E+04
 60.0 2.75349E+04
 60.5 2.67987E+04
 61.0 2.60711E+04
 61.5 2.53518E+04
 62.0 2.46405E+04
 62.5 2.39371E+04
 63.0 2.32412E+04
 63.5 2.25526E+04
 64.0 2.18711E+04
 64.5 2.11966E+04
 65.0 2.05288E+04
 65.5 1.98676E+04
 66.0 1.92128E+04
 66.5 1.85641E+04
 67.0 3.57228E+04
 67.5 1.72849E+04
 68.0 1.66540E+04
 68.5 1.60288E+04
 69.0 2.00795E+04
 69.5 1.46926E+04
 70.0 1.36007E+04
 70.5 1.30508E+04
 71.0 1.25025E+04
 71.5 1.19558E+04
 72.0 1.14110E+04
 72.5 1.08679E+04
 73.0 1.03267E+04
 73.5 9.78743E+03
 74.0 9.25017E+03
 74.5 8.71498E+03
 75.0 8.18192E+03
 75.5 7.65106E+03
 76.0 7.12247E+03
 76.5 6.59622E+03
 77.0 6.07237E+03
 77.5 5.55100E+03
 78.0 5.03218E+03
 78.5 4.51597E+03
 79.0 4.00246E+03
 79.5 3.49171E+03
 80.0 2.98379E+03
 80.5 2.47879E+03
 81.0 1.97678E+03
 81.5 1.47783E+03
 82.0 9.82025E+02
 82.5 4.89435E+02
 83.0 4.07053E+01
