083K16D0W2
  0.5 0.00000E+00
  1.0 0.00000E+00
  1.5 0.00000E+00
  2.0 0.00000E+00
  2.5 0.00000E+00
  3.0 0.00000E+00
  3.5 3.67676E+04
  4.0 4.74065E+04
  4.5 5.85573E+04
  5.0 7.02298E+04
  5.5 8.24466E+04
  6.0 9.52477E+04
  6.5 1.08696E+05
  7.0 1.22870E+05
  7.5 1.37826E+05
  8.0 1.53525E+05
  8.5 2.55149E+06
  9.0 1.86220E+05
  9.5 1.70541E+06
 10.0 1.42335E+06
 10.5 8.35018E+04
 11.0 8.96147E+04
 11.5 2.77414E+05
 12.0 6.79747E+04
 12.5 6.29821E+04
 13.0 6.66892E+04
 13.5 7.04325E+04
 14.0 7.41919E+04
 14.5 7.79402E+04
 15.0 8.16453E+04
 15.5 8.52710E+04
 16.0 8.87794E+04
 16.5 9.21335E+04
 17.0 9.52983E+04
 17.5 9.82435E+04
 18.0 1.00944E+05
 18.5 1.03379E+05
 19.0 1.05536E+05
 19.5 1.07407E+05
 20.0 1.08989E+05
 20.5 1.10286E+05
 21.0 1.11302E+05
 21.5 1.12050E+05
 22.0 1.12540E+05
 22.5 1.12787E+05
 23.0 1.12807E+05
 23.5 1.12617E+05
 24.0 1.12234E+05
 24.5 1.11675E+05
 25.0 1.10957E+05
 25.5 1.10095E+05
 26.0 1.09106E+05
 26.5 1.08005E+05
 27.0 1.06805E+05
 27.5 1.05520E+05
 28.0 1.04161E+05
 28.5 1.02739E+05
 29.0 1.01266E+05
 29.5 9.97493E+04
 30.0 9.81984E+04
 30.5 9.66206E+04
 31.0 9.50228E+04
 31.5 9.34110E+04
 32.0 9.17909E+04
 32.5 9.01671E+04
 33.0 8.85440E+04
 33.5 8.69254E+04
 34.0 8.53144E+04
 34.5 8.37140E+04
 35.0 8.21266E+04
 35.5 8.05543E+04
 36.0 7.89990E+04
 36.5 7.74620E+04
 37.0 7.59447E+04
 37.5 7.44482E+04
 38.0 7.29731E+04
 38.5 7.15201E+04
 39.0 7.00898E+04
 39.5 6.86825E+04
 40.0 6.72982E+04
 40.5 6.59372E+04
 41.0 6.45995E+04
 41.5 6.32850E+04
 42.0 6.19934E+04
 42.5 6.07247E+04
 43.0 5.94784E+04
 43.5 5.82544E+04
 44.0 5.70522E+04
 44.5 5.58714E+04
 45.0 5.47117E+04
 45.5 5.35726E+04
 46.0 5.24536E+04
 46.5 5.13543E+04
 47.0 5.02742E+04
 47.5 4.92127E+04
 48.0 4.81696E+04
 48.5 4.71441E+04
 49.0 4.61359E+04
 49.5 4.51445E+04
 50.0 4.41693E+04
 50.5 4.32100E+04
 51.0 4.22660E+04
 51.5 4.13369E+04
 52.0 4.04221E+04
 52.5 3.95214E+04
 53.0 3.86342E+04
 53.5 3.77601E+04
 54.0 3.68988E+04
 54.5 3.60497E+04
 55.0 3.52126E+04
 55.5 3.43870E+04
 56.0 3.35726E+04
 56.5 3.27690E+04
 57.0 3.19758E+04
 57.5 3.11928E+04
 58.0 6.16912E+04
 58.5 2.96560E+04
 59.0 2.89016E+04
 59.5 8.26178E+04
 60.0 2.74192E+04
 60.5 2.66907E+04
 61.0 2.59703E+04
 61.5 2.52578E+04
 62.0 2.45530E+04
 62.5 2.38556E+04
 63.0 2.31655E+04
 63.5 2.24823E+04
 64.0 2.18059E+04
 64.5 2.11362E+04
 65.0 2.04730E+04
 65.5 1.98160E+04
 66.0 1.91651E+04
 66.5 1.85202E+04
 67.0 3.56055E+04
 67.5 1.72478E+04
 68.0 1.66201E+04
 68.5 1.59977E+04
 69.0 2.00325E+04
 69.5 1.46538E+04
 70.0 1.35032E+04
 70.5 1.29621E+04
 71.0 1.24221E+04
 71.5 1.18832E+04
 72.0 1.13456E+04
 72.5 1.08093E+04
 73.0 1.02744E+04
 73.5 9.74101E+03
 74.0 9.20917E+03
 74.5 8.67897E+03
 75.0 8.15052E+03
 75.5 7.62388E+03
 76.0 7.09914E+03
 76.5 6.57639E+03
 77.0 6.05571E+03
 77.5 5.53719E+03
 78.0 5.02091E+03
 78.5 4.50695E+03
 79.0 3.99540E+03
 79.5 3.48635E+03
 80.0 2.97988E+03
 80.5 2.47608E+03
 81.0 1.97503E+03
 81.5 1.47683E+03
 82.0 9.81549E+02
 82.5 4.89289E+02
 83.0 4.06977E+01
