083K20D0W2
  0.5 0.00000E+00
  1.0 0.00000E+00
  1.5 0.00000E+00
  2.0 0.00000E+00
  2.5 0.00000E+00
  3.0 0.00000E+00
  3.5 4.85274E+04
  4.0 6.19802E+04
  4.5 7.61772E+04
  5.0 9.11572E+04
  5.5 1.06987E+05
  6.0 1.23777E+05
  6.5 1.41664E+05
  7.0 1.60740E+05
  7.5 1.80912E+05
  8.0 2.01813E+05
  8.5 3.43053E+06
  9.0 2.43184E+05
  9.5 2.11927E+06
 10.0 1.76815E+06
 10.5 1.08991E+05
 11.0 1.17051E+05
 11.5 3.82554E+05
 12.0 8.85326E+04
 12.5 8.19635E+04
 13.0 8.68214E+04
 13.5 9.16698E+04
 14.0 9.64556E+04
 14.5 1.01120E+05
 15.0 1.05603E+05
 15.5 1.09849E+05
 16.0 1.13805E+05
 16.5 1.17431E+05
 17.0 1.20691E+05
 17.5 1.23565E+05
 18.0 1.26038E+05
 18.5 1.28107E+05
 19.0 1.29776E+05
 19.5 1.31056E+05
 20.0 1.31962E+05
 20.5 1.32514E+05
 21.0 1.32736E+05
 21.5 1.32652E+05
 22.0 1.32288E+05
 22.5 1.31669E+05
 23.0 1.30822E+05
 23.5 1.29771E+05
 24.0 1.28539E+05
 24.5 1.27150E+05
 25.0 1.25625E+05
 25.5 1.23982E+05
 26.0 1.22241E+05
 26.5 1.20416E+05
 27.0 1.18524E+05
 27.5 1.16578E+05
 28.0 1.14590E+05
 28.5 1.12571E+05
 29.0 1.10530E+05
 29.5 1.08477E+05
 30.0 1.06418E+05
 30.5 1.04360E+05
 31.0 1.02308E+05
 31.5 1.00269E+05
 32.0 9.82456E+04
 32.5 9.62421E+04
 33.0 9.42614E+04
 33.5 9.23062E+04
 34.0 9.03785E+04
 34.5 8.84803E+04
 35.0 8.66127E+04
 35.5 8.47770E+04
 36.0 8.29739E+04
 36.5 8.12040E+04
 37.0 7.94678E+04
 37.5 7.77653E+04
 38.0 7.60966E+04
 38.5 7.44615E+04
 39.0 7.28600E+04
 39.5 7.12915E+04
 40.0 6.97558E+04
 40.5 6.82523E+04
 41.0 6.67804E+04
 41.5 6.53396E+04
 42.0 6.39292E+04
 42.5 6.25486E+04
 43.0 6.11970E+04
 43.5 5.98737E+04
 44.0 5.85781E+04
 44.5 5.73092E+04
 45.0 5.60665E+04
 45.5 5.48492E+04
 46.0 5.36565E+04
 46.5 5.24876E+04
 47.0 5.13419E+04
 47.5 5.02187E+04
 48.0 4.91172E+04
 48.5 4.80367E+04
 49.0 4.69765E+04
 49.5 4.59361E+04
 50.0 4.49146E+04
 50.5 4.39116E+04
 51.0 4.29263E+04
 51.5 4.19582E+04
 52.0 4.10067E+04
 52.5 4.00713E+04
 53.0 3.91512E+04
 53.5 3.82462E+04
 54.0 3.73556E+04
 54.5 3.64788E+04
 55.0 3.56156E+04
 55.5 3.47653E+04
 56.0 3.39276E+04
 56.5 3.31019E+04
 57.0 3.22880E+04
 57.5 3.14854E+04
 58.0 6.23253E+04
 58.5 2.99124E+04
 59.0 2.91414E+04
 59.5 8.34327E+04
 60.0 2.76287E+04
 60.5 2.68862E+04
 61.0 2.61528E+04
 61.5 2.54279E+04
 62.0 2.47114E+04
 62.5 2.40030E+04
 63.0 2.33024E+04
 63.5 2.26094E+04
 64.0 2.19239E+04
 64.5 2.12455E+04
 65.0 2.05740E+04
 65.5 1.99094E+04
 66.0 1.92513E+04
 66.5 1.85996E+04
 67.0 3.58176E+04
 67.5 1.73149E+04
 68.0 1.66815E+04
 68.5 1.60539E+04
 69.0 2.01175E+04
 69.5 1.47239E+04
 70.0 1.36800E+04
 70.5 1.31228E+04
 71.0 1.25677E+04
 71.5 1.20148E+04
 72.0 1.14640E+04
 72.5 1.09154E+04
 73.0 1.03691E+04
 73.5 9.82505E+03
 74.0 9.28339E+03
 74.5 8.74414E+03
 75.0 8.20734E+03
 75.5 7.67306E+03
 76.0 7.14135E+03
 76.5 6.61225E+03
 77.0 6.08584E+03
 77.5 5.56216E+03
 78.0 5.04128E+03
 78.5 4.52326E+03
 79.0 4.00816E+03
 79.5 3.49603E+03
 80.0 2.98696E+03
 80.5 2.48099E+03
 81.0 1.97819E+03
 81.5 1.47865E+03
 82.0 9.82409E+02
 82.5 4.89552E+02
 83.0 4.07114E+01
