083K22D0W2
  0.5 0.00000E+00
  1.0 0.00000E+00
  1.5 0.00000E+00
  2.0 0.00000E+00
  2.5 0.00000E+00
  3.0 0.00000E+00
  3.5 5.46694E+04
  4.0 6.96014E+04
  4.5 8.54144E+04
  5.0 1.02169E+05
  5.5 1.19970E+05
  6.0 1.38976E+05
  6.5 1.59353E+05
  7.0 1.81133E+05
  7.5 2.04043E+05
  8.0 2.27461E+05
  8.5 3.82980E+06
  9.0 2.72306E+05
  9.5 2.29953E+06
 10.0 1.91834E+06
 10.5 1.22582E+05
 11.0 1.31596E+05
 11.5 4.33120E+05
 12.0 9.94618E+04
 12.5 9.20477E+04
 13.0 9.74728E+04
 13.5 1.02835E+05
 14.0 1.08062E+05
 14.5 1.13083E+05
 15.0 1.17828E+05
 15.5 1.22235E+05
 16.0 1.26255E+05
 16.5 1.29849E+05
 17.0 1.32992E+05
 17.5 1.35670E+05
 18.0 1.37882E+05
 18.5 1.39633E+05
 19.0 1.40940E+05
 19.5 1.41823E+05
 20.0 1.42307E+05
 20.5 1.42421E+05
 21.0 1.42195E+05
 21.5 1.41660E+05
 22.0 1.40846E+05
 22.5 1.39784E+05
 23.0 1.38504E+05
 23.5 1.37031E+05
 24.0 1.35393E+05
 24.5 1.33612E+05
 25.0 1.31712E+05
 25.5 1.29711E+05
 26.0 1.27629E+05
 26.5 1.25482E+05
 27.0 1.23285E+05
 27.5 1.21050E+05
 28.0 1.18789E+05
 28.5 1.16513E+05
 29.0 1.14230E+05
 29.5 1.11949E+05
 30.0 1.09676E+05
 30.5 1.07417E+05
 31.0 1.05178E+05
 31.5 1.02962E+05
 32.0 1.00773E+05
 32.5 9.86149E+04
 33.0 9.64888E+04
 33.5 9.43974E+04
 34.0 9.23422E+04
 34.5 9.03244E+04
 35.0 8.83448E+04
 35.5 8.64041E+04
 36.0 8.45027E+04
 36.5 8.26406E+04
 37.0 8.08180E+04
 37.5 7.90345E+04
 38.0 7.72899E+04
 38.5 7.55836E+04
 39.0 7.39152E+04
 39.5 7.22841E+04
 40.0 7.06895E+04
 40.5 6.91307E+04
 41.0 6.76070E+04
 41.5 6.61174E+04
 42.0 6.46613E+04
 42.5 6.32376E+04
 43.0 6.18456E+04
 43.5 6.04843E+04
 44.0 5.91528E+04
 44.5 5.78504E+04
 45.0 5.65760E+04
 45.5 5.53289E+04
 46.0 5.41081E+04
 46.5 5.29128E+04
 47.0 5.17422E+04
 47.5 5.05955E+04
 48.0 4.94719E+04
 48.5 4.83706E+04
 49.0 4.72908E+04
 49.5 4.62319E+04
 50.0 4.51930E+04
 50.5 4.41735E+04
 51.0 4.31727E+04
 51.5 4.21899E+04
 52.0 4.12246E+04
 52.5 4.02761E+04
 53.0 3.93438E+04
 53.5 3.84271E+04
 54.0 3.75255E+04
 54.5 3.66384E+04
 55.0 3.57654E+04
 55.5 3.49059E+04
 56.0 3.40594E+04
 56.5 3.32256E+04
 57.0 3.24039E+04
 57.5 3.15939E+04
 58.0 6.25606E+04
 58.5 3.00075E+04
 59.0 2.92304E+04
 59.5 8.37348E+04
 60.0 2.77063E+04
 60.5 2.69587E+04
 61.0 2.62203E+04
 61.5 2.54908E+04
 62.0 2.47700E+04
 62.5 2.40575E+04
 63.0 2.33531E+04
 63.5 2.26565E+04
 64.0 2.19675E+04
 64.5 2.12859E+04
 65.0 2.06114E+04
 65.5 1.99439E+04
 66.0 1.92831E+04
 66.5 1.86289E+04
 67.0 3.58960E+04
 67.5 1.73396E+04
 68.0 1.67042E+04
 68.5 1.60746E+04
 69.0 2.01489E+04
 69.5 1.47499E+04
 70.0 1.37459E+04
 70.5 1.31827E+04
 71.0 1.26219E+04
 71.5 1.20637E+04
 72.0 1.15080E+04
 72.5 1.09548E+04
 73.0 1.04042E+04
 73.5 9.85623E+03
 74.0 9.31091E+03
 74.5 8.76829E+03
 75.0 8.22839E+03
 75.5 7.69127E+03
 76.0 7.15696E+03
 76.5 6.62552E+03
 77.0 6.09698E+03
 77.5 5.57139E+03
 78.0 5.04881E+03
 78.5 4.52928E+03
 79.0 4.01286E+03
 79.5 3.49961E+03
 80.0 2.98956E+03
 80.5 2.48280E+03
 81.0 1.97936E+03
 81.5 1.47932E+03
 82.0 9.82726E+02
 82.5 4.89649E+02
 83.0 4.07165E+01
