084K07D0W2
  0.5 0.00000E+00
  1.0 0.00000E+00
  1.5 0.00000E+00
  2.0 0.00000E+00
  2.5 0.00000E+00
  3.0 0.00000E+00
  3.5 1.22149E+04
  4.0 1.69021E+04
  4.5 2.17662E+04
  5.0 2.67739E+04
  5.5 3.19114E+04
  6.0 3.71722E+04
  6.5 4.25528E+04
  7.0 4.80515E+04
  7.5 5.36680E+04
  8.0 5.94044E+04
  8.5 4.14884E+05
  9.0 7.12538E+04
  9.5 4.64066E+05
 10.0 3.90792E+05
 10.5 3.28201E+04
 11.0 3.51576E+04
 11.5 5.52925E+04
 12.0 2.68173E+04
 12.5 2.48815E+04
 13.0 2.63355E+04
 13.5 2.77938E+04
 14.0 2.92561E+04
 14.5 3.07216E+04
 15.0 3.21900E+04
 15.5 3.36605E+04
 16.0 3.51325E+04
 16.5 3.66048E+04
 17.0 3.80760E+04
 17.5 3.95444E+04
 18.0 4.10074E+04
 18.5 4.24618E+04
 19.0 4.39040E+04
 19.5 4.53292E+04
 20.0 4.67323E+04
 20.5 4.81077E+04
 21.0 4.94493E+04
 21.5 5.07508E+04
 22.0 5.20061E+04
 22.5 5.32091E+04
 23.0 5.43540E+04
 23.5 5.54358E+04
 24.0 5.64499E+04
 24.5 5.73924E+04
 25.0 5.82603E+04
 25.5 5.90510E+04
 26.0 5.97630E+04
 26.5 6.03956E+04
 27.0 6.09484E+04
 27.5 6.14221E+04
 28.0 6.18176E+04
 28.5 6.21365E+04
 29.0 6.23808E+04
 29.5 6.25529E+04
 30.0 6.26555E+04
 30.5 6.26914E+04
 31.0 6.26638E+04
 31.5 6.25759E+04
 32.0 6.24309E+04
 32.5 6.22322E+04
 33.0 6.19831E+04
 33.5 6.16869E+04
 34.0 6.13468E+04
 34.5 6.09661E+04
 35.0 6.05476E+04
 35.5 6.00945E+04
 36.0 5.96094E+04
 36.5 5.90952E+04
 37.0 5.85543E+04
 37.5 5.79893E+04
 38.0 5.74024E+04
 38.5 5.67956E+04
 39.0 5.61712E+04
 39.5 5.55310E+04
 40.0 5.48766E+04
 40.5 5.42099E+04
 41.0 5.35322E+04
 41.5 5.28451E+04
 42.0 5.21497E+04
 42.5 5.14474E+04
 43.0 5.07392E+04
 43.5 5.00262E+04
 44.0 4.93092E+04
 44.5 4.85891E+04
 45.0 4.78668E+04
 45.5 4.71428E+04
 46.0 4.64178E+04
 46.5 4.56925E+04
 47.0 4.49674E+04
 47.5 4.42428E+04
 48.0 4.35193E+04
 48.5 4.27972E+04
 49.0 4.20769E+04
 49.5 4.13586E+04
 50.0 4.06426E+04
 50.5 3.99292E+04
 51.0 3.92186E+04
 51.5 3.85109E+04
 52.0 3.78064E+04
 52.5 3.71050E+04
 53.0 3.64070E+04
 53.5 3.57125E+04
 54.0 3.50214E+04
 54.5 3.43340E+04
 55.0 3.36502E+04
 55.5 3.29701E+04
 56.0 3.22937E+04
 56.5 3.16211E+04
 57.0 3.09522E+04
 57.5 3.02870E+04
 58.0 6.20601E+04
 58.5 2.89680E+04
 59.0 2.83141E+04
 59.5 8.44176E+04
 60.0 2.70174E+04
 60.5 2.63746E+04
 61.0 2.57354E+04
 61.5 2.50999E+04
 62.0 2.44680E+04
 62.5 2.38397E+04
 63.0 2.32150E+04
 63.5 2.25937E+04
 64.0 2.19760E+04
 64.5 2.13617E+04
 65.0 2.07509E+04
 65.5 2.01436E+04
 66.0 1.95396E+04
 66.5 1.89390E+04
 67.0 3.72063E+04
 67.5 1.77478E+04
 68.0 1.71572E+04
 68.5 1.65699E+04
 69.0 2.09575E+04
 69.5 1.51171E+04
 70.0 1.31718E+04
 70.5 1.27359E+04
 71.0 1.22954E+04
 71.5 1.18507E+04
 72.0 1.14020E+04
 72.5 1.09494E+04
 73.0 1.04933E+04
 73.5 1.00339E+04
 74.0 9.57133E+03
 74.5 9.10590E+03
 75.0 8.63782E+03
 75.5 8.16731E+03
 76.0 7.69460E+03
 76.5 7.21990E+03
 77.0 6.74341E+03
 77.5 6.26537E+03
 78.0 5.78597E+03
 78.5 5.30542E+03
 79.0 4.82393E+03
 79.5 4.34169E+03
 80.0 3.85891E+03
 80.5 3.37578E+03
 81.0 2.89250E+03
 81.5 2.40925E+03
 82.0 1.92623E+03
 82.5 1.44361E+03
 83.0 9.61590E+02
 83.5 4.80342E+02
 84.0 4.00035E+01
