084K09D0W2
  0.5 0.00000E+00
  1.0 0.00000E+00
  1.5 0.00000E+00
  2.0 0.00000E+00
  2.5 0.00000E+00
  3.0 0.00000E+00
  3.5 1.73437E+04
  4.0 2.33145E+04
  4.5 2.95093E+04
  5.0 3.59069E+04
  5.5 4.24992E+04
  6.0 4.92838E+04
  6.5 5.62612E+04
  7.0 6.34351E+04
  7.5 7.08131E+04
  8.0 7.84075E+04
  8.5 8.27200E+05
  9.0 9.43037E+04
  9.5 7.61993E+05
 10.0 6.38291E+05
 10.5 4.32671E+04
 11.0 4.63332E+04
 11.5 9.44665E+04
 12.0 3.53410E+04
 12.5 3.27875E+04
 13.0 3.46850E+04
 13.5 3.65943E+04
 14.0 3.85150E+04
 14.5 4.04461E+04
 15.0 4.23867E+04
 15.5 4.43345E+04
 16.0 4.62868E+04
 16.5 4.82393E+04
 17.0 5.01863E+04
 17.5 5.21209E+04
 18.0 5.40346E+04
 18.5 5.59177E+04
 19.0 5.77599E+04
 19.5 5.95502E+04
 20.0 6.12774E+04
 20.5 6.29311E+04
 21.0 6.45010E+04
 21.5 6.59781E+04
 22.0 6.73546E+04
 22.5 6.86240E+04
 23.0 6.97812E+04
 23.5 7.08227E+04
 24.0 7.17464E+04
 24.5 7.25515E+04
 25.0 7.32384E+04
 25.5 7.38087E+04
 26.0 7.42649E+04
 26.5 7.46105E+04
 27.0 7.48493E+04
 27.5 7.49861E+04
 28.0 7.50259E+04
 28.5 7.49738E+04
 29.0 7.48354E+04
 29.5 7.46162E+04
 30.0 7.43219E+04
 30.5 7.39579E+04
 31.0 7.35297E+04
 31.5 7.30426E+04
 32.0 7.25016E+04
 32.5 7.19117E+04
 33.0 7.12776E+04
 33.5 7.06035E+04
 34.0 6.98938E+04
 34.5 6.91523E+04
 35.0 6.83827E+04
 35.5 6.75884E+04
 36.0 6.67726E+04
 36.5 6.59382E+04
 37.0 6.50879E+04
 37.5 6.42242E+04
 38.0 6.33495E+04
 38.5 6.24657E+04
 39.0 6.15748E+04
 39.5 6.06786E+04
 40.0 5.97786E+04
 40.5 5.88763E+04
 41.0 5.79728E+04
 41.5 5.70694E+04
 42.0 5.61670E+04
 42.5 5.52667E+04
 43.0 5.43692E+04
 43.5 5.34752E+04
 44.0 5.25854E+04
 44.5 5.17003E+04
 45.0 5.08204E+04
 45.5 4.99462E+04
 46.0 4.90779E+04
 46.5 4.82158E+04
 47.0 4.73603E+04
 47.5 4.65115E+04
 48.0 4.56697E+04
 48.5 4.48348E+04
 49.0 4.40071E+04
 49.5 4.31865E+04
 50.0 4.23732E+04
 50.5 4.15670E+04
 51.0 4.07682E+04
 51.5 3.99765E+04
 52.0 3.91921E+04
 52.5 3.84147E+04
 53.0 3.76444E+04
 53.5 3.68811E+04
 54.0 3.61247E+04
 54.5 3.53751E+04
 55.0 3.46323E+04
 55.5 3.38961E+04
 56.0 3.31663E+04
 56.5 3.24430E+04
 57.0 3.17259E+04
 57.5 3.10151E+04
 58.0 6.37467E+04
 58.5 2.96115E+04
 59.0 2.89184E+04
 59.5 8.66352E+04
 60.0 2.75495E+04
 60.5 2.68733E+04
 61.0 2.62026E+04
 61.5 2.55371E+04
 62.0 2.48768E+04
 62.5 2.42216E+04
 63.0 2.35714E+04
 63.5 2.29261E+04
 64.0 2.22856E+04
 64.5 2.16498E+04
 65.0 2.10186E+04
 65.5 2.03920E+04
 66.0 1.97699E+04
 66.5 1.91522E+04
 67.0 3.77992E+04
 67.5 1.79296E+04
 68.0 1.73247E+04
 68.5 1.67239E+04
 69.0 2.11954E+04
 69.5 1.53051E+04
 70.0 1.36271E+04
 70.5 1.31542E+04
 71.0 1.26787E+04
 71.5 1.22008E+04
 72.0 1.17207E+04
 72.5 1.12386E+04
 73.0 1.07547E+04
 73.5 1.02692E+04
 74.0 9.78215E+03
 74.5 9.29388E+03
 75.0 8.80452E+03
 75.5 8.31425E+03
 76.0 7.82323E+03
 76.5 7.33165E+03
 77.0 6.83966E+03
 77.5 6.34744E+03
 78.0 5.85516E+03
 78.5 5.36297E+03
 79.0 4.87104E+03
 79.5 4.37953E+03
 80.0 3.88859E+03
 80.5 3.39839E+03
 81.0 2.90907E+03
 81.5 2.42078E+03
 82.0 1.93368E+03
 82.5 1.44791E+03
 83.0 9.63626E+02
 83.5 4.80968E+02
 84.0 4.00361E+01
