084K06D0W2
  0.5 0.00000E+00
  1.0 0.00000E+00
  1.5 0.00000E+00
  2.0 0.00000E+00
  2.5 0.00000E+00
  3.0 0.00000E+00
  3.5 9.72054E+03
  4.0 1.37567E+04
  4.5 1.79556E+04
  5.0 2.22754E+04
  5.5 2.66983E+04
  6.0 3.12158E+04
  6.5 3.58231E+04
  7.0 4.05172E+04
  7.5 4.52960E+04
  8.0 5.01587E+04
  8.5 2.54386E+05
  9.0 6.01391E+04
  9.5 3.24619E+05
 10.0 2.74914E+05
 10.5 2.77040E+04
 11.0 2.96947E+04
 11.5 4.02091E+04
 12.0 2.26385E+04
 12.5 2.10035E+04
 13.0 2.22450E+04
 13.5 2.34881E+04
 14.0 2.47324E+04
 14.5 2.59774E+04
 15.0 2.72227E+04
 15.5 2.84678E+04
 16.0 2.97121E+04
 16.5 3.09550E+04
 17.0 3.21959E+04
 17.5 3.34340E+04
 18.0 3.46681E+04
 18.5 3.58969E+04
 19.0 3.71188E+04
 19.5 3.83316E+04
 20.0 3.95327E+04
 20.5 4.07191E+04
 21.0 4.18875E+04
 21.5 4.30339E+04
 22.0 4.41543E+04
 22.5 4.52445E+04
 23.0 4.63001E+04
 23.5 4.73167E+04
 24.0 4.82904E+04
 24.5 4.92171E+04
 25.0 5.00934E+04
 25.5 5.09161E+04
 26.0 5.16825E+04
 26.5 5.23905E+04
 27.0 5.30383E+04
 27.5 5.36249E+04
 28.0 5.41495E+04
 28.5 5.46119E+04
 29.0 5.50123E+04
 29.5 5.53514E+04
 30.0 5.56300E+04
 30.5 5.58496E+04
 31.0 5.60117E+04
 31.5 5.61181E+04
 32.0 5.61707E+04
 32.5 5.61717E+04
 33.0 5.61233E+04
 33.5 5.60278E+04
 34.0 5.58877E+04
 34.5 5.57052E+04
 35.0 5.54827E+04
 35.5 5.52227E+04
 36.0 5.49275E+04
 36.5 5.45992E+04
 37.0 5.42402E+04
 37.5 5.38527E+04
 38.0 5.34385E+04
 38.5 5.29998E+04
 39.0 5.25384E+04
 39.5 5.20562E+04
 40.0 5.15548E+04
 40.5 5.10359E+04
 41.0 5.05010E+04
 41.5 4.99516E+04
 42.0 4.93889E+04
 42.5 4.88143E+04
 43.0 4.82290E+04
 43.5 4.76340E+04
 44.0 4.70305E+04
 44.5 4.64193E+04
 45.0 4.58015E+04
 45.5 4.51777E+04
 46.0 4.45487E+04
 46.5 4.39154E+04
 47.0 4.32782E+04
 47.5 4.26379E+04
 48.0 4.19950E+04
 48.5 4.13499E+04
 49.0 4.07033E+04
 49.5 4.00554E+04
 50.0 3.94067E+04
 50.5 3.87575E+04
 51.0 3.81081E+04
 51.5 3.74590E+04
 52.0 3.68102E+04
 52.5 3.61621E+04
 53.0 3.55149E+04
 53.5 3.48687E+04
 54.0 3.42238E+04
 54.5 3.35804E+04
 55.0 3.29384E+04
 55.5 3.22982E+04
 56.0 3.16598E+04
 56.5 3.10233E+04
 57.0 3.03888E+04
 57.5 2.97564E+04
 58.0 6.08303E+04
 58.5 2.84980E+04
 59.0 2.78723E+04
 59.5 8.27981E+04
 60.0 2.66277E+04
 60.5 2.60090E+04
 61.0 2.53928E+04
 61.5 2.47790E+04
 62.0 2.41677E+04
 62.5 2.35589E+04
 63.0 2.29527E+04
 63.5 2.23490E+04
 64.0 2.17479E+04
 64.5 2.11494E+04
 65.0 2.05534E+04
 65.5 1.99601E+04
 66.0 1.93694E+04
 66.5 1.87814E+04
 67.0 3.67697E+04
 67.5 1.76132E+04
 68.0 1.70331E+04
 68.5 1.64557E+04
 69.0 2.07818E+04
 69.5 1.49795E+04
 70.0 1.28440E+04
 70.5 1.24342E+04
 71.0 1.20185E+04
 71.5 1.15973E+04
 72.0 1.11708E+04
 72.5 1.07394E+04
 73.0 1.03031E+04
 73.5 9.86239E+03
 74.0 9.41742E+03
 74.5 8.96845E+03
 75.0 8.51575E+03
 75.5 8.05956E+03
 76.0 7.60013E+03
 76.5 7.13771E+03
 77.0 6.67254E+03
 77.5 6.20485E+03
 78.0 5.73488E+03
 78.5 5.26288E+03
 79.0 4.78906E+03
 79.5 4.31365E+03
 80.0 3.83689E+03
 80.5 3.35899E+03
 81.0 2.88018E+03
 81.5 2.40067E+03
 82.0 1.92067E+03
 82.5 1.44040E+03
 83.0 9.60069E+02
 83.5 4.79874E+02
 84.0 3.99791E+01
