084K19D0W2
  0.5 0.00000E+00
  1.0 0.00000E+00
  1.5 0.00000E+00
  2.0 0.00000E+00
  2.5 0.00000E+00
  3.0 0.00000E+00
  3.5 4.50271E+04
  4.0 5.76413E+04
  4.5 7.09284E+04
  5.0 8.49166E+04
  5.5 9.96557E+04
  6.0 1.15228E+05
  6.5 1.31751E+05
  7.0 1.49328E+05
  7.5 1.67949E+05
  8.0 1.87388E+05
  8.5 3.20882E+06
  9.0 2.26694E+05
  9.5 2.02690E+06
 10.0 1.69112E+06
 10.5 1.01491E+05
 11.0 1.09021E+05
 11.5 3.54047E+05
 12.0 8.25497E+04
 12.5 7.64598E+04
 13.0 8.10121E+04
 13.5 8.55827E+04
 14.0 9.01296E+04
 14.5 9.46040E+04
 15.0 9.89536E+04
 15.5 1.03125E+05
 16.0 1.07070E+05
 16.5 1.10743E+05
 17.0 1.14108E+05
 17.5 1.17136E+05
 18.0 1.19808E+05
 18.5 1.22113E+05
 19.0 1.24048E+05
 19.5 1.25617E+05
 20.0 1.26828E+05
 20.5 1.27696E+05
 21.0 1.28238E+05
 21.5 1.28475E+05
 22.0 1.28429E+05
 22.5 1.28122E+05
 23.0 1.27578E+05
 23.5 1.26820E+05
 24.0 1.25869E+05
 24.5 1.24748E+05
 25.0 1.23477E+05
 25.5 1.22075E+05
 26.0 1.20560E+05
 26.5 1.18948E+05
 27.0 1.17255E+05
 27.5 1.15494E+05
 28.0 1.13679E+05
 28.5 1.11820E+05
 29.0 1.09928E+05
 29.5 1.08012E+05
 30.0 1.06080E+05
 30.5 1.04139E+05
 31.0 1.02196E+05
 31.5 1.00255E+05
 32.0 9.83231E+04
 32.5 9.64031E+04
 33.0 9.44988E+04
 33.5 9.26135E+04
 34.0 9.07497E+04
 34.5 8.89096E+04
 35.0 8.70951E+04
 35.5 8.53076E+04
 36.0 8.35484E+04
 36.5 8.18184E+04
 37.0 8.01182E+04
 37.5 7.84483E+04
 38.0 7.68091E+04
 38.5 7.52007E+04
 39.0 7.36231E+04
 39.5 7.20763E+04
 40.0 7.05599E+04
 40.5 6.90737E+04
 41.0 6.76174E+04
 41.5 6.61905E+04
 42.0 6.47924E+04
 42.5 6.34227E+04
 43.0 6.20809E+04
 43.5 6.07662E+04
 44.0 5.94780E+04
 44.5 5.82159E+04
 45.0 5.69790E+04
 45.5 5.57667E+04
 46.0 5.45784E+04
 46.5 5.34134E+04
 47.0 5.22709E+04
 47.5 5.11505E+04
 48.0 5.00513E+04
 48.5 4.89729E+04
 49.0 4.79144E+04
 49.5 4.68754E+04
 50.0 4.58552E+04
 50.5 4.48531E+04
 51.0 4.38686E+04
 51.5 4.29012E+04
 52.0 4.19502E+04
 52.5 4.10151E+04
 53.0 4.00955E+04
 53.5 3.91907E+04
 54.0 3.83003E+04
 54.5 3.74238E+04
 55.0 3.65607E+04
 55.5 3.57106E+04
 56.0 3.48731E+04
 56.5 3.40477E+04
 57.0 3.32340E+04
 57.5 3.24316E+04
 58.0 6.70260E+04
 58.5 3.08593E+04
 59.0 3.00886E+04
 59.5 9.09346E+04
 60.0 2.85767E+04
 60.5 2.78348E+04
 61.0 2.71018E+04
 61.5 2.63776E+04
 62.0 2.56617E+04
 62.5 2.49540E+04
 63.0 2.42541E+04
 63.5 2.35620E+04
 64.0 2.28772E+04
 64.5 2.21997E+04
 65.0 2.15291E+04
 65.5 2.08654E+04
 66.0 2.02082E+04
 66.5 1.95575E+04
 67.0 3.89331E+04
 67.5 1.82748E+04
 68.0 1.76424E+04
 68.5 1.70158E+04
 69.0 2.16477E+04
 69.5 1.56684E+04
 70.0 1.45313E+04
 70.5 1.39823E+04
 71.0 1.34350E+04
 71.5 1.28896E+04
 72.0 1.23460E+04
 72.5 1.18043E+04
 73.0 1.12646E+04
 73.5 1.07269E+04
 74.0 1.01912E+04
 74.5 9.65771E+03
 75.0 9.12636E+03
 75.5 8.59723E+03
 76.0 8.07037E+03
 76.5 7.54586E+03
 77.0 7.02374E+03
 77.5 6.50407E+03
 78.0 5.98692E+03
 78.5 5.47234E+03
 79.0 4.96040E+03
 79.5 4.45115E+03
 80.0 3.94467E+03
 80.5 3.44101E+03
 81.0 2.94025E+03
 81.5 2.44244E+03
 82.0 1.94765E+03
 82.5 1.45596E+03
 83.0 9.67434E+02
 83.5 4.82136E+02
 84.0 4.00970E+01
