084K14D0W2
  0.5 0.00000E+00
  1.0 0.00000E+00
  1.5 0.00000E+00
  2.0 0.00000E+00
  2.5 0.00000E+00
  3.0 0.00000E+00
  3.5 3.07632E+04
  4.0 3.99692E+04
  4.5 4.95859E+04
  5.0 5.96125E+04
  5.5 7.00583E+04
  6.0 8.09423E+04
  6.5 9.22965E+04
  7.0 1.04169E+05
  7.5 1.16615E+05
  8.0 1.29663E+05
  8.5 2.04950E+06
  9.0 1.57270E+05
  9.5 1.46179E+06
 10.0 1.22039E+06
 10.5 7.09339E+04
 11.0 7.60731E+04
 11.5 2.20540E+05
 12.0 5.78397E+04
 12.5 5.36253E+04
 13.0 5.67635E+04
 13.5 5.99390E+04
 14.0 6.31437E+04
 14.5 6.63647E+04
 15.0 6.95848E+04
 15.5 7.27820E+04
 16.0 7.59311E+04
 16.5 7.90045E+04
 17.0 8.19739E+04
 17.5 8.48116E+04
 18.0 8.74919E+04
 18.5 8.99920E+04
 19.0 9.22930E+04
 19.5 9.43800E+04
 20.0 9.62422E+04
 20.5 9.78734E+04
 21.0 9.92710E+04
 21.5 1.00436E+05
 22.0 1.01373E+05
 22.5 1.02088E+05
 23.0 1.02590E+05
 23.5 1.02890E+05
 24.0 1.02999E+05
 24.5 1.02930E+05
 25.0 1.02695E+05
 25.5 1.02308E+05
 26.0 1.01782E+05
 26.5 1.01130E+05
 27.0 1.00364E+05
 27.5 9.94953E+04
 28.0 9.85361E+04
 28.5 9.74968E+04
 29.0 9.63874E+04
 29.5 9.52173E+04
 30.0 9.39949E+04
 30.5 9.27284E+04
 31.0 9.14249E+04
 31.5 9.00910E+04
 32.0 8.87329E+04
 32.5 8.73560E+04
 33.0 8.59652E+04
 33.5 8.45649E+04
 34.0 8.31591E+04
 34.5 8.17513E+04
 35.0 8.03447E+04
 35.5 7.89419E+04
 36.0 7.75454E+04
 36.5 7.61574E+04
 37.0 7.47796E+04
 37.5 7.34136E+04
 38.0 7.20609E+04
 38.5 7.07224E+04
 39.0 6.93993E+04
 39.5 6.80922E+04
 40.0 6.68018E+04
 40.5 6.55288E+04
 41.0 6.42733E+04
 41.5 6.30357E+04
 42.0 6.18162E+04
 42.5 6.06149E+04
 43.0 5.94318E+04
 43.5 5.82669E+04
 44.0 5.71201E+04
 44.5 5.59913E+04
 45.0 5.48802E+04
 45.5 5.37867E+04
 46.0 5.27105E+04
 46.5 5.16513E+04
 47.0 5.06088E+04
 47.5 4.95827E+04
 48.0 4.85727E+04
 48.5 4.75785E+04
 49.0 4.65996E+04
 49.5 4.56357E+04
 50.0 4.46865E+04
 50.5 4.37515E+04
 51.0 4.28305E+04
 51.5 4.19231E+04
 52.0 4.10288E+04
 52.5 4.01473E+04
 53.0 3.92784E+04
 53.5 3.84215E+04
 54.0 3.75764E+04
 54.5 3.67428E+04
 55.0 3.59203E+04
 55.5 3.51085E+04
 56.0 3.43072E+04
 56.5 3.35160E+04
 57.0 3.27348E+04
 57.5 3.19630E+04
 58.0 6.59416E+04
 58.5 3.04471E+04
 59.0 2.97024E+04
 59.5 8.95146E+04
 60.0 2.82381E+04
 60.5 2.75180E+04
 61.0 2.68057E+04
 61.5 2.61010E+04
 62.0 2.54036E+04
 62.5 2.47132E+04
 63.0 2.40298E+04
 63.5 2.33532E+04
 64.0 2.26830E+04
 64.5 2.20193E+04
 65.0 2.13617E+04
 65.5 2.07102E+04
 66.0 2.00646E+04
 66.5 1.94248E+04
 67.0 3.85608E+04
 67.5 1.81618E+04
 68.0 1.75385E+04
 68.5 1.69204E+04
 69.0 2.14996E+04
 69.5 1.55485E+04
 70.0 1.42295E+04
 70.5 1.37063E+04
 71.0 1.31833E+04
 71.5 1.26606E+04
 72.0 1.21384E+04
 72.5 1.16167E+04
 73.0 1.10957E+04
 73.5 1.05755E+04
 74.0 1.00561E+04
 74.5 9.53764E+03
 75.0 9.02025E+03
 75.5 8.50403E+03
 76.0 7.98906E+03
 76.5 7.47545E+03
 77.0 6.96330E+03
 77.5 6.45269E+03
 78.0 5.94374E+03
 78.5 5.43653E+03
 79.0 4.93117E+03
 79.5 4.42774E+03
 80.0 3.92636E+03
 80.5 3.42710E+03
 81.0 2.93008E+03
 81.5 2.43538E+03
 82.0 1.94310E+03
 82.5 1.45334E+03
 83.0 9.66196E+02
 83.5 4.81757E+02
 84.0 4.00772E+01
