084K15D0W2
  0.5 0.00000E+00
  1.0 0.00000E+00
  1.5 0.00000E+00
  2.0 0.00000E+00
  2.5 0.00000E+00
  3.0 0.00000E+00
  3.5 3.35437E+04
  4.0 4.34136E+04
  4.5 5.37407E+04
  5.0 6.45287E+04
  5.5 7.57923E+04
  6.0 8.75588E+04
  6.5 9.98727E+04
  7.0 1.12797E+05
  7.5 1.26392E+05
  8.0 1.40668E+05
  8.5 2.29272E+06
  9.0 1.70730E+05
  9.5 1.58554E+06
 10.0 1.32344E+06
 10.5 7.67888E+04
 11.0 8.23873E+04
 11.5 2.47423E+05
 12.0 6.25855E+04
 12.5 5.80146E+04
 13.0 6.14248E+04
 13.5 6.48750E+04
 14.0 6.83524E+04
 14.5 7.18386E+04
 15.0 7.53098E+04
 15.5 7.87377E+04
 16.0 8.20910E+04
 16.5 8.53370E+04
 17.0 8.84436E+04
 17.5 9.13809E+04
 18.0 9.41219E+04
 18.5 9.66443E+04
 19.0 9.89307E+04
 19.5 1.00968E+05
 20.0 1.02750E+05
 20.5 1.04272E+05
 21.0 1.05536E+05
 21.5 1.06547E+05
 22.0 1.07313E+05
 22.5 1.07843E+05
 23.0 1.08150E+05
 23.5 1.08248E+05
 24.0 1.08150E+05
 24.5 1.07871E+05
 25.0 1.07426E+05
 25.5 1.06830E+05
 26.0 1.06098E+05
 26.5 1.05243E+05
 27.0 1.04279E+05
 27.5 1.03218E+05
 28.0 1.02073E+05
 28.5 1.00854E+05
 29.0 9.95718E+04
 29.5 9.82356E+04
 30.0 9.68543E+04
 30.5 9.54358E+04
 31.0 9.39872E+04
 31.5 9.25152E+04
 32.0 9.10257E+04
 32.5 8.95238E+04
 33.0 8.80143E+04
 33.5 8.65015E+04
 34.0 8.49891E+04
 34.5 8.34803E+04
 35.0 8.19780E+04
 35.5 8.04847E+04
 36.0 7.90026E+04
 36.5 7.75336E+04
 37.0 7.60793E+04
 37.5 7.46411E+04
 38.0 7.32200E+04
 38.5 7.18170E+04
 39.0 7.04329E+04
 39.5 6.90683E+04
 40.0 6.77236E+04
 40.5 6.63991E+04
 41.0 6.50951E+04
 41.5 6.38118E+04
 42.0 6.25490E+04
 42.5 6.13069E+04
 43.0 6.00852E+04
 43.5 5.88838E+04
 44.0 5.77026E+04
 44.5 5.65412E+04
 45.0 5.53994E+04
 45.5 5.42769E+04
 46.0 5.31732E+04
 46.5 5.20881E+04
 47.0 5.10211E+04
 47.5 4.99718E+04
 48.0 4.89399E+04
 48.5 4.79249E+04
 49.0 4.69264E+04
 49.5 4.59440E+04
 50.0 4.49772E+04
 50.5 4.40257E+04
 51.0 4.30890E+04
 51.5 4.21667E+04
 52.0 4.12584E+04
 52.5 4.03637E+04
 53.0 3.94822E+04
 53.5 3.86134E+04
 54.0 3.77571E+04
 54.5 3.69128E+04
 55.0 3.60802E+04
 55.5 3.52590E+04
 56.0 3.44486E+04
 56.5 3.36490E+04
 57.0 3.28596E+04
 57.5 3.20802E+04
 58.0 6.62129E+04
 58.5 3.05502E+04
 59.0 2.97991E+04
 59.5 8.98700E+04
 60.0 2.83229E+04
 60.5 2.75974E+04
 61.0 2.68799E+04
 61.5 2.61703E+04
 62.0 2.54683E+04
 62.5 2.47736E+04
 63.0 2.40861E+04
 63.5 2.34055E+04
 64.0 2.27317E+04
 64.5 2.20645E+04
 65.0 2.14037E+04
 65.5 2.07491E+04
 66.0 2.01007E+04
 66.5 1.94581E+04
 67.0 3.86542E+04
 67.5 1.81902E+04
 68.0 1.75646E+04
 68.5 1.69444E+04
 69.0 2.15367E+04
 69.5 1.55785E+04
 70.0 1.43048E+04
 70.5 1.37751E+04
 71.0 1.32461E+04
 71.5 1.27178E+04
 72.0 1.21903E+04
 72.5 1.16636E+04
 73.0 1.11380E+04
 73.5 1.06133E+04
 74.0 1.00899E+04
 74.5 9.56770E+03
 75.0 9.04683E+03
 75.5 8.52738E+03
 76.0 8.00944E+03
 76.5 7.49311E+03
 77.0 6.97846E+03
 77.5 6.46559E+03
 78.0 5.95458E+03
 78.5 5.44552E+03
 79.0 4.93851E+03
 79.5 4.43362E+03
 80.0 3.93096E+03
 80.5 3.43060E+03
 81.0 2.93264E+03
 81.5 2.43716E+03
 82.0 1.94425E+03
 82.5 1.45400E+03
 83.0 9.66508E+02
 83.5 4.81852E+02
 84.0 4.00822E+01
