084K18D0W2
  0.5 0.00000E+00
  1.0 0.00000E+00
  1.5 0.00000E+00
  2.0 0.00000E+00
  2.5 0.00000E+00
  3.0 0.00000E+00
  3.5 4.20983E+04
  4.0 5.40114E+04
  4.5 6.65388E+04
  5.0 7.97014E+04
  5.5 9.35377E+04
  6.0 1.08113E+05
  6.5 1.23522E+05
  7.0 1.39868E+05
  7.5 1.57176E+05
  8.0 1.75306E+05
  8.5 2.98932E+06
  9.0 2.12440E+05
  9.5 1.92410E+06
 10.0 1.60546E+06
 10.5 9.51132E+04
 11.0 1.02152E+05
 11.5 3.27714E+05
 12.0 7.74037E+04
 12.5 7.17079E+04
 13.0 7.59696E+04
 13.5 8.02611E+04
 14.0 8.45492E+04
 14.5 8.87932E+04
 15.0 9.29478E+04
 15.5 9.69653E+04
 16.0 1.00800E+05
 16.5 1.04407E+05
 17.0 1.07752E+05
 17.5 1.10802E+05
 18.0 1.13535E+05
 18.5 1.15936E+05
 19.0 1.17997E+05
 19.5 1.19717E+05
 20.0 1.21101E+05
 20.5 1.22159E+05
 21.0 1.22903E+05
 21.5 1.23351E+05
 22.0 1.23520E+05
 22.5 1.23432E+05
 23.0 1.23106E+05
 23.5 1.22564E+05
 24.0 1.21826E+05
 24.5 1.20913E+05
 25.0 1.19844E+05
 25.5 1.18637E+05
 26.0 1.17309E+05
 26.5 1.15878E+05
 27.0 1.14357E+05
 27.5 1.12761E+05
 28.0 1.11102E+05
 28.5 1.09391E+05
 29.0 1.07640E+05
 29.5 1.05857E+05
 30.0 1.04051E+05
 30.5 1.02229E+05
 31.0 1.00398E+05
 31.5 9.85634E+04
 32.0 9.67308E+04
 32.5 9.49046E+04
 33.0 9.30887E+04
 33.5 9.12864E+04
 34.0 8.95007E+04
 34.5 8.77341E+04
 35.0 8.59887E+04
 35.5 8.42662E+04
 36.0 8.25680E+04
 36.5 8.08953E+04
 37.0 7.92491E+04
 37.5 7.76299E+04
 38.0 7.60384E+04
 38.5 7.44748E+04
 39.0 7.29394E+04
 39.5 7.14321E+04
 40.0 6.99530E+04
 40.5 6.85019E+04
 41.0 6.70786E+04
 41.5 6.56827E+04
 42.0 6.43139E+04
 42.5 6.29717E+04
 43.0 6.16557E+04
 43.5 6.03654E+04
 44.0 5.91003E+04
 44.5 5.78598E+04
 45.0 5.66433E+04
 45.5 5.54502E+04
 46.0 5.42801E+04
 46.5 5.31321E+04
 47.0 5.20058E+04
 47.5 5.09006E+04
 48.0 4.98158E+04
 48.5 4.87509E+04
 49.0 4.77052E+04
 49.5 4.66783E+04
 50.0 4.56694E+04
 50.5 4.46781E+04
 51.0 4.37038E+04
 51.5 4.27459E+04
 52.0 4.18040E+04
 52.5 4.08775E+04
 53.0 3.99660E+04
 53.5 3.90688E+04
 54.0 3.81857E+04
 54.5 3.73160E+04
 55.0 3.64594E+04
 55.5 3.56154E+04
 56.0 3.47836E+04
 56.5 3.39636E+04
 57.0 3.31551E+04
 57.5 3.23576E+04
 58.0 6.68547E+04
 58.5 3.07942E+04
 59.0 3.00277E+04
 59.5 9.07104E+04
 60.0 2.85233E+04
 60.5 2.77848E+04
 61.0 2.70552E+04
 61.5 2.63340E+04
 62.0 2.56210E+04
 62.5 2.49160E+04
 63.0 2.42188E+04
 63.5 2.35291E+04
 64.0 2.28466E+04
 64.5 2.21713E+04
 65.0 2.15028E+04
 65.5 2.08409E+04
 66.0 2.01856E+04
 66.5 1.95366E+04
 67.0 3.88745E+04
 67.5 1.82570E+04
 68.0 1.76260E+04
 68.5 1.70008E+04
 69.0 2.16244E+04
 69.5 1.56495E+04
 70.0 1.44835E+04
 70.5 1.39385E+04
 71.0 1.33951E+04
 71.5 1.28533E+04
 72.0 1.23131E+04
 72.5 1.17746E+04
 73.0 1.12379E+04
 73.5 1.07030E+04
 74.0 1.01699E+04
 74.5 9.63876E+03
 75.0 9.10962E+03
 75.5 8.58253E+03
 76.0 8.05756E+03
 76.5 7.53476E+03
 77.0 7.01422E+03
 77.5 6.49598E+03
 78.0 5.98012E+03
 78.5 5.46671E+03
 79.0 4.95580E+03
 79.5 4.44747E+03
 80.0 3.94179E+03
 80.5 3.43883E+03
 81.0 2.93865E+03
 81.5 2.44133E+03
 82.0 1.94694E+03
 82.5 1.45555E+03
 83.0 9.67240E+02
 83.5 4.82076E+02
 84.0 4.00939E+01
