084K20D0W2
  0.5 0.00000E+00
  1.0 0.00000E+00
  1.5 0.00000E+00
  2.0 0.00000E+00
  2.5 0.00000E+00
  3.0 0.00000E+00
  3.5 4.79982E+04
  4.0 6.13250E+04
  4.5 7.53866E+04
  5.0 9.02194E+04
  5.5 1.05887E+05
  6.0 1.22493E+05
  6.5 1.40173E+05
  7.0 1.59026E+05
  7.5 1.78988E+05
  8.0 1.99730E+05
  8.5 3.42168E+06
  9.0 2.41076E+05
  9.5 2.12516E+06
 10.0 1.77299E+06
 10.5 1.08010E+05
 11.0 1.16031E+05
 11.5 3.80074E+05
 12.0 8.78040E+04
 12.5 8.13104E+04
 13.0 8.61537E+04
 13.5 9.09986E+04
 14.0 9.57944E+04
 14.5 1.00484E+05
 15.0 1.05008E+05
 15.5 1.09311E+05
 16.0 1.13339E+05
 16.5 1.17050E+05
 17.0 1.20407E+05
 17.5 1.23386E+05
 18.0 1.25971E+05
 18.5 1.28156E+05
 19.0 1.29944E+05
 19.5 1.31342E+05
 20.0 1.32364E+05
 20.5 1.33030E+05
 21.0 1.33361E+05
 21.5 1.33381E+05
 22.0 1.33114E+05
 22.5 1.32586E+05
 23.0 1.31823E+05
 23.5 1.30849E+05
 24.0 1.29688E+05
 24.5 1.28363E+05
 25.0 1.26894E+05
 25.5 1.25302E+05
 26.0 1.23605E+05
 26.5 1.21819E+05
 27.0 1.19961E+05
 27.5 1.18043E+05
 28.0 1.16078E+05
 28.5 1.14078E+05
 29.0 1.12052E+05
 29.5 1.10010E+05
 30.0 1.07959E+05
 30.5 1.05906E+05
 31.0 1.03857E+05
 31.5 1.01818E+05
 32.0 9.97919E+04
 32.5 9.77841E+04
 33.0 9.57974E+04
 33.5 9.38345E+04
 34.0 9.18979E+04
 34.5 8.99895E+04
 35.0 8.81108E+04
 35.5 8.62631E+04
 36.0 8.44473E+04
 36.5 8.26641E+04
 37.0 8.09140E+04
 37.5 7.91973E+04
 38.0 7.75141E+04
 38.5 7.58645E+04
 39.0 7.42480E+04
 39.5 7.26647E+04
 40.0 7.11140E+04
 40.5 6.95957E+04
 41.0 6.81090E+04
 41.5 6.66536E+04
 42.0 6.52287E+04
 42.5 6.38338E+04
 43.0 6.24682E+04
 43.5 6.11312E+04
 44.0 5.98220E+04
 44.5 5.85400E+04
 45.0 5.72845E+04
 45.5 5.60546E+04
 46.0 5.48497E+04
 46.5 5.36691E+04
 47.0 5.25119E+04
 47.5 5.13776E+04
 48.0 5.02654E+04
 48.5 4.91745E+04
 49.0 4.81045E+04
 49.5 4.70544E+04
 50.0 4.60238E+04
 50.5 4.50119E+04
 51.0 4.40182E+04
 51.5 4.30420E+04
 52.0 4.20828E+04
 52.5 4.11400E+04
 53.0 4.02129E+04
 53.5 3.93012E+04
 54.0 3.84043E+04
 54.5 3.75215E+04
 55.0 3.66526E+04
 55.5 3.57970E+04
 56.0 3.49542E+04
 56.5 3.41238E+04
 57.0 3.33054E+04
 57.5 3.24986E+04
 58.0 6.71812E+04
 58.5 3.09182E+04
 59.0 3.01439E+04
 59.5 9.11377E+04
 60.0 2.86251E+04
 60.5 2.78800E+04
 61.0 2.71441E+04
 61.5 2.64171E+04
 62.0 2.56985E+04
 62.5 2.49883E+04
 63.0 2.42861E+04
 63.5 2.35917E+04
 64.0 2.29049E+04
 64.5 2.22254E+04
 65.0 2.15530E+04
 65.5 2.08874E+04
 66.0 2.02287E+04
 66.5 1.95764E+04
 67.0 3.89862E+04
 67.5 1.82908E+04
 68.0 1.76572E+04
 68.5 1.70294E+04
 69.0 2.16688E+04
 69.5 1.56855E+04
 70.0 1.45747E+04
 70.5 1.40220E+04
 71.0 1.34712E+04
 71.5 1.29224E+04
 72.0 1.23758E+04
 72.5 1.18312E+04
 73.0 1.12888E+04
 73.5 1.07486E+04
 74.0 1.02106E+04
 74.5 9.67488E+03
 75.0 9.14152E+03
 75.5 8.61053E+03
 76.0 8.08198E+03
 76.5 7.55590E+03
 77.0 7.03235E+03
 77.5 6.51139E+03
 78.0 5.99307E+03
 78.5 5.47744E+03
 79.0 4.96456E+03
 79.5 4.45448E+03
 80.0 3.94727E+03
 80.5 3.44299E+03
 81.0 2.94169E+03
 81.5 2.44344E+03
 82.0 1.94830E+03
 82.5 1.45633E+03
 83.0 9.67609E+02
 83.5 4.82190E+02
 84.0 4.00998E+01
