085K09D0W2
  0.5 0.00000E+00
  1.0 0.00000E+00
  1.5 0.00000E+00
  2.0 0.00000E+00
  2.5 0.00000E+00
  3.0 0.00000E+00
  3.5 1.71357E+04
  4.0 2.30544E+04
  4.5 2.91963E+04
  5.0 3.55397E+04
  5.5 4.20765E+04
  6.0 4.88040E+04
  6.5 5.57225E+04
  7.0 6.28352E+04
  7.5 7.01494E+04
  8.0 7.76765E+04
  8.5 8.03846E+05
  9.0 9.34278E+04
  9.5 7.50357E+05
 10.0 6.28648E+05
 10.5 4.29125E+04
 11.0 4.59599E+04
 11.5 9.22561E+04
 12.0 3.50721E+04
 12.5 3.25448E+04
 13.0 3.44341E+04
 13.5 3.63357E+04
 14.0 3.82491E+04
 14.5 4.01736E+04
 15.0 4.21082E+04
 15.5 4.40511E+04
 16.0 4.59995E+04
 16.5 4.79498E+04
 17.0 4.98967E+04
 17.5 5.18337E+04
 18.0 5.37526E+04
 18.5 5.56443E+04
 19.0 5.74987E+04
 19.5 5.93050E+04
 20.0 6.10522E+04
 20.5 6.27297E+04
 21.0 6.43273E+04
 21.5 6.58357E+04
 22.0 6.72467E+04
 22.5 6.85535E+04
 23.0 6.97506E+04
 23.5 7.08339E+04
 24.0 7.18009E+04
 24.5 7.26503E+04
 25.0 7.33822E+04
 25.5 7.39976E+04
 26.0 7.44987E+04
 26.5 7.48887E+04
 27.0 7.51710E+04
 27.5 7.53502E+04
 28.0 7.54310E+04
 28.5 7.54185E+04
 29.0 7.53179E+04
 29.5 7.51349E+04
 30.0 7.48747E+04
 30.5 7.45431E+04
 31.0 7.41453E+04
 31.5 7.36867E+04
 32.0 7.31723E+04
 32.5 7.26071E+04
 33.0 7.19958E+04
 33.5 7.13429E+04
 34.0 7.06526E+04
 34.5 6.99289E+04
 35.0 6.91755E+04
 35.5 6.83959E+04
 36.0 6.75934E+04
 36.5 6.67710E+04
 37.0 6.59315E+04
 37.5 6.50774E+04
 38.0 6.42112E+04
 38.5 6.33350E+04
 39.0 6.24507E+04
 39.5 6.15603E+04
 40.0 6.06652E+04
 40.5 5.97671E+04
 41.0 5.88672E+04
 41.5 5.79668E+04
 42.0 5.70670E+04
 42.5 5.61686E+04
 43.0 5.52727E+04
 43.5 5.43799E+04
 44.0 5.34909E+04
 44.5 5.26063E+04
 45.0 5.17267E+04
 45.5 5.08525E+04
 46.0 4.99841E+04
 46.5 4.91217E+04
 47.0 4.82658E+04
 47.5 4.74165E+04
 48.0 4.65740E+04
 48.5 4.57384E+04
 49.0 4.49099E+04
 49.5 4.40886E+04
 50.0 4.32745E+04
 50.5 4.24677E+04
 51.0 4.16681E+04
 51.5 4.08757E+04
 52.0 4.00906E+04
 52.5 3.93127E+04
 53.0 3.85419E+04
 53.5 3.77781E+04
 54.0 3.70214E+04
 54.5 3.62715E+04
 55.0 3.55284E+04
 55.5 3.47920E+04
 56.0 3.40623E+04
 56.5 3.33390E+04
 57.0 3.26221E+04
 57.5 3.19115E+04
 58.0 6.82638E+04
 58.5 3.05087E+04
 59.0 2.98162E+04
 59.5 9.38844E+04
 60.0 2.84486E+04
 60.5 2.77733E+04
 61.0 2.71034E+04
 61.5 2.64389E+04
 62.0 2.57797E+04
 62.5 2.51256E+04
 63.0 2.44767E+04
 63.5 2.38326E+04
 64.0 2.31935E+04
 64.5 2.25591E+04
 65.0 2.19294E+04
 65.5 2.13043E+04
 66.0 2.06838E+04
 66.5 2.00676E+04
 67.0 4.08509E+04
 67.5 1.88484E+04
 68.0 1.82452E+04
 68.5 1.76462E+04
 69.0 2.26831E+04
 69.5 1.61999E+04
 70.0 1.43731E+04
 70.5 1.39105E+04
 71.0 1.34451E+04
 71.5 1.29772E+04
 72.0 1.25068E+04
 72.5 1.20342E+04
 73.0 1.15597E+04
 73.5 1.10832E+04
 74.0 1.06051E+04
 74.5 1.01255E+04
 75.0 9.64459E+03
 75.5 9.16254E+03
 76.0 8.67950E+03
 76.5 8.19567E+03
 77.0 7.71119E+03
 77.5 7.22623E+03
 78.0 6.74096E+03
 78.5 6.25554E+03
 79.0 5.77012E+03
 79.5 5.28485E+03
 80.0 4.79990E+03
 80.5 4.31542E+03
 81.0 3.83154E+03
 81.5 3.34843E+03
 82.0 2.86622E+03
 82.5 2.38507E+03
 83.0 1.90512E+03
 83.5 1.42650E+03
 84.0 9.49366E+02
 84.5 4.73845E+02
 85.0 3.94431E+01
