085K06D0W2
  0.5 0.00000E+00
  1.0 0.00000E+00
  1.5 0.00000E+00
  2.0 0.00000E+00
  2.5 0.00000E+00
  3.0 0.00000E+00
  3.5 9.59120E+03
  4.0 1.35915E+04
  4.5 1.77549E+04
  5.0 2.20391E+04
  5.5 2.64262E+04
  6.0 3.09078E+04
  6.5 3.54789E+04
  7.0 4.01364E+04
  7.5 4.48783E+04
  8.0 4.97037E+04
  8.5 2.42961E+05
  9.0 5.96073E+04
  9.5 3.15260E+05
 10.0 2.67181E+05
 10.5 2.74785E+04
 11.0 2.94586E+04
 11.5 3.92856E+04
 12.0 2.24668E+04
 12.5 2.08481E+04
 13.0 2.20850E+04
 13.5 2.33238E+04
 14.0 2.45643E+04
 14.5 2.58058E+04
 15.0 2.70480E+04
 15.5 2.82903E+04
 16.0 2.95323E+04
 16.5 3.07735E+04
 17.0 3.20130E+04
 17.5 3.32503E+04
 18.0 3.44842E+04
 18.5 3.57136E+04
 19.0 3.69369E+04
 19.5 3.81520E+04
 20.0 3.93565E+04
 20.5 4.05476E+04
 21.0 4.17220E+04
 21.5 4.28760E+04
 22.0 4.40057E+04
 22.5 4.51067E+04
 23.0 4.61750E+04
 23.5 4.72060E+04
 24.0 4.81958E+04
 24.5 4.91403E+04
 25.0 5.00360E+04
 25.5 5.08795E+04
 26.0 5.16680E+04
 26.5 5.23993E+04
 27.0 5.30714E+04
 27.5 5.36830E+04
 28.0 5.42333E+04
 28.5 5.47217E+04
 29.0 5.51486E+04
 29.5 5.55142E+04
 30.0 5.58193E+04
 30.5 5.60652E+04
 31.0 5.62533E+04
 31.5 5.63853E+04
 32.0 5.64630E+04
 32.5 5.64885E+04
 33.0 5.64640E+04
 33.5 5.63917E+04
 34.0 5.62739E+04
 34.5 5.61129E+04
 35.0 5.59113E+04
 35.5 5.56712E+04
 36.0 5.53950E+04
 36.5 5.50850E+04
 37.0 5.47434E+04
 37.5 5.43724E+04
 38.0 5.39740E+04
 38.5 5.35503E+04
 39.0 5.31032E+04
 39.5 5.26345E+04
 40.0 5.21459E+04
 40.5 5.16391E+04
 41.0 5.11157E+04
 41.5 5.05771E+04
 42.0 5.00247E+04
 42.5 4.94599E+04
 43.0 4.88838E+04
 43.5 4.82976E+04
 44.0 4.77023E+04
 44.5 4.70990E+04
 45.0 4.64886E+04
 45.5 4.58719E+04
 46.0 4.52497E+04
 46.5 4.46228E+04
 47.0 4.39918E+04
 47.5 4.33574E+04
 48.0 4.27201E+04
 48.5 4.20805E+04
 49.0 4.14390E+04
 49.5 4.07962E+04
 50.0 4.01523E+04
 50.5 3.95079E+04
 51.0 3.88631E+04
 51.5 3.82184E+04
 52.0 3.75740E+04
 52.5 3.69302E+04
 53.0 3.62871E+04
 53.5 3.56451E+04
 54.0 3.50042E+04
 54.5 3.43648E+04
 55.0 3.37268E+04
 55.5 3.30905E+04
 56.0 3.24559E+04
 56.5 3.18232E+04
 57.0 3.11926E+04
 57.5 3.05639E+04
 58.0 6.49458E+04
 58.5 2.93131E+04
 59.0 2.86911E+04
 59.5 8.94485E+04
 60.0 2.74540E+04
 60.5 2.68391E+04
 61.0 2.62265E+04
 61.5 2.56165E+04
 62.0 2.50089E+04
 62.5 2.44038E+04
 63.0 2.38013E+04
 63.5 2.32013E+04
 64.0 2.26038E+04
 64.5 2.20090E+04
 65.0 2.14167E+04
 65.5 2.08270E+04
 66.0 2.02399E+04
 66.5 1.96555E+04
 67.0 3.96541E+04
 67.5 1.84944E+04
 68.0 1.79178E+04
 68.5 1.73439E+04
 69.0 2.22059E+04
 69.5 1.58313E+04
 70.0 1.34887E+04
 70.5 1.30932E+04
 71.0 1.26917E+04
 71.5 1.22844E+04
 72.0 1.18716E+04
 72.5 1.14536E+04
 73.0 1.10306E+04
 73.5 1.06029E+04
 74.0 1.01706E+04
 74.5 9.73414E+03
 75.0 9.29366E+03
 75.5 8.84940E+03
 76.0 8.40164E+03
 76.5 7.95059E+03
 77.0 7.49650E+03
 77.5 7.03960E+03
 78.0 6.58012E+03
 78.5 6.11830E+03
 79.0 5.65435E+03
 79.5 5.18850E+03
 80.0 4.72098E+03
 80.5 4.25199E+03
 81.0 3.78176E+03
 81.5 3.31050E+03
 82.0 2.83841E+03
 82.5 2.36571E+03
 83.0 1.89260E+03
 83.5 1.41927E+03
 84.0 9.45939E+02
 84.5 4.72792E+02
 85.0 3.93881E+01
