085K07D0W2
  0.5 0.00000E+00
  1.0 0.00000E+00
  1.5 0.00000E+00
  2.0 0.00000E+00
  2.5 0.00000E+00
  3.0 0.00000E+00
  3.5 1.20594E+04
  4.0 1.67055E+04
  4.5 2.15284E+04
  5.0 2.64946E+04
  5.5 3.15900E+04
  6.0 3.68082E+04
  6.5 4.21454E+04
  7.0 4.76000E+04
  7.5 5.31716E+04
  8.0 5.88618E+04
  8.5 3.98742E+05
  9.0 7.06143E+04
  9.5 4.53185E+05
 10.0 3.81797E+05
 10.5 3.25530E+04
 11.0 3.48776E+04
 11.5 5.39249E+04
 12.0 2.66142E+04
 12.5 2.46978E+04
 13.0 2.61462E+04
 13.5 2.75993E+04
 14.0 2.90566E+04
 14.5 3.05177E+04
 15.0 3.19821E+04
 15.5 3.34491E+04
 16.0 3.49181E+04
 16.5 3.63881E+04
 17.0 3.78577E+04
 17.5 3.93254E+04
 18.0 4.07888E+04
 18.5 4.22449E+04
 19.0 4.36903E+04
 19.5 4.51204E+04
 20.0 4.65305E+04
 20.5 4.79150E+04
 21.0 4.92680E+04
 21.5 5.05832E+04
 22.0 5.18547E+04
 22.5 5.30762E+04
 23.0 5.42421E+04
 23.5 5.53470E+04
 24.0 5.63862E+04
 24.5 5.73557E+04
 25.0 5.82520E+04
 25.5 5.90725E+04
 26.0 5.98155E+04
 26.5 6.04797E+04
 27.0 6.10648E+04
 27.5 6.15709E+04
 28.0 6.19990E+04
 28.5 6.23504E+04
 29.0 6.26268E+04
 29.5 6.28305E+04
 30.0 6.29639E+04
 30.5 6.30300E+04
 31.0 6.30315E+04
 31.5 6.29718E+04
 32.0 6.28539E+04
 32.5 6.26812E+04
 33.0 6.24570E+04
 33.5 6.21845E+04
 34.0 6.18669E+04
 34.5 6.15074E+04
 35.0 6.11091E+04
 35.5 6.06750E+04
 36.0 6.02078E+04
 36.5 5.97103E+04
 37.0 5.91852E+04
 37.5 5.86349E+04
 38.0 5.80616E+04
 38.5 5.74677E+04
 39.0 5.68552E+04
 39.5 5.62260E+04
 40.0 5.55820E+04
 40.5 5.49248E+04
 41.0 5.42560E+04
 41.5 5.35771E+04
 42.0 5.28893E+04
 42.5 5.21941E+04
 43.0 5.14924E+04
 43.5 5.07854E+04
 44.0 5.00740E+04
 44.5 4.93591E+04
 45.0 4.86416E+04
 45.5 4.79221E+04
 46.0 4.72014E+04
 46.5 4.64800E+04
 47.0 4.57585E+04
 47.5 4.50374E+04
 48.0 4.43172E+04
 48.5 4.35982E+04
 49.0 4.28807E+04
 49.5 4.21653E+04
 50.0 4.14520E+04
 50.5 4.07412E+04
 51.0 4.00331E+04
 51.5 3.93278E+04
 52.0 3.86257E+04
 52.5 3.79267E+04
 53.0 3.72310E+04
 53.5 3.65387E+04
 54.0 3.58500E+04
 54.5 3.51648E+04
 55.0 3.44833E+04
 55.5 3.38055E+04
 56.0 3.31314E+04
 56.5 3.24611E+04
 57.0 3.17945E+04
 57.5 3.11317E+04
 58.0 6.63436E+04
 58.5 2.98174E+04
 59.0 2.91659E+04
 59.5 9.13191E+04
 60.0 2.78742E+04
 60.5 2.72340E+04
 61.0 2.65974E+04
 61.5 2.59645E+04
 62.0 2.53352E+04
 62.5 2.47095E+04
 63.0 2.40874E+04
 63.5 2.34689E+04
 64.0 2.28539E+04
 64.5 2.22423E+04
 65.0 2.16343E+04
 65.5 2.10296E+04
 66.0 2.04284E+04
 66.5 1.98306E+04
 67.0 4.01613E+04
 67.5 1.86449E+04
 68.0 1.80570E+04
 68.5 1.74724E+04
 69.0 2.24086E+04
 69.5 1.59869E+04
 70.0 1.38583E+04
 70.5 1.34351E+04
 71.0 1.30072E+04
 71.5 1.25749E+04
 72.0 1.21382E+04
 72.5 1.16976E+04
 73.0 1.12531E+04
 73.5 1.08051E+04
 74.0 1.03537E+04
 74.5 9.89920E+03
 75.0 9.44179E+03
 75.5 8.98170E+03
 76.0 8.51913E+03
 76.5 8.05431E+03
 77.0 7.58743E+03
 77.5 7.11871E+03
 78.0 6.64835E+03
 78.5 6.17656E+03
 79.0 5.70353E+03
 79.5 5.22946E+03
 80.0 4.75455E+03
 80.5 4.27899E+03
 81.0 3.80297E+03
 81.5 3.32666E+03
 82.0 2.85027E+03
 82.5 2.37397E+03
 83.0 1.89794E+03
 83.5 1.42236E+03
 84.0 9.47404E+02
 84.5 4.73242E+02
 85.0 3.94116E+01
