085K12D0W2
  0.5 0.00000E+00
  1.0 0.00000E+00
  1.5 0.00000E+00
  2.0 0.00000E+00
  2.5 0.00000E+00
  3.0 0.00000E+00
  3.5 2.50120E+04
  4.0 3.28411E+04
  4.5 4.09941E+04
  5.0 4.94619E+04
  5.5 5.82449E+04
  6.0 6.73497E+04
  6.5 7.67896E+04
  7.0 8.65871E+04
  7.5 9.67745E+04
  8.0 1.07387E+05
  8.5 1.52670E+06
  9.0 1.29901E+05
  9.5 1.18814E+06
 10.0 9.92605E+05
 10.5 5.90676E+04
 11.0 6.33018E+04
 11.5 1.64554E+05
 12.0 4.82336E+04
 12.5 4.47437E+04
 13.0 4.73483E+04
 13.5 4.99814E+04
 14.0 5.26407E+04
 14.5 5.53218E+04
 15.0 5.80181E+04
 15.5 6.07195E+04
 16.0 6.34131E+04
 16.5 6.60831E+04
 17.0 6.87114E+04
 17.5 7.12783E+04
 18.0 7.37636E+04
 18.5 7.61472E+04
 19.0 7.84105E+04
 19.5 8.05364E+04
 20.0 8.25101E+04
 20.5 8.43200E+04
 21.0 8.59568E+04
 21.5 8.74144E+04
 22.0 8.86895E+04
 22.5 8.97812E+04
 23.0 9.06913E+04
 23.5 9.14231E+04
 24.0 9.19820E+04
 24.5 9.23747E+04
 25.0 9.26090E+04
 25.5 9.26933E+04
 26.0 9.26368E+04
 26.5 9.24491E+04
 27.0 9.21398E+04
 27.5 9.17184E+04
 28.0 9.11944E+04
 28.5 9.05772E+04
 29.0 8.98755E+04
 29.5 8.90980E+04
 30.0 8.82528E+04
 30.5 8.73474E+04
 31.0 8.63891E+04
 31.5 8.53846E+04
 32.0 8.43401E+04
 32.5 8.32613E+04
 33.0 8.21535E+04
 33.5 8.10216E+04
 34.0 7.98700E+04
 34.5 7.87028E+04
 35.0 7.75236E+04
 35.5 7.63357E+04
 36.0 7.51421E+04
 36.5 7.39455E+04
 37.0 7.27483E+04
 37.5 7.15525E+04
 38.0 7.03601E+04
 38.5 6.91728E+04
 39.0 6.79920E+04
 39.5 6.68189E+04
 40.0 6.56548E+04
 40.5 6.45004E+04
 41.0 6.33567E+04
 41.5 6.22243E+04
 42.0 6.11039E+04
 42.5 5.99958E+04
 43.0 5.89004E+04
 43.5 5.78181E+04
 44.0 5.67491E+04
 44.5 5.56934E+04
 45.0 5.46513E+04
 45.5 5.36227E+04
 46.0 5.26076E+04
 46.5 5.16060E+04
 47.0 5.06178E+04
 47.5 4.96429E+04
 48.0 4.86812E+04
 48.5 4.77324E+04
 49.0 4.67965E+04
 49.5 4.58731E+04
 50.0 4.49621E+04
 50.5 4.40633E+04
 51.0 4.31764E+04
 51.5 4.23012E+04
 52.0 4.14375E+04
 52.5 4.05849E+04
 53.0 3.97432E+04
 53.5 3.89122E+04
 54.0 3.80916E+04
 54.5 3.72812E+04
 55.0 3.64806E+04
 55.5 3.56897E+04
 56.0 3.49082E+04
 56.5 3.41359E+04
 57.0 3.33724E+04
 57.5 3.26177E+04
 58.0 7.00028E+04
 58.5 3.11333E+04
 59.0 3.04031E+04
 59.5 9.62034E+04
 60.0 2.89660E+04
 60.5 2.82586E+04
 61.0 2.75584E+04
 61.5 2.68652E+04
 62.0 2.61787E+04
 62.5 2.54988E+04
 63.0 2.48254E+04
 63.5 2.41583E+04
 64.0 2.34973E+04
 64.5 2.28423E+04
 65.0 2.21931E+04
 65.5 2.15496E+04
 66.0 2.09116E+04
 66.5 2.02790E+04
 67.0 4.14684E+04
 67.5 1.90297E+04
 68.0 1.84127E+04
 68.5 1.78007E+04
 69.0 2.29281E+04
 69.5 1.63919E+04
 70.0 1.48464E+04
 70.5 1.43466E+04
 71.0 1.38461E+04
 71.5 1.33448E+04
 72.0 1.28430E+04
 72.5 1.23407E+04
 73.0 1.18382E+04
 73.5 1.13355E+04
 74.0 1.08327E+04
 74.5 1.03300E+04
 75.0 9.82758E+03
 75.5 9.32544E+03
 76.0 8.82374E+03
 76.5 8.32261E+03
 77.0 7.82216E+03
 77.5 7.32250E+03
 78.0 6.82376E+03
 78.5 6.32605E+03
 79.0 5.82948E+03
 79.5 5.33417E+03
 80.0 4.84023E+03
 80.5 4.34776E+03
 81.0 3.85689E+03
 81.5 3.36771E+03
 82.0 2.88034E+03
 82.5 2.39489E+03
 83.0 1.91146E+03
 83.5 1.43016E+03
 84.0 9.51095E+02
 84.5 4.74376E+02
 85.0 3.94707E+01
