085K10D0W2
  0.5 0.00000E+00
  1.0 0.00000E+00
  1.5 0.00000E+00
  2.0 0.00000E+00
  2.5 0.00000E+00
  3.0 0.00000E+00
  3.5 1.97290E+04
  4.0 2.62822E+04
  4.5 3.30884E+04
  5.0 4.01309E+04
  5.5 4.74039E+04
  6.0 5.49073E+04
  6.5 6.26444E+04
  7.0 7.06230E+04
  7.5 7.88567E+04
  8.0 8.73648E+04
  8.5 1.03607E+06
  9.0 1.05275E+05
  9.5 8.99836E+05
 10.0 7.52864E+05
 10.5 4.82089E+04
 11.0 5.16372E+04
 11.5 1.14904E+05
 12.0 3.93911E+04
 12.5 3.65496E+04
 13.0 3.86696E+04
 13.5 4.08068E+04
 14.0 4.29605E+04
 14.5 4.51295E+04
 15.0 4.73119E+04
 15.5 4.95040E+04
 16.0 5.17011E+04
 16.5 5.38963E+04
 17.0 5.60807E+04
 17.5 5.82439E+04
 18.0 6.03739E+04
 18.5 6.24575E+04
 19.0 6.44811E+04
 19.5 6.64309E+04
 20.0 6.82938E+04
 20.5 7.00575E+04
 21.0 7.17113E+04
 21.5 7.32456E+04
 22.0 7.46531E+04
 22.5 7.59282E+04
 23.0 7.70669E+04
 23.5 7.80674E+04
 24.0 7.89294E+04
 24.5 7.96539E+04
 25.0 8.02436E+04
 25.5 8.07018E+04
 26.0 8.10333E+04
 26.5 8.12434E+04
 27.0 8.13379E+04
 27.5 8.13231E+04
 28.0 8.12056E+04
 28.5 8.09922E+04
 29.0 8.06896E+04
 29.5 8.03047E+04
 30.0 7.98439E+04
 30.5 7.93138E+04
 31.0 7.87205E+04
 31.5 7.80701E+04
 32.0 7.73682E+04
 32.5 7.66202E+04
 33.0 7.58311E+04
 33.5 7.50058E+04
 34.0 7.41486E+04
 34.5 7.32636E+04
 35.0 7.23547E+04
 35.5 7.14254E+04
 36.0 7.04789E+04
 36.5 6.95182E+04
 37.0 6.85461E+04
 37.5 6.75649E+04
 38.0 6.65770E+04
 38.5 6.55843E+04
 39.0 6.45888E+04
 39.5 6.35920E+04
 40.0 6.25954E+04
 40.5 6.16004E+04
 41.0 6.06081E+04
 41.5 5.96196E+04
 42.0 5.86358E+04
 42.5 5.76574E+04
 43.0 5.66853E+04
 43.5 5.57200E+04
 44.0 5.47619E+04
 44.5 5.38117E+04
 45.0 5.28696E+04
 45.5 5.19359E+04
 46.0 5.10109E+04
 46.5 5.00948E+04
 47.0 4.91877E+04
 47.5 4.82897E+04
 48.0 4.74010E+04
 48.5 4.65215E+04
 49.0 4.56513E+04
 49.5 4.47903E+04
 50.0 4.39385E+04
 50.5 4.30958E+04
 51.0 4.22621E+04
 51.5 4.14374E+04
 52.0 4.06216E+04
 52.5 3.98145E+04
 53.0 3.90159E+04
 53.5 3.82258E+04
 54.0 3.74440E+04
 54.5 3.66704E+04
 55.0 3.59048E+04
 55.5 3.51470E+04
 56.0 3.43969E+04
 56.5 3.36543E+04
 57.0 3.29191E+04
 57.5 3.21911E+04
 58.0 6.89523E+04
 58.5 3.07561E+04
 59.0 3.00488E+04
 59.5 9.48030E+04
 60.0 2.86538E+04
 60.5 2.79658E+04
 61.0 2.72839E+04
 61.5 2.66081E+04
 62.0 2.59381E+04
 62.5 2.52738E+04
 63.0 2.46152E+04
 63.5 2.39620E+04
 64.0 2.33142E+04
 64.5 2.26716E+04
 65.0 2.20342E+04
 65.5 2.14018E+04
 66.0 2.07743E+04
 66.5 2.01517E+04
 67.0 4.10961E+04
 67.5 1.89206E+04
 68.0 1.83119E+04
 68.5 1.77077E+04
 69.0 2.27805E+04
 69.5 1.62760E+04
 70.0 1.45597E+04
 70.5 1.40825E+04
 71.0 1.36034E+04
 71.5 1.31223E+04
 72.0 1.26396E+04
 72.5 1.21554E+04
 73.0 1.16698E+04
 73.5 1.11830E+04
 74.0 1.06952E+04
 74.5 1.02065E+04
 75.0 9.71712E+03
 75.5 9.22713E+03
 76.0 8.73672E+03
 76.5 8.24604E+03
 77.0 7.75525E+03
 77.5 7.26447E+03
 78.0 6.77387E+03
 78.5 6.28357E+03
 79.0 5.79373E+03
 79.5 5.30448E+03
 80.0 4.81595E+03
 80.5 4.32829E+03
 81.0 3.84163E+03
 81.5 3.35611E+03
 82.0 2.87185E+03
 82.5 2.38899E+03
 83.0 1.90765E+03
 83.5 1.42796E+03
 84.0 9.50056E+02
 84.5 4.74057E+02
 85.0 3.94541E+01
