085K17D0W2
  0.5 0.00000E+00
  1.0 0.00000E+00
  1.5 0.00000E+00
  2.0 0.00000E+00
  2.5 0.00000E+00
  3.0 0.00000E+00
  3.5 3.87819E+04
  4.0 4.99028E+04
  4.5 6.15767E+04
  5.0 7.38167E+04
  5.5 8.66502E+04
  6.0 1.00124E+05
  6.5 1.14312E+05
  7.0 1.29304E+05
  7.5 1.45157E+05
  8.0 1.61817E+05
  8.5 2.74435E+06
  9.0 1.96477E+05
  9.5 1.81604E+06
 10.0 1.51537E+06
 10.5 8.80936E+04
 11.0 9.46000E+04
 11.5 2.98079E+05
 12.0 7.17803E+04
 12.5 6.65285E+04
 13.0 7.04827E+04
 13.5 7.44788E+04
 14.0 7.84931E+04
 14.5 8.24949E+04
 15.0 8.64478E+04
 15.5 9.03113E+04
 16.0 9.40440E+04
 16.5 9.76052E+04
 17.0 1.00957E+05
 17.5 1.04068E+05
 18.0 1.06912E+05
 18.5 1.09467E+05
 19.0 1.11720E+05
 19.5 1.13665E+05
 20.0 1.15300E+05
 20.5 1.16629E+05
 21.0 1.17659E+05
 21.5 1.18402E+05
 22.0 1.18873E+05
 22.5 1.19087E+05
 23.0 1.19061E+05
 23.5 1.18814E+05
 24.0 1.18364E+05
 24.5 1.17731E+05
 25.0 1.16931E+05
 25.5 1.15982E+05
 26.0 1.14901E+05
 26.5 1.13703E+05
 27.0 1.12405E+05
 27.5 1.11018E+05
 28.0 1.09556E+05
 28.5 1.08031E+05
 29.0 1.06453E+05
 29.5 1.04833E+05
 30.0 1.03178E+05
 30.5 1.01497E+05
 31.0 9.97972E+04
 31.5 9.80846E+04
 32.0 9.63650E+04
 32.5 9.46435E+04
 33.0 9.29244E+04
 33.5 9.12117E+04
 34.0 8.95087E+04
 34.5 8.78184E+04
 35.0 8.61433E+04
 35.5 8.44855E+04
 36.0 8.28469E+04
 36.5 8.12290E+04
 37.0 7.96330E+04
 37.5 7.80600E+04
 38.0 7.65109E+04
 38.5 7.49861E+04
 39.0 7.34862E+04
 39.5 7.20116E+04
 40.0 7.05622E+04
 40.5 6.91383E+04
 41.0 6.77398E+04
 41.5 6.63666E+04
 42.0 6.50185E+04
 42.5 6.36952E+04
 43.0 6.23964E+04
 43.5 6.11218E+04
 44.0 5.98709E+04
 44.5 5.86433E+04
 45.0 5.74386E+04
 45.5 5.62563E+04
 46.0 5.50959E+04
 46.5 5.39568E+04
 47.0 5.28385E+04
 47.5 5.17406E+04
 48.0 5.06624E+04
 48.5 4.96035E+04
 49.0 4.85634E+04
 49.5 4.75414E+04
 50.0 4.65371E+04
 50.5 4.55499E+04
 51.0 4.45794E+04
 51.5 4.36251E+04
 52.0 4.26863E+04
 52.5 4.17628E+04
 53.0 4.08540E+04
 53.5 3.99593E+04
 54.0 3.90785E+04
 54.5 3.82111E+04
 55.0 3.73565E+04
 55.5 3.65145E+04
 56.0 3.56846E+04
 56.5 3.48664E+04
 57.0 3.40596E+04
 57.5 3.32637E+04
 58.0 7.15936E+04
 58.5 3.17035E+04
 59.0 3.09385E+04
 59.5 9.83215E+04
 60.0 2.94372E+04
 60.5 2.87002E+04
 61.0 2.79720E+04
 61.5 2.72523E+04
 62.0 2.65409E+04
 62.5 2.58374E+04
 63.0 2.51416E+04
 63.5 2.44533E+04
 64.0 2.37724E+04
 64.5 2.30985E+04
 65.0 2.24315E+04
 65.5 2.17712E+04
 66.0 2.11173E+04
 66.5 2.04698E+04
 67.0 4.20277E+04
 67.5 1.91932E+04
 68.0 1.85637E+04
 68.5 1.79399E+04
 69.0 2.31492E+04
 69.5 1.65671E+04
 70.0 1.52854E+04
 70.5 1.47504E+04
 71.0 1.42165E+04
 71.5 1.36838E+04
 72.0 1.31524E+04
 72.5 1.26224E+04
 73.0 1.20937E+04
 73.5 1.15666E+04
 74.0 1.10409E+04
 74.5 1.05168E+04
 75.0 9.99444E+03
 75.5 9.47377E+03
 76.0 8.95490E+03
 76.5 8.43788E+03
 77.0 7.92279E+03
 77.5 7.40969E+03
 78.0 6.89866E+03
 78.5 6.38975E+03
 79.0 5.88305E+03
 79.5 5.37862E+03
 80.0 4.87653E+03
 80.5 4.37685E+03
 81.0 3.87966E+03
 81.5 3.38501E+03
 82.0 2.89299E+03
 82.5 2.40367E+03
 83.0 1.91712E+03
 83.5 1.43342E+03
 84.0 9.52638E+02
 84.5 4.74850E+02
 85.0 3.94954E+01
