085K21D0W2
  0.5 0.00000E+00
  1.0 0.00000E+00
  1.5 0.00000E+00
  2.0 0.00000E+00
  2.5 0.00000E+00
  3.0 0.00000E+00
  3.5 5.04671E+04
  4.0 6.43884E+04
  4.5 7.90994E+04
  5.0 9.46439E+04
  5.5 1.11097E+05
  6.0 1.28579E+05
  6.5 1.47241E+05
  7.0 1.67180E+05
  7.5 1.88288E+05
  8.0 2.10164E+05
  8.5 3.62117E+06
  9.0 2.53415E+05
  9.5 2.22630E+06
 10.0 1.85717E+06
 10.5 1.13648E+05
 11.0 1.22119E+05
 11.5 4.03405E+05
 12.0 9.24078E+04
 12.5 8.55792E+04
 13.0 9.06983E+04
 13.5 9.58096E+04
 14.0 1.00856E+05
 14.5 1.05773E+05
 15.0 1.10498E+05
 15.5 1.14970E+05
 16.0 1.19134E+05
 16.5 1.22947E+05
 17.0 1.26373E+05
 17.5 1.29390E+05
 18.0 1.31983E+05
 18.5 1.34149E+05
 19.0 1.35894E+05
 19.5 1.37229E+05
 20.0 1.38170E+05
 20.5 1.38740E+05
 21.0 1.38963E+05
 21.5 1.38866E+05
 22.0 1.38474E+05
 22.5 1.37817E+05
 23.0 1.36920E+05
 23.5 1.35809E+05
 24.0 1.34511E+05
 24.5 1.33048E+05
 25.0 1.31443E+05
 25.5 1.29717E+05
 26.0 1.27887E+05
 26.5 1.25971E+05
 27.0 1.23985E+05
 27.5 1.21944E+05
 28.0 1.19858E+05
 28.5 1.17741E+05
 29.0 1.15602E+05
 29.5 1.13451E+05
 30.0 1.11294E+05
 30.5 1.09138E+05
 31.0 1.06991E+05
 31.5 1.04856E+05
 32.0 1.02739E+05
 32.5 1.00643E+05
 33.0 9.85718E+04
 33.5 9.65276E+04
 34.0 9.45128E+04
 34.5 9.25293E+04
 35.0 9.05784E+04
 35.5 8.86614E+04
 36.0 8.67791E+04
 36.5 8.49321E+04
 37.0 8.31208E+04
 37.5 8.13454E+04
 38.0 7.96058E+04
 38.5 7.79021E+04
 39.0 7.62339E+04
 39.5 7.46009E+04
 40.0 7.30026E+04
 40.5 7.14386E+04
 41.0 6.99083E+04
 41.5 6.84109E+04
 42.0 6.69460E+04
 42.5 6.55127E+04
 43.0 6.41103E+04
 43.5 6.27381E+04
 44.0 6.13953E+04
 44.5 6.00810E+04
 45.0 5.87946E+04
 45.5 5.75353E+04
 46.0 5.63022E+04
 46.5 5.50947E+04
 47.0 5.39118E+04
 47.5 5.27529E+04
 48.0 5.16172E+04
 48.5 5.05040E+04
 49.0 4.94126E+04
 49.5 4.83422E+04
 50.0 4.72922E+04
 50.5 4.62618E+04
 51.0 4.52505E+04
 51.5 4.42576E+04
 52.0 4.32825E+04
 52.5 4.23245E+04
 53.0 4.13831E+04
 53.5 4.04577E+04
 54.0 3.95478E+04
 54.5 3.86528E+04
 55.0 3.77723E+04
 55.5 3.69057E+04
 56.0 3.60525E+04
 56.5 3.52123E+04
 57.0 3.43847E+04
 57.5 3.35692E+04
 58.0 7.23459E+04
 58.5 3.19728E+04
 59.0 3.11912E+04
 59.5 9.93220E+04
 60.0 2.96593E+04
 60.5 2.89083E+04
 61.0 2.81668E+04
 61.5 2.74345E+04
 62.0 2.67112E+04
 62.5 2.59965E+04
 63.0 2.52901E+04
 63.5 2.45919E+04
 64.0 2.39015E+04
 64.5 2.32187E+04
 65.0 2.25433E+04
 65.5 2.18750E+04
 66.0 2.12137E+04
 66.5 2.05592E+04
 67.0 4.22904E+04
 67.5 1.92697E+04
 68.0 1.86343E+04
 68.5 1.80050E+04
 69.0 2.32527E+04
 69.5 1.66497E+04
 70.0 1.54949E+04
 70.5 1.49428E+04
 71.0 1.43929E+04
 71.5 1.38451E+04
 72.0 1.32994E+04
 72.5 1.27560E+04
 73.0 1.22148E+04
 73.5 1.16759E+04
 74.0 1.11393E+04
 74.5 1.06051E+04
 75.0 1.00732E+04
 75.5 9.54370E+03
 76.0 9.01666E+03
 76.5 8.49211E+03
 77.0 7.97009E+03
 77.5 7.45063E+03
 78.0 6.93379E+03
 78.5 6.41962E+03
 79.0 5.90814E+03
 79.5 5.39942E+03
 80.0 4.89351E+03
 80.5 4.39044E+03
 81.0 3.89029E+03
 81.5 3.39308E+03
 82.0 2.89889E+03
 82.5 2.40777E+03
 83.0 1.91976E+03
 83.5 1.43494E+03
 84.0 9.53356E+02
 84.5 4.75070E+02
 85.0 3.95069E+01
