086K09D0W2
  0.5 0.00000E+00
  1.0 0.00000E+00
  1.5 0.00000E+00
  2.0 0.00000E+00
  2.5 0.00000E+00
  3.0 0.00000E+00
  3.5 1.69328E+04
  4.0 2.28006E+04
  4.5 2.88906E+04
  5.0 3.51810E+04
  5.5 4.16635E+04
  6.0 4.83351E+04
  6.5 5.51960E+04
  7.0 6.22491E+04
  7.5 6.95008E+04
  8.0 7.69623E+04
  8.5 7.80818E+05
  9.0 9.25718E+04
  9.5 7.38622E+05
 10.0 6.18925E+05
 10.5 4.25647E+04
 11.0 4.55937E+04
 11.5 9.00973E+04
 12.0 3.48080E+04
 12.5 3.23062E+04
 13.0 3.41874E+04
 13.5 3.60812E+04
 14.0 3.79874E+04
 14.5 3.99051E+04
 15.0 4.18336E+04
 15.5 4.37712E+04
 16.0 4.57156E+04
 16.5 4.76632E+04
 17.0 4.96094E+04
 17.5 5.15479E+04
 18.0 5.34711E+04
 18.5 5.53703E+04
 19.0 5.72356E+04
 19.5 5.90565E+04
 20.0 6.08223E+04
 20.5 6.25223E+04
 21.0 6.41460E+04
 21.5 6.56842E+04
 22.0 6.71283E+04
 22.5 6.84711E+04
 23.0 6.97067E+04
 23.5 7.08307E+04
 24.0 7.18400E+04
 24.5 7.27329E+04
 25.0 7.35090E+04
 25.5 7.41690E+04
 26.0 7.47146E+04
 26.5 7.51486E+04
 27.0 7.54743E+04
 27.5 7.56959E+04
 28.0 7.58178E+04
 28.5 7.58449E+04
 29.0 7.57824E+04
 29.5 7.56358E+04
 30.0 7.54102E+04
 30.5 7.51114E+04
 31.0 7.47444E+04
 31.5 7.43148E+04
 32.0 7.38275E+04
 32.5 7.32876E+04
 33.0 7.26997E+04
 33.5 7.20684E+04
 34.0 7.13980E+04
 34.5 7.06926E+04
 35.0 6.99559E+04
 35.5 6.91915E+04
 36.0 6.84028E+04
 36.5 6.75929E+04
 37.0 6.67646E+04
 37.5 6.59205E+04
 38.0 6.50632E+04
 38.5 6.41949E+04
 39.0 6.33176E+04
 39.5 6.24331E+04
 40.0 6.15433E+04
 40.5 6.06497E+04
 41.0 5.97536E+04
 41.5 5.88564E+04
 42.0 5.79592E+04
 42.5 5.70630E+04
 43.0 5.61687E+04
 43.5 5.52771E+04
 44.0 5.43890E+04
 44.5 5.35050E+04
 45.0 5.26257E+04
 45.5 5.17515E+04
 46.0 5.08829E+04
 46.5 5.00203E+04
 47.0 4.91638E+04
 47.5 4.83139E+04
 48.0 4.74706E+04
 48.5 4.66343E+04
 49.0 4.58050E+04
 49.5 4.49828E+04
 50.0 4.41678E+04
 50.5 4.33600E+04
 51.0 4.25595E+04
 51.5 4.17664E+04
 52.0 4.09804E+04
 52.5 4.02017E+04
 53.0 3.94301E+04
 53.5 3.86657E+04
 54.0 3.79084E+04
 54.5 3.71580E+04
 55.0 3.64145E+04
 55.5 3.56778E+04
 56.0 3.49477E+04
 56.5 3.42243E+04
 57.0 3.35073E+04
 57.5 3.27968E+04
 58.0 7.28797E+04
 58.5 3.13942E+04
 59.0 3.07021E+04
 59.5 1.01320E+05
 60.0 2.93354E+04
 60.5 2.86606E+04
 61.0 2.79914E+04
 61.5 2.73277E+04
 62.0 2.66693E+04
 62.5 2.60162E+04
 63.0 2.53682E+04
 63.5 2.47253E+04
 64.0 2.40873E+04
 64.5 2.34541E+04
 65.0 2.28257E+04
 65.5 2.22020E+04
 66.0 2.15829E+04
 66.5 2.09682E+04
 67.0 4.39610E+04
 67.5 1.97520E+04
 68.0 1.91504E+04
 68.5 1.85529E+04
 69.0 2.41751E+04
 69.5 1.70773E+04
 70.0 1.50932E+04
 70.5 1.46409E+04
 71.0 1.41856E+04
 71.5 1.37276E+04
 72.0 1.32669E+04
 72.5 1.28039E+04
 73.0 1.23387E+04
 73.5 1.18714E+04
 74.0 1.14022E+04
 74.5 1.09313E+04
 75.0 1.04589E+04
 75.5 9.98519E+03
 76.0 9.51026E+03
 76.5 9.03430E+03
 77.0 8.55747E+03
 77.5 8.07994E+03
 78.0 7.60187E+03
 78.5 7.12340E+03
 79.0 6.64470E+03
 79.5 6.16592E+03
 80.0 5.68720E+03
 80.5 5.20870E+03
 81.0 4.73056E+03
 81.5 4.25293E+03
 82.0 3.77594E+03
 82.5 3.29975E+03
 83.0 2.82449E+03
 83.5 2.35029E+03
 84.0 1.87730E+03
 84.5 1.40565E+03
 85.0 9.35477E+02
 85.5 4.66909E+02
 86.0 3.88655E+01
