086K08D0W2
  0.5 0.00000E+00
  1.0 0.00000E+00
  1.5 0.00000E+00
  2.0 0.00000E+00
  2.5 0.00000E+00
  3.0 0.00000E+00
  3.5 1.44003E+04
  4.0 1.96388E+04
  4.5 2.50742E+04
  5.0 3.06793E+04
  5.5 3.64431E+04
  6.0 4.23607E+04
  6.5 4.84301E+04
  7.0 5.46512E+04
  7.5 6.10264E+04
  8.0 6.75610E+04
  8.5 5.68921E+05
  9.0 8.11429E+04
  9.5 5.88581E+05
 10.0 4.94299E+05
 10.5 3.73917E+04
 11.0 4.00562E+04
 11.5 6.99884E+04
 12.0 3.05833E+04
 12.5 2.83864E+04
 13.0 3.00452E+04
 13.5 3.17125E+04
 14.0 3.33880E+04
 14.5 3.50709E+04
 15.0 3.67610E+04
 15.5 3.84571E+04
 16.0 4.01582E+04
 16.5 4.18626E+04
 17.0 4.35677E+04
 17.5 4.52702E+04
 18.0 4.69658E+04
 18.5 4.86492E+04
 19.0 5.03141E+04
 19.5 5.19532E+04
 20.0 5.35589E+04
 20.5 5.51230E+04
 21.0 5.66370E+04
 21.5 5.80929E+04
 22.0 5.94828E+04
 22.5 6.07995E+04
 23.0 6.20367E+04
 23.5 6.31888E+04
 24.0 6.42515E+04
 24.5 6.52211E+04
 25.0 6.60954E+04
 25.5 6.68730E+04
 26.0 6.75534E+04
 26.5 6.81371E+04
 27.0 6.86254E+04
 27.5 6.90202E+04
 28.0 6.93240E+04
 28.5 6.95400E+04
 29.0 6.96715E+04
 29.5 6.97224E+04
 30.0 6.96965E+04
 30.5 6.95982E+04
 31.0 6.94315E+04
 31.5 6.92008E+04
 32.0 6.89104E+04
 32.5 6.85645E+04
 33.0 6.81671E+04
 33.5 6.77224E+04
 34.0 6.72342E+04
 34.5 6.67062E+04
 35.0 6.61420E+04
 35.5 6.55448E+04
 36.0 6.49181E+04
 36.5 6.42646E+04
 37.0 6.35874E+04
 37.5 6.28889E+04
 38.0 6.21718E+04
 38.5 6.14382E+04
 39.0 6.06903E+04
 39.5 5.99302E+04
 40.0 5.91595E+04
 40.5 5.83801E+04
 41.0 5.75933E+04
 41.5 5.68008E+04
 42.0 5.60037E+04
 42.5 5.52031E+04
 43.0 5.44003E+04
 43.5 5.35961E+04
 44.0 5.27914E+04
 44.5 5.19870E+04
 45.0 5.11837E+04
 45.5 5.03819E+04
 46.0 4.95824E+04
 46.5 4.87856E+04
 47.0 4.79920E+04
 47.5 4.72019E+04
 48.0 4.64157E+04
 48.5 4.56337E+04
 49.0 4.48561E+04
 49.5 4.40832E+04
 50.0 4.33151E+04
 50.5 4.25521E+04
 51.0 4.17941E+04
 51.5 4.10414E+04
 52.0 4.02940E+04
 52.5 3.95520E+04
 53.0 3.88153E+04
 53.5 3.80841E+04
 54.0 3.73584E+04
 54.5 3.66380E+04
 55.0 3.59231E+04
 55.5 3.52136E+04
 56.0 3.45094E+04
 56.5 3.38105E+04
 57.0 3.31169E+04
 57.5 3.24286E+04
 58.0 7.19189E+04
 58.5 3.10672E+04
 59.0 3.03941E+04
 59.5 1.00018E+05
 60.0 2.90627E+04
 60.5 2.84042E+04
 61.0 2.77505E+04
 61.5 2.71015E+04
 62.0 2.64571E+04
 62.5 2.58172E+04
 63.0 2.51818E+04
 63.5 2.45507E+04
 64.0 2.39240E+04
 64.5 2.33015E+04
 65.0 2.26832E+04
 65.5 2.20691E+04
 66.0 2.14590E+04
 66.5 2.08529E+04
 67.0 4.36108E+04
 67.5 1.96525E+04
 68.0 1.90581E+04
 68.5 1.84675E+04
 69.0 2.40368E+04
 69.5 1.69716E+04
 70.0 1.48369E+04
 70.5 1.44033E+04
 71.0 1.39659E+04
 71.5 1.35248E+04
 72.0 1.30803E+04
 72.5 1.26325E+04
 73.0 1.21817E+04
 73.5 1.17281E+04
 74.0 1.12718E+04
 74.5 1.08131E+04
 75.0 1.03521E+04
 75.5 9.88906E+03
 76.0 9.42415E+03
 76.5 8.95755E+03
 77.0 8.48944E+03
 77.5 8.02000E+03
 78.0 7.54941E+03
 78.5 7.07784E+03
 79.0 6.60547E+03
 79.5 6.13247E+03
 80.0 5.65902E+03
 80.5 5.18526E+03
 81.0 4.71138E+03
 81.5 4.23752E+03
 82.0 3.76386E+03
 82.5 3.29055E+03
 83.0 2.81774E+03
 83.5 2.34560E+03
 84.0 1.87427E+03
 84.5 1.40390E+03
 85.0 9.34649E+02
 85.5 4.66654E+02
 86.0 3.88522E+01
