086K17D0W2
  0.5 0.00000E+00
  1.0 0.00000E+00
  1.5 0.00000E+00
  2.0 0.00000E+00
  2.5 0.00000E+00
  3.0 0.00000E+00
  3.5 3.83645E+04
  4.0 4.93862E+04
  4.5 6.09550E+04
  5.0 7.30829E+04
  5.5 8.57958E+04
  6.0 9.91380E+04
  6.5 1.13179E+05
  7.0 1.28008E+05
  7.5 1.43687E+05
  8.0 1.60181E+05
  8.5 2.72453E+06
  9.0 1.94634E+05
  9.5 1.81506E+06
 10.0 1.51449E+06
 10.5 8.73300E+04
 11.0 9.37913E+04
 11.5 2.94991E+05
 12.0 7.12080E+04
 12.5 6.60142E+04
 13.0 6.99489E+04
 13.5 7.39296E+04
 14.0 7.79350E+04
 14.5 8.19358E+04
 15.0 8.58975E+04
 15.5 8.97807E+04
 16.0 9.35445E+04
 16.5 9.71486E+04
 17.0 1.00555E+05
 17.5 1.03731E+05
 18.0 1.06647E+05
 18.5 1.09284E+05
 19.0 1.11625E+05
 19.5 1.13661E+05
 20.0 1.15391E+05
 20.5 1.16815E+05
 21.0 1.17940E+05
 21.5 1.18777E+05
 22.0 1.19339E+05
 22.5 1.19641E+05
 23.0 1.19699E+05
 23.5 1.19532E+05
 24.0 1.19158E+05
 24.5 1.18594E+05
 25.0 1.17859E+05
 25.5 1.16969E+05
 26.0 1.15943E+05
 26.5 1.14795E+05
 27.0 1.13540E+05
 27.5 1.12193E+05
 28.0 1.10766E+05
 28.5 1.09272E+05
 29.0 1.07721E+05
 29.5 1.06123E+05
 30.0 1.04487E+05
 30.5 1.02822E+05
 31.0 1.01135E+05
 31.5 9.94329E+04
 32.0 9.77208E+04
 32.5 9.60045E+04
 33.0 9.42885E+04
 33.5 9.25769E+04
 34.0 9.08732E+04
 34.5 8.91807E+04
 35.0 8.75020E+04
 35.5 8.58394E+04
 36.0 8.41948E+04
 36.5 8.25700E+04
 37.0 8.09663E+04
 37.5 7.93848E+04
 38.0 7.78265E+04
 38.5 7.62921E+04
 39.0 7.47822E+04
 39.5 7.32971E+04
 40.0 7.18370E+04
 40.5 7.04022E+04
 41.0 6.89926E+04
 41.5 6.76082E+04
 42.0 6.62489E+04
 42.5 6.49143E+04
 43.0 6.36043E+04
 43.5 6.23186E+04
 44.0 6.10567E+04
 44.5 5.98182E+04
 45.0 5.86028E+04
 45.5 5.74099E+04
 46.0 5.62391E+04
 46.5 5.50899E+04
 47.0 5.39617E+04
 47.5 5.28541E+04
 48.0 5.17666E+04
 48.5 5.06986E+04
 49.0 4.96496E+04
 49.5 4.86191E+04
 50.0 4.76065E+04
 50.5 4.66114E+04
 51.0 4.56332E+04
 51.5 4.46714E+04
 52.0 4.37256E+04
 52.5 4.27953E+04
 53.0 4.18799E+04
 53.5 4.09791E+04
 54.0 4.00924E+04
 54.5 3.92193E+04
 55.0 3.83594E+04
 55.5 3.75123E+04
 56.0 3.66775E+04
 56.5 3.58548E+04
 57.0 3.50436E+04
 57.5 3.42438E+04
 58.0 7.66582E+04
 58.5 3.26763E+04
 59.0 3.19080E+04
 59.5 1.06426E+05
 60.0 3.04007E+04
 60.5 2.96612E+04
 61.0 2.89305E+04
 61.5 2.82086E+04
 62.0 2.74951E+04
 62.5 2.67898E+04
 63.0 2.60924E+04
 63.5 2.54026E+04
 64.0 2.47203E+04
 64.5 2.40453E+04
 65.0 2.33773E+04
 65.5 2.27161E+04
 66.0 2.20615E+04
 66.5 2.14134E+04
 67.0 4.53202E+04
 67.5 2.01358E+04
 68.0 1.95061E+04
 68.5 1.88821E+04
 69.0 2.47092E+04
 69.5 1.74908E+04
 70.0 1.61202E+04
 70.5 1.55905E+04
 71.0 1.50618E+04
 71.5 1.45343E+04
 72.0 1.40079E+04
 72.5 1.34828E+04
 73.0 1.29590E+04
 73.5 1.24365E+04
 74.0 1.19154E+04
 74.5 1.13959E+04
 75.0 1.08778E+04
 75.5 1.03614E+04
 76.0 9.84660E+03
 76.5 9.33355E+03
 77.0 8.82229E+03
 77.5 8.31288E+03
 78.0 7.80539E+03
 78.5 7.29988E+03
 79.0 6.79641E+03
 79.5 6.29506E+03
 80.0 5.79588E+03
 80.5 5.29894E+03
 81.0 4.80432E+03
 81.5 4.31207E+03
 82.0 3.82227E+03
 82.5 3.33497E+03
 83.0 2.85026E+03
 83.5 2.36820E+03
 84.0 1.88886E+03
 84.5 1.41232E+03
 85.0 9.38630E+02
 85.5 4.67876E+02
 86.0 3.89159E+01
