086K14D0W2
  0.5 0.00000E+00
  1.0 0.00000E+00
  1.5 0.00000E+00
  2.0 0.00000E+00
  2.5 0.00000E+00
  3.0 0.00000E+00
  3.5 3.00856E+04
  4.0 3.91298E+04
  4.5 4.85774E+04
  5.0 5.84263E+04
  5.5 6.86845E+04
  6.0 7.93684E+04
  6.5 9.05065E+04
  7.0 1.02143E+05
  7.5 1.14330E+05
  8.0 1.27107E+05
  8.5 1.99861E+06
  9.0 1.54242E+05
  9.5 1.44966E+06
 10.0 1.21020E+06
 10.5 6.97349E+04
 11.0 7.48002E+04
 11.5 2.14177E+05
 12.0 5.69374E+04
 12.5 5.28134E+04
 13.0 5.59192E+04
 13.5 5.90655E+04
 14.0 6.22458E+04
 14.5 6.54497E+04
 15.0 6.86623E+04
 15.5 7.18642E+04
 16.0 7.50323E+04
 16.5 7.81405E+04
 17.0 8.11616E+04
 17.5 8.40682E+04
 18.0 8.68339E+04
 18.5 8.94350E+04
 19.0 9.18510E+04
 19.5 9.40649E+04
 20.0 9.60639E+04
 20.5 9.78394E+04
 21.0 9.93864E+04
 21.5 1.00704E+05
 22.0 1.01794E+05
 22.5 1.02662E+05
 23.0 1.03314E+05
 23.5 1.03760E+05
 24.0 1.04010E+05
 24.5 1.04076E+05
 25.0 1.03970E+05
 25.5 1.03704E+05
 26.0 1.03292E+05
 26.5 1.02745E+05
 27.0 1.02077E+05
 27.5 1.01298E+05
 28.0 1.00421E+05
 28.5 9.94569E+04
 29.0 9.84149E+04
 29.5 9.73051E+04
 30.0 9.61365E+04
 30.5 9.49173E+04
 31.0 9.36552E+04
 31.5 9.23572E+04
 32.0 9.10297E+04
 32.5 8.96784E+04
 33.0 8.83088E+04
 33.5 8.69256E+04
 34.0 8.55330E+04
 34.5 8.41350E+04
 35.0 8.27348E+04
 35.5 8.13356E+04
 36.0 7.99402E+04
 36.5 7.85508E+04
 37.0 7.71695E+04
 37.5 7.57982E+04
 38.0 7.44384E+04
 38.5 7.30915E+04
 39.0 7.17585E+04
 39.5 7.04406E+04
 40.0 6.91384E+04
 40.5 6.78526E+04
 41.0 6.65838E+04
 41.5 6.53323E+04
 42.0 6.40984E+04
 42.5 6.28824E+04
 43.0 6.16844E+04
 43.5 6.05044E+04
 44.0 5.93424E+04
 44.5 5.81984E+04
 45.0 5.70722E+04
 45.5 5.59636E+04
 46.0 5.48725E+04
 46.5 5.37987E+04
 47.0 5.27418E+04
 47.5 5.17016E+04
 48.0 5.06777E+04
 48.5 4.96700E+04
 49.0 4.86780E+04
 49.5 4.77014E+04
 50.0 4.67398E+04
 50.5 4.57930E+04
 51.0 4.48605E+04
 51.5 4.39420E+04
 52.0 4.30371E+04
 52.5 4.21455E+04
 53.0 4.12668E+04
 53.5 4.04007E+04
 54.0 3.95469E+04
 54.5 3.87049E+04
 55.0 3.78745E+04
 55.5 3.70553E+04
 56.0 3.62471E+04
 56.5 3.54494E+04
 57.0 3.46620E+04
 57.5 3.38846E+04
 58.0 7.57199E+04
 58.5 3.23585E+04
 59.0 3.16093E+04
 59.5 1.05159E+05
 60.0 3.01372E+04
 60.5 2.94138E+04
 61.0 2.86985E+04
 61.5 2.79911E+04
 62.0 2.72914E+04
 62.5 2.65990E+04
 63.0 2.59139E+04
 63.5 2.52358E+04
 64.0 2.45645E+04
 64.5 2.38998E+04
 65.0 2.32416E+04
 65.5 2.25897E+04
 66.0 2.19439E+04
 66.5 2.13040E+04
 67.0 4.49852E+04
 67.5 2.00416E+04
 68.0 1.94188E+04
 68.5 1.88014E+04
 69.0 2.45780E+04
 69.5 1.73884E+04
 70.0 1.58623E+04
 70.5 1.53524E+04
 71.0 1.48424E+04
 71.5 1.43326E+04
 72.0 1.38229E+04
 72.5 1.33135E+04
 73.0 1.28045E+04
 73.5 1.22959E+04
 74.0 1.17879E+04
 74.5 1.12806E+04
 75.0 1.07740E+04
 75.5 1.02682E+04
 76.0 9.76341E+03
 76.5 9.25961E+03
 77.0 8.75692E+03
 77.5 8.25544E+03
 78.0 7.75525E+03
 78.5 7.25645E+03
 79.0 6.75911E+03
 79.5 6.26334E+03
 80.0 5.76921E+03
 80.5 5.27682E+03
 81.0 4.78625E+03
 81.5 4.29759E+03
 82.0 3.81093E+03
 82.5 3.32636E+03
 83.0 2.84397E+03
 83.5 2.36383E+03
 84.0 1.88604E+03
 84.5 1.41069E+03
 85.0 9.37862E+02
 85.5 4.67641E+02
 86.0 3.89036E+01
