086K16D0W2
  0.5 0.00000E+00
  1.0 0.00000E+00
  1.5 0.00000E+00
  2.0 0.00000E+00
  2.5 0.00000E+00
  3.0 0.00000E+00
  3.5 3.55702E+04
  4.0 4.59244E+04
  4.5 5.67751E+04
  5.0 6.81290E+04
  5.5 8.00048E+04
  6.0 9.24357E+04
  6.5 1.05475E+05
  7.0 1.19196E+05
  7.5 1.33666E+05
  8.0 1.48888E+05
  8.5 2.48735E+06
  9.0 1.80929E+05
  9.5 1.69860E+06
 10.0 1.41749E+06
 10.5 8.13414E+04
 11.0 8.73253E+04
 11.5 2.68028E+05
 12.0 6.63563E+04
 12.5 6.15282E+04
 13.0 6.51798E+04
 13.5 6.88781E+04
 14.0 7.26078E+04
 14.5 7.63470E+04
 15.0 8.00682E+04
 15.5 8.37389E+04
 16.0 8.73239E+04
 16.5 9.07869E+04
 17.0 9.40926E+04
 17.5 9.72086E+04
 18.0 1.00106E+05
 18.5 1.02763E+05
 19.0 1.05159E+05
 19.5 1.07284E+05
 20.0 1.09131E+05
 20.5 1.10697E+05
 21.0 1.11984E+05
 21.5 1.13000E+05
 22.0 1.13754E+05
 22.5 1.14257E+05
 23.0 1.14523E+05
 23.5 1.14567E+05
 24.0 1.14406E+05
 24.5 1.14054E+05
 25.0 1.13529E+05
 25.5 1.12846E+05
 26.0 1.12021E+05
 26.5 1.11069E+05
 27.0 1.10004E+05
 27.5 1.08841E+05
 28.0 1.07590E+05
 28.5 1.06265E+05
 29.0 1.04875E+05
 29.5 1.03432E+05
 30.0 1.01944E+05
 30.5 1.00419E+05
 31.0 9.88644E+04
 31.5 9.72881E+04
 32.0 9.56955E+04
 32.5 9.40924E+04
 33.0 9.24835E+04
 33.5 9.08732E+04
 34.0 8.92653E+04
 34.5 8.76632E+04
 35.0 8.60698E+04
 35.5 8.44878E+04
 36.0 8.29193E+04
 36.5 8.13662E+04
 37.0 7.98301E+04
 37.5 7.83125E+04
 38.0 7.68144E+04
 38.5 7.53368E+04
 39.0 7.38803E+04
 39.5 7.24457E+04
 40.0 7.10332E+04
 40.5 6.96433E+04
 41.0 6.82761E+04
 41.5 6.69316E+04
 42.0 6.56100E+04
 42.5 6.43110E+04
 43.0 6.30346E+04
 43.5 6.17805E+04
 44.0 6.05484E+04
 44.5 5.93382E+04
 45.0 5.81494E+04
 45.5 5.69817E+04
 46.0 5.58347E+04
 46.5 5.47079E+04
 47.0 5.36010E+04
 47.5 5.25134E+04
 48.0 5.14449E+04
 48.5 5.03948E+04
 49.0 4.93627E+04
 49.5 4.83482E+04
 50.0 4.73507E+04
 50.5 4.63699E+04
 51.0 4.54053E+04
 51.5 4.44563E+04
 52.0 4.35227E+04
 52.5 4.26038E+04
 53.0 4.16993E+04
 53.5 4.08088E+04
 54.0 3.99317E+04
 54.5 3.90678E+04
 55.0 3.82166E+04
 55.5 3.73778E+04
 56.0 3.65509E+04
 56.5 3.57355E+04
 57.0 3.49314E+04
 57.5 3.41381E+04
 58.0 7.63822E+04
 58.5 3.25829E+04
 59.0 3.18202E+04
 59.5 1.06054E+05
 60.0 3.03233E+04
 60.5 2.95885E+04
 61.0 2.88624E+04
 61.5 2.81447E+04
 62.0 2.74353E+04
 62.5 2.67338E+04
 63.0 2.60400E+04
 63.5 2.53536E+04
 64.0 2.46746E+04
 64.5 2.40026E+04
 65.0 2.33375E+04
 65.5 2.26790E+04
 66.0 2.20270E+04
 66.5 2.13813E+04
 67.0 4.52218E+04
 67.5 2.01082E+04
 68.0 1.94805E+04
 68.5 1.88584E+04
 69.0 2.46707E+04
 69.5 1.74607E+04
 70.0 1.60442E+04
 70.5 1.55203E+04
 71.0 1.49972E+04
 71.5 1.44749E+04
 72.0 1.39535E+04
 72.5 1.34330E+04
 73.0 1.29135E+04
 73.5 1.23951E+04
 74.0 1.18779E+04
 74.5 1.13620E+04
 75.0 1.08473E+04
 75.5 1.03340E+04
 76.0 9.82216E+03
 76.5 9.31183E+03
 77.0 8.80309E+03
 77.5 8.29602E+03
 78.0 7.79067E+03
 78.5 7.28713E+03
 79.0 6.78547E+03
 79.5 6.28575E+03
 80.0 5.78806E+03
 80.5 5.29246E+03
 81.0 4.79902E+03
 81.5 4.30783E+03
 82.0 3.81894E+03
 82.5 3.33245E+03
 83.0 2.84842E+03
 83.5 2.36692E+03
 84.0 1.88804E+03
 84.5 1.41184E+03
 85.0 9.38405E+02
 85.5 4.67807E+02
 86.0 3.89123E+01
