086K20D0W2
  0.5 0.00000E+00
  1.0 0.00000E+00
  1.5 0.00000E+00
  2.0 0.00000E+00
  2.5 0.00000E+00
  3.0 0.00000E+00
  3.5 4.69781E+04
  4.0 6.00618E+04
  4.5 7.38625E+04
  5.0 8.84124E+04
  5.5 1.03768E+05
  6.0 1.20023E+05
  6.5 1.37305E+05
  7.0 1.55727E+05
  7.5 1.75271E+05
  8.0 1.95680E+05
  8.5 3.40040E+06
  9.0 2.36892E+05
  9.5 2.13505E+06
 10.0 1.78106E+06
 10.5 1.06102E+05
 11.0 1.14038E+05
 11.5 3.74857E+05
 12.0 8.63826E+04
 12.5 8.00348E+04
 13.0 8.48440E+04
 13.5 8.96747E+04
 14.0 9.44809E+04
 14.5 9.92091E+04
 15.0 1.03803E+05
 15.5 1.08206E+05
 16.0 1.12364E+05
 16.5 1.16231E+05
 17.0 1.19769E+05
 17.5 1.22948E+05
 18.0 1.25748E+05
 18.5 1.28158E+05
 19.0 1.30175E+05
 19.5 1.31805E+05
 20.0 1.33058E+05
 20.5 1.33949E+05
 21.0 1.34497E+05
 21.5 1.34725E+05
 22.0 1.34655E+05
 22.5 1.34312E+05
 23.0 1.33721E+05
 23.5 1.32905E+05
 24.0 1.31889E+05
 24.5 1.30696E+05
 25.0 1.29346E+05
 25.5 1.27860E+05
 26.0 1.26257E+05
 26.5 1.24553E+05
 27.0 1.22766E+05
 27.5 1.20910E+05
 28.0 1.18997E+05
 28.5 1.17039E+05
 29.0 1.15048E+05
 29.5 1.13033E+05
 30.0 1.11002E+05
 30.5 1.08963E+05
 31.0 1.06922E+05
 31.5 1.04886E+05
 32.0 1.02859E+05
 32.5 1.00845E+05
 33.0 9.88488E+04
 33.5 9.68732E+04
 34.0 9.49210E+04
 34.5 9.29944E+04
 35.0 9.10954E+04
 35.5 8.92254E+04
 36.0 8.73857E+04
 36.5 8.55772E+04
 37.0 8.38007E+04
 37.5 8.20566E+04
 38.0 8.03454E+04
 38.5 7.86670E+04
 39.0 7.70215E+04
 39.5 7.54088E+04
 40.0 7.38287E+04
 40.5 7.22808E+04
 41.0 7.07648E+04
 41.5 6.92801E+04
 42.0 6.78263E+04
 42.5 6.64027E+04
 43.0 6.50088E+04
 43.5 6.36440E+04
 44.0 6.23076E+04
 44.5 6.09989E+04
 45.0 5.97171E+04
 45.5 5.84617E+04
 46.0 5.72320E+04
 46.5 5.60271E+04
 47.0 5.48464E+04
 47.5 5.36892E+04
 48.0 5.25548E+04
 48.5 5.14426E+04
 49.0 5.03518E+04
 49.5 4.92817E+04
 50.0 4.82319E+04
 50.5 4.72015E+04
 51.0 4.61900E+04
 51.5 4.51967E+04
 52.0 4.42211E+04
 52.5 4.32626E+04
 53.0 4.23206E+04
 53.5 4.13945E+04
 54.0 4.04839E+04
 54.5 3.95883E+04
 55.0 3.87070E+04
 55.5 3.78397E+04
 56.0 3.69859E+04
 56.5 3.61451E+04
 57.0 3.53168E+04
 57.5 3.45008E+04
 58.0 7.73296E+04
 58.5 3.29034E+04
 59.0 3.21214E+04
 59.5 1.07332E+05
 60.0 3.05889E+04
 60.5 2.98377E+04
 61.0 2.90961E+04
 61.5 2.83637E+04
 62.0 2.76404E+04
 62.5 2.69258E+04
 63.0 2.62195E+04
 63.5 2.55215E+04
 64.0 2.48313E+04
 64.5 2.41489E+04
 65.0 2.34738E+04
 65.5 2.28060E+04
 66.0 2.21452E+04
 66.5 2.14912E+04
 67.0 4.55588E+04
 67.5 2.02028E+04
 68.0 1.95681E+04
 68.5 1.89395E+04
 69.0 2.48026E+04
 69.5 1.75641E+04
 70.0 1.63059E+04
 70.5 1.57618E+04
 71.0 1.52196E+04
 71.5 1.46792E+04
 72.0 1.41408E+04
 72.5 1.36043E+04
 73.0 1.30697E+04
 73.5 1.25372E+04
 74.0 1.20067E+04
 74.5 1.14783E+04
 75.0 1.09521E+04
 75.5 1.04279E+04
 76.0 9.90600E+03
 76.5 9.38631E+03
 77.0 8.86891E+03
 77.5 8.35382E+03
 78.0 7.84111E+03
 78.5 7.33080E+03
 79.0 6.82296E+03
 79.5 6.31762E+03
 80.0 5.81484E+03
 80.5 5.31467E+03
 81.0 4.81715E+03
 81.5 4.32235E+03
 82.0 3.83031E+03
 82.5 3.34108E+03
 83.0 2.85473E+03
 83.5 2.37130E+03
 84.0 1.89086E+03
 84.5 1.41347E+03
 85.0 9.39173E+02
 85.5 4.68043E+02
 86.0 3.89246E+01
