087K07D0W2
  0.5 0.00000E+00
  1.0 0.00000E+00
  1.5 0.00000E+00
  2.0 0.00000E+00
  2.5 0.00000E+00
  3.0 0.00000E+00
  3.5 1.17600E+04
  4.0 1.63264E+04
  4.5 2.10695E+04
  5.0 2.59551E+04
  5.5 3.09690E+04
  6.0 3.61045E+04
  6.5 4.13578E+04
  7.0 4.67270E+04
  7.5 5.22114E+04
  8.0 5.78122E+04
  8.5 3.67973E+05
  9.0 6.93772E+04
  9.5 4.31714E+05
 10.0 3.64051E+05
 10.5 3.20339E+04
 11.0 3.43330E+04
 11.5 5.13459E+04
 12.0 2.62185E+04
 12.5 2.43397E+04
 13.0 2.57767E+04
 13.5 2.72192E+04
 14.0 2.86667E+04
 14.5 3.01187E+04
 15.0 3.15748E+04
 15.5 3.30345E+04
 16.0 3.44971E+04
 16.5 3.59619E+04
 17.0 3.74277E+04
 17.5 3.88931E+04
 18.0 4.03562E+04
 18.5 4.18144E+04
 19.0 4.32646E+04
 19.5 4.47029E+04
 20.0 4.61247E+04
 20.5 4.75250E+04
 21.0 4.88981E+04
 21.5 5.02382E+04
 22.0 5.15391E+04
 22.5 5.27949E+04
 23.0 5.39996E+04
 23.5 5.51478E+04
 24.0 5.62344E+04
 24.5 5.72549E+04
 25.0 5.82057E+04
 25.5 5.90835E+04
 26.0 5.98861E+04
 26.5 6.06118E+04
 27.0 6.12597E+04
 27.5 6.18295E+04
 28.0 6.23216E+04
 28.5 6.27369E+04
 29.0 6.30768E+04
 29.5 6.33432E+04
 30.0 6.35382E+04
 30.5 6.36644E+04
 31.0 6.37245E+04
 31.5 6.37214E+04
 32.0 6.36582E+04
 32.5 6.35380E+04
 33.0 6.33640E+04
 33.5 6.31395E+04
 34.0 6.28677E+04
 34.5 6.25516E+04
 35.0 6.21944E+04
 35.5 6.17990E+04
 36.0 6.13684E+04
 36.5 6.09053E+04
 37.0 6.04124E+04
 37.5 5.98922E+04
 38.0 5.93472E+04
 38.5 5.87796E+04
 39.0 5.81916E+04
 39.5 5.75852E+04
 40.0 5.69623E+04
 40.5 5.63248E+04
 41.0 5.56742E+04
 41.5 5.50121E+04
 42.0 5.43399E+04
 42.5 5.36591E+04
 43.0 5.29707E+04
 43.5 5.22760E+04
 44.0 5.15760E+04
 44.5 5.08717E+04
 45.0 5.01639E+04
 45.5 4.94534E+04
 46.0 4.87410E+04
 46.5 4.80274E+04
 47.0 4.73131E+04
 47.5 4.65987E+04
 48.0 4.58848E+04
 48.5 4.51717E+04
 49.0 4.44598E+04
 49.5 4.37496E+04
 50.0 4.30414E+04
 50.5 4.23354E+04
 51.0 4.16318E+04
 51.5 4.09310E+04
 52.0 4.02332E+04
 52.5 3.95383E+04
 53.0 3.88468E+04
 53.5 3.81586E+04
 54.0 3.74738E+04
 54.5 3.67926E+04
 55.0 3.61151E+04
 55.5 3.54412E+04
 56.0 3.47711E+04
 56.5 3.41048E+04
 57.0 3.34423E+04
 57.5 3.27835E+04
 58.0 7.51416E+04
 58.5 3.14776E+04
 59.0 3.08304E+04
 59.5 1.05573E+05
 60.0 2.95474E+04
 60.5 2.89116E+04
 61.0 2.82795E+04
 61.5 2.76512E+04
 62.0 2.70265E+04
 62.5 2.64056E+04
 63.0 2.57882E+04
 63.5 2.51745E+04
 64.0 2.45644E+04
 64.5 2.39578E+04
 65.0 2.33547E+04
 65.5 2.27551E+04
 66.0 2.21589E+04
 66.5 2.15662E+04
 67.0 4.62175E+04
 67.5 2.03908E+04
 68.0 1.98080E+04
 68.5 1.92286E+04
 69.0 2.53141E+04
 69.5 1.76711E+04
 70.0 1.51469E+04
 70.5 1.47489E+04
 71.0 1.43458E+04
 71.5 1.39379E+04
 72.0 1.35253E+04
 72.5 1.31083E+04
 73.0 1.26871E+04
 73.5 1.22618E+04
 74.0 1.18328E+04
 74.5 1.14003E+04
 75.0 1.09644E+04
 75.5 1.05253E+04
 76.0 1.00833E+04
 76.5 9.63850E+03
 77.0 9.19119E+03
 77.5 8.74154E+03
 78.0 8.28975E+03
 78.5 7.83600E+03
 79.0 7.38050E+03
 79.5 6.92342E+03
 80.0 6.46495E+03
 80.5 6.00529E+03
 81.0 5.54460E+03
 81.5 5.08308E+03
 82.0 4.62089E+03
 82.5 4.15822E+03
 83.0 3.69524E+03
 83.5 3.23211E+03
 84.0 2.76900E+03
 84.5 2.30609E+03
 85.0 1.84353E+03
 85.5 1.38149E+03
 86.0 9.20123E+02
 86.5 4.59591E+02
 87.0 3.82736E+01
