087K09D0W2
  0.5 0.00000E+00
  1.0 0.00000E+00
  1.5 0.00000E+00
  2.0 0.00000E+00
  2.5 0.00000E+00
  3.0 0.00000E+00
  3.5 1.67348E+04
  4.0 2.25528E+04
  4.5 2.85921E+04
  5.0 3.48306E+04
  5.5 4.12599E+04
  6.0 4.78769E+04
  6.5 5.46814E+04
  7.0 6.16761E+04
  7.5 6.88669E+04
  8.0 7.62643E+04
  8.5 7.58138E+05
  9.0 9.17352E+04
  9.5 7.26803E+05
 10.0 6.09136E+05
 10.5 4.22237E+04
 11.0 4.52346E+04
 11.5 8.79907E+04
 12.0 3.45485E+04
 12.5 3.20716E+04
 13.0 3.39447E+04
 13.5 3.58308E+04
 14.0 3.77296E+04
 14.5 3.96405E+04
 15.0 4.15628E+04
 15.5 4.34949E+04
 16.0 4.54349E+04
 16.5 4.73795E+04
 17.0 4.93243E+04
 17.5 5.12637E+04
 18.0 5.31904E+04
 18.5 5.50960E+04
 19.0 5.69711E+04
 19.5 5.88054E+04
 20.0 6.05883E+04
 20.5 6.23092E+04
 21.0 6.39577E+04
 21.5 6.55242E+04
 22.0 6.69999E+04
 22.5 6.83774E+04
 23.0 6.96503E+04
 23.5 7.08138E+04
 24.0 7.18644E+04
 24.5 7.27999E+04
 25.0 7.36195E+04
 25.5 7.43234E+04
 26.0 7.49130E+04
 26.5 7.53907E+04
 27.0 7.57596E+04
 27.5 7.60234E+04
 28.0 7.61864E+04
 28.5 7.62533E+04
 29.0 7.62291E+04
 29.5 7.61191E+04
 30.0 7.59285E+04
 30.5 7.56628E+04
 31.0 7.53272E+04
 31.5 7.49270E+04
 32.0 7.44673E+04
 32.5 7.39530E+04
 33.0 7.33891E+04
 33.5 7.27800E+04
 34.0 7.21300E+04
 34.5 7.14434E+04
 35.0 7.07240E+04
 35.5 6.99753E+04
 36.0 6.92009E+04
 36.5 6.84038E+04
 37.0 6.75871E+04
 37.5 6.67535E+04
 38.0 6.59055E+04
 38.5 6.50454E+04
 39.0 6.41754E+04
 39.5 6.32973E+04
 40.0 6.24130E+04
 40.5 6.15241E+04
 41.0 6.06321E+04
 41.5 5.97383E+04
 42.0 5.88438E+04
 42.5 5.79499E+04
 43.0 5.70574E+04
 43.5 5.61672E+04
 44.0 5.52801E+04
 44.5 5.43967E+04
 45.0 5.35177E+04
 45.5 5.26436E+04
 46.0 5.17748E+04
 46.5 5.09118E+04
 47.0 5.00548E+04
 47.5 4.92042E+04
 48.0 4.83601E+04
 48.5 4.75229E+04
 49.0 4.66926E+04
 49.5 4.58694E+04
 50.0 4.50534E+04
 50.5 4.42446E+04
 51.0 4.34431E+04
 51.5 4.26489E+04
 52.0 4.18619E+04
 52.5 4.10822E+04
 53.0 4.03098E+04
 53.5 3.95445E+04
 54.0 3.87864E+04
 54.5 3.80352E+04
 55.0 3.72911E+04
 55.5 3.65538E+04
 56.0 3.58233E+04
 56.5 3.50995E+04
 57.0 3.43822E+04
 57.5 3.36715E+04
 58.0 7.75887E+04
 58.5 3.22688E+04
 59.0 3.15767E+04
 59.5 1.08930E+05
 60.0 3.02105E+04
 60.5 2.95361E+04
 61.0 2.88674E+04
 61.5 2.82042E+04
 62.0 2.75465E+04
 62.5 2.68941E+04
 63.0 2.62469E+04
 63.5 2.56048E+04
 64.0 2.49678E+04
 64.5 2.43357E+04
 65.0 2.37084E+04
 65.5 2.30858E+04
 66.0 2.24679E+04
 66.5 2.18545E+04
 67.0 4.71269E+04
 67.5 2.06411E+04
 68.0 2.00408E+04
 68.5 1.94449E+04
 69.0 2.56710E+04
 69.5 1.79379E+04
 70.0 1.57884E+04
 70.5 1.53463E+04
 71.0 1.49010E+04
 71.5 1.44529E+04
 72.0 1.40019E+04
 72.5 1.35484E+04
 73.0 1.30925E+04
 73.5 1.26343E+04
 74.0 1.21741E+04
 74.5 1.17120E+04
 75.0 1.12482E+04
 75.5 1.07828E+04
 76.0 1.03161E+04
 76.5 9.84810E+03
 77.0 9.37904E+03
 77.5 8.90907E+03
 78.0 8.43833E+03
 78.5 7.96699E+03
 79.0 7.49518E+03
 79.5 7.02307E+03
 80.0 6.55080E+03
 80.5 6.07851E+03
 81.0 5.60634E+03
 81.5 5.13444E+03
 82.0 4.66296E+03
 82.5 4.19201E+03
 83.0 3.72175E+03
 83.5 3.25230E+03
 84.0 2.78381E+03
 84.5 2.31640E+03
 85.0 1.85019E+03
 85.5 1.38534E+03
 86.0 9.21945E+02
 86.5 4.60151E+02
 87.0 3.83028E+01
