087K17D0W2
  0.5 0.00000E+00
  1.0 0.00000E+00
  1.5 0.00000E+00
  2.0 0.00000E+00
  2.5 0.00000E+00
  3.0 0.00000E+00
  3.5 3.79572E+04
  4.0 4.88818E+04
  4.5 6.03479E+04
  5.0 7.23665E+04
  5.5 8.49618E+04
  6.0 9.81756E+04
  6.5 1.12074E+05
  7.0 1.26744E+05
  7.5 1.42253E+05
  8.0 1.58582E+05
  8.5 2.70388E+06
  9.0 1.92817E+05
  9.5 1.81352E+06
 10.0 1.51313E+06
 10.5 8.65821E+04
 11.0 9.29978E+04
 11.5 2.91859E+05
 12.0 7.06461E+04
 12.5 6.55090E+04
 13.0 6.94236E+04
 13.5 7.33883E+04
 14.0 7.73832E+04
 14.5 8.13811E+04
 15.0 8.53490E+04
 15.5 8.92490E+04
 16.0 9.30408E+04
 16.5 9.66844E+04
 17.0 1.00141E+05
 17.5 1.03378E+05
 18.0 1.06365E+05
 18.5 1.09080E+05
 19.0 1.11505E+05
 19.5 1.13631E+05
 20.0 1.15452E+05
 20.5 1.16970E+05
 21.0 1.18190E+05
 21.5 1.19120E+05
 22.0 1.19773E+05
 22.5 1.20163E+05
 23.0 1.20306E+05
 23.5 1.20219E+05
 24.0 1.19921E+05
 24.5 1.19427E+05
 25.0 1.18758E+05
 25.5 1.17929E+05
 26.0 1.16958E+05
 26.5 1.15861E+05
 27.0 1.14652E+05
 27.5 1.13345E+05
 28.0 1.11955E+05
 28.5 1.10493E+05
 29.0 1.08969E+05
 29.5 1.07396E+05
 30.0 1.05781E+05
 30.5 1.04133E+05
 31.0 1.02460E+05
 31.5 1.00769E+05
 32.0 9.90652E+04
 32.5 9.73550E+04
 33.0 9.56429E+04
 33.5 9.39334E+04
 34.0 9.22299E+04
 34.5 9.05360E+04
 35.0 8.88543E+04
 35.5 8.71875E+04
 36.0 8.55375E+04
 36.5 8.39064E+04
 37.0 8.22954E+04
 37.5 8.07059E+04
 38.0 7.91389E+04
 38.5 7.75952E+04
 39.0 7.60754E+04
 39.5 7.45802E+04
 40.0 7.31096E+04
 40.5 7.16640E+04
 41.0 7.02435E+04
 41.5 6.88480E+04
 42.0 6.74775E+04
 42.5 6.61318E+04
 43.0 6.48106E+04
 43.5 6.35137E+04
 44.0 6.22407E+04
 44.5 6.09913E+04
 45.0 5.97651E+04
 45.5 5.85616E+04
 46.0 5.73803E+04
 46.5 5.62208E+04
 47.0 5.50826E+04
 47.5 5.39653E+04
 48.0 5.28681E+04
 48.5 5.17908E+04
 49.0 5.07328E+04
 49.5 4.96935E+04
 50.0 4.86724E+04
 50.5 4.76691E+04
 51.0 4.66829E+04
 51.5 4.57135E+04
 52.0 4.47604E+04
 52.5 4.38230E+04
 53.0 4.29009E+04
 53.5 4.19936E+04
 54.0 4.11006E+04
 54.5 4.02216E+04
 55.0 3.93560E+04
 55.5 3.85035E+04
 56.0 3.76637E+04
 56.5 3.68361E+04
 57.0 3.60204E+04
 57.5 3.52162E+04
 58.0 8.18533E+04
 58.5 3.36408E+04
 59.0 3.28690E+04
 59.5 1.14766E+05
 60.0 3.13552E+04
 60.5 3.06128E+04
 61.0 2.98795E+04
 61.5 2.91550E+04
 62.0 2.84393E+04
 62.5 2.77318E+04
 63.0 2.70325E+04
 63.5 2.63410E+04
 64.0 2.56572E+04
 64.5 2.49807E+04
 65.0 2.43115E+04
 65.5 2.36492E+04
 66.0 2.29937E+04
 66.5 2.23447E+04
 67.0 4.86846E+04
 67.5 2.10659E+04
 68.0 2.04357E+04
 68.5 1.98114E+04
 69.0 2.62786E+04
 69.5 1.84003E+04
 70.0 1.69356E+04
 70.5 1.64111E+04
 71.0 1.58876E+04
 71.5 1.53652E+04
 72.0 1.48438E+04
 72.5 1.43236E+04
 73.0 1.38046E+04
 73.5 1.32868E+04
 74.0 1.27704E+04
 74.5 1.22553E+04
 75.0 1.17416E+04
 75.5 1.12295E+04
 76.0 1.07189E+04
 76.5 1.02099E+04
 77.0 9.70252E+03
 77.5 9.19691E+03
 78.0 8.69308E+03
 78.5 8.19109E+03
 79.0 7.69101E+03
 79.5 7.19289E+03
 80.0 6.69680E+03
 80.5 6.20281E+03
 81.0 5.71096E+03
 81.5 5.22133E+03
 82.0 4.73398E+03
 82.5 4.24897E+03
 83.0 3.76636E+03
 83.5 3.28623E+03
 84.0 2.80864E+03
 84.5 2.33365E+03
 85.0 1.86134E+03
 85.5 1.39176E+03
 86.0 9.24984E+02
 86.5 4.61084E+02
 87.0 3.83514E+01
