087K18D0W2
  0.5 0.00000E+00
  1.0 0.00000E+00
  1.5 0.00000E+00
  2.0 0.00000E+00
  2.5 0.00000E+00
  3.0 0.00000E+00
  3.5 4.07609E+04
  4.0 5.23558E+04
  4.5 6.45449E+04
  5.0 7.73448E+04
  5.5 9.07879E+04
  6.0 1.04929E+05
  6.5 1.19852E+05
  7.0 1.35657E+05
  7.5 1.52404E+05
  8.0 1.70022E+05
  8.5 2.93786E+06
  9.0 2.06633E+05
  9.5 1.92674E+06
 10.0 1.60744E+06
 10.5 9.26432E+04
 11.0 9.95439E+04
 11.5 3.18801E+05
 12.0 7.55554E+04
 12.5 7.00478E+04
 13.0 7.42503E+04
 13.5 7.85003E+04
 14.0 8.27709E+04
 14.5 8.70272E+04
 15.0 9.12287E+04
 15.5 9.53308E+04
 16.0 9.92881E+04
 16.5 1.03057E+05
 17.0 1.06597E+05
 17.5 1.09874E+05
 18.0 1.12861E+05
 18.5 1.15537E+05
 19.0 1.17889E+05
 19.5 1.19909E+05
 20.0 1.21599E+05
 20.5 1.22962E+05
 21.0 1.24008E+05
 21.5 1.24749E+05
 22.0 1.25203E+05
 22.5 1.25386E+05
 23.0 1.25317E+05
 23.5 1.25016E+05
 24.0 1.24503E+05
 24.5 1.23798E+05
 25.0 1.22919E+05
 25.5 1.21886E+05
 26.0 1.20716E+05
 26.5 1.19426E+05
 27.0 1.18031E+05
 27.5 1.16545E+05
 28.0 1.14983E+05
 28.5 1.13357E+05
 29.0 1.11677E+05
 29.5 1.09954E+05
 30.0 1.08197E+05
 30.5 1.06414E+05
 31.0 1.04613E+05
 31.5 1.02801E+05
 32.0 1.00983E+05
 32.5 9.91645E+04
 33.0 9.73502E+04
 33.5 9.55439E+04
 34.0 9.37493E+04
 34.5 9.19692E+04
 35.0 9.02064E+04
 35.5 8.84631E+04
 36.0 8.67410E+04
 36.5 8.50418E+04
 37.0 8.33667E+04
 37.5 8.17168E+04
 38.0 8.00929E+04
 38.5 7.84956E+04
 39.0 7.69253E+04
 39.5 7.53824E+04
 40.0 7.38669E+04
 40.5 7.23790E+04
 41.0 7.09186E+04
 41.5 6.94855E+04
 42.0 6.80795E+04
 42.5 6.67003E+04
 43.0 6.53476E+04
 43.5 6.40209E+04
 44.0 6.27198E+04
 44.5 6.14439E+04
 45.0 6.01926E+04
 45.5 5.89654E+04
 46.0 5.77618E+04
 46.5 5.65813E+04
 47.0 5.54232E+04
 47.5 5.42870E+04
 48.0 5.31721E+04
 48.5 5.20780E+04
 49.0 5.10040E+04
 49.5 4.99497E+04
 50.0 4.89144E+04
 50.5 4.78977E+04
 51.0 4.68988E+04
 51.5 4.59174E+04
 52.0 4.49529E+04
 52.5 4.40047E+04
 53.0 4.30724E+04
 53.5 4.21554E+04
 54.0 4.12533E+04
 54.5 4.03657E+04
 55.0 3.94919E+04
 55.5 3.86317E+04
 56.0 3.77845E+04
 56.5 3.69500E+04
 57.0 3.61277E+04
 57.5 3.53173E+04
 58.0 8.21326E+04
 58.5 3.37304E+04
 59.0 3.29533E+04
 59.5 1.15147E+05
 60.0 3.14298E+04
 60.5 3.06828E+04
 61.0 2.99452E+04
 61.5 2.92168E+04
 62.0 2.84972E+04
 62.5 2.77861E+04
 63.0 2.70834E+04
 63.5 2.63887E+04
 64.0 2.57018E+04
 64.5 2.50224E+04
 65.0 2.43504E+04
 65.5 2.36855E+04
 66.0 2.30276E+04
 66.5 2.23763E+04
 67.0 4.87854E+04
 67.5 2.10932E+04
 68.0 2.04611E+04
 68.5 1.98349E+04
 69.0 2.63178E+04
 69.5 1.84305E+04
 70.0 1.70120E+04
 70.5 1.64819E+04
 71.0 1.59531E+04
 71.5 1.54256E+04
 72.0 1.48994E+04
 72.5 1.43747E+04
 73.0 1.38515E+04
 73.5 1.33297E+04
 74.0 1.28095E+04
 74.5 1.22909E+04
 75.0 1.17739E+04
 75.5 1.12586E+04
 76.0 1.07451E+04
 76.5 1.02334E+04
 77.0 9.72354E+03
 77.5 9.21559E+03
 78.0 8.70958E+03
 78.5 8.20559E+03
 79.0 7.70366E+03
 79.5 7.20385E+03
 80.0 6.70621E+03
 80.5 6.21081E+03
 81.0 5.71768E+03
 81.5 5.22691E+03
 82.0 4.73853E+03
 82.5 4.25261E+03
 83.0 3.76922E+03
 83.5 3.28840E+03
 84.0 2.81023E+03
 84.5 2.33476E+03
 85.0 1.86205E+03
 85.5 1.39217E+03
 86.0 9.25177E+02
 86.5 4.61143E+02
 87.0 3.83545E+01
