087K14D0W2
  0.5 0.00000E+00
  1.0 0.00000E+00
  1.5 0.00000E+00
  2.0 0.00000E+00
  2.5 0.00000E+00
  3.0 0.00000E+00
  3.5 2.97590E+04
  4.0 3.87250E+04
  4.5 4.80908E+04
  5.0 5.78540E+04
  5.5 6.80216E+04
  6.0 7.86092E+04
  6.5 8.96435E+04
  7.0 1.01166E+05
  7.5 1.13230E+05
  8.0 1.25875E+05
  8.5 1.97248E+06
  9.0 1.52771E+05
  9.5 1.44292E+06
 10.0 1.20456E+06
 10.5 6.91538E+04
 11.0 7.41827E+04
 11.5 2.10987E+05
 12.0 5.64987E+04
 12.5 5.24182E+04
 13.0 5.55079E+04
 13.5 5.86391E+04
 14.0 6.18066E+04
 14.5 6.50007E+04
 15.0 6.82078E+04
 15.5 7.14096E+04
 16.0 7.45842E+04
 16.5 7.77065E+04
 17.0 8.07496E+04
 17.5 8.36865E+04
 18.0 8.64908E+04
 18.5 8.91383E+04
 19.0 9.16077E+04
 19.5 9.38813E+04
 20.0 9.59453E+04
 20.5 9.77899E+04
 21.0 9.94091E+04
 21.5 1.00801E+05
 22.0 1.01966E+05
 22.5 1.02909E+05
 23.0 1.03635E+05
 23.5 1.04154E+05
 24.0 1.04475E+05
 24.5 1.04609E+05
 25.0 1.04567E+05
 25.5 1.04363E+05
 26.0 1.04008E+05
 26.5 1.03516E+05
 27.0 1.02898E+05
 27.5 1.02166E+05
 28.0 1.01331E+05
 28.5 1.00406E+05
 29.0 9.93989E+04
 29.5 9.83209E+04
 30.0 9.71808E+04
 30.5 9.59869E+04
 31.0 9.47470E+04
 31.5 9.34684E+04
 32.0 9.21576E+04
 32.5 9.08206E+04
 33.0 8.94629E+04
 33.5 8.80895E+04
 34.0 8.67047E+04
 34.5 8.53126E+04
 35.0 8.39168E+04
 35.5 8.25204E+04
 36.0 8.11264E+04
 36.5 7.97371E+04
 37.0 7.83549E+04
 37.5 7.69816E+04
 38.0 7.56189E+04
 38.5 7.42683E+04
 39.0 7.29310E+04
 39.5 7.16080E+04
 40.0 7.03003E+04
 40.5 6.90085E+04
 41.0 6.77332E+04
 41.5 6.64750E+04
 42.0 6.52342E+04
 42.5 6.40110E+04
 43.0 6.28056E+04
 43.5 6.16181E+04
 44.0 6.04486E+04
 44.5 5.92969E+04
 45.0 5.81631E+04
 45.5 5.70469E+04
 46.0 5.59482E+04
 46.5 5.48669E+04
 47.0 5.38026E+04
 47.5 5.27551E+04
 48.0 5.17241E+04
 48.5 5.07094E+04
 49.0 4.97106E+04
 49.5 4.87273E+04
 50.0 4.77593E+04
 50.5 4.68061E+04
 51.0 4.58676E+04
 51.5 4.49432E+04
 52.0 4.40327E+04
 52.5 4.31357E+04
 53.0 4.22518E+04
 53.5 4.13807E+04
 54.0 4.05221E+04
 54.5 3.96755E+04
 55.0 3.88408E+04
 55.5 3.80175E+04
 56.0 3.72053E+04
 56.5 3.64040E+04
 57.0 3.56131E+04
 57.5 3.48324E+04
 58.0 8.07930E+04
 58.5 3.33005E+04
 59.0 3.25487E+04
 59.5 1.13317E+05
 60.0 3.10719E+04
 60.5 3.03464E+04
 61.0 2.96293E+04
 61.5 2.89201E+04
 62.0 2.82188E+04
 62.5 2.75251E+04
 63.0 2.68387E+04
 63.5 2.61596E+04
 64.0 2.54873E+04
 64.5 2.48219E+04
 65.0 2.41630E+04
 65.5 2.35106E+04
 66.0 2.28644E+04
 66.5 2.22242E+04
 67.0 4.83004E+04
 67.5 2.09616E+04
 68.0 2.03388E+04
 68.5 1.97214E+04
 69.0 2.61292E+04
 69.5 1.82856E+04
 70.0 1.66469E+04
 70.5 1.61436E+04
 71.0 1.56401E+04
 71.5 1.51366E+04
 72.0 1.46332E+04
 72.5 1.41299E+04
 73.0 1.36269E+04
 73.5 1.31242E+04
 74.0 1.26219E+04
 74.5 1.21202E+04
 75.0 1.16191E+04
 75.5 1.11187E+04
 76.0 1.06191E+04
 76.5 1.01203E+04
 77.0 9.62254E+03
 77.5 9.12581E+03
 78.0 8.63022E+03
 78.5 8.13585E+03
 79.0 7.64278E+03
 79.5 7.15111E+03
 80.0 6.66091E+03
 80.5 6.17228E+03
 81.0 5.68529E+03
 81.5 5.20003E+03
 82.0 4.71658E+03
 82.5 4.23502E+03
 83.0 3.75545E+03
 83.5 3.27794E+03
 84.0 2.80258E+03
 84.5 2.32944E+03
 85.0 1.85862E+03
 85.5 1.39019E+03
 86.0 9.24244E+02
 86.5 4.60857E+02
 87.0 3.83396E+01
