087K11D0W2
  0.5 0.00000E+00
  1.0 0.00000E+00
  1.5 0.00000E+00
  2.0 0.00000E+00
  2.5 0.00000E+00
  3.0 0.00000E+00
  3.5 2.18513E+04
  4.0 2.89177E+04
  4.5 3.62673E+04
  5.0 4.38866E+04
  5.5 5.17722E+04
  6.0 5.99261E+04
  6.5 6.83547E+04
  7.0 7.70704E+04
  7.5 8.60928E+04
  8.0 9.54485E+04
  8.5 1.22558E+06
  9.0 1.15237E+05
  9.5 1.02506E+06
 10.0 8.56966E+05
 10.5 5.27201E+04
 11.0 5.64936E+04
 11.5 1.33635E+05
 12.0 4.31161E+04
 12.5 4.00183E+04
 13.0 4.23544E+04
 13.5 4.47140E+04
 14.0 4.70965E+04
 14.5 4.95001E+04
 15.0 5.19218E+04
 15.5 5.43566E+04
 16.0 5.67976E+04
 16.5 5.92351E+04
 17.0 6.16573E+04
 17.5 6.40505E+04
 18.0 6.63993E+04
 18.5 6.86874E+04
 19.0 7.08985E+04
 19.5 7.30165E+04
 20.0 7.50264E+04
 20.5 7.69149E+04
 21.0 7.86703E+04
 21.5 8.02832E+04
 22.0 8.17465E+04
 22.5 8.30554E+04
 23.0 8.42069E+04
 23.5 8.52005E+04
 24.0 8.60373E+04
 24.5 8.67200E+04
 25.0 8.72527E+04
 25.5 8.76406E+04
 26.0 8.78900E+04
 26.5 8.80077E+04
 27.0 8.80010E+04
 27.5 8.78777E+04
 28.0 8.76457E+04
 28.5 8.73127E+04
 29.0 8.68868E+04
 29.5 8.63756E+04
 30.0 8.57866E+04
 30.5 8.51271E+04
 31.0 8.44040E+04
 31.5 8.36238E+04
 32.0 8.27927E+04
 32.5 8.19166E+04
 33.0 8.10010E+04
 33.5 8.00509E+04
 34.0 7.90711E+04
 34.5 7.80658E+04
 35.0 7.70392E+04
 35.5 7.59948E+04
 36.0 7.49360E+04
 36.5 7.38660E+04
 37.0 7.27875E+04
 37.5 7.17030E+04
 38.0 7.06149E+04
 38.5 6.95250E+04
 39.0 6.84353E+04
 39.5 6.73474E+04
 40.0 6.62628E+04
 40.5 6.51828E+04
 41.0 6.41085E+04
 41.5 6.30408E+04
 42.0 6.19807E+04
 42.5 6.09289E+04
 43.0 5.98861E+04
 43.5 5.88527E+04
 44.0 5.78293E+04
 44.5 5.68162E+04
 45.0 5.58137E+04
 45.5 5.48221E+04
 46.0 5.38415E+04
 46.5 5.28722E+04
 47.0 5.19141E+04
 47.5 5.09673E+04
 48.0 5.00318E+04
 48.5 4.91076E+04
 49.0 4.81946E+04
 49.5 4.72927E+04
 50.0 4.64020E+04
 50.5 4.55221E+04
 51.0 4.46530E+04
 51.5 4.37945E+04
 52.0 4.29465E+04
 52.5 4.21088E+04
 53.0 4.12812E+04
 53.5 4.04635E+04
 54.0 3.96555E+04
 54.5 3.88570E+04
 55.0 3.80678E+04
 55.5 3.72878E+04
 56.0 3.65166E+04
 56.5 3.57542E+04
 57.0 3.50003E+04
 57.5 3.42546E+04
 58.0 7.91977E+04
 58.5 3.27874E+04
 59.0 3.20655E+04
 59.5 1.11134E+05
 60.0 3.06440E+04
 60.5 2.99440E+04
 61.0 2.92510E+04
 61.5 2.85648E+04
 62.0 2.78852E+04
 62.5 2.72121E+04
 63.0 2.65453E+04
 63.5 2.58846E+04
 64.0 2.52299E+04
 64.5 2.45810E+04
 65.0 2.39378E+04
 65.5 2.33002E+04
 66.0 2.26681E+04
 66.5 2.20412E+04
 67.0 4.77185E+04
 67.5 2.08030E+04
 68.0 2.01914E+04
 68.5 1.95847E+04
 69.0 2.59023E+04
 69.5 1.81127E+04
 70.0 1.62169E+04
 70.5 1.57445E+04
 71.0 1.52704E+04
 71.5 1.47949E+04
 72.0 1.43179E+04
 72.5 1.38396E+04
 73.0 1.33603E+04
 73.5 1.28800E+04
 74.0 1.23988E+04
 74.5 1.19170E+04
 75.0 1.14346E+04
 75.5 1.09517E+04
 76.0 1.04685E+04
 76.5 9.98510E+03
 77.0 9.50165E+03
 77.5 9.01826E+03
 78.0 8.53505E+03
 78.5 8.05214E+03
 79.0 7.56965E+03
 79.5 7.08770E+03
 80.0 6.60640E+03
 80.5 6.12588E+03
 81.0 5.64624E+03
 81.5 5.16761E+03
 82.0 4.69008E+03
 82.5 4.21378E+03
 83.0 3.73881E+03
 83.5 3.26529E+03
 84.0 2.79332E+03
 84.5 2.32301E+03
 85.0 1.85447E+03
 85.5 1.38780E+03
 86.0 9.23111E+02
 86.5 4.60509E+02
 87.0 3.83215E+01
