087K22D0W2
  0.5 0.00000E+00
  1.0 0.00000E+00
  1.5 0.00000E+00
  2.0 0.00000E+00
  2.5 0.00000E+00
  3.0 0.00000E+00
  3.5 5.23849E+04
  4.0 6.67697E+04
  4.5 8.19901E+04
  5.0 9.80945E+04
  5.5 1.15166E+05
  6.0 1.33337E+05
  6.5 1.52772E+05
  7.0 1.73572E+05
  7.5 1.95615E+05
  8.0 2.18464E+05
  8.5 3.81368E+06
  9.0 2.63592E+05
  9.5 2.33423E+06
 10.0 1.94691E+06
 10.5 1.18281E+05
 11.0 1.27164E+05
 11.5 4.24413E+05
 12.0 9.62674E+04
 12.5 8.91814E+04
 13.0 9.45633E+04
 13.5 9.99392E+04
 14.0 1.05247E+05
 14.5 1.10419E+05
 15.0 1.15388E+05
 15.5 1.20088E+05
 16.0 1.24463E+05
 16.5 1.28466E+05
 17.0 1.32061E+05
 17.5 1.35223E+05
 18.0 1.37939E+05
 18.5 1.40206E+05
 19.0 1.42029E+05
 19.5 1.43422E+05
 20.0 1.44402E+05
 20.5 1.44993E+05
 21.0 1.45220E+05
 21.5 1.45112E+05
 22.0 1.44696E+05
 22.5 1.44002E+05
 23.0 1.43058E+05
 23.5 1.41892E+05
 24.0 1.40529E+05
 24.5 1.38995E+05
 25.0 1.37313E+05
 25.5 1.35504E+05
 26.0 1.33587E+05
 26.5 1.31582E+05
 27.0 1.29503E+05
 27.5 1.27367E+05
 28.0 1.25186E+05
 28.5 1.22972E+05
 29.0 1.20735E+05
 29.5 1.18486E+05
 30.0 1.16231E+05
 30.5 1.13979E+05
 31.0 1.11735E+05
 31.5 1.09506E+05
 32.0 1.07295E+05
 32.5 1.05106E+05
 33.0 1.02944E+05
 33.5 1.00810E+05
 34.0 9.87071E+04
 34.5 9.66376E+04
 35.0 9.46026E+04
 35.5 9.26035E+04
 36.0 9.06410E+04
 36.5 8.87157E+04
 37.0 8.68282E+04
 37.5 8.49786E+04
 38.0 8.31669E+04
 38.5 8.13931E+04
 39.0 7.96569E+04
 39.5 7.79578E+04
 40.0 7.62955E+04
 40.5 7.46694E+04
 41.0 7.30790E+04
 41.5 7.15235E+04
 42.0 7.00022E+04
 42.5 6.85145E+04
 43.0 6.70596E+04
 43.5 6.56366E+04
 44.0 6.42449E+04
 44.5 6.28834E+04
 45.0 6.15515E+04
 45.5 6.02483E+04
 46.0 5.89730E+04
 46.5 5.77248E+04
 47.0 5.65029E+04
 47.5 5.53064E+04
 48.0 5.41346E+04
 48.5 5.29868E+04
 49.0 5.18621E+04
 49.5 5.07599E+04
 50.0 4.96793E+04
 50.5 4.86197E+04
 51.0 4.75804E+04
 51.5 4.65608E+04
 52.0 4.55601E+04
 52.5 4.45777E+04
 53.0 4.36131E+04
 53.5 4.26655E+04
 54.0 4.17345E+04
 54.5 4.08194E+04
 55.0 3.99198E+04
 55.5 3.90350E+04
 56.0 3.81647E+04
 56.5 3.73082E+04
 57.0 3.64651E+04
 57.5 3.56350E+04
 58.0 8.30106E+04
 58.5 3.40118E+04
 59.0 3.32179E+04
 59.5 1.16346E+05
 60.0 3.16637E+04
 60.5 3.09025E+04
 61.0 3.01515E+04
 61.5 2.94104E+04
 62.0 2.86788E+04
 62.5 2.79564E+04
 63.0 2.72429E+04
 63.5 2.65380E+04
 64.0 2.58415E+04
 64.5 2.51530E+04
 65.0 2.44724E+04
 65.5 2.37994E+04
 66.0 2.31337E+04
 66.5 2.24752E+04
 67.0 4.91016E+04
 67.5 2.11788E+04
 68.0 2.05406E+04
 68.5 1.99086E+04
 69.0 2.64405E+04
 69.5 1.85253E+04
 70.0 1.72533E+04
 70.5 1.67053E+04
 71.0 1.61595E+04
 71.5 1.56160E+04
 72.0 1.50747E+04
 72.5 1.45358E+04
 73.0 1.39990E+04
 73.5 1.34646E+04
 74.0 1.29325E+04
 74.5 1.24027E+04
 75.0 1.18753E+04
 75.5 1.13502E+04
 76.0 1.08276E+04
 76.5 1.03073E+04
 77.0 9.78950E+03
 77.5 9.27417E+03
 78.0 8.76134E+03
 78.5 8.25104E+03
 79.0 7.74331E+03
 79.5 7.23818E+03
 80.0 6.73568E+03
 80.5 6.23585E+03
 81.0 5.73873E+03
 81.5 5.24436E+03
 82.0 4.75278E+03
 82.5 4.26402E+03
 83.0 3.77814E+03
 83.5 3.29518E+03
 84.0 2.81518E+03
 84.5 2.33819E+03
 85.0 1.86427E+03
 85.5 1.39344E+03
 86.0 9.25781E+02
 86.5 4.61328E+02
 87.0 3.83641E+01
