087K21D0W2
  0.5 0.00000E+00
  1.0 0.00000E+00
  1.5 0.00000E+00
  2.0 0.00000E+00
  2.5 0.00000E+00
  3.0 0.00000E+00
  3.5 4.94128E+04
  4.0 6.30820E+04
  4.5 7.75217E+04
  5.0 9.27705E+04
  5.5 1.08895E+05
  6.0 1.26005E+05
  6.5 1.44246E+05
  7.0 1.63732E+05
  7.5 1.84410E+05
  8.0 2.05959E+05
  8.5 3.60393E+06
  9.0 2.49144E+05
  9.5 2.23866E+06
 10.0 1.86729E+06
 10.5 1.11655E+05
 11.0 1.20042E+05
 11.5 3.98417E+05
 12.0 9.09218E+04
 12.5 8.42449E+04
 13.0 8.93313E+04
 13.5 9.44323E+04
 14.0 9.94954E+04
 14.5 1.04461E+05
 15.0 1.09266E+05
 15.5 1.13852E+05
 16.0 1.18160E+05
 16.5 1.22145E+05
 17.0 1.25766E+05
 17.5 1.28996E+05
 18.0 1.31817E+05
 18.5 1.34220E+05
 19.0 1.36206E+05
 19.5 1.37782E+05
 20.0 1.38962E+05
 20.5 1.39764E+05
 21.0 1.40210E+05
 21.5 1.40324E+05
 22.0 1.40133E+05
 22.5 1.39662E+05
 23.0 1.38938E+05
 23.5 1.37987E+05
 24.0 1.36834E+05
 24.5 1.35502E+05
 25.0 1.34015E+05
 25.5 1.32392E+05
 26.0 1.30654E+05
 26.5 1.28819E+05
 27.0 1.26902E+05
 27.5 1.24919E+05
 28.0 1.22883E+05
 28.5 1.20806E+05
 29.0 1.18699E+05
 29.5 1.16571E+05
 30.0 1.14432E+05
 30.5 1.12287E+05
 31.0 1.10145E+05
 31.5 1.08011E+05
 32.0 1.05889E+05
 32.5 1.03785E+05
 33.0 1.01701E+05
 33.5 9.96419E+04
 34.0 9.76088E+04
 34.5 9.56046E+04
 35.0 9.36308E+04
 35.5 9.16891E+04
 36.0 8.97805E+04
 36.5 8.79059E+04
 37.0 8.60658E+04
 37.5 8.42608E+04
 38.0 8.24910E+04
 38.5 8.07564E+04
 39.0 7.90571E+04
 39.5 7.73927E+04
 40.0 7.57630E+04
 40.5 7.41675E+04
 41.0 7.26058E+04
 41.5 7.10774E+04
 42.0 6.95816E+04
 42.5 6.81179E+04
 43.0 6.66854E+04
 43.5 6.52837E+04
 44.0 6.39119E+04
 44.5 6.25692E+04
 45.0 6.12551E+04
 45.5 5.99686E+04
 46.0 5.87090E+04
 46.5 5.74756E+04
 47.0 5.62677E+04
 47.5 5.50844E+04
 48.0 5.39251E+04
 48.5 5.27890E+04
 49.0 5.16755E+04
 49.5 5.05837E+04
 50.0 4.95130E+04
 50.5 4.84628E+04
 51.0 4.74324E+04
 51.5 4.64210E+04
 52.0 4.54282E+04
 52.5 4.44533E+04
 53.0 4.34957E+04
 53.5 4.25548E+04
 54.0 4.16301E+04
 54.5 4.07210E+04
 55.0 3.98270E+04
 55.5 3.89476E+04
 56.0 3.80822E+04
 56.5 3.72305E+04
 57.0 3.63920E+04
 57.5 3.55661E+04
 58.0 8.28203E+04
 58.5 3.39508E+04
 59.0 3.31606E+04
 59.5 1.16087E+05
 60.0 3.16130E+04
 60.5 3.08549E+04
 61.0 3.01069E+04
 61.5 2.93685E+04
 62.0 2.86395E+04
 62.5 2.79195E+04
 63.0 2.72084E+04
 63.5 2.65057E+04
 64.0 2.58112E+04
 64.5 2.51248E+04
 65.0 2.44460E+04
 65.5 2.37748E+04
 66.0 2.31108E+04
 66.5 2.24539E+04
 67.0 4.90332E+04
 67.5 2.11603E+04
 68.0 2.05234E+04
 68.5 1.98927E+04
 69.0 2.64140E+04
 69.5 1.85048E+04
 70.0 1.72008E+04
 70.5 1.66568E+04
 71.0 1.61147E+04
 71.5 1.55747E+04
 72.0 1.50367E+04
 72.5 1.45008E+04
 73.0 1.39670E+04
 73.5 1.34354E+04
 74.0 1.29058E+04
 74.5 1.23785E+04
 75.0 1.18533E+04
 75.5 1.13304E+04
 76.0 1.08097E+04
 76.5 1.02913E+04
 77.0 9.77522E+03
 77.5 9.26149E+03
 78.0 8.75014E+03
 78.5 8.24121E+03
 79.0 7.73474E+03
 79.5 7.23076E+03
 80.0 6.72931E+03
 80.5 6.23044E+03
 81.0 5.73418E+03
 81.5 5.24059E+03
 82.0 4.74970E+03
 82.5 4.26156E+03
 83.0 3.77622E+03
 83.5 3.29372E+03
 84.0 2.81411E+03
 84.5 2.33745E+03
 85.0 1.86379E+03
 85.5 1.39317E+03
 86.0 9.25650E+02
 86.5 4.61288E+02
 87.0 3.83621E+01
