088K11D0W2
  0.5 0.00000E+00
  1.0 0.00000E+00
  1.5 0.00000E+00
  2.0 0.00000E+00
  2.5 0.00000E+00
  3.0 0.00000E+00
  3.5 2.16085E+04
  4.0 2.86154E+04
  4.5 3.59038E+04
  5.0 4.34597E+04
  5.5 5.12797E+04
  6.0 5.93652E+04
  6.5 6.77222E+04
  7.0 7.63623E+04
  7.5 8.53039E+04
  8.0 9.45729E+04
  8.5 1.19911E+06
  9.0 1.14177E+05
  9.5 1.01410E+06
 10.0 8.47865E+05
 10.5 5.22972E+04
 11.0 5.60462E+04
 11.5 1.30929E+05
 12.0 4.27947E+04
 12.5 3.97279E+04
 13.0 4.20530E+04
 13.5 4.44020E+04
 14.0 4.67744E+04
 14.5 4.91686E+04
 15.0 5.15823E+04
 15.5 5.40108E+04
 16.0 5.64477E+04
 16.5 5.88841E+04
 17.0 6.13090E+04
 17.5 6.37091E+04
 18.0 6.60696E+04
 18.5 6.83747E+04
 19.0 7.06080E+04
 19.5 7.27537E+04
 20.0 7.47964E+04
 20.5 7.67226E+04
 21.0 7.85201E+04
 21.5 8.01789E+04
 22.0 8.16915E+04
 22.5 8.30521E+04
 23.0 8.42573E+04
 23.5 8.53058E+04
 24.0 8.61983E+04
 24.5 8.69366E+04
 25.0 8.75246E+04
 25.5 8.79668E+04
 26.0 8.82692E+04
 26.5 8.84383E+04
 27.0 8.84810E+04
 27.5 8.84050E+04
 28.0 8.82179E+04
 28.5 8.79274E+04
 29.0 8.75415E+04
 29.5 8.70678E+04
 30.0 8.65137E+04
 30.5 8.58865E+04
 31.0 8.51932E+04
 31.5 8.44404E+04
 32.0 8.36343E+04
 32.5 8.27809E+04
 33.0 8.18858E+04
 33.5 8.09542E+04
 34.0 7.99908E+04
 34.5 7.90001E+04
 35.0 7.79863E+04
 35.5 7.69531E+04
 36.0 7.59040E+04
 36.5 7.48423E+04
 37.0 7.37706E+04
 37.5 7.26918E+04
 38.0 7.16082E+04
 38.5 7.05219E+04
 39.0 6.94348E+04
 39.5 6.83486E+04
 40.0 6.72650E+04
 40.5 6.61853E+04
 41.0 6.51105E+04
 41.5 6.40419E+04
 42.0 6.29804E+04
 42.5 6.19267E+04
 43.0 6.08816E+04
 43.5 5.98456E+04
 44.0 5.88193E+04
 44.5 5.78031E+04
 45.0 5.67973E+04
 45.5 5.58022E+04
 46.0 5.48180E+04
 46.5 5.38449E+04
 47.0 5.28830E+04
 47.5 5.19323E+04
 48.0 5.09929E+04
 48.5 5.00648E+04
 49.0 4.91480E+04
 49.5 4.82423E+04
 50.0 4.73478E+04
 50.5 4.64642E+04
 51.0 4.55915E+04
 51.5 4.47295E+04
 52.0 4.38780E+04
 52.5 4.30370E+04
 53.0 4.22062E+04
 53.5 4.13854E+04
 54.0 4.05745E+04
 54.5 3.97732E+04
 55.0 3.89814E+04
 55.5 3.81988E+04
 56.0 3.74253E+04
 56.5 3.66606E+04
 57.0 3.59046E+04
 57.5 3.51570E+04
 58.0 8.41904E+04
 58.5 3.36864E+04
 59.0 3.29629E+04
 59.5 1.19207E+05
 60.0 3.15389E+04
 60.5 3.08378E+04
 61.0 3.01439E+04
 61.5 2.94569E+04
 62.0 2.87766E+04
 62.5 2.81030E+04
 63.0 2.74357E+04
 63.5 2.67747E+04
 64.0 2.61198E+04
 64.5 2.54709E+04
 65.0 2.48277E+04
 65.5 2.41902E+04
 66.0 2.35583E+04
 66.5 2.29318E+04
 67.0 5.10191E+04
 67.5 2.16944E+04
 68.0 2.10834E+04
 68.5 2.04773E+04
 69.0 2.74319E+04
 69.5 1.89766E+04
 70.0 1.69341E+04
 70.5 1.64701E+04
 71.0 1.60043E+04
 71.5 1.55368E+04
 72.0 1.50678E+04
 72.5 1.45974E+04
 73.0 1.41258E+04
 73.5 1.36530E+04
 74.0 1.31792E+04
 74.5 1.27046E+04
 75.0 1.22293E+04
 75.5 1.17533E+04
 76.0 1.12769E+04
 76.5 1.08001E+04
 77.0 1.03231E+04
 77.5 9.84598E+03
 78.0 9.36885E+03
 78.5 8.89185E+03
 79.0 8.41509E+03
 79.5 7.93868E+03
 80.0 7.46274E+03
 80.5 6.98738E+03
 81.0 6.51271E+03
 81.5 6.03885E+03
 82.0 5.56589E+03
 82.5 5.09396E+03
 83.0 4.62315E+03
 83.5 4.15358E+03
 84.0 3.68535E+03
 84.5 3.21856E+03
 85.0 2.75332E+03
 85.5 2.28973E+03
 86.0 1.82789E+03
 86.5 1.36791E+03
 87.0 9.09882E+02
 87.5 4.53910E+02
 88.0 3.77725E+01
