088K10D0W2
  0.5 0.00000E+00
  1.0 0.00000E+00
  1.5 0.00000E+00
  2.0 0.00000E+00
  2.5 0.00000E+00
  3.0 0.00000E+00
  3.5 1.90591E+04
  4.0 2.54464E+04
  4.5 3.20829E+04
  5.0 3.89507E+04
  5.5 4.60437E+04
  6.0 5.33608E+04
  6.5 6.09043E+04
  7.0 6.86803E+04
  7.5 7.67000E+04
  8.0 8.49804E+04
  8.5 9.60830E+05
  9.0 1.02399E+05
  9.5 8.65399E+05
 10.0 7.24292E+05
 10.5 4.70526E+04
 11.0 5.04169E+04
 11.5 1.07531E+05
 12.0 3.85127E+04
 12.5 3.57560E+04
 13.0 3.78474E+04
 13.5 3.99572E+04
 14.0 4.20849E+04
 14.5 4.42299E+04
 15.0 4.63907E+04
 15.5 4.85651E+04
 16.0 5.07493E+04
 16.5 5.29380E+04
 17.0 5.51242E+04
 17.5 5.72989E+04
 18.0 5.94517E+04
 18.5 6.15705E+04
 19.0 6.36428E+04
 19.5 6.56551E+04
 20.0 6.75943E+04
 20.5 6.94477E+04
 21.0 7.12036E+04
 21.5 7.28517E+04
 22.0 7.43830E+04
 22.5 7.57904E+04
 23.0 7.70685E+04
 23.5 7.82135E+04
 24.0 7.92236E+04
 24.5 8.00982E+04
 25.0 8.08384E+04
 25.5 8.14464E+04
 26.0 8.19256E+04
 26.5 8.22802E+04
 27.0 8.25152E+04
 27.5 8.26361E+04
 28.0 8.26490E+04
 28.5 8.25600E+04
 29.0 8.23756E+04
 29.5 8.21023E+04
 30.0 8.17466E+04
 30.5 8.13149E+04
 31.0 8.08133E+04
 31.5 8.02479E+04
 32.0 7.96246E+04
 32.5 7.89489E+04
 33.0 7.82261E+04
 33.5 7.74611E+04
 34.0 7.66587E+04
 34.5 7.58231E+04
 35.0 7.49586E+04
 35.5 7.40690E+04
 36.0 7.31576E+04
 36.5 7.22279E+04
 37.0 7.12828E+04
 37.5 7.03251E+04
 38.0 6.93572E+04
 38.5 6.83814E+04
 39.0 6.74000E+04
 39.5 6.64146E+04
 40.0 6.54271E+04
 40.5 6.44390E+04
 41.0 6.34516E+04
 41.5 6.24662E+04
 42.0 6.14839E+04
 42.5 6.05057E+04
 43.0 5.95324E+04
 43.5 5.85647E+04
 44.0 5.76034E+04
 44.5 5.66491E+04
 45.0 5.57021E+04
 45.5 5.47629E+04
 46.0 5.38319E+04
 46.5 5.29094E+04
 47.0 5.19956E+04
 47.5 5.10906E+04
 48.0 5.01947E+04
 48.5 4.93080E+04
 49.0 4.84305E+04
 49.5 4.75621E+04
 50.0 4.67031E+04
 50.5 4.58532E+04
 51.0 4.50126E+04
 51.5 4.41811E+04
 52.0 4.33586E+04
 52.5 4.25451E+04
 53.0 4.17405E+04
 53.5 4.09446E+04
 54.0 4.01573E+04
 54.5 3.93785E+04
 55.0 3.86081E+04
 55.5 3.78458E+04
 56.0 3.70916E+04
 56.5 3.63452E+04
 57.0 3.56066E+04
 57.5 3.48756E+04
 58.0 8.33719E+04
 58.5 3.34357E+04
 59.0 3.27264E+04
 59.5 1.18074E+05
 60.0 3.13286E+04
 60.5 3.06398E+04
 61.0 2.99574E+04
 61.5 2.92813E+04
 62.0 2.86115E+04
 62.5 2.79477E+04
 63.0 2.72898E+04
 63.5 2.66377E+04
 64.0 2.59913E+04
 64.5 2.53503E+04
 65.0 2.47148E+04
 65.5 2.40845E+04
 66.0 2.34594E+04
 66.5 2.28393E+04
 67.0 5.07147E+04
 67.5 2.16139E+04
 68.0 2.10083E+04
 68.5 2.04074E+04
 69.0 2.73138E+04
 69.5 1.88887E+04
 70.0 1.67182E+04
 70.5 1.62688E+04
 71.0 1.58169E+04
 71.5 1.53628E+04
 72.0 1.49064E+04
 72.5 1.44480E+04
 73.0 1.39878E+04
 73.5 1.35259E+04
 74.0 1.30624E+04
 74.5 1.25974E+04
 75.0 1.21313E+04
 75.5 1.16640E+04
 76.0 1.11957E+04
 76.5 1.07265E+04
 77.0 1.02567E+04
 77.5 9.78629E+03
 78.0 9.31545E+03
 78.5 8.84430E+03
 79.0 8.37298E+03
 79.5 7.90161E+03
 80.0 7.43033E+03
 80.5 6.95925E+03
 81.0 6.48852E+03
 81.5 6.01824E+03
 82.0 5.54854E+03
 82.5 5.07954E+03
 83.0 4.61136E+03
 83.5 4.14412E+03
 84.0 3.67793E+03
 84.5 3.21292E+03
 85.0 2.74919E+03
 85.5 2.28685E+03
 86.0 1.82604E+03
 86.5 1.36684E+03
 87.0 9.09375E+02
 87.5 4.53755E+02
 88.0 3.77643E+01
