088K14D0W2
  0.5 0.00000E+00
  1.0 0.00000E+00
  1.5 0.00000E+00
  2.0 0.00000E+00
  2.5 0.00000E+00
  3.0 0.00000E+00
  3.5 2.94401E+04
  4.0 3.83295E+04
  4.5 4.76154E+04
  5.0 5.72948E+04
  5.5 6.73740E+04
  6.0 7.78675E+04
  6.5 8.88007E+04
  7.0 1.00213E+05
  7.5 1.12156E+05
  8.0 1.24673E+05
  8.5 1.94595E+06
  9.0 1.51328E+05
  9.5 1.43576E+06
 10.0 1.19856E+06
 10.5 6.85846E+04
 11.0 7.35775E+04
 11.5 2.07796E+05
 12.0 5.60682E+04
 12.5 5.20300E+04
 13.0 5.51035E+04
 13.5 5.82197E+04
 14.0 6.13738E+04
 14.5 6.45574E+04
 15.0 6.77579E+04
 15.5 7.09583E+04
 16.0 7.41377E+04
 16.5 7.72719E+04
 17.0 8.03347E+04
 17.5 8.32994E+04
 18.0 8.61395E+04
 18.5 8.88306E+04
 19.0 9.13509E+04
 19.5 9.36817E+04
 20.0 9.58084E+04
 20.5 9.77201E+04
 21.0 9.94097E+04
 21.5 1.00874E+05
 22.0 1.02113E+05
 22.5 1.03130E+05
 23.0 1.03930E+05
 23.5 1.04521E+05
 24.0 1.04912E+05
 24.5 1.05114E+05
 25.0 1.05138E+05
 25.5 1.04996E+05
 26.0 1.04699E+05
 26.5 1.04262E+05
 27.0 1.03694E+05
 27.5 1.03010E+05
 28.0 1.02219E+05
 28.5 1.01333E+05
 29.0 1.00363E+05
 29.5 9.93179E+04
 30.0 9.82071E+04
 30.5 9.70395E+04
 31.0 9.58230E+04
 31.5 9.45647E+04
 32.0 9.32716E+04
 32.5 9.19498E+04
 33.0 9.06049E+04
 33.5 8.92421E+04
 34.0 8.78659E+04
 34.5 8.64806E+04
 35.0 8.50898E+04
 35.5 8.36969E+04
 36.0 8.23049E+04
 36.5 8.09164E+04
 37.0 7.95337E+04
 37.5 7.81590E+04
 38.0 7.67938E+04
 38.5 7.54399E+04
 39.0 7.40986E+04
 39.5 7.27709E+04
 40.0 7.14579E+04
 40.5 7.01604E+04
 41.0 6.88790E+04
 41.5 6.76142E+04
 42.0 6.63665E+04
 42.5 6.51362E+04
 43.0 6.39236E+04
 43.5 6.27286E+04
 44.0 6.15515E+04
 44.5 6.03923E+04
 45.0 5.92508E+04
 45.5 5.81270E+04
 46.0 5.70207E+04
 46.5 5.59318E+04
 47.0 5.48600E+04
 47.5 5.38052E+04
 48.0 5.27669E+04
 48.5 5.17451E+04
 49.0 5.07392E+04
 49.5 4.97492E+04
 50.0 4.87745E+04
 50.5 4.78149E+04
 51.0 4.68701E+04
 51.5 4.59396E+04
 52.0 4.50232E+04
 52.5 4.41205E+04
 53.0 4.32312E+04
 53.5 4.23549E+04
 54.0 4.14912E+04
 54.5 4.06399E+04
 55.0 3.98006E+04
 55.5 3.89730E+04
 56.0 3.81566E+04
 56.5 3.73513E+04
 57.0 3.65568E+04
 57.5 3.57726E+04
 58.0 8.59823E+04
 58.5 3.42342E+04
 59.0 3.34795E+04
 59.5 1.21686E+05
 60.0 3.19975E+04
 60.5 3.12697E+04
 61.0 3.05504E+04
 61.5 2.98393E+04
 62.0 2.91362E+04
 62.5 2.84409E+04
 63.0 2.77531E+04
 63.5 2.70726E+04
 64.0 2.63992E+04
 64.5 2.57327E+04
 65.0 2.50730E+04
 65.5 2.44198E+04
 66.0 2.37730E+04
 66.5 2.31324E+04
 67.0 5.16813E+04
 67.5 2.18691E+04
 68.0 2.12461E+04
 68.5 2.06287E+04
 69.0 2.76882E+04
 69.5 1.91686E+04
 70.0 1.74113E+04
 70.5 1.69145E+04
 71.0 1.64174E+04
 71.5 1.59202E+04
 72.0 1.54230E+04
 72.5 1.49258E+04
 73.0 1.44288E+04
 73.5 1.39320E+04
 74.0 1.34355E+04
 74.5 1.29394E+04
 75.0 1.24438E+04
 75.5 1.19487E+04
 76.0 1.14544E+04
 76.5 1.09607E+04
 77.0 1.04679E+04
 77.5 9.97606E+03
 78.0 9.48516E+03
 78.5 8.99534E+03
 79.0 8.50667E+03
 79.5 8.01924E+03
 80.0 7.53313E+03
 80.5 7.04842E+03
 81.0 6.56519E+03
 81.5 6.08352E+03
 82.0 5.60349E+03
 82.5 5.12518E+03
 83.0 4.64868E+03
 83.5 4.17405E+03
 84.0 3.70138E+03
 84.5 3.23075E+03
 85.0 2.76224E+03
 85.5 2.29593E+03
 86.0 1.83190E+03
 86.5 1.37022E+03
 87.0 9.10974E+02
 87.5 4.54246E+02
 88.0 3.77899E+01
