088K18D0W2
  0.5 0.00000E+00
  1.0 0.00000E+00
  1.5 0.00000E+00
  2.0 0.00000E+00
  2.5 0.00000E+00
  3.0 0.00000E+00
  3.5 4.03361E+04
  4.0 5.18297E+04
  4.5 6.39113E+04
  5.0 7.65961E+04
  5.5 8.99147E+04
  6.0 1.03919E+05
  6.5 1.18689E+05
  7.0 1.34324E+05
  7.5 1.50890E+05
  8.0 1.68336E+05
  8.5 2.91884E+06
  9.0 2.04742E+05
  9.5 1.92647E+06
 10.0 1.60714E+06
 10.5 9.18528E+04
 11.0 9.87060E+04
 11.5 3.15721E+05
 12.0 7.49613E+04
 12.5 6.95134E+04
 13.0 7.36950E+04
 13.5 7.79288E+04
 14.0 8.21899E+04
 14.5 8.64456E+04
 15.0 9.06570E+04
 15.5 9.47806E+04
 16.0 9.87717E+04
 16.5 1.02587E+05
 17.0 1.06184E+05
 17.5 1.09530E+05
 18.0 1.12595E+05
 18.5 1.15356E+05
 19.0 1.17799E+05
 19.5 1.19916E+05
 20.0 1.21703E+05
 20.5 1.23165E+05
 21.0 1.24310E+05
 21.5 1.25149E+05
 22.0 1.25697E+05
 22.5 1.25970E+05
 23.0 1.25988E+05
 23.5 1.25769E+05
 24.0 1.25333E+05
 24.5 1.24699E+05
 25.0 1.23886E+05
 25.5 1.22914E+05
 26.0 1.21799E+05
 26.5 1.20558E+05
 27.0 1.19208E+05
 27.5 1.17762E+05
 28.0 1.16235E+05
 28.5 1.14639E+05
 29.0 1.12986E+05
 29.5 1.11286E+05
 30.0 1.09548E+05
 30.5 1.07781E+05
 31.0 1.05993E+05
 31.5 1.04190E+05
 32.0 1.02379E+05
 32.5 1.00565E+05
 33.0 9.87530E+04
 33.5 9.69471E+04
 34.0 9.51511E+04
 34.5 9.33681E+04
 35.0 9.16009E+04
 35.5 8.98519E+04
 36.0 8.81230E+04
 36.5 8.64160E+04
 37.0 8.47323E+04
 37.5 8.30730E+04
 38.0 8.14390E+04
 38.5 7.98311E+04
 39.0 7.82498E+04
 39.5 7.66954E+04
 40.0 7.51683E+04
 40.5 7.36684E+04
 41.0 7.21959E+04
 41.5 7.07506E+04
 42.0 6.93324E+04
 42.5 6.79409E+04
 43.0 6.65759E+04
 43.5 6.52371E+04
 44.0 6.39240E+04
 44.5 6.26361E+04
 45.0 6.13731E+04
 45.5 6.01343E+04
 46.0 5.89194E+04
 46.5 5.77276E+04
 47.0 5.65586E+04
 47.5 5.54118E+04
 48.0 5.42865E+04
 48.5 5.31822E+04
 49.0 5.20984E+04
 49.5 5.10345E+04
 50.0 4.99900E+04
 50.5 4.89642E+04
 51.0 4.79568E+04
 51.5 4.69669E+04
 52.0 4.59943E+04
 52.5 4.50384E+04
 53.0 4.40986E+04
 53.5 4.31745E+04
 54.0 4.22655E+04
 54.5 4.13713E+04
 55.0 4.04913E+04
 55.5 3.96251E+04
 56.0 3.87722E+04
 56.5 3.79322E+04
 57.0 3.71048E+04
 57.5 3.62895E+04
 58.0 8.74885E+04
 58.5 3.46936E+04
 59.0 3.39123E+04
 59.5 1.23767E+05
 60.0 3.23813E+04
 60.5 3.16309E+04
 61.0 3.08902E+04
 61.5 3.01588E+04
 62.0 2.94364E+04
 62.5 2.87228E+04
 63.0 2.80177E+04
 63.5 2.73209E+04
 64.0 2.66320E+04
 64.5 2.59509E+04
 65.0 2.52772E+04
 65.5 2.46109E+04
 66.0 2.39516E+04
 66.5 2.32992E+04
 67.0 5.22338E+04
 67.5 2.20142E+04
 68.0 2.13812E+04
 68.5 2.07544E+04
 69.0 2.79015E+04
 69.5 1.93298E+04
 70.0 1.78172E+04
 70.5 1.72919E+04
 71.0 1.67679E+04
 71.5 1.62450E+04
 72.0 1.57235E+04
 72.5 1.52033E+04
 73.0 1.46845E+04
 73.5 1.41671E+04
 74.0 1.36512E+04
 74.5 1.31368E+04
 75.0 1.26240E+04
 75.5 1.21127E+04
 76.0 1.16032E+04
 76.5 1.10953E+04
 77.0 1.05891E+04
 77.5 1.00848E+04
 78.0 9.58229E+03
 78.5 9.08168E+03
 79.0 8.58301E+03
 79.5 8.08634E+03
 80.0 7.59171E+03
 80.5 7.09918E+03
 81.0 6.60879E+03
 81.5 6.12061E+03
 82.0 5.63468E+03
 82.5 5.15107E+03
 83.0 4.66982E+03
 83.5 4.19099E+03
 84.0 3.71464E+03
 84.5 3.24083E+03
 85.0 2.76962E+03
 85.5 2.30105E+03
 86.0 1.83520E+03
 86.5 1.37212E+03
 87.0 9.11874E+02
 87.5 4.54522E+02
 88.0 3.78043E+01
