088K22D0W2
  0.5 0.00000E+00
  1.0 0.00000E+00
  1.5 0.00000E+00
  2.0 0.00000E+00
  2.5 0.00000E+00
  3.0 0.00000E+00
  3.5 5.18476E+04
  4.0 6.61035E+04
  4.5 8.11847E+04
  5.0 9.71370E+04
  5.5 1.14039E+05
  6.0 1.32016E+05
  6.5 1.51232E+05
  7.0 1.71796E+05
  7.5 1.93619E+05
  8.0 2.16306E+05
  8.5 3.80648E+06
  9.0 2.61422E+05
  9.5 2.34130E+06
 10.0 1.95271E+06
 10.5 1.17253E+05
 11.0 1.26094E+05
 11.5 4.21994E+05
 12.0 9.54988E+04
 12.5 8.84908E+04
 13.0 9.38562E+04
 13.5 9.92278E+04
 14.0 1.04546E+05
 14.5 1.09745E+05
 15.0 1.14758E+05
 15.5 1.19519E+05
 16.0 1.23971E+05
 16.5 1.28064E+05
 17.0 1.31761E+05
 17.5 1.35035E+05
 18.0 1.37870E+05
 18.5 1.40260E+05
 19.0 1.42208E+05
 19.5 1.43725E+05
 20.0 1.44827E+05
 20.5 1.45537E+05
 21.0 1.45878E+05
 21.5 1.45878E+05
 22.0 1.45564E+05
 22.5 1.44965E+05
 23.0 1.44108E+05
 23.5 1.43022E+05
 24.0 1.41733E+05
 24.5 1.40265E+05
 25.0 1.38641E+05
 25.5 1.36884E+05
 26.0 1.35014E+05
 26.5 1.33048E+05
 27.0 1.31004E+05
 27.5 1.28897E+05
 28.0 1.26740E+05
 28.5 1.24545E+05
 29.0 1.22324E+05
 29.5 1.20086E+05
 30.0 1.17839E+05
 30.5 1.15592E+05
 31.0 1.13350E+05
 31.5 1.11120E+05
 32.0 1.08906E+05
 32.5 1.06712E+05
 33.0 1.04543E+05
 33.5 1.02400E+05
 34.0 1.00288E+05
 34.5 9.82070E+04
 35.0 9.61598E+04
 35.5 9.41474E+04
 36.0 9.21708E+04
 36.5 9.02309E+04
 37.0 8.83282E+04
 37.5 8.64629E+04
 38.0 8.46353E+04
 38.5 8.28451E+04
 39.0 8.10924E+04
 39.5 7.93768E+04
 40.0 7.76979E+04
 40.5 7.60553E+04
 41.0 7.44483E+04
 41.5 7.28764E+04
 42.0 7.13389E+04
 42.5 6.98351E+04
 43.0 6.83643E+04
 43.5 6.69257E+04
 44.0 6.55186E+04
 44.5 6.41421E+04
 45.0 6.27955E+04
 45.5 6.14779E+04
 46.0 6.01885E+04
 46.5 5.89266E+04
 47.0 5.76913E+04
 47.5 5.64818E+04
 48.0 5.52974E+04
 48.5 5.41374E+04
 49.0 5.30008E+04
 49.5 5.18871E+04
 50.0 5.07954E+04
 50.5 4.97251E+04
 51.0 4.86755E+04
 51.5 4.76459E+04
 52.0 4.66356E+04
 52.5 4.56440E+04
 53.0 4.46705E+04
 53.5 4.37145E+04
 54.0 4.27753E+04
 54.5 4.18525E+04
 55.0 4.09454E+04
 55.5 4.00535E+04
 56.0 3.91764E+04
 56.5 3.83134E+04
 57.0 3.74642E+04
 57.5 3.66283E+04
 58.0 8.84766E+04
 58.5 3.49944E+04
 59.0 3.41956E+04
 59.5 1.25132E+05
 60.0 3.26323E+04
 60.5 3.18670E+04
 61.0 3.11122E+04
 61.5 3.03674E+04
 62.0 2.96324E+04
 62.5 2.89068E+04
 63.0 2.81904E+04
 63.5 2.74828E+04
 64.0 2.67837E+04
 64.5 2.60930E+04
 65.0 2.54102E+04
 65.5 2.47353E+04
 66.0 2.40678E+04
 66.5 2.34077E+04
 67.0 5.25941E+04
 67.5 2.21085E+04
 68.0 2.14691E+04
 68.5 2.08361E+04
 69.0 2.80403E+04
 69.5 1.94353E+04
 70.0 1.80859E+04
 70.5 1.75415E+04
 71.0 1.69993E+04
 71.5 1.64594E+04
 72.0 1.59216E+04
 72.5 1.53861E+04
 73.0 1.48528E+04
 73.5 1.43217E+04
 74.0 1.37929E+04
 74.5 1.32664E+04
 75.0 1.27422E+04
 75.5 1.22202E+04
 76.0 1.17006E+04
 76.5 1.11833E+04
 77.0 1.06684E+04
 77.5 1.01558E+04
 78.0 9.64570E+03
 78.5 9.13801E+03
 79.0 8.63279E+03
 79.5 8.13006E+03
 80.0 7.62985E+03
 80.5 7.13221E+03
 81.0 6.63715E+03
 81.5 6.14472E+03
 82.0 5.65495E+03
 82.5 5.16787E+03
 83.0 4.68354E+03
 83.5 4.20198E+03
 84.0 3.72324E+03
 84.5 3.24736E+03
 85.0 2.77439E+03
 85.5 2.30437E+03
 86.0 1.83734E+03
 86.5 1.37335E+03
 87.0 9.12456E+02
 87.5 4.54700E+02
 88.0 3.78136E+01
