088K21D0W2
  0.5 0.00000E+00
  1.0 0.00000E+00
  1.5 0.00000E+00
  2.0 0.00000E+00
  2.5 0.00000E+00
  3.0 0.00000E+00
  3.5 4.89043E+04
  4.0 6.24520E+04
  4.5 7.67608E+04
  5.0 9.18673E+04
  5.5 1.07835E+05
  6.0 1.24767E+05
  6.5 1.42806E+05
  7.0 1.62071E+05
  7.5 1.82535E+05
  8.0 2.03914E+05
  8.5 3.59355E+06
  9.0 2.47025E+05
  9.5 2.24390E+06
 10.0 1.87156E+06
 10.5 1.10686E+05
 11.0 1.19028E+05
 11.5 3.95796E+05
 12.0 9.01969E+04
 12.5 8.35935E+04
 13.0 8.86610E+04
 13.5 9.37532E+04
 14.0 9.88201E+04
 14.5 1.03804E+05
 15.0 1.08644E+05
 15.5 1.13279E+05
 16.0 1.17653E+05
 16.5 1.21716E+05
 17.0 1.25429E+05
 17.5 1.28761E+05
 18.0 1.31690E+05
 18.5 1.34208E+05
 19.0 1.36311E+05
 19.5 1.38005E+05
 20.0 1.39302E+05
 20.5 1.40219E+05
 21.0 1.40776E+05
 21.5 1.40997E+05
 22.0 1.40906E+05
 22.5 1.40530E+05
 23.0 1.39895E+05
 23.5 1.39025E+05
 24.0 1.37946E+05
 24.5 1.36683E+05
 25.0 1.35256E+05
 25.5 1.33689E+05
 26.0 1.32000E+05
 26.5 1.30207E+05
 27.0 1.28327E+05
 27.5 1.26376E+05
 28.0 1.24367E+05
 28.5 1.22312E+05
 29.0 1.20223E+05
 29.5 1.18110E+05
 30.0 1.15981E+05
 30.5 1.13844E+05
 31.0 1.11706E+05
 31.5 1.09574E+05
 32.0 1.07452E+05
 32.5 1.05344E+05
 33.0 1.03256E+05
 33.5 1.01190E+05
 34.0 9.91491E+04
 34.5 9.71356E+04
 35.0 9.51514E+04
 35.5 9.31982E+04
 36.0 9.12773E+04
 36.5 8.93896E+04
 37.0 8.75358E+04
 37.5 8.57166E+04
 38.0 8.39321E+04
 38.5 8.21826E+04
 39.0 8.04680E+04
 39.5 7.87882E+04
 40.0 7.71430E+04
 40.5 7.55320E+04
 41.0 7.39548E+04
 41.5 7.24109E+04
 42.0 7.08998E+04
 42.5 6.94208E+04
 43.0 6.79733E+04
 43.5 6.65568E+04
 44.0 6.51703E+04
 44.5 6.38133E+04
 45.0 6.24851E+04
 45.5 6.11848E+04
 46.0 5.99118E+04
 46.5 5.86652E+04
 47.0 5.74445E+04
 47.5 5.62488E+04
 48.0 5.50773E+04
 48.5 5.39295E+04
 49.0 5.28045E+04
 49.5 5.17016E+04
 50.0 5.06203E+04
 50.5 4.95597E+04
 51.0 4.85193E+04
 51.5 4.74984E+04
 52.0 4.64963E+04
 52.5 4.55125E+04
 53.0 4.45463E+04
 53.5 4.35973E+04
 54.0 4.26647E+04
 54.5 4.17481E+04
 55.0 4.08469E+04
 55.5 3.99606E+04
 56.0 3.90887E+04
 56.5 3.82308E+04
 57.0 3.73863E+04
 57.5 3.65549E+04
 58.0 8.82624E+04
 58.5 3.49292E+04
 59.0 3.41342E+04
 59.5 1.24836E+05
 60.0 3.25779E+04
 60.5 3.18159E+04
 61.0 3.10641E+04
 61.5 3.03222E+04
 62.0 2.95900E+04
 62.5 2.88670E+04
 63.0 2.81530E+04
 63.5 2.74478E+04
 64.0 2.67509E+04
 64.5 2.60622E+04
 65.0 2.53815E+04
 65.5 2.47084E+04
 66.0 2.40427E+04
 66.5 2.33842E+04
 67.0 5.25162E+04
 67.5 2.20881E+04
 68.0 2.14501E+04
 68.5 2.08184E+04
 69.0 2.80103E+04
 69.5 1.94124E+04
 70.0 1.80275E+04
 70.5 1.74873E+04
 71.0 1.69491E+04
 71.5 1.64128E+04
 72.0 1.58786E+04
 72.5 1.53464E+04
 73.0 1.48163E+04
 73.5 1.42882E+04
 74.0 1.37622E+04
 74.5 1.32383E+04
 75.0 1.27165E+04
 75.5 1.21969E+04
 76.0 1.16795E+04
 76.5 1.11642E+04
 77.0 1.06512E+04
 77.5 1.01405E+04
 78.0 9.63198E+03
 78.5 9.12582E+03
 79.0 8.62202E+03
 79.5 8.12060E+03
 80.0 7.62160E+03
 80.5 7.12506E+03
 81.0 6.63102E+03
 81.5 6.13951E+03
 82.0 5.65057E+03
 82.5 5.16424E+03
 83.0 4.68057E+03
 83.5 4.19961E+03
 84.0 3.72139E+03
 84.5 3.24595E+03
 85.0 2.77336E+03
 85.5 2.30365E+03
 86.0 1.83688E+03
 86.5 1.37309E+03
 87.0 9.12330E+02
 87.5 4.54662E+02
 88.0 3.78116E+01
