088K20D0W2
  0.5 0.00000E+00
  1.0 0.00000E+00
  1.5 0.00000E+00
  2.0 0.00000E+00
  2.5 0.00000E+00
  3.0 0.00000E+00
  3.5 4.60063E+04
  4.0 5.88580E+04
  4.5 7.24101E+04
  5.0 8.66911E+04
  5.5 1.01751E+05
  6.0 1.17675E+05
  6.5 1.34582E+05
  7.0 1.52592E+05
  7.5 1.71723E+05
  8.0 1.91785E+05
  8.5 3.37460E+06
  9.0 2.32765E+05
  9.5 2.14246E+06
 10.0 1.78706E+06
 10.5 1.04266E+05
 11.0 1.12109E+05
 11.5 3.69328E+05
 12.0 8.50088E+04
 12.5 7.88003E+04
 13.0 8.35700E+04
 13.5 8.83780E+04
 14.0 9.31834E+04
 14.5 9.79368E+04
 15.0 1.02584E+05
 15.5 1.07070E+05
 16.0 1.11341E+05
 16.5 1.15348E+05
 17.0 1.19050E+05
 17.5 1.22414E+05
 18.0 1.25415E+05
 18.5 1.28038E+05
 19.0 1.30276E+05
 19.5 1.32131E+05
 20.0 1.33609E+05
 20.5 1.34721E+05
 21.0 1.35486E+05
 21.5 1.35922E+05
 22.0 1.36050E+05
 22.5 1.35895E+05
 23.0 1.35480E+05
 23.5 1.34827E+05
 24.0 1.33962E+05
 24.5 1.32906E+05
 25.0 1.31681E+05
 25.5 1.30307E+05
 26.0 1.28804E+05
 26.5 1.27190E+05
 27.0 1.25481E+05
 27.5 1.23692E+05
 28.0 1.21837E+05
 28.5 1.19928E+05
 29.0 1.17978E+05
 29.5 1.15995E+05
 30.0 1.13990E+05
 30.5 1.11970E+05
 31.0 1.09942E+05
 31.5 1.07913E+05
 32.0 1.05888E+05
 32.5 1.03873E+05
 33.0 1.01871E+05
 33.5 9.98863E+04
 34.0 9.79216E+04
 34.5 9.59797E+04
 35.0 9.40629E+04
 35.5 9.21730E+04
 36.0 9.03116E+04
 36.5 8.84798E+04
 37.0 8.66786E+04
 37.5 8.49087E+04
 38.0 8.31706E+04
 38.5 8.14647E+04
 39.0 7.97912E+04
 39.5 7.81500E+04
 40.0 7.65411E+04
 40.5 7.49642E+04
 41.0 7.34191E+04
 41.5 7.19055E+04
 42.0 7.04228E+04
 42.5 6.89706E+04
 43.0 6.75484E+04
 43.5 6.61556E+04
 44.0 6.47916E+04
 44.5 6.34557E+04
 45.0 6.21474E+04
 45.5 6.08659E+04
 46.0 5.96105E+04
 46.5 5.83807E+04
 47.0 5.71757E+04
 47.5 5.59949E+04
 48.0 5.48375E+04
 48.5 5.37029E+04
 49.0 5.25905E+04
 49.5 5.14995E+04
 50.0 5.04293E+04
 50.5 4.93793E+04
 51.0 4.83489E+04
 51.5 4.73374E+04
 52.0 4.63444E+04
 52.5 4.53690E+04
 53.0 4.44108E+04
 53.5 4.34693E+04
 54.0 4.25439E+04
 54.5 4.16341E+04
 55.0 4.07393E+04
 55.5 3.98591E+04
 56.0 3.89930E+04
 56.5 3.81405E+04
 57.0 3.73012E+04
 57.5 3.64746E+04
 58.0 8.80284E+04
 58.5 3.48580E+04
 59.0 3.40672E+04
 59.5 1.24513E+05
 60.0 3.25185E+04
 60.5 3.17600E+04
 61.0 3.10116E+04
 61.5 3.02729E+04
 62.0 2.95436E+04
 62.5 2.88235E+04
 63.0 2.81122E+04
 63.5 2.74094E+04
 64.0 2.67150E+04
 64.5 2.60286E+04
 65.0 2.53500E+04
 65.5 2.46789E+04
 66.0 2.40152E+04
 66.5 2.33586E+04
 67.0 5.24309E+04
 67.5 2.20658E+04
 68.0 2.14293E+04
 68.5 2.07991E+04
 69.0 2.79774E+04
 69.5 1.93874E+04
 70.0 1.79638E+04
 70.5 1.74281E+04
 71.0 1.68942E+04
 71.5 1.63620E+04
 72.0 1.58317E+04
 72.5 1.53031E+04
 73.0 1.47764E+04
 73.5 1.42516E+04
 74.0 1.37286E+04
 74.5 1.32076E+04
 75.0 1.26886E+04
 75.5 1.21715E+04
 76.0 1.16564E+04
 76.5 1.11434E+04
 77.0 1.06325E+04
 77.5 1.01236E+04
 78.0 9.61697E+03
 78.5 9.11249E+03
 79.0 8.61024E+03
 79.5 8.11026E+03
 80.0 7.61258E+03
 80.5 7.11725E+03
 81.0 6.62431E+03
 81.5 6.13380E+03
 82.0 5.64577E+03
 82.5 5.16027E+03
 83.0 4.67733E+03
 83.5 4.19701E+03
 84.0 3.71935E+03
 84.5 3.24441E+03
 85.0 2.77223E+03
 85.5 2.30287E+03
 86.0 1.83637E+03
 86.5 1.37279E+03
 87.0 9.12193E+02
 87.5 4.54620E+02
 88.0 3.78094E+01
