089K07D0W2
  0.5 0.00000E+00
  1.0 0.00000E+00
  1.5 0.00000E+00
  2.0 0.00000E+00
  2.5 0.00000E+00
  3.0 0.00000E+00
  3.5 1.14749E+04
  4.0 1.59650E+04
  4.5 2.06315E+04
  5.0 2.54398E+04
  5.5 3.03755E+04
  6.0 3.54316E+04
  6.5 4.06043E+04
  7.0 4.58915E+04
  7.5 5.12923E+04
  8.0 5.68075E+04
  8.5 3.39212E+05
  9.0 6.81929E+04
  9.5 4.10704E+05
 10.0 3.46688E+05
 10.5 3.15341E+04
 11.0 3.38083E+04
 11.5 4.89670E+04
 12.0 2.58362E+04
 12.5 2.39933E+04
 13.0 2.54190E+04
 13.5 2.68508E+04
 14.0 2.82883E+04
 14.5 2.97310E+04
 15.0 3.11786E+04
 15.5 3.26306E+04
 16.0 3.40864E+04
 16.5 3.55454E+04
 17.0 3.70065E+04
 17.5 3.84688E+04
 18.0 3.99303E+04
 18.5 4.13891E+04
 19.0 4.28423E+04
 19.5 4.42865E+04
 20.0 4.57175E+04
 20.5 4.71308E+04
 21.0 4.85209E+04
 21.5 4.98823E+04
 22.0 5.12091E+04
 22.5 5.24953E+04
 23.0 5.37350E+04
 23.5 5.49226E+04
 24.0 5.60528E+04
 24.5 5.71208E+04
 25.0 5.81226E+04
 25.5 5.90545E+04
 26.0 5.99138E+04
 26.5 6.06984E+04
 27.0 6.14068E+04
 27.5 6.20383E+04
 28.0 6.25928E+04
 28.5 6.30707E+04
 29.0 6.34731E+04
 29.5 6.38014E+04
 30.0 6.40575E+04
 30.5 6.42436E+04
 31.0 6.43622E+04
 31.5 6.44160E+04
 32.0 6.44078E+04
 32.5 6.43407E+04
 33.0 6.42178E+04
 33.5 6.40421E+04
 34.0 6.38169E+04
 34.5 6.35452E+04
 35.0 6.32301E+04
 35.5 6.28746E+04
 36.0 6.24816E+04
 36.5 6.20540E+04
 37.0 6.15944E+04
 37.5 6.11054E+04
 38.0 6.05897E+04
 38.5 6.00494E+04
 39.0 5.94868E+04
 39.5 5.89041E+04
 40.0 5.83033E+04
 40.5 5.76862E+04
 41.0 5.70545E+04
 41.5 5.64099E+04
 42.0 5.57540E+04
 42.5 5.50880E+04
 43.0 5.44134E+04
 43.5 5.37314E+04
 44.0 5.30431E+04
 44.5 5.23495E+04
 45.0 5.16516E+04
 45.5 5.09503E+04
 46.0 5.02463E+04
 46.5 4.95404E+04
 47.0 4.88333E+04
 47.5 4.81255E+04
 48.0 4.74176E+04
 48.5 4.67102E+04
 49.0 4.60037E+04
 49.5 4.52984E+04
 50.0 4.45948E+04
 50.5 4.38931E+04
 51.0 4.31937E+04
 51.5 4.24969E+04
 52.0 4.18027E+04
 52.5 4.11115E+04
 53.0 4.04235E+04
 53.5 3.97387E+04
 54.0 3.90573E+04
 54.5 3.83794E+04
 55.0 3.77051E+04
 55.5 3.70345E+04
 56.0 3.63676E+04
 56.5 3.57045E+04
 57.0 3.50453E+04
 57.5 3.43899E+04
 58.0 8.42086E+04
 58.5 3.30907E+04
 59.0 3.24470E+04
 59.5 1.20359E+05
 60.0 3.11711E+04
 60.5 3.05389E+04
 61.0 2.99106E+04
 61.5 2.92860E+04
 62.0 2.86653E+04
 62.5 2.80483E+04
 63.0 2.74350E+04
 63.5 2.68254E+04
 64.0 2.62194E+04
 64.5 2.56171E+04
 65.0 2.50183E+04
 65.5 2.44230E+04
 66.0 2.38313E+04
 66.5 2.32430E+04
 67.0 5.24510E+04
 67.5 2.20766E+04
 68.0 2.14985E+04
 68.5 2.09237E+04
 69.0 2.82227E+04
 69.5 1.92862E+04
 70.0 1.63300E+04
 70.5 1.59566E+04
 71.0 1.55778E+04
 71.5 1.51938E+04
 72.0 1.48049E+04
 72.5 1.44112E+04
 73.0 1.40129E+04
 73.5 1.36103E+04
 74.0 1.32036E+04
 74.5 1.27929E+04
 75.0 1.23784E+04
 75.5 1.19604E+04
 76.0 1.15391E+04
 76.5 1.11146E+04
 77.0 1.06871E+04
 77.5 1.02569E+04
 78.0 9.82403E+03
 78.5 9.38879E+03
 79.0 8.95134E+03
 79.5 8.51184E+03
 80.0 8.07050E+03
 80.5 7.62747E+03
 81.0 7.18293E+03
 81.5 6.73707E+03
 82.0 6.29004E+03
 82.5 5.84201E+03
 83.0 5.39317E+03
 83.5 4.94365E+03
 84.0 4.49364E+03
 84.5 4.04328E+03
 85.0 3.59274E+03
 85.5 3.14217E+03
 86.0 2.69173E+03
 86.5 2.24156E+03
 87.0 1.79182E+03
 87.5 1.34265E+03
 88.0 8.94207E+02
 88.5 4.46624E+02
 89.0 3.71927E+01
