089K09D0W2
  0.5 0.00000E+00
  1.0 0.00000E+00
  1.5 0.00000E+00
  2.0 0.00000E+00
  2.5 0.00000E+00
  3.0 0.00000E+00
  3.5 1.63530E+04
  4.0 2.20743E+04
  4.5 2.80153E+04
  5.0 3.41533E+04
  5.5 4.04796E+04
  6.0 4.69907E+04
  6.5 5.36861E+04
  7.0 6.05679E+04
  7.5 6.76410E+04
  8.0 7.49147E+04
  8.5 7.13893E+05
  9.0 9.01176E+04
  9.5 7.02985E+05
 10.0 5.89413E+05
 10.5 4.15610E+04
 11.0 4.45364E+04
 11.5 8.39358E+04
 12.0 3.40430E+04
 12.5 3.16141E+04
 13.0 3.34711E+04
 13.5 3.53418E+04
 14.0 3.72259E+04
 14.5 3.91230E+04
 15.0 4.10325E+04
 15.5 4.29533E+04
 16.0 4.48836E+04
 16.5 4.68211E+04
 17.0 4.87618E+04
 17.5 5.07009E+04
 18.0 5.26321E+04
 18.5 5.45477E+04
 19.0 5.64391E+04
 19.5 5.82966E+04
 20.0 6.01098E+04
 20.5 6.18684E+04
 21.0 6.35621E+04
 21.5 6.51809E+04
 22.0 6.67157E+04
 22.5 6.81584E+04
 23.0 6.95021E+04
 23.5 7.07411E+04
 24.0 7.18711E+04
 24.5 7.28890E+04
 25.0 7.37932E+04
 25.5 7.45830E+04
 26.0 7.52591E+04
 26.5 7.58231E+04
 27.0 7.62775E+04
 27.5 7.66253E+04
 28.0 7.68704E+04
 28.5 7.70171E+04
 29.0 7.70700E+04
 29.5 7.70339E+04
 30.0 7.69141E+04
 30.5 7.67157E+04
 31.0 7.64439E+04
 31.5 7.61039E+04
 32.0 7.57007E+04
 32.5 7.52395E+04
 33.0 7.47249E+04
 33.5 7.41616E+04
 34.0 7.35542E+04
 34.5 7.29067E+04
 35.0 7.22232E+04
 35.5 7.15074E+04
 36.0 7.07629E+04
 36.5 6.99931E+04
 37.0 6.92010E+04
 37.5 6.83895E+04
 38.0 6.75612E+04
 38.5 6.67187E+04
 39.0 6.58643E+04
 39.5 6.49999E+04
 40.0 6.41276E+04
 40.5 6.32490E+04
 41.0 6.23658E+04
 41.5 6.14794E+04
 42.0 6.05912E+04
 42.5 5.97023E+04
 43.0 5.88138E+04
 43.5 5.79267E+04
 44.0 5.70418E+04
 44.5 5.61599E+04
 45.0 5.52817E+04
 45.5 5.44078E+04
 46.0 5.35388E+04
 46.5 5.26750E+04
 47.0 5.18169E+04
 47.5 5.09648E+04
 48.0 5.01190E+04
 48.5 4.92798E+04
 49.0 4.84474E+04
 49.5 4.76219E+04
 50.0 4.68035E+04
 50.5 4.59922E+04
 51.0 4.51883E+04
 51.5 4.43915E+04
 52.0 4.36021E+04
 52.5 4.28201E+04
 53.0 4.20453E+04
 53.5 4.12777E+04
 54.0 4.05175E+04
 54.5 3.97643E+04
 55.0 3.90183E+04
 55.5 3.82793E+04
 56.0 3.75473E+04
 56.5 3.68220E+04
 57.0 3.61036E+04
 57.5 3.53917E+04
 58.0 8.72645E+04
 58.5 3.39876E+04
 59.0 3.32950E+04
 59.5 1.24640E+05
 60.0 3.19284E+04
 60.5 3.12540E+04
 61.0 3.05856E+04
 61.5 2.99229E+04
 62.0 2.92658E+04
 62.5 2.86142E+04
 63.0 2.79680E+04
 63.5 2.73271E+04
 64.0 2.66914E+04
 64.5 2.60608E+04
 65.0 2.54351E+04
 65.5 2.48143E+04
 66.0 2.41983E+04
 66.5 2.35870E+04
 67.0 5.36169E+04
 67.5 2.23781E+04
 68.0 2.17802E+04
 68.5 2.11868E+04
 69.0 2.86741E+04
 69.5 1.96119E+04
 70.0 1.71077E+04
 70.5 1.66856E+04
 71.0 1.62602E+04
 71.5 1.58315E+04
 72.0 1.53997E+04
 72.5 1.49650E+04
 73.0 1.45277E+04
 73.5 1.40877E+04
 74.0 1.36454E+04
 74.5 1.32009E+04
 75.0 1.27543E+04
 75.5 1.23058E+04
 76.0 1.18555E+04
 76.5 1.14036E+04
 77.0 1.09503E+04
 77.5 1.04957E+04
 78.0 1.00400E+04
 78.5 9.58320E+03
 79.0 9.12558E+03
 79.5 8.66725E+03
 80.0 8.20834E+03
 80.5 7.74900E+03
 81.0 7.28936E+03
 81.5 6.82956E+03
 82.0 6.36972E+03
 82.5 5.90999E+03
 83.0 5.45049E+03
 83.5 4.99135E+03
 84.0 4.53271E+03
 84.5 4.07467E+03
 85.0 3.61737E+03
 85.5 3.16094E+03
 86.0 2.70549E+03
 86.5 2.25114E+03
 87.0 1.79802E+03
 87.5 1.34623E+03
 88.0 8.95902E+02
 88.5 4.47145E+02
 89.0 3.72199E+01
