089K14D0W2
  0.5 0.00000E+00
  1.0 0.00000E+00
  1.5 0.00000E+00
  2.0 0.00000E+00
  2.5 0.00000E+00
  3.0 0.00000E+00
  3.5 2.91287E+04
  4.0 3.79433E+04
  4.5 4.71509E+04
  5.0 5.67483E+04
  5.5 6.67411E+04
  6.0 7.71429E+04
  6.5 8.79774E+04
  7.0 9.92822E+04
  7.5 1.11107E+05
  8.0 1.23498E+05
  8.5 1.91906E+06
  9.0 1.49914E+05
  9.5 1.42819E+06
 10.0 1.19222E+06
 10.5 6.80270E+04
 11.0 7.29843E+04
 11.5 2.04608E+05
 12.0 5.56455E+04
 12.5 5.16487E+04
 13.0 5.47060E+04
 13.5 5.78070E+04
 14.0 6.09475E+04
 14.5 6.41200E+04
 15.0 6.73130E+04
 15.5 7.05107E+04
 16.0 7.36931E+04
 16.5 7.68373E+04
 17.0 7.99175E+04
 17.5 8.29075E+04
 18.0 8.57809E+04
 18.5 8.85131E+04
 19.0 9.10816E+04
 19.5 9.34672E+04
 20.0 9.56542E+04
 20.5 9.76309E+04
 21.0 9.93891E+04
 21.5 1.00925E+05
 22.0 1.02236E+05
 22.5 1.03326E+05
 23.0 1.04200E+05
 23.5 1.04862E+05
 24.0 1.05324E+05
 24.5 1.05594E+05
 25.0 1.05683E+05
 25.5 1.05603E+05
 26.0 1.05365E+05
 26.5 1.04983E+05
 27.0 1.04468E+05
 27.5 1.03831E+05
 28.0 1.03085E+05
 28.5 1.02240E+05
 29.0 1.01307E+05
 29.5 1.00296E+05
 30.0 9.92156E+04
 30.5 9.80753E+04
 31.0 9.68829E+04
 31.5 9.56461E+04
 32.0 9.43716E+04
 32.5 9.30659E+04
 33.0 9.17347E+04
 33.5 9.03834E+04
 34.0 8.90166E+04
 34.5 8.76388E+04
 35.0 8.62538E+04
 35.5 8.48650E+04
 36.0 8.34756E+04
 36.5 8.20885E+04
 37.0 8.07059E+04
 37.5 7.93301E+04
 38.0 7.79631E+04
 38.5 7.66063E+04
 39.0 7.52613E+04
 39.5 7.39293E+04
 40.0 7.26114E+04
 40.5 7.13084E+04
 41.0 7.00210E+04
 41.5 6.87499E+04
 42.0 6.74955E+04
 42.5 6.62583E+04
 43.0 6.50384E+04
 43.5 6.38362E+04
 44.0 6.26516E+04
 44.5 6.14847E+04
 45.0 6.03356E+04
 45.5 5.92042E+04
 46.0 5.80902E+04
 46.5 5.69937E+04
 47.0 5.59144E+04
 47.5 5.48521E+04
 48.0 5.38065E+04
 48.5 5.27774E+04
 49.0 5.17644E+04
 49.5 5.07674E+04
 50.0 4.97859E+04
 50.5 4.88197E+04
 51.0 4.78684E+04
 51.5 4.69316E+04
 52.0 4.60092E+04
 52.5 4.51006E+04
 53.0 4.42056E+04
 53.5 4.33239E+04
 54.0 4.24550E+04
 54.5 4.15986E+04
 55.0 4.07545E+04
 55.5 3.99222E+04
 56.0 3.91015E+04
 56.5 3.82920E+04
 57.0 3.74935E+04
 57.5 3.67055E+04
 58.0 9.12832E+04
 58.5 3.51603E+04
 59.0 3.44024E+04
 59.5 1.30259E+05
 60.0 3.29147E+04
 60.5 3.21843E+04
 61.0 3.14626E+04
 61.5 3.07493E+04
 62.0 3.00442E+04
 62.5 2.93470E+04
 63.0 2.86575E+04
 63.5 2.79754E+04
 64.0 2.73007E+04
 64.5 2.66330E+04
 65.0 2.59722E+04
 65.5 2.53181E+04
 66.0 2.46704E+04
 66.5 2.40291E+04
 67.0 5.51261E+04
 67.5 2.27648E+04
 68.0 2.21415E+04
 68.5 2.15238E+04
 69.0 2.92551E+04
 69.5 2.00380E+04
 70.0 1.81562E+04
 70.5 1.76658E+04
 71.0 1.71751E+04
 71.5 1.66841E+04
 72.0 1.61931E+04
 72.5 1.57019E+04
 73.0 1.52108E+04
 73.5 1.47199E+04
 74.0 1.42291E+04
 74.5 1.37387E+04
 75.0 1.32486E+04
 75.5 1.27589E+04
 76.0 1.22698E+04
 76.5 1.17814E+04
 77.0 1.12936E+04
 77.5 1.08066E+04
 78.0 1.03205E+04
 78.5 9.83530E+03
 79.0 9.35113E+03
 79.5 8.86805E+03
 80.0 8.38616E+03
 80.5 7.90551E+03
 81.0 7.42619E+03
 81.5 6.94828E+03
 82.0 6.47185E+03
 82.5 5.99698E+03
 83.0 5.52374E+03
 83.5 5.05222E+03
 84.0 4.58248E+03
 84.5 4.11461E+03
 85.0 3.64867E+03
 85.5 3.18476E+03
 86.0 2.72293E+03
 86.5 2.26327E+03
 87.0 1.80585E+03
 87.5 1.35075E+03
 88.0 8.98040E+02
 88.5 4.47802E+02
 89.0 3.72542E+01
