089K11D0W2
  0.5 0.00000E+00
  1.0 0.00000E+00
  1.5 0.00000E+00
  2.0 0.00000E+00
  2.5 0.00000E+00
  3.0 0.00000E+00
  3.5 2.13714E+04
  4.0 2.83201E+04
  4.5 3.55485E+04
  5.0 4.30425E+04
  5.5 5.07981E+04
  6.0 5.88168E+04
  6.5 6.71039E+04
  7.0 7.56701E+04
  7.5 8.45331E+04
  8.0 9.37175E+04
  8.5 1.17274E+06
  9.0 1.13139E+05
  9.5 1.00293E+06
 10.0 8.38586E+05
 10.5 5.18826E+04
 11.0 5.56075E+04
 11.5 1.28262E+05
 12.0 4.24790E+04
 12.5 3.94425E+04
 13.0 4.17566E+04
 13.5 4.40949E+04
 14.0 4.64572E+04
 14.5 4.88421E+04
 15.0 5.12474E+04
 15.5 5.36691E+04
 16.0 5.61014E+04
 16.5 5.85360E+04
 17.0 6.09624E+04
 17.5 6.33682E+04
 18.0 6.57390E+04
 18.5 6.80593E+04
 19.0 7.03132E+04
 19.5 7.24845E+04
 20.0 7.45582E+04
 20.5 7.65202E+04
 21.0 7.83579E+04
 21.5 8.00611E+04
 22.0 8.16212E+04
 22.5 8.30322E+04
 23.0 8.42899E+04
 23.5 8.53923E+04
 24.0 8.63395E+04
 24.5 8.71329E+04
 25.0 8.77756E+04
 25.5 8.82719E+04
 26.0 8.86271E+04
 26.5 8.88476E+04
 27.0 8.89399E+04
 27.5 8.89114E+04
 28.0 8.87697E+04
 28.5 8.85222E+04
 29.0 8.81768E+04
 29.5 8.77411E+04
 30.0 8.72225E+04
 30.5 8.66284E+04
 31.0 8.59655E+04
 31.5 8.52408E+04
 32.0 8.44604E+04
 32.5 8.36305E+04
 33.0 8.27566E+04
 33.5 8.18441E+04
 34.0 8.08978E+04
 34.5 7.99225E+04
 35.0 7.89221E+04
 35.5 7.79007E+04
 36.0 7.68619E+04
 36.5 7.58089E+04
 37.0 7.47447E+04
 37.5 7.36721E+04
 38.0 7.25935E+04
 38.5 7.15111E+04
 39.0 7.04270E+04
 39.5 6.93430E+04
 40.0 6.82606E+04
 40.5 6.71814E+04
 41.0 6.61066E+04
 41.5 6.50373E+04
 42.0 6.39745E+04
 42.5 6.29192E+04
 43.0 6.18719E+04
 43.5 6.08335E+04
 44.0 5.98044E+04
 44.5 5.87851E+04
 45.0 5.77760E+04
 45.5 5.67774E+04
 46.0 5.57896E+04
 46.5 5.48127E+04
 47.0 5.38470E+04
 47.5 5.28924E+04
 48.0 5.19491E+04
 48.5 5.10170E+04
 49.0 5.00962E+04
 49.5 4.91866E+04
 50.0 4.82882E+04
 50.5 4.74008E+04
 51.0 4.65243E+04
 51.5 4.56586E+04
 52.0 4.48036E+04
 52.5 4.39590E+04
 53.0 4.31248E+04
 53.5 4.23008E+04
 54.0 4.14867E+04
 54.5 4.06824E+04
 55.0 3.98877E+04
 55.5 3.91024E+04
 56.0 3.83263E+04
 56.5 3.75592E+04
 57.0 3.68009E+04
 57.5 3.60511E+04
 58.0 8.92800E+04
 58.5 3.45766E+04
 59.0 3.38514E+04
 59.5 1.27460E+05
 60.0 3.24243E+04
 60.5 3.17220E+04
 61.0 3.10269E+04
 61.5 3.03389E+04
 62.0 2.96577E+04
 62.5 2.89833E+04
 63.0 2.83154E+04
 63.5 2.76539E+04
 64.0 2.69986E+04
 64.5 2.63493E+04
 65.0 2.57060E+04
 65.5 2.50685E+04
 66.0 2.44366E+04
 66.5 2.38102E+04
 67.0 5.43771E+04
 67.5 2.25733E+04
 68.0 2.19627E+04
 68.5 2.13570E+04
 69.0 2.89672E+04
 69.5 1.98259E+04
 70.0 1.76299E+04
 70.5 1.71742E+04
 71.0 1.67165E+04
 71.5 1.62571E+04
 72.0 1.57960E+04
 72.5 1.53334E+04
 73.0 1.48694E+04
 73.5 1.44042E+04
 74.0 1.39378E+04
 74.5 1.34704E+04
 75.0 1.30022E+04
 75.5 1.25332E+04
 76.0 1.20635E+04
 76.5 1.15934E+04
 77.0 1.11229E+04
 77.5 1.06521E+04
 78.0 1.01811E+04
 78.5 9.71012E+03
 79.0 9.23919E+03
 79.5 8.76845E+03
 80.0 8.29800E+03
 80.5 7.82795E+03
 81.0 7.35841E+03
 81.5 6.88950E+03
 82.0 6.42131E+03
 82.5 5.95395E+03
 83.0 5.48752E+03
 83.5 5.02213E+03
 84.0 4.55789E+03
 84.5 4.09488E+03
 85.0 3.63322E+03
 85.5 3.17300E+03
 86.0 2.71432E+03
 86.5 2.25729E+03
 87.0 1.80199E+03
 87.5 1.34852E+03
 88.0 8.96986E+02
 88.5 4.47478E+02
 89.0 3.72373E+01
