089K13D0W2
  0.5 0.00000E+00
  1.0 0.00000E+00
  1.5 0.00000E+00
  2.0 0.00000E+00
  2.5 0.00000E+00
  3.0 0.00000E+00
  3.5 2.65125E+04
  4.0 3.47001E+04
  4.5 4.32402E+04
  5.0 5.21259E+04
  5.5 6.13591E+04
  6.0 7.09485E+04
  6.5 8.09099E+04
  7.0 9.12699E+04
  7.5 1.02066E+05
  8.0 1.13341E+05
  8.5 1.66786E+06
  9.0 1.37356E+05
  9.5 1.29106E+06
 10.0 1.07814E+06
 10.5 6.25482E+04
 11.0 6.70794E+04
 11.5 1.78332E+05
 12.0 5.11814E+04
 12.5 4.75120E+04
 13.0 5.03134E+04
 13.5 5.31519E+04
 14.0 5.60255E+04
 14.5 5.89296E+04
 15.0 6.18570E+04
 15.5 6.47968E+04
 16.0 6.77347E+04
 16.5 7.06531E+04
 17.0 7.35317E+04
 17.5 7.63485E+04
 18.0 7.90808E+04
 18.5 8.17061E+04
 19.0 8.42032E+04
 19.5 8.65529E+04
 20.0 8.87387E+04
 20.5 9.07470E+04
 21.0 9.25673E+04
 21.5 9.41926E+04
 22.0 9.56189E+04
 22.5 9.68450E+04
 23.0 9.78723E+04
 23.5 9.87045E+04
 24.0 9.93474E+04
 24.5 9.98079E+04
 25.0 1.00095E+05
 25.5 1.00217E+05
 26.0 1.00184E+05
 26.5 1.00007E+05
 27.0 9.96968E+04
 27.5 9.92631E+04
 28.0 9.87165E+04
 28.5 9.80671E+04
 29.0 9.73249E+04
 29.5 9.64992E+04
 30.0 9.55988E+04
 30.5 9.46323E+04
 31.0 9.36074E+04
 31.5 9.25317E+04
 32.0 9.14119E+04
 32.5 9.02544E+04
 33.0 8.90650E+04
 33.5 8.78492E+04
 34.0 8.66118E+04
 34.5 8.53573E+04
 35.0 8.40898E+04
 35.5 8.28128E+04
 36.0 8.15298E+04
 36.5 8.02438E+04
 37.0 7.89573E+04
 37.5 7.76728E+04
 38.0 7.63923E+04
 38.5 7.51177E+04
 39.0 7.38506E+04
 39.5 7.25925E+04
 40.0 7.13447E+04
 40.5 7.01081E+04
 41.0 6.88837E+04
 41.5 6.76723E+04
 42.0 6.64745E+04
 42.5 6.52909E+04
 43.0 6.41218E+04
 43.5 6.29677E+04
 44.0 6.18288E+04
 44.5 6.07052E+04
 45.0 5.95970E+04
 45.5 5.85044E+04
 46.0 5.74273E+04
 46.5 5.63657E+04
 47.0 5.53194E+04
 47.5 5.42885E+04
 48.0 5.32726E+04
 48.5 5.22717E+04
 49.0 5.12854E+04
 49.5 5.03137E+04
 50.0 4.93563E+04
 50.5 4.84129E+04
 51.0 4.74832E+04
 51.5 4.65670E+04
 52.0 4.56640E+04
 52.5 4.47739E+04
 53.0 4.38965E+04
 53.5 4.30313E+04
 54.0 4.21782E+04
 54.5 4.13368E+04
 55.0 4.05069E+04
 55.5 3.96881E+04
 56.0 3.88802E+04
 56.5 3.80829E+04
 57.0 3.72959E+04
 57.5 3.65189E+04
 58.0 9.07116E+04
 58.5 3.49939E+04
 59.0 3.42454E+04
 59.5 1.29460E+05
 60.0 3.27750E+04
 60.5 3.20527E+04
 61.0 3.13386E+04
 61.5 3.06325E+04
 62.0 2.99342E+04
 62.5 2.92435E+04
 63.0 2.85602E+04
 63.5 2.78840E+04
 64.0 2.72148E+04
 64.5 2.65524E+04
 65.0 2.58966E+04
 65.5 2.52471E+04
 66.0 2.46040E+04
 66.5 2.39669E+04
 67.0 5.49130E+04
 67.5 2.27104E+04
 68.0 2.20907E+04
 68.5 2.14765E+04
 69.0 2.91733E+04
 69.5 1.99775E+04
 70.0 1.80053E+04
 70.5 1.75249E+04
 71.0 1.70437E+04
 71.5 1.65619E+04
 72.0 1.60795E+04
 72.5 1.55965E+04
 73.0 1.51132E+04
 73.5 1.46297E+04
 74.0 1.41459E+04
 74.5 1.36621E+04
 75.0 1.31783E+04
 75.5 1.26945E+04
 76.0 1.22110E+04
 76.5 1.17278E+04
 77.0 1.12450E+04
 77.5 1.07626E+04
 78.0 1.02808E+04
 78.5 9.79968E+03
 79.0 9.31929E+03
 79.5 8.83973E+03
 80.0 8.36110E+03
 80.5 7.88347E+03
 81.0 7.40694E+03
 81.5 6.93159E+03
 82.0 6.45750E+03
 82.5 5.98476E+03
 83.0 5.51346E+03
 83.5 5.04368E+03
 84.0 4.57551E+03
 84.5 4.10902E+03
 85.0 3.64429E+03
 85.5 3.18143E+03
 86.0 2.72049E+03
 86.5 2.26157E+03
 87.0 1.80475E+03
 87.5 1.35012E+03
 88.0 8.97741E+02
 88.5 4.47710E+02
 89.0 3.72494E+01
