089K10D0W2
  0.5 0.00000E+00
  1.0 0.00000E+00
  1.5 0.00000E+00
  2.0 0.00000E+00
  2.5 0.00000E+00
  3.0 0.00000E+00
  3.5 1.88463E+04
  4.0 2.51807E+04
  4.5 3.17629E+04
  5.0 3.85750E+04
  5.5 4.56105E+04
  6.0 5.28682E+04
  6.5 6.03500E+04
  7.0 6.80616E+04
  7.5 7.60134E+04
  8.0 8.42214E+04
  8.5 9.36229E+05
  9.0 1.01483E+05
  9.5 8.53620E+05
 10.0 7.14525E+05
 10.5 4.66821E+04
 11.0 5.00256E+04
 11.5 1.05167E+05
 12.0 3.82301E+04
 12.5 3.55004E+04
 13.0 3.75824E+04
 13.5 3.96830E+04
 14.0 4.18021E+04
 14.5 4.39388E+04
 15.0 4.60922E+04
 15.5 4.82600E+04
 16.0 5.04391E+04
 16.5 5.26246E+04
 17.0 5.48098E+04
 17.5 5.69864E+04
 18.0 5.91445E+04
 18.5 6.12725E+04
 19.0 6.33580E+04
 19.5 6.53879E+04
 20.0 6.73493E+04
 20.5 6.92292E+04
 21.0 7.10159E+04
 21.5 7.26987E+04
 22.0 7.42682E+04
 22.5 7.57169E+04
 23.0 7.70389E+04
 23.5 7.82298E+04
 24.0 7.92873E+04
 24.5 8.02103E+04
 25.0 8.09995E+04
 25.5 8.16564E+04
 26.0 8.21842E+04
 26.5 8.25866E+04
 27.0 8.28684E+04
 27.5 8.30347E+04
 28.0 8.30913E+04
 28.5 8.30444E+04
 29.0 8.29001E+04
 29.5 8.26649E+04
 30.0 8.23452E+04
 30.5 8.19473E+04
 31.0 8.14774E+04
 31.5 8.09416E+04
 32.0 8.03457E+04
 32.5 7.96954E+04
 33.0 7.89958E+04
 33.5 7.82522E+04
 34.0 7.74693E+04
 34.5 7.66514E+04
 35.0 7.58029E+04
 35.5 7.49275E+04
 36.0 7.40290E+04
 36.5 7.31106E+04
 37.0 7.21755E+04
 37.5 7.12265E+04
 38.0 7.02662E+04
 38.5 6.92969E+04
 39.0 6.83209E+04
 39.5 6.73400E+04
 40.0 6.63561E+04
 40.5 6.53709E+04
 41.0 6.43857E+04
 41.5 6.34018E+04
 42.0 6.24204E+04
 42.5 6.14425E+04
 43.0 6.04691E+04
 43.5 5.95009E+04
 44.0 5.85387E+04
 44.5 5.75831E+04
 45.0 5.66346E+04
 45.5 5.56937E+04
 46.0 5.47607E+04
 46.5 5.38361E+04
 47.0 5.29199E+04
 47.5 5.20126E+04
 48.0 5.11142E+04
 48.5 5.02248E+04
 49.0 4.93446E+04
 49.5 4.84737E+04
 50.0 4.76120E+04
 50.5 4.67595E+04
 51.0 4.59162E+04
 51.5 4.50821E+04
 52.0 4.42571E+04
 52.5 4.34412E+04
 53.0 4.26342E+04
 53.5 4.18359E+04
 54.0 4.10464E+04
 54.5 4.02655E+04
 55.0 3.94930E+04
 55.5 3.87288E+04
 56.0 3.79728E+04
 56.5 3.72248E+04
 57.0 3.64846E+04
 57.5 3.57521E+04
 58.0 8.83658E+04
 58.5 3.43096E+04
 59.0 3.35993E+04
 59.5 1.26181E+05
 60.0 3.21997E+04
 60.5 3.15101E+04
 61.0 3.08271E+04
 61.5 3.01506E+04
 62.0 2.94803E+04
 62.5 2.88163E+04
 63.0 2.81582E+04
 63.5 2.75061E+04
 64.0 2.68596E+04
 64.5 2.62188E+04
 65.0 2.55835E+04
 65.5 2.49536E+04
 66.0 2.43289E+04
 66.5 2.37093E+04
 67.0 5.40331E+04
 67.5 2.24851E+04
 68.0 2.18803E+04
 68.5 2.12801E+04
 69.0 2.88347E+04
 69.5 1.97289E+04
 70.0 1.73921E+04
 70.5 1.69518E+04
 71.0 1.65089E+04
 71.5 1.60635E+04
 72.0 1.56158E+04
 72.5 1.51660E+04
 73.0 1.47142E+04
 73.5 1.42605E+04
 74.0 1.38051E+04
 74.5 1.33481E+04
 75.0 1.28897E+04
 75.5 1.24301E+04
 76.0 1.19692E+04
 76.5 1.15074E+04
 77.0 1.10447E+04
 77.5 1.05813E+04
 78.0 1.01172E+04
 78.5 9.65267E+03
 79.0 9.18778E+03
 79.5 8.72267E+03
 80.0 8.25745E+03
 80.5 7.79225E+03
 81.0 7.32720E+03
 81.5 6.86241E+03
 82.0 6.39800E+03
 82.5 5.93409E+03
 83.0 5.47080E+03
 83.5 5.00824E+03
 84.0 4.54652E+03
 84.5 4.08576E+03
 85.0 3.62607E+03
 85.5 3.16756E+03
 86.0 2.71034E+03
 86.5 2.25452E+03
 87.0 1.80020E+03
 87.5 1.34749E+03
 88.0 8.96497E+02
 88.5 4.47328E+02
 89.0 3.72295E+01
