089K19D0W2
  0.5 0.00000E+00
  1.0 0.00000E+00
  1.5 0.00000E+00
  2.0 0.00000E+00
  2.5 0.00000E+00
  3.0 0.00000E+00
  3.5 4.27094E+04
  4.0 5.47712E+04
  4.5 6.74688E+04
  5.0 8.08222E+04
  5.5 9.48689E+04
  6.0 1.09672E+05
  6.5 1.25326E+05
  7.0 1.41943E+05
  7.5 1.59582E+05
  8.0 1.78154E+05
  8.5 3.13234E+06
  9.0 2.16705E+05
  9.5 2.03772E+06
 10.0 1.69972E+06
 10.5 9.71578E+04
 11.0 1.04454E+05
 11.5 3.39608E+05
 12.0 7.93054E+04
 12.5 7.35449E+04
 13.0 7.79970E+04
 13.5 8.25022E+04
 14.0 8.70302E+04
 14.5 9.15422E+04
 15.0 9.59933E+04
 15.5 1.00335E+05
 16.0 1.04518E+05
 16.5 1.08495E+05
 17.0 1.12223E+05
 17.5 1.15668E+05
 18.0 1.18799E+05
 18.5 1.21597E+05
 19.0 1.24048E+05
 19.5 1.26146E+05
 20.0 1.27891E+05
 20.5 1.29291E+05
 21.0 1.30355E+05
 21.5 1.31098E+05
 22.0 1.31537E+05
 22.5 1.31692E+05
 23.0 1.31583E+05
 23.5 1.31231E+05
 24.0 1.30657E+05
 24.5 1.29883E+05
 25.0 1.28929E+05
 25.5 1.27814E+05
 26.0 1.26557E+05
 26.5 1.25176E+05
 27.0 1.23687E+05
 27.5 1.22105E+05
 28.0 1.20445E+05
 28.5 1.18719E+05
 29.0 1.16939E+05
 29.5 1.15115E+05
 30.0 1.13257E+05
 30.5 1.11374E+05
 31.0 1.09474E+05
 31.5 1.07563E+05
 32.0 1.05647E+05
 32.5 1.03732E+05
 33.0 1.01823E+05
 33.5 9.99239E+04
 34.0 9.80379E+04
 34.5 9.61683E+04
 35.0 9.43178E+04
 35.5 9.24887E+04
 36.0 9.06830E+04
 36.5 8.89021E+04
 37.0 8.71475E+04
 37.5 8.54201E+04
 38.0 8.37208E+04
 38.5 8.20502E+04
 39.0 8.04087E+04
 39.5 7.87966E+04
 40.0 7.72141E+04
 40.5 7.56612E+04
 41.0 7.41377E+04
 41.5 7.26436E+04
 42.0 7.11785E+04
 42.5 6.97421E+04
 43.0 6.83341E+04
 43.5 6.69540E+04
 44.0 6.56013E+04
 44.5 6.42755E+04
 45.0 6.29762E+04
 45.5 6.17027E+04
 46.0 6.04544E+04
 46.5 5.92308E+04
 47.0 5.80312E+04
 47.5 5.68551E+04
 48.0 5.57019E+04
 48.5 5.45709E+04
 49.0 5.34615E+04
 49.5 5.23731E+04
 50.0 5.13052E+04
 50.5 5.02571E+04
 51.0 4.92282E+04
 51.5 4.82180E+04
 52.0 4.72259E+04
 52.5 4.62514E+04
 53.0 4.52939E+04
 53.5 4.43528E+04
 54.0 4.34278E+04
 54.5 4.25182E+04
 55.0 4.16236E+04
 55.5 4.07434E+04
 56.0 3.98773E+04
 56.5 3.90248E+04
 57.0 3.81854E+04
 57.5 3.73588E+04
 58.0 9.32860E+04
 58.5 3.57420E+04
 59.0 3.49511E+04
 59.5 1.33053E+05
 60.0 3.34023E+04
 60.5 3.26438E+04
 61.0 3.18954E+04
 61.5 3.11567E+04
 62.0 3.04275E+04
 62.5 2.97075E+04
 63.0 2.89964E+04
 63.5 2.82939E+04
 64.0 2.75997E+04
 64.5 2.69136E+04
 65.0 2.62354E+04
 65.5 2.55647E+04
 66.0 2.49014E+04
 66.5 2.42453E+04
 67.0 5.58684E+04
 67.5 2.29536E+04
 68.0 2.23177E+04
 68.5 2.16882E+04
 69.0 2.95395E+04
 69.5 2.02496E+04
 70.0 1.86897E+04
 70.5 1.81634E+04
 71.0 1.76385E+04
 71.5 1.71151E+04
 72.0 1.65932E+04
 72.5 1.60728E+04
 73.0 1.55540E+04
 73.5 1.50367E+04
 74.0 1.45211E+04
 74.5 1.40072E+04
 75.0 1.34949E+04
 75.5 1.29844E+04
 76.0 1.24756E+04
 76.5 1.19687E+04
 77.0 1.14635E+04
 77.5 1.09603E+04
 78.0 1.04589E+04
 78.5 9.95950E+03
 79.0 9.46208E+03
 79.5 8.96669E+03
 80.0 8.47338E+03
 80.5 7.98217E+03
 81.0 7.49312E+03
 81.5 7.00628E+03
 82.0 6.52168E+03
 82.5 6.03936E+03
 83.0 5.55939E+03
 83.5 5.08180E+03
 84.0 4.60665E+03
 84.5 4.13398E+03
 85.0 3.66384E+03
 85.5 3.19628E+03
 86.0 2.73136E+03
 86.5 2.26912E+03
 87.0 1.80963E+03
 87.5 1.35292E+03
 88.0 8.99069E+02
 88.5 4.48118E+02
 89.0 3.72706E+01
