089K21D0W2
  0.5 0.00000E+00
  1.0 0.00000E+00
  1.5 0.00000E+00
  2.0 0.00000E+00
  2.5 0.00000E+00
  3.0 0.00000E+00
  3.5 4.84077E+04
  4.0 6.18365E+04
  4.5 7.60175E+04
  5.0 9.09853E+04
  5.5 1.06800E+05
  6.0 1.23559E+05
  6.5 1.41402E+05
  7.0 1.60452E+05
  7.5 1.80703E+05
  8.0 2.01906E+05
  8.5 3.58202E+06
  9.0 2.44919E+05
  9.5 2.24853E+06
 10.0 1.87533E+06
 10.5 1.09735E+05
 11.0 1.18030E+05
 11.5 3.93096E+05
 12.0 8.94841E+04
 12.5 8.29525E+04
 13.0 8.79998E+04
 13.5 9.30811E+04
 14.0 9.81490E+04
 14.5 1.03148E+05
 15.0 1.08017E+05
 15.5 1.12698E+05
 16.0 1.17133E+05
 16.5 1.21271E+05
 17.0 1.25071E+05
 17.5 1.28500E+05
 18.0 1.31536E+05
 18.5 1.34165E+05
 19.0 1.36383E+05
 19.5 1.38193E+05
 20.0 1.39606E+05
 20.5 1.40638E+05
 21.0 1.41306E+05
 21.5 1.41633E+05
 22.0 1.41644E+05
 22.5 1.41363E+05
 23.0 1.40817E+05
 23.5 1.40030E+05
 24.0 1.39027E+05
 24.5 1.37833E+05
 25.0 1.36469E+05
 25.5 1.34958E+05
 26.0 1.33319E+05
 26.5 1.31570E+05
 27.0 1.29729E+05
 27.5 1.27811E+05
 28.0 1.25831E+05
 28.5 1.23800E+05
 29.0 1.21730E+05
 29.5 1.19633E+05
 30.0 1.17516E+05
 30.5 1.15388E+05
 31.0 1.13256E+05
 31.5 1.11126E+05
 32.0 1.09005E+05
 32.5 1.06896E+05
 33.0 1.04804E+05
 33.5 1.02732E+05
 34.0 1.00684E+05
 34.5 9.86620E+04
 35.0 9.66680E+04
 35.5 9.47040E+04
 36.0 9.27712E+04
 36.5 9.08710E+04
 37.0 8.90039E+04
 37.5 8.71709E+04
 38.0 8.53721E+04
 38.5 8.36079E+04
 39.0 8.18784E+04
 39.5 8.01835E+04
 40.0 7.85230E+04
 40.5 7.68966E+04
 41.0 7.53040E+04
 41.5 7.37447E+04
 42.0 7.22183E+04
 42.5 7.07241E+04
 43.0 6.92616E+04
 43.5 6.78302E+04
 44.0 6.64291E+04
 44.5 6.50577E+04
 45.0 6.37153E+04
 45.5 6.24011E+04
 46.0 6.11145E+04
 46.5 5.98547E+04
 47.0 5.86209E+04
 47.5 5.74125E+04
 48.0 5.62288E+04
 48.5 5.50690E+04
 49.0 5.39323E+04
 49.5 5.28182E+04
 50.0 5.17259E+04
 50.5 5.06548E+04
 51.0 4.96041E+04
 51.5 4.85734E+04
 52.0 4.75618E+04
 52.5 4.65688E+04
 53.0 4.55939E+04
 53.5 4.46363E+04
 54.0 4.36956E+04
 54.5 4.27712E+04
 55.0 4.18625E+04
 55.5 4.09691E+04
 56.0 4.00904E+04
 56.5 3.92259E+04
 57.0 3.83753E+04
 57.5 3.75379E+04
 58.0 9.38356E+04
 58.5 3.59013E+04
 59.0 3.51013E+04
 59.5 1.33820E+05
 60.0 3.35357E+04
 60.5 3.27694E+04
 61.0 3.20136E+04
 61.5 3.12680E+04
 62.0 3.05322E+04
 62.5 2.98060E+04
 63.0 2.90889E+04
 63.5 2.83808E+04
 64.0 2.76813E+04
 64.5 2.69902E+04
 65.0 2.63071E+04
 65.5 2.56319E+04
 66.0 2.49643E+04
 66.5 2.43042E+04
 67.0 5.60711E+04
 67.5 2.30050E+04
 68.0 2.23657E+04
 68.5 2.17329E+04
 69.0 2.96170E+04
 69.5 2.03076E+04
 70.0 1.88374E+04
 70.5 1.83010E+04
 71.0 1.77665E+04
 71.5 1.72340E+04
 72.0 1.67035E+04
 72.5 1.61750E+04
 73.0 1.56484E+04
 73.5 1.51239E+04
 74.0 1.46014E+04
 74.5 1.40809E+04
 75.0 1.35625E+04
 75.5 1.30462E+04
 76.0 1.25320E+04
 76.5 1.20199E+04
 77.0 1.15100E+04
 77.5 1.10023E+04
 78.0 1.04967E+04
 78.5 9.99342E+03
 79.0 9.49237E+03
 79.5 8.99360E+03
 80.0 8.49715E+03
 80.5 8.00306E+03
 81.0 7.51135E+03
 81.5 7.02206E+03
 82.0 6.53523E+03
 82.5 6.05089E+03
 83.0 5.56908E+03
 83.5 5.08984E+03
 84.0 4.61321E+03
 84.5 4.13923E+03
 85.0 3.66795E+03
 85.5 3.19940E+03
 86.0 2.73364E+03
 86.5 2.27071E+03
 87.0 1.81065E+03
 87.5 1.35351E+03
 88.0 8.99348E+02
 88.5 4.48203E+02
 89.0 3.72751E+01
