089K22D0W2
  0.5 0.00000E+00
  1.0 0.00000E+00
  1.5 0.00000E+00
  2.0 0.00000E+00
  2.5 0.00000E+00
  3.0 0.00000E+00
  3.5 5.13228E+04
  4.0 6.54529E+04
  4.5 8.03982E+04
  5.0 9.62020E+04
  5.5 1.12939E+05
  6.0 1.30728E+05
  6.5 1.49730E+05
  7.0 1.70064E+05
  7.5 1.91667E+05
  8.0 2.14186E+05
  8.5 3.79808E+06
  9.0 2.59261E+05
  9.5 2.34775E+06
 10.0 1.95799E+06
 10.5 1.16243E+05
 11.0 1.25039E+05
 11.5 4.19487E+05
 12.0 9.47425E+04
 12.5 8.78107E+04
 13.0 9.31579E+04
 13.5 9.85226E+04
 14.0 1.03848E+05
 14.5 1.09070E+05
 15.0 1.14122E+05
 15.5 1.18939E+05
 16.0 1.23463E+05
 16.5 1.27643E+05
 17.0 1.31439E+05
 17.5 1.34821E+05
 18.0 1.37771E+05
 18.5 1.40281E+05
 19.0 1.42351E+05
 19.5 1.43991E+05
 20.0 1.45215E+05
 20.5 1.46043E+05
 21.0 1.46498E+05
 21.5 1.46606E+05
 22.0 1.46394E+05
 22.5 1.45891E+05
 23.0 1.45123E+05
 23.5 1.44119E+05
 24.0 1.42904E+05
 24.5 1.41503E+05
 25.0 1.39941E+05
 25.5 1.38238E+05
 26.0 1.36415E+05
 26.5 1.34491E+05
 27.0 1.32483E+05
 27.5 1.30406E+05
 28.0 1.28274E+05
 28.5 1.26101E+05
 29.0 1.23896E+05
 29.5 1.21671E+05
 30.0 1.19434E+05
 30.5 1.17193E+05
 31.0 1.14954E+05
 31.5 1.12724E+05
 32.0 1.10508E+05
 32.5 1.08311E+05
 33.0 1.06135E+05
 33.5 1.03985E+05
 34.0 1.01864E+05
 34.5 9.97724E+04
 35.0 9.77135E+04
 35.5 9.56884E+04
 36.0 9.36985E+04
 36.5 9.17444E+04
 37.0 8.98268E+04
 37.5 8.79463E+04
 38.0 8.61030E+04
 38.5 8.42969E+04
 39.0 8.25280E+04
 39.5 8.07961E+04
 40.0 7.91007E+04
 40.5 7.74416E+04
 41.0 7.58182E+04
 41.5 7.42300E+04
 42.0 7.26763E+04
 42.5 7.11564E+04
 43.0 6.96698E+04
 43.5 6.82156E+04
 44.0 6.67930E+04
 44.5 6.54014E+04
 45.0 6.40399E+04
 45.5 6.27078E+04
 46.0 6.14042E+04
 46.5 6.01284E+04
 47.0 5.88796E+04
 47.5 5.76569E+04
 48.0 5.64598E+04
 48.5 5.52872E+04
 49.0 5.41386E+04
 49.5 5.30132E+04
 50.0 5.19102E+04
 50.5 5.08289E+04
 51.0 4.97687E+04
 51.5 4.87288E+04
 52.0 4.77087E+04
 52.5 4.67076E+04
 53.0 4.57250E+04
 53.5 4.47602E+04
 54.0 4.38126E+04
 54.5 4.28817E+04
 55.0 4.19669E+04
 55.5 4.10676E+04
 56.0 4.01834E+04
 56.5 3.93138E+04
 57.0 3.84581E+04
 57.5 3.76161E+04
 58.0 9.40755E+04
 58.5 3.59709E+04
 59.0 3.51668E+04
 59.5 1.34154E+05
 60.0 3.35939E+04
 60.5 3.28242E+04
 61.0 3.20652E+04
 61.5 3.13165E+04
 62.0 3.05779E+04
 62.5 2.98489E+04
 63.0 2.91292E+04
 63.5 2.84187E+04
 64.0 2.77168E+04
 64.5 2.70235E+04
 65.0 2.63384E+04
 65.5 2.56612E+04
 66.0 2.49918E+04
 66.5 2.43298E+04
 67.0 5.61594E+04
 67.5 2.30274E+04
 68.0 2.23866E+04
 68.5 2.17524E+04
 69.0 2.96508E+04
 69.5 2.03329E+04
 70.0 1.89021E+04
 70.5 1.83612E+04
 71.0 1.78226E+04
 71.5 1.72861E+04
 72.0 1.67518E+04
 72.5 1.62196E+04
 73.0 1.56897E+04
 73.5 1.51620E+04
 74.0 1.46364E+04
 74.5 1.41131E+04
 75.0 1.35920E+04
 75.5 1.30732E+04
 76.0 1.25566E+04
 76.5 1.20423E+04
 77.0 1.15303E+04
 77.5 1.10206E+04
 78.0 1.05132E+04
 78.5 1.00082E+04
 79.0 9.50557E+03
 79.5 9.00533E+03
 80.0 8.50752E+03
 80.5 8.01216E+03
 81.0 7.51929E+03
 81.5 7.02894E+03
 82.0 6.54113E+03
 82.5 6.05591E+03
 83.0 5.57330E+03
 83.5 5.09334E+03
 84.0 4.61607E+03
 84.5 4.14152E+03
 85.0 3.66974E+03
 85.5 3.20076E+03
 86.0 2.73464E+03
 86.5 2.27140E+03
 87.0 1.81109E+03
 87.5 1.35377E+03
 88.0 8.99469E+02
 88.5 4.48240E+02
 89.0 3.72770E+01
