090K09D0W2
  0.5 0.00000E+00
  1.0 0.00000E+00
  1.5 0.00000E+00
  2.0 0.00000E+00
  2.5 0.00000E+00
  3.0 0.00000E+00
  3.5 1.61687E+04
  4.0 2.18433E+04
  4.5 2.77367E+04
  5.0 3.38260E+04
  5.5 4.01023E+04
  6.0 4.65622E+04
  6.5 5.32047E+04
  7.0 6.00318E+04
  7.5 6.70481E+04
  8.0 7.42620E+04
  8.5 6.92359E+05
  9.0 8.93355E+04
  9.5 6.91016E+05
 10.0 5.79505E+05
 10.5 4.12390E+04
 11.0 4.41970E+04
 11.5 8.19879E+04
 12.0 3.37968E+04
 12.5 3.13911E+04
 13.0 3.32400E+04
 13.5 3.51030E+04
 14.0 3.69798E+04
 14.5 3.88699E+04
 15.0 4.07729E+04
 15.5 4.26878E+04
 16.0 4.46130E+04
 16.5 4.65464E+04
 17.0 4.84844E+04
 17.5 5.04226E+04
 18.0 5.23550E+04
 18.5 5.42743E+04
 19.0 5.61723E+04
 19.5 5.80396E+04
 20.0 5.98662E+04
 20.5 6.16417E+04
 21.0 6.33559E+04
 21.5 6.49987E+04
 22.0 6.65610E+04
 22.5 6.80344E+04
 23.0 6.94116E+04
 23.5 7.06865E+04
 24.0 7.18546E+04
 24.5 7.29123E+04
 25.0 7.38575E+04
 25.5 7.46892E+04
 26.0 7.54078E+04
 26.5 7.60142E+04
 27.0 7.65108E+04
 27.5 7.69004E+04
 28.0 7.71864E+04
 28.5 7.73730E+04
 29.0 7.74645E+04
 29.5 7.74658E+04
 30.0 7.73817E+04
 30.5 7.72174E+04
 31.0 7.69781E+04
 31.5 7.66688E+04
 32.0 7.62945E+04
 32.5 7.58605E+04
 33.0 7.53713E+04
 33.5 7.48317E+04
 34.0 7.42462E+04
 34.5 7.36190E+04
 35.0 7.29543E+04
 35.5 7.22556E+04
 36.0 7.15269E+04
 36.5 7.07714E+04
 37.0 6.99922E+04
 37.5 6.91924E+04
 38.0 6.83747E+04
 38.5 6.75416E+04
 39.0 6.66954E+04
 39.5 6.58384E+04
 40.0 6.49725E+04
 40.5 6.40995E+04
 41.0 6.32211E+04
 41.5 6.23388E+04
 42.0 6.14540E+04
 42.5 6.05680E+04
 43.0 5.96818E+04
 43.5 5.87964E+04
 44.0 5.79129E+04
 44.5 5.70319E+04
 45.0 5.61542E+04
 45.5 5.52805E+04
 46.0 5.44114E+04
 46.5 5.35473E+04
 47.0 5.26886E+04
 47.5 5.18357E+04
 48.0 5.09891E+04
 48.5 5.01488E+04
 49.0 4.93152E+04
 49.5 4.84885E+04
 50.0 4.76687E+04
 50.5 4.68561E+04
 51.0 4.60507E+04
 51.5 4.52526E+04
 52.0 4.44617E+04
 52.5 4.36783E+04
 53.0 4.29021E+04
 53.5 4.21332E+04
 54.0 4.13716E+04
 54.5 4.06172E+04
 55.0 3.98700E+04
 55.5 3.91298E+04
 56.0 3.83967E+04
 56.5 3.76705E+04
 57.0 3.69511E+04
 57.5 3.62385E+04
 58.0 9.22214E+04
 58.5 3.48329E+04
 59.0 3.41398E+04
 59.5 1.32722E+05
 60.0 3.27724E+04
 60.5 3.20978E+04
 61.0 3.14292E+04
 61.5 3.07664E+04
 62.0 3.01093E+04
 62.5 2.94578E+04
 63.0 2.88118E+04
 63.5 2.81712E+04
 64.0 2.75359E+04
 64.5 2.69057E+04
 65.0 2.62806E+04
 65.5 2.56604E+04
 66.0 2.50451E+04
 66.5 2.44345E+04
 67.0 5.69366E+04
 67.5 2.32273E+04
 68.0 2.26304E+04
 68.5 2.20380E+04
 69.0 3.01811E+04
 69.5 2.04264E+04
 70.0 1.77335E+04
 70.5 1.73213E+04
 71.0 1.69055E+04
 71.5 1.64864E+04
 72.0 1.60641E+04
 72.5 1.56388E+04
 73.0 1.52106E+04
 73.5 1.47797E+04
 74.0 1.43463E+04
 74.5 1.39105E+04
 75.0 1.34725E+04
 75.5 1.30324E+04
 76.0 1.25904E+04
 76.5 1.21466E+04
 77.0 1.17012E+04
 77.5 1.12544E+04
 78.0 1.08062E+04
 78.5 1.03569E+04
 79.0 9.90648E+03
 79.5 9.45519E+03
 80.0 9.00315E+03
 80.5 8.55048E+03
 81.0 8.09732E+03
 81.5 7.64380E+03
 82.0 7.19006E+03
 82.5 6.73622E+03
 83.0 6.28240E+03
 83.5 5.82875E+03
 84.0 5.37537E+03
 84.5 4.92240E+03
 85.0 4.46995E+03
 85.5 4.01814E+03
 86.0 3.56710E+03
 86.5 3.11694E+03
 87.0 2.66777E+03
 87.5 2.21972E+03
 88.0 1.77289E+03
 88.5 1.32741E+03
 89.0 8.83365E+02
 89.5 4.40885E+02
 90.0 3.66987E+01
