090K06D0W2
  0.5 0.00000E+00
  1.0 0.00000E+00
  1.5 0.00000E+00
  2.0 0.00000E+00
  2.5 0.00000E+00
  3.0 0.00000E+00
  3.5 8.99119E+03
  4.0 1.28230E+04
  4.5 1.68192E+04
  5.0 2.09361E+04
  5.5 2.51551E+04
  6.0 2.94673E+04
  6.5 3.38677E+04
  7.0 3.83530E+04
  7.5 4.29209E+04
  8.0 4.75702E+04
  8.5 1.92927E+05
  9.0 5.71126E+04
  9.5 2.71182E+05
 10.0 2.30761E+05
 10.5 2.64126E+04
 11.0 2.83415E+04
 11.5 3.52848E+04
 12.0 2.16509E+04
 12.5 2.01085E+04
 13.0 2.13222E+04
 13.5 2.25395E+04
 14.0 2.37600E+04
 14.5 2.49832E+04
 15.0 2.62089E+04
 15.5 2.74365E+04
 16.0 2.86656E+04
 16.5 2.98959E+04
 17.0 3.11267E+04
 17.5 3.23576E+04
 18.0 3.35878E+04
 18.5 3.48164E+04
 19.0 3.60424E+04
 19.5 3.72643E+04
 20.0 3.84803E+04
 20.5 3.96883E+04
 21.0 4.08856E+04
 21.5 4.20692E+04
 22.0 4.32358E+04
 22.5 4.43816E+04
 23.0 4.55028E+04
 23.5 4.65951E+04
 24.0 4.76546E+04
 24.5 4.86770E+04
 25.0 4.96585E+04
 25.5 5.05954E+04
 26.0 5.14843E+04
 26.5 5.23221E+04
 27.0 5.31063E+04
 27.5 5.38348E+04
 28.0 5.45058E+04
 28.5 5.51181E+04
 29.0 5.56710E+04
 29.5 5.61640E+04
 30.0 5.65973E+04
 30.5 5.69713E+04
 31.0 5.72867E+04
 31.5 5.75447E+04
 32.0 5.77466E+04
 32.5 5.78938E+04
 33.0 5.79883E+04
 33.5 5.80320E+04
 34.0 5.80267E+04
 34.5 5.79747E+04
 35.0 5.78781E+04
 35.5 5.77392E+04
 36.0 5.75603E+04
 36.5 5.73434E+04
 37.0 5.70908E+04
 37.5 5.68048E+04
 38.0 5.64874E+04
 38.5 5.61407E+04
 39.0 5.57668E+04
 39.5 5.53675E+04
 40.0 5.49447E+04
 40.5 5.45002E+04
 41.0 5.40357E+04
 41.5 5.35529E+04
 42.0 5.30532E+04
 42.5 5.25381E+04
 43.0 5.20090E+04
 43.5 5.14671E+04
 44.0 5.09138E+04
 44.5 5.03501E+04
 45.0 4.97771E+04
 45.5 4.91958E+04
 46.0 4.86071E+04
 46.5 4.80119E+04
 47.0 4.74111E+04
 47.5 4.68053E+04
 48.0 4.61952E+04
 48.5 4.55816E+04
 49.0 4.49649E+04
 49.5 4.43457E+04
 50.0 4.37246E+04
 50.5 4.31020E+04
 51.0 4.24783E+04
 51.5 4.18539E+04
 52.0 4.12292E+04
 52.5 4.06045E+04
 53.0 3.99800E+04
 53.5 3.93561E+04
 54.0 3.87330E+04
 54.5 3.81109E+04
 55.0 3.74900E+04
 55.5 3.68705E+04
 56.0 3.62525E+04
 56.5 3.56363E+04
 57.0 3.50218E+04
 57.5 3.44093E+04
 58.0 8.63809E+04
 58.5 3.31905E+04
 59.0 3.25844E+04
 59.5 1.24460E+05
 60.0 3.13790E+04
 60.5 3.07799E+04
 61.0 3.01831E+04
 61.5 2.95889E+04
 62.0 2.89971E+04
 62.5 2.84078E+04
 63.0 2.78211E+04
 63.5 2.72370E+04
 64.0 2.66554E+04
 64.5 2.60764E+04
 65.0 2.55000E+04
 65.5 2.49261E+04
 66.0 2.43549E+04
 66.5 2.37862E+04
 67.0 5.46715E+04
 67.5 2.26567E+04
 68.0 2.20958E+04
 68.5 2.15375E+04
 69.0 2.93081E+04
 69.5 1.98106E+04
 70.0 1.62840E+04
 70.5 1.59574E+04
 71.0 1.56240E+04
 71.5 1.52841E+04
 72.0 1.49378E+04
 72.5 1.45855E+04
 73.0 1.42273E+04
 73.5 1.38634E+04
 74.0 1.34940E+04
 74.5 1.31194E+04
 75.0 1.27398E+04
 75.5 1.23553E+04
 76.0 1.19662E+04
 76.5 1.15728E+04
 77.0 1.11751E+04
 77.5 1.07734E+04
 78.0 1.03679E+04
 78.5 9.95888E+03
 79.0 9.54646E+03
 79.5 9.13085E+03
 80.0 8.71226E+03
 80.5 8.29088E+03
 81.0 7.86691E+03
 81.5 7.44054E+03
 82.0 7.01196E+03
 82.5 6.58135E+03
 83.0 6.14890E+03
 83.5 5.71480E+03
 84.0 5.27922E+03
 84.5 4.84235E+03
 85.0 4.40435E+03
 85.5 3.96541E+03
 86.0 3.52570E+03
 86.5 3.08538E+03
 87.0 2.64462E+03
 87.5 2.20360E+03
 88.0 1.76246E+03
 88.5 1.32138E+03
 89.0 8.80508E+02
 89.5 4.40007E+02
 90.0 3.66529E+01
