090K10D0W2
  0.5 0.00000E+00
  1.0 0.00000E+00
  1.5 0.00000E+00
  2.0 0.00000E+00
  2.5 0.00000E+00
  3.0 0.00000E+00
  3.5 1.86385E+04
  4.0 2.49210E+04
  4.5 3.14502E+04
  5.0 3.82076E+04
  5.5 4.51869E+04
  6.0 5.23864E+04
  6.5 5.98079E+04
  7.0 6.74564E+04
  7.5 7.53418E+04
  8.0 8.34794E+04
  8.5 9.11908E+05
  9.0 1.00587E+05
  9.5 8.41721E+05
 10.0 7.04661E+05
 10.5 4.63186E+04
 11.0 4.96416E+04
 11.5 1.02852E+05
 12.0 3.79525E+04
 12.5 3.52491E+04
 13.0 3.73217E+04
 13.5 3.94132E+04
 14.0 4.15235E+04
 14.5 4.36520E+04
 15.0 4.57978E+04
 15.5 4.79590E+04
 16.0 5.01326E+04
 16.5 5.23142E+04
 17.0 5.44978E+04
 17.5 5.66756E+04
 18.0 5.88379E+04
 18.5 6.09738E+04
 19.0 6.30713E+04
 19.5 6.51174E+04
 20.0 6.70993E+04
 20.5 6.90042E+04
 21.0 7.08201E+04
 21.5 7.25359E+04
 22.0 7.41422E+04
 22.5 7.56308E+04
 23.0 7.69953E+04
 23.5 7.82309E+04
 24.0 7.93348E+04
 24.5 8.03054E+04
 25.0 8.11428E+04
 25.5 8.18481E+04
 26.0 8.24241E+04
 26.5 8.28741E+04
 27.0 8.32024E+04
 27.5 8.34141E+04
 28.0 8.35147E+04
 28.5 8.35100E+04
 29.0 8.34061E+04
 29.5 8.32094E+04
 30.0 8.29261E+04
 30.5 8.25625E+04
 31.0 8.21248E+04
 31.5 8.16192E+04
 32.0 8.10513E+04
 32.5 8.04269E+04
 33.0 7.97513E+04
 33.5 7.90296E+04
 34.0 7.82668E+04
 34.5 7.74672E+04
 35.0 7.66352E+04
 35.5 7.57747E+04
 36.0 7.48896E+04
 36.5 7.39831E+04
 37.0 7.30585E+04
 37.5 7.21186E+04
 38.0 7.11663E+04
 38.5 7.02039E+04
 39.0 6.92337E+04
 39.5 6.82577E+04
 40.0 6.72778E+04
 40.5 6.62957E+04
 41.0 6.53129E+04
 41.5 6.43308E+04
 42.0 6.33505E+04
 42.5 6.23732E+04
 43.0 6.13999E+04
 43.5 6.04313E+04
 44.0 5.94684E+04
 44.5 5.85116E+04
 45.0 5.75617E+04
 45.5 5.66191E+04
 46.0 5.56842E+04
 46.5 5.47573E+04
 47.0 5.38389E+04
 47.5 5.29291E+04
 48.0 5.20282E+04
 48.5 5.11362E+04
 49.0 5.02533E+04
 49.5 4.93796E+04
 50.0 4.85152E+04
 50.5 4.76599E+04
 51.0 4.68139E+04
 51.5 4.59771E+04
 52.0 4.51495E+04
 52.5 4.43309E+04
 53.0 4.35213E+04
 53.5 4.27206E+04
 54.0 4.19288E+04
 54.5 4.11455E+04
 55.0 4.03708E+04
 55.5 3.96045E+04
 56.0 3.88465E+04
 56.5 3.80966E+04
 57.0 3.73546E+04
 57.5 3.66205E+04
 58.0 9.34453E+04
 58.5 3.51750E+04
 59.0 3.44634E+04
 59.5 1.34450E+05
 60.0 3.30615E+04
 60.5 3.23710E+04
 61.0 3.16871E+04
 61.5 3.10099E+04
 62.0 3.03391E+04
 62.5 2.96745E+04
 63.0 2.90161E+04
 63.5 2.83636E+04
 64.0 2.77171E+04
 64.5 2.70762E+04
 65.0 2.64409E+04
 65.5 2.58111E+04
 66.0 2.51866E+04
 66.5 2.45674E+04
 67.0 5.74041E+04
 67.5 2.33440E+04
 68.0 2.27398E+04
 68.5 2.21402E+04
 69.0 3.03603E+04
 69.5 2.05548E+04
 70.0 1.80446E+04
 70.5 1.76133E+04
 71.0 1.71792E+04
 71.5 1.67426E+04
 72.0 1.63035E+04
 72.5 1.58621E+04
 73.0 1.54186E+04
 73.5 1.49731E+04
 74.0 1.45258E+04
 74.5 1.40768E+04
 75.0 1.36262E+04
 75.5 1.31741E+04
 76.0 1.27208E+04
 76.5 1.22663E+04
 77.0 1.18107E+04
 77.5 1.13543E+04
 78.0 1.08971E+04
 78.5 1.04392E+04
 79.0 9.98088E+03
 79.5 9.52211E+03
 80.0 9.06306E+03
 80.5 8.60386E+03
 81.0 8.14463E+03
 81.5 7.68547E+03
 82.0 7.22652E+03
 82.5 6.76787E+03
 83.0 6.30966E+03
 83.5 5.85198E+03
 84.0 5.39494E+03
 84.5 4.93867E+03
 85.0 4.48326E+03
 85.5 4.02883E+03
 86.0 3.57549E+03
 86.5 3.12332E+03
 87.0 2.67245E+03
 87.5 2.22298E+03
 88.0 1.77500E+03
 88.5 1.32862E+03
 89.0 8.83940E+02
 89.5 4.41062E+02
 90.0 3.67080E+01
