090K18D0W2
  0.5 0.00000E+00
  1.0 0.00000E+00
  1.5 0.00000E+00
  2.0 0.00000E+00
  2.5 0.00000E+00
  3.0 0.00000E+00
  3.5 3.95159E+04
  4.0 5.08138E+04
  4.5 6.26875E+04
  5.0 7.51501E+04
  5.5 8.82290E+04
  6.0 1.01970E+05
  6.5 1.16447E+05
  7.0 1.31754E+05
  7.5 1.47968E+05
  8.0 1.65073E+05
  8.5 2.87821E+06
  9.0 2.01035E+05
  9.5 1.92428E+06
 10.0 1.60516E+06
 10.5 9.03195E+04
 11.0 9.70767E+04
 11.5 3.09423E+05
 12.0 7.38053E+04
 12.5 6.84726E+04
 13.0 7.26109E+04
 13.5 7.68096E+04
 14.0 8.10476E+04
 14.5 8.52961E+04
 15.0 8.95195E+04
 15.5 9.36772E+04
 16.0 9.77259E+04
 16.5 1.01622E+05
 17.0 1.05325E+05
 17.5 1.08797E+05
 18.0 1.12007E+05
 18.5 1.14931E+05
 19.0 1.17548E+05
 19.5 1.19849E+05
 20.0 1.21827E+05
 20.5 1.23483E+05
 21.0 1.24821E+05
 21.5 1.25852E+05
 22.0 1.26588E+05
 22.5 1.27043E+05
 23.0 1.27234E+05
 23.5 1.27180E+05
 24.0 1.26900E+05
 24.5 1.26411E+05
 25.0 1.25734E+05
 25.5 1.24885E+05
 26.0 1.23884E+05
 26.5 1.22747E+05
 27.0 1.21490E+05
 27.5 1.20129E+05
 28.0 1.18676E+05
 28.5 1.17146E+05
 29.0 1.15550E+05
 29.5 1.13898E+05
 30.0 1.12202E+05
 30.5 1.10470E+05
 31.0 1.08710E+05
 31.5 1.06930E+05
 32.0 1.05136E+05
 32.5 1.03335E+05
 33.0 1.01530E+05
 33.5 9.97281E+04
 34.0 9.79318E+04
 34.5 9.61452E+04
 35.0 9.43714E+04
 35.5 9.26130E+04
 36.0 9.08724E+04
 36.5 8.91515E+04
 37.0 8.74520E+04
 37.5 8.57753E+04
 38.0 8.41225E+04
 38.5 8.24945E+04
 39.0 8.08921E+04
 39.5 7.93158E+04
 40.0 7.77660E+04
 40.5 7.62430E+04
 41.0 7.47468E+04
 41.5 7.32775E+04
 42.0 7.18351E+04
 42.5 7.04194E+04
 43.0 6.90301E+04
 43.5 6.76671E+04
 44.0 6.63298E+04
 44.5 6.50180E+04
 45.0 6.37313E+04
 45.5 6.24692E+04
 46.0 6.12313E+04
 46.5 6.00169E+04
 47.0 5.88257E+04
 47.5 5.76571E+04
 48.0 5.65106E+04
 48.5 5.53856E+04
 49.0 5.42815E+04
 49.5 5.31980E+04
 50.0 5.21343E+04
 50.5 5.10899E+04
 51.0 5.00644E+04
 51.5 4.90572E+04
 52.0 4.80678E+04
 52.5 4.70956E+04
 53.0 4.61401E+04
 53.5 4.52009E+04
 54.0 4.42775E+04
 54.5 4.33693E+04
 55.0 4.24759E+04
 55.5 4.15969E+04
 56.0 4.07318E+04
 56.5 3.98802E+04
 57.0 3.90416E+04
 57.5 3.82157E+04
 58.0 9.85697E+04
 58.5 3.66002E+04
 59.0 3.58099E+04
 59.5 1.41672E+05
 60.0 3.42622E+04
 60.5 3.35042E+04
 61.0 3.27563E+04
 61.5 3.20182E+04
 62.0 3.12896E+04
 62.5 3.05702E+04
 63.0 2.98596E+04
 63.5 2.91577E+04
 64.0 2.84641E+04
 64.5 2.77787E+04
 65.0 2.71011E+04
 65.5 2.64311E+04
 66.0 2.57685E+04
 66.5 2.51131E+04
 67.0 5.93363E+04
 67.5 2.38230E+04
 68.0 2.31879E+04
 68.5 2.25593E+04
 69.0 3.10975E+04
 69.5 2.10903E+04
 70.0 1.93753E+04
 70.5 1.88593E+04
 71.0 1.83445E+04
 71.5 1.78308E+04
 72.0 1.73183E+04
 72.5 1.68070E+04
 73.0 1.62970E+04
 73.5 1.57883E+04
 74.0 1.52809E+04
 74.5 1.47748E+04
 75.0 1.42702E+04
 75.5 1.37670E+04
 76.0 1.32653E+04
 76.5 1.27652E+04
 77.0 1.22666E+04
 77.5 1.17696E+04
 78.0 1.12743E+04
 78.5 1.07806E+04
 79.0 1.02887E+04
 79.5 9.79858E+03
 80.0 9.31028E+03
 80.5 8.82384E+03
 81.0 8.33931E+03
 81.5 7.85674E+03
 82.0 7.37617E+03
 82.5 6.89766E+03
 83.0 6.42125E+03
 83.5 5.94698E+03
 84.0 5.47491E+03
 84.5 5.00509E+03
 85.0 4.53756E+03
 85.5 4.07238E+03
 86.0 3.60960E+03
 86.5 3.14927E+03
 87.0 2.69145E+03
 87.5 2.23618E+03
 88.0 1.78352E+03
 88.5 1.33353E+03
 89.0 8.86266E+02
 89.5 4.41776E+02
 90.0 3.67452E+01
