090K16D0W2
  0.5 0.00000E+00
  1.0 0.00000E+00
  1.5 0.00000E+00
  2.0 0.00000E+00
  2.5 0.00000E+00
  3.0 0.00000E+00
  3.5 3.41025E+04
  4.0 4.41062E+04
  4.5 5.45876E+04
  5.0 6.55505E+04
  5.5 7.70091E+04
  6.0 8.89896E+04
  6.5 1.01535E+05
  7.0 1.14708E+05
  7.5 1.28580E+05
  8.0 1.43189E+05
  8.5 2.39190E+06
  9.0 1.74257E+05
  9.5 1.68225E+06
 10.0 1.40363E+06
 10.5 7.86627E+04
 11.0 8.44750E+04
 11.5 2.55093E+05
 12.0 6.43346E+04
 12.5 5.97073E+04
 13.0 6.32818E+04
 13.5 6.69121E+04
 14.0 7.05883E+04
 14.5 7.42947E+04
 15.0 7.80101E+04
 15.5 8.17073E+04
 16.0 8.53555E+04
 16.5 8.89210E+04
 17.0 9.23694E+04
 17.5 9.56675E+04
 18.0 9.87844E+04
 18.5 1.01693E+05
 19.0 1.04370E+05
 19.5 1.06800E+05
 20.0 1.08968E+05
 20.5 1.10869E+05
 21.0 1.12498E+05
 21.5 1.13858E+05
 22.0 1.14953E+05
 22.5 1.15792E+05
 23.0 1.16385E+05
 23.5 1.16744E+05
 24.0 1.16884E+05
 24.5 1.16818E+05
 25.0 1.16561E+05
 25.5 1.16129E+05
 26.0 1.15538E+05
 26.5 1.14801E+05
 27.0 1.13933E+05
 27.5 1.12949E+05
 28.0 1.11860E+05
 28.5 1.10680E+05
 29.0 1.09420E+05
 29.5 1.08091E+05
 30.0 1.06703E+05
 30.5 1.05265E+05
 31.0 1.03785E+05
 31.5 1.02271E+05
 32.0 1.00729E+05
 32.5 9.91674E+04
 33.0 9.75904E+04
 33.5 9.60034E+04
 34.0 9.44111E+04
 34.5 9.28174E+04
 35.0 9.12260E+04
 35.5 8.96401E+04
 36.0 8.80624E+04
 36.5 8.64955E+04
 37.0 8.49415E+04
 37.5 8.34022E+04
 38.0 8.18791E+04
 38.5 8.03736E+04
 39.0 7.88869E+04
 39.5 7.74198E+04
 40.0 7.59732E+04
 40.5 7.45475E+04
 41.0 7.31433E+04
 41.5 7.17608E+04
 42.0 7.04004E+04
 42.5 6.90621E+04
 43.0 6.77461E+04
 43.5 6.64521E+04
 44.0 6.51802E+04
 44.5 6.39302E+04
 45.0 6.27019E+04
 45.5 6.14950E+04
 46.0 6.03092E+04
 46.5 5.91442E+04
 47.0 5.79997E+04
 47.5 5.68752E+04
 48.0 5.57705E+04
 48.5 5.46850E+04
 49.0 5.36184E+04
 49.5 5.25703E+04
 50.0 5.15402E+04
 50.5 5.05276E+04
 51.0 4.95322E+04
 51.5 4.85535E+04
 52.0 4.75911E+04
 52.5 4.66445E+04
 53.0 4.57134E+04
 53.5 4.47972E+04
 54.0 4.38955E+04
 54.5 4.30080E+04
 55.0 4.21343E+04
 55.5 4.12738E+04
 56.0 4.04264E+04
 56.5 3.95915E+04
 57.0 3.87688E+04
 57.5 3.79579E+04
 58.0 9.77401E+04
 58.5 3.63702E+04
 59.0 3.55928E+04
 59.5 1.40504E+05
 60.0 3.40689E+04
 60.5 3.33219E+04
 61.0 3.25844E+04
 61.5 3.18562E+04
 62.0 3.11369E+04
 62.5 3.04264E+04
 63.0 2.97243E+04
 63.5 2.90304E+04
 64.0 2.83444E+04
 64.5 2.76662E+04
 65.0 2.69954E+04
 65.5 2.63319E+04
 66.0 2.56755E+04
 66.5 2.50259E+04
 67.0 5.90262E+04
 67.5 2.37465E+04
 68.0 2.31164E+04
 68.5 2.24924E+04
 69.0 3.09796E+04
 69.5 2.10038E+04
 70.0 1.91568E+04
 70.5 1.86551E+04
 71.0 1.81538E+04
 71.5 1.76529E+04
 72.0 1.71527E+04
 72.5 1.66530E+04
 73.0 1.61540E+04
 73.5 1.56557E+04
 74.0 1.51583E+04
 74.5 1.46616E+04
 75.0 1.41659E+04
 75.5 1.36711E+04
 76.0 1.31773E+04
 76.5 1.26846E+04
 77.0 1.21931E+04
 77.5 1.17027E+04
 78.0 1.12136E+04
 78.5 1.07257E+04
 79.0 1.02393E+04
 79.5 9.75422E+03
 80.0 9.27064E+03
 80.5 8.78860E+03
 81.0 8.30815E+03
 81.5 7.82936E+03
 82.0 7.35227E+03
 82.5 6.87694E+03
 83.0 6.40345E+03
 83.5 5.93184E+03
 84.0 5.46217E+03
 84.5 4.99452E+03
 85.0 4.52893E+03
 85.5 4.06546E+03
 86.0 3.60418E+03
 86.5 3.14515E+03
 87.0 2.68843E+03
 87.5 2.23409E+03
 88.0 1.78217E+03
 88.5 1.33276E+03
 89.0 8.85898E+02
 89.5 4.41663E+02
 90.0 3.67393E+01
