090K22D0W2
  0.5 0.00000E+00
  1.0 0.00000E+00
  1.5 0.00000E+00
  2.0 0.00000E+00
  2.5 0.00000E+00
  3.0 0.00000E+00
  3.5 5.08101E+04
  4.0 6.48172E+04
  4.5 7.96298E+04
  5.0 9.52890E+04
  5.5 1.11865E+05
  6.0 1.29472E+05
  6.5 1.48266E+05
  7.0 1.68373E+05
  7.5 1.89758E+05
  8.0 2.12103E+05
  8.5 3.78851E+06
  9.0 2.57110E+05
  9.5 2.35359E+06
 10.0 1.96276E+06
 10.5 1.15251E+05
 11.0 1.24000E+05
 11.5 4.16895E+05
 12.0 9.39984E+04
 12.5 8.71413E+04
 13.0 9.24686E+04
 13.5 9.78240E+04
 14.0 1.03153E+05
 14.5 1.08394E+05
 15.0 1.13482E+05
 15.5 1.18351E+05
 16.0 1.22942E+05
 16.5 1.27204E+05
 17.0 1.31094E+05
 17.5 1.34580E+05
 18.0 1.37643E+05
 18.5 1.40270E+05
 19.0 1.42461E+05
 19.5 1.44222E+05
 20.0 1.45566E+05
 20.5 1.46511E+05
 21.0 1.47080E+05
 21.5 1.47297E+05
 22.0 1.47188E+05
 22.5 1.46781E+05
 23.0 1.46104E+05
 23.5 1.45182E+05
 24.0 1.44043E+05
 24.5 1.42712E+05
 25.0 1.41211E+05
 25.5 1.39564E+05
 26.0 1.37790E+05
 26.5 1.35909E+05
 27.0 1.33939E+05
 27.5 1.31894E+05
 28.0 1.29790E+05
 28.5 1.27639E+05
 29.0 1.25453E+05
 29.5 1.23242E+05
 30.0 1.21016E+05
 30.5 1.18782E+05
 31.0 1.16547E+05
 31.5 1.14319E+05
 32.0 1.12102E+05
 32.5 1.09902E+05
 33.0 1.07721E+05
 33.5 1.05564E+05
 34.0 1.03434E+05
 34.5 1.01333E+05
 35.0 9.92636E+04
 35.5 9.72265E+04
 36.0 9.52236E+04
 36.5 9.32559E+04
 37.0 9.13240E+04
 37.5 8.94286E+04
 38.0 8.75700E+04
 38.5 8.57483E+04
 39.0 8.39634E+04
 39.5 8.22154E+04
 40.0 8.05039E+04
 40.5 7.88285E+04
 41.0 7.71888E+04
 41.5 7.55843E+04
 42.0 7.40145E+04
 42.5 7.24786E+04
 43.0 7.09761E+04
 43.5 6.95062E+04
 44.0 6.80682E+04
 44.5 6.66614E+04
 45.0 6.52850E+04
 45.5 6.39383E+04
 46.0 6.26204E+04
 46.5 6.13305E+04
 47.0 6.00680E+04
 47.5 5.88321E+04
 48.0 5.76219E+04
 48.5 5.64367E+04
 49.0 5.52758E+04
 49.5 5.41385E+04
 50.0 5.30239E+04
 50.5 5.19314E+04
 51.0 5.08604E+04
 51.5 4.98101E+04
 52.0 4.87798E+04
 52.5 4.77690E+04
 53.0 4.67770E+04
 53.5 4.58031E+04
 54.0 4.48469E+04
 54.5 4.39076E+04
 55.0 4.29848E+04
 55.5 4.20779E+04
 56.0 4.11863E+04
 56.5 4.03096E+04
 57.0 3.94473E+04
 57.5 3.85988E+04
 58.0 9.98037E+04
 58.5 3.69417E+04
 59.0 3.61322E+04
 59.5 1.43408E+05
 60.0 3.45491E+04
 60.5 3.37747E+04
 61.0 3.30113E+04
 61.5 3.22584E+04
 62.0 3.15158E+04
 62.5 3.07831E+04
 63.0 3.00600E+04
 63.5 2.93462E+04
 64.0 2.86414E+04
 64.5 2.79452E+04
 65.0 2.72575E+04
 65.5 2.65779E+04
 66.0 2.59062E+04
 66.5 2.52421E+04
 67.0 5.97958E+04
 67.5 2.39361E+04
 68.0 2.32937E+04
 68.5 2.26580E+04
 69.0 3.12720E+04
 69.5 2.12188E+04
 70.0 1.97025E+04
 70.5 1.91651E+04
 71.0 1.86298E+04
 71.5 1.80967E+04
 72.0 1.75657E+04
 72.5 1.70369E+04
 73.0 1.65103E+04
 73.5 1.59858E+04
 74.0 1.54635E+04
 74.5 1.49434E+04
 75.0 1.44255E+04
 75.5 1.39097E+04
 76.0 1.33962E+04
 76.5 1.28849E+04
 77.0 1.23758E+04
 77.5 1.18689E+04
 78.0 1.13643E+04
 78.5 1.08620E+04
 79.0 1.03620E+04
 79.5 9.86431E+03
 80.0 9.36896E+03
 80.5 8.87599E+03
 81.0 8.38540E+03
 81.5 7.89724E+03
 82.0 7.41152E+03
 82.5 6.92828E+03
 83.0 6.44754E+03
 83.5 5.96934E+03
 84.0 5.49371E+03
 84.5 5.02068E+03
 85.0 4.55030E+03
 85.5 4.08258E+03
 86.0 3.61759E+03
 86.5 3.15534E+03
 87.0 2.69588E+03
 87.5 2.23926E+03
 88.0 1.78551E+03
 88.5 1.33468E+03
 89.0 8.86807E+02
 89.5 4.41942E+02
 90.0 3.67538E+01
