090K20D0W2
  0.5 0.00000E+00
  1.0 0.00000E+00
  1.5 0.00000E+00
  2.0 0.00000E+00
  2.5 0.00000E+00
  3.0 0.00000E+00
  3.5 4.50793E+04
  4.0 5.77095E+04
  4.5 7.10244E+04
  5.0 8.50494E+04
  5.5 9.98295E+04
  6.0 1.15440E+05
  6.5 1.31993E+05
  7.0 1.49609E+05
  7.5 1.68337E+05
  8.0 1.88043E+05
  8.5 3.34457E+06
  9.0 2.28708E+05
  9.5 2.14749E+06
 10.0 1.79107E+06
 10.5 1.02501E+05
 11.0 1.10244E+05
 11.5 3.63524E+05
 12.0 8.36819E+04
 12.5 7.76065E+04
 13.0 8.23326E+04
 13.5 8.71113E+04
 14.0 9.19064E+04
 14.5 9.66728E+04
 15.0 1.01360E+05
 15.5 1.05913E+05
 16.0 1.10280E+05
 16.5 1.14411E+05
 17.0 1.18261E+05
 17.5 1.21794E+05
 18.0 1.24983E+05
 18.5 1.27807E+05
 19.0 1.30257E+05
 19.5 1.32329E+05
 20.0 1.34025E+05
 20.5 1.35356E+05
 21.0 1.36334E+05
 21.5 1.36977E+05
 22.0 1.37305E+05
 22.5 1.37339E+05
 23.0 1.37103E+05
 23.5 1.36617E+05
 24.0 1.35907E+05
 24.5 1.34993E+05
 25.0 1.33899E+05
 25.5 1.32643E+05
 26.0 1.31247E+05
 26.5 1.29728E+05
 27.0 1.28103E+05
 27.5 1.26387E+05
 28.0 1.24596E+05
 28.5 1.22743E+05
 29.0 1.20838E+05
 29.5 1.18894E+05
 30.0 1.16920E+05
 30.5 1.14923E+05
 31.0 1.12914E+05
 31.5 1.10897E+05
 32.0 1.08879E+05
 32.5 1.06866E+05
 33.0 1.04862E+05
 33.5 1.02872E+05
 34.0 1.00898E+05
 34.5 9.89435E+04
 35.0 9.70117E+04
 35.5 9.51045E+04
 36.0 9.32236E+04
 36.5 9.13706E+04
 37.0 8.95465E+04
 37.5 8.77525E+04
 38.0 8.59892E+04
 38.5 8.42572E+04
 39.0 8.25567E+04
 39.5 8.08880E+04
 40.0 7.92511E+04
 40.5 7.76459E+04
 41.0 7.60724E+04
 41.5 7.45302E+04
 42.0 7.30190E+04
 42.5 7.15383E+04
 43.0 7.00878E+04
 43.5 6.86670E+04
 44.0 6.72753E+04
 44.5 6.59121E+04
 45.0 6.45768E+04
 45.5 6.32688E+04
 46.0 6.19875E+04
 46.5 6.07323E+04
 47.0 5.95024E+04
 47.5 5.82972E+04
 48.0 5.71161E+04
 48.5 5.59584E+04
 49.0 5.48235E+04
 49.5 5.37107E+04
 50.0 5.26194E+04
 50.5 5.15489E+04
 51.0 5.04986E+04
 51.5 4.94680E+04
 52.0 4.84563E+04
 52.5 4.74631E+04
 53.0 4.64878E+04
 53.5 4.55297E+04
 54.0 4.45883E+04
 54.5 4.36632E+04
 55.0 4.27538E+04
 55.5 4.18596E+04
 56.0 4.09801E+04
 56.5 4.01148E+04
 57.0 3.92633E+04
 57.5 3.84250E+04
 58.0 9.92438E+04
 58.5 3.67868E+04
 59.0 3.59860E+04
 59.5 1.42620E+05
 60.0 3.44190E+04
 60.5 3.36521E+04
 61.0 3.28957E+04
 61.5 3.21496E+04
 62.0 3.14133E+04
 62.5 3.06866E+04
 63.0 2.99692E+04
 63.5 2.92608E+04
 64.0 2.85611E+04
 64.5 2.78698E+04
 65.0 2.71866E+04
 65.5 2.65114E+04
 66.0 2.58438E+04
 66.5 2.51837E+04
 67.0 5.95876E+04
 67.5 2.38849E+04
 68.0 2.32458E+04
 68.5 2.26133E+04
 69.0 3.11930E+04
 69.5 2.11605E+04
 70.0 1.95537E+04
 70.5 1.90261E+04
 71.0 1.85001E+04
 71.5 1.79759E+04
 72.0 1.74533E+04
 72.5 1.69325E+04
 73.0 1.64134E+04
 73.5 1.58961E+04
 74.0 1.53806E+04
 74.5 1.48669E+04
 75.0 1.43550E+04
 75.5 1.38450E+04
 76.0 1.33368E+04
 76.5 1.28306E+04
 77.0 1.23263E+04
 77.5 1.18239E+04
 78.0 1.13235E+04
 78.5 1.08251E+04
 79.0 1.03288E+04
 79.5 9.83453E+03
 80.0 9.34238E+03
 80.5 8.85237E+03
 81.0 8.36453E+03
 81.5 7.87890E+03
 82.0 7.39552E+03
 82.5 6.91442E+03
 83.0 6.43564E+03
 83.5 5.95922E+03
 84.0 5.48520E+03
 84.5 5.01362E+03
 85.0 4.54453E+03
 85.5 4.07797E+03
 86.0 3.61397E+03
 86.5 3.15259E+03
 87.0 2.69388E+03
 87.5 2.23787E+03
 88.0 1.78461E+03
 88.5 1.33416E+03
 89.0 8.86562E+02
 89.5 4.41867E+02
 90.0 3.67499E+01
