091K08D0W2
  0.5 0.00000E+00
  1.0 0.00000E+00
  1.5 0.00000E+00
  2.0 0.00000E+00
  2.5 0.00000E+00
  3.0 0.00000E+00
  3.5 1.35762E+04
  4.0 1.86010E+04
  4.5 2.38203E+04
  5.0 2.92058E+04
  5.5 3.47458E+04
  6.0 4.04349E+04
  6.5 4.62706E+04
  7.0 5.22519E+04
  7.5 5.83801E+04
  8.0 6.46584E+04
  8.5 4.77014E+05
  9.0 7.76929E+04
  9.5 5.31022E+05
 10.0 4.46697E+05
 10.5 3.59550E+04
 11.0 3.85451E+04
 11.5 6.20231E+04
 12.0 2.94851E+04
 12.5 2.73916E+04
 13.0 2.90165E+04
 13.5 3.06515E+04
 14.0 3.22964E+04
 14.5 3.39508E+04
 15.0 3.56142E+04
 15.5 3.72862E+04
 16.0 3.89661E+04
 16.5 4.06528E+04
 17.0 4.23448E+04
 17.5 4.40399E+04
 18.0 4.57352E+04
 18.5 4.74269E+04
 19.0 4.91102E+04
 19.5 5.07793E+04
 20.0 5.24277E+04
 20.5 5.40483E+04
 21.0 5.56334E+04
 21.5 5.71750E+04
 22.0 5.86653E+04
 22.5 6.00967E+04
 23.0 6.14618E+04
 23.5 6.27543E+04
 24.0 6.39683E+04
 24.5 6.50989E+04
 25.0 6.61422E+04
 25.5 6.70950E+04
 26.0 6.79555E+04
 26.5 6.87224E+04
 27.0 6.93954E+04
 27.5 6.99752E+04
 28.0 7.04629E+04
 28.5 7.08603E+04
 29.0 7.11699E+04
 29.5 7.13946E+04
 30.0 7.15375E+04
 30.5 7.16022E+04
 31.0 7.15924E+04
 31.5 7.15119E+04
 32.0 7.13648E+04
 32.5 7.11551E+04
 33.0 7.08867E+04
 33.5 7.05637E+04
 34.0 7.01900E+04
 34.5 6.97693E+04
 35.0 6.93054E+04
 35.5 6.88018E+04
 36.0 6.82618E+04
 36.5 6.76888E+04
 37.0 6.70858E+04
 37.5 6.64558E+04
 38.0 6.58015E+04
 38.5 6.51254E+04
 39.0 6.44300E+04
 39.5 6.37176E+04
 40.0 6.29903E+04
 40.5 6.22500E+04
 41.0 6.14985E+04
 41.5 6.07376E+04
 42.0 5.99688E+04
 42.5 5.91935E+04
 43.0 5.84130E+04
 43.5 5.76285E+04
 44.0 5.68412E+04
 44.5 5.60519E+04
 45.0 5.52617E+04
 45.5 5.44713E+04
 46.0 5.36815E+04
 46.5 5.28930E+04
 47.0 5.21064E+04
 47.5 5.13221E+04
 48.0 5.05408E+04
 48.5 4.97627E+04
 49.0 4.89884E+04
 49.5 4.82180E+04
 50.0 4.74519E+04
 50.5 4.66905E+04
 51.0 4.59337E+04
 51.5 4.51820E+04
 52.0 4.44353E+04
 52.5 4.36939E+04
 53.0 4.29578E+04
 53.5 4.22271E+04
 54.0 4.15019E+04
 54.5 4.07822E+04
 55.0 4.00681E+04
 55.5 3.93595E+04
 56.0 3.86565E+04
 56.5 3.79590E+04
 57.0 3.72670E+04
 57.5 3.65805E+04
 58.0 9.55900E+04
 58.5 3.52237E+04
 59.0 3.45534E+04
 59.5 1.38577E+05
 60.0 3.32285E+04
 60.5 3.25738E+04
 61.0 3.19242E+04
 61.5 3.12796E+04
 62.0 3.06400E+04
 62.5 3.00051E+04
 63.0 2.93751E+04
 63.5 2.87498E+04
 64.0 2.81291E+04
 64.5 2.75130E+04
 65.0 2.69013E+04
 65.5 2.62940E+04
 66.0 2.56911E+04
 66.5 2.50924E+04
 67.0 5.96588E+04
 67.5 2.39074E+04
 68.0 2.33210E+04
 68.5 2.27386E+04
 69.0 3.14457E+04
 69.5 2.10546E+04
 70.0 1.79264E+04
 70.5 1.75478E+04
 71.0 1.71647E+04
 71.5 1.67771E+04
 72.0 1.63854E+04
 72.5 1.59896E+04
 73.0 1.55900E+04
 73.5 1.51867E+04
 74.0 1.47799E+04
 74.5 1.43698E+04
 75.0 1.39565E+04
 75.5 1.35403E+04
 76.0 1.31213E+04
 76.5 1.26996E+04
 77.0 1.22754E+04
 77.5 1.18490E+04
 78.0 1.14204E+04
 78.5 1.09897E+04
 79.0 1.05573E+04
 79.5 1.01231E+04
 80.0 9.68746E+03
 80.5 9.25041E+03
 81.0 8.81212E+03
 81.5 8.37274E+03
 82.0 7.93242E+03
 82.5 7.49130E+03
 83.0 7.04953E+03
 83.5 6.60723E+03
 84.0 6.16456E+03
 84.5 5.72164E+03
 85.0 5.27860E+03
 85.5 4.83559E+03
 86.0 4.39273E+03
 86.5 3.95015E+03
 87.0 3.50798E+03
 87.5 3.06634E+03
 88.0 2.62536E+03
 88.5 2.18516E+03
 89.0 1.74586E+03
 89.5 1.30758E+03
 90.0 8.70445E+02
 90.5 4.34567E+02
 91.0 3.61793E+01
