091K09D0W2
  0.5 0.00000E+00
  1.0 0.00000E+00
  1.5 0.00000E+00
  2.0 0.00000E+00
  2.5 0.00000E+00
  3.0 0.00000E+00
  3.5 1.59888E+04
  4.0 2.16175E+04
  4.5 2.74642E+04
  5.0 3.35058E+04
  5.5 3.97333E+04
  6.0 4.61429E+04
  6.5 5.27337E+04
  7.0 5.95073E+04
  7.5 6.64679E+04
  8.0 7.36235E+04
  8.5 6.71235E+05
  9.0 8.85703E+04
  9.5 6.79027E+05
 10.0 5.69583E+05
 10.5 4.09231E+04
 11.0 4.38639E+04
 11.5 8.00930E+04
 12.0 3.35548E+04
 12.5 3.11717E+04
 13.0 3.30127E+04
 13.5 3.48680E+04
 14.0 3.67374E+04
 14.5 3.86205E+04
 15.0 4.05170E+04
 15.5 4.24258E+04
 16.0 4.43458E+04
 16.5 4.62748E+04
 17.0 4.82098E+04
 17.5 5.01465E+04
 18.0 5.20794E+04
 18.5 5.40017E+04
 19.0 5.59054E+04
 19.5 5.77815E+04
 20.0 5.96202E+04
 20.5 6.14114E+04
 21.0 6.31447E+04
 21.5 6.48103E+04
 22.0 6.63987E+04
 22.5 6.79014E+04
 23.0 6.93108E+04
 23.5 7.06206E+04
 24.0 7.18256E+04
 24.5 7.29221E+04
 25.0 7.39074E+04
 25.5 7.47803E+04
 26.0 7.55406E+04
 26.5 7.61891E+04
 27.0 7.67276E+04
 27.5 7.71586E+04
 28.0 7.74855E+04
 28.5 7.77119E+04
 29.0 7.78421E+04
 29.5 7.78808E+04
 30.0 7.78327E+04
 30.5 7.77028E+04
 31.0 7.74962E+04
 31.5 7.72180E+04
 32.0 7.68732E+04
 32.5 7.64667E+04
 33.0 7.60034E+04
 33.5 7.54879E+04
 34.0 7.49249E+04
 34.5 7.43186E+04
 35.0 7.36730E+04
 35.5 7.29921E+04
 36.0 7.22795E+04
 36.5 7.15388E+04
 37.0 7.07730E+04
 37.5 6.99854E+04
 38.0 6.91785E+04
 38.5 6.83552E+04
 39.0 6.75178E+04
 39.5 6.66685E+04
 40.0 6.58093E+04
 40.5 6.49422E+04
 41.0 6.40689E+04
 41.5 6.31910E+04
 42.0 6.23099E+04
 42.5 6.14268E+04
 43.0 6.05431E+04
 43.5 5.96597E+04
 44.0 5.87776E+04
 44.5 5.78976E+04
 45.0 5.70206E+04
 45.5 5.61472E+04
 46.0 5.52780E+04
 46.5 5.44136E+04
 47.0 5.35544E+04
 47.5 5.27008E+04
 48.0 5.18532E+04
 48.5 5.10119E+04
 49.0 5.01771E+04
 49.5 4.93490E+04
 50.0 4.85279E+04
 50.5 4.77138E+04
 51.0 4.69069E+04
 51.5 4.61073E+04
 52.0 4.53149E+04
 52.5 4.45299E+04
 53.0 4.37522E+04
 53.5 4.29818E+04
 54.0 4.22187E+04
 54.5 4.14629E+04
 55.0 4.07143E+04
 55.5 3.99729E+04
 56.0 3.92385E+04
 56.5 3.85111E+04
 57.0 3.77907E+04
 57.5 3.70770E+04
 58.0 9.72515E+04
 58.5 3.56697E+04
 59.0 3.49759E+04
 59.5 1.40944E+05
 60.0 3.36072E+04
 60.5 3.29321E+04
 61.0 3.22631E+04
 61.5 3.16001E+04
 62.0 3.09428E+04
 62.5 3.02912E+04
 63.0 2.96452E+04
 63.5 2.90047E+04
 64.0 2.83696E+04
 64.5 2.77396E+04
 65.0 2.71149E+04
 65.5 2.64951E+04
 66.0 2.58803E+04
 66.5 2.52703E+04
 67.0 6.03034E+04
 67.5 2.40645E+04
 68.0 2.34684E+04
 68.5 2.28768E+04
 69.0 3.16917E+04
 69.5 2.12269E+04
 70.0 1.83378E+04
 70.5 1.79353E+04
 71.0 1.75292E+04
 71.5 1.71196E+04
 72.0 1.67066E+04
 72.5 1.62906E+04
 73.0 1.58715E+04
 73.5 1.54496E+04
 74.0 1.50250E+04
 74.5 1.45979E+04
 75.0 1.41684E+04
 75.5 1.37367E+04
 76.0 1.33029E+04
 76.5 1.28673E+04
 77.0 1.24298E+04
 77.5 1.19908E+04
 78.0 1.15502E+04
 78.5 1.11083E+04
 79.0 1.06652E+04
 79.5 1.02210E+04
 80.0 9.77594E+03
 80.5 9.33004E+03
 81.0 8.88347E+03
 81.5 8.43635E+03
 82.0 7.98883E+03
 82.5 7.54103E+03
 83.0 7.09306E+03
 83.5 6.64505E+03
 84.0 6.19713E+03
 84.5 5.74942E+03
 85.0 5.30203E+03
 85.5 4.85508E+03
 86.0 4.40869E+03
 86.5 3.96297E+03
 87.0 3.51804E+03
 87.5 3.07400E+03
 88.0 2.63098E+03
 88.5 2.18907E+03
 89.0 1.74839E+03
 89.5 1.30904E+03
 90.0 8.71137E+02
 90.5 4.34779E+02
 91.0 3.61904E+01
