091K13D0W2
  0.5 0.00000E+00
  1.0 0.00000E+00
  1.5 0.00000E+00
  2.0 0.00000E+00
  2.5 0.00000E+00
  3.0 0.00000E+00
  3.5 2.59594E+04
  4.0 3.40129E+04
  4.5 4.24138E+04
  5.0 5.11541E+04
  5.5 6.02351E+04
  6.0 6.96641E+04
  6.5 7.94551E+04
  7.0 8.96317E+04
  7.5 1.00229E+05
  8.0 1.11288E+05
  8.5 1.61255E+06
  9.0 1.34859E+05
  9.5 1.27208E+06
 10.0 1.06232E+06
 10.5 6.15620E+04
 11.0 6.60314E+04
 11.5 1.72236E+05
 12.0 5.04307E+04
 12.5 4.68335E+04
 13.0 4.96065E+04
 13.5 5.24175E+04
 14.0 5.52652E+04
 14.5 5.81463E+04
 15.0 6.10550E+04
 15.5 6.39822E+04
 16.0 6.69154E+04
 16.5 6.98389E+04
 17.0 7.27340E+04
 17.5 7.55800E+04
 18.0 7.83548E+04
 18.5 8.10363E+04
 19.0 8.36031E+04
 19.5 8.60353E+04
 20.0 8.83152E+04
 20.5 9.04280E+04
 21.0 9.23616E+04
 21.5 9.41073E+04
 22.0 9.56592E+04
 22.5 9.70146E+04
 23.0 9.81731E+04
 23.5 9.91370E+04
 24.0 9.99106E+04
 24.5 1.00500E+05
 25.0 1.00912E+05
 25.5 1.01155E+05
 26.0 1.01239E+05
 26.5 1.01174E+05
 27.0 1.00969E+05
 27.5 1.00634E+05
 28.0 1.00181E+05
 28.5 9.96179E+04
 29.0 9.89560E+04
 29.5 9.82043E+04
 30.0 9.73717E+04
 30.5 9.64670E+04
 31.0 9.54981E+04
 31.5 9.44727E+04
 32.0 9.33980E+04
 32.5 9.22804E+04
 33.0 9.11262E+04
 33.5 8.99411E+04
 34.0 8.87300E+04
 34.5 8.74980E+04
 35.0 8.62492E+04
 35.5 8.49876E+04
 36.0 8.37168E+04
 36.5 8.24400E+04
 37.0 8.11601E+04
 37.5 7.98798E+04
 38.0 7.86012E+04
 38.5 7.73266E+04
 39.0 7.60576E+04
 39.5 7.47960E+04
 40.0 7.35431E+04
 40.5 7.23003E+04
 41.0 7.10684E+04
 41.5 6.98485E+04
 42.0 6.86413E+04
 42.5 6.74475E+04
 43.0 6.62677E+04
 43.5 6.51021E+04
 44.0 6.39514E+04
 44.5 6.28155E+04
 45.0 6.16949E+04
 45.5 6.05896E+04
 46.0 5.94996E+04
 46.5 5.84250E+04
 47.0 5.73658E+04
 47.5 5.63218E+04
 48.0 5.52930E+04
 48.5 5.42793E+04
 49.0 5.32804E+04
 49.5 5.22962E+04
 50.0 5.13265E+04
 50.5 5.03710E+04
 51.0 4.94296E+04
 51.5 4.85019E+04
 52.0 4.75877E+04
 52.5 4.66867E+04
 53.0 4.57987E+04
 53.5 4.49233E+04
 54.0 4.40604E+04
 54.5 4.32095E+04
 55.0 4.23704E+04
 55.5 4.15428E+04
 56.0 4.07265E+04
 56.5 3.99212E+04
 57.0 3.91265E+04
 57.5 3.83422E+04
 58.0 1.01497E+05
 58.5 3.68038E+04
 59.0 3.60491E+04
 59.5 1.46982E+05
 60.0 3.45674E+04
 60.5 3.38399E+04
 61.0 3.31211E+04
 61.5 3.24106E+04
 62.0 3.17082E+04
 62.5 3.10137E+04
 63.0 3.03269E+04
 63.5 2.96476E+04
 64.0 2.89755E+04
 64.5 2.83105E+04
 65.0 2.76524E+04
 65.5 2.70010E+04
 66.0 2.63560E+04
 66.5 2.57175E+04
 67.0 6.19316E+04
 67.5 2.44586E+04
 68.0 2.38381E+04
 68.5 2.32232E+04
 69.0 3.23106E+04
 69.5 2.16655E+04
 70.0 1.94094E+04
 70.5 1.89427E+04
 71.0 1.84750E+04
 71.5 1.80065E+04
 72.0 1.75372E+04
 72.5 1.70672E+04
 73.0 1.65966E+04
 73.5 1.61256E+04
 74.0 1.56542E+04
 74.5 1.51825E+04
 75.0 1.47105E+04
 75.5 1.42385E+04
 76.0 1.37664E+04
 76.5 1.32944E+04
 77.0 1.28226E+04
 77.5 1.23510E+04
 78.0 1.18797E+04
 78.5 1.14088E+04
 79.0 1.09383E+04
 79.5 1.04685E+04
 80.0 9.99930E+03
 80.5 9.53083E+03
 81.0 9.06317E+03
 81.5 8.59640E+03
 82.0 8.13059E+03
 82.5 7.66584E+03
 83.0 7.20222E+03
 83.5 6.73980E+03
 84.0 6.27866E+03
 84.5 5.81889E+03
 85.0 5.36055E+03
 85.5 4.90372E+03
 86.0 4.44848E+03
 86.5 3.99491E+03
 87.0 3.54308E+03
 87.5 3.09306E+03
 88.0 2.64494E+03
 88.5 2.19878E+03
 89.0 1.75466E+03
 89.5 1.31266E+03
 90.0 8.72851E+02
 90.5 4.35306E+02
 91.0 3.62178E+01
