091K21D0W2
  0.5 0.00000E+00
  1.0 0.00000E+00
  1.5 0.00000E+00
  2.0 0.00000E+00
  2.5 0.00000E+00
  3.0 0.00000E+00
  3.5 4.74485E+04
  4.0 6.06476E+04
  4.5 7.45819E+04
  5.0 8.92821E+04
  5.5 1.04802E+05
  6.0 1.21231E+05
  6.5 1.38696E+05
  7.0 1.57330E+05
  7.5 1.77162E+05
  8.0 1.98006E+05
  8.5 3.55573E+06
  9.0 2.40754E+05
  9.5 2.25601E+06
 10.0 1.88137E+06
 10.5 1.07888E+05
 11.0 1.16082E+05
 11.5 3.87477E+05
 12.0 8.80945E+04
 12.5 8.17018E+04
 13.0 8.67051E+04
 13.5 9.17589E+04
 14.0 9.68210E+04
 14.5 1.01840E+05
 15.0 1.06758E+05
 15.5 1.11518E+05
 16.0 1.16062E+05
 16.5 1.20337E+05
 17.0 1.24300E+05
 17.5 1.27913E+05
 18.0 1.31149E+05
 18.5 1.33992E+05
 19.0 1.36433E+05
 19.5 1.38471E+05
 20.0 1.40112E+05
 20.5 1.41369E+05
 21.0 1.42258E+05
 21.5 1.42798E+05
 22.0 1.43012E+05
 22.5 1.42924E+05
 23.0 1.42558E+05
 23.5 1.41940E+05
 24.0 1.41093E+05
 24.5 1.40041E+05
 25.0 1.38807E+05
 25.5 1.37413E+05
 26.0 1.35879E+05
 26.5 1.34224E+05
 27.0 1.32465E+05
 27.5 1.30618E+05
 28.0 1.28699E+05
 28.5 1.26721E+05
 29.0 1.24695E+05
 29.5 1.22632E+05
 30.0 1.20544E+05
 30.5 1.18437E+05
 31.0 1.16320E+05
 31.5 1.14200E+05
 32.0 1.12082E+05
 32.5 1.09973E+05
 33.0 1.07876E+05
 33.5 1.05796E+05
 34.0 1.03736E+05
 34.5 1.01700E+05
 35.0 9.96882E+04
 35.5 9.77043E+04
 36.0 9.57498E+04
 36.5 9.38259E+04
 37.0 9.19339E+04
 37.5 9.00745E+04
 38.0 8.82483E+04
 38.5 8.64558E+04
 39.0 8.46973E+04
 39.5 8.29729E+04
 40.0 8.12824E+04
 40.5 7.96259E+04
 41.0 7.80029E+04
 41.5 7.64133E+04
 42.0 7.48565E+04
 42.5 7.33321E+04
 43.0 7.18396E+04
 43.5 7.03785E+04
 44.0 6.89480E+04
 44.5 6.75477E+04
 45.0 6.61768E+04
 45.5 6.48346E+04
 46.0 6.35205E+04
 46.5 6.22337E+04
 47.0 6.09736E+04
 47.5 5.97395E+04
 48.0 5.85306E+04
 48.5 5.73463E+04
 49.0 5.61859E+04
 49.5 5.50486E+04
 50.0 5.39338E+04
 50.5 5.28409E+04
 51.0 5.17692E+04
 51.5 5.07179E+04
 52.0 4.96866E+04
 52.5 4.86746E+04
 53.0 4.76812E+04
 53.5 4.67059E+04
 54.0 4.57482E+04
 54.5 4.48073E+04
 55.0 4.38829E+04
 55.5 4.29744E+04
 56.0 4.20812E+04
 56.5 4.12029E+04
 57.0 4.03390E+04
 57.5 3.94890E+04
 58.0 1.05360E+05
 58.5 3.78289E+04
 59.0 3.70180E+04
 59.5 1.52465E+05
 60.0 3.54322E+04
 60.5 3.46566E+04
 61.0 3.38920E+04
 61.5 3.31380E+04
 62.0 3.23944E+04
 62.5 3.16608E+04
 63.0 3.09368E+04
 63.5 3.02222E+04
 64.0 2.95167E+04
 64.5 2.88199E+04
 65.0 2.81316E+04
 65.5 2.74515E+04
 66.0 2.67794E+04
 66.5 2.61151E+04
 67.0 6.33904E+04
 67.5 2.48086E+04
 68.0 2.41661E+04
 68.5 2.35304E+04
 69.0 3.28619E+04
 69.5 2.20630E+04
 70.0 2.04097E+04
 70.5 1.98806E+04
 71.0 1.93534E+04
 71.5 1.88280E+04
 72.0 1.83046E+04
 72.5 1.77831E+04
 73.0 1.72636E+04
 73.5 1.67460E+04
 74.0 1.62303E+04
 74.5 1.57166E+04
 75.0 1.52049E+04
 75.5 1.46951E+04
 76.0 1.41873E+04
 76.5 1.36816E+04
 77.0 1.31779E+04
 77.5 1.26762E+04
 78.0 1.21766E+04
 78.5 1.16791E+04
 79.0 1.11837E+04
 79.5 1.06904E+04
 80.0 1.01993E+04
 80.5 9.71030E+03
 81.0 9.22354E+03
 81.5 8.73901E+03
 82.0 8.25673E+03
 82.5 7.77675E+03
 83.0 7.29908E+03
 83.5 6.82375E+03
 84.0 6.35081E+03
 84.5 5.88028E+03
 85.0 5.41219E+03
 85.5 4.94659E+03
 86.0 4.48351E+03
 86.5 4.02299E+03
 87.0 3.56507E+03
 87.5 3.10978E+03
 88.0 2.65717E+03
 88.5 2.20728E+03
 89.0 1.76015E+03
 89.5 1.31582E+03
 90.0 8.74346E+02
 90.5 4.35765E+02
 91.0 3.62418E+01
