091K20D0W2
  0.5 0.00000E+00
  1.0 0.00000E+00
  1.5 0.00000E+00
  2.0 0.00000E+00
  2.5 0.00000E+00
  3.0 0.00000E+00
  3.5 4.46317E+04
  4.0 5.71547E+04
  4.5 7.03551E+04
  5.0 8.42566E+04
  5.5 9.89020E+04
  6.0 1.14362E+05
  6.5 1.30745E+05
  7.0 1.48173E+05
  7.5 1.66703E+05
  8.0 1.86228E+05
  8.5 3.32807E+06
  9.0 2.26710E+05
  9.5 2.14914E+06
 10.0 1.79236E+06
 10.5 1.01645E+05
 11.0 1.09336E+05
 11.5 3.60529E+05
 12.0 8.30359E+04
 12.5 7.70247E+04
 13.0 8.17278E+04
 13.5 8.64897E+04
 14.0 9.12766E+04
 14.5 9.60455E+04
 15.0 1.00747E+05
 15.5 1.05329E+05
 16.0 1.09738E+05
 16.5 1.13925E+05
 17.0 1.17843E+05
 17.5 1.21455E+05
 18.0 1.24733E+05
 18.5 1.27654E+05
 19.0 1.30205E+05
 19.5 1.32382E+05
 20.0 1.34185E+05
 20.5 1.35623E+05
 21.0 1.36707E+05
 21.5 1.37454E+05
 22.0 1.37881E+05
 22.5 1.38011E+05
 23.0 1.37864E+05
 23.5 1.37463E+05
 24.0 1.36832E+05
 24.5 1.35991E+05
 25.0 1.34964E+05
 25.5 1.33770E+05
 26.0 1.32429E+05
 26.5 1.30959E+05
 27.0 1.29378E+05
 27.5 1.27702E+05
 28.0 1.25945E+05
 28.5 1.24121E+05
 29.0 1.22242E+05
 29.5 1.20319E+05
 30.0 1.18362E+05
 30.5 1.16380E+05
 31.0 1.14381E+05
 31.5 1.12372E+05
 32.0 1.10359E+05
 32.5 1.08349E+05
 33.0 1.06345E+05
 33.5 1.04353E+05
 34.0 1.02376E+05
 34.5 1.00417E+05
 35.0 9.84785E+04
 35.5 9.65636E+04
 36.0 9.46739E+04
 36.5 9.28111E+04
 37.0 9.09764E+04
 37.5 8.91710E+04
 38.0 8.73957E+04
 38.5 8.56511E+04
 39.0 8.39377E+04
 39.5 8.22556E+04
 40.0 8.06051E+04
 40.5 7.89861E+04
 41.0 7.73986E+04
 41.5 7.58423E+04
 42.0 7.43170E+04
 42.5 7.28223E+04
 43.0 7.13577E+04
 43.5 6.99229E+04
 44.0 6.85173E+04
 44.5 6.71404E+04
 45.0 6.57916E+04
 45.5 6.44703E+04
 46.0 6.31759E+04
 46.5 6.19078E+04
 47.0 6.06653E+04
 47.5 5.94478E+04
 48.0 5.82546E+04
 48.5 5.70851E+04
 49.0 5.59387E+04
 49.5 5.48147E+04
 50.0 5.37125E+04
 50.5 5.26315E+04
 51.0 5.15710E+04
 51.5 5.05304E+04
 52.0 4.95091E+04
 52.5 4.85066E+04
 53.0 4.75223E+04
 53.5 4.65556E+04
 54.0 4.56059E+04
 54.5 4.46728E+04
 55.0 4.37556E+04
 55.5 4.28540E+04
 56.0 4.19674E+04
 56.5 4.10953E+04
 57.0 4.02372E+04
 57.5 3.93928E+04
 58.0 1.05036E+05
 58.5 3.77430E+04
 59.0 3.69368E+04
 59.5 1.52004E+05
 60.0 3.53598E+04
 60.5 3.45883E+04
 61.0 3.38275E+04
 61.5 3.30773E+04
 62.0 3.23371E+04
 62.5 3.16068E+04
 63.0 3.08859E+04
 63.5 3.01743E+04
 64.0 2.94715E+04
 64.5 2.87774E+04
 65.0 2.80917E+04
 65.5 2.74140E+04
 66.0 2.67442E+04
 66.5 2.60820E+04
 67.0 6.32687E+04
 67.5 2.47795E+04
 68.0 2.41388E+04
 68.5 2.35048E+04
 69.0 3.28160E+04
 69.5 2.20296E+04
 70.0 2.03248E+04
 70.5 1.98010E+04
 71.0 1.92789E+04
 71.5 1.87585E+04
 72.0 1.82397E+04
 72.5 1.77226E+04
 73.0 1.72073E+04
 73.5 1.66936E+04
 74.0 1.61818E+04
 74.5 1.56716E+04
 75.0 1.51633E+04
 75.5 1.46567E+04
 76.0 1.41520E+04
 76.5 1.36491E+04
 77.0 1.31481E+04
 77.5 1.26490E+04
 78.0 1.21518E+04
 78.5 1.16565E+04
 79.0 1.11632E+04
 79.5 1.06719E+04
 80.0 1.01826E+04
 80.5 9.69533E+03
 81.0 9.21017E+03
 81.5 8.72713E+03
 82.0 8.24624E+03
 82.5 7.76752E+03
 83.0 7.29102E+03
 83.5 6.81678E+03
 84.0 6.34482E+03
 84.5 5.87518E+03
 85.0 5.40791E+03
 85.5 4.94304E+03
 86.0 4.48061E+03
 86.5 4.02067E+03
 87.0 3.56325E+03
 87.5 3.10840E+03
 88.0 2.65616E+03
 88.5 2.20658E+03
 89.0 1.75969E+03
 89.5 1.31556E+03
 90.0 8.74223E+02
 90.5 4.35727E+02
 91.0 3.62398E+01
