092K07D0W2
  0.5 0.00000E+00
  1.0 0.00000E+00
  1.5 0.00000E+00
  2.0 0.00000E+00
  2.5 0.00000E+00
  3.0 0.00000E+00
  3.5 1.10722E+04
  4.0 1.54533E+04
  4.5 2.00107E+04
  5.0 2.47088E+04
  5.5 2.95328E+04
  6.0 3.44757E+04
  6.5 3.95334E+04
  7.0 4.47036E+04
  7.5 4.99851E+04
  8.0 5.53782E+04
  8.5 2.99759E+05
  9.0 6.65082E+04
  9.5 3.80212E+05
 10.0 3.21494E+05
 10.5 3.08183E+04
 11.0 3.30562E+04
 11.5 4.57512E+04
 12.0 2.52865E+04
 12.5 2.34944E+04
 13.0 2.49032E+04
 13.5 2.63190E+04
 14.0 2.77414E+04
 14.5 2.91700E+04
 15.0 3.06045E+04
 15.5 3.20444E+04
 16.0 3.34893E+04
 16.5 3.49387E+04
 17.0 3.63918E+04
 17.5 3.78477E+04
 18.0 3.93051E+04
 18.5 4.07623E+04
 19.0 4.22171E+04
 19.5 4.36666E+04
 20.0 4.51074E+04
 20.5 4.65353E+04
 21.0 4.79456E+04
 21.5 4.93332E+04
 22.0 5.06925E+04
 22.5 5.20178E+04
 23.0 5.33033E+04
 23.5 5.45431E+04
 24.0 5.57319E+04
 24.5 5.68645E+04
 25.0 5.79364E+04
 25.5 5.89434E+04
 26.0 5.98822E+04
 26.5 6.07498E+04
 27.0 6.15443E+04
 27.5 6.22643E+04
 28.0 6.29089E+04
 28.5 6.34778E+04
 29.0 6.39716E+04
 29.5 6.43911E+04
 30.0 6.47376E+04
 30.5 6.50128E+04
 31.0 6.52189E+04
 31.5 6.53581E+04
 32.0 6.54330E+04
 32.5 6.54463E+04
 33.0 6.54010E+04
 33.5 6.53000E+04
 34.0 6.51462E+04
 34.5 6.49428E+04
 35.0 6.46927E+04
 35.5 6.43989E+04
 36.0 6.40644E+04
 36.5 6.36919E+04
 37.0 6.32843E+04
 37.5 6.28443E+04
 38.0 6.23744E+04
 38.5 6.18770E+04
 39.0 6.13546E+04
 39.5 6.08093E+04
 40.0 6.02432E+04
 40.5 5.96584E+04
 41.0 5.90566E+04
 41.5 5.84397E+04
 42.0 5.78094E+04
 42.5 5.71671E+04
 43.0 5.65142E+04
 43.5 5.58522E+04
 44.0 5.51823E+04
 44.5 5.45056E+04
 45.0 5.38231E+04
 45.5 5.31360E+04
 46.0 5.24449E+04
 46.5 5.17509E+04
 47.0 5.10546E+04
 47.5 5.03568E+04
 48.0 4.96580E+04
 48.5 4.89590E+04
 49.0 4.82600E+04
 49.5 4.75618E+04
 50.0 4.68647E+04
 50.5 4.61690E+04
 51.0 4.54751E+04
 51.5 4.47835E+04
 52.0 4.40942E+04
 52.5 4.34076E+04
 53.0 4.27238E+04
 53.5 4.20432E+04
 54.0 4.13658E+04
 54.5 4.06918E+04
 55.0 4.00212E+04
 55.5 3.93543E+04
 56.0 3.86911E+04
 56.5 3.80317E+04
 57.0 3.73761E+04
 57.5 3.67244E+04
 58.0 9.82231E+04
 58.5 3.54327E+04
 59.0 3.47928E+04
 59.5 1.43372E+05
 60.0 3.35249E+04
 60.5 3.28968E+04
 61.0 3.22727E+04
 61.5 3.16525E+04
 62.0 3.10362E+04
 62.5 3.04238E+04
 63.0 2.98152E+04
 63.5 2.92104E+04
 64.0 2.86094E+04
 64.5 2.80121E+04
 65.0 2.74184E+04
 65.5 2.68285E+04
 66.0 2.62421E+04
 66.5 2.56593E+04
 67.0 6.20930E+04
 67.5 2.45042E+04
 68.0 2.39319E+04
 68.5 2.33629E+04
 69.0 3.25893E+04
 69.5 2.15912E+04
 70.0 1.79248E+04
 70.5 1.75869E+04
 71.0 1.72432E+04
 71.5 1.68940E+04
 72.0 1.65395E+04
 72.5 1.61798E+04
 73.0 1.58152E+04
 73.5 1.54457E+04
 74.0 1.50717E+04
 74.5 1.46933E+04
 75.0 1.43106E+04
 75.5 1.39239E+04
 76.0 1.35334E+04
 76.5 1.31391E+04
 77.0 1.27414E+04
 77.5 1.23404E+04
 78.0 1.19362E+04
 78.5 1.15291E+04
 79.0 1.11192E+04
 79.5 1.07066E+04
 80.0 1.02916E+04
 80.5 9.87433E+03
 81.0 9.45492E+03
 81.5 9.03356E+03
 82.0 8.61039E+03
 82.5 8.18558E+03
 83.0 7.75930E+03
 83.5 7.33169E+03
 84.0 6.90290E+03
 84.5 6.47309E+03
 85.0 6.04240E+03
 85.5 5.61099E+03
 86.0 5.17899E+03
 86.5 4.74656E+03
 87.0 4.31383E+03
 87.5 3.88094E+03
 88.0 3.44804E+03
 88.5 3.01525E+03
 89.0 2.58271E+03
 89.5 2.15055E+03
 90.0 1.71891E+03
 90.5 1.28791E+03
 91.0 8.57682E+02
 91.5 4.28354E+02
 92.0 3.56700E+01
