092K08D0W2
  0.5 0.00000E+00
  1.0 0.00000E+00
  1.5 0.00000E+00
  2.0 0.00000E+00
  2.5 0.00000E+00
  3.0 0.00000E+00
  3.5 1.34228E+04
  4.0 1.84074E+04
  4.5 2.35861E+04
  5.0 2.89303E+04
  5.5 3.44282E+04
  6.0 4.00743E+04
  6.5 4.58661E+04
  7.0 5.18024E+04
  7.5 5.78841E+04
  8.0 6.41145E+04
  8.5 4.60061E+05
  9.0 7.70466E+04
  9.5 5.19692E+05
 10.0 4.37331E+05
 10.5 3.56834E+04
 11.0 3.82592E+04
 11.5 6.05872E+04
 12.0 2.92765E+04
 12.5 2.72023E+04
 13.0 2.88204E+04
 13.5 3.04490E+04
 14.0 3.20878E+04
 14.5 3.37364E+04
 15.0 3.53944E+04
 15.5 3.70613E+04
 16.0 3.87366E+04
 16.5 4.04192E+04
 17.0 4.21078E+04
 17.5 4.38006E+04
 18.0 4.54946E+04
 18.5 4.71864E+04
 19.0 4.88714E+04
 19.5 5.05443E+04
 20.0 5.21988E+04
 20.5 5.38279E+04
 21.0 5.54241E+04
 21.5 5.69796E+04
 22.0 5.84866E+04
 22.5 5.99375E+04
 23.0 6.13249E+04
 23.5 6.26421E+04
 24.0 6.38833E+04
 24.5 6.50431E+04
 25.0 6.61175E+04
 25.5 6.71029E+04
 26.0 6.79972E+04
 26.5 6.87989E+04
 27.0 6.95074E+04
 27.5 7.01228E+04
 28.0 7.06463E+04
 28.5 7.10794E+04
 29.0 7.14242E+04
 29.5 7.16835E+04
 30.0 7.18602E+04
 30.5 7.19578E+04
 31.0 7.19798E+04
 31.5 7.19300E+04
 32.0 7.18123E+04
 32.5 7.16306E+04
 33.0 7.13890E+04
 33.5 7.10914E+04
 34.0 7.07416E+04
 34.5 7.03435E+04
 35.0 6.99008E+04
 35.5 6.94170E+04
 36.0 6.88956E+04
 36.5 6.83398E+04
 37.0 6.77529E+04
 37.5 6.71376E+04
 38.0 6.64969E+04
 38.5 6.58333E+04
 39.0 6.51494E+04
 39.5 6.44475E+04
 40.0 6.37297E+04
 40.5 6.29981E+04
 41.0 6.22544E+04
 41.5 6.15006E+04
 42.0 6.07380E+04
 42.5 5.99683E+04
 43.0 5.91929E+04
 43.5 5.84128E+04
 44.0 5.76293E+04
 44.5 5.68434E+04
 45.0 5.60561E+04
 45.5 5.52683E+04
 46.0 5.44806E+04
 46.5 5.36939E+04
 47.0 5.29087E+04
 47.5 5.21257E+04
 48.0 5.13452E+04
 48.5 5.05679E+04
 49.0 4.97941E+04
 49.5 4.90241E+04
 50.0 4.82583E+04
 50.5 4.74969E+04
 51.0 4.67401E+04
 51.5 4.59883E+04
 52.0 4.52415E+04
 52.5 4.44998E+04
 53.0 4.37634E+04
 53.5 4.30325E+04
 54.0 4.23070E+04
 54.5 4.15870E+04
 55.0 4.08725E+04
 55.5 4.01636E+04
 56.0 3.94603E+04
 56.5 3.87626E+04
 57.0 3.80704E+04
 57.5 3.73837E+04
 58.0 1.00520E+05
 58.5 3.60268E+04
 59.0 3.53564E+04
 59.5 1.46671E+05
 60.0 3.40317E+04
 60.5 3.33772E+04
 61.0 3.27278E+04
 61.5 3.20836E+04
 62.0 3.14443E+04
 62.5 3.08099E+04
 63.0 3.01804E+04
 63.5 2.95556E+04
 64.0 2.89356E+04
 64.5 2.83202E+04
 65.0 2.77093E+04
 65.5 2.71029E+04
 66.0 2.65008E+04
 66.5 2.59031E+04
 67.0 6.29991E+04
 67.5 2.47203E+04
 68.0 2.41350E+04
 68.5 2.35538E+04
 69.0 3.29340E+04
 69.5 2.18267E+04
 70.0 1.84763E+04
 70.5 1.81083E+04
 71.0 1.77356E+04
 71.5 1.73584E+04
 72.0 1.69768E+04
 72.5 1.65911E+04
 73.0 1.62015E+04
 73.5 1.58080E+04
 74.0 1.54109E+04
 74.5 1.50104E+04
 75.0 1.46066E+04
 75.5 1.41996E+04
 76.0 1.37897E+04
 76.5 1.33770E+04
 77.0 1.29617E+04
 77.5 1.25439E+04
 78.0 1.21238E+04
 78.5 1.17015E+04
 79.0 1.12772E+04
 79.5 1.08510E+04
 80.0 1.04232E+04
 80.5 9.99378E+03
 81.0 9.56296E+03
 81.5 9.13087E+03
 82.0 8.69766E+03
 82.5 8.26346E+03
 83.0 7.82841E+03
 83.5 7.39264E+03
 84.0 6.95630E+03
 84.5 6.51952E+03
 85.0 6.08243E+03
 85.5 5.64515E+03
 86.0 5.20782E+03
 86.5 4.77056E+03
 87.0 4.33349E+03
 87.5 3.89675E+03
 88.0 3.46045E+03
 88.5 3.02470E+03
 89.0 2.58964E+03
 89.5 2.15538E+03
 90.0 1.72203E+03
 90.5 1.28971E+03
 91.0 8.58539E+02
 91.5 4.28617E+02
 92.0 3.56837E+01
