092K14D0W2
  0.5 0.00000E+00
  1.0 0.00000E+00
  1.5 0.00000E+00
  2.0 0.00000E+00
  2.5 0.00000E+00
  3.0 0.00000E+00
  3.5 2.82366E+04
  4.0 3.68360E+04
  4.5 4.58191E+04
  5.0 5.51811E+04
  5.5 6.49260E+04
  6.0 7.50650E+04
  6.5 8.56179E+04
  7.0 9.66167E+04
  7.5 1.08107E+05
  8.0 1.20136E+05
  8.5 1.83662E+06
  9.0 1.45839E+05
  9.5 1.40318E+06
 10.0 1.17132E+06
 10.5 6.64199E+04
 11.0 7.12735E+04
 11.5 1.95092E+05
 12.0 5.44228E+04
 12.5 5.05441E+04
 13.0 5.35536E+04
 13.5 5.66086E+04
 14.0 5.97069E+04
 14.5 6.28432E+04
 15.0 6.60091E+04
 15.5 6.91918E+04
 16.0 7.23749E+04
 16.5 7.55381E+04
 17.0 7.86582E+04
 17.5 8.17104E+04
 18.0 8.46690E+04
 18.5 8.75092E+04
 19.0 9.02074E+04
 19.5 9.27427E+04
 20.0 9.50971E+04
 20.5 9.72562E+04
 21.0 9.92088E+04
 21.5 1.00948E+05
 22.0 1.02469E+05
 22.5 1.03773E+05
 23.0 1.04860E+05
 23.5 1.05735E+05
 24.0 1.06405E+05
 24.5 1.06878E+05
 25.0 1.07164E+05
 25.5 1.07272E+05
 26.0 1.07214E+05
 26.5 1.07002E+05
 27.0 1.06646E+05
 27.5 1.06159E+05
 28.0 1.05551E+05
 28.5 1.04834E+05
 29.0 1.04019E+05
 29.5 1.03115E+05
 30.0 1.02132E+05
 30.5 1.01079E+05
 31.0 9.99655E+04
 31.5 9.87986E+04
 32.0 9.75856E+04
 32.5 9.63337E+04
 33.0 9.50489E+04
 33.5 9.37371E+04
 34.0 9.24034E+04
 34.5 9.10527E+04
 35.0 8.96894E+04
 35.5 8.83172E+04
 36.0 8.69397E+04
 36.5 8.55602E+04
 37.0 8.41814E+04
 37.5 8.28059E+04
 38.0 8.14358E+04
 38.5 8.00732E+04
 39.0 7.87198E+04
 39.5 7.73770E+04
 40.0 7.60462E+04
 40.5 7.47285E+04
 41.0 7.34249E+04
 41.5 7.21362E+04
 42.0 7.08630E+04
 42.5 6.96059E+04
 43.0 6.83654E+04
 43.5 6.71418E+04
 44.0 6.59353E+04
 44.5 6.47461E+04
 45.0 6.35743E+04
 45.5 6.24200E+04
 46.0 6.12831E+04
 46.5 6.01636E+04
 47.0 5.90614E+04
 47.5 5.79763E+04
 48.0 5.69081E+04
 48.5 5.58567E+04
 49.0 5.48217E+04
 49.5 5.38031E+04
 50.0 5.28004E+04
 50.5 5.18134E+04
 51.0 5.08418E+04
 51.5 4.98852E+04
 52.0 4.89435E+04
 52.5 4.80162E+04
 53.0 4.71031E+04
 53.5 4.62037E+04
 54.0 4.53179E+04
 54.5 4.44451E+04
 55.0 4.35852E+04
 55.5 4.27378E+04
 56.0 4.19025E+04
 56.5 4.10791E+04
 57.0 4.02672E+04
 57.5 3.94666E+04
 58.0 1.07814E+05
 58.5 3.78978E+04
 59.0 3.71290E+04
 59.5 1.57124E+05
 60.0 3.56213E+04
 60.5 3.48818E+04
 61.0 3.41515E+04
 61.5 3.34301E+04
 62.0 3.27175E+04
 62.5 3.20133E+04
 63.0 3.13173E+04
 63.5 3.06293E+04
 64.0 2.99491E+04
 64.5 2.92764E+04
 65.0 2.86110E+04
 65.5 2.79528E+04
 66.0 2.73014E+04
 66.5 2.66568E+04
 67.0 6.58253E+04
 67.5 2.53870E+04
 68.0 2.47615E+04
 68.5 2.41421E+04
 69.0 3.40023E+04
 69.5 2.25703E+04
 70.0 2.02810E+04
 70.5 1.98093E+04
 71.0 1.93371E+04
 71.5 1.88644E+04
 72.0 1.83913E+04
 72.5 1.79179E+04
 73.0 1.74443E+04
 73.5 1.69706E+04
 74.0 1.64968E+04
 74.5 1.60230E+04
 75.0 1.55494E+04
 75.5 1.50759E+04
 76.0 1.46026E+04
 76.5 1.41296E+04
 77.0 1.36571E+04
 77.5 1.31850E+04
 78.0 1.27134E+04
 78.5 1.22424E+04
 79.0 1.17721E+04
 79.5 1.13025E+04
 80.0 1.08337E+04
 80.5 1.03658E+04
 81.0 9.89885E+03
 81.5 9.43291E+03
 82.0 8.96805E+03
 82.5 8.50433E+03
 83.0 8.04183E+03
 83.5 7.58061E+03
 84.0 7.12074E+03
 84.5 6.66228E+03
 85.0 6.20531E+03
 85.5 5.74988E+03
 86.0 5.29606E+03
 86.5 4.84392E+03
 87.0 4.39353E+03
 87.5 3.94494E+03
 88.0 3.49824E+03
 88.5 3.05348E+03
 89.0 2.61073E+03
 89.5 2.17005E+03
 90.0 1.73151E+03
 90.5 1.29518E+03
 91.0 8.61129E+02
 91.5 4.29413E+02
 92.0 3.57253E+01
