092K12D0W2
  0.5 0.00000E+00
  1.0 0.00000E+00
  1.5 0.00000E+00
  2.0 0.00000E+00
  2.5 0.00000E+00
  3.0 0.00000E+00
  3.5 2.31776E+04
  4.0 3.05605E+04
  4.5 3.82518E+04
  5.0 4.62400E+04
  5.5 5.45231E+04
  6.0 6.31042E+04
  6.5 7.19914E+04
  7.0 8.11993E+04
  7.5 9.07508E+04
  8.0 1.00677E+05
  8.5 1.33623E+06
  9.0 1.21758E+05
  9.5 1.11689E+06
 10.0 9.33298E+05
 10.5 5.58409E+04
 11.0 5.98807E+04
 11.5 1.44255E+05
 12.0 4.57810E+04
 12.5 4.25281E+04
 13.0 4.50445E+04
 13.5 4.75924E+04
 14.0 5.01715E+04
 14.5 5.27803E+04
 15.0 5.54162E+04
 15.5 5.80739E+04
 16.0 6.07462E+04
 16.5 6.34228E+04
 17.0 6.60908E+04
 17.5 6.87352E+04
 18.0 7.13386E+04
 18.5 7.38830E+04
 19.0 7.63497E+04
 19.5 7.87205E+04
 20.0 8.09781E+04
 20.5 8.31071E+04
 21.0 8.50939E+04
 21.5 8.69272E+04
 22.0 8.85985E+04
 22.5 9.01017E+04
 23.0 9.14329E+04
 23.5 9.25907E+04
 24.0 9.35759E+04
 24.5 9.43910E+04
 25.0 9.50401E+04
 25.5 9.55284E+04
 26.0 9.58627E+04
 26.5 9.60502E+04
 27.0 9.60988E+04
 27.5 9.60169E+04
 28.0 9.58131E+04
 28.5 9.54961E+04
 29.0 9.50744E+04
 29.5 9.45568E+04
 30.0 9.39513E+04
 30.5 9.32661E+04
 31.0 9.25089E+04
 31.5 9.16871E+04
 32.0 9.08075E+04
 32.5 8.98767E+04
 33.0 8.89008E+04
 33.5 8.78856E+04
 34.0 8.68364E+04
 34.5 8.57581E+04
 35.0 8.46552E+04
 35.5 8.35320E+04
 36.0 8.23921E+04
 36.5 8.12393E+04
 37.0 8.00765E+04
 37.5 7.89068E+04
 38.0 7.77326E+04
 38.5 7.65565E+04
 39.0 7.53804E+04
 39.5 7.42062E+04
 40.0 7.30357E+04
 40.5 7.18704E+04
 41.0 7.07115E+04
 41.5 6.95603E+04
 42.0 6.84177E+04
 42.5 6.72846E+04
 43.0 6.61619E+04
 43.5 6.50501E+04
 44.0 6.39497E+04
 44.5 6.28614E+04
 45.0 6.17853E+04
 45.5 6.07218E+04
 46.0 5.96712E+04
 46.5 5.86336E+04
 47.0 5.76092E+04
 47.5 5.65979E+04
 48.0 5.55999E+04
 48.5 5.46151E+04
 49.0 5.36434E+04
 49.5 5.26848E+04
 50.0 5.17392E+04
 50.5 5.08064E+04
 51.0 4.98863E+04
 51.5 4.89787E+04
 52.0 4.80835E+04
 52.5 4.72004E+04
 53.0 4.63292E+04
 53.5 4.54698E+04
 54.0 4.46218E+04
 54.5 4.37851E+04
 55.0 4.29595E+04
 55.5 4.21447E+04
 56.0 4.13404E+04
 56.5 4.05464E+04
 57.0 3.97626E+04
 57.5 3.89885E+04
 58.0 1.06136E+05
 58.5 3.74691E+04
 59.0 3.67232E+04
 59.5 1.54721E+05
 60.0 3.52580E+04
 60.5 3.45382E+04
 61.0 3.38266E+04
 61.5 3.31230E+04
 62.0 3.24273E+04
 62.5 3.17392E+04
 63.0 3.10586E+04
 63.5 3.03851E+04
 64.0 2.97187E+04
 64.5 2.90592E+04
 65.0 2.84063E+04
 65.5 2.77599E+04
 66.0 2.71198E+04
 66.5 2.64859E+04
 67.0 6.51814E+04
 67.5 2.52360E+04
 68.0 2.46197E+04
 68.5 2.40090E+04
 69.0 3.37598E+04
 69.5 2.23996E+04
 70.0 1.98584E+04
 70.5 1.94117E+04
 71.0 1.89633E+04
 71.5 1.85135E+04
 72.0 1.80622E+04
 72.5 1.76097E+04
 73.0 1.71561E+04
 73.5 1.67014E+04
 74.0 1.62457E+04
 74.5 1.57892E+04
 75.0 1.53319E+04
 75.5 1.48740E+04
 76.0 1.44156E+04
 76.5 1.39567E+04
 77.0 1.34975E+04
 77.5 1.30380E+04
 78.0 1.25784E+04
 78.5 1.21187E+04
 79.0 1.16590E+04
 79.5 1.11995E+04
 80.0 1.07402E+04
 80.5 1.02811E+04
 81.0 9.82247E+03
 81.5 9.36429E+03
 82.0 8.90668E+03
 82.5 8.44971E+03
 83.0 7.99348E+03
 83.5 7.53807E+03
 84.0 7.08355E+03
 84.5 6.63003E+03
 85.0 6.17756E+03
 85.5 5.72625E+03
 86.0 5.27617E+03
 86.5 4.82740E+03
 87.0 4.38002E+03
 87.5 3.93411E+03
 88.0 3.48975E+03
 88.5 3.04702E+03
 89.0 2.60600E+03
 89.5 2.16676E+03
 90.0 1.72939E+03
 90.5 1.29396E+03
 91.0 8.60549E+02
 91.5 4.29235E+02
 92.0 3.57160E+01
