092K16D0W2
  0.5 0.00000E+00
  1.0 0.00000E+00
  1.5 0.00000E+00
  2.0 0.00000E+00
  2.5 0.00000E+00
  3.0 0.00000E+00
  3.5 3.34182E+04
  4.0 4.32579E+04
  4.5 5.35666E+04
  5.0 6.43470E+04
  5.5 7.56113E+04
  6.0 8.73829E+04
  6.5 9.97001E+04
  7.0 1.12621E+05
  7.5 1.26216E+05
  8.0 1.40531E+05
  8.5 2.34068E+06
  9.0 1.71091E+05
  9.5 1.67122E+06
 10.0 1.39434E+06
 10.5 7.74034E+04
 11.0 8.31317E+04
 11.5 2.48517E+05
 12.0 6.33785E+04
 12.5 5.88443E+04
 13.0 6.23800E+04
 13.5 6.59744E+04
 14.0 6.96200E+04
 14.5 7.33036E+04
 15.0 7.70069E+04
 15.5 8.07058E+04
 16.0 8.43715E+04
 16.5 8.79724E+04
 17.0 9.14750E+04
 17.5 9.48461E+04
 18.0 9.80544E+04
 18.5 1.01071E+05
 19.0 1.03873E+05
 19.5 1.06439E+05
 20.0 1.08755E+05
 20.5 1.10811E+05
 21.0 1.12601E+05
 21.5 1.14126E+05
 22.0 1.15386E+05
 22.5 1.16390E+05
 23.0 1.17144E+05
 23.5 1.17660E+05
 24.0 1.17951E+05
 24.5 1.18030E+05
 25.0 1.17911E+05
 25.5 1.17609E+05
 26.0 1.17139E+05
 26.5 1.16516E+05
 27.0 1.15753E+05
 27.5 1.14864E+05
 28.0 1.13864E+05
 28.5 1.12763E+05
 29.0 1.11575E+05
 29.5 1.10310E+05
 30.0 1.08979E+05
 30.5 1.07591E+05
 31.0 1.06154E+05
 31.5 1.04678E+05
 32.0 1.03168E+05
 32.5 1.01633E+05
 33.0 1.00077E+05
 33.5 9.85073E+04
 34.0 9.69278E+04
 34.5 9.53431E+04
 35.0 9.37572E+04
 35.5 9.21735E+04
 36.0 9.05952E+04
 36.5 8.90250E+04
 37.0 8.74653E+04
 37.5 8.59182E+04
 38.0 8.43854E+04
 38.5 8.28685E+04
 39.0 8.13689E+04
 39.5 7.98876E+04
 40.0 7.84256E+04
 40.5 7.69837E+04
 41.0 7.55623E+04
 41.5 7.41621E+04
 42.0 7.27833E+04
 42.5 7.14262E+04
 43.0 7.00909E+04
 43.5 6.87775E+04
 44.0 6.74860E+04
 44.5 6.62163E+04
 45.0 6.49682E+04
 45.5 6.37416E+04
 46.0 6.25362E+04
 46.5 6.13517E+04
 47.0 6.01880E+04
 47.5 5.90445E+04
 48.0 5.79211E+04
 48.5 5.68172E+04
 49.0 5.57325E+04
 49.5 5.46667E+04
 50.0 5.36193E+04
 50.5 5.25898E+04
 51.0 5.15779E+04
 51.5 5.05832E+04
 52.0 4.96052E+04
 52.5 4.86435E+04
 53.0 4.76977E+04
 53.5 4.67673E+04
 54.0 4.58520E+04
 54.5 4.49513E+04
 55.0 4.40648E+04
 55.5 4.31922E+04
 56.0 4.23330E+04
 56.5 4.14868E+04
 57.0 4.06533E+04
 57.5 3.98321E+04
 58.0 1.09100E+05
 58.5 3.82252E+04
 59.0 3.74388E+04
 59.5 1.58962E+05
 60.0 3.58984E+04
 60.5 3.51438E+04
 61.0 3.43991E+04
 61.5 3.36641E+04
 62.0 3.29385E+04
 62.5 3.22220E+04
 63.0 3.15143E+04
 63.5 3.08152E+04
 64.0 3.01244E+04
 64.5 2.94416E+04
 65.0 2.87667E+04
 65.5 2.80993E+04
 66.0 2.74394E+04
 66.5 2.67866E+04
 67.0 6.63158E+04
 67.5 2.55017E+04
 68.0 2.48692E+04
 68.5 2.42431E+04
 69.0 3.41866E+04
 69.5 2.27008E+04
 70.0 2.06075E+04
 70.5 2.01162E+04
 71.0 1.96253E+04
 71.5 1.91347E+04
 72.0 1.86446E+04
 72.5 1.81550E+04
 73.0 1.76659E+04
 73.5 1.71774E+04
 74.0 1.66896E+04
 74.5 1.62024E+04
 75.0 1.57160E+04
 75.5 1.52304E+04
 76.0 1.47457E+04
 76.5 1.42619E+04
 77.0 1.37790E+04
 77.5 1.32972E+04
 78.0 1.28164E+04
 78.5 1.23367E+04
 79.0 1.18583E+04
 79.5 1.13810E+04
 80.0 1.09050E+04
 80.5 1.04303E+04
 81.0 9.95698E+03
 81.5 9.48510E+03
 82.0 9.01470E+03
 82.5 8.54584E+03
 83.0 8.07856E+03
 83.5 7.61291E+03
 84.0 7.14896E+03
 84.5 6.68675E+03
 85.0 6.22634E+03
 85.5 5.76778E+03
 86.0 5.31112E+03
 86.5 4.85643E+03
 87.0 4.40375E+03
 87.5 3.95314E+03
 88.0 3.50466E+03
 88.5 3.05836E+03
 89.0 2.61430E+03
 89.5 2.17253E+03
 90.0 1.73312E+03
 90.5 1.29611E+03
 91.0 8.61567E+02
 91.5 4.29547E+02
 92.0 3.57323E+01
