092K10D0W2
  0.5 0.00000E+00
  1.0 0.00000E+00
  1.5 0.00000E+00
  2.0 0.00000E+00
  2.5 0.00000E+00
  3.0 0.00000E+00
  3.5 1.82371E+04
  4.0 2.44191E+04
  4.5 3.08453E+04
  5.0 3.74969E+04
  5.5 4.43671E+04
  6.0 5.14539E+04
  6.5 5.87585E+04
  7.0 6.62851E+04
  7.5 7.40424E+04
  8.0 8.20439E+04
  8.5 8.64189E+05
  9.0 9.88541E+04
  9.5 8.17622E+05
 10.0 6.84691E+05
 10.5 4.56119E+04
 11.0 4.88951E+04
 11.5 9.83696E+04
 12.0 3.74115E+04
 12.5 3.47589E+04
 13.0 3.68129E+04
 13.5 3.88864E+04
 14.0 4.09793E+04
 14.5 4.30912E+04
 15.0 4.52214E+04
 15.5 4.73686E+04
 16.0 4.95305E+04
 16.5 5.17033E+04
 17.0 5.38819E+04
 17.5 5.60596E+04
 18.0 5.82276E+04
 18.5 6.03761E+04
 19.0 6.24937E+04
 19.5 6.45681E+04
 20.0 6.65866E+04
 20.5 6.85368E+04
 21.0 7.04063E+04
 21.5 7.21836E+04
 22.0 7.38588E+04
 22.5 7.54229E+04
 23.0 7.68685E+04
 23.5 7.81901E+04
 24.0 7.93837E+04
 24.5 8.04466E+04
 25.0 8.13781E+04
 25.5 8.21785E+04
 26.0 8.28494E+04
 26.5 8.33936E+04
 27.0 8.38147E+04
 27.5 8.41170E+04
 28.0 8.43056E+04
 28.5 8.43858E+04
 29.0 8.43635E+04
 29.5 8.42446E+04
 30.0 8.40353E+04
 30.5 8.37418E+04
 31.0 8.33700E+04
 31.5 8.29261E+04
 32.0 8.24159E+04
 32.5 8.18451E+04
 33.0 8.12191E+04
 33.5 8.05432E+04
 34.0 7.98222E+04
 34.5 7.90610E+04
 35.0 7.82638E+04
 35.5 7.74348E+04
 36.0 7.65780E+04
 36.5 7.56968E+04
 37.0 7.47947E+04
 37.5 7.38747E+04
 38.0 7.29397E+04
 38.5 7.19924E+04
 39.0 7.10350E+04
 39.5 7.00700E+04
 40.0 6.90991E+04
 40.5 6.81243E+04
 41.0 6.71473E+04
 41.5 6.61695E+04
 42.0 6.51922E+04
 42.5 6.42167E+04
 43.0 6.32441E+04
 43.5 6.22753E+04
 44.0 6.13113E+04
 44.5 6.03527E+04
 45.0 5.94002E+04
 45.5 5.84544E+04
 46.0 5.75158E+04
 46.5 5.65848E+04
 47.0 5.56618E+04
 47.5 5.47472E+04
 48.0 5.38411E+04
 48.5 5.29438E+04
 49.0 5.20554E+04
 49.5 5.11760E+04
 50.0 5.03058E+04
 50.5 4.94448E+04
 51.0 4.85931E+04
 51.5 4.77505E+04
 52.0 4.69172E+04
 52.5 4.60930E+04
 53.0 4.52779E+04
 53.5 4.44718E+04
 54.0 4.36747E+04
 54.5 4.28863E+04
 55.0 4.21067E+04
 55.5 4.13357E+04
 56.0 4.05731E+04
 56.5 3.98188E+04
 57.0 3.90728E+04
 57.5 3.83347E+04
 58.0 1.03844E+05
 58.5 3.68821E+04
 59.0 3.61672E+04
 59.5 1.51439E+05
 60.0 3.47596E+04
 60.5 3.40666E+04
 61.0 3.33805E+04
 61.5 3.27012E+04
 62.0 3.20285E+04
 62.5 3.13624E+04
 63.0 3.07026E+04
 63.5 3.00490E+04
 64.0 2.94015E+04
 64.5 2.87599E+04
 65.0 2.81242E+04
 65.5 2.74940E+04
 66.0 2.68694E+04
 66.5 2.62503E+04
 67.0 6.42962E+04
 67.5 2.50276E+04
 68.0 2.44239E+04
 68.5 2.38251E+04
 69.0 3.34256E+04
 69.5 2.21662E+04
 70.0 1.92886E+04
 70.5 1.88748E+04
 71.0 1.84581E+04
 71.5 1.80386E+04
 72.0 1.76164E+04
 72.5 1.71918E+04
 73.0 1.67647E+04
 73.5 1.63354E+04
 74.0 1.59041E+04
 74.5 1.54707E+04
 75.0 1.50356E+04
 75.5 1.45987E+04
 76.0 1.41603E+04
 76.5 1.37204E+04
 77.0 1.32793E+04
 77.5 1.28369E+04
 78.0 1.23935E+04
 78.5 1.19491E+04
 79.0 1.15039E+04
 79.5 1.10580E+04
 80.0 1.06116E+04
 80.5 1.01646E+04
 81.0 9.71732E+03
 81.5 9.26977E+03
 82.0 8.82209E+03
 82.5 8.37438E+03
 83.0 7.92675E+03
 83.5 7.47931E+03
 84.0 7.03217E+03
 84.5 6.58543E+03
 85.0 6.13919E+03
 85.5 5.69355E+03
 86.0 5.24862E+03
 86.5 4.80450E+03
 87.0 4.36128E+03
 87.5 3.91907E+03
 88.0 3.47796E+03
 88.5 3.03805E+03
 89.0 2.59942E+03
 89.5 2.16219E+03
 90.0 1.72643E+03
 90.5 1.29226E+03
 91.0 8.59742E+02
 91.5 4.28987E+02
 92.0 3.57030E+01
