092K13D0W2
  0.5 0.00000E+00
  1.0 0.00000E+00
  1.5 0.00000E+00
  2.0 0.00000E+00
  2.5 0.00000E+00
  3.0 0.00000E+00
  3.5 2.56922E+04
  4.0 3.36809E+04
  4.5 4.20142E+04
  5.0 5.06842E+04
  5.5 5.96916E+04
  6.0 6.90431E+04
  6.5 7.87518E+04
  7.0 8.88401E+04
  7.5 9.93413E+04
  8.0 1.10296E+05
  8.5 1.58473E+06
  9.0 1.33649E+05
  9.5 1.26213E+06
 10.0 1.05402E+06
 10.5 6.10833E+04
 11.0 6.55225E+04
 11.5 1.69223E+05
 12.0 5.00653E+04
 12.5 4.65030E+04
 13.0 4.92619E+04
 13.5 5.20592E+04
 14.0 5.48939E+04
 14.5 5.77631E+04
 15.0 6.06618E+04
 15.5 6.35816E+04
 16.0 6.65110E+04
 16.5 6.94352E+04
 17.0 7.23361E+04
 17.5 7.51939E+04
 18.0 7.79870E+04
 18.5 8.06934E+04
 19.0 8.32917E+04
 19.5 8.57618E+04
 20.0 8.80856E+04
 20.5 9.02475E+04
 21.0 9.22349E+04
 21.5 9.40382E+04
 22.0 9.56507E+04
 22.5 9.70687E+04
 23.0 9.82913E+04
 23.5 9.93198E+04
 24.0 1.00158E+05
 24.5 1.00811E+05
 25.0 1.01285E+05
 25.5 1.01589E+05
 26.0 1.01732E+05
 26.5 1.01722E+05
 27.0 1.01570E+05
 27.5 1.01286E+05
 28.0 1.00880E+05
 28.5 1.00362E+05
 29.0 9.97415E+04
 29.5 9.90280E+04
 30.0 9.82306E+04
 30.5 9.73580E+04
 31.0 9.64184E+04
 31.5 9.54195E+04
 32.0 9.43686E+04
 32.5 9.32723E+04
 33.0 9.21369E+04
 33.5 9.09683E+04
 34.0 8.97716E+04
 34.5 8.85519E+04
 35.0 8.73136E+04
 35.5 8.60607E+04
 36.0 8.47969E+04
 36.5 8.35257E+04
 37.0 8.22500E+04
 37.5 8.09725E+04
 38.0 7.96957E+04
 38.5 7.84217E+04
 39.0 7.71525E+04
 39.5 7.58897E+04
 40.0 7.46348E+04
 40.5 7.33893E+04
 41.0 7.21541E+04
 41.5 7.09304E+04
 42.0 6.97188E+04
 42.5 6.85203E+04
 43.0 6.73353E+04
 43.5 6.61643E+04
 44.0 6.50078E+04
 44.5 6.38660E+04
 45.0 6.27392E+04
 45.5 6.16276E+04
 46.0 6.05312E+04
 46.5 5.94501E+04
 47.0 5.83844E+04
 47.5 5.73339E+04
 48.0 5.62986E+04
 48.5 5.52784E+04
 49.0 5.42730E+04
 49.5 5.32825E+04
 50.0 5.23065E+04
 50.5 5.13448E+04
 51.0 5.03973E+04
 51.5 4.94636E+04
 52.0 4.85436E+04
 52.5 4.76369E+04
 53.0 4.67434E+04
 53.5 4.58626E+04
 54.0 4.49944E+04
 54.5 4.41385E+04
 55.0 4.32946E+04
 55.5 4.24623E+04
 56.0 4.16415E+04
 56.5 4.08318E+04
 57.0 4.00330E+04
 57.5 3.92447E+04
 58.0 1.07035E+05
 58.5 3.76989E+04
 59.0 3.69407E+04
 59.5 1.56008E+05
 60.0 3.54528E+04
 60.5 3.47224E+04
 61.0 3.40008E+04
 61.5 3.32877E+04
 62.0 3.25830E+04
 62.5 3.18863E+04
 63.0 3.11974E+04
 63.5 3.05162E+04
 64.0 2.98423E+04
 64.5 2.91757E+04
 65.0 2.85162E+04
 65.5 2.78634E+04
 66.0 2.72173E+04
 66.5 2.65777E+04
 67.0 6.55268E+04
 67.5 2.53171E+04
 68.0 2.46959E+04
 68.5 2.40804E+04
 69.0 3.38899E+04
 69.5 2.24911E+04
 70.0 2.00843E+04
 70.5 1.96242E+04
 71.0 1.91631E+04
 71.5 1.87011E+04
 72.0 1.82382E+04
 72.5 1.77746E+04
 73.0 1.73103E+04
 73.5 1.68455E+04
 74.0 1.63801E+04
 74.5 1.59144E+04
 75.0 1.54484E+04
 75.5 1.49821E+04
 76.0 1.45158E+04
 76.5 1.40494E+04
 77.0 1.35830E+04
 77.5 1.31168E+04
 78.0 1.26508E+04
 78.5 1.21850E+04
 79.0 1.17196E+04
 79.5 1.12547E+04
 80.0 1.07903E+04
 80.5 1.03266E+04
 81.0 9.86345E+03
 81.5 9.40112E+03
 82.0 8.93962E+03
 82.5 8.47903E+03
 83.0 8.01944E+03
 83.5 7.56091E+03
 84.0 7.10352E+03
 84.5 6.64735E+03
 85.0 6.19246E+03
 85.5 5.73894E+03
 86.0 5.28685E+03
 86.5 4.83627E+03
 87.0 4.38728E+03
 87.5 3.93993E+03
 88.0 3.49431E+03
 88.5 3.05049E+03
 89.0 2.60854E+03
 89.5 2.16853E+03
 90.0 1.73053E+03
 90.5 1.29462E+03
 91.0 8.60861E+02
 91.5 4.29331E+02
 92.0 3.57210E+01
