092K19D0W2
  0.5 0.00000E+00
  1.0 0.00000E+00
  1.5 0.00000E+00
  2.0 0.00000E+00
  2.5 0.00000E+00
  3.0 0.00000E+00
  3.5 4.14441E+04
  4.0 5.32035E+04
  4.5 6.55788E+04
  5.0 7.85865E+04
  5.5 9.22583E+04
  6.0 1.06647E+05
  6.5 1.21837E+05
  7.0 1.37934E+05
  7.5 1.55020E+05
  8.0 1.73064E+05
  8.5 3.07499E+06
  9.0 2.10971E+05
  9.5 2.03733E+06
 10.0 1.69915E+06
 10.5 9.47586E+04
 11.0 1.01904E+05
 11.5 3.30258E+05
 12.0 7.74939E+04
 12.5 7.19129E+04
 13.0 7.62966E+04
 13.5 8.07476E+04
 14.0 8.52419E+04
 14.5 8.97468E+04
 15.0 9.42228E+04
 15.5 9.86249E+04
 16.0 1.02906E+05
 16.5 1.07019E+05
 17.0 1.10921E+05
 17.5 1.14571E+05
 18.0 1.17938E+05
 18.5 1.20994E+05
 19.0 1.23723E+05
 19.5 1.26113E+05
 20.0 1.28158E+05
 20.5 1.29861E+05
 21.0 1.31227E+05
 21.5 1.32268E+05
 22.0 1.32997E+05
 22.5 1.33431E+05
 23.0 1.33589E+05
 23.5 1.33490E+05
 24.0 1.33153E+05
 24.5 1.32600E+05
 25.0 1.31851E+05
 25.5 1.30924E+05
 26.0 1.29839E+05
 26.5 1.28613E+05
 27.0 1.27264E+05
 27.5 1.25807E+05
 28.0 1.24256E+05
 28.5 1.22627E+05
 29.0 1.20930E+05
 29.5 1.19178E+05
 30.0 1.17381E+05
 30.5 1.15547E+05
 31.0 1.13687E+05
 31.5 1.11807E+05
 32.0 1.09914E+05
 32.5 1.08015E+05
 33.0 1.06114E+05
 33.5 1.04217E+05
 34.0 1.02328E+05
 34.5 1.00450E+05
 35.0 9.85861E+04
 35.5 9.67399E+04
 36.0 9.49134E+04
 36.5 9.31087E+04
 37.0 9.13273E+04
 37.5 8.95708E+04
 38.0 8.78402E+04
 38.5 8.61365E+04
 39.0 8.44605E+04
 39.5 8.28125E+04
 40.0 8.11931E+04
 40.5 7.96024E+04
 41.0 7.80406E+04
 41.5 7.65077E+04
 42.0 7.50035E+04
 42.5 7.35279E+04
 43.0 7.20807E+04
 43.5 7.06615E+04
 44.0 6.92699E+04
 44.5 6.79056E+04
 45.0 6.65681E+04
 45.5 6.52569E+04
 46.0 6.39715E+04
 46.5 6.27114E+04
 47.0 6.14760E+04
 47.5 6.02648E+04
 48.0 5.90771E+04
 48.5 5.79125E+04
 49.0 5.67703E+04
 49.5 5.56500E+04
 50.0 5.45509E+04
 50.5 5.34725E+04
 51.0 5.24143E+04
 51.5 5.13757E+04
 52.0 5.03560E+04
 52.5 4.93548E+04
 53.0 4.83716E+04
 53.5 4.74057E+04
 54.0 4.64567E+04
 54.5 4.55240E+04
 55.0 4.46072E+04
 55.5 4.37058E+04
 56.0 4.28192E+04
 56.5 4.19472E+04
 57.0 4.10891E+04
 57.5 4.02445E+04
 58.0 1.10552E+05
 58.5 3.85944E+04
 59.0 3.77880E+04
 59.5 1.61038E+05
 60.0 3.62105E+04
 60.5 3.54388E+04
 61.0 3.46778E+04
 61.5 3.39274E+04
 62.0 3.31871E+04
 62.5 3.24566E+04
 63.0 3.17357E+04
 63.5 3.10240E+04
 64.0 3.03212E+04
 64.5 2.96271E+04
 65.0 2.89414E+04
 65.5 2.82638E+04
 66.0 2.75942E+04
 66.5 2.69322E+04
 67.0 6.68671E+04
 67.5 2.56302E+04
 68.0 2.49898E+04
 68.5 2.43562E+04
 69.0 3.43935E+04
 69.5 2.28480E+04
 70.0 2.09793E+04
 70.5 2.04655E+04
 71.0 1.99531E+04
 71.5 1.94420E+04
 72.0 1.89323E+04
 72.5 1.84240E+04
 73.0 1.79171E+04
 73.5 1.74117E+04
 74.0 1.69078E+04
 74.5 1.64054E+04
 75.0 1.59045E+04
 75.5 1.54051E+04
 76.0 1.49073E+04
 76.5 1.44112E+04
 77.0 1.39166E+04
 77.5 1.34237E+04
 78.0 1.29325E+04
 78.5 1.24430E+04
 79.0 1.19553E+04
 79.5 1.14693E+04
 80.0 1.09851E+04
 80.5 1.05028E+04
 81.0 1.00223E+04
 81.5 9.54371E+03
 82.0 9.06707E+03
 82.5 8.59240E+03
 83.0 8.11973E+03
 83.5 7.64911E+03
 84.0 7.18057E+03
 84.5 6.71415E+03
 85.0 6.24988E+03
 85.5 5.78781E+03
 86.0 5.32798E+03
 86.5 4.87042E+03
 87.0 4.41518E+03
 87.5 3.96231E+03
 88.0 3.51184E+03
 88.5 3.06382E+03
 89.0 2.61829E+03
 89.5 2.17531E+03
 90.0 1.73491E+03
 90.5 1.29714E+03
 91.0 8.62055E+02
 91.5 4.29697E+02
 92.0 3.57401E+01
