092K21D0W2
  0.5 0.00000E+00
  1.0 0.00000E+00
  1.5 0.00000E+00
  2.0 0.00000E+00
  2.5 0.00000E+00
  3.0 0.00000E+00
  3.5 4.69852E+04
  4.0 6.00732E+04
  4.5 7.38882E+04
  5.0 8.84595E+04
  5.5 1.03838E+05
  6.0 1.20107E+05
  6.5 1.37393E+05
  7.0 1.55826E+05
  7.5 1.75452E+05
  8.0 1.96113E+05
  8.5 3.54102E+06
  9.0 2.38699E+05
  9.5 2.25887E+06
 10.0 1.88366E+06
 10.5 1.06991E+05
 11.0 1.15133E+05
 11.5 3.84565E+05
 12.0 8.74175E+04
 12.5 8.10920E+04
 13.0 8.60717E+04
 13.5 9.11094E+04
 14.0 9.61652E+04
 14.5 1.01190E+05
 15.0 1.06128E+05
 15.5 1.10921E+05
 16.0 1.15513E+05
 16.5 1.19851E+05
 17.0 1.23888E+05
 17.5 1.27588E+05
 18.0 1.30920E+05
 18.5 1.33866E+05
 19.0 1.36414E+05
 19.5 1.38563E+05
 20.0 1.40316E+05
 20.5 1.41684E+05
 21.0 1.42682E+05
 21.5 1.43328E+05
 22.0 1.43644E+05
 22.5 1.43653E+05
 23.0 1.43379E+05
 23.5 1.42846E+05
 24.0 1.42078E+05
 24.5 1.41099E+05
 25.0 1.39932E+05
 25.5 1.38599E+05
 26.0 1.37120E+05
 26.5 1.35513E+05
 27.0 1.33798E+05
 27.5 1.31989E+05
 28.0 1.30103E+05
 28.5 1.28153E+05
 29.0 1.26151E+05
 29.5 1.24108E+05
 30.0 1.22036E+05
 30.5 1.19941E+05
 31.0 1.17834E+05
 31.5 1.15720E+05
 32.0 1.13606E+05
 32.5 1.11498E+05
 33.0 1.09401E+05
 33.5 1.07318E+05
 34.0 1.05253E+05
 34.5 1.03210E+05
 35.0 1.01191E+05
 35.5 9.91985E+04
 36.0 9.72340E+04
 36.5 9.52992E+04
 37.0 9.33954E+04
 37.5 9.15235E+04
 38.0 8.96842E+04
 38.5 8.78781E+04
 39.0 8.61056E+04
 39.5 8.43668E+04
 40.0 8.26618E+04
 40.5 8.09905E+04
 41.0 7.93526E+04
 41.5 7.77480E+04
 42.0 7.61762E+04
 42.5 7.46369E+04
 43.0 7.31295E+04
 43.5 7.16535E+04
 44.0 7.02084E+04
 44.5 6.87936E+04
 45.0 6.74083E+04
 45.5 6.60520E+04
 46.0 6.47241E+04
 46.5 6.34237E+04
 47.0 6.21503E+04
 47.5 6.09031E+04
 48.0 5.96815E+04
 48.5 5.84847E+04
 49.0 5.73121E+04
 49.5 5.61630E+04
 50.0 5.50367E+04
 50.5 5.39326E+04
 51.0 5.28500E+04
 51.5 5.17882E+04
 52.0 5.07467E+04
 52.5 4.97248E+04
 53.0 4.87219E+04
 53.5 4.77373E+04
 54.0 4.67707E+04
 54.5 4.58213E+04
 55.0 4.48886E+04
 55.5 4.39722E+04
 56.0 4.30714E+04
 56.5 4.21858E+04
 57.0 4.13148E+04
 57.5 4.04581E+04
 58.0 1.11305E+05
 58.5 3.87854E+04
 59.0 3.79686E+04
 59.5 1.62113E+05
 60.0 3.63719E+04
 60.5 3.55913E+04
 61.0 3.48219E+04
 61.5 3.40634E+04
 62.0 3.33155E+04
 62.5 3.25778E+04
 63.0 3.18500E+04
 63.5 3.11318E+04
 64.0 3.04228E+04
 64.5 2.97228E+04
 65.0 2.90315E+04
 65.5 2.83487E+04
 66.0 2.76740E+04
 66.5 2.70072E+04
 67.0 6.71520E+04
 67.5 2.56964E+04
 68.0 2.50520E+04
 68.5 2.44145E+04
 69.0 3.45002E+04
 69.5 2.29243E+04
 70.0 2.11734E+04
 70.5 2.06477E+04
 71.0 2.01239E+04
 71.5 1.96020E+04
 72.0 1.90820E+04
 72.5 1.85639E+04
 73.0 1.80478E+04
 73.5 1.75335E+04
 74.0 1.70212E+04
 74.5 1.65107E+04
 75.0 1.60023E+04
 75.5 1.54957E+04
 76.0 1.49911E+04
 76.5 1.44885E+04
 77.0 1.39879E+04
 77.5 1.34892E+04
 78.0 1.29926E+04
 78.5 1.24980E+04
 79.0 1.20054E+04
 79.5 1.15149E+04
 80.0 1.10265E+04
 80.5 1.05402E+04
 81.0 1.00560E+04
 81.5 9.57394E+03
 82.0 9.09408E+03
 82.5 8.61640E+03
 83.0 8.14096E+03
 83.5 7.66777E+03
 84.0 7.19686E+03
 84.5 6.72826E+03
 85.0 6.26200E+03
 85.5 5.79812E+03
 86.0 5.33665E+03
 86.5 4.87762E+03
 87.0 4.42106E+03
 87.5 3.96702E+03
 88.0 3.51553E+03
 88.5 3.06662E+03
 89.0 2.62034E+03
 89.5 2.17673E+03
 90.0 1.73583E+03
 90.5 1.29767E+03
 91.0 8.62305E+02
 91.5 4.29774E+02
 92.0 3.57441E+01
