092K20D0W2
  0.5 0.00000E+00
  1.0 0.00000E+00
  1.5 0.00000E+00
  2.0 0.00000E+00
  2.5 0.00000E+00
  3.0 0.00000E+00
  3.5 4.41942E+04
  4.0 5.66124E+04
  4.5 6.97008E+04
  5.0 8.34817E+04
  5.5 9.79956E+04
  6.0 1.13310E+05
  6.5 1.29528E+05
  7.0 1.46770E+05
  7.5 1.65107E+05
  8.0 1.84451E+05
  8.5 3.31063E+06
  9.0 2.24733E+05
  9.5 2.15023E+06
 10.0 1.79317E+06
 10.5 1.00804E+05
 11.0 1.08445E+05
 11.5 3.57477E+05
 12.0 8.24013E+04
 12.5 7.64528E+04
 13.0 8.11323E+04
 13.5 8.58761E+04
 14.0 9.06530E+04
 14.5 9.54220E+04
 15.0 1.00136E+05
 15.5 1.04743E+05
 16.0 1.09190E+05
 16.5 1.13428E+05
 17.0 1.17411E+05
 17.5 1.21100E+05
 18.0 1.24462E+05
 18.5 1.27476E+05
 19.0 1.30127E+05
 19.5 1.32407E+05
 20.0 1.34315E+05
 20.5 1.35859E+05
 21.0 1.37048E+05
 21.5 1.37897E+05
 22.0 1.38424E+05
 22.5 1.38649E+05
 23.0 1.38592E+05
 23.5 1.38277E+05
 24.0 1.37726E+05
 24.5 1.36959E+05
 25.0 1.36000E+05
 25.5 1.34868E+05
 26.0 1.33584E+05
 26.5 1.32166E+05
 27.0 1.30630E+05
 27.5 1.28995E+05
 28.0 1.27274E+05
 28.5 1.25481E+05
 29.0 1.23628E+05
 29.5 1.21727E+05
 30.0 1.19789E+05
 30.5 1.17822E+05
 31.0 1.15835E+05
 31.5 1.13835E+05
 32.0 1.11828E+05
 32.5 1.09822E+05
 33.0 1.07820E+05
 33.5 1.05827E+05
 34.0 1.03847E+05
 34.5 1.01884E+05
 35.0 9.99399E+04
 35.5 9.80180E+04
 36.0 9.61201E+04
 36.5 9.42481E+04
 37.0 9.24033E+04
 37.5 9.05871E+04
 38.0 8.88002E+04
 38.5 8.70434E+04
 39.0 8.53173E+04
 39.5 8.36222E+04
 40.0 8.19584E+04
 40.5 8.03258E+04
 41.0 7.87245E+04
 41.5 7.71543E+04
 42.0 7.56150E+04
 42.5 7.41063E+04
 43.0 7.26278E+04
 43.5 7.11791E+04
 44.0 6.97597E+04
 44.5 6.83690E+04
 45.0 6.70067E+04
 45.5 6.56720E+04
 46.0 6.43645E+04
 46.5 6.30834E+04
 47.0 6.18282E+04
 47.5 6.05982E+04
 48.0 5.93928E+04
 48.5 5.82114E+04
 49.0 5.70534E+04
 49.5 5.59180E+04
 50.0 5.48048E+04
 50.5 5.37130E+04
 51.0 5.26420E+04
 51.5 5.15913E+04
 52.0 5.05602E+04
 52.5 4.95482E+04
 53.0 4.85547E+04
 53.5 4.75791E+04
 54.0 4.66209E+04
 54.5 4.56795E+04
 55.0 4.47544E+04
 55.5 4.38451E+04
 56.0 4.29511E+04
 56.5 4.20720E+04
 57.0 4.12072E+04
 57.5 4.03562E+04
 58.0 1.10946E+05
 58.5 3.86943E+04
 59.0 3.78825E+04
 59.5 1.61600E+05
 60.0 3.62950E+04
 60.5 3.55186E+04
 61.0 3.47532E+04
 61.5 3.39986E+04
 62.0 3.32543E+04
 62.5 3.25200E+04
 63.0 3.17955E+04
 63.5 3.10804E+04
 64.0 3.03744E+04
 64.5 2.96772E+04
 65.0 2.89886E+04
 65.5 2.83083E+04
 66.0 2.76360E+04
 66.5 2.69715E+04
 67.0 6.70162E+04
 67.5 2.56649E+04
 68.0 2.50224E+04
 68.5 2.43868E+04
 69.0 3.44493E+04
 69.5 2.28879E+04
 70.0 2.10807E+04
 70.5 2.05607E+04
 71.0 2.00423E+04
 71.5 1.95256E+04
 72.0 1.90106E+04
 72.5 1.84971E+04
 73.0 1.79854E+04
 73.5 1.74754E+04
 74.0 1.69671E+04
 74.5 1.64605E+04
 75.0 1.59556E+04
 75.5 1.54525E+04
 76.0 1.49512E+04
 76.5 1.44516E+04
 77.0 1.39539E+04
 77.5 1.34580E+04
 78.0 1.29639E+04
 78.5 1.24718E+04
 79.0 1.19815E+04
 79.5 1.14932E+04
 80.0 1.10068E+04
 80.5 1.05223E+04
 81.0 1.00399E+04
 81.5 9.55954E+03
 82.0 9.08120E+03
 82.5 8.60496E+03
 83.0 8.13085E+03
 83.5 7.65888E+03
 84.0 7.18910E+03
 84.5 6.72154E+03
 85.0 6.25623E+03
 85.5 5.79321E+03
 86.0 5.33252E+03
 86.5 4.87419E+03
 87.0 4.41826E+03
 87.5 3.96478E+03
 88.0 3.51377E+03
 88.5 3.06529E+03
 89.0 2.61937E+03
 89.5 2.17605E+03
 90.0 1.73539E+03
 90.5 1.29742E+03
 91.0 8.62186E+02
 91.5 4.29737E+02
 92.0 3.57422E+01
