093K09D0W2
  0.5 0.00000E+00
  1.0 0.00000E+00
  1.5 0.00000E+00
  2.0 0.00000E+00
  2.5 0.00000E+00
  3.0 0.00000E+00
  3.5 1.56411E+04
  4.0 2.11809E+04
  4.5 2.69371E+04
  5.0 3.28861E+04
  5.5 3.90187E+04
  6.0 4.53309E+04
  6.5 5.18214E+04
  7.0 5.84913E+04
  7.5 6.53441E+04
  8.0 7.23869E+04
  8.5 6.30263E+05
  9.0 8.70890E+04
  9.5 6.55045E+05
 10.0 5.49739E+05
 10.5 4.03086E+04
 11.0 4.32157E+04
 11.5 7.64619E+04
 12.0 3.30829E+04
 12.5 3.07437E+04
 13.0 3.25688E+04
 13.5 3.44089E+04
 14.0 3.62636E+04
 14.5 3.81327E+04
 15.0 4.00158E+04
 15.5 4.19124E+04
 16.0 4.38213E+04
 16.5 4.57410E+04
 17.0 4.76688E+04
 17.5 4.96013E+04
 18.0 5.15335E+04
 18.5 5.34596E+04
 19.0 5.53722E+04
 19.5 5.72629E+04
 20.0 5.91226E+04
 20.5 6.09415E+04
 21.0 6.27094E+04
 21.5 6.44166E+04
 22.0 6.60533E+04
 22.5 6.76107E+04
 23.0 6.90808E+04
 23.5 7.04566E+04
 24.0 7.17323E+04
 24.5 7.29033E+04
 25.0 7.39664E+04
 25.5 7.49193E+04
 26.0 7.57611E+04
 26.5 7.64920E+04
 27.0 7.71130E+04
 27.5 7.76261E+04
 28.0 7.80340E+04
 28.5 7.83398E+04
 29.0 7.85475E+04
 29.5 7.86613E+04
 30.0 7.86856E+04
 30.5 7.86253E+04
 31.0 7.84851E+04
 31.5 7.82701E+04
 32.0 7.79851E+04
 32.5 7.76351E+04
 33.0 7.72249E+04
 33.5 7.67591E+04
 34.0 7.62424E+04
 34.5 7.56792E+04
 35.0 7.50735E+04
 35.5 7.44293E+04
 36.0 7.37505E+04
 36.5 7.30407E+04
 37.0 7.23032E+04
 37.5 7.15411E+04
 38.0 7.07574E+04
 38.5 6.99548E+04
 39.0 6.91360E+04
 39.5 6.83032E+04
 40.0 6.74586E+04
 40.5 6.66043E+04
 41.0 6.57421E+04
 41.5 6.48737E+04
 42.0 6.40007E+04
 42.5 6.31244E+04
 43.0 6.22462E+04
 43.5 6.13672E+04
 44.0 6.04885E+04
 44.5 5.96110E+04
 45.0 5.87356E+04
 45.5 5.78631E+04
 46.0 5.69941E+04
 46.5 5.61293E+04
 47.0 5.52692E+04
 47.5 5.44142E+04
 48.0 5.35648E+04
 48.5 5.27213E+04
 49.0 5.18841E+04
 49.5 5.10533E+04
 50.0 5.02293E+04
 50.5 4.94121E+04
 51.0 4.86020E+04
 51.5 4.77990E+04
 52.0 4.70033E+04
 52.5 4.62149E+04
 53.0 4.54338E+04
 53.5 4.46601E+04
 54.0 4.38937E+04
 54.5 4.31346E+04
 55.0 4.23828E+04
 55.5 4.16383E+04
 56.0 4.09010E+04
 56.5 4.01708E+04
 57.0 3.94477E+04
 57.5 3.87315E+04
 58.0 1.07515E+05
 58.5 3.73195E+04
 59.0 3.66237E+04
 59.5 1.57777E+05
 60.0 3.52514E+04
 60.5 3.45749E+04
 61.0 3.39046E+04
 61.5 3.32403E+04
 62.0 3.25821E+04
 62.5 3.19298E+04
 63.0 3.12832E+04
 63.5 3.06423E+04
 64.0 3.00070E+04
 64.5 2.93770E+04
 65.0 2.87524E+04
 65.5 2.81330E+04
 66.0 2.75186E+04
 66.5 2.69093E+04
 67.0 6.71711E+04
 67.5 2.57052E+04
 68.0 2.51102E+04
 68.5 2.45198E+04
 69.0 3.47233E+04
 69.5 2.27880E+04
 70.0 1.94855E+04
 70.5 1.91020E+04
 71.0 1.87147E+04
 71.5 1.83237E+04
 72.0 1.79291E+04
 72.5 1.75312E+04
 73.0 1.71300E+04
 73.5 1.67258E+04
 74.0 1.63186E+04
 74.5 1.59087E+04
 75.0 1.54961E+04
 75.5 1.50811E+04
 76.0 1.46637E+04
 76.5 1.42442E+04
 77.0 1.38226E+04
 77.5 1.33991E+04
 78.0 1.29738E+04
 78.5 1.25468E+04
 79.0 1.21184E+04
 79.5 1.16886E+04
 80.0 1.12575E+04
 80.5 1.08253E+04
 81.0 1.03922E+04
 81.5 9.95811E+03
 82.0 9.52333E+03
 82.5 9.08792E+03
 83.0 8.65201E+03
 83.5 8.21571E+03
 84.0 7.77914E+03
 84.5 7.34243E+03
 85.0 6.90567E+03
 85.5 6.46898E+03
 86.0 6.03248E+03
 86.5 5.59628E+03
 87.0 5.16047E+03
 87.5 4.72518E+03
 88.0 4.29050E+03
 88.5 3.85654E+03
 89.0 3.42340E+03
 89.5 2.99119E+03
 90.0 2.56001E+03
 90.5 2.12996E+03
 91.0 1.70114E+03
 91.5 1.27364E+03
 92.0 8.47563E+02
 92.5 4.23009E+02
 93.0 3.52105E+01
