093K08D0W2
  0.5 0.00000E+00
  1.0 0.00000E+00
  1.5 0.00000E+00
  2.0 0.00000E+00
  2.5 0.00000E+00
  3.0 0.00000E+00
  3.5 1.32729E+04
  4.0 1.82181E+04
  4.5 2.33570E+04
  5.0 2.86607E+04
  5.5 3.41173E+04
  6.0 3.97214E+04
  6.5 4.54700E+04
  7.0 5.13621E+04
  7.5 5.73985E+04
  8.0 6.35818E+04
  8.5 4.43590E+05
  9.0 7.64138E+04
  9.5 5.08450E+05
 10.0 4.28038E+05
 10.5 3.54168E+04
 11.0 3.79784E+04
 11.5 5.92017E+04
 12.0 2.90713E+04
 12.5 2.70161E+04
 13.0 2.86275E+04
 13.5 3.02497E+04
 14.0 3.18823E+04
 14.5 3.35251E+04
 15.0 3.51776E+04
 15.5 3.68394E+04
 16.0 3.85099E+04
 16.5 4.01884E+04
 17.0 4.18735E+04
 17.5 4.35636E+04
 18.0 4.52560E+04
 18.5 4.69474E+04
 19.0 4.86337E+04
 19.5 5.03097E+04
 20.0 5.19695E+04
 20.5 5.36062E+04
 21.0 5.52126E+04
 21.5 5.67811E+04
 22.0 5.83038E+04
 22.5 5.97731E+04
 23.0 6.11817E+04
 23.5 6.25226E+04
 24.0 6.37899E+04
 24.5 6.49780E+04
 25.0 6.60825E+04
 25.5 6.70997E+04
 26.0 6.80271E+04
 26.5 6.88629E+04
 27.0 6.96062E+04
 27.5 7.02569E+04
 28.0 7.08158E+04
 28.5 7.12842E+04
 29.0 7.16640E+04
 29.5 7.19578E+04
 30.0 7.21683E+04
 30.5 7.22987E+04
 31.0 7.23526E+04
 31.5 7.23336E+04
 32.0 7.22455E+04
 32.5 7.20922E+04
 33.0 7.18776E+04
 33.5 7.16056E+04
 34.0 7.12802E+04
 34.5 7.09050E+04
 35.0 7.04839E+04
 35.5 7.00203E+04
 36.0 6.95178E+04
 36.5 6.89797E+04
 37.0 6.84090E+04
 37.5 6.78089E+04
 38.0 6.71822E+04
 38.5 6.65315E+04
 39.0 6.58595E+04
 39.5 6.51683E+04
 40.0 6.44604E+04
 40.5 6.37377E+04
 41.0 6.30021E+04
 41.5 6.22556E+04
 42.0 6.14996E+04
 42.5 6.07358E+04
 43.0 5.99654E+04
 43.5 5.91900E+04
 44.0 5.84105E+04
 44.5 5.76282E+04
 45.0 5.68439E+04
 45.5 5.60587E+04
 46.0 5.52733E+04
 46.5 5.44884E+04
 47.0 5.37047E+04
 47.5 5.29229E+04
 48.0 5.21435E+04
 48.5 5.13669E+04
 49.0 5.05936E+04
 49.5 4.98240E+04
 50.0 4.90583E+04
 50.5 4.82970E+04
 51.0 4.75402E+04
 51.5 4.67882E+04
 52.0 4.60411E+04
 52.5 4.52991E+04
 53.0 4.45624E+04
 53.5 4.38311E+04
 54.0 4.31051E+04
 54.5 4.23847E+04
 55.0 4.16698E+04
 55.5 4.09605E+04
 56.0 4.02567E+04
 56.5 3.95586E+04
 57.0 3.88661E+04
 57.5 3.81791E+04
 58.0 1.05506E+05
 58.5 3.68216E+04
 59.0 3.61511E+04
 59.5 1.54875E+05
 60.0 3.48262E+04
 60.5 3.41717E+04
 61.0 3.35224E+04
 61.5 3.28783E+04
 62.0 3.22392E+04
 62.5 3.16051E+04
 63.0 3.09759E+04
 63.5 3.03516E+04
 64.0 2.97320E+04
 64.5 2.91171E+04
 65.0 2.85068E+04
 65.5 2.79011E+04
 66.0 2.72998E+04
 66.5 2.67028E+04
 67.0 6.63786E+04
 67.5 2.55218E+04
 68.0 2.49376E+04
 68.5 2.43574E+04
 69.0 3.44244E+04
 69.5 2.25854E+04
 70.0 1.90057E+04
 70.5 1.86480E+04
 71.0 1.82856E+04
 71.5 1.79185E+04
 72.0 1.75471E+04
 72.5 1.71713E+04
 73.0 1.67915E+04
 73.5 1.64078E+04
 74.0 1.60203E+04
 74.5 1.56292E+04
 75.0 1.52347E+04
 75.5 1.48370E+04
 76.0 1.44362E+04
 76.5 1.40324E+04
 77.0 1.36258E+04
 77.5 1.32167E+04
 78.0 1.28050E+04
 78.5 1.23911E+04
 79.0 1.19750E+04
 79.5 1.15569E+04
 80.0 1.11369E+04
 80.5 1.07151E+04
 81.0 1.02919E+04
 81.5 9.86712E+03
 82.0 9.44108E+03
 82.5 9.01389E+03
 83.0 8.58567E+03
 83.5 8.15655E+03
 84.0 7.72668E+03
 84.5 7.29618E+03
 85.0 6.86517E+03
 85.5 6.43379E+03
 86.0 6.00216E+03
 86.5 5.57041E+03
 87.0 5.13866E+03
 87.5 4.70703E+03
 88.0 4.27564E+03
 88.5 3.84460E+03
 89.0 3.41403E+03
 89.5 2.98405E+03
 90.0 2.55478E+03
 90.5 2.12631E+03
 91.0 1.69878E+03
 91.5 1.27228E+03
 92.0 8.46918E+02
 92.5 4.22811E+02
 93.0 3.52001E+01
