093K17D0W2
  0.5 0.00000E+00
  1.0 0.00000E+00
  1.5 0.00000E+00
  2.0 0.00000E+00
  2.5 0.00000E+00
  3.0 0.00000E+00
  3.5 3.57037E+04
  4.0 4.60895E+04
  4.5 5.69861E+04
  5.0 6.83994E+04
  5.5 8.03459E+04
  6.0 9.28555E+04
  6.5 1.05977E+05
  7.0 1.19780E+05
  7.5 1.34345E+05
  8.0 1.49714E+05
  8.5 2.56457E+06
  9.0 1.82478E+05
  9.5 1.79341E+06
 10.0 1.49598E+06
 10.5 8.24026E+04
 11.0 8.85455E+04
 11.5 2.72376E+05
 12.0 6.74845E+04
 12.5 6.26591E+04
 13.0 6.64490E+04
 13.5 7.03046E+04
 14.0 7.42151E+04
 14.5 7.81634E+04
 15.0 8.21264E+04
 15.5 8.60746E+04
 16.0 8.99743E+04
 16.5 9.37888E+04
 17.0 9.74808E+04
 17.5 1.01014E+05
 18.0 1.04355E+05
 18.5 1.07475E+05
 19.0 1.10349E+05
 19.5 1.12958E+05
 20.0 1.15289E+05
 20.5 1.17334E+05
 21.0 1.19089E+05
 21.5 1.20557E+05
 22.0 1.21743E+05
 22.5 1.22655E+05
 23.0 1.23304E+05
 23.5 1.23704E+05
 24.0 1.23868E+05
 24.5 1.23814E+05
 25.0 1.23556E+05
 25.5 1.23112E+05
 26.0 1.22496E+05
 26.5 1.21725E+05
 27.0 1.20815E+05
 27.5 1.19780E+05
 28.0 1.18634E+05
 28.5 1.17391E+05
 29.0 1.16061E+05
 29.5 1.14658E+05
 30.0 1.13192E+05
 30.5 1.11672E+05
 31.0 1.10107E+05
 31.5 1.08506E+05
 32.0 1.06876E+05
 32.5 1.05224E+05
 33.0 1.03556E+05
 33.5 1.01877E+05
 34.0 1.00192E+05
 34.5 9.85060E+04
 35.0 9.68223E+04
 35.5 9.51446E+04
 36.0 9.34757E+04
 36.5 9.18184E+04
 37.0 9.01749E+04
 37.5 8.85473E+04
 38.0 8.69371E+04
 38.5 8.53460E+04
 39.0 8.37750E+04
 39.5 8.22252E+04
 40.0 8.06974E+04
 40.5 7.91923E+04
 41.0 7.77104E+04
 41.5 7.62519E+04
 42.0 7.48173E+04
 42.5 7.34066E+04
 43.0 7.20200E+04
 43.5 7.06572E+04
 44.0 6.93184E+04
 44.5 6.80033E+04
 45.0 6.67117E+04
 45.5 6.54434E+04
 46.0 6.41980E+04
 46.5 6.29752E+04
 47.0 6.17747E+04
 47.5 6.05960E+04
 48.0 5.94387E+04
 48.5 5.83025E+04
 49.0 5.71868E+04
 49.5 5.60912E+04
 50.0 5.50153E+04
 50.5 5.39586E+04
 51.0 5.29207E+04
 51.5 5.19010E+04
 52.0 5.08990E+04
 52.5 4.99145E+04
 53.0 4.89468E+04
 53.5 4.79954E+04
 54.0 4.70601E+04
 54.5 4.61403E+04
 55.0 4.52355E+04
 55.5 4.43454E+04
 56.0 4.34696E+04
 56.5 4.26075E+04
 57.0 4.17588E+04
 57.5 4.09232E+04
 58.0 1.15528E+05
 58.5 3.92893E+04
 59.0 3.84904E+04
 59.5 1.69327E+05
 60.0 3.69268E+04
 60.5 3.61614E+04
 61.0 3.54065E+04
 61.5 3.46618E+04
 62.0 3.39270E+04
 62.5 3.32017E+04
 63.0 3.24858E+04
 63.5 3.17788E+04
 64.0 3.10806E+04
 64.5 3.03909E+04
 65.0 2.97093E+04
 65.5 2.90358E+04
 66.0 2.83700E+04
 66.5 2.77117E+04
 67.0 7.02783E+04
 67.5 2.64167E+04
 68.0 2.57797E+04
 68.5 2.51493E+04
 69.0 3.58878E+04
 69.5 2.35918E+04
 70.0 2.14574E+04
 70.5 2.09625E+04
 71.0 2.04683E+04
 71.5 1.99748E+04
 72.0 1.94820E+04
 72.5 1.89900E+04
 73.0 1.84989E+04
 73.5 1.80086E+04
 74.0 1.75192E+04
 74.5 1.70307E+04
 75.0 1.65433E+04
 75.5 1.60568E+04
 76.0 1.55714E+04
 76.5 1.50871E+04
 77.0 1.46040E+04
 77.5 1.41220E+04
 78.0 1.36412E+04
 78.5 1.31617E+04
 79.0 1.26836E+04
 79.5 1.22067E+04
 80.0 1.17313E+04
 80.5 1.12572E+04
 81.0 1.07847E+04
 81.5 1.03136E+04
 82.0 9.84414E+03
 82.5 9.37624E+03
 83.0 8.90999E+03
 83.5 8.44542E+03
 84.0 7.98257E+03
 84.5 7.52151E+03
 85.0 7.06225E+03
 85.5 6.60487E+03
 86.0 6.14939E+03
 86.5 5.69587E+03
 87.0 5.24436E+03
 87.5 4.79489E+03
 88.0 4.34752E+03
 88.5 3.90230E+03
 89.0 3.45928E+03
 89.5 3.01850E+03
 90.0 2.58001E+03
 90.5 2.14387E+03
 91.0 1.71012E+03
 91.5 1.27882E+03
 92.0 8.50017E+02
 92.5 4.23763E+02
 93.0 3.52498E+01
