093K12D0W2
  0.5 0.00000E+00
  1.0 0.00000E+00
  1.5 0.00000E+00
  2.0 0.00000E+00
  2.5 0.00000E+00
  3.0 0.00000E+00
  3.5 2.29390E+04
  4.0 3.02634E+04
  4.5 3.78942E+04
  5.0 4.58196E+04
  5.5 5.40372E+04
  6.0 6.25499E+04
  6.5 7.13652E+04
  7.0 8.04967E+04
  7.5 8.99663E+04
  8.0 9.98042E+04
  8.5 1.30909E+06
  9.0 1.20692E+05
  9.5 1.10568E+06
 10.0 9.23982E+05
 10.5 5.54150E+04
 11.0 5.94288E+04
 11.5 1.41484E+05
 12.0 4.54550E+04
 12.5 4.22329E+04
 13.0 4.47370E+04
 13.5 4.72729E+04
 14.0 4.98403E+04
 14.5 5.24382E+04
 15.0 5.50641E+04
 15.5 5.77136E+04
 16.0 6.03799E+04
 16.5 6.30535E+04
 17.0 6.57222E+04
 17.5 6.83716E+04
 18.0 7.09852E+04
 18.5 7.35451E+04
 19.0 7.60330E+04
 19.5 7.84306E+04
 20.0 8.07207E+04
 20.5 8.28874E+04
 21.0 8.49167E+04
 21.5 8.67968E+04
 22.0 8.85184E+04
 22.5 9.00748E+04
 23.0 9.14614E+04
 23.5 9.26763E+04
 24.0 9.37194E+04
 24.5 9.45926E+04
 25.0 9.52994E+04
 25.5 9.58448E+04
 26.0 9.62348E+04
 26.5 9.64764E+04
 27.0 9.65772E+04
 27.5 9.65453E+04
 28.0 9.63891E+04
 28.5 9.61172E+04
 29.0 9.57380E+04
 29.5 9.52602E+04
 30.0 9.46919E+04
 30.5 9.40412E+04
 31.0 9.33158E+04
 31.5 9.25232E+04
 32.0 9.16703E+04
 32.5 9.07637E+04
 33.0 8.98098E+04
 33.5 8.88143E+04
 34.0 8.77826E+04
 34.5 8.67199E+04
 35.0 8.56307E+04
 35.5 8.45193E+04
 36.0 8.33896E+04
 36.5 8.22454E+04
 37.0 8.10898E+04
 37.5 7.99258E+04
 38.0 7.87563E+04
 38.5 7.75835E+04
 39.0 7.64098E+04
 39.5 7.52370E+04
 40.0 7.40671E+04
 40.5 7.29014E+04
 41.0 7.17416E+04
 41.5 7.05887E+04
 42.0 6.94438E+04
 42.5 6.83080E+04
 43.0 6.71820E+04
 43.5 6.60666E+04
 44.0 6.49623E+04
 44.5 6.38696E+04
 45.0 6.27890E+04
 45.5 6.17208E+04
 46.0 6.06652E+04
 46.5 5.96225E+04
 47.0 5.85928E+04
 47.5 5.75763E+04
 48.0 5.65729E+04
 48.5 5.55827E+04
 49.0 5.46056E+04
 49.5 5.36416E+04
 50.0 5.26906E+04
 50.5 5.17525E+04
 51.0 5.08271E+04
 51.5 4.99144E+04
 52.0 4.90141E+04
 52.5 4.81260E+04
 53.0 4.72499E+04
 53.5 4.63857E+04
 54.0 4.55331E+04
 54.5 4.46919E+04
 55.0 4.38619E+04
 55.5 4.30429E+04
 56.0 4.22345E+04
 56.5 4.14366E+04
 57.0 4.06490E+04
 57.5 3.98714E+04
 58.0 1.11674E+05
 58.5 3.83452E+04
 59.0 3.75961E+04
 59.5 1.63777E+05
 60.0 3.61251E+04
 60.5 3.54026E+04
 61.0 3.46885E+04
 61.5 3.39826E+04
 62.0 3.32847E+04
 62.5 3.25946E+04
 63.0 3.19120E+04
 63.5 3.12368E+04
 64.0 3.05687E+04
 64.5 2.99077E+04
 65.0 2.92535E+04
 65.5 2.86059E+04
 66.0 2.79647E+04
 66.5 2.73299E+04
 67.0 6.87944E+04
 67.5 2.60784E+04
 68.0 2.54614E+04
 68.5 2.48502E+04
 69.0 3.53331E+04
 69.5 2.32059E+04
 70.0 2.04975E+04
 70.5 2.00579E+04
 71.0 1.96166E+04
 71.5 1.91738E+04
 72.0 1.87294E+04
 72.5 1.82838E+04
 73.0 1.78369E+04
 73.5 1.73888E+04
 74.0 1.69397E+04
 74.5 1.64897E+04
 75.0 1.60388E+04
 75.5 1.55872E+04
 76.0 1.51349E+04
 76.5 1.46821E+04
 77.0 1.42288E+04
 77.5 1.37752E+04
 78.0 1.33213E+04
 78.5 1.28672E+04
 79.0 1.24131E+04
 79.5 1.19589E+04
 80.0 1.15049E+04
 80.5 1.10510E+04
 81.0 1.05974E+04
 81.5 1.01441E+04
 82.0 9.69125E+03
 82.5 9.23893E+03
 83.0 8.78720E+03
 83.5 8.33615E+03
 84.0 7.88587E+03
 84.5 7.43643E+03
 85.0 6.98790E+03
 85.5 6.54038E+03
 86.0 6.09394E+03
 86.5 5.64866E+03
 87.0 5.20461E+03
 87.5 4.76188E+03
 88.0 4.32053E+03
 88.5 3.88065E+03
 89.0 3.44231E+03
 89.5 3.00559E+03
 90.0 2.57056E+03
 90.5 2.13730E+03
 91.0 1.70588E+03
 91.5 1.27638E+03
 92.0 8.48860E+02
 92.5 4.23408E+02
 93.0 3.52313E+01
