093K19D0W2
  0.5 0.00000E+00
  1.0 0.00000E+00
  1.5 0.00000E+00
  2.0 0.00000E+00
  2.5 0.00000E+00
  3.0 0.00000E+00
  3.5 4.10412E+04
  4.0 5.27040E+04
  4.5 6.49766E+04
  5.0 7.78743E+04
  5.5 9.14270E+04
  6.0 1.05685E+05
  6.5 1.20729E+05
  7.0 1.36662E+05
  7.5 1.53570E+05
  8.0 1.71439E+05
  8.5 3.05420E+06
  9.0 2.09109E+05
  9.5 2.03612E+06
 10.0 1.69806E+06
 10.5 9.39903E+04
 11.0 1.01085E+05
 11.5 3.27052E+05
 12.0 7.69116E+04
 12.5 7.13876E+04
 13.0 7.57479E+04
 13.5 8.01791E+04
 14.0 8.46594E+04
 14.5 8.91580E+04
 15.0 9.36374E+04
 15.5 9.80538E+04
 16.0 1.02361E+05
 16.5 1.06513E+05
 17.0 1.10465E+05
 17.5 1.14177E+05
 18.0 1.17615E+05
 18.5 1.20752E+05
 19.0 1.23568E+05
 19.5 1.26050E+05
 20.0 1.28191E+05
 20.5 1.29992E+05
 21.0 1.31456E+05
 21.5 1.32595E+05
 22.0 1.33420E+05
 22.5 1.33947E+05
 23.0 1.34194E+05
 23.5 1.34180E+05
 24.0 1.33924E+05
 24.5 1.33446E+05
 25.0 1.32767E+05
 25.5 1.31905E+05
 26.0 1.30879E+05
 26.5 1.29708E+05
 27.0 1.28408E+05
 27.5 1.26995E+05
 28.0 1.25484E+05
 28.5 1.23890E+05
 29.0 1.22223E+05
 29.5 1.20498E+05
 30.0 1.18723E+05
 30.5 1.16909E+05
 31.0 1.15064E+05
 31.5 1.13197E+05
 32.0 1.11314E+05
 32.5 1.09422E+05
 33.0 1.07526E+05
 33.5 1.05631E+05
 34.0 1.03742E+05
 34.5 1.01863E+05
 35.0 9.99965E+04
 35.5 9.81461E+04
 36.0 9.63140E+04
 36.5 9.45024E+04
 37.0 9.27133E+04
 37.5 9.09480E+04
 38.0 8.92080E+04
 38.5 8.74941E+04
 39.0 8.58072E+04
 39.5 8.41480E+04
 40.0 8.25168E+04
 40.5 8.09141E+04
 41.0 7.93400E+04
 41.5 7.77944E+04
 42.0 7.62776E+04
 42.5 7.47892E+04
 43.0 7.33291E+04
 43.5 7.18970E+04
 44.0 7.04926E+04
 44.5 6.91155E+04
 45.0 6.77652E+04
 45.5 6.64415E+04
 46.0 6.51436E+04
 46.5 6.38712E+04
 47.0 6.26237E+04
 47.5 6.14005E+04
 48.0 6.02012E+04
 48.5 5.90252E+04
 49.0 5.78717E+04
 49.5 5.67404E+04
 50.0 5.56307E+04
 50.5 5.45419E+04
 51.0 5.34736E+04
 51.5 5.24250E+04
 52.0 5.13958E+04
 52.5 5.03853E+04
 53.0 4.93930E+04
 53.5 4.84184E+04
 54.0 4.74610E+04
 54.5 4.65202E+04
 55.0 4.55955E+04
 55.5 4.46865E+04
 56.0 4.37927E+04
 56.5 4.29136E+04
 57.0 4.20488E+04
 57.5 4.11977E+04
 58.0 1.16537E+05
 58.5 3.95355E+04
 59.0 3.87234E+04
 59.5 1.70778E+05
 60.0 3.71354E+04
 60.5 3.63587E+04
 61.0 3.55931E+04
 61.5 3.48383E+04
 62.0 3.40937E+04
 62.5 3.33593E+04
 63.0 3.26346E+04
 63.5 3.19193E+04
 64.0 3.12132E+04
 64.5 3.05160E+04
 65.0 2.98273E+04
 65.5 2.91470E+04
 66.0 2.84748E+04
 66.5 2.78104E+04
 67.0 7.06635E+04
 67.5 2.65041E+04
 68.0 2.58618E+04
 68.5 2.52265E+04
 69.0 3.60314E+04
 69.5 2.36926E+04
 70.0 2.17121E+04
 70.5 2.12022E+04
 71.0 2.06937E+04
 71.5 2.01865E+04
 72.0 1.96807E+04
 72.5 1.91763E+04
 73.0 1.86733E+04
 73.5 1.81717E+04
 74.0 1.76715E+04
 74.5 1.71728E+04
 75.0 1.66755E+04
 75.5 1.61798E+04
 76.0 1.56856E+04
 76.5 1.51930E+04
 77.0 1.47019E+04
 77.5 1.42125E+04
 78.0 1.37246E+04
 78.5 1.32385E+04
 79.0 1.27540E+04
 79.5 1.22712E+04
 80.0 1.17901E+04
 80.5 1.13108E+04
 81.0 1.08333E+04
 81.5 1.03576E+04
 82.0 9.88374E+03
 82.5 9.41178E+03
 83.0 8.94174E+03
 83.5 8.47365E+03
 84.0 8.00755E+03
 84.5 7.54346E+03
 85.0 7.08143E+03
 85.5 6.62149E+03
 86.0 6.16368E+03
 86.5 5.70803E+03
 87.0 5.25458E+03
 87.5 4.80338E+03
 88.0 4.35446E+03
 88.5 3.90787E+03
 89.0 3.46363E+03
 89.5 3.02181E+03
 90.0 2.58243E+03
 90.5 2.14555E+03
 91.0 1.71121E+03
 91.5 1.27945E+03
 92.0 8.50314E+02
 92.5 4.23854E+02
 93.0 3.52545E+01
