093K22D0W2
  0.5 0.00000E+00
  1.0 0.00000E+00
  1.5 0.00000E+00
  2.0 0.00000E+00
  2.5 0.00000E+00
  3.0 0.00000E+00
  3.5 4.93408E+04
  4.0 6.29951E+04
  4.5 7.74276E+04
  5.0 9.26731E+04
  5.5 1.08792E+05
  6.0 1.25882E+05
  6.5 1.44085E+05
  7.0 1.63542E+05
  7.5 1.84278E+05
  8.0 2.06082E+05
  8.5 3.75316E+06
  9.0 2.50742E+05
  9.5 2.36754E+06
 10.0 1.97408E+06
 10.5 1.12385E+05
 11.0 1.20982E+05
 11.5 4.08660E+05
 12.0 9.18392E+04
 12.5 8.51967E+04
 13.0 9.04564E+04
 13.5 9.57717E+04
 14.0 1.01096E+05
 14.5 1.06374E+05
 15.0 1.11544E+05
 15.5 1.16543E+05
 16.0 1.21311E+05
 16.5 1.25793E+05
 17.0 1.29941E+05
 17.5 1.33718E+05
 18.0 1.37097E+05
 18.5 1.40059E+05
 19.0 1.42597E+05
 19.5 1.44711E+05
 20.0 1.46408E+05
 20.5 1.47701E+05
 21.0 1.48609E+05
 21.5 1.49152E+05
 22.0 1.49354E+05
 22.5 1.49241E+05
 23.0 1.48838E+05
 23.5 1.48172E+05
 24.0 1.47269E+05
 24.5 1.46153E+05
 25.0 1.44848E+05
 25.5 1.43376E+05
 26.0 1.41760E+05
 26.5 1.40019E+05
 27.0 1.38171E+05
 27.5 1.36232E+05
 28.0 1.34219E+05
 28.5 1.32145E+05
 29.0 1.30022E+05
 29.5 1.27863E+05
 30.0 1.25676E+05
 30.5 1.23472E+05
 31.0 1.21258E+05
 31.5 1.19042E+05
 32.0 1.16829E+05
 32.5 1.14625E+05
 33.0 1.12436E+05
 33.5 1.10264E+05
 34.0 1.08114E+05
 34.5 1.05988E+05
 35.0 1.03890E+05
 35.5 1.01820E+05
 36.0 9.97824E+04
 36.5 9.77769E+04
 37.0 9.58050E+04
 37.5 9.38676E+04
 38.0 9.19655E+04
 38.5 9.00989E+04
 39.0 8.82682E+04
 39.5 8.64734E+04
 40.0 8.47146E+04
 40.5 8.29915E+04
 41.0 8.13040E+04
 41.5 7.96515E+04
 42.0 7.80338E+04
 42.5 7.64504E+04
 43.0 7.49005E+04
 43.5 7.33838E+04
 44.0 7.18995E+04
 44.5 7.04470E+04
 45.0 6.90255E+04
 45.5 6.76345E+04
 46.0 6.62731E+04
 46.5 6.49407E+04
 47.0 6.36364E+04
 47.5 6.23596E+04
 48.0 6.11096E+04
 48.5 5.98855E+04
 49.0 5.86867E+04
 49.5 5.75125E+04
 50.0 5.63621E+04
 50.5 5.52349E+04
 51.0 5.41300E+04
 51.5 5.30470E+04
 52.0 5.19851E+04
 52.5 5.09436E+04
 53.0 4.99219E+04
 53.5 4.89195E+04
 54.0 4.79357E+04
 54.5 4.69699E+04
 55.0 4.60215E+04
 55.5 4.50900E+04
 56.0 4.41748E+04
 56.5 4.32754E+04
 57.0 4.23913E+04
 57.5 4.15221E+04
 58.0 1.17730E+05
 58.5 3.98261E+04
 59.0 3.89984E+04
 59.5 1.72492E+05
 60.0 3.73815E+04
 60.5 3.65914E+04
 61.0 3.58131E+04
 61.5 3.50462E+04
 62.0 3.42902E+04
 62.5 3.35449E+04
 63.0 3.28099E+04
 63.5 3.20848E+04
 64.0 3.13694E+04
 64.5 3.06633E+04
 65.0 2.99662E+04
 65.5 2.92779E+04
 66.0 2.85981E+04
 66.5 2.79265E+04
 67.0 7.11174E+04
 67.5 2.66069E+04
 68.0 2.59585E+04
 68.5 2.53173E+04
 69.0 3.62003E+04
 69.5 2.38117E+04
 70.0 2.20152E+04
 70.5 2.14874E+04
 71.0 2.09616E+04
 71.5 2.04381E+04
 72.0 1.99166E+04
 72.5 1.93973E+04
 73.0 1.88801E+04
 73.5 1.83649E+04
 74.0 1.78519E+04
 74.5 1.73410E+04
 75.0 1.68321E+04
 75.5 1.63254E+04
 76.0 1.58207E+04
 76.5 1.53182E+04
 77.0 1.48177E+04
 77.5 1.43193E+04
 78.0 1.38231E+04
 78.5 1.33290E+04
 79.0 1.28370E+04
 79.5 1.23471E+04
 80.0 1.18594E+04
 80.5 1.13739E+04
 81.0 1.08905E+04
 81.5 1.04093E+04
 82.0 9.93035E+03
 82.5 9.45360E+03
 83.0 8.97910E+03
 83.5 8.50686E+03
 84.0 8.03691E+03
 84.5 7.56927E+03
 85.0 7.10396E+03
 85.5 6.64102E+03
 86.0 6.18045E+03
 86.5 5.72230E+03
 87.0 5.26659E+03
 87.5 4.81334E+03
 88.0 4.36260E+03
 88.5 3.91439E+03
 89.0 3.46874E+03
 89.5 3.02569E+03
 90.0 2.58527E+03
 90.5 2.14753E+03
 91.0 1.71248E+03
 91.5 1.28018E+03
 92.0 8.50661E+02
 92.5 4.23960E+02
 93.0 3.52601E+01
