094K09D0W2
  0.5 0.00000E+00
  1.0 0.00000E+00
  1.5 0.00000E+00
  2.0 0.00000E+00
  2.5 0.00000E+00
  3.0 0.00000E+00
  3.5 1.54731E+04
  4.0 2.09698E+04
  4.5 2.66820E+04
  5.0 3.25862E+04
  5.5 3.86727E+04
  6.0 4.49376E+04
  6.5 5.13794E+04
  7.0 5.79991E+04
  7.5 6.47997E+04
  8.0 7.17879E+04
  8.5 6.10431E+05
  9.0 8.63718E+04
  9.5 6.43077E+05
 10.0 5.39839E+05
 10.5 4.00097E+04
 11.0 4.29004E+04
 11.5 7.47249E+04
 12.0 3.28529E+04
 12.5 3.05350E+04
 13.0 3.23522E+04
 13.5 3.41846E+04
 14.0 3.60320E+04
 14.5 3.78941E+04
 15.0 3.97706E+04
 15.5 4.16609E+04
 16.0 4.35641E+04
 16.5 4.54788E+04
 17.0 4.74026E+04
 17.5 4.93324E+04
 18.0 5.12635E+04
 18.5 5.31905E+04
 19.0 5.51063E+04
 19.5 5.70030E+04
 20.0 5.88716E+04
 20.5 6.07027E+04
 21.0 6.24862E+04
 21.5 6.42122E+04
 22.0 6.58712E+04
 22.5 6.74541E+04
 23.0 6.89527E+04
 23.5 7.03597E+04
 24.0 7.16690E+04
 24.5 7.28758E+04
 25.0 7.39763E+04
 25.5 7.49680E+04
 26.0 7.58496E+04
 26.5 7.66208E+04
 27.0 7.72825E+04
 27.5 7.78361E+04
 28.0 7.82840E+04
 28.5 7.86294E+04
 29.0 7.88758E+04
 29.5 7.90272E+04
 30.0 7.90880E+04
 30.5 7.90627E+04
 31.0 7.89561E+04
 31.5 7.87731E+04
 32.0 7.85186E+04
 32.5 7.81974E+04
 33.0 7.78143E+04
 33.5 7.73741E+04
 34.0 7.68813E+04
 34.5 7.63402E+04
 35.0 7.57551E+04
 35.5 7.51301E+04
 36.0 7.44690E+04
 36.5 7.37753E+04
 37.0 7.30525E+04
 37.5 7.23039E+04
 38.0 7.15324E+04
 38.5 7.07408E+04
 39.0 6.99319E+04
 39.5 6.91079E+04
 40.0 6.82711E+04
 40.5 6.74237E+04
 41.0 6.65675E+04
 41.5 6.57043E+04
 42.0 6.48357E+04
 42.5 6.39632E+04
 43.0 6.30881E+04
 43.5 6.22116E+04
 44.0 6.13349E+04
 44.5 6.04589E+04
 45.0 5.95846E+04
 45.5 5.87127E+04
 46.0 5.78440E+04
 46.5 5.69791E+04
 47.0 5.61186E+04
 47.5 5.52630E+04
 48.0 5.44127E+04
 48.5 5.35682E+04
 49.0 5.27297E+04
 49.5 5.18976E+04
 50.0 5.10720E+04
 50.5 5.02533E+04
 51.0 4.94415E+04
 51.5 4.86368E+04
 52.0 4.78392E+04
 52.5 4.70490E+04
 53.0 4.62660E+04
 53.5 4.54905E+04
 54.0 4.47223E+04
 54.5 4.39614E+04
 55.0 4.32078E+04
 55.5 4.24616E+04
 56.0 4.17226E+04
 56.5 4.09907E+04
 57.0 4.02660E+04
 57.5 3.95483E+04
 58.0 1.12740E+05
 58.5 3.81336E+04
 59.0 3.74364E+04
 59.5 1.66374E+05
 60.0 3.60618E+04
 60.5 3.53843E+04
 61.0 3.47130E+04
 61.5 3.40480E+04
 62.0 3.33890E+04
 62.5 3.27360E+04
 63.0 3.20889E+04
 63.5 3.14475E+04
 64.0 3.08118E+04
 64.5 3.01815E+04
 65.0 2.95567E+04
 65.5 2.89371E+04
 66.0 2.83228E+04
 66.5 2.77135E+04
 67.0 7.06686E+04
 67.5 2.65098E+04
 68.0 2.59151E+04
 68.5 2.53251E+04
 69.0 3.62443E+04
 69.5 2.35498E+04
 70.0 2.00304E+04
 70.5 1.96563E+04
 71.0 1.92781E+04
 71.5 1.88962E+04
 72.0 1.85106E+04
 72.5 1.81216E+04
 73.0 1.77292E+04
 73.5 1.73336E+04
 74.0 1.69351E+04
 74.5 1.65336E+04
 75.0 1.61294E+04
 75.5 1.57226E+04
 76.0 1.53133E+04
 76.5 1.49018E+04
 77.0 1.44880E+04
 77.5 1.40722E+04
 78.0 1.36545E+04
 78.5 1.32351E+04
 79.0 1.28140E+04
 79.5 1.23914E+04
 80.0 1.19673E+04
 80.5 1.15421E+04
 81.0 1.11157E+04
 81.5 1.06882E+04
 82.0 1.02599E+04
 82.5 9.83084E+03
 83.0 9.40109E+03
 83.5 8.97079E+03
 84.0 8.54007E+03
 84.5 8.10903E+03
 85.0 7.67779E+03
 85.5 7.24646E+03
 86.0 6.81514E+03
 86.5 6.38394E+03
 87.0 5.95297E+03
 87.5 5.52234E+03
 88.0 5.09214E+03
 88.5 4.66248E+03
 89.0 4.23346E+03
 89.5 3.80518E+03
 90.0 3.37775E+03
 90.5 2.95125E+03
 91.0 2.52579E+03
 91.5 2.10145E+03
 92.0 1.67835E+03
 92.5 1.25657E+03
 93.0 8.36196E+02
 93.5 4.17334E+02
 94.0 3.47380E+01
