094K08D0W2
  0.5 0.00000E+00
  1.0 0.00000E+00
  1.5 0.00000E+00
  2.0 0.00000E+00
  2.5 0.00000E+00
  3.0 0.00000E+00
  3.5 1.31264E+04
  4.0 1.80330E+04
  4.5 2.31328E+04
  5.0 2.83968E+04
  5.5 3.38130E+04
  6.0 3.93757E+04
  6.5 4.50821E+04
  7.0 5.09310E+04
  7.5 5.69228E+04
  8.0 6.30601E+04
  8.5 4.27600E+05
  9.0 7.57942E+04
  9.5 4.97304E+05
 10.0 4.18827E+05
 10.5 3.51550E+04
 11.0 3.77026E+04
 11.5 5.78656E+04
 12.0 2.88696E+04
 12.5 2.68329E+04
 13.0 2.84376E+04
 13.5 3.00534E+04
 14.0 3.16799E+04
 14.5 3.33168E+04
 15.0 3.49638E+04
 15.5 3.66204E+04
 16.0 3.82862E+04
 16.5 3.99604E+04
 17.0 4.16418E+04
 17.5 4.33289E+04
 18.0 4.50194E+04
 18.5 4.67101E+04
 19.0 4.83972E+04
 19.5 5.00758E+04
 20.0 5.17401E+04
 20.5 5.33837E+04
 21.0 5.49995E+04
 21.5 5.65799E+04
 22.0 5.81173E+04
 22.5 5.96040E+04
 23.0 6.10326E+04
 23.5 6.23963E+04
 24.0 6.36886E+04
 24.5 6.49040E+04
 25.0 6.60377E+04
 25.5 6.70859E+04
 26.0 6.80456E+04
 26.5 6.89147E+04
 27.0 6.96922E+04
 27.5 7.03777E+04
 28.0 7.09716E+04
 28.5 7.14750E+04
 29.0 7.18896E+04
 29.5 7.22177E+04
 30.0 7.24619E+04
 30.5 7.26253E+04
 31.0 7.27111E+04
 31.5 7.27230E+04
 32.0 7.26647E+04
 32.5 7.25399E+04
 33.0 7.23526E+04
 33.5 7.21066E+04
 34.0 7.18058E+04
 34.5 7.14539E+04
 35.0 7.10547E+04
 35.5 7.06117E+04
 36.0 7.01284E+04
 36.5 6.96083E+04
 37.0 6.90544E+04
 37.5 6.84698E+04
 38.0 6.78574E+04
 38.5 6.72200E+04
 39.0 6.65601E+04
 39.5 6.58801E+04
 40.0 6.51823E+04
 40.5 6.44689E+04
 41.0 6.37417E+04
 41.5 6.30027E+04
 42.0 6.22535E+04
 42.5 6.14957E+04
 43.0 6.07309E+04
 43.5 5.99602E+04
 44.0 5.91849E+04
 44.5 5.84063E+04
 45.0 5.76252E+04
 45.5 5.68427E+04
 46.0 5.60596E+04
 46.5 5.52767E+04
 47.0 5.44947E+04
 47.5 5.37142E+04
 48.0 5.29358E+04
 48.5 5.21599E+04
 49.0 5.13872E+04
 49.5 5.06179E+04
 50.0 4.98524E+04
 50.5 4.90911E+04
 51.0 4.83342E+04
 51.5 4.75820E+04
 52.0 4.68346E+04
 52.5 4.60922E+04
 53.0 4.53551E+04
 53.5 4.46232E+04
 54.0 4.38968E+04
 54.5 4.31758E+04
 55.0 4.24603E+04
 55.5 4.17505E+04
 56.0 4.10462E+04
 56.5 4.03475E+04
 57.0 3.96545E+04
 57.5 3.89670E+04
 58.0 1.10542E+05
 58.5 3.76088E+04
 59.0 3.69379E+04
 59.5 1.63181E+05
 60.0 3.56125E+04
 60.5 3.49578E+04
 61.0 3.43084E+04
 61.5 3.36642E+04
 62.0 3.30252E+04
 62.5 3.23912E+04
 63.0 3.17622E+04
 63.5 3.11381E+04
 64.0 3.05188E+04
 64.5 2.99043E+04
 65.0 2.92944E+04
 65.5 2.86892E+04
 66.0 2.80884E+04
 66.5 2.74921E+04
 67.0 6.97954E+04
 67.5 2.63126E+04
 68.0 2.57291E+04
 68.5 2.51498E+04
 69.0 3.59168E+04
 69.5 2.33314E+04
 70.0 1.95153E+04
 70.5 1.91678E+04
 71.0 1.88155E+04
 71.5 1.84585E+04
 72.0 1.80969E+04
 72.5 1.77310E+04
 73.0 1.73609E+04
 73.5 1.69867E+04
 74.0 1.66087E+04
 74.5 1.62270E+04
 75.0 1.58418E+04
 75.5 1.54532E+04
 76.0 1.50613E+04
 76.5 1.46664E+04
 77.0 1.42686E+04
 77.5 1.38680E+04
 78.0 1.34649E+04
 78.5 1.30592E+04
 79.0 1.26513E+04
 79.5 1.22412E+04
 80.0 1.18291E+04
 80.5 1.14151E+04
 81.0 1.09993E+04
 81.5 1.05820E+04
 82.0 1.01632E+04
 82.5 9.74307E+03
 83.0 9.32176E+03
 83.5 8.89938E+03
 84.0 8.47607E+03
 84.5 8.05196E+03
 85.0 7.62717E+03
 85.5 7.20183E+03
 86.0 6.77606E+03
 86.5 6.34998E+03
 87.0 5.92371E+03
 87.5 5.49738E+03
 88.0 5.07109E+03
 88.5 4.64496E+03
 89.0 4.21911E+03
 89.5 3.79365E+03
 90.0 3.36870E+03
 90.5 2.94435E+03
 91.0 2.52073E+03
 91.5 2.09793E+03
 92.0 1.67607E+03
 92.5 1.25525E+03
 93.0 8.35573E+02
 93.5 4.17142E+02
 94.0 3.47280E+01
