094K07D0W2
  0.5 0.00000E+00
  1.0 0.00000E+00
  1.5 0.00000E+00
  2.0 0.00000E+00
  2.5 0.00000E+00
  3.0 0.00000E+00
  3.5 1.08190E+04
  4.0 1.51311E+04
  4.5 1.96192E+04
  5.0 2.42473E+04
  5.5 2.90005E+04
  6.0 3.38715E+04
  6.5 3.88561E+04
  7.0 4.39520E+04
  7.5 4.91578E+04
  8.0 5.44735E+04
  8.5 2.75839E+05
  9.0 6.54419E+04
  9.5 3.60653E+05
 10.0 3.05334E+05
 10.5 3.03624E+04
 11.0 3.25767E+04
 11.5 4.38259E+04
 12.0 2.49351E+04
 12.5 2.31751E+04
 13.0 2.45727E+04
 13.5 2.59778E+04
 14.0 2.73901E+04
 14.5 2.88092E+04
 15.0 3.02347E+04
 15.5 3.16664E+04
 16.0 3.31037E+04
 16.5 3.45462E+04
 17.0 3.59932E+04
 17.5 3.74441E+04
 18.0 3.88977E+04
 18.5 4.03526E+04
 19.0 4.18069E+04
 19.5 4.32580E+04
 20.0 4.47028E+04
 20.5 4.61378E+04
 21.0 4.75585E+04
 21.5 4.89600E+04
 22.0 5.03373E+04
 22.5 5.16846E+04
 23.0 5.29962E+04
 23.5 5.42666E+04
 24.0 5.54901E+04
 24.5 5.66614E+04
 25.0 5.77758E+04
 25.5 5.88288E+04
 26.0 5.98167E+04
 26.5 6.07363E+04
 27.0 6.15850E+04
 27.5 6.23611E+04
 28.0 6.30632E+04
 28.5 6.36907E+04
 29.0 6.42436E+04
 29.5 6.47225E+04
 30.0 6.51281E+04
 30.5 6.54621E+04
 31.0 6.57260E+04
 31.5 6.59220E+04
 32.0 6.60523E+04
 32.5 6.61196E+04
 33.0 6.61265E+04
 33.5 6.60759E+04
 34.0 6.59707E+04
 34.5 6.58138E+04
 35.0 6.56082E+04
 35.5 6.53567E+04
 36.0 6.50624E+04
 36.5 6.47281E+04
 37.0 6.43565E+04
 37.5 6.39505E+04
 38.0 6.35125E+04
 38.5 6.30451E+04
 39.0 6.25507E+04
 39.5 6.20316E+04
 40.0 6.14899E+04
 40.5 6.09278E+04
 41.0 6.03471E+04
 41.5 5.97498E+04
 42.0 5.91375E+04
 42.5 5.85118E+04
 43.0 5.78744E+04
 43.5 5.72265E+04
 44.0 5.65695E+04
 44.5 5.59047E+04
 45.0 5.52331E+04
 45.5 5.45558E+04
 46.0 5.38739E+04
 46.5 5.31880E+04
 47.0 5.24993E+04
 47.5 5.18082E+04
 48.0 5.11157E+04
 48.5 5.04222E+04
 49.0 4.97283E+04
 49.5 4.90347E+04
 50.0 4.83417E+04
 50.5 4.76498E+04
 51.0 4.69595E+04
 51.5 4.62709E+04
 52.0 4.55845E+04
 52.5 4.49005E+04
 53.0 4.42193E+04
 53.5 4.35409E+04
 54.0 4.28656E+04
 54.5 4.21936E+04
 55.0 4.15249E+04
 55.5 4.08599E+04
 56.0 4.01984E+04
 56.5 3.95407E+04
 57.0 3.88868E+04
 57.5 3.82368E+04
 58.0 1.07790E+05
 58.5 3.69486E+04
 59.0 3.63105E+04
 59.5 1.59176E+05
 60.0 3.50461E+04
 60.5 3.44200E+04
 61.0 3.37979E+04
 61.5 3.31797E+04
 62.0 3.25655E+04
 62.5 3.19553E+04
 63.0 3.13489E+04
 63.5 3.07465E+04
 64.0 3.01479E+04
 64.5 2.95531E+04
 65.0 2.89621E+04
 65.5 2.83748E+04
 66.0 2.77912E+04
 66.5 2.72113E+04
 67.0 6.86924E+04
 67.5 2.60622E+04
 68.0 2.54929E+04
 68.5 2.49271E+04
 69.0 3.55019E+04
 69.5 2.30570E+04
 70.0 1.88793E+04
 70.5 1.85640E+04
 71.0 1.82428E+04
 71.5 1.79159E+04
 72.0 1.75834E+04
 72.5 1.72456E+04
 73.0 1.69026E+04
 73.5 1.65546E+04
 74.0 1.62018E+04
 74.5 1.58443E+04
 75.0 1.54824E+04
 75.5 1.51161E+04
 76.0 1.47457E+04
 76.5 1.43714E+04
 77.0 1.39933E+04
 77.5 1.36116E+04
 78.0 1.32264E+04
 78.5 1.28380E+04
 79.0 1.24464E+04
 79.5 1.20519E+04
 80.0 1.16546E+04
 80.5 1.12547E+04
 81.0 1.08523E+04
 81.5 1.04476E+04
 82.0 1.00408E+04
 82.5 9.63191E+03
 83.0 9.22121E+03
 83.5 8.80880E+03
 84.0 8.39484E+03
 84.5 7.97947E+03
 85.0 7.56283E+03
 85.5 7.14507E+03
 86.0 6.72632E+03
 86.5 6.30673E+03
 87.0 5.88643E+03
 87.5 5.46555E+03
 88.0 5.04423E+03
 88.5 4.62260E+03
 89.0 4.20079E+03
 89.5 3.77892E+03
 90.0 3.35713E+03
 90.5 2.93553E+03
 91.0 2.51426E+03
 91.5 2.09342E+03
 92.0 1.67315E+03
 92.5 1.25356E+03
 93.0 8.34774E+02
 93.5 4.16897E+02
 94.0 3.47152E+01
