094K06D0W2
  0.5 0.00000E+00
  1.0 0.00000E+00
  1.5 0.00000E+00
  2.0 0.00000E+00
  2.5 0.00000E+00
  3.0 0.00000E+00
  3.5 8.56099E+03
  4.0 1.22697E+04
  4.5 1.61438E+04
  5.0 2.01382E+04
  5.5 2.42340E+04
  6.0 2.84221E+04
  6.5 3.26973E+04
  7.0 3.70563E+04
  7.5 4.14966E+04
  8.0 4.60167E+04
  8.5 1.60669E+05
  9.0 5.52944E+04
  9.5 2.39417E+05
 10.0 2.04510E+05
 10.5 2.56276E+04
 11.0 2.75173E+04
 11.5 3.27262E+04
 12.0 2.10459E+04
 12.5 1.95587E+04
 13.0 2.07539E+04
 13.5 2.19538E+04
 14.0 2.31579E+04
 14.5 2.43659E+04
 15.0 2.55775E+04
 15.5 2.67923E+04
 16.0 2.80098E+04
 16.5 2.92298E+04
 17.0 3.04517E+04
 17.5 3.16752E+04
 18.0 3.28997E+04
 18.5 3.41244E+04
 19.0 3.53486E+04
 19.5 3.65713E+04
 20.0 3.77909E+04
 20.5 3.90059E+04
 21.0 4.02141E+04
 21.5 4.14130E+04
 22.0 4.25999E+04
 22.5 4.37713E+04
 23.0 4.49238E+04
 23.5 4.60536E+04
 24.0 4.71567E+04
 24.5 4.82291E+04
 25.0 4.92669E+04
 25.5 5.02661E+04
 26.0 5.12232E+04
 26.5 5.21347E+04
 27.0 5.29975E+04
 27.5 5.38091E+04
 28.0 5.45672E+04
 28.5 5.52698E+04
 29.0 5.59157E+04
 29.5 5.65039E+04
 30.0 5.70337E+04
 30.5 5.75052E+04
 31.0 5.79184E+04
 31.5 5.82740E+04
 32.0 5.85728E+04
 32.5 5.88159E+04
 33.0 5.90047E+04
 33.5 5.91409E+04
 34.0 5.92260E+04
 34.5 5.92620E+04
 35.0 5.92508E+04
 35.5 5.91945E+04
 36.0 5.90952E+04
 36.5 5.89550E+04
 37.0 5.87761E+04
 37.5 5.85606E+04
 38.0 5.83106E+04
 38.5 5.80283E+04
 39.0 5.77156E+04
 39.5 5.73745E+04
 40.0 5.70070E+04
 40.5 5.66148E+04
 41.0 5.61999E+04
 41.5 5.57639E+04
 42.0 5.53085E+04
 42.5 5.48351E+04
 43.0 5.43453E+04
 43.5 5.38406E+04
 44.0 5.33221E+04
 44.5 5.27912E+04
 45.0 5.22491E+04
 45.5 5.16969E+04
 46.0 5.11355E+04
 46.5 5.05661E+04
 47.0 4.99894E+04
 47.5 4.94063E+04
 48.0 4.88177E+04
 48.5 4.82243E+04
 49.0 4.76267E+04
 49.5 4.70257E+04
 50.0 4.64216E+04
 50.5 4.58152E+04
 51.0 4.52069E+04
 51.5 4.45971E+04
 52.0 4.39864E+04
 52.5 4.33750E+04
 53.0 4.27634E+04
 53.5 4.21518E+04
 54.0 4.15406E+04
 54.5 4.09300E+04
 55.0 4.03203E+04
 55.5 3.97116E+04
 56.0 3.91043E+04
 56.5 3.84984E+04
 57.0 3.78941E+04
 57.5 3.72916E+04
 58.0 1.04241E+05
 58.5 3.60925E+04
 59.0 3.54960E+04
 59.5 1.54006E+05
 60.0 3.43098E+04
 60.5 3.37202E+04
 61.0 3.31331E+04
 61.5 3.25483E+04
 62.0 3.19661E+04
 62.5 3.13865E+04
 63.0 3.08093E+04
 63.5 3.02349E+04
 64.0 2.96630E+04
 64.5 2.90937E+04
 65.0 2.85271E+04
 65.5 2.79631E+04
 66.0 2.74017E+04
 66.5 2.68430E+04
 67.0 6.72543E+04
 67.5 2.57335E+04
 68.0 2.51827E+04
 68.5 2.46345E+04
 69.0 3.49588E+04
 69.5 2.27017E+04
 70.0 1.80742E+04
 70.5 1.77984E+04
 71.0 1.75154E+04
 71.5 1.72256E+04
 72.0 1.69292E+04
 72.5 1.66262E+04
 73.0 1.63169E+04
 73.5 1.60015E+04
 74.0 1.56801E+04
 74.5 1.53530E+04
 75.0 1.50203E+04
 75.5 1.46822E+04
 76.0 1.43389E+04
 76.5 1.39906E+04
 77.0 1.36375E+04
 77.5 1.32797E+04
 78.0 1.29174E+04
 78.5 1.25509E+04
 79.0 1.21803E+04
 79.5 1.18058E+04
 80.0 1.14275E+04
 80.5 1.10457E+04
 81.0 1.06605E+04
 81.5 1.02721E+04
 82.0 9.88073E+03
 82.5 9.48647E+03
 83.0 9.08952E+03
 83.5 8.69006E+03
 84.0 8.28826E+03
 84.5 7.88427E+03
 85.0 7.47826E+03
 85.5 7.07040E+03
 86.0 6.66084E+03
 86.5 6.24974E+03
 87.0 5.83726E+03
 87.5 5.42355E+03
 88.0 5.00876E+03
 88.5 4.59304E+03
 89.0 4.17655E+03
 89.5 3.75942E+03
 90.0 3.34180E+03
 90.5 2.92384E+03
 91.0 2.50567E+03
 91.5 2.08744E+03
 92.0 1.66928E+03
 92.5 1.25133E+03
 93.0 8.33711E+02
 93.5 4.16569E+02
 94.0 3.46981E+01
