094K15D0W2
  0.5 0.00000E+00
  1.0 0.00000E+00
  1.5 0.00000E+00
  2.0 0.00000E+00
  2.5 0.00000E+00
  3.0 0.00000E+00
  3.5 3.02039E+04
  4.0 3.92735E+04
  4.5 4.87612E+04
  5.0 5.86648E+04
  5.5 6.89910E+04
  6.0 7.97544E+04
  6.5 9.09801E+04
  7.0 1.02708E+05
  7.5 1.14992E+05
  8.0 1.27887E+05
  8.5 2.03416E+06
  9.0 1.55503E+05
  9.5 1.52388E+06
 10.0 1.27164E+06
 10.5 7.07447E+04
 11.0 7.59537E+04
 11.5 2.15102E+05
 12.0 5.80096E+04
 12.5 5.38883E+04
 13.0 5.71217E+04
 13.5 6.04089E+04
 14.0 6.37469E+04
 14.5 6.71288E+04
 15.0 7.05440E+04
 15.5 7.39769E+04
 16.0 7.74075E+04
 16.5 8.08118E+04
 17.0 8.41629E+04
 17.5 8.74326E+04
 18.0 9.05922E+04
 18.5 9.36142E+04
 19.0 9.64735E+04
 19.5 9.91476E+04
 20.0 1.01618E+05
 20.5 1.03870E+05
 21.0 1.05894E+05
 21.5 1.07682E+05
 22.0 1.09233E+05
 22.5 1.10546E+05
 23.0 1.11625E+05
 23.5 1.12476E+05
 24.0 1.13107E+05
 24.5 1.13529E+05
 25.0 1.13751E+05
 25.5 1.13786E+05
 26.0 1.13647E+05
 26.5 1.13345E+05
 27.0 1.12894E+05
 27.5 1.12307E+05
 28.0 1.11595E+05
 28.5 1.10771E+05
 29.0 1.09845E+05
 29.5 1.08830E+05
 30.0 1.07735E+05
 30.5 1.06569E+05
 31.0 1.05342E+05
 31.5 1.04063E+05
 32.0 1.02738E+05
 32.5 1.01375E+05
 33.0 9.99809E+04
 33.5 9.85611E+04
 34.0 9.71213E+04
 34.5 9.56663E+04
 35.0 9.42006E+04
 35.5 9.27283E+04
 36.0 9.12529E+04
 36.5 8.97777E+04
 37.0 8.83055E+04
 37.5 8.68390E+04
 38.0 8.53803E+04
 38.5 8.39314E+04
 39.0 8.24941E+04
 39.5 8.10697E+04
 40.0 7.96598E+04
 40.5 7.82653E+04
 41.0 7.68871E+04
 41.5 7.55262E+04
 42.0 7.41829E+04
 42.5 7.28581E+04
 43.0 7.15519E+04
 43.5 7.02647E+04
 44.0 6.89968E+04
 44.5 6.77482E+04
 45.0 6.65190E+04
 45.5 6.53092E+04
 46.0 6.41187E+04
 46.5 6.29475E+04
 47.0 6.17954E+04
 47.5 6.06621E+04
 48.0 5.95476E+04
 48.5 5.84514E+04
 49.0 5.73734E+04
 49.5 5.63132E+04
 50.0 5.52706E+04
 50.5 5.42452E+04
 51.0 5.32366E+04
 51.5 5.22445E+04
 52.0 5.12686E+04
 52.5 5.03085E+04
 53.0 4.93639E+04
 53.5 4.84343E+04
 54.0 4.75194E+04
 54.5 4.66189E+04
 55.0 4.57323E+04
 55.5 4.48594E+04
 56.0 4.39998E+04
 56.5 4.31530E+04
 57.0 4.23188E+04
 57.5 4.14969E+04
 58.0 1.20146E+05
 58.5 3.98883E+04
 59.0 3.91010E+04
 59.5 1.77116E+05
 60.0 3.75589E+04
 60.5 3.68034E+04
 61.0 3.60580E+04
 61.5 3.53223E+04
 62.0 3.45960E+04
 62.5 3.38789E+04
 63.0 3.31707E+04
 63.5 3.24711E+04
 64.0 3.17800E+04
 64.5 3.10970E+04
 65.0 3.04219E+04
 65.5 2.97546E+04
 66.0 2.90947E+04
 66.5 2.84420E+04
 67.0 7.35656E+04
 67.5 2.71578E+04
 68.0 2.65258E+04
 68.5 2.59002E+04
 69.0 3.73245E+04
 69.5 2.42824E+04
 70.0 2.18150E+04
 70.5 2.13439E+04
 71.0 2.08727E+04
 71.5 2.04012E+04
 72.0 1.99298E+04
 72.5 1.94583E+04
 73.0 1.89869E+04
 73.5 1.85156E+04
 74.0 1.80445E+04
 74.5 1.75737E+04
 75.0 1.71031E+04
 75.5 1.66330E+04
 76.0 1.61632E+04
 76.5 1.56940E+04
 77.0 1.52252E+04
 77.5 1.47571E+04
 78.0 1.42896E+04
 78.5 1.38228E+04
 79.0 1.33568E+04
 79.5 1.28916E+04
 80.0 1.24273E+04
 80.5 1.19639E+04
 81.0 1.15014E+04
 81.5 1.10400E+04
 82.0 1.05798E+04
 82.5 1.01206E+04
 83.0 9.66263E+03
 83.5 9.20592E+03
 84.0 8.75051E+03
 84.5 8.29646E+03
 85.0 7.84383E+03
 85.5 7.39266E+03
 86.0 6.94301E+03
 86.5 6.49494E+03
 87.0 6.04849E+03
 87.5 5.60373E+03
 88.0 5.16071E+03
 88.5 4.71948E+03
 89.0 4.28010E+03
 89.5 3.84262E+03
 90.0 3.40710E+03
 90.5 2.97360E+03
 91.0 2.54216E+03
 91.5 2.11284E+03
 92.0 1.68571E+03
 92.5 1.26081E+03
 93.0 8.38208E+02
 93.5 4.17952E+02
 94.0 3.47703E+01
