094K19D0W2
  0.5 0.00000E+00
  1.0 0.00000E+00
  1.5 0.00000E+00
  2.0 0.00000E+00
  2.5 0.00000E+00
  3.0 0.00000E+00
  3.5 4.06471E+04
  4.0 5.22155E+04
  4.5 6.43876E+04
  5.0 7.71778E+04
  5.5 9.06142E+04
  6.0 1.04745E+05
  6.5 1.19646E+05
  7.0 1.35419E+05
  7.5 1.52153E+05
  8.0 1.69849E+05
  8.5 3.03262E+06
  9.0 2.07273E+05
  9.5 2.03440E+06
 10.0 1.69654E+06
 10.5 9.32372E+04
 11.0 1.00282E+05
 11.5 3.23807E+05
 12.0 7.63397E+04
 12.5 7.08715E+04
 13.0 7.52080E+04
 13.5 7.96188E+04
 14.0 8.40840E+04
 14.5 8.85747E+04
 15.0 9.30552E+04
 15.5 9.74834E+04
 16.0 1.01814E+05
 16.5 1.06001E+05
 17.0 1.10000E+05
 17.5 1.13770E+05
 18.0 1.17276E+05
 18.5 1.20491E+05
 19.0 1.23391E+05
 19.5 1.25963E+05
 20.0 1.28198E+05
 20.5 1.30095E+05
 21.0 1.31657E+05
 21.5 1.32892E+05
 22.0 1.33812E+05
 22.5 1.34432E+05
 23.0 1.34769E+05
 23.5 1.34840E+05
 24.0 1.34665E+05
 24.5 1.34263E+05
 25.0 1.33655E+05
 25.5 1.32859E+05
 26.0 1.31894E+05
 26.5 1.30778E+05
 27.0 1.29528E+05
 27.5 1.28161E+05
 28.0 1.26691E+05
 28.5 1.25132E+05
 29.0 1.23498E+05
 29.5 1.21800E+05
 30.0 1.20049E+05
 30.5 1.18255E+05
 31.0 1.16427E+05
 31.5 1.14573E+05
 32.0 1.12701E+05
 32.5 1.10817E+05
 33.0 1.08927E+05
 33.5 1.07036E+05
 34.0 1.05149E+05
 34.5 1.03269E+05
 35.0 1.01401E+05
 35.5 9.95465E+04
 36.0 9.77094E+04
 36.5 9.58917E+04
 37.0 9.40953E+04
 37.5 9.23219E+04
 38.0 9.05728E+04
 38.5 8.88491E+04
 39.0 8.71518E+04
 39.5 8.54817E+04
 40.0 8.38391E+04
 40.5 8.22246E+04
 41.0 8.06384E+04
 41.5 7.90806E+04
 42.0 7.75511E+04
 42.5 7.60501E+04
 43.0 7.45773E+04
 43.5 7.31324E+04
 44.0 7.17152E+04
 44.5 7.03254E+04
 45.0 6.89624E+04
 45.5 6.76260E+04
 46.0 6.63157E+04
 46.5 6.50310E+04
 47.0 6.37713E+04
 47.5 6.25362E+04
 48.0 6.13252E+04
 48.5 6.01375E+04
 49.0 5.89728E+04
 49.5 5.78305E+04
 50.0 5.67099E+04
 50.5 5.56106E+04
 51.0 5.45319E+04
 51.5 5.34733E+04
 52.0 5.24343E+04
 52.5 5.14144E+04
 53.0 5.04129E+04
 53.5 4.94293E+04
 54.0 4.84633E+04
 54.5 4.75141E+04
 55.0 4.65814E+04
 55.5 4.56646E+04
 56.0 4.47632E+04
 56.5 4.38769E+04
 57.0 4.30051E+04
 57.5 4.21474E+04
 58.0 1.22631E+05
 58.5 4.04725E+04
 59.0 3.96546E+04
 59.5 1.80714E+05
 60.0 3.80555E+04
 60.5 3.72737E+04
 61.0 3.65032E+04
 61.5 3.57436E+04
 62.0 3.49947E+04
 62.5 3.42560E+04
 63.0 3.35273E+04
 63.5 3.28083E+04
 64.0 3.20986E+04
 64.5 3.13980E+04
 65.0 3.07062E+04
 65.5 3.00229E+04
 66.0 2.93478E+04
 66.5 2.86808E+04
 67.0 7.45227E+04
 67.5 2.73698E+04
 68.0 2.67254E+04
 68.5 2.60882E+04
 69.0 3.76793E+04
 69.5 2.45273E+04
 70.0 2.24307E+04
 70.5 2.19247E+04
 71.0 2.14199E+04
 71.5 2.09166E+04
 72.0 2.04145E+04
 72.5 1.99139E+04
 73.0 1.94145E+04
 73.5 1.89166E+04
 74.0 1.84201E+04
 74.5 1.79251E+04
 75.0 1.74315E+04
 75.5 1.69393E+04
 76.0 1.64487E+04
 76.5 1.59595E+04
 77.0 1.54719E+04
 77.5 1.49858E+04
 78.0 1.45013E+04
 78.5 1.40184E+04
 79.0 1.35372E+04
 79.5 1.30576E+04
 80.0 1.25796E+04
 80.5 1.21033E+04
 81.0 1.16288E+04
 81.5 1.11560E+04
 82.0 1.06850E+04
 82.5 1.02158E+04
 83.0 9.74849E+03
 83.5 9.28300E+03
 84.0 8.81941E+03
 84.5 8.35775E+03
 85.0 7.89805E+03
 85.5 7.44035E+03
 86.0 6.98467E+03
 86.5 6.53106E+03
 87.0 6.07954E+03
 87.5 5.63016E+03
 88.0 5.18296E+03
 88.5 4.73795E+03
 89.0 4.29520E+03
 89.5 3.85473E+03
 90.0 3.41659E+03
 90.5 2.98081E+03
 91.0 2.54744E+03
 91.5 2.11651E+03
 92.0 1.68808E+03
 92.5 1.26218E+03
 93.0 8.38854E+02
 93.5 4.18151E+02
 94.0 3.47806E+01
