094K16D0W2
  0.5 0.00000E+00
  1.0 0.00000E+00
  1.5 0.00000E+00
  2.0 0.00000E+00
  2.5 0.00000E+00
  3.0 0.00000E+00
  3.5 3.27642E+04
  4.0 4.24466E+04
  4.5 5.25900E+04
  5.0 6.31956E+04
  5.5 7.42742E+04
  6.0 8.58466E+04
  6.5 9.79471E+04
  7.0 1.10629E+05
  7.5 1.23959E+05
  8.0 1.37994E+05
  8.5 2.28755E+06
  9.0 1.68037E+05
  9.5 1.65845E+06
 10.0 1.38360E+06
 10.5 7.61936E+04
 11.0 8.18398E+04
 11.5 2.41907E+05
 12.0 6.24567E+04
 12.5 5.80113E+04
 13.0 6.15083E+04
 13.5 6.50662E+04
 14.0 6.86794E+04
 14.5 7.23372E+04
 15.0 7.60239E+04
 15.5 7.97180E+04
 16.0 8.33935E+04
 16.5 8.70205E+04
 17.0 9.05669E+04
 17.5 9.40002E+04
 18.0 9.72886E+04
 18.5 1.00403E+05
 19.0 1.03317E+05
 19.5 1.06010E+05
 20.0 1.08464E+05
 20.5 1.10668E+05
 21.0 1.12612E+05
 21.5 1.14295E+05
 22.0 1.15717E+05
 22.5 1.16881E+05
 23.0 1.17794E+05
 23.5 1.18467E+05
 24.0 1.18909E+05
 24.5 1.19134E+05
 25.0 1.19154E+05
 25.5 1.18984E+05
 26.0 1.18638E+05
 26.5 1.18131E+05
 27.0 1.17476E+05
 27.5 1.16688E+05
 28.0 1.15779E+05
 28.5 1.14763E+05
 29.0 1.13651E+05
 29.5 1.12454E+05
 30.0 1.11184E+05
 30.5 1.09850E+05
 31.0 1.08461E+05
 31.5 1.07026E+05
 32.0 1.05553E+05
 32.5 1.04048E+05
 33.0 1.02518E+05
 33.5 1.00968E+05
 34.0 9.94049E+04
 34.5 9.78324E+04
 35.0 9.62550E+04
 35.5 9.46764E+04
 36.0 9.31002E+04
 36.5 9.15292E+04
 37.0 8.99661E+04
 37.5 8.84134E+04
 38.0 8.68729E+04
 38.5 8.53465E+04
 39.0 8.38357E+04
 39.5 8.23418E+04
 40.0 8.08659E+04
 40.5 7.94089E+04
 41.0 7.79715E+04
 41.5 7.65545E+04
 42.0 7.51582E+04
 42.5 7.37830E+04
 43.0 7.24291E+04
 43.5 7.10968E+04
 44.0 6.97860E+04
 44.5 6.84969E+04
 45.0 6.72293E+04
 45.5 6.59831E+04
 46.0 6.47581E+04
 46.5 6.35542E+04
 47.0 6.23710E+04
 47.5 6.12084E+04
 48.0 6.00659E+04
 48.5 5.89433E+04
 49.0 5.78402E+04
 49.5 5.67563E+04
 50.0 5.56910E+04
 50.5 5.46442E+04
 51.0 5.36152E+04
 51.5 5.26039E+04
 52.0 5.16097E+04
 52.5 5.06322E+04
 53.0 4.96710E+04
 53.5 4.87257E+04
 54.0 4.77959E+04
 54.5 4.68812E+04
 55.0 4.59812E+04
 55.5 4.50955E+04
 56.0 4.42236E+04
 56.5 4.33653E+04
 57.0 4.25202E+04
 57.5 4.16878E+04
 58.0 1.20875E+05
 58.5 4.00598E+04
 59.0 3.92636E+04
 59.5 1.78171E+05
 60.0 3.77048E+04
 60.5 3.69416E+04
 61.0 3.61888E+04
 61.5 3.54461E+04
 62.0 3.47132E+04
 62.5 3.39898E+04
 63.0 3.32756E+04
 63.5 3.25703E+04
 64.0 3.18737E+04
 64.5 3.11855E+04
 65.0 3.05056E+04
 65.5 2.98335E+04
 66.0 2.91692E+04
 66.5 2.85123E+04
 67.0 7.38470E+04
 67.5 2.72202E+04
 68.0 2.65846E+04
 68.5 2.59556E+04
 69.0 3.74289E+04
 69.5 2.43543E+04
 70.0 2.19947E+04
 70.5 2.15135E+04
 71.0 2.10325E+04
 71.5 2.05518E+04
 72.0 2.00715E+04
 72.5 1.95915E+04
 73.0 1.91120E+04
 73.5 1.86330E+04
 74.0 1.81545E+04
 74.5 1.76766E+04
 75.0 1.71993E+04
 75.5 1.67227E+04
 76.0 1.62469E+04
 76.5 1.57718E+04
 77.0 1.52976E+04
 77.5 1.48242E+04
 78.0 1.43518E+04
 78.5 1.38803E+04
 79.0 1.34098E+04
 79.5 1.29404E+04
 80.0 1.24720E+04
 80.5 1.20049E+04
 81.0 1.15389E+04
 81.5 1.10742E+04
 82.0 1.06107E+04
 82.5 1.01486E+04
 83.0 9.68790E+03
 83.5 9.22861E+03
 84.0 8.77080E+03
 84.5 8.31451E+03
 85.0 7.85980E+03
 85.5 7.40671E+03
 86.0 6.95529E+03
 86.5 6.50558E+03
 87.0 6.05765E+03
 87.5 5.61153E+03
 88.0 5.16727E+03
 88.5 4.72493E+03
 89.0 4.28456E+03
 89.5 3.84620E+03
 90.0 3.40990E+03
 90.5 2.97573E+03
 91.0 2.54372E+03
 91.5 2.11393E+03
 92.0 1.68641E+03
 92.5 1.26122E+03
 93.0 8.38399E+02
 93.5 4.18011E+02
 94.0 3.47733E+01
