094K21D0W2
  0.5 0.00000E+00
  1.0 0.00000E+00
  1.5 0.00000E+00
  2.0 0.00000E+00
  2.5 0.00000E+00
  3.0 0.00000E+00
  3.5 4.60891E+04
  4.0 5.89621E+04
  4.5 7.25467E+04
  5.0 8.68688E+04
  5.5 1.01974E+05
  6.0 1.17939E+05
  6.5 1.34878E+05
  7.0 1.52924E+05
  7.5 1.72145E+05
  8.0 1.92438E+05
  8.5 3.50868E+06
  9.0 2.34648E+05
  9.5 2.26291E+06
 10.0 1.88683E+06
 10.5 1.05247E+05
 11.0 1.13283E+05
 11.5 3.78560E+05
 12.0 8.60985E+04
 12.5 7.99028E+04
 13.0 8.48334E+04
 13.5 8.98347E+04
 14.0 9.48717E+04
 14.5 9.98995E+04
 15.0 1.04866E+05
 15.5 1.09717E+05
 16.0 1.14394E+05
 16.5 1.18845E+05
 17.0 1.23021E+05
 17.5 1.26882E+05
 18.0 1.30395E+05
 18.5 1.33537E+05
 19.0 1.36293E+05
 19.5 1.38657E+05
 20.0 1.40628E+05
 20.5 1.42215E+05
 21.0 1.43429E+05
 21.5 1.44286E+05
 22.0 1.44806E+05
 22.5 1.45010E+05
 23.0 1.44920E+05
 23.5 1.44560E+05
 24.0 1.43954E+05
 24.5 1.43125E+05
 25.0 1.42096E+05
 25.5 1.40888E+05
 26.0 1.39522E+05
 26.5 1.38018E+05
 27.0 1.36393E+05
 27.5 1.34665E+05
 28.0 1.32849E+05
 28.5 1.30960E+05
 29.0 1.29010E+05
 29.5 1.27011E+05
 30.0 1.24974E+05
 30.5 1.22909E+05
 31.0 1.20824E+05
 31.5 1.18726E+05
 32.0 1.16623E+05
 32.5 1.14521E+05
 33.0 1.12425E+05
 33.5 1.10339E+05
 34.0 1.08267E+05
 34.5 1.06214E+05
 35.0 1.04182E+05
 35.5 1.02174E+05
 36.0 1.00191E+05
 36.5 9.82362E+04
 37.0 9.63104E+04
 37.5 9.44150E+04
 38.0 9.25509E+04
 38.5 9.07188E+04
 39.0 8.89194E+04
 39.5 8.71528E+04
 40.0 8.54195E+04
 40.5 8.37193E+04
 41.0 8.20523E+04
 41.5 8.04182E+04
 42.0 7.88168E+04
 42.5 7.72479E+04
 43.0 7.57110E+04
 43.5 7.42056E+04
 44.0 7.27313E+04
 44.5 7.12875E+04
 45.0 6.98736E+04
 45.5 6.84891E+04
 46.0 6.71333E+04
 46.5 6.58055E+04
 47.0 6.45052E+04
 47.5 6.32316E+04
 48.0 6.19841E+04
 48.5 6.07620E+04
 49.0 5.95647E+04
 49.5 5.83915E+04
 50.0 5.72417E+04
 50.5 5.61146E+04
 51.0 5.50097E+04
 51.5 5.39263E+04
 52.0 5.28638E+04
 52.5 5.18215E+04
 53.0 5.07988E+04
 53.5 4.97953E+04
 54.0 4.88101E+04
 54.5 4.78429E+04
 55.0 4.68931E+04
 55.5 4.59600E+04
 56.0 4.50432E+04
 56.5 4.41422E+04
 57.0 4.32565E+04
 57.5 4.23856E+04
 58.0 1.23543E+05
 58.5 4.06863E+04
 59.0 3.98570E+04
 59.5 1.82033E+05
 60.0 3.82370E+04
 60.5 3.74455E+04
 61.0 3.66657E+04
 61.5 3.58974E+04
 62.0 3.51402E+04
 62.5 3.43936E+04
 63.0 3.36574E+04
 63.5 3.29312E+04
 64.0 3.22147E+04
 64.5 3.15076E+04
 65.0 3.08097E+04
 65.5 3.01206E+04
 66.0 2.94400E+04
 66.5 2.87677E+04
 67.0 7.48720E+04
 67.5 2.74470E+04
 68.0 2.67981E+04
 68.5 2.61565E+04
 69.0 3.78086E+04
 69.5 2.46171E+04
 70.0 2.26586E+04
 70.5 2.21395E+04
 71.0 2.16222E+04
 71.5 2.11069E+04
 72.0 2.05934E+04
 72.5 2.00818E+04
 73.0 1.95721E+04
 73.5 1.90643E+04
 74.0 1.85583E+04
 74.5 1.80543E+04
 75.0 1.75521E+04
 75.5 1.70518E+04
 76.0 1.65534E+04
 76.5 1.60569E+04
 77.0 1.55623E+04
 77.5 1.50696E+04
 78.0 1.45788E+04
 78.5 1.40900E+04
 79.0 1.36031E+04
 79.5 1.31182E+04
 80.0 1.26352E+04
 80.5 1.21543E+04
 81.0 1.16753E+04
 81.5 1.11983E+04
 82.0 1.07234E+04
 82.5 1.02506E+04
 83.0 9.77976E+03
 83.5 9.31106E+03
 84.0 8.84448E+03
 84.5 8.38004E+03
 85.0 7.91777E+03
 85.5 7.45768E+03
 86.0 6.99981E+03
 86.5 6.54418E+03
 87.0 6.09081E+03
 87.5 5.63975E+03
 88.0 5.19102E+03
 88.5 4.74465E+03
 89.0 4.30067E+03
 89.5 3.85912E+03
 90.0 3.42002E+03
 90.5 2.98342E+03
 91.0 2.54935E+03
 91.5 2.11784E+03
 92.0 1.68894E+03
 92.5 1.26267E+03
 93.0 8.39088E+02
 93.5 4.18222E+02
 94.0 3.47844E+01
