094K20D0W2
  0.5 0.00000E+00
  1.0 0.00000E+00
  1.5 0.00000E+00
  2.0 0.00000E+00
  2.5 0.00000E+00
  3.0 0.00000E+00
  3.5 4.33480E+04
  4.0 5.55635E+04
  4.5 6.84353E+04
  5.0 8.19831E+04
  5.5 9.62434E+04
  6.0 1.11277E+05
  6.5 1.27178E+05
  7.0 1.44065E+05
  7.5 1.62022E+05
  8.0 1.81005E+05
  8.5 3.27305E+06
  9.0 2.20850E+05
  9.5 2.15076E+06
 10.0 1.79344E+06
 10.5 9.91732E+04
 11.0 1.06709E+05
 11.5 3.51220E+05
 12.0 8.11654E+04
 12.5 7.53382E+04
 13.0 7.99689E+04
 13.5 8.46738E+04
 14.0 8.94258E+04
 14.5 9.41884E+04
 15.0 9.89181E+04
 15.5 1.03565E+05
 16.0 1.08080E+05
 16.5 1.12410E+05
 17.0 1.16511E+05
 17.5 1.20340E+05
 18.0 1.23863E+05
 18.5 1.27054E+05
 19.0 1.29895E+05
 19.5 1.32374E+05
 20.0 1.34487E+05
 20.5 1.36238E+05
 21.0 1.37634E+05
 21.5 1.38686E+05
 22.0 1.39411E+05
 22.5 1.39827E+05
 23.0 1.39953E+05
 23.5 1.39810E+05
 24.0 1.39420E+05
 24.5 1.38805E+05
 25.0 1.37986E+05
 25.5 1.36982E+05
 26.0 1.35815E+05
 26.5 1.34503E+05
 27.0 1.33063E+05
 27.5 1.31513E+05
 28.0 1.29867E+05
 28.5 1.28140E+05
 29.0 1.26345E+05
 29.5 1.24493E+05
 30.0 1.22596E+05
 30.5 1.20663E+05
 31.0 1.18703E+05
 31.5 1.16725E+05
 32.0 1.14734E+05
 32.5 1.12738E+05
 33.0 1.10741E+05
 33.5 1.08750E+05
 34.0 1.06768E+05
 34.5 1.04798E+05
 35.0 1.02846E+05
 35.5 1.00912E+05
 36.0 9.89995E+04
 36.5 9.71109E+04
 37.0 9.52475E+04
 37.5 9.34109E+04
 38.0 9.16023E+04
 38.5 8.98225E+04
 39.0 8.80722E+04
 39.5 8.63521E+04
 40.0 8.46624E+04
 40.5 8.30034E+04
 41.0 8.13753E+04
 41.5 7.97778E+04
 42.0 7.82110E+04
 42.5 7.66747E+04
 43.0 7.51686E+04
 43.5 7.36923E+04
 44.0 7.22453E+04
 44.5 7.08274E+04
 45.0 6.94380E+04
 45.5 6.80765E+04
 46.0 6.67425E+04
 46.5 6.54354E+04
 47.0 6.41545E+04
 47.5 6.28994E+04
 48.0 6.16693E+04
 48.5 6.04637E+04
 49.0 5.92820E+04
 49.5 5.81236E+04
 50.0 5.69877E+04
 50.5 5.58739E+04
 51.0 5.47816E+04
 51.5 5.37101E+04
 52.0 5.26588E+04
 52.5 5.16272E+04
 53.0 5.06147E+04
 53.5 4.96207E+04
 54.0 4.86446E+04
 54.5 4.76860E+04
 55.0 4.67444E+04
 55.5 4.58191E+04
 56.0 4.49097E+04
 56.5 4.40157E+04
 57.0 4.31366E+04
 57.5 4.22720E+04
 58.0 1.23108E+05
 58.5 4.05844E+04
 59.0 3.97605E+04
 59.5 1.81404E+05
 60.0 3.81505E+04
 60.5 3.73636E+04
 61.0 3.65882E+04
 61.5 3.58241E+04
 62.0 3.50708E+04
 62.5 3.43280E+04
 63.0 3.35954E+04
 63.5 3.28726E+04
 64.0 3.21594E+04
 64.5 3.14554E+04
 65.0 3.07603E+04
 65.5 3.00740E+04
 66.0 2.93961E+04
 66.5 2.87263E+04
 67.0 7.47055E+04
 67.5 2.74102E+04
 68.0 2.67635E+04
 68.5 2.61239E+04
 69.0 3.77470E+04
 69.5 2.45743E+04
 70.0 2.25497E+04
 70.5 2.20369E+04
 71.0 2.15256E+04
 71.5 2.10160E+04
 72.0 2.05080E+04
 72.5 2.00016E+04
 73.0 1.94969E+04
 73.5 1.89938E+04
 74.0 1.84924E+04
 74.5 1.79926E+04
 75.0 1.74945E+04
 75.5 1.69981E+04
 76.0 1.65034E+04
 76.5 1.60104E+04
 77.0 1.55192E+04
 77.5 1.50296E+04
 78.0 1.45419E+04
 78.5 1.40559E+04
 79.0 1.35717E+04
 79.5 1.30893E+04
 80.0 1.26087E+04
 80.5 1.21300E+04
 81.0 1.16531E+04
 81.5 1.11782E+04
 82.0 1.07051E+04
 82.5 1.02340E+04
 83.0 9.76486E+03
 83.5 9.29769E+03
 84.0 8.83254E+03
 84.5 8.36942E+03
 85.0 7.90837E+03
 85.5 7.44942E+03
 86.0 6.99260E+03
 86.5 6.53793E+03
 87.0 6.08545E+03
 87.5 5.63519E+03
 88.0 5.18718E+03
 88.5 4.74146E+03
 89.0 4.29807E+03
 89.5 3.85703E+03
 90.0 3.41839E+03
 90.5 2.98218E+03
 91.0 2.54844E+03
 91.5 2.11721E+03
 92.0 1.68853E+03
 92.5 1.26244E+03
 93.0 8.38977E+02
 93.5 4.18188E+02
 94.0 3.47826E+01
