094K22D0W2
  0.5 0.00000E+00
  1.0 0.00000E+00
  1.5 0.00000E+00
  2.0 0.00000E+00
  2.5 0.00000E+00
  3.0 0.00000E+00
  3.5 4.88726E+04
  4.0 6.24145E+04
  4.5 7.67259E+04
  5.0 9.18400E+04
  5.5 1.07814E+05
  6.0 1.24740E+05
  6.5 1.42758E+05
  7.0 1.62008E+05
  7.5 1.82532E+05
  8.0 2.04149E+05
  8.5 3.73928E+06
  9.0 2.48652E+05
  9.5 2.37103E+06
 10.0 1.97688E+06
 10.5 1.11465E+05
 11.0 1.20008E+05
 11.5 4.05775E+05
 12.0 9.11436E+04
 12.5 8.45695E+04
 13.0 8.98046E+04
 13.5 9.51030E+04
 14.0 1.00421E+05
 14.5 1.05705E+05
 15.0 1.10895E+05
 15.5 1.15930E+05
 16.0 1.20749E+05
 16.5 1.25295E+05
 17.0 1.29522E+05
 17.5 1.33388E+05
 18.0 1.36865E+05
 18.5 1.39934E+05
 19.0 1.42582E+05
 19.5 1.44810E+05
 20.0 1.46622E+05
 20.5 1.48029E+05
 21.0 1.49048E+05
 21.5 1.49700E+05
 22.0 1.50006E+05
 22.5 1.49992E+05
 23.0 1.49682E+05
 23.5 1.49103E+05
 24.0 1.48281E+05
 24.5 1.47239E+05
 25.0 1.46002E+05
 25.5 1.44592E+05
 26.0 1.43031E+05
 26.5 1.41340E+05
 27.0 1.39535E+05
 27.5 1.37635E+05
 28.0 1.35655E+05
 28.5 1.33609E+05
 29.0 1.31511E+05
 29.5 1.29371E+05
 30.0 1.27201E+05
 30.5 1.25009E+05
 31.0 1.22805E+05
 31.5 1.20595E+05
 32.0 1.18385E+05
 32.5 1.16183E+05
 33.0 1.13992E+05
 33.5 1.11817E+05
 34.0 1.09661E+05
 34.5 1.07529E+05
 35.0 1.05423E+05
 35.5 1.03344E+05
 36.0 1.01296E+05
 36.5 9.92786E+04
 37.0 9.72944E+04
 37.5 9.53440E+04
 38.0 9.34282E+04
 38.5 9.15475E+04
 39.0 8.97021E+04
 39.5 8.78924E+04
 40.0 8.61183E+04
 40.5 8.43799E+04
 41.0 8.26767E+04
 41.5 8.10086E+04
 42.0 7.93752E+04
 42.5 7.77761E+04
 43.0 7.62107E+04
 43.5 7.46784E+04
 44.0 7.31787E+04
 44.5 7.17109E+04
 45.0 7.02745E+04
 45.5 6.88686E+04
 46.0 6.74926E+04
 46.5 6.61458E+04
 47.0 6.48274E+04
 47.5 6.35369E+04
 48.0 6.22733E+04
 48.5 6.10360E+04
 49.0 5.98243E+04
 49.5 5.86374E+04
 50.0 5.74747E+04
 50.5 5.63355E+04
 51.0 5.52191E+04
 51.5 5.41247E+04
 52.0 5.30518E+04
 52.5 5.19997E+04
 53.0 5.09678E+04
 53.5 4.99554E+04
 54.0 4.89619E+04
 54.5 4.79867E+04
 55.0 4.70293E+04
 55.5 4.60891E+04
 56.0 4.51656E+04
 56.5 4.42582E+04
 57.0 4.33664E+04
 57.5 4.24897E+04
 58.0 1.23941E+05
 58.5 4.07797E+04
 59.0 3.99454E+04
 59.5 1.82609E+05
 60.0 3.83162E+04
 60.5 3.75205E+04
 61.0 3.67367E+04
 61.5 3.59645E+04
 62.0 3.52036E+04
 62.5 3.44536E+04
 63.0 3.37141E+04
 63.5 3.29848E+04
 64.0 3.22653E+04
 64.5 3.15554E+04
 65.0 3.08548E+04
 65.5 3.01631E+04
 66.0 2.94801E+04
 66.5 2.88056E+04
 67.0 7.50243E+04
 67.5 2.74806E+04
 68.0 2.68297E+04
 68.5 2.61863E+04
 69.0 3.78649E+04
 69.5 2.46563E+04
 70.0 2.27586E+04
 70.5 2.22337E+04
 71.0 2.17109E+04
 71.5 2.11903E+04
 72.0 2.06718E+04
 72.5 2.01554E+04
 73.0 1.96411E+04
 73.5 1.91289E+04
 74.0 1.86188E+04
 74.5 1.81108E+04
 75.0 1.76048E+04
 75.5 1.71010E+04
 76.0 1.65992E+04
 76.5 1.60994E+04
 77.0 1.56018E+04
 77.5 1.51062E+04
 78.0 1.46127E+04
 78.5 1.41213E+04
 79.0 1.36319E+04
 79.5 1.31447E+04
 80.0 1.26595E+04
 80.5 1.21765E+04
 81.0 1.16956E+04
 81.5 1.12168E+04
 82.0 1.07402E+04
 82.5 1.02657E+04
 83.0 9.79339E+03
 83.5 9.32329E+03
 84.0 8.85541E+03
 84.5 8.38975E+03
 85.0 7.92635E+03
 85.5 7.46523E+03
 86.0 7.00640E+03
 86.5 6.54989E+03
 87.0 6.09572E+03
 87.5 5.64393E+03
 88.0 5.19453E+03
 88.5 4.74757E+03
 89.0 4.30305E+03
 89.5 3.86103E+03
 90.0 3.42152E+03
 90.5 2.98456E+03
 91.0 2.55018E+03
 91.5 2.11842E+03
 92.0 1.68931E+03
 92.5 1.26289E+03
 93.0 8.39189E+02
 93.5 4.18253E+02
 94.0 3.47860E+01
