095K07D0W2
  0.5 0.00000E+00
  1.0 0.00000E+00
  1.5 0.00000E+00
  2.0 0.00000E+00
  2.5 0.00000E+00
  3.0 0.00000E+00
  3.5 1.06967E+04
  4.0 1.49753E+04
  4.5 1.94297E+04
  5.0 2.40239E+04
  5.5 2.87426E+04
  6.0 3.35787E+04
  6.5 3.85278E+04
  7.0 4.35876E+04
  7.5 4.87566E+04
  8.0 5.40347E+04
  8.5 2.64568E+05
  9.0 6.49247E+04
  9.5 3.51122E+05
 10.0 2.97460E+05
 10.5 3.01404E+04
 11.0 3.23432E+04
 11.5 4.29246E+04
 12.0 2.47637E+04
 12.5 2.30193E+04
 13.0 2.44112E+04
 13.5 2.58110E+04
 14.0 2.72183E+04
 14.5 2.86326E+04
 15.0 3.00537E+04
 15.5 3.14811E+04
 16.0 3.29145E+04
 16.5 3.43535E+04
 17.0 3.57974E+04
 17.5 3.72456E+04
 18.0 3.86970E+04
 18.5 4.01504E+04
 19.0 4.16039E+04
 19.5 4.30553E+04
 20.0 4.45016E+04
 20.5 4.59394E+04
 21.0 4.73644E+04
 21.5 4.87720E+04
 22.0 5.01571E+04
 22.5 5.15143E+04
 23.0 5.28379E+04
 23.5 5.41223E+04
 24.0 5.53618E+04
 24.5 5.65513E+04
 25.0 5.76857E+04
 25.5 5.87606E+04
 26.0 5.97719E+04
 26.5 6.07163E+04
 27.0 6.15912E+04
 27.5 6.23944E+04
 28.0 6.31244E+04
 28.5 6.37805E+04
 29.0 6.43624E+04
 29.5 6.48705E+04
 30.0 6.53053E+04
 30.5 6.56683E+04
 31.0 6.59609E+04
 31.5 6.61852E+04
 32.0 6.63432E+04
 32.5 6.64376E+04
 33.0 6.64707E+04
 33.5 6.64456E+04
 34.0 6.63648E+04
 34.5 6.62315E+04
 35.0 6.60483E+04
 35.5 6.58184E+04
 36.0 6.55446E+04
 36.5 6.52297E+04
 37.0 6.48765E+04
 37.5 6.44878E+04
 38.0 6.40662E+04
 38.5 6.36142E+04
 39.0 6.31342E+04
 39.5 6.26286E+04
 40.0 6.20995E+04
 40.5 6.15492E+04
 41.0 6.09794E+04
 41.5 6.03921E+04
 42.0 5.97892E+04
 42.5 5.91722E+04
 43.0 5.85427E+04
 43.5 5.79021E+04
 44.0 5.72519E+04
 44.5 5.65932E+04
 45.0 5.59272E+04
 45.5 5.52551E+04
 46.0 5.45778E+04
 46.5 5.38963E+04
 47.0 5.32113E+04
 47.5 5.25238E+04
 48.0 5.18344E+04
 48.5 5.11438E+04
 49.0 5.04525E+04
 49.5 4.97612E+04
 50.0 4.90703E+04
 50.5 4.83803E+04
 51.0 4.76916E+04
 51.5 4.70045E+04
 52.0 4.63195E+04
 52.5 4.56368E+04
 53.0 4.49566E+04
 53.5 4.42792E+04
 54.0 4.36049E+04
 54.5 4.29337E+04
 55.0 4.22659E+04
 55.5 4.16016E+04
 56.0 4.09408E+04
 56.5 4.02838E+04
 57.0 3.96306E+04
 57.5 3.89813E+04
 58.0 1.12628E+05
 58.5 3.76943E+04
 59.0 3.70568E+04
 59.5 1.67195E+05
 60.0 3.57939E+04
 60.5 3.51685E+04
 61.0 3.45471E+04
 61.5 3.39297E+04
 62.0 3.33163E+04
 62.5 3.27069E+04
 63.0 3.21015E+04
 63.5 3.15000E+04
 64.0 3.09024E+04
 64.5 3.03086E+04
 65.0 2.97186E+04
 65.5 2.91325E+04
 66.0 2.85500E+04
 66.5 2.79713E+04
 67.0 7.20381E+04
 67.5 2.68247E+04
 68.0 2.62568E+04
 68.5 2.56923E+04
 69.0 3.69586E+04
 69.5 2.37706E+04
 70.0 1.93266E+04
 70.5 1.90223E+04
 71.0 1.87120E+04
 71.5 1.83960E+04
 72.0 1.80743E+04
 72.5 1.77471E+04
 73.0 1.74147E+04
 73.5 1.70772E+04
 74.0 1.67348E+04
 74.5 1.63876E+04
 75.0 1.60358E+04
 75.5 1.56796E+04
 76.0 1.53191E+04
 76.5 1.49546E+04
 77.0 1.45862E+04
 77.5 1.42140E+04
 78.0 1.38382E+04
 78.5 1.34591E+04
 79.0 1.30766E+04
 79.5 1.26911E+04
 80.0 1.23027E+04
 80.5 1.19114E+04
 81.0 1.15176E+04
 81.5 1.11213E+04
 82.0 1.07226E+04
 82.5 1.03218E+04
 83.0 9.91899E+03
 83.5 9.51429E+03
 84.0 9.10786E+03
 84.5 8.69985E+03
 85.0 8.29039E+03
 85.5 7.87963E+03
 86.0 7.46771E+03
 86.5 7.05475E+03
 87.0 6.64089E+03
 87.5 6.22626E+03
 88.0 5.81100E+03
 88.5 5.39524E+03
 89.0 4.97910E+03
 89.5 4.56270E+03
 90.0 4.14618E+03
 90.5 3.72965E+03
 91.0 3.31323E+03
 91.5 2.89705E+03
 92.0 2.48122E+03
 92.5 2.06586E+03
 93.0 1.65108E+03
 93.5 1.23700E+03
 94.0 8.23723E+02
 94.5 4.11370E+02
 95.0 3.42547E+01
