095K06D0W2
  0.5 0.00000E+00
  1.0 0.00000E+00
  1.5 0.00000E+00
  2.0 0.00000E+00
  2.5 0.00000E+00
  3.0 0.00000E+00
  3.5 8.45960E+03
  4.0 1.21390E+04
  4.5 1.59840E+04
  5.0 1.99492E+04
  5.5 2.40157E+04
  6.0 2.81742E+04
  6.5 3.24196E+04
  7.0 3.67484E+04
  7.5 4.11582E+04
  8.0 4.56475E+04
  8.5 1.53572E+05
  9.0 5.48621E+04
  9.5 2.31979E+05
 10.0 1.98362E+05
 10.5 2.54399E+04
 11.0 2.73202E+04
 11.5 3.21626E+04
 12.0 2.09008E+04
 12.5 1.94267E+04
 13.0 2.06173E+04
 13.5 2.18128E+04
 14.0 2.30128E+04
 14.5 2.42169E+04
 15.0 2.54249E+04
 15.5 2.66364E+04
 16.0 2.78509E+04
 16.5 2.90682E+04
 17.0 3.02877E+04
 17.5 3.15091E+04
 18.0 3.27318E+04
 18.5 3.39552E+04
 19.0 3.51786E+04
 19.5 3.64008E+04
 20.0 3.76208E+04
 20.5 3.88368E+04
 21.0 4.00469E+04
 21.5 4.12487E+04
 22.0 4.24395E+04
 22.5 4.36161E+04
 23.0 4.47751E+04
 23.5 4.59128E+04
 24.0 4.70253E+04
 24.5 4.81087E+04
 25.0 4.91589E+04
 25.5 5.01721E+04
 26.0 5.11446E+04
 26.5 5.20729E+04
 27.0 5.29539E+04
 27.5 5.37848E+04
 28.0 5.45632E+04
 28.5 5.52872E+04
 29.0 5.59552E+04
 29.5 5.65661E+04
 30.0 5.71192E+04
 30.5 5.76142E+04
 31.0 5.80512E+04
 31.5 5.84307E+04
 32.0 5.87533E+04
 32.5 5.90200E+04
 33.0 5.92322E+04
 33.5 5.93913E+04
 34.0 5.94990E+04
 34.5 5.95570E+04
 35.0 5.95673E+04
 35.5 5.95318E+04
 36.0 5.94526E+04
 36.5 5.93319E+04
 37.0 5.91717E+04
 37.5 5.89742E+04
 38.0 5.87415E+04
 38.5 5.84756E+04
 39.0 5.81786E+04
 39.5 5.78524E+04
 40.0 5.74991E+04
 40.5 5.71205E+04
 41.0 5.67184E+04
 41.5 5.62944E+04
 42.0 5.58504E+04
 42.5 5.53878E+04
 43.0 5.49082E+04
 43.5 5.44130E+04
 44.0 5.39036E+04
 44.5 5.33812E+04
 45.0 5.28470E+04
 45.5 5.23022E+04
 46.0 5.17479E+04
 46.5 5.11849E+04
 47.0 5.06144E+04
 47.5 5.00372E+04
 48.0 4.94540E+04
 48.5 4.88657E+04
 49.0 4.82729E+04
 49.5 4.76763E+04
 50.0 4.70765E+04
 50.5 4.64740E+04
 51.0 4.58695E+04
 51.5 4.52633E+04
 52.0 4.46559E+04
 52.5 4.40477E+04
 53.0 4.34391E+04
 53.5 4.28304E+04
 54.0 4.22219E+04
 54.5 4.16139E+04
 55.0 4.10067E+04
 55.5 4.04005E+04
 56.0 3.97955E+04
 56.5 3.91919E+04
 57.0 3.85899E+04
 57.5 3.79896E+04
 58.0 1.08767E+05
 58.5 3.67947E+04
 59.0 3.62003E+04
 59.5 1.61538E+05
 60.0 3.50181E+04
 60.5 3.44306E+04
 61.0 3.38454E+04
 61.5 3.32627E+04
 62.0 3.26825E+04
 62.5 3.21048E+04
 63.0 3.15297E+04
 63.5 3.09572E+04
 64.0 3.03874E+04
 64.5 2.98202E+04
 65.0 2.92556E+04
 65.5 2.86937E+04
 66.0 2.81344E+04
 66.5 2.75778E+04
 67.0 7.04621E+04
 67.5 2.64726E+04
 68.0 2.59239E+04
 68.5 2.53779E+04
 69.0 3.63665E+04
 69.5 2.33894E+04
 70.0 1.84686E+04
 70.5 1.82048E+04
 71.0 1.79338E+04
 71.5 1.76559E+04
 72.0 1.73713E+04
 72.5 1.70801E+04
 73.0 1.67825E+04
 73.5 1.64788E+04
 74.0 1.61689E+04
 74.5 1.58532E+04
 75.0 1.55319E+04
 75.5 1.52050E+04
 76.0 1.48729E+04
 76.5 1.45356E+04
 77.0 1.41933E+04
 77.5 1.38463E+04
 78.0 1.34946E+04
 78.5 1.31386E+04
 79.0 1.27783E+04
 79.5 1.24140E+04
 80.0 1.20458E+04
 80.5 1.16738E+04
 81.0 1.12983E+04
 81.5 1.09195E+04
 82.0 1.05375E+04
 82.5 1.01524E+04
 83.0 9.76448E+03
 83.5 9.37387E+03
 84.0 8.98072E+03
 84.5 8.58520E+03
 85.0 8.18748E+03
 85.5 7.78771E+03
 86.0 7.38604E+03
 86.5 6.98264E+03
 87.0 6.57765E+03
 87.5 6.17123E+03
 88.0 5.76352E+03
 88.5 5.35467E+03
 89.0 4.94484E+03
 89.5 4.53415E+03
 90.0 4.12276E+03
 90.5 3.71081E+03
 91.0 3.29843E+03
 91.5 2.88575E+03
 92.0 2.47292E+03
 92.5 2.06007E+03
 93.0 1.64733E+03
 93.5 1.23483E+03
 94.0 8.22695E+02
 94.5 4.11054E+02
 95.0 3.42382E+01
