095K18D0W2
  0.5 0.00000E+00
  1.0 0.00000E+00
  1.5 0.00000E+00
  2.0 0.00000E+00
  2.5 0.00000E+00
  3.0 0.00000E+00
  3.5 3.76220E+04
  4.0 4.84662E+04
  4.5 5.98588E+04
  5.0 7.18086E+04
  5.5 8.43359E+04
  6.0 9.74758E+04
  6.5 1.11285E+05
  7.0 1.25846E+05
  7.5 1.41245E+05
  8.0 1.57522E+05
  8.5 2.76351E+06
  9.0 1.92229E+05
  9.5 1.90977E+06
 10.0 1.59271E+06
 10.5 8.67468E+04
 11.0 9.32640E+04
 11.5 2.93059E+05
 12.0 7.10937E+04
 12.5 6.60256E+04
 13.0 7.00520E+04
 13.5 7.41523E+04
 14.0 7.83138E+04
 14.5 8.25165E+04
 15.0 8.67336E+04
 15.5 9.09317E+04
 16.0 9.50732E+04
 16.5 9.91175E+04
 17.0 1.03024E+05
 17.5 1.06753E+05
 18.0 1.10271E+05
 18.5 1.13545E+05
 19.0 1.16550E+05
 19.5 1.19268E+05
 20.0 1.21686E+05
 20.5 1.23796E+05
 21.0 1.25596E+05
 21.5 1.27090E+05
 22.0 1.28283E+05
 22.5 1.29186E+05
 23.0 1.29812E+05
 23.5 1.30175E+05
 24.0 1.30291E+05
 24.5 1.30178E+05
 25.0 1.29853E+05
 25.5 1.29333E+05
 26.0 1.28636E+05
 26.5 1.27778E+05
 27.0 1.26776E+05
 27.5 1.25645E+05
 28.0 1.24401E+05
 28.5 1.23057E+05
 29.0 1.21625E+05
 29.5 1.20119E+05
 30.0 1.18549E+05
 30.5 1.16925E+05
 31.0 1.15256E+05
 31.5 1.13552E+05
 32.0 1.11820E+05
 32.5 1.10066E+05
 33.0 1.08298E+05
 33.5 1.06520E+05
 34.0 1.04738E+05
 34.5 1.02957E+05
 35.0 1.01180E+05
 35.5 9.94102E+04
 36.0 9.76516E+04
 36.5 9.59065E+04
 37.0 9.41773E+04
 37.5 9.24660E+04
 38.0 9.07742E+04
 38.5 8.91034E+04
 39.0 8.74550E+04
 39.5 8.58298E+04
 40.0 8.42286E+04
 40.5 8.26522E+04
 41.0 8.11009E+04
 41.5 7.95752E+04
 42.0 7.80752E+04
 42.5 7.66012E+04
 43.0 7.51530E+04
 43.5 7.37308E+04
 44.0 7.23342E+04
 44.5 7.09632E+04
 45.0 6.96175E+04
 45.5 6.82967E+04
 46.0 6.70007E+04
 46.5 6.57289E+04
 47.0 6.44809E+04
 47.5 6.32564E+04
 48.0 6.20550E+04
 48.5 6.08760E+04
 49.0 5.97191E+04
 49.5 5.85838E+04
 50.0 5.74696E+04
 50.5 5.63759E+04
 51.0 5.53023E+04
 51.5 5.42483E+04
 52.0 5.32133E+04
 52.5 5.21970E+04
 53.0 5.11987E+04
 53.5 5.02180E+04
 54.0 4.92544E+04
 54.5 4.83074E+04
 55.0 4.73766E+04
 55.5 4.64615E+04
 56.0 4.55616E+04
 56.5 4.46765E+04
 57.0 4.38059E+04
 57.5 4.29491E+04
 58.0 1.28257E+05
 58.5 4.12758E+04
 59.0 4.04585E+04
 59.5 1.90004E+05
 60.0 3.88605E+04
 60.5 3.80791E+04
 61.0 3.73090E+04
 61.5 3.65498E+04
 62.0 3.58012E+04
 62.5 3.50628E+04
 63.0 3.43344E+04
 63.5 3.36157E+04
 64.0 3.29063E+04
 64.5 3.22060E+04
 65.0 3.15144E+04
 65.5 3.08315E+04
 66.0 3.01568E+04
 66.5 2.94901E+04
 67.0 7.82215E+04
 67.5 2.81799E+04
 68.0 2.75359E+04
 68.5 2.68991E+04
 69.0 3.92556E+04
 69.5 2.52969E+04
 70.0 2.29946E+04
 70.5 2.25002E+04
 71.0 2.20066E+04
 71.5 2.15141E+04
 72.0 2.10226E+04
 72.5 2.05321E+04
 73.0 2.00427E+04
 73.5 1.95544E+04
 74.0 1.90672E+04
 74.5 1.85812E+04
 75.0 1.80963E+04
 75.5 1.76126E+04
 76.0 1.71301E+04
 76.5 1.66489E+04
 77.0 1.61689E+04
 77.5 1.56902E+04
 78.0 1.52129E+04
 78.5 1.47369E+04
 79.0 1.42623E+04
 79.5 1.37892E+04
 80.0 1.33174E+04
 80.5 1.28472E+04
 81.0 1.23784E+04
 81.5 1.19112E+04
 82.0 1.14455E+04
 82.5 1.09814E+04
 83.0 1.05189E+04
 83.5 1.00581E+04
 84.0 9.59902E+03
 84.5 9.14163E+03
 85.0 8.68600E+03
 85.5 8.23216E+03
 86.0 7.78015E+03
 86.5 7.33001E+03
 87.0 6.88176E+03
 87.5 6.43545E+03
 88.0 5.99112E+03
 88.5 5.54879E+03
 89.0 5.10852E+03
 89.5 4.67034E+03
 90.0 4.23429E+03
 90.5 3.80041E+03
 91.0 3.36874E+03
 91.5 2.93932E+03
 92.0 2.51220E+03
 92.5 2.08742E+03
 93.0 1.66502E+03
 93.5 1.24504E+03
 94.0 8.27535E+02
 94.5 4.12542E+02
 95.0 3.43158E+01
