095K16D0W2
  0.5 0.00000E+00
  1.0 0.00000E+00
  1.5 0.00000E+00
  2.0 0.00000E+00
  2.5 0.00000E+00
  3.0 0.00000E+00
  3.5 3.24479E+04
  4.0 4.20541E+04
  4.5 5.21174E+04
  5.0 6.26384E+04
  5.5 7.36272E+04
  6.0 8.51034E+04
  6.5 9.70996E+04
  7.0 1.09666E+05
  7.5 1.22870E+05
  8.0 1.36767E+05
  8.5 2.26037E+06
  9.0 1.66552E+05
  9.5 1.65144E+06
 10.0 1.37772E+06
 10.5 7.56065E+04
 11.0 8.12123E+04
 11.5 2.38597E+05
 12.0 6.20082E+04
 12.5 5.76055E+04
 13.0 6.10834E+04
 13.5 6.46230E+04
 14.0 6.82195E+04
 14.5 7.18634E+04
 15.0 7.55403E+04
 15.5 7.92300E+04
 16.0 8.29077E+04
 16.5 8.65447E+04
 17.0 9.01094E+04
 17.5 9.35699E+04
 18.0 9.68944E+04
 18.5 1.00053E+05
 19.0 1.03020E+05
 19.5 1.05773E+05
 20.0 1.08292E+05
 20.5 1.10566E+05
 21.0 1.12585E+05
 21.5 1.14345E+05
 22.0 1.15845E+05
 22.5 1.17088E+05
 23.0 1.18081E+05
 23.5 1.18830E+05
 24.0 1.19348E+05
 24.5 1.19645E+05
 25.0 1.19736E+05
 25.5 1.19633E+05
 26.0 1.19350E+05
 26.5 1.18902E+05
 27.0 1.18302E+05
 27.5 1.17565E+05
 28.0 1.16704E+05
 28.5 1.15731E+05
 29.0 1.14658E+05
 29.5 1.13498E+05
 30.0 1.12260E+05
 30.5 1.10954E+05
 31.0 1.09591E+05
 31.5 1.08178E+05
 32.0 1.06724E+05
 32.5 1.05236E+05
 33.0 1.03720E+05
 33.5 1.02182E+05
 34.0 1.00628E+05
 34.5 9.90629E+04
 35.0 9.74909E+04
 35.5 9.59160E+04
 36.0 9.43418E+04
 36.5 9.27714E+04
 37.0 9.12075E+04
 37.5 8.96528E+04
 38.0 8.81093E+04
 38.5 8.65789E+04
 39.0 8.50631E+04
 39.5 8.35635E+04
 40.0 8.20812E+04
 40.5 8.06172E+04
 41.0 7.91723E+04
 41.5 7.77473E+04
 42.0 7.63425E+04
 42.5 7.49586E+04
 43.0 7.35957E+04
 43.5 7.22541E+04
 44.0 7.09340E+04
 44.5 6.96353E+04
 45.0 6.83580E+04
 45.5 6.71021E+04
 46.0 6.58674E+04
 46.5 6.46538E+04
 47.0 6.34610E+04
 47.5 6.22887E+04
 48.0 6.11367E+04
 48.5 6.00046E+04
 49.0 5.88922E+04
 49.5 5.77990E+04
 50.0 5.67248E+04
 50.5 5.56690E+04
 51.0 5.46314E+04
 51.5 5.36115E+04
 52.0 5.26090E+04
 52.5 5.16234E+04
 53.0 5.06543E+04
 53.5 4.97013E+04
 54.0 4.87640E+04
 54.5 4.78420E+04
 55.0 4.69350E+04
 55.5 4.60424E+04
 56.0 4.51640E+04
 56.5 4.42993E+04
 57.0 4.34480E+04
 57.5 4.26097E+04
 58.0 1.26909E+05
 58.5 4.09706E+04
 59.0 4.01690E+04
 59.5 1.88043E+05
 60.0 3.86004E+04
 60.5 3.78326E+04
 61.0 3.70754E+04
 61.5 3.63286E+04
 62.0 3.55916E+04
 62.5 3.48644E+04
 63.0 3.41466E+04
 63.5 3.34380E+04
 64.0 3.27382E+04
 64.5 3.20470E+04
 65.0 3.13642E+04
 65.5 3.06895E+04
 66.0 3.00226E+04
 66.5 2.93634E+04
 67.0 7.76998E+04
 67.5 2.80671E+04
 68.0 2.74296E+04
 68.5 2.67989E+04
 69.0 3.90634E+04
 69.5 2.51661E+04
 70.0 2.26660E+04
 70.5 2.21896E+04
 71.0 2.17135E+04
 71.5 2.12376E+04
 72.0 2.07620E+04
 72.5 2.02867E+04
 73.0 1.98118E+04
 73.5 1.93374E+04
 74.0 1.88635E+04
 74.5 1.83901E+04
 75.0 1.79173E+04
 75.5 1.74451E+04
 76.0 1.69736E+04
 76.5 1.65029E+04
 77.0 1.60329E+04
 77.5 1.55637E+04
 78.0 1.50953E+04
 78.5 1.46279E+04
 79.0 1.41614E+04
 79.5 1.36959E+04
 80.0 1.32314E+04
 80.5 1.27680E+04
 81.0 1.23057E+04
 81.5 1.18446E+04
 82.0 1.13847E+04
 82.5 1.09261E+04
 83.0 1.04687E+04
 83.5 1.00127E+04
 84.0 9.55804E+03
 84.5 9.10484E+03
 85.0 8.65311E+03
 85.5 8.20290E+03
 86.0 7.75426E+03
 86.5 7.30723E+03
 87.0 6.86186E+03
 87.5 6.41820E+03
 88.0 5.97628E+03
 88.5 5.53617E+03
 89.0 5.09790E+03
 89.5 4.66152E+03
 90.0 4.22707E+03
 90.5 3.79462E+03
 91.0 3.36421E+03
 91.5 2.93588E+03
 92.0 2.50968E+03
 92.5 2.08567E+03
 93.0 1.66389E+03
 93.5 1.24439E+03
 94.0 8.27226E+02
 94.5 4.12447E+02
 95.0 3.43109E+01
