095K19D0W2
  0.5 0.00000E+00
  1.0 0.00000E+00
  1.5 0.00000E+00
  2.0 0.00000E+00
  2.5 0.00000E+00
  3.0 0.00000E+00
  3.5 4.02616E+04
  4.0 5.17375E+04
  4.5 6.38113E+04
  5.0 7.64963E+04
  5.5 8.98192E+04
  6.0 1.03826E+05
  6.5 1.18588E+05
  7.0 1.34205E+05
  7.5 1.50769E+05
  8.0 1.68293E+05
  8.5 3.01031E+06
  9.0 2.05464E+05
  9.5 2.03218E+06
 10.0 1.69461E+06
 10.5 9.24989E+04
 11.0 9.94927E+04
 11.5 3.20527E+05
 12.0 7.57781E+04
 12.5 7.03643E+04
 13.0 7.46769E+04
 13.5 7.90668E+04
 14.0 8.35158E+04
 14.5 8.79971E+04
 15.0 9.24768E+04
 15.5 9.69141E+04
 16.0 1.01265E+05
 16.5 1.05484E+05
 17.0 1.09526E+05
 17.5 1.13352E+05
 18.0 1.16923E+05
 18.5 1.20211E+05
 19.0 1.23193E+05
 19.5 1.25853E+05
 20.0 1.28180E+05
 20.5 1.30171E+05
 21.0 1.31829E+05
 21.5 1.33160E+05
 22.0 1.34175E+05
 22.5 1.34887E+05
 23.0 1.35313E+05
 23.5 1.35469E+05
 24.0 1.35376E+05
 24.5 1.35051E+05
 25.0 1.34514E+05
 25.5 1.33785E+05
 26.0 1.32882E+05
 26.5 1.31822E+05
 27.0 1.30624E+05
 27.5 1.29303E+05
 28.0 1.27875E+05
 28.5 1.26354E+05
 29.0 1.24753E+05
 29.5 1.23084E+05
 30.0 1.21358E+05
 30.5 1.19586E+05
 31.0 1.17776E+05
 31.5 1.15937E+05
 32.0 1.14077E+05
 32.5 1.12202E+05
 33.0 1.10318E+05
 33.5 1.08432E+05
 34.0 1.06547E+05
 34.5 1.04667E+05
 35.0 1.02798E+05
 35.5 1.00941E+05
 36.0 9.90995E+04
 36.5 9.72763E+04
 37.0 9.54733E+04
 37.5 9.36921E+04
 38.0 9.19345E+04
 38.5 9.02015E+04
 39.0 8.84943E+04
 39.5 8.68135E+04
 40.0 8.51599E+04
 40.5 8.35339E+04
 41.0 8.19359E+04
 41.5 8.03659E+04
 42.0 7.88242E+04
 42.5 7.73107E+04
 43.0 7.58253E+04
 43.5 7.43677E+04
 44.0 7.29378E+04
 44.5 7.15353E+04
 45.0 7.01597E+04
 45.5 6.88108E+04
 46.0 6.74880E+04
 46.5 6.61910E+04
 47.0 6.49191E+04
 47.5 6.36720E+04
 48.0 6.24491E+04
 48.5 6.12498E+04
 49.0 6.00737E+04
 49.5 5.89202E+04
 50.0 5.77887E+04
 50.5 5.66786E+04
 51.0 5.55895E+04
 51.5 5.45208E+04
 52.0 5.34719E+04
 52.5 5.24422E+04
 53.0 5.14314E+04
 53.5 5.04388E+04
 54.0 4.94638E+04
 54.5 4.85061E+04
 55.0 4.75651E+04
 55.5 4.66403E+04
 56.0 4.57313E+04
 56.5 4.48375E+04
 57.0 4.39585E+04
 57.5 4.30938E+04
 58.0 1.28832E+05
 58.5 4.14059E+04
 59.0 4.05818E+04
 59.5 1.90841E+05
 60.0 3.89713E+04
 60.5 3.81841E+04
 61.0 3.74084E+04
 61.5 3.66439E+04
 62.0 3.58903E+04
 62.5 3.51472E+04
 63.0 3.44143E+04
 63.5 3.36912E+04
 64.0 3.29778E+04
 64.5 3.22735E+04
 65.0 3.15783E+04
 65.5 3.08918E+04
 66.0 3.02138E+04
 66.5 2.95439E+04
 67.0 7.84435E+04
 67.5 2.82278E+04
 68.0 2.75811E+04
 68.5 2.69417E+04
 69.0 3.93374E+04
 69.5 2.53527E+04
 70.0 2.31356E+04
 70.5 2.26333E+04
 71.0 2.21323E+04
 71.5 2.16326E+04
 72.0 2.11342E+04
 72.5 2.06372E+04
 73.0 2.01415E+04
 73.5 1.96472E+04
 74.0 1.91543E+04
 74.5 1.86628E+04
 75.0 1.81727E+04
 75.5 1.76841E+04
 76.0 1.71969E+04
 76.5 1.67112E+04
 77.0 1.62269E+04
 77.5 1.57442E+04
 78.0 1.52630E+04
 78.5 1.47834E+04
 79.0 1.43054E+04
 79.5 1.38289E+04
 80.0 1.33541E+04
 80.5 1.28809E+04
 81.0 1.24093E+04
 81.5 1.19395E+04
 82.0 1.14713E+04
 82.5 1.10049E+04
 83.0 1.05403E+04
 83.5 1.00775E+04
 84.0 9.61644E+03
 84.5 9.15727E+03
 85.0 8.69998E+03
 85.5 8.24459E+03
 86.0 7.79115E+03
 86.5 7.33968E+03
 87.0 6.89021E+03
 87.5 6.44278E+03
 88.0 5.99741E+03
 88.5 5.55415E+03
 89.0 5.11303E+03
 89.5 4.67408E+03
 90.0 4.23735E+03
 90.5 3.80286E+03
 91.0 3.37066E+03
 91.5 2.94079E+03
 92.0 2.51327E+03
 92.5 2.08816E+03
 93.0 1.66550E+03
 93.5 1.24532E+03
 94.0 8.27666E+02
 94.5 4.12582E+02
 95.0 3.43179E+01
