095K12D0W2
  0.5 0.00000E+00
  1.0 0.00000E+00
  1.5 0.00000E+00
  2.0 0.00000E+00
  2.5 0.00000E+00
  3.0 0.00000E+00
  3.5 2.24776E+04
  4.0 2.96885E+04
  4.5 3.72018E+04
  5.0 4.50053E+04
  5.5 5.30962E+04
  6.0 6.14764E+04
  6.5 7.01524E+04
  7.0 7.91364E+04
  7.5 8.84479E+04
  8.0 9.81150E+04
  8.5 1.25516E+06
  9.0 1.18630E+05
  9.5 1.08266E+06
 10.0 9.04853E+05
 10.5 5.45872E+04
 11.0 5.85502E+04
 11.5 1.36058E+05
 12.0 4.48198E+04
 12.5 4.16570E+04
 13.0 4.41369E+04
 13.5 4.66490E+04
 14.0 4.91933E+04
 14.5 5.17691E+04
 15.0 5.43748E+04
 15.5 5.70067E+04
 16.0 5.96594E+04
 16.5 6.23247E+04
 17.0 6.49919E+04
 17.5 6.76480E+04
 18.0 7.02776E+04
 18.5 7.28638E+04
 19.0 7.53888E+04
 19.5 7.78348E+04
 20.0 8.01841E+04
 20.5 8.24206E+04
 21.0 8.45294E+04
 21.5 8.64977E+04
 22.0 8.83152E+04
 22.5 8.99737E+04
 23.0 9.14674E+04
 23.5 9.27929E+04
 24.0 9.39490E+04
 24.5 9.49362E+04
 25.0 9.57570E+04
 25.5 9.64152E+04
 26.0 9.69161E+04
 26.5 9.72657E+04
 27.0 9.74711E+04
 27.5 9.75399E+04
 28.0 9.74800E+04
 28.5 9.72995E+04
 29.0 9.70068E+04
 29.5 9.66104E+04
 30.0 9.61182E+04
 30.5 9.55384E+04
 31.0 9.48787E+04
 31.5 9.41467E+04
 32.0 9.33494E+04
 32.5 9.24936E+04
 33.0 9.15857E+04
 33.5 9.06318E+04
 34.0 8.96374E+04
 34.5 8.86078E+04
 35.0 8.75479E+04
 35.5 8.64622E+04
 36.0 8.53548E+04
 36.5 8.42296E+04
 37.0 8.30900E+04
 37.5 8.19394E+04
 38.0 8.07805E+04
 38.5 7.96160E+04
 39.0 7.84484E+04
 39.5 7.72797E+04
 40.0 7.61120E+04
 40.5 7.49469E+04
 41.0 7.37860E+04
 41.5 7.26307E+04
 42.0 7.14823E+04
 42.5 7.03417E+04
 43.0 6.92099E+04
 43.5 6.80879E+04
 44.0 6.69761E+04
 44.5 6.58753E+04
 45.0 6.47860E+04
 45.5 6.37085E+04
 46.0 6.26433E+04
 46.5 6.15906E+04
 47.0 6.05506E+04
 47.5 5.95236E+04
 48.0 5.85095E+04
 48.5 5.75084E+04
 49.0 5.65205E+04
 49.5 5.55456E+04
 50.0 5.45837E+04
 50.5 5.36347E+04
 51.0 5.26986E+04
 51.5 5.17752E+04
 52.0 5.08644E+04
 52.5 4.99660E+04
 53.0 4.90798E+04
 53.5 4.82057E+04
 54.0 4.73434E+04
 54.5 4.64928E+04
 55.0 4.56535E+04
 55.5 4.48256E+04
 56.0 4.40085E+04
 56.5 4.32023E+04
 57.0 4.24066E+04
 57.5 4.16212E+04
 58.0 1.22996E+05
 58.5 4.00804E+04
 59.0 3.93245E+04
 59.5 1.82342E+05
 60.0 3.78406E+04
 60.5 3.71122E+04
 61.0 3.63925E+04
 61.5 3.56813E+04
 62.0 3.49784E+04
 62.5 3.42835E+04
 63.0 3.35965E+04
 63.5 3.29171E+04
 64.0 3.22453E+04
 64.5 3.15806E+04
 65.0 3.09231E+04
 65.5 3.02725E+04
 66.0 2.96286E+04
 66.5 2.89912E+04
 67.0 7.61731E+04
 67.5 2.77354E+04
 68.0 2.71167E+04
 68.5 2.65039E+04
 69.0 3.84991E+04
 69.5 2.47854E+04
 70.0 2.17249E+04
 70.5 2.12993E+04
 71.0 2.08718E+04
 71.5 2.04426E+04
 72.0 2.00118E+04
 72.5 1.95795E+04
 73.0 1.91458E+04
 73.5 1.87108E+04
 74.0 1.82746E+04
 74.5 1.78373E+04
 75.0 1.73989E+04
 75.5 1.69597E+04
 76.0 1.65196E+04
 76.5 1.60788E+04
 77.0 1.56373E+04
 77.5 1.51953E+04
 78.0 1.47529E+04
 78.5 1.43100E+04
 79.0 1.38669E+04
 79.5 1.34235E+04
 80.0 1.29801E+04
 80.5 1.25366E+04
 81.0 1.20931E+04
 81.5 1.16498E+04
 82.0 1.12066E+04
 82.5 1.07638E+04
 83.0 1.03213E+04
 83.5 9.87919E+03
 84.0 9.43762E+03
 84.5 8.99665E+03
 85.0 8.55634E+03
 85.5 8.11676E+03
 86.0 7.67800E+03
 86.5 7.24012E+03
 87.0 6.80319E+03
 87.5 6.36730E+03
 88.0 5.93250E+03
 88.5 5.49888E+03
 89.0 5.06649E+03
 89.5 4.63542E+03
 90.0 4.20573E+03
 90.5 3.77750E+03
 91.0 3.35079E+03
 91.5 2.92566E+03
 92.0 2.50220E+03
 92.5 2.08047E+03
 93.0 1.66053E+03
 93.5 1.24245E+03
 94.0 8.26309E+02
 94.5 4.12165E+02
 95.0 3.42962E+01
