096K06D0W2
  0.5 0.00000E+00
  1.0 0.00000E+00
  1.5 0.00000E+00
  2.0 0.00000E+00
  2.5 0.00000E+00
  3.0 0.00000E+00
  3.5 8.36052E+03
  4.0 1.20112E+04
  4.5 1.58276E+04
  5.0 1.97642E+04
  5.5 2.38019E+04
  6.0 2.79313E+04
  6.5 3.21474E+04
  7.0 3.64466E+04
  7.5 4.08265E+04
  8.0 4.52855E+04
  8.5 1.46833E+05
  9.0 5.44381E+04
  9.5 2.24744E+05
 10.0 1.92381E+05
 10.5 2.52555E+04
 11.0 2.71264E+04
 11.5 3.16264E+04
 12.0 2.07580E+04
 12.5 1.92967E+04
 13.0 2.04827E+04
 13.5 2.16738E+04
 14.0 2.28698E+04
 14.5 2.40700E+04
 15.0 2.52744E+04
 15.5 2.64825E+04
 16.0 2.76940E+04
 16.5 2.89084E+04
 17.0 3.01255E+04
 17.5 3.13447E+04
 18.0 3.25655E+04
 18.5 3.37875E+04
 19.0 3.50099E+04
 19.5 3.62317E+04
 20.0 3.74517E+04
 20.5 3.86685E+04
 21.0 3.98802E+04
 21.5 4.10845E+04
 22.0 4.22789E+04
 22.5 4.34602E+04
 23.0 4.46253E+04
 23.5 4.57703E+04
 24.0 4.68917E+04
 24.5 4.79854E+04
 25.0 4.90474E+04
 25.5 5.00740E+04
 26.0 5.10613E+04
 26.5 5.20058E+04
 27.0 5.29043E+04
 27.5 5.37539E+04
 28.0 5.45522E+04
 28.5 5.52969E+04
 29.0 5.59866E+04
 29.5 5.66198E+04
 30.0 5.71957E+04
 30.5 5.77140E+04
 31.0 5.81745E+04
 31.5 5.85775E+04
 32.0 5.89237E+04
 32.5 5.92139E+04
 33.0 5.94494E+04
 33.5 5.96314E+04
 34.0 5.97616E+04
 34.5 5.98416E+04
 35.0 5.98734E+04
 35.5 5.98588E+04
 36.0 5.97998E+04
 36.5 5.96987E+04
 37.0 5.95573E+04
 37.5 5.93779E+04
 38.0 5.91625E+04
 38.5 5.89132E+04
 39.0 5.86321E+04
 39.5 5.83211E+04
 40.0 5.79821E+04
 40.5 5.76172E+04
 41.0 5.72280E+04
 41.5 5.68163E+04
 42.0 5.63839E+04
 42.5 5.59322E+04
 43.0 5.54629E+04
 43.5 5.49774E+04
 44.0 5.44771E+04
 44.5 5.39632E+04
 45.0 5.34371E+04
 45.5 5.28999E+04
 46.0 5.23526E+04
 46.5 5.17964E+04
 47.0 5.12321E+04
 47.5 5.06607E+04
 48.0 5.00830E+04
 48.5 4.94998E+04
 49.0 4.89118E+04
 49.5 4.83197E+04
 50.0 4.77241E+04
 50.5 4.71256E+04
 51.0 4.65248E+04
 51.5 4.59221E+04
 52.0 4.53181E+04
 52.5 4.47130E+04
 53.0 4.41074E+04
 53.5 4.35015E+04
 54.0 4.28957E+04
 54.5 4.22903E+04
 55.0 4.16856E+04
 55.5 4.10817E+04
 56.0 4.04790E+04
 56.5 3.98775E+04
 57.0 3.92776E+04
 57.5 3.86794E+04
 58.0 1.13311E+05
 58.5 3.74884E+04
 59.0 3.68960E+04
 59.5 1.69116E+05
 60.0 3.57177E+04
 60.5 3.51320E+04
 61.0 3.45487E+04
 61.5 3.39678E+04
 62.0 3.33895E+04
 62.5 3.28137E+04
 63.0 3.22404E+04
 63.5 3.16699E+04
 64.0 3.11019E+04
 64.5 3.05366E+04
 65.0 2.99739E+04
 65.5 2.94139E+04
 66.0 2.88566E+04
 66.5 2.83020E+04
 67.0 7.36914E+04
 67.5 2.72007E+04
 68.0 2.66541E+04
 68.5 2.61101E+04
 69.0 3.77720E+04
 69.5 2.40644E+04
 70.0 1.88437E+04
 70.5 1.85916E+04
 71.0 1.83323E+04
 71.5 1.80661E+04
 72.0 1.77931E+04
 72.5 1.75134E+04
 73.0 1.72273E+04
 73.5 1.69349E+04
 74.0 1.66365E+04
 74.5 1.63320E+04
 75.0 1.60218E+04
 75.5 1.57061E+04
 76.0 1.53849E+04
 76.5 1.50584E+04
 77.0 1.47269E+04
 77.5 1.43905E+04
 78.0 1.40494E+04
 78.5 1.37037E+04
 79.0 1.33537E+04
 79.5 1.29995E+04
 80.0 1.26412E+04
 80.5 1.22791E+04
 81.0 1.19133E+04
 81.5 1.15440E+04
 82.0 1.11713E+04
 82.5 1.07954E+04
 83.0 1.04166E+04
 83.5 1.00348E+04
 84.0 9.65036E+03
 84.5 9.26336E+03
 85.0 8.87398E+03
 85.5 8.48237E+03
 86.0 8.08869E+03
 86.5 7.69308E+03
 87.0 7.29569E+03
 87.5 6.89668E+03
 88.0 6.49619E+03
 88.5 6.09436E+03
 89.0 5.69135E+03
 89.5 5.28728E+03
 90.0 4.88230E+03
 90.5 4.47655E+03
 91.0 4.07017E+03
 91.5 3.66328E+03
 92.0 3.25602E+03
 92.5 2.84852E+03
 93.0 2.44092E+03
 93.5 2.03333E+03
 94.0 1.62589E+03
 94.5 1.21872E+03
 95.0 8.11935E+02
 95.5 4.05667E+02
 96.0 3.37889E+01
