096K07D0W2
  0.5 0.00000E+00
  1.0 0.00000E+00
  1.5 0.00000E+00
  2.0 0.00000E+00
  2.5 0.00000E+00
  3.0 0.00000E+00
  3.5 1.05772E+04
  4.0 1.48228E+04
  4.5 1.92443E+04
  5.0 2.38051E+04
  5.5 2.84901E+04
  6.0 3.32918E+04
  6.5 3.82062E+04
  7.0 4.32305E+04
  7.5 4.83634E+04
  8.0 5.36046E+04
  8.5 2.53744E+05
  9.0 6.44177E+04
  9.5 3.41764E+05
 10.0 2.89728E+05
 10.5 2.99224E+04
 11.0 3.21138E+04
 11.5 4.20622E+04
 12.0 2.45950E+04
 12.5 2.28659E+04
 13.0 2.42523E+04
 13.5 2.56468E+04
 14.0 2.70490E+04
 14.5 2.84585E+04
 15.0 2.98750E+04
 15.5 3.12982E+04
 16.0 3.27277E+04
 16.5 3.41631E+04
 17.0 3.56037E+04
 17.5 3.70491E+04
 18.0 3.84982E+04
 18.5 3.99499E+04
 19.0 4.14025E+04
 19.5 4.28539E+04
 20.0 4.43013E+04
 20.5 4.57414E+04
 21.0 4.71702E+04
 21.5 4.85832E+04
 22.0 4.99756E+04
 22.5 5.13419E+04
 23.0 5.26767E+04
 23.5 5.39743E+04
 24.0 5.52292E+04
 24.5 5.64359E+04
 25.0 5.75896E+04
 25.5 5.86854E+04
 26.0 5.97194E+04
 26.5 6.06880E+04
 27.0 6.15883E+04
 27.5 6.24180E+04
 28.0 6.31755E+04
 28.5 6.38597E+04
 29.0 6.44702E+04
 29.5 6.50070E+04
 30.0 6.54708E+04
 30.5 6.58626E+04
 31.0 6.61838E+04
 31.5 6.64362E+04
 32.0 6.66220E+04
 32.5 6.67433E+04
 33.0 6.68028E+04
 33.5 6.68031E+04
 34.0 6.67470E+04
 34.5 6.66373E+04
 35.0 6.64769E+04
 35.5 6.62687E+04
 36.0 6.60155E+04
 36.5 6.57203E+04
 37.0 6.53858E+04
 37.5 6.50148E+04
 38.0 6.46098E+04
 38.5 6.41734E+04
 39.0 6.37081E+04
 39.5 6.32163E+04
 40.0 6.27001E+04
 40.5 6.21617E+04
 41.0 6.16030E+04
 41.5 6.10262E+04
 42.0 6.04328E+04
 42.5 5.98246E+04
 43.0 5.92033E+04
 43.5 5.85702E+04
 44.0 5.79269E+04
 44.5 5.72745E+04
 45.0 5.66143E+04
 45.5 5.59475E+04
 46.0 5.52750E+04
 46.5 5.45978E+04
 47.0 5.39168E+04
 47.5 5.32328E+04
 48.0 5.25466E+04
 48.5 5.18589E+04
 49.0 5.11703E+04
 49.5 5.04813E+04
 50.0 4.97925E+04
 50.5 4.91044E+04
 51.0 4.84173E+04
 51.5 4.77318E+04
 52.0 4.70481E+04
 52.5 4.63665E+04
 53.0 4.56875E+04
 53.5 4.50110E+04
 54.0 4.43375E+04
 54.5 4.36672E+04
 55.0 4.30000E+04
 55.5 4.23364E+04
 56.0 4.16763E+04
 56.5 4.10198E+04
 57.0 4.03672E+04
 57.5 3.97183E+04
 58.0 1.17498E+05
 58.5 3.84325E+04
 59.0 3.77955E+04
 59.5 1.75283E+05
 60.0 3.65337E+04
 60.5 3.59088E+04
 61.0 3.52880E+04
 61.5 3.46713E+04
 62.0 3.40586E+04
 62.5 3.34499E+04
 63.0 3.28452E+04
 63.5 3.22445E+04
 64.0 3.16476E+04
 64.5 3.10547E+04
 65.0 3.04657E+04
 65.5 2.98805E+04
 66.0 2.92990E+04
 66.5 2.87213E+04
 67.0 7.54123E+04
 67.5 2.75769E+04
 68.0 2.70102E+04
 68.5 2.64469E+04
 69.0 3.84154E+04
 69.5 2.44720E+04
 70.0 1.97552E+04
 70.5 1.94616E+04
 71.0 1.91621E+04
 71.5 1.88566E+04
 72.0 1.85455E+04
 72.5 1.82289E+04
 73.0 1.79068E+04
 73.5 1.75796E+04
 74.0 1.72474E+04
 74.5 1.69104E+04
 75.0 1.65686E+04
 75.5 1.62223E+04
 76.0 1.58717E+04
 76.5 1.55169E+04
 77.0 1.51580E+04
 77.5 1.47953E+04
 78.0 1.44289E+04
 78.5 1.40589E+04
 79.0 1.36855E+04
 79.5 1.33090E+04
 80.0 1.29293E+04
 80.5 1.25467E+04
 81.0 1.21614E+04
 81.5 1.17735E+04
 82.0 1.13830E+04
 82.5 1.09903E+04
 83.0 1.05954E+04
 83.5 1.01984E+04
 84.0 9.79957E+03
 84.5 9.39898E+03
 85.0 8.99678E+03
 85.5 8.59310E+03
 86.0 8.18809E+03
 86.5 7.78187E+03
 87.0 7.37457E+03
 87.5 6.96633E+03
 88.0 6.55728E+03
 88.5 6.14753E+03
 89.0 5.73722E+03
 89.5 5.32647E+03
 90.0 4.91541E+03
 90.5 4.50414E+03
 91.0 4.09279E+03
 91.5 3.68149E+03
 92.0 3.27033E+03
 92.5 2.85944E+03
 93.0 2.44894E+03
 93.5 2.03892E+03
 94.0 1.62951E+03
 94.5 1.22081E+03
 95.0 8.12928E+02
 95.5 4.05973E+02
 96.0 3.38049E+01
