096K17D0W2
  0.5 0.00000E+00
  1.0 0.00000E+00
  1.5 0.00000E+00
  2.0 0.00000E+00
  2.5 0.00000E+00
  3.0 0.00000E+00
  3.5 3.46864E+04
  4.0 4.48277E+04
  4.5 5.54662E+04
  5.0 6.66057E+04
  5.5 7.82602E+04
  6.0 9.04547E+04
  6.5 1.03231E+05
  7.0 1.16651E+05
  7.5 1.30792E+05
  8.0 1.45712E+05
  8.5 2.48681E+06
  9.0 1.77684E+05
  9.5 1.77697E+06
 10.0 1.48211E+06
 10.5 8.04949E+04
 11.0 8.65056E+04
 11.5 2.62360E+05
 12.0 6.60292E+04
 12.5 6.13434E+04
 13.0 6.50706E+04
 13.5 6.88674E+04
 14.0 7.27267E+04
 14.5 7.66355E+04
 15.0 8.05752E+04
 15.5 8.45207E+04
 16.0 8.84421E+04
 16.5 9.23058E+04
 17.0 9.60758E+04
 17.5 9.97166E+04
 18.0 1.03194E+05
 18.5 1.06476E+05
 19.0 1.09537E+05
 19.5 1.12353E+05
 20.0 1.14908E+05
 20.5 1.17191E+05
 21.0 1.19193E+05
 21.5 1.20912E+05
 22.0 1.22352E+05
 22.5 1.23516E+05
 23.0 1.24414E+05
 23.5 1.25057E+05
 24.0 1.25456E+05
 24.5 1.25626E+05
 25.0 1.25582E+05
 25.5 1.25339E+05
 26.0 1.24912E+05
 26.5 1.24318E+05
 27.0 1.23571E+05
 27.5 1.22687E+05
 28.0 1.21678E+05
 28.5 1.20559E+05
 29.0 1.19343E+05
 29.5 1.18041E+05
 30.0 1.16664E+05
 30.5 1.15223E+05
 31.0 1.13728E+05
 31.5 1.12186E+05
 32.0 1.10607E+05
 32.5 1.08997E+05
 33.0 1.07364E+05
 33.5 1.05712E+05
 34.0 1.04049E+05
 34.5 1.02377E+05
 35.0 1.00703E+05
 35.5 9.90296E+04
 36.0 9.73603E+04
 36.5 9.56984E+04
 37.0 9.40465E+04
 37.5 9.24070E+04
 38.0 9.07819E+04
 38.5 8.91731E+04
 39.0 8.75820E+04
 39.5 8.60099E+04
 40.0 8.44579E+04
 40.5 8.29270E+04
 41.0 8.14179E+04
 41.5 7.99311E+04
 42.0 7.84671E+04
 42.5 7.70262E+04
 43.0 7.56086E+04
 43.5 7.42145E+04
 44.0 7.28440E+04
 44.5 7.14969E+04
 45.0 7.01731E+04
 45.5 6.88726E+04
 46.0 6.75951E+04
 46.5 6.63404E+04
 47.0 6.51080E+04
 47.5 6.38979E+04
 48.0 6.27095E+04
 48.5 6.15426E+04
 49.0 6.03967E+04
 49.5 5.92714E+04
 50.0 5.81663E+04
 50.5 5.70811E+04
 51.0 5.60151E+04
 51.5 5.49680E+04
 52.0 5.39394E+04
 52.5 5.29288E+04
 53.0 5.19357E+04
 53.5 5.09598E+04
 54.0 5.00006E+04
 54.5 4.90575E+04
 55.0 4.81303E+04
 55.5 4.72184E+04
 56.0 4.63215E+04
 56.5 4.54392E+04
 57.0 4.45709E+04
 57.5 4.37164E+04
 58.0 1.33813E+05
 58.5 4.20470E+04
 59.0 4.12314E+04
 59.5 1.99219E+05
 60.0 3.96364E+04
 60.5 3.88564E+04
 61.0 3.80875E+04
 61.5 3.73294E+04
 62.0 3.65819E+04
 62.5 3.58446E+04
 63.0 3.51171E+04
 63.5 3.43993E+04
 64.0 3.36908E+04
 64.5 3.29914E+04
 65.0 3.23007E+04
 65.5 3.16185E+04
 66.0 3.09447E+04
 66.5 3.02788E+04
 67.0 8.19110E+04
 67.5 2.89702E+04
 68.0 2.83271E+04
 68.5 2.76910E+04
 69.0 4.08175E+04
 69.5 2.60428E+04
 70.0 2.35089E+04
 70.5 2.30273E+04
 71.0 2.25464E+04
 71.5 2.20660E+04
 72.0 2.15863E+04
 72.5 2.11072E+04
 73.0 2.06289E+04
 73.5 2.01513E+04
 74.0 1.96745E+04
 74.5 1.91985E+04
 75.0 1.87234E+04
 75.5 1.82492E+04
 76.0 1.77759E+04
 76.5 1.73035E+04
 77.0 1.68322E+04
 77.5 1.63618E+04
 78.0 1.58925E+04
 78.5 1.54243E+04
 79.0 1.49572E+04
 79.5 1.44913E+04
 80.0 1.40265E+04
 80.5 1.35630E+04
 81.0 1.31007E+04
 81.5 1.26398E+04
 82.0 1.21801E+04
 82.5 1.17218E+04
 83.0 1.12649E+04
 83.5 1.08095E+04
 84.0 1.03555E+04
 84.5 9.90297E+03
 85.0 9.45202E+03
 85.5 9.00264E+03
 86.0 8.55489E+03
 86.5 8.10878E+03
 87.0 7.66436E+03
 87.5 7.22167E+03
 88.0 6.78075E+03
 88.5 6.34164E+03
 89.0 5.90438E+03
 89.5 5.46901E+03
 90.0 5.03556E+03
 90.5 4.60408E+03
 91.0 4.17462E+03
 91.5 3.74721E+03
 92.0 3.32190E+03
 92.5 2.89872E+03
 93.0 2.47773E+03
 93.5 2.05896E+03
 94.0 1.64247E+03
 94.5 1.22829E+03
 95.0 8.16473E+02
 95.5 4.07062E+02
 96.0 3.38618E+01
