096K11D0W2
  0.5 0.00000E+00
  1.0 0.00000E+00
  1.5 0.00000E+00
  2.0 0.00000E+00
  2.5 0.00000E+00
  3.0 0.00000E+00
  3.5 1.98561E+04
  4.0 2.64293E+04
  4.5 3.32711E+04
  5.0 4.03657E+04
  5.5 4.77076E+04
  6.0 5.52964E+04
  6.5 6.31346E+04
  7.0 7.12288E+04
  7.5 7.95905E+04
  8.0 8.82379E+04
  8.5 9.93498E+05
  9.0 1.06484E+05
  9.5 9.20003E+05
 10.0 7.69783E+05
 10.5 4.91925E+04
 11.0 5.27588E+04
 11.5 1.10806E+05
 12.0 4.04174E+04
 12.5 3.75742E+04
 13.0 3.98136E+04
 13.5 4.20790E+04
 14.0 4.43706E+04
 14.5 4.66880E+04
 15.0 4.90308E+04
 15.5 5.13973E+04
 16.0 5.37849E+04
 16.5 5.61890E+04
 17.0 5.86034E+04
 17.5 6.10198E+04
 18.0 6.34278E+04
 18.5 6.58152E+04
 19.0 6.81685E+04
 19.5 7.04734E+04
 20.0 7.27147E+04
 20.5 7.48780E+04
 21.0 7.69492E+04
 21.5 7.89152E+04
 22.0 8.07646E+04
 22.5 8.24876E+04
 23.0 8.40762E+04
 23.5 8.55243E+04
 24.0 8.68277E+04
 24.5 8.79841E+04
 25.0 8.89929E+04
 25.5 8.98548E+04
 26.0 9.05720E+04
 26.5 9.11481E+04
 27.0 9.15874E+04
 27.5 9.18952E+04
 28.0 9.20772E+04
 28.5 9.21398E+04
 29.0 9.20896E+04
 29.5 9.19337E+04
 30.0 9.16788E+04
 30.5 9.13319E+04
 31.0 9.09001E+04
 31.5 9.03901E+04
 32.0 8.98084E+04
 32.5 8.91614E+04
 33.0 8.84552E+04
 33.5 8.76954E+04
 34.0 8.68879E+04
 34.5 8.60376E+04
 35.0 8.51494E+04
 35.5 8.42279E+04
 36.0 8.32774E+04
 36.5 8.23018E+04
 37.0 8.13048E+04
 37.5 8.02899E+04
 38.0 7.92601E+04
 38.5 7.82183E+04
 39.0 7.71670E+04
 39.5 7.61088E+04
 40.0 7.50457E+04
 40.5 7.39799E+04
 41.0 7.29130E+04
 41.5 7.18467E+04
 42.0 7.07824E+04
 42.5 6.97215E+04
 43.0 6.86651E+04
 43.5 6.76142E+04
 44.0 6.65698E+04
 44.5 6.55325E+04
 45.0 6.45033E+04
 45.5 6.34827E+04
 46.0 6.24711E+04
 46.5 6.14691E+04
 47.0 6.04770E+04
 47.5 5.94951E+04
 48.0 5.85237E+04
 48.5 5.75631E+04
 49.0 5.66132E+04
 49.5 5.56743E+04
 50.0 5.47465E+04
 50.5 5.38297E+04
 51.0 5.29240E+04
 51.5 5.20294E+04
 52.0 5.11457E+04
 52.5 5.02730E+04
 53.0 4.94112E+04
 53.5 4.85601E+04
 54.0 4.77196E+04
 54.5 4.68896E+04
 55.0 4.60699E+04
 55.5 4.52605E+04
 56.0 4.44611E+04
 56.5 4.36715E+04
 57.0 4.28916E+04
 57.5 4.21212E+04
 58.0 1.27267E+05
 58.5 4.06082E+04
 59.0 3.98652E+04
 59.5 1.89632E+05
 60.0 3.84053E+04
 60.5 3.76880E+04
 61.0 3.69789E+04
 61.5 3.62778E+04
 62.0 3.55845E+04
 62.5 3.48989E+04
 63.0 3.42207E+04
 63.5 3.35498E+04
 64.0 3.28860E+04
 64.5 3.22291E+04
 65.0 3.15790E+04
 65.5 3.09355E+04
 66.0 3.02984E+04
 66.5 2.96676E+04
 67.0 7.93408E+04
 67.5 2.84242E+04
 68.0 2.78113E+04
 68.5 2.72041E+04
 69.0 3.98725E+04
 69.5 2.54151E+04
 70.0 2.19639E+04
 70.5 2.15630E+04
 71.0 2.11595E+04
 71.5 2.07536E+04
 72.0 2.03454E+04
 72.5 1.99350E+04
 73.0 1.95225E+04
 73.5 1.91081E+04
 74.0 1.86918E+04
 74.5 1.82738E+04
 75.0 1.78541E+04
 75.5 1.74329E+04
 76.0 1.70103E+04
 76.5 1.65864E+04
 77.0 1.61613E+04
 77.5 1.57351E+04
 78.0 1.53079E+04
 78.5 1.48797E+04
 79.0 1.44508E+04
 79.5 1.40211E+04
 80.0 1.35909E+04
 80.5 1.31600E+04
 81.0 1.27288E+04
 81.5 1.22972E+04
 82.0 1.18653E+04
 82.5 1.14333E+04
 83.0 1.10012E+04
 83.5 1.05690E+04
 84.0 1.01370E+04
 84.5 9.70513E+03
 85.0 9.27352E+03
 85.5 8.84224E+03
 86.0 8.41138E+03
 86.5 7.98101E+03
 87.0 7.55122E+03
 87.5 7.12208E+03
 88.0 6.69368E+03
 88.5 6.26608E+03
 89.0 5.83937E+03
 89.5 5.41363E+03
 90.0 4.98892E+03
 90.5 4.56532E+03
 91.0 4.14291E+03
 91.5 3.72176E+03
 92.0 3.30195E+03
 92.5 2.88354E+03
 93.0 2.46661E+03
 93.5 2.05123E+03
 94.0 1.63747E+03
 94.5 1.22541E+03
 95.0 8.15108E+02
 95.5 4.06643E+02
 96.0 3.38399E+01
