096K13D0W2
  0.5 0.00000E+00
  1.0 0.00000E+00
  1.5 0.00000E+00
  2.0 0.00000E+00
  2.5 0.00000E+00
  3.0 0.00000E+00
  3.5 2.46814E+04
  4.0 3.24233E+04
  4.5 4.05004E+04
  5.0 4.89032E+04
  5.5 5.76312E+04
  6.0 6.66890E+04
  6.5 7.60868E+04
  7.0 8.58423E+04
  7.5 9.59831E+04
  8.0 1.06546E+05
  8.5 1.47315E+06
  9.0 1.29061E+05
  9.5 1.21958E+06
 10.0 1.01861E+06
 10.5 5.92584E+04
 11.0 6.35817E+04
 11.5 1.57452E+05
 12.0 4.86668E+04
 12.5 4.52360E+04
 13.0 4.79398E+04
 13.5 5.06829E+04
 14.0 5.34653E+04
 14.5 5.62856E+04
 15.0 5.91411E+04
 15.5 6.20260E+04
 16.0 6.49322E+04
 16.5 6.78483E+04
 17.0 7.07595E+04
 17.5 7.36489E+04
 18.0 7.64970E+04
 18.5 7.92834E+04
 19.0 8.19872E+04
 19.5 8.45878E+04
 20.0 8.70659E+04
 20.5 8.94042E+04
 21.0 9.15875E+04
 21.5 9.36034E+04
 22.0 9.54423E+04
 22.5 9.70973E+04
 23.0 9.85643E+04
 23.5 9.98416E+04
 24.0 1.00930E+05
 24.5 1.01833E+05
 25.0 1.02553E+05
 25.5 1.03099E+05
 26.0 1.03475E+05
 26.5 1.03692E+05
 27.0 1.03756E+05
 27.5 1.03678E+05
 28.0 1.03467E+05
 28.5 1.03133E+05
 29.0 1.02684E+05
 29.5 1.02130E+05
 30.0 1.01481E+05
 30.5 1.00745E+05
 31.0 9.99310E+04
 31.5 9.90463E+04
 32.0 9.80987E+04
 32.5 9.70956E+04
 33.0 9.60436E+04
 33.5 9.49489E+04
 34.0 9.38175E+04
 34.5 9.26546E+04
 35.0 9.14653E+04
 35.5 9.02540E+04
 36.0 8.90252E+04
 36.5 8.77824E+04
 37.0 8.65293E+04
 37.5 8.52690E+04
 38.0 8.40044E+04
 38.5 8.27379E+04
 39.0 8.14721E+04
 39.5 8.02088E+04
 40.0 7.89501E+04
 40.5 7.76974E+04
 41.0 7.64523E+04
 41.5 7.52161E+04
 42.0 7.39899E+04
 42.5 7.27746E+04
 43.0 7.15711E+04
 43.5 7.03801E+04
 44.0 6.92023E+04
 44.5 6.80380E+04
 45.0 6.68878E+04
 45.5 6.57519E+04
 46.0 6.46306E+04
 46.5 6.35241E+04
 47.0 6.24326E+04
 47.5 6.13560E+04
 48.0 6.02945E+04
 48.5 5.92480E+04
 49.0 5.82165E+04
 49.5 5.71999E+04
 50.0 5.61980E+04
 50.5 5.52107E+04
 51.0 5.42379E+04
 51.5 5.32793E+04
 52.0 5.23348E+04
 52.5 5.14041E+04
 53.0 5.04870E+04
 53.5 4.95834E+04
 54.0 4.86928E+04
 54.5 4.78151E+04
 55.0 4.69500E+04
 55.5 4.60972E+04
 56.0 4.52565E+04
 56.5 4.44276E+04
 57.0 4.36103E+04
 57.5 4.28042E+04
 58.0 1.30064E+05
 58.5 4.12248E+04
 59.0 4.04509E+04
 59.5 1.93731E+05
 60.0 3.89335E+04
 60.5 3.81894E+04
 61.0 3.74549E+04
 61.5 3.67295E+04
 62.0 3.60130E+04
 62.5 3.53053E+04
 63.0 3.46061E+04
 63.5 3.39151E+04
 64.0 3.32322E+04
 64.5 3.25571E+04
 65.0 3.18896E+04
 65.5 3.12296E+04
 66.0 3.05767E+04
 66.5 2.99309E+04
 67.0 8.04448E+04
 67.5 2.86595E+04
 68.0 2.80336E+04
 68.5 2.74140E+04
 69.0 4.02792E+04
 69.5 2.56836E+04
 70.0 2.26177E+04
 70.5 2.21832E+04
 71.0 2.17474E+04
 71.5 2.13104E+04
 72.0 2.08722E+04
 72.5 2.04330E+04
 73.0 1.99929E+04
 73.5 1.95520E+04
 74.0 1.91102E+04
 74.5 1.86678E+04
 75.0 1.82248E+04
 75.5 1.77812E+04
 76.0 1.73372E+04
 76.5 1.68928E+04
 77.0 1.64481E+04
 77.5 1.60032E+04
 78.0 1.55581E+04
 78.5 1.51129E+04
 79.0 1.46678E+04
 79.5 1.42227E+04
 80.0 1.37777E+04
 80.5 1.33330E+04
 81.0 1.28885E+04
 81.5 1.24443E+04
 82.0 1.20006E+04
 82.5 1.15573E+04
 83.0 1.11146E+04
 83.5 1.06725E+04
 84.0 1.02311E+04
 84.5 9.79035E+03
 85.0 9.35043E+03
 85.5 8.91139E+03
 86.0 8.47326E+03
 86.5 8.03613E+03
 87.0 7.60005E+03
 87.5 7.16508E+03
 88.0 6.73129E+03
 88.5 6.29873E+03
 89.0 5.86747E+03
 89.5 5.43757E+03
 90.0 5.00909E+03
 90.5 4.58209E+03
 91.0 4.15663E+03
 91.5 3.73278E+03
 92.0 3.31058E+03
 92.5 2.89011E+03
 93.0 2.47143E+03
 93.5 2.05458E+03
 94.0 1.63964E+03
 94.5 1.22666E+03
 95.0 8.15700E+02
 95.5 4.06825E+02
 96.0 3.38494E+01
