096K14D0W2
  0.5 0.00000E+00
  1.0 0.00000E+00
  1.5 0.00000E+00
  2.0 0.00000E+00
  2.5 0.00000E+00
  3.0 0.00000E+00
  3.5 2.71372E+04
  4.0 3.54699E+04
  4.5 4.41747E+04
  5.0 5.32454E+04
  5.5 6.26841E+04
  6.0 7.24994E+04
  6.5 8.27066E+04
  7.0 9.33317E+04
  7.5 1.04413E+05
  8.0 1.15998E+05
  8.5 1.72398E+06
  9.0 1.40780E+05
  9.5 1.36508E+06
 10.0 1.13953E+06
 10.5 6.44195E+04
 11.0 6.91420E+04
 11.5 1.82624E+05
 12.0 5.28918E+04
 12.5 4.91579E+04
 13.0 5.21052E+04
 13.5 5.50993E+04
 14.0 5.81397E+04
 14.5 6.12235E+04
 15.0 6.43453E+04
 15.5 6.74963E+04
 16.0 7.06638E+04
 16.5 7.38316E+04
 17.0 7.69800E+04
 17.5 8.00869E+04
 18.0 8.31283E+04
 18.5 8.60800E+04
 19.0 8.89181E+04
 19.5 9.16204E+04
 20.0 9.41665E+04
 20.5 9.65392E+04
 21.0 9.87244E+04
 21.5 1.00711E+05
 22.0 1.02492E+05
 22.5 1.04062E+05
 23.0 1.05420E+05
 23.5 1.06569E+05
 24.0 1.07510E+05
 24.5 1.08250E+05
 25.0 1.08797E+05
 25.5 1.09158E+05
 26.0 1.09343E+05
 26.5 1.09363E+05
 27.0 1.09227E+05
 27.5 1.08947E+05
 28.0 1.08535E+05
 28.5 1.07999E+05
 29.0 1.07352E+05
 29.5 1.06603E+05
 30.0 1.05763E+05
 30.5 1.04840E+05
 31.0 1.03844E+05
 31.5 1.02783E+05
 32.0 1.01665E+05
 32.5 1.00497E+05
 33.0 9.92862E+04
 33.5 9.80388E+04
 34.0 9.67606E+04
 34.5 9.54570E+04
 35.0 9.41329E+04
 35.5 9.27927E+04
 36.0 9.14406E+04
 36.5 9.00801E+04
 37.0 8.87147E+04
 37.5 8.73472E+04
 38.0 8.59804E+04
 38.5 8.46167E+04
 39.0 8.32582E+04
 39.5 8.19068E+04
 40.0 8.05642E+04
 40.5 7.92317E+04
 41.0 7.79108E+04
 41.5 7.66024E+04
 42.0 7.53076E+04
 42.5 7.40271E+04
 43.0 7.27616E+04
 43.5 7.15118E+04
 44.0 7.02779E+04
 44.5 6.90605E+04
 45.0 6.78597E+04
 45.5 6.66758E+04
 46.0 6.55089E+04
 46.5 6.43591E+04
 47.0 6.32263E+04
 47.5 6.21106E+04
 48.0 6.10119E+04
 48.5 5.99301E+04
 49.0 5.88649E+04
 49.5 5.78163E+04
 50.0 5.67840E+04
 50.5 5.57679E+04
 51.0 5.47675E+04
 51.5 5.37828E+04
 52.0 5.28135E+04
 52.5 5.18592E+04
 53.0 5.09196E+04
 53.5 4.99945E+04
 54.0 4.90836E+04
 54.5 4.81865E+04
 55.0 4.73029E+04
 55.5 4.64326E+04
 56.0 4.55752E+04
 56.5 4.47304E+04
 57.0 4.38980E+04
 57.5 4.30775E+04
 58.0 1.31185E+05
 58.5 4.14712E+04
 59.0 4.06849E+04
 59.5 1.95374E+05
 60.0 3.91444E+04
 60.5 3.83896E+04
 61.0 3.76447E+04
 61.5 3.69096E+04
 62.0 3.61838E+04
 62.5 3.54673E+04
 63.0 3.47596E+04
 63.5 3.40606E+04
 64.0 3.33700E+04
 64.5 3.26877E+04
 65.0 3.20132E+04
 65.5 3.13465E+04
 66.0 3.06874E+04
 66.5 3.00355E+04
 67.0 8.08850E+04
 67.5 2.87530E+04
 68.0 2.81219E+04
 68.5 2.74974E+04
 69.0 4.04410E+04
 69.5 2.57912E+04
 70.0 2.28825E+04
 70.5 2.24341E+04
 71.0 2.19850E+04
 71.5 2.15353E+04
 72.0 2.10848E+04
 72.5 2.06339E+04
 73.0 2.01825E+04
 73.5 1.97307E+04
 74.0 1.92786E+04
 74.5 1.88263E+04
 75.0 1.83737E+04
 75.5 1.79211E+04
 76.0 1.74683E+04
 76.5 1.70156E+04
 77.0 1.65630E+04
 77.5 1.61105E+04
 78.0 1.56582E+04
 78.5 1.52062E+04
 79.0 1.47545E+04
 79.5 1.43032E+04
 80.0 1.38523E+04
 80.5 1.34020E+04
 81.0 1.29522E+04
 81.5 1.25030E+04
 82.0 1.20545E+04
 82.5 1.16068E+04
 83.0 1.11598E+04
 83.5 1.07137E+04
 84.0 1.02685E+04
 84.5 9.82422E+03
 85.0 9.38100E+03
 85.5 8.93885E+03
 86.0 8.49784E+03
 86.5 8.05801E+03
 87.0 7.61942E+03
 87.5 7.18213E+03
 88.0 6.74619E+03
 88.5 6.31166E+03
 89.0 5.87860E+03
 89.5 5.44705E+03
 90.0 5.01707E+03
 90.5 4.58873E+03
 91.0 4.16206E+03
 91.5 3.73713E+03
 92.0 3.31400E+03
 92.5 2.89271E+03
 93.0 2.47333E+03
 93.5 2.05590E+03
 94.0 1.64049E+03
 94.5 1.22715E+03
 95.0 8.15934E+02
 95.5 4.06897E+02
 96.0 3.38531E+01
