096K15D0W2
  0.5 0.00000E+00
  1.0 0.00000E+00
  1.5 0.00000E+00
  2.0 0.00000E+00
  2.5 0.00000E+00
  3.0 0.00000E+00
  3.5 2.96225E+04
  4.0 3.85515E+04
  4.5 4.78919E+04
  5.0 5.76408E+04
  5.5 6.78035E+04
  6.0 7.83931E+04
  6.5 8.94319E+04
  7.0 1.00956E+05
  7.5 1.13016E+05
  8.0 1.25667E+05
  8.5 1.97796E+06
  9.0 1.52792E+05
  9.5 1.50669E+06
 10.0 1.25727E+06
 10.5 6.96746E+04
 11.0 7.48114E+04
 11.5 2.08646E+05
 12.0 5.71903E+04
 12.5 5.31466E+04
 13.0 5.63454E+04
 13.5 5.95990E+04
 14.0 6.29054E+04
 14.5 6.62593E+04
 15.0 6.96521E+04
 15.5 7.30704E+04
 16.0 7.64964E+04
 16.5 7.99084E+04
 17.0 8.32811E+04
 17.5 8.65876E+04
 18.0 8.97997E+04
 18.5 9.28900E+04
 19.0 9.58328E+04
 19.5 9.86045E+04
 20.0 1.01185E+05
 20.5 1.03559E+05
 21.0 1.05712E+05
 21.5 1.07637E+05
 22.0 1.09330E+05
 22.5 1.10787E+05
 23.0 1.12012E+05
 23.5 1.13009E+05
 24.0 1.13783E+05
 24.5 1.14345E+05
 25.0 1.14703E+05
 25.5 1.14869E+05
 26.0 1.14855E+05
 26.5 1.14672E+05
 27.0 1.14333E+05
 27.5 1.13850E+05
 28.0 1.13236E+05
 28.5 1.12502E+05
 29.0 1.11660E+05
 29.5 1.10721E+05
 30.0 1.09695E+05
 30.5 1.08592E+05
 31.0 1.07422E+05
 31.5 1.06193E+05
 32.0 1.04912E+05
 32.5 1.03589E+05
 33.0 1.02228E+05
 33.5 1.00837E+05
 34.0 9.94221E+04
 34.5 9.79873E+04
 35.0 9.65380E+04
 35.5 9.50784E+04
 36.0 9.36123E+04
 36.5 9.21434E+04
 37.0 9.06746E+04
 37.5 8.92089E+04
 38.0 8.77486E+04
 38.5 8.62960E+04
 39.0 8.48531E+04
 39.5 8.34215E+04
 40.0 8.20026E+04
 40.5 8.05978E+04
 41.0 7.92082E+04
 41.5 7.78347E+04
 42.0 7.64779E+04
 42.5 7.51387E+04
 43.0 7.38175E+04
 43.5 7.25147E+04
 44.0 7.12306E+04
 44.5 6.99654E+04
 45.0 6.87194E+04
 45.5 6.74926E+04
 46.0 6.62849E+04
 46.5 6.50963E+04
 47.0 6.39269E+04
 47.5 6.27763E+04
 48.0 6.16444E+04
 48.5 6.05311E+04
 49.0 5.94360E+04
 49.5 5.83590E+04
 50.0 5.72998E+04
 50.5 5.62579E+04
 51.0 5.52333E+04
 51.5 5.42254E+04
 52.0 5.32340E+04
 52.5 5.22588E+04
 53.0 5.12994E+04
 53.5 5.03554E+04
 54.0 4.94265E+04
 54.5 4.85123E+04
 55.0 4.76125E+04
 55.5 4.67267E+04
 56.0 4.58546E+04
 56.5 4.49958E+04
 57.0 4.41499E+04
 57.5 4.33168E+04
 58.0 1.32168E+05
 58.5 4.16870E+04
 59.0 4.08897E+04
 59.5 1.96813E+05
 60.0 3.93288E+04
 60.5 3.85646E+04
 61.0 3.78107E+04
 61.5 3.70670E+04
 62.0 3.63331E+04
 62.5 3.56088E+04
 63.0 3.48938E+04
 63.5 3.41877E+04
 64.0 3.34904E+04
 64.5 3.28016E+04
 65.0 3.21211E+04
 65.5 3.14486E+04
 66.0 3.07840E+04
 66.5 3.01269E+04
 67.0 8.12698E+04
 67.5 2.88346E+04
 68.0 2.81990E+04
 68.5 2.75702E+04
 69.0 4.05823E+04
 69.5 2.58854E+04
 70.0 2.31159E+04
 70.5 2.26553E+04
 71.0 2.21943E+04
 71.5 2.17332E+04
 72.0 2.12719E+04
 72.5 2.08106E+04
 73.0 2.03492E+04
 73.5 1.98878E+04
 74.0 1.94265E+04
 74.5 1.89654E+04
 75.0 1.85044E+04
 75.5 1.80438E+04
 76.0 1.75834E+04
 76.5 1.71233E+04
 77.0 1.66637E+04
 77.5 1.62046E+04
 78.0 1.57460E+04
 78.5 1.52879E+04
 79.0 1.48305E+04
 79.5 1.43737E+04
 80.0 1.39176E+04
 80.5 1.34623E+04
 81.0 1.30079E+04
 81.5 1.25543E+04
 82.0 1.21016E+04
 82.5 1.16499E+04
 83.0 1.11992E+04
 83.5 1.07496E+04
 84.0 1.03011E+04
 84.5 9.85379E+03
 85.0 9.40767E+03
 85.5 8.96281E+03
 86.0 8.51927E+03
 86.5 8.07708E+03
 87.0 7.63631E+03
 87.5 7.19699E+03
 88.0 6.75918E+03
 88.5 6.32294E+03
 89.0 5.88829E+03
 89.5 5.45531E+03
 90.0 5.02403E+03
 90.5 4.59450E+03
 91.0 4.16679E+03
 91.5 3.74092E+03
 92.0 3.31697E+03
 92.5 2.89497E+03
 93.0 2.47499E+03
 93.5 2.05706E+03
 94.0 1.64124E+03
 94.5 1.22758E+03
 95.0 8.16137E+02
 95.5 4.06959E+02
 96.0 3.38564E+01
