096K22D0W2
  0.5 0.00000E+00
  1.0 0.00000E+00
  1.5 0.00000E+00
  2.0 0.00000E+00
  2.5 0.00000E+00
  3.0 0.00000E+00
  3.5 4.79667E+04
  4.0 6.12906E+04
  4.5 7.53679E+04
  5.0 9.02280E+04
  5.5 1.05922E+05
  6.0 1.22536E+05
  6.5 1.40196E+05
  7.0 1.59046E+05
  7.5 1.79155E+05
  8.0 2.00396E+05
  8.5 3.70854E+06
  9.0 2.44531E+05
  9.5 2.37634E+06
 10.0 1.98110E+06
 10.5 1.09677E+05
 11.0 1.18110E+05
 11.5 3.99816E+05
 12.0 8.97879E+04
 12.5 8.33461E+04
 13.0 8.85297E+04
 13.5 9.37903E+04
 14.0 9.90891E+04
 14.5 1.04377E+05
 15.0 1.09599E+05
 15.5 1.14694E+05
 16.0 1.19602E+05
 16.5 1.24266E+05
 17.0 1.28637E+05
 17.5 1.32672E+05
 18.0 1.36336E+05
 18.5 1.39607E+05
 19.0 1.42470E+05
 19.5 1.44919E+05
 20.0 1.46955E+05
 20.5 1.48586E+05
 21.0 1.49827E+05
 21.5 1.50694E+05
 22.0 1.51208E+05
 22.5 1.51392E+05
 23.0 1.51271E+05
 23.5 1.50869E+05
 24.0 1.50210E+05
 24.5 1.49320E+05
 25.0 1.48223E+05
 25.5 1.46941E+05
 26.0 1.45495E+05
 26.5 1.43906E+05
 27.0 1.42194E+05
 27.5 1.40375E+05
 28.0 1.38466E+05
 28.5 1.36482E+05
 29.0 1.34435E+05
 29.5 1.32340E+05
 30.0 1.30205E+05
 30.5 1.28042E+05
 31.0 1.25860E+05
 31.5 1.23666E+05
 32.0 1.21467E+05
 32.5 1.19269E+05
 33.0 1.17079E+05
 33.5 1.14900E+05
 34.0 1.12737E+05
 34.5 1.10594E+05
 35.0 1.08474E+05
 35.5 1.06379E+05
 36.0 1.04311E+05
 36.5 1.02273E+05
 37.0 1.00266E+05
 37.5 9.82909E+04
 38.0 9.63492E+04
 38.5 9.44413E+04
 39.0 9.25678E+04
 39.5 9.07292E+04
 40.0 8.89255E+04
 40.5 8.71569E+04
 41.0 8.54233E+04
 41.5 8.37245E+04
 42.0 8.20603E+04
 42.5 8.04302E+04
 43.0 7.88338E+04
 43.5 7.72708E+04
 44.0 7.57405E+04
 44.5 7.42424E+04
 45.0 7.27759E+04
 45.5 7.13403E+04
 46.0 6.99350E+04
 46.5 6.85594E+04
 47.0 6.72126E+04
 47.5 6.58942E+04
 48.0 6.46033E+04
 48.5 6.33393E+04
 49.0 6.21013E+04
 49.5 6.08889E+04
 50.0 5.97012E+04
 50.5 5.85376E+04
 51.0 5.73974E+04
 51.5 5.62800E+04
 52.0 5.51846E+04
 52.5 5.41107E+04
 53.0 5.30575E+04
 53.5 5.20245E+04
 54.0 5.10111E+04
 54.5 5.00167E+04
 55.0 4.90407E+04
 55.5 4.80825E+04
 56.0 4.71415E+04
 56.5 4.62173E+04
 57.0 4.53093E+04
 57.5 4.44171E+04
 58.0 1.36702E+05
 58.5 4.26776E+04
 59.0 4.18296E+04
 59.5 2.03444E+05
 60.0 4.01744E+04
 60.5 3.93664E+04
 61.0 3.85710E+04
 61.5 3.77877E+04
 62.0 3.70162E+04
 62.5 3.62560E+04
 63.0 3.55068E+04
 63.5 3.47683E+04
 64.0 3.40402E+04
 64.5 3.33220E+04
 65.0 3.26135E+04
 65.5 3.19144E+04
 66.0 3.12244E+04
 66.5 3.05432E+04
 67.0 8.30306E+04
 67.5 2.92062E+04
 68.0 2.85498E+04
 68.5 2.79012E+04
 69.0 4.12273E+04
 69.5 2.63190E+04
 70.0 2.42074E+04
 70.5 2.36880E+04
 71.0 2.31708E+04
 71.5 2.26557E+04
 72.0 2.21428E+04
 72.5 2.16320E+04
 73.0 2.11232E+04
 73.5 2.06166E+04
 74.0 2.01121E+04
 74.5 1.96096E+04
 75.0 1.91092E+04
 75.5 1.86108E+04
 76.0 1.81145E+04
 76.5 1.76202E+04
 77.0 1.71279E+04
 77.5 1.66377E+04
 78.0 1.61495E+04
 78.5 1.56634E+04
 79.0 1.51792E+04
 79.5 1.46971E+04
 80.0 1.42170E+04
 80.5 1.37390E+04
 81.0 1.32630E+04
 81.5 1.27890E+04
 82.0 1.23171E+04
 82.5 1.18472E+04
 83.0 1.13794E+04
 83.5 1.09137E+04
 84.0 1.04501E+04
 84.5 9.98858E+03
 85.0 9.52918E+03
 85.5 9.07191E+03
 86.0 8.61679E+03
 86.5 8.16384E+03
 87.0 7.71308E+03
 87.5 7.26452E+03
 88.0 6.81818E+03
 88.5 6.37409E+03
 89.0 5.93227E+03
 89.5 5.49275E+03
 90.0 5.05554E+03
 90.5 4.62068E+03
 91.0 4.18818E+03
 91.5 3.75808E+03
 92.0 3.33041E+03
 92.5 2.90520E+03
 93.0 2.48247E+03
 93.5 2.06226E+03
 94.0 1.64460E+03
 94.5 1.22952E+03
 95.0 8.17054E+02
 95.5 4.07241E+02
 96.0 3.38711E+01
