097K06D0W2
  0.5 0.00000E+00
  1.0 0.00000E+00
  1.5 0.00000E+00
  2.0 0.00000E+00
  2.5 0.00000E+00
  3.0 0.00000E+00
  3.5 8.26367E+03
  4.0 1.18861E+04
  4.5 1.56745E+04
  5.0 1.95830E+04
  5.5 2.35924E+04
  6.0 2.76933E+04
  6.5 3.18806E+04
  7.0 3.61507E+04
  7.5 4.05012E+04
  8.0 4.49305E+04
  8.5 1.40441E+05
  9.0 5.40223E+04
  9.5 2.17710E+05
 10.0 1.86567E+05
 10.5 2.50743E+04
 11.0 2.69358E+04
 11.5 3.11164E+04
 12.0 2.06175E+04
 12.5 1.91688E+04
 13.0 2.03502E+04
 13.5 2.15370E+04
 14.0 2.27288E+04
 14.5 2.39252E+04
 15.0 2.51260E+04
 15.5 2.63307E+04
 16.0 2.75390E+04
 16.5 2.87506E+04
 17.0 2.99651E+04
 17.5 3.11821E+04
 18.0 3.24010E+04
 18.5 3.36214E+04
 19.0 3.48426E+04
 19.5 3.60638E+04
 20.0 3.72837E+04
 20.5 3.85010E+04
 21.0 3.97140E+04
 21.5 4.09205E+04
 22.0 4.21181E+04
 22.5 4.33038E+04
 23.0 4.44743E+04
 23.5 4.56263E+04
 24.0 4.67559E+04
 24.5 4.78594E+04
 25.0 4.89327E+04
 25.5 4.99719E+04
 26.0 5.09734E+04
 26.5 5.19335E+04
 27.0 5.28489E+04
 27.5 5.37168E+04
 28.0 5.45343E+04
 28.5 5.52993E+04
 29.0 5.60101E+04
 29.5 5.66652E+04
 30.0 5.72635E+04
 30.5 5.78047E+04
 31.0 5.82884E+04
 31.5 5.87147E+04
 32.0 5.90843E+04
 32.5 5.93979E+04
 33.0 5.96564E+04
 33.5 5.98613E+04
 34.0 6.00139E+04
 34.5 6.01160E+04
 35.0 6.01692E+04
 35.5 6.01756E+04
 36.0 6.01369E+04
 36.5 6.00554E+04
 37.0 5.99330E+04
 37.5 5.97718E+04
 38.0 5.95739E+04
 38.5 5.93414E+04
 39.0 5.90763E+04
 39.5 5.87805E+04
 40.0 5.84561E+04
 40.5 5.81050E+04
 41.0 5.77289E+04
 41.5 5.73296E+04
 42.0 5.69089E+04
 42.5 5.64683E+04
 43.0 5.60095E+04
 43.5 5.55338E+04
 44.0 5.50428E+04
 44.5 5.45376E+04
 45.0 5.40197E+04
 45.5 5.34901E+04
 46.0 5.29501E+04
 46.5 5.24005E+04
 47.0 5.18426E+04
 47.5 5.12771E+04
 48.0 5.07049E+04
 48.5 5.01268E+04
 49.0 4.95437E+04
 49.5 4.89561E+04
 50.0 4.83648E+04
 50.5 4.77703E+04
 51.0 4.71732E+04
 51.5 4.65740E+04
 52.0 4.59733E+04
 52.5 4.53713E+04
 53.0 4.47686E+04
 53.5 4.41655E+04
 54.0 4.35623E+04
 54.5 4.29594E+04
 55.0 4.23570E+04
 55.5 4.17555E+04
 56.0 4.11549E+04
 56.5 4.05556E+04
 57.0 3.99577E+04
 57.5 3.93614E+04
 58.0 1.17869E+05
 58.5 3.81742E+04
 59.0 3.75836E+04
 59.5 1.76733E+05
 60.0 3.64089E+04
 60.5 3.58249E+04
 61.0 3.52433E+04
 61.5 3.46642E+04
 62.0 3.40876E+04
 62.5 3.35135E+04
 63.0 3.29420E+04
 63.5 3.23732E+04
 64.0 3.18069E+04
 64.5 3.12433E+04
 65.0 3.06825E+04
 65.5 3.01243E+04
 66.0 2.95687E+04
 66.5 2.90159E+04
 67.0 7.69405E+04
 67.5 2.79184E+04
 68.0 2.73736E+04
 68.5 2.68316E+04
 69.0 3.91755E+04
 69.5 2.47271E+04
 70.0 1.92004E+04
 70.5 1.89597E+04
 71.0 1.87118E+04
 71.5 1.84570E+04
 72.0 1.81953E+04
 72.5 1.79270E+04
 73.0 1.76521E+04
 73.5 1.73710E+04
 74.0 1.70836E+04
 74.5 1.67902E+04
 75.0 1.64910E+04
 75.5 1.61861E+04
 76.0 1.58757E+04
 76.5 1.55600E+04
 77.0 1.52391E+04
 77.5 1.49132E+04
 78.0 1.45824E+04
 78.5 1.42471E+04
 79.0 1.39072E+04
 79.5 1.35630E+04
 80.0 1.32146E+04
 80.5 1.28622E+04
 81.0 1.25061E+04
 81.5 1.21462E+04
 82.0 1.17829E+04
 82.5 1.14162E+04
 83.0 1.10464E+04
 83.5 1.06735E+04
 84.0 1.02977E+04
 84.5 9.91930E+03
 85.0 9.53830E+03
 85.5 9.15491E+03
 86.0 8.76926E+03
 86.5 8.38152E+03
 87.0 7.99182E+03
 87.5 7.60032E+03
 88.0 7.20716E+03
 88.5 6.81247E+03
 89.0 6.41641E+03
 89.5 6.01911E+03
 90.0 5.62070E+03
 90.5 5.22132E+03
 91.0 4.82112E+03
 91.5 4.42020E+03
 92.0 4.01872E+03
 92.5 3.61680E+03
 93.0 3.21456E+03
 93.5 2.81213E+03
 94.0 2.40963E+03
 94.5 2.00720E+03
 95.0 1.60493E+03
 95.5 1.20297E+03
 96.0 8.01422E+02
 96.5 4.00404E+02
 97.0 3.33501E+01
