097K09D0W2
  0.5 0.00000E+00
  1.0 0.00000E+00
  1.5 0.00000E+00
  2.0 0.00000E+00
  2.5 0.00000E+00
  3.0 0.00000E+00
  3.5 1.49911E+04
  4.0 2.03633E+04
  4.5 2.59489E+04
  5.0 3.17234E+04
  5.5 3.76771E+04
  6.0 4.38056E+04
  6.5 5.01071E+04
  7.0 5.65819E+04
  7.5 6.32324E+04
  8.0 7.00638E+04
  8.5 5.53633E+05
  9.0 8.43082E+04
  9.5 6.07411E+05
 10.0 5.10344E+05
 10.5 3.91448E+04
 11.0 4.19875E+04
 11.5 6.98229E+04
 12.0 3.21856E+04
 12.5 2.99285E+04
 13.0 3.17224E+04
 13.5 3.35323E+04
 14.0 3.53579E+04
 14.5 3.71989E+04
 15.0 3.90552E+04
 15.5 4.09265E+04
 16.0 4.28120E+04
 16.5 4.47109E+04
 17.0 4.66214E+04
 17.5 4.85410E+04
 18.0 5.04663E+04
 18.5 5.23927E+04
 19.0 5.43142E+04
 19.5 5.62240E+04
 20.0 5.81139E+04
 20.5 5.99753E+04
 21.0 6.17986E+04
 21.5 6.35743E+04
 22.0 6.52928E+04
 22.5 6.69448E+04
 23.0 6.85216E+04
 23.5 7.00153E+04
 24.0 7.14190E+04
 24.5 7.27268E+04
 25.0 7.39340E+04
 25.5 7.50370E+04
 26.0 7.60334E+04
 26.5 7.69219E+04
 27.0 7.77021E+04
 27.5 7.83748E+04
 28.0 7.89415E+04
 28.5 7.94042E+04
 29.0 7.97660E+04
 29.5 8.00302E+04
 30.0 8.02005E+04
 30.5 8.02813E+04
 31.0 8.02767E+04
 31.5 8.01914E+04
 32.0 8.00301E+04
 32.5 7.97974E+04
 33.0 7.94981E+04
 33.5 7.91369E+04
 34.0 7.87181E+04
 34.5 7.82465E+04
 35.0 7.77261E+04
 35.5 7.71611E+04
 36.0 7.65555E+04
 36.5 7.59130E+04
 37.0 7.52373E+04
 37.5 7.45316E+04
 38.0 7.37993E+04
 38.5 7.30433E+04
 39.0 7.22663E+04
 39.5 7.14711E+04
 40.0 7.06600E+04
 40.5 6.98353E+04
 41.0 6.89991E+04
 41.5 6.81534E+04
 42.0 6.72998E+04
 42.5 6.64401E+04
 43.0 6.55759E+04
 43.5 6.47083E+04
 44.0 6.38388E+04
 44.5 6.29684E+04
 45.0 6.20981E+04
 45.5 6.12290E+04
 46.0 6.03618E+04
 46.5 5.94974E+04
 47.0 5.86364E+04
 47.5 5.77794E+04
 48.0 5.69269E+04
 48.5 5.60795E+04
 49.0 5.52375E+04
 49.5 5.44013E+04
 50.0 5.35713E+04
 50.5 5.27476E+04
 51.0 5.19306E+04
 51.5 5.11204E+04
 52.0 5.03172E+04
 52.5 4.95211E+04
 53.0 4.87322E+04
 53.5 4.79506E+04
 54.0 4.71764E+04
 54.5 4.64095E+04
 55.0 4.56499E+04
 55.5 4.48977E+04
 56.0 4.41529E+04
 56.5 4.34153E+04
 57.0 4.26851E+04
 57.5 4.19620E+04
 58.0 1.28745E+05
 58.5 4.05371E+04
 59.0 3.98352E+04
 59.5 1.92811E+05
 60.0 3.84518E+04
 60.5 3.77701E+04
 61.0 3.70951E+04
 61.5 3.64265E+04
 62.0 3.57643E+04
 62.5 3.51083E+04
 63.0 3.44584E+04
 63.5 3.38146E+04
 64.0 3.31766E+04
 64.5 3.25445E+04
 65.0 3.19180E+04
 65.5 3.12971E+04
 66.0 3.06816E+04
 66.5 3.00715E+04
 67.0 8.13968E+04
 67.5 2.88668E+04
 68.0 2.82720E+04
 68.5 2.76821E+04
 69.0 4.08278E+04
 69.5 2.57672E+04
 70.0 2.15587E+04
 70.5 2.12114E+04
 71.0 2.08599E+04
 71.5 2.05043E+04
 72.0 2.01449E+04
 72.5 1.97817E+04
 73.0 1.94150E+04
 73.5 1.90448E+04
 74.0 1.86713E+04
 74.5 1.82946E+04
 75.0 1.79148E+04
 75.5 1.75322E+04
 76.0 1.71468E+04
 76.5 1.67588E+04
 77.0 1.63683E+04
 77.5 1.59754E+04
 78.0 1.55802E+04
 78.5 1.51830E+04
 79.0 1.47837E+04
 79.5 1.43826E+04
 80.0 1.39797E+04
 80.5 1.35751E+04
 81.0 1.31691E+04
 81.5 1.27616E+04
 82.0 1.23529E+04
 82.5 1.19430E+04
 83.0 1.15320E+04
 83.5 1.11200E+04
 84.0 1.07073E+04
 84.5 1.02937E+04
 85.0 9.87955E+03
 85.5 9.46485E+03
 86.0 9.04971E+03
 86.5 8.63425E+03
 87.0 8.21855E+03
 87.5 7.80273E+03
 88.0 7.38687E+03
 88.5 6.97107E+03
 89.0 6.55543E+03
 89.5 6.14004E+03
 90.0 5.72499E+03
 90.5 5.31038E+03
 91.0 4.89629E+03
 91.5 4.48283E+03
 92.0 4.07006E+03
 92.5 3.65809E+03
 93.0 3.24700E+03
 93.5 2.83687E+03
 94.0 2.42779E+03
 94.5 2.01985E+03
 95.0 1.61313E+03
 95.5 1.20771E+03
 96.0 8.03668E+02
 96.5 4.01095E+02
 97.0 3.33862E+01
