097K08D0W2
  0.5 0.00000E+00
  1.0 0.00000E+00
  1.5 0.00000E+00
  2.0 0.00000E+00
  2.5 0.00000E+00
  3.0 0.00000E+00
  3.5 1.27062E+04
  4.0 1.75013E+04
  4.5 2.24884E+04
  5.0 2.76378E+04
  5.5 3.29372E+04
  6.0 3.83807E+04
  6.5 4.39651E+04
  7.0 4.96891E+04
  7.5 5.55525E+04
  8.0 6.15573E+04
  8.5 3.82493E+05
  9.0 7.40096E+04
  9.5 4.64540E+05
 10.0 3.91751E+05
 10.5 3.43970E+04
 11.0 3.69039E+04
 11.5 5.41428E+04
 12.0 2.82841E+04
 12.5 2.63005E+04
 13.0 2.78854E+04
 13.5 2.94821E+04
 14.0 3.10903E+04
 14.5 3.27097E+04
 15.0 3.43400E+04
 15.5 3.59809E+04
 16.0 3.76320E+04
 16.5 3.92928E+04
 17.0 4.09623E+04
 17.5 4.26395E+04
 18.0 4.43226E+04
 18.5 4.60092E+04
 19.0 4.76960E+04
 19.5 4.93790E+04
 20.0 5.10533E+04
 20.5 5.27132E+04
 21.0 5.43521E+04
 21.5 5.59630E+04
 22.0 5.75388E+04
 22.5 5.90718E+04
 23.0 6.05546E+04
 23.5 6.19801E+04
 24.0 6.33416E+04
 24.5 6.46329E+04
 25.0 6.58488E+04
 25.5 6.69845E+04
 26.0 6.80364E+04
 26.5 6.90015E+04
 27.0 6.98779E+04
 27.5 7.06644E+04
 28.0 7.13606E+04
 28.5 7.19668E+04
 29.0 7.24841E+04
 29.5 7.29140E+04
 30.0 7.32586E+04
 30.5 7.35204E+04
 31.0 7.37023E+04
 31.5 7.38075E+04
 32.0 7.38393E+04
 32.5 7.38013E+04
 33.0 7.36971E+04
 33.5 7.35306E+04
 34.0 7.33054E+04
 34.5 7.30252E+04
 35.0 7.26937E+04
 35.5 7.23146E+04
 36.0 7.18913E+04
 36.5 7.14273E+04
 37.0 7.09258E+04
 37.5 7.03900E+04
 38.0 6.98228E+04
 38.5 6.92272E+04
 39.0 6.86058E+04
 39.5 6.79613E+04
 40.0 6.72959E+04
 40.5 6.66121E+04
 41.0 6.59118E+04
 41.5 6.51971E+04
 42.0 6.44699E+04
 42.5 6.37319E+04
 43.0 6.29846E+04
 43.5 6.22296E+04
 44.0 6.14682E+04
 44.5 6.07017E+04
 45.0 5.99312E+04
 45.5 5.91578E+04
 46.0 5.83824E+04
 46.5 5.76060E+04
 47.0 5.68294E+04
 47.5 5.60533E+04
 48.0 5.52783E+04
 48.5 5.45051E+04
 49.0 5.37342E+04
 49.5 5.29661E+04
 50.0 5.22012E+04
 50.5 5.14399E+04
 51.0 5.06826E+04
 51.5 4.99295E+04
 52.0 4.91809E+04
 52.5 4.84371E+04
 53.0 4.76982E+04
 53.5 4.69645E+04
 54.0 4.62359E+04
 54.5 4.55128E+04
 55.0 4.47951E+04
 55.5 4.40829E+04
 56.0 4.33764E+04
 56.5 4.26754E+04
 57.0 4.19801E+04
 57.5 4.12904E+04
 58.0 1.25922E+05
 58.5 3.99281E+04
 59.0 3.92554E+04
 59.5 1.88644E+05
 60.0 3.79266E+04
 60.5 3.72705E+04
 61.0 3.66199E+04
 61.5 3.59746E+04
 62.0 3.53346E+04
 62.5 3.46999E+04
 63.0 3.40704E+04
 63.5 3.34460E+04
 64.0 3.28266E+04
 64.5 3.22122E+04
 65.0 3.16027E+04
 65.5 3.09979E+04
 66.0 3.03979E+04
 66.5 2.98026E+04
 67.0 8.02541E+04
 67.5 2.86254E+04
 68.0 2.80435E+04
 68.5 2.74659E+04
 69.0 4.04059E+04
 69.5 2.54985E+04
 70.0 2.09337E+04
 70.5 2.06157E+04
 71.0 2.02926E+04
 71.5 1.99645E+04
 72.0 1.96318E+04
 72.5 1.92943E+04
 73.0 1.89525E+04
 73.5 1.86063E+04
 74.0 1.82560E+04
 74.5 1.79017E+04
 75.0 1.75435E+04
 75.5 1.71817E+04
 76.0 1.68163E+04
 76.5 1.64475E+04
 77.0 1.60754E+04
 77.5 1.57003E+04
 78.0 1.53221E+04
 78.5 1.49412E+04
 79.0 1.45575E+04
 79.5 1.41713E+04
 80.0 1.37827E+04
 80.5 1.33918E+04
 81.0 1.29988E+04
 81.5 1.26037E+04
 82.0 1.22068E+04
 82.5 1.18081E+04
 83.0 1.14078E+04
 83.5 1.10059E+04
 84.0 1.06027E+04
 84.5 1.01982E+04
 85.0 9.79260E+03
 85.5 9.38595E+03
 86.0 8.97838E+03
 86.5 8.57003E+03
 87.0 8.16099E+03
 87.5 7.75138E+03
 88.0 7.34131E+03
 88.5 6.93090E+03
 89.0 6.52024E+03
 89.5 6.10945E+03
 90.0 5.69863E+03
 90.5 5.28789E+03
 91.0 4.87732E+03
 91.5 4.46703E+03
 92.0 4.05712E+03
 92.5 3.64769E+03
 93.0 3.23883E+03
 93.5 2.83065E+03
 94.0 2.42323E+03
 94.5 2.01667E+03
 95.0 1.61107E+03
 95.5 1.20652E+03
 96.0 8.03104E+02
 96.5 4.00922E+02
 97.0 3.33771E+01
