097K14D0W2
  0.5 0.00000E+00
  1.0 0.00000E+00
  1.5 0.00000E+00
  2.0 0.00000E+00
  2.5 0.00000E+00
  3.0 0.00000E+00
  3.5 2.68770E+04
  4.0 3.51464E+04
  4.5 4.37851E+04
  5.0 5.27866E+04
  5.5 6.21528E+04
  6.0 7.18914E+04
  6.5 8.20170E+04
  7.0 9.25543E+04
  7.5 1.03540E+05
  8.0 1.15020E+05
  8.5 1.69555E+06
  9.0 1.39579E+05
  9.5 1.35480E+06
 10.0 1.13097E+06
 10.5 6.39429E+04
 11.0 6.86341E+04
 11.5 1.79563E+05
 12.0 5.25256E+04
 12.5 4.88259E+04
 13.0 5.17579E+04
 13.5 5.47371E+04
 14.0 5.77629E+04
 14.5 6.08331E+04
 15.0 6.39429E+04
 15.5 6.70843E+04
 16.0 7.02457E+04
 16.5 7.34117E+04
 17.0 7.65634E+04
 17.5 7.96795E+04
 18.0 8.27368E+04
 18.5 8.57111E+04
 19.0 8.85787E+04
 19.5 9.13171E+04
 20.0 9.39057E+04
 20.5 9.63267E+04
 21.0 9.85651E+04
 21.5 1.00609E+05
 22.0 1.02451E+05
 22.5 1.04084E+05
 23.0 1.05508E+05
 23.5 1.06722E+05
 24.0 1.07730E+05
 24.5 1.08536E+05
 25.0 1.09147E+05
 25.5 1.09571E+05
 26.0 1.09817E+05
 26.5 1.09895E+05
 27.0 1.09816E+05
 27.5 1.09589E+05
 28.0 1.09227E+05
 28.5 1.08738E+05
 29.0 1.08135E+05
 29.5 1.07427E+05
 30.0 1.06625E+05
 30.5 1.05736E+05
 31.0 1.04772E+05
 31.5 1.03739E+05
 32.0 1.02647E+05
 32.5 1.01502E+05
 33.0 1.00312E+05
 33.5 9.90828E+04
 34.0 9.78205E+04
 34.5 9.65307E+04
 35.0 9.52182E+04
 35.5 9.38878E+04
 36.0 9.25437E+04
 36.5 9.11896E+04
 37.0 8.98290E+04
 37.5 8.84651E+04
 38.0 8.71005E+04
 38.5 8.57377E+04
 39.0 8.43791E+04
 39.5 8.30267E+04
 40.0 8.16821E+04
 40.5 8.03469E+04
 41.0 7.90225E+04
 41.5 7.77100E+04
 42.0 7.64105E+04
 42.5 7.51248E+04
 43.0 7.38536E+04
 43.5 7.25977E+04
 44.0 7.13575E+04
 44.5 7.01334E+04
 45.0 6.89257E+04
 45.5 6.77346E+04
 46.0 6.65604E+04
 46.5 6.54032E+04
 47.0 6.42629E+04
 47.5 6.31396E+04
 48.0 6.20333E+04
 48.5 6.09438E+04
 49.0 5.98710E+04
 49.5 5.88149E+04
 50.0 5.77750E+04
 50.5 5.67514E+04
 51.0 5.57437E+04
 51.5 5.47517E+04
 52.0 5.37752E+04
 52.5 5.28138E+04
 53.0 5.18674E+04
 53.5 5.09355E+04
 54.0 5.00180E+04
 54.5 4.91144E+04
 55.0 4.82246E+04
 55.5 4.73482E+04
 56.0 4.64848E+04
 56.5 4.56343E+04
 57.0 4.47962E+04
 57.5 4.39703E+04
 58.0 1.37243E+05
 58.5 4.23537E+04
 59.0 4.15626E+04
 59.5 2.05330E+05
 60.0 4.00128E+04
 60.5 3.92537E+04
 61.0 3.85047E+04
 61.5 3.77656E+04
 62.0 3.70361E+04
 62.5 3.63159E+04
 63.0 3.56048E+04
 63.5 3.49026E+04
 64.0 3.42089E+04
 64.5 3.35236E+04
 65.0 3.28464E+04
 65.5 3.21771E+04
 66.0 3.15155E+04
 66.5 3.08614E+04
 67.0 8.47826E+04
 67.5 2.95747E+04
 68.0 2.89417E+04
 68.5 2.83155E+04
 69.0 4.20704E+04
 69.5 2.65722E+04
 70.0 2.34957E+04
 70.5 2.30529E+04
 71.0 2.26093E+04
 71.5 2.21649E+04
 72.0 2.17199E+04
 72.5 2.12743E+04
 73.0 2.08283E+04
 73.5 2.03817E+04
 74.0 1.99348E+04
 74.5 1.94876E+04
 75.0 1.90401E+04
 75.5 1.85925E+04
 76.0 1.81448E+04
 76.5 1.76970E+04
 77.0 1.72492E+04
 77.5 1.68015E+04
 78.0 1.63539E+04
 78.5 1.59066E+04
 79.0 1.54595E+04
 79.5 1.50127E+04
 80.0 1.45663E+04
 80.5 1.41203E+04
 81.0 1.36748E+04
 81.5 1.32298E+04
 82.0 1.27855E+04
 82.5 1.23418E+04
 83.0 1.18988E+04
 83.5 1.14566E+04
 84.0 1.10152E+04
 84.5 1.05746E+04
 85.0 1.01350E+04
 85.5 9.69638E+03
 86.0 9.25879E+03
 86.5 8.82228E+03
 87.0 8.38691E+03
 87.5 7.95273E+03
 88.0 7.51980E+03
 88.5 7.08817E+03
 89.0 6.65789E+03
 89.5 6.22902E+03
 90.0 5.80160E+03
 90.5 5.37568E+03
 91.0 4.95133E+03
 91.5 4.52860E+03
 92.0 4.10753E+03
 92.5 3.68818E+03
 93.0 3.27060E+03
 93.5 2.85484E+03
 94.0 2.44097E+03
 94.5 2.02902E+03
 95.0 1.61905E+03
 95.5 1.21113E+03
 96.0 8.05289E+02
 96.5 4.01593E+02
 97.0 3.34122E+01
