097K10D0W2
  0.5 0.00000E+00
  1.0 0.00000E+00
  1.5 0.00000E+00
  2.0 0.00000E+00
  2.5 0.00000E+00
  3.0 0.00000E+00
  3.5 1.73095E+04
  4.0 2.32572E+04
  4.5 2.94435E+04
  5.0 3.58485E+04
  5.5 4.24646E+04
  6.0 4.92890E+04
  6.5 5.63217E+04
  7.0 6.35654E+04
  7.5 7.10261E+04
  8.0 7.87140E+04
  8.5 7.51066E+05
  9.0 9.48362E+04
  9.5 7.56318E+05
 10.0 6.33929E+05
 10.5 4.39562E+04
 11.0 4.71446E+04
 11.5 8.80522E+04
 12.0 3.61371E+04
 12.5 3.36020E+04
 13.0 3.56105E+04
 13.5 3.76397E+04
 14.0 3.96895E+04
 14.5 4.17598E+04
 15.0 4.38505E+04
 15.5 4.59608E+04
 16.0 4.80896E+04
 16.5 5.02348E+04
 17.0 5.23931E+04
 17.5 5.45599E+04
 18.0 5.67290E+04
 18.5 5.88925E+04
 19.0 6.10414E+04
 19.5 6.31650E+04
 20.0 6.52520E+04
 20.5 6.72905E+04
 21.0 6.92684E+04
 21.5 7.11739E+04
 22.0 7.29960E+04
 22.5 7.47242E+04
 23.0 7.63497E+04
 23.5 7.78646E+04
 24.0 7.92629E+04
 24.5 8.05397E+04
 25.0 8.16919E+04
 25.5 8.27175E+04
 26.0 8.36161E+04
 26.5 8.43883E+04
 27.0 8.50359E+04
 27.5 8.55618E+04
 28.0 8.59694E+04
 28.5 8.62629E+04
 29.0 8.64470E+04
 29.5 8.65268E+04
 30.0 8.65079E+04
 30.5 8.63957E+04
 31.0 8.61960E+04
 31.5 8.59147E+04
 32.0 8.55574E+04
 32.5 8.51297E+04
 33.0 8.46372E+04
 33.5 8.40852E+04
 34.0 8.34789E+04
 34.5 8.28233E+04
 35.0 8.21229E+04
 35.5 8.13823E+04
 36.0 8.06057E+04
 36.5 7.97971E+04
 37.0 7.89601E+04
 37.5 7.80984E+04
 38.0 7.72151E+04
 38.5 7.63132E+04
 39.0 7.53956E+04
 39.5 7.44648E+04
 40.0 7.35231E+04
 40.5 7.25728E+04
 41.0 7.16159E+04
 41.5 7.06542E+04
 42.0 6.96894E+04
 42.5 6.87229E+04
 43.0 6.77562E+04
 43.5 6.67906E+04
 44.0 6.58270E+04
 44.5 6.48666E+04
 45.0 6.39102E+04
 45.5 6.29586E+04
 46.0 6.20125E+04
 46.5 6.10726E+04
 47.0 6.01393E+04
 47.5 5.92133E+04
 48.0 5.82948E+04
 48.5 5.73843E+04
 49.0 5.64821E+04
 49.5 5.55883E+04
 50.0 5.47032E+04
 50.5 5.38270E+04
 51.0 5.29597E+04
 51.5 5.21015E+04
 52.0 5.12525E+04
 52.5 5.04126E+04
 53.0 4.95819E+04
 53.5 4.87603E+04
 54.0 4.79479E+04
 54.5 4.71445E+04
 55.0 4.63502E+04
 55.5 4.55647E+04
 56.0 4.47881E+04
 56.5 4.40203E+04
 57.0 4.32610E+04
 57.5 4.25103E+04
 58.0 1.31057E+05
 58.5 4.10338E+04
 59.0 4.03077E+04
 59.5 1.96221E+05
 60.0 3.88794E+04
 60.5 3.81768E+04
 61.0 3.74817E+04
 61.5 3.67939E+04
 62.0 3.61134E+04
 62.5 3.54400E+04
 63.0 3.47735E+04
 63.5 3.41137E+04
 64.0 3.34606E+04
 64.5 3.28139E+04
 65.0 3.21736E+04
 65.5 3.15395E+04
 66.0 3.09114E+04
 66.5 3.02892E+04
 67.0 8.23259E+04
 67.5 2.90621E+04
 68.0 2.84568E+04
 68.5 2.78570E+04
 69.0 4.11698E+04
 69.5 2.59867E+04
 70.0 2.20775E+04
 70.5 2.17052E+04
 71.0 2.13296E+04
 71.5 2.09508E+04
 72.0 2.05689E+04
 72.5 2.01841E+04
 73.0 1.97964E+04
 73.5 1.94060E+04
 74.0 1.90130E+04
 74.5 1.86176E+04
 75.0 1.82199E+04
 75.5 1.78199E+04
 76.0 1.74179E+04
 76.5 1.70139E+04
 77.0 1.66080E+04
 77.5 1.62004E+04
 78.0 1.57912E+04
 78.5 1.53805E+04
 79.0 1.49683E+04
 79.5 1.45548E+04
 80.0 1.41402E+04
 80.5 1.37244E+04
 81.0 1.33077E+04
 81.5 1.28901E+04
 82.0 1.24716E+04
 82.5 1.20525E+04
 83.0 1.16328E+04
 83.5 1.12126E+04
 84.0 1.07920E+04
 84.5 1.03711E+04
 85.0 9.94996E+03
 85.5 9.52871E+03
 86.0 9.10741E+03
 86.5 8.68617E+03
 87.0 8.26507E+03
 87.5 7.84420E+03
 88.0 7.42364E+03
 88.5 7.00348E+03
 89.0 6.58380E+03
 89.5 6.16469E+03
 90.0 5.74623E+03
 90.5 5.32849E+03
 91.0 4.91157E+03
 91.5 4.49553E+03
 92.0 4.08047E+03
 92.5 3.66645E+03
 93.0 3.25356E+03
 93.5 2.84187E+03
 94.0 2.43146E+03
 94.5 2.02240E+03
 95.0 1.61478E+03
 95.5 1.20866E+03
 96.0 8.04120E+02
 96.5 4.01234E+02
 97.0 3.33934E+01
