097K22D0W2
  0.5 0.00000E+00
  1.0 0.00000E+00
  1.5 0.00000E+00
  2.0 0.00000E+00
  2.5 0.00000E+00
  3.0 0.00000E+00
  3.5 4.75282E+04
  4.0 6.07466E+04
  4.5 7.47105E+04
  5.0 8.94480E+04
  5.5 1.05008E+05
  6.0 1.21471E+05
  6.5 1.38959E+05
  7.0 1.57617E+05
  7.5 1.77521E+05
  8.0 1.98574E+05
  8.5 3.69176E+06
  9.0 2.42502E+05
  9.5 2.37817E+06
 10.0 1.98252E+06
 10.5 1.08808E+05
 11.0 1.17186E+05
 11.5 3.96750E+05
 12.0 8.91275E+04
 12.5 8.27497E+04
 13.0 8.79066E+04
 13.5 9.31464E+04
 14.0 9.84329E+04
 14.5 1.03719E+05
 15.0 1.08952E+05
 15.5 1.14072E+05
 16.0 1.19019E+05
 16.5 1.23737E+05
 17.0 1.28174E+05
 17.5 1.32287E+05
 18.0 1.36040E+05
 18.5 1.39408E+05
 19.0 1.42374E+05
 19.5 1.44930E+05
 20.0 1.47076E+05
 20.5 1.48818E+05
 21.0 1.50167E+05
 21.5 1.51141E+05
 22.0 1.51759E+05
 22.5 1.52043E+05
 23.0 1.52016E+05
 23.5 1.51703E+05
 24.0 1.51128E+05
 24.5 1.50316E+05
 25.0 1.49290E+05
 25.5 1.48073E+05
 26.0 1.46687E+05
 26.5 1.45152E+05
 27.0 1.43488E+05
 27.5 1.41712E+05
 28.0 1.39840E+05
 28.5 1.37889E+05
 29.0 1.35871E+05
 29.5 1.33799E+05
 30.0 1.31684E+05
 30.5 1.29538E+05
 31.0 1.27368E+05
 31.5 1.25183E+05
 32.0 1.22991E+05
 32.5 1.20798E+05
 33.0 1.18609E+05
 33.5 1.16430E+05
 34.0 1.14265E+05
 34.5 1.12118E+05
 35.0 1.09991E+05
 35.5 1.07889E+05
 36.0 1.05813E+05
 36.5 1.03765E+05
 37.0 1.01747E+05
 37.5 9.97610E+04
 38.0 9.78070E+04
 38.5 9.58861E+04
 39.0 9.39992E+04
 39.5 9.21466E+04
 40.0 9.03287E+04
 40.5 8.85455E+04
 41.0 8.67970E+04
 41.5 8.50832E+04
 42.0 8.34038E+04
 42.5 8.17584E+04
 43.0 8.01468E+04
 43.5 7.85685E+04
 44.0 7.70231E+04
 44.5 7.55099E+04
 45.0 7.40284E+04
 45.5 7.25780E+04
 46.0 7.11581E+04
 46.5 6.97680E+04
 47.0 6.84070E+04
 47.5 6.70746E+04
 48.0 6.57699E+04
 48.5 6.44923E+04
 49.0 6.32412E+04
 49.5 6.20158E+04
 50.0 6.08154E+04
 50.5 5.96395E+04
 51.0 5.84872E+04
 51.5 5.73580E+04
 52.0 5.62511E+04
 52.5 5.51660E+04
 53.0 5.41020E+04
 53.5 5.30584E+04
 54.0 5.20348E+04
 54.5 5.10304E+04
 55.0 5.00448E+04
 55.5 4.90772E+04
 56.0 4.81273E+04
 56.5 4.71944E+04
 57.0 4.62780E+04
 57.5 4.53776E+04
 58.0 1.43246E+05
 58.5 4.36228E+04
 59.0 4.27674E+04
 59.5 2.14152E+05
 60.0 4.10986E+04
 60.5 4.02842E+04
 61.0 3.94826E+04
 61.5 3.86934E+04
 62.0 3.79162E+04
 62.5 3.71506E+04
 63.0 3.63963E+04
 63.5 3.56528E+04
 64.0 3.49200E+04
 64.5 3.41973E+04
 65.0 3.34846E+04
 65.5 3.27814E+04
 66.0 3.20876E+04
 66.5 3.14028E+04
 67.0 8.71278E+04
 67.5 3.00590E+04
 68.0 2.93996E+04
 68.5 2.87481E+04
 69.0 4.29251E+04
 69.5 2.71382E+04
 70.0 2.49140E+04
 70.5 2.43971E+04
 71.0 2.38825E+04
 71.5 2.33700E+04
 72.0 2.28596E+04
 72.5 2.23514E+04
 73.0 2.18453E+04
 73.5 2.13413E+04
 74.0 2.08394E+04
 74.5 2.03395E+04
 75.0 1.98417E+04
 75.5 1.93460E+04
 76.0 1.88523E+04
 76.5 1.83606E+04
 77.0 1.78710E+04
 77.5 1.73833E+04
 78.0 1.68977E+04
 78.5 1.64141E+04
 79.0 1.59325E+04
 79.5 1.54529E+04
 80.0 1.49753E+04
 80.5 1.44997E+04
 81.0 1.40261E+04
 81.5 1.35545E+04
 82.0 1.30849E+04
 82.5 1.26174E+04
 83.0 1.21518E+04
 83.5 1.16883E+04
 84.0 1.12269E+04
 84.5 1.07675E+04
 85.0 1.03101E+04
 85.5 9.85488E+03
 86.0 9.40170E+03
 86.5 8.95063E+03
 87.0 8.50167E+03
 87.5 8.05485E+03
 88.0 7.61018E+03
 88.5 7.16769E+03
 89.0 6.72738E+03
 89.5 6.28928E+03
 90.0 5.85342E+03
 90.5 5.41981E+03
 91.0 4.98848E+03
 91.5 4.55946E+03
 92.0 4.13276E+03
 92.5 3.70842E+03
 93.0 3.28646E+03
 93.5 2.86691E+03
 94.0 2.44980E+03
 94.5 2.03516E+03
 95.0 1.62302E+03
 95.5 1.21342E+03
 96.0 8.06372E+02
 96.5 4.01926E+02
 97.0 3.34295E+01
