097K20D0W2
  0.5 0.00000E+00
  1.0 0.00000E+00
  1.5 0.00000E+00
  2.0 0.00000E+00
  2.5 0.00000E+00
  3.0 0.00000E+00
  3.5 4.21466E+04
  4.0 5.40735E+04
  4.5 6.66375E+04
  5.0 7.98549E+04
  5.5 9.37566E+04
  6.0 1.08395E+05
  6.5 1.23852E+05
  7.0 1.40239E+05
  7.5 1.57654E+05
  8.0 1.76101E+05
  8.5 3.21051E+06
  9.0 2.15210E+05
  9.5 2.14764E+06
 10.0 1.79056E+06
 10.5 9.68436E+04
 11.0 1.04220E+05
 11.5 3.41505E+05
 12.0 7.93927E+04
 12.5 7.37370E+04
 13.0 7.82923E+04
 13.5 8.29330E+04
 14.0 8.76380E+04
 14.5 9.23771E+04
 15.0 9.71124E+04
 15.5 1.01799E+05
 16.0 1.06389E+05
 16.5 1.10833E+05
 17.0 1.15084E+05
 17.5 1.19097E+05
 18.0 1.22836E+05
 18.5 1.26270E+05
 19.0 1.29375E+05
 19.5 1.32135E+05
 20.0 1.34541E+05
 20.5 1.36590E+05
 21.0 1.38287E+05
 21.5 1.39638E+05
 22.0 1.40657E+05
 22.5 1.41357E+05
 23.0 1.41758E+05
 23.5 1.41877E+05
 24.0 1.41735E+05
 24.5 1.41352E+05
 25.0 1.40749E+05
 25.5 1.39946E+05
 26.0 1.38964E+05
 26.5 1.37820E+05
 27.0 1.36533E+05
 27.5 1.35120E+05
 28.0 1.33597E+05
 28.5 1.31979E+05
 29.0 1.30280E+05
 29.5 1.28511E+05
 30.0 1.26685E+05
 30.5 1.24812E+05
 31.0 1.22903E+05
 31.5 1.20964E+05
 32.0 1.19005E+05
 32.5 1.17032E+05
 33.0 1.15052E+05
 33.5 1.13070E+05
 34.0 1.11090E+05
 34.5 1.09118E+05
 35.0 1.07158E+05
 35.5 1.05211E+05
 36.0 1.03283E+05
 36.5 1.01374E+05
 37.0 9.94867E+04
 37.5 9.76236E+04
 38.0 9.57860E+04
 38.5 9.39749E+04
 39.0 9.21914E+04
 39.5 9.04364E+04
 40.0 8.87105E+04
 40.5 8.70140E+04
 41.0 8.53474E+04
 41.5 8.37109E+04
 42.0 8.21043E+04
 42.5 8.05278E+04
 43.0 7.89812E+04
 43.5 7.74643E+04
 44.0 7.59768E+04
 44.5 7.45184E+04
 45.0 7.30886E+04
 45.5 7.16871E+04
 46.0 7.03135E+04
 46.5 6.89671E+04
 47.0 6.76475E+04
 47.5 6.63542E+04
 48.0 6.50865E+04
 48.5 6.38440E+04
 49.0 6.26261E+04
 49.5 6.14321E+04
 50.0 6.02615E+04
 50.5 5.91138E+04
 51.0 5.79883E+04
 51.5 5.68843E+04
 52.0 5.58015E+04
 52.5 5.47392E+04
 53.0 5.36968E+04
 53.5 5.26738E+04
 54.0 5.16697E+04
 54.5 5.06838E+04
 55.0 4.97157E+04
 55.5 4.87648E+04
 56.0 4.78307E+04
 56.5 4.69128E+04
 57.0 4.60107E+04
 57.5 4.51238E+04
 58.0 1.42161E+05
 58.5 4.33942E+04
 59.0 4.25505E+04
 59.5 2.12559E+05
 60.0 4.09033E+04
 60.5 4.00989E+04
 61.0 3.93069E+04
 61.5 3.85267E+04
 62.0 3.77582E+04
 62.5 3.70008E+04
 63.0 3.62543E+04
 63.5 3.55183E+04
 64.0 3.47925E+04
 64.5 3.40766E+04
 65.0 3.33702E+04
 65.5 3.26732E+04
 66.0 3.19852E+04
 66.5 3.13058E+04
 67.0 8.67066E+04
 67.5 2.99724E+04
 68.0 2.93177E+04
 68.5 2.86708E+04
 69.0 4.27720E+04
 69.5 2.70360E+04
 70.0 2.46545E+04
 70.5 2.41515E+04
 71.0 2.36500E+04
 71.5 2.31502E+04
 72.0 2.26520E+04
 72.5 2.21553E+04
 73.0 2.16603E+04
 73.5 2.11669E+04
 74.0 2.06751E+04
 74.5 2.01850E+04
 75.0 1.96964E+04
 75.5 1.92095E+04
 76.0 1.87242E+04
 76.5 1.82406E+04
 77.0 1.77586E+04
 77.5 1.72783E+04
 78.0 1.67996E+04
 78.5 1.63226E+04
 79.0 1.58472E+04
 79.5 1.53736E+04
 80.0 1.49017E+04
 80.5 1.44314E+04
 81.0 1.39629E+04
 81.5 1.34962E+04
 82.0 1.30311E+04
 82.5 1.25679E+04
 83.0 1.21064E+04
 83.5 1.16468E+04
 84.0 1.11889E+04
 84.5 1.07329E+04
 85.0 1.02788E+04
 85.5 9.82652E+03
 86.0 9.37615E+03
 86.5 8.92769E+03
 87.0 8.48117E+03
 87.5 8.03662E+03
 88.0 7.59405E+03
 88.5 7.15350E+03
 89.0 6.71498E+03
 89.5 6.27854E+03
 90.0 5.84418E+03
 90.5 5.41195E+03
 91.0 4.98187E+03
 91.5 4.55396E+03
 92.0 4.12827E+03
 92.5 3.70482E+03
 93.0 3.28364E+03
 93.5 2.86476E+03
 94.0 2.44823E+03
 94.5 2.03407E+03
 95.0 1.62232E+03
 95.5 1.21301E+03
 96.0 8.06179E+02
 96.5 4.01867E+02
 97.0 3.34264E+01
