097K21D0W2
  0.5 0.00000E+00
  1.0 0.00000E+00
  1.5 0.00000E+00
  2.0 0.00000E+00
  2.5 0.00000E+00
  3.0 0.00000E+00
  3.5 4.48168E+04
  4.0 5.73841E+04
  4.5 7.06413E+04
  5.0 8.46103E+04
  5.5 9.93303E+04
  6.0 1.14867E+05
  6.5 1.31321E+05
  7.0 1.48821E+05
  7.5 1.67460E+05
  8.0 1.87198E+05
  8.5 3.45335E+06
  9.0 2.28741E+05
  9.5 2.26489E+06
 10.0 1.88819E+06
 10.5 1.02756E+05
 11.0 1.10628E+05
 11.5 3.69150E+05
 12.0 8.42053E+04
 12.5 7.81933E+04
 13.0 8.30464E+04
 13.5 8.79852E+04
 14.0 9.29816E+04
 14.5 9.79974E+04
 15.0 1.02987E+05
 15.5 1.07898E+05
 16.0 1.12676E+05
 16.5 1.17269E+05
 17.0 1.21625E+05
 17.5 1.25701E+05
 18.0 1.29460E+05
 18.5 1.32874E+05
 19.0 1.35921E+05
 19.5 1.38590E+05
 20.0 1.40876E+05
 20.5 1.42781E+05
 21.0 1.44311E+05
 21.5 1.45480E+05
 22.0 1.46304E+05
 22.5 1.46800E+05
 23.0 1.46989E+05
 23.5 1.46894E+05
 24.0 1.46536E+05
 24.5 1.45939E+05
 25.0 1.45124E+05
 25.5 1.44113E+05
 26.0 1.42927E+05
 26.5 1.41586E+05
 27.0 1.40108E+05
 27.5 1.38511E+05
 28.0 1.36811E+05
 28.5 1.35024E+05
 29.0 1.33162E+05
 29.5 1.31239E+05
 30.0 1.29265E+05
 30.5 1.27253E+05
 31.0 1.25210E+05
 31.5 1.23145E+05
 32.0 1.21067E+05
 32.5 1.18981E+05
 33.0 1.16893E+05
 33.5 1.14810E+05
 34.0 1.12735E+05
 34.5 1.10673E+05
 35.0 1.08627E+05
 35.5 1.06600E+05
 36.0 1.04595E+05
 36.5 1.02615E+05
 37.0 1.00660E+05
 37.5 9.87334E+04
 38.0 9.68355E+04
 38.5 9.49677E+04
 39.0 9.31307E+04
 39.5 9.13252E+04
 40.0 8.95516E+04
 40.5 8.78102E+04
 41.0 8.61012E+04
 41.5 8.44246E+04
 42.0 8.27803E+04
 42.5 8.11681E+04
 43.0 7.95878E+04
 43.5 7.80390E+04
 44.0 7.65215E+04
 44.5 7.50346E+04
 45.0 7.35780E+04
 45.5 7.21511E+04
 46.0 7.07534E+04
 46.5 6.93843E+04
 47.0 6.80432E+04
 47.5 6.67295E+04
 48.0 6.54426E+04
 48.5 6.41819E+04
 49.0 6.29467E+04
 49.5 6.17364E+04
 50.0 6.05503E+04
 50.5 5.93878E+04
 51.0 5.82484E+04
 51.5 5.71313E+04
 52.0 5.60360E+04
 52.5 5.49618E+04
 53.0 5.39081E+04
 53.5 5.28744E+04
 54.0 5.18601E+04
 54.5 5.08646E+04
 55.0 4.98874E+04
 55.5 4.89278E+04
 56.0 4.79854E+04
 56.5 4.70597E+04
 57.0 4.61502E+04
 57.5 4.52563E+04
 58.0 1.42727E+05
 58.5 4.35135E+04
 59.0 4.26637E+04
 59.5 2.13390E+05
 60.0 4.10052E+04
 60.5 4.01956E+04
 61.0 3.93986E+04
 61.5 3.86137E+04
 62.0 3.78407E+04
 62.5 3.70790E+04
 63.0 3.63284E+04
 63.5 3.55885E+04
 64.0 3.48590E+04
 64.5 3.41396E+04
 65.0 3.34299E+04
 65.5 3.27297E+04
 66.0 3.20386E+04
 66.5 3.13565E+04
 67.0 8.69265E+04
 67.5 3.00176E+04
 68.0 2.93605E+04
 68.5 2.87111E+04
 69.0 4.28520E+04
 69.5 2.70893E+04
 70.0 2.47897E+04
 70.5 2.42795E+04
 71.0 2.37712E+04
 71.5 2.32648E+04
 72.0 2.27602E+04
 72.5 2.22576E+04
 73.0 2.17568E+04
 73.5 2.12578E+04
 74.0 2.07608E+04
 74.5 2.02656E+04
 75.0 1.97722E+04
 75.5 1.92807E+04
 76.0 1.87910E+04
 76.5 1.83032E+04
 77.0 1.78172E+04
 77.5 1.73331E+04
 78.0 1.68508E+04
 78.5 1.63703E+04
 79.0 1.58917E+04
 79.5 1.54150E+04
 80.0 1.49401E+04
 80.5 1.44671E+04
 81.0 1.39959E+04
 81.5 1.35266E+04
 82.0 1.30592E+04
 82.5 1.25937E+04
 83.0 1.21301E+04
 83.5 1.16685E+04
 84.0 1.12088E+04
 84.5 1.07510E+04
 85.0 1.02952E+04
 85.5 9.84133E+03
 86.0 9.38949E+03
 86.5 8.93967E+03
 87.0 8.49188E+03
 87.5 8.04614E+03
 88.0 7.60248E+03
 88.5 7.16091E+03
 89.0 6.72146E+03
 89.5 6.28415E+03
 90.0 5.84901E+03
 90.5 5.41606E+03
 91.0 4.98532E+03
 91.5 4.55683E+03
 92.0 4.13062E+03
 92.5 3.70670E+03
 93.0 3.28511E+03
 93.5 2.86589E+03
 94.0 2.44905E+03
 94.5 2.03464E+03
 95.0 1.62269E+03
 95.5 1.21322E+03
 96.0 8.06280E+02
 96.5 4.01898E+02
 97.0 3.34280E+01
