098K09D0W2
  0.5 0.00000E+00
  1.0 0.00000E+00
  1.5 0.00000E+00
  2.0 0.00000E+00
  2.5 0.00000E+00
  3.0 0.00000E+00
  3.5 1.48374E+04
  4.0 2.01696E+04
  4.5 2.57146E+04
  5.0 3.14475E+04
  5.5 3.73586E+04
  6.0 4.34434E+04
  6.5 4.97000E+04
  7.0 5.61284E+04
  7.5 6.27307E+04
  8.0 6.95120E+04
  8.5 5.35611E+05
  9.0 8.36482E+04
  9.5 5.95638E+05
 10.0 5.00610E+05
 10.5 3.88667E+04
 11.0 4.16937E+04
 11.5 6.82896E+04
 12.0 3.19704E+04
 12.5 2.97327E+04
 13.0 3.15190E+04
 13.5 3.33214E+04
 14.0 3.51398E+04
 14.5 3.69738E+04
 15.0 3.88234E+04
 15.5 4.06883E+04
 16.0 4.25678E+04
 16.5 4.44611E+04
 17.0 4.63668E+04
 17.5 4.82826E+04
 18.0 5.02052E+04
 18.5 5.21303E+04
 19.0 5.40525E+04
 19.5 5.59652E+04
 20.0 5.78606E+04
 20.5 5.97301E+04
 21.0 6.15647E+04
 21.5 6.33547E+04
 22.0 6.50907E+04
 22.5 6.67634E+04
 23.0 6.83639E+04
 23.5 6.98842E+04
 24.0 7.13172E+04
 24.5 7.26565E+04
 25.0 7.38974E+04
 25.5 7.50358E+04
 26.0 7.60689E+04
 26.5 7.69951E+04
 27.0 7.78138E+04
 27.5 7.85253E+04
 28.0 7.91308E+04
 28.5 7.96322E+04
 29.0 8.00321E+04
 29.5 8.03337E+04
 30.0 8.05406E+04
 30.5 8.06569E+04
 31.0 8.06866E+04
 31.5 8.06343E+04
 32.0 8.05046E+04
 32.5 8.03021E+04
 33.0 8.00314E+04
 33.5 7.96972E+04
 34.0 7.93040E+04
 34.5 7.88563E+04
 35.0 7.83583E+04
 35.5 7.78142E+04
 36.0 7.72280E+04
 36.5 7.66035E+04
 37.0 7.59443E+04
 37.5 7.52539E+04
 38.0 7.45355E+04
 38.5 7.37921E+04
 39.0 7.30267E+04
 39.5 7.22418E+04
 40.0 7.14400E+04
 40.5 7.06236E+04
 41.0 6.97947E+04
 41.5 6.89554E+04
 42.0 6.81075E+04
 42.5 6.72527E+04
 43.0 6.63926E+04
 43.5 6.55285E+04
 44.0 6.46618E+04
 44.5 6.37936E+04
 45.0 6.29252E+04
 45.5 6.20573E+04
 46.0 6.11910E+04
 46.5 6.03270E+04
 47.0 5.94660E+04
 47.5 5.86087E+04
 48.0 5.77556E+04
 48.5 5.69074E+04
 49.0 5.60643E+04
 49.5 5.52269E+04
 50.0 5.43954E+04
 50.5 5.35701E+04
 51.0 5.27513E+04
 51.5 5.19393E+04
 52.0 5.11341E+04
 52.5 5.03360E+04
 53.0 4.95450E+04
 53.5 4.87613E+04
 54.0 4.79848E+04
 54.5 4.72157E+04
 55.0 4.64540E+04
 55.5 4.56997E+04
 56.0 4.49527E+04
 56.5 4.42130E+04
 57.0 4.34806E+04
 57.5 4.27555E+04
 58.0 1.34179E+05
 58.5 4.13267E+04
 59.0 4.06229E+04
 59.5 2.01818E+05
 60.0 3.92360E+04
 60.5 3.85527E+04
 61.0 3.78761E+04
 61.5 3.72060E+04
 62.0 3.65424E+04
 62.5 3.58850E+04
 63.0 3.52339E+04
 63.5 3.45890E+04
 64.0 3.39499E+04
 64.5 3.33168E+04
 65.0 3.26895E+04
 65.5 3.20677E+04
 66.0 3.14516E+04
 66.5 3.08408E+04
 67.0 8.50467E+04
 67.5 2.96352E+04
 68.0 2.90400E+04
 68.5 2.84499E+04
 69.0 4.23625E+04
 69.5 2.64854E+04
 70.0 2.20350E+04
 70.5 2.16963E+04
 71.0 2.13533E+04
 71.5 2.10063E+04
 72.0 2.06553E+04
 72.5 2.03005E+04
 73.0 1.99420E+04
 73.5 1.95800E+04
 74.0 1.92145E+04
 74.5 1.88459E+04
 75.0 1.84741E+04
 75.5 1.80993E+04
 76.0 1.77217E+04
 76.5 1.73414E+04
 77.0 1.69584E+04
 77.5 1.65730E+04
 78.0 1.61853E+04
 78.5 1.57953E+04
 79.0 1.54032E+04
 79.5 1.50092E+04
 80.0 1.46132E+04
 80.5 1.42156E+04
 81.0 1.38163E+04
 81.5 1.34155E+04
 82.0 1.30133E+04
 82.5 1.26098E+04
 83.0 1.22051E+04
 83.5 1.17993E+04
 84.0 1.13925E+04
 84.5 1.09849E+04
 85.0 1.05766E+04
 85.5 1.01675E+04
 86.0 9.75794E+03
 86.5 9.34788E+03
 87.0 8.93746E+03
 87.5 8.52677E+03
 88.0 8.11591E+03
 88.5 7.70497E+03
 89.0 7.29405E+03
 89.5 6.88323E+03
 90.0 6.47261E+03
 90.5 6.06229E+03
 91.0 5.65233E+03
 91.5 5.24284E+03
 92.0 4.83391E+03
 92.5 4.42561E+03
 93.0 4.01803E+03
 93.5 3.61126E+03
 94.0 3.20537E+03
 94.5 2.80046E+03
 95.0 2.39660E+03
 95.5 1.99388E+03
 96.0 1.59237E+03
 96.5 1.19216E+03
 97.0 7.93320E+02
 97.5 3.95929E+02
 98.0 3.29561E+01
