098K06D0W2
  0.5 0.00000E+00
  1.0 0.00000E+00
  1.5 0.00000E+00
  2.0 0.00000E+00
  2.5 0.00000E+00
  3.0 0.00000E+00
  3.5 8.16897E+03
  4.0 1.17637E+04
  4.5 1.55246E+04
  5.0 1.94055E+04
  5.5 2.33871E+04
  6.0 2.74601E+04
  6.5 3.16190E+04
  7.0 3.58606E+04
  7.5 4.01822E+04
  8.0 4.45823E+04
  8.5 1.34380E+05
  9.0 5.36144E+04
  9.5 2.10878E+05
 10.0 1.80918E+05
 10.5 2.48962E+04
 11.0 2.67485E+04
 11.5 3.06310E+04
 12.0 2.04793E+04
 12.5 1.90428E+04
 13.0 2.02197E+04
 13.5 2.14021E+04
 14.0 2.25898E+04
 14.5 2.37824E+04
 15.0 2.49795E+04
 15.5 2.61808E+04
 16.0 2.73860E+04
 16.5 2.85947E+04
 17.0 2.98066E+04
 17.5 3.10212E+04
 18.0 3.22381E+04
 18.5 3.34569E+04
 19.0 3.46768E+04
 19.5 3.58971E+04
 20.0 3.71168E+04
 20.5 3.83344E+04
 21.0 3.95485E+04
 21.5 4.07569E+04
 22.0 4.19573E+04
 22.5 4.31469E+04
 23.0 4.43226E+04
 23.5 4.54809E+04
 24.0 4.66183E+04
 24.5 4.77309E+04
 25.0 4.88149E+04
 25.5 4.98663E+04
 26.0 5.08813E+04
 26.5 5.18564E+04
 27.0 5.27882E+04
 27.5 5.36736E+04
 28.0 5.45098E+04
 28.5 5.52946E+04
 29.0 5.60260E+04
 29.5 5.67025E+04
 30.0 5.73229E+04
 30.5 5.78866E+04
 31.0 5.83931E+04
 31.5 5.88426E+04
 32.0 5.92353E+04
 32.5 5.95720E+04
 33.0 5.98535E+04
 33.5 6.00811E+04
 34.0 6.02562E+04
 34.5 6.03802E+04
 35.0 6.04550E+04
 35.5 6.04823E+04
 36.0 6.04640E+04
 36.5 6.04022E+04
 37.0 6.02988E+04
 37.5 6.01560E+04
 38.0 5.99757E+04
 38.5 5.97601E+04
 39.0 5.95112E+04
 39.5 5.92308E+04
 40.0 5.89211E+04
 40.5 5.85840E+04
 41.0 5.82212E+04
 41.5 5.78345E+04
 42.0 5.74257E+04
 42.5 5.69963E+04
 43.0 5.65481E+04
 43.5 5.60824E+04
 44.0 5.56008E+04
 44.5 5.51045E+04
 45.0 5.45948E+04
 45.5 5.40730E+04
 46.0 5.35403E+04
 46.5 5.29976E+04
 47.0 5.24460E+04
 47.5 5.18865E+04
 48.0 5.13199E+04
 48.5 5.07471E+04
 49.0 5.01688E+04
 49.5 4.95858E+04
 50.0 4.89987E+04
 50.5 4.84082E+04
 51.0 4.78149E+04
 51.5 4.72192E+04
 52.0 4.66217E+04
 52.5 4.60229E+04
 53.0 4.54230E+04
 53.5 4.48227E+04
 54.0 4.42221E+04
 54.5 4.36216E+04
 55.0 4.30216E+04
 55.5 4.24222E+04
 56.0 4.18237E+04
 56.5 4.12264E+04
 57.0 4.06305E+04
 57.5 4.00360E+04
 58.0 1.22437E+05
 58.5 3.88524E+04
 59.0 3.82635E+04
 59.5 1.84383E+05
 60.0 3.70921E+04
 60.5 3.65098E+04
 61.0 3.59298E+04
 61.5 3.53523E+04
 62.0 3.47773E+04
 62.5 3.42048E+04
 63.0 3.36349E+04
 63.5 3.30676E+04
 64.0 3.25030E+04
 64.5 3.19410E+04
 65.0 3.13818E+04
 65.5 3.08252E+04
 66.0 3.02714E+04
 66.5 2.97202E+04
 67.0 8.02079E+04
 67.5 2.86261E+04
 68.0 2.80831E+04
 68.5 2.75428E+04
 69.0 4.05768E+04
 69.5 2.53782E+04
 70.0 1.95395E+04
 70.5 1.93099E+04
 71.0 1.90732E+04
 71.5 1.88295E+04
 72.0 1.85789E+04
 72.5 1.83217E+04
 73.0 1.80578E+04
 73.5 1.77876E+04
 74.0 1.75112E+04
 74.5 1.72286E+04
 75.0 1.69402E+04
 75.5 1.66460E+04
 76.0 1.63463E+04
 76.5 1.60411E+04
 77.0 1.57306E+04
 77.5 1.54151E+04
 78.0 1.50946E+04
 78.5 1.47693E+04
 79.0 1.44395E+04
 79.5 1.41052E+04
 80.0 1.37667E+04
 80.5 1.34240E+04
 81.0 1.30774E+04
 81.5 1.27269E+04
 82.0 1.23729E+04
 82.5 1.20154E+04
 83.0 1.16545E+04
 83.5 1.12905E+04
 84.0 1.09235E+04
 84.5 1.05536E+04
 85.0 1.01810E+04
 85.5 9.80584E+03
 86.0 9.42828E+03
 86.5 9.04846E+03
 87.0 8.66651E+03
 87.5 8.28260E+03
 88.0 7.89685E+03
 88.5 7.50940E+03
 89.0 7.12040E+03
 89.5 6.72998E+03
 90.0 6.33827E+03
 90.5 5.94541E+03
 91.0 5.55153E+03
 91.5 5.15676E+03
 92.0 4.76123E+03
 92.5 4.36507E+03
 93.0 3.96839E+03
 93.5 3.57133E+03
 94.0 3.17401E+03
 94.5 2.77654E+03
 95.0 2.37904E+03
 95.5 1.98164E+03
 96.0 1.58445E+03
 96.5 1.18758E+03
 97.0 7.91147E+02
 97.5 3.95260E+02
 98.0 3.29212E+01
