098K15D0W2
  0.5 0.00000E+00
  1.0 0.00000E+00
  1.5 0.00000E+00
  2.0 0.00000E+00
  2.5 0.00000E+00
  3.0 0.00000E+00
  3.5 2.90657E+04
  4.0 3.78596E+04
  4.5 4.70587E+04
  5.0 5.66590E+04
  5.5 6.66651E+04
  6.0 7.70883E+04
  6.5 8.79487E+04
  7.0 9.92787E+04
  7.5 1.11126E+05
  8.0 1.23544E+05
  8.5 1.92095E+06
  9.0 1.50188E+05
  9.5 1.48816E+06
 10.0 1.24180E+06
 10.5 6.86449E+04
 11.0 7.37118E+04
 11.5 2.02248E+05
 12.0 5.63995E+04
 12.5 5.24297E+04
 13.0 5.55947E+04
 13.5 5.88150E+04
 14.0 6.20895E+04
 14.5 6.54143E+04
 15.0 6.87826E+04
 15.5 7.21829E+04
 16.0 7.55999E+04
 16.5 7.90137E+04
 17.0 8.24010E+04
 17.5 8.57362E+04
 18.0 8.89921E+04
 18.5 9.21414E+04
 19.0 9.51582E+04
 19.5 9.80182E+04
 20.0 1.00700E+05
 20.5 1.03186E+05
 21.0 1.05462E+05
 21.5 1.07517E+05
 22.0 1.09345E+05
 22.5 1.10942E+05
 23.0 1.12309E+05
 23.5 1.13448E+05
 24.0 1.14364E+05
 24.5 1.15065E+05
 25.0 1.15559E+05
 25.5 1.15856E+05
 26.0 1.15967E+05
 26.5 1.15904E+05
 27.0 1.15679E+05
 27.5 1.15303E+05
 28.0 1.14789E+05
 28.5 1.14149E+05
 29.0 1.13394E+05
 29.5 1.12534E+05
 30.0 1.11581E+05
 30.5 1.10545E+05
 31.0 1.09435E+05
 31.5 1.08259E+05
 32.0 1.07027E+05
 32.5 1.05746E+05
 33.0 1.04423E+05
 33.5 1.03065E+05
 34.0 1.01677E+05
 34.5 1.00266E+05
 35.0 9.88363E+04
 35.5 9.73922E+04
 36.0 9.59383E+04
 36.5 9.44782E+04
 37.0 9.30154E+04
 37.5 9.15528E+04
 38.0 9.00933E+04
 38.5 8.86391E+04
 39.0 8.71925E+04
 39.5 8.57553E+04
 40.0 8.43292E+04
 40.5 8.29157E+04
 41.0 8.15159E+04
 41.5 8.01310E+04
 42.0 7.87619E+04
 42.5 7.74094E+04
 43.0 7.60740E+04
 43.5 7.47564E+04
 44.0 7.34569E+04
 44.5 7.21759E+04
 45.0 7.09135E+04
 45.5 6.96700E+04
 46.0 6.84454E+04
 46.5 6.72398E+04
 47.0 6.60532E+04
 47.5 6.48853E+04
 48.0 6.37362E+04
 48.5 6.26057E+04
 49.0 6.14935E+04
 49.5 6.03995E+04
 50.0 5.93234E+04
 50.5 5.82650E+04
 51.0 5.72239E+04
 51.5 5.61999E+04
 52.0 5.51927E+04
 52.5 5.42019E+04
 53.0 5.32272E+04
 53.5 5.22682E+04
 54.0 5.13247E+04
 54.5 5.03963E+04
 55.0 4.94826E+04
 55.5 4.85834E+04
 56.0 4.76981E+04
 56.5 4.68266E+04
 57.0 4.59685E+04
 57.5 4.51233E+04
 58.0 1.44540E+05
 58.5 4.34708E+04
 59.0 4.26628E+04
 59.5 2.17146E+05
 60.0 4.10816E+04
 60.5 4.03078E+04
 61.0 3.95448E+04
 61.5 3.87923E+04
 62.0 3.80500E+04
 62.5 3.73176E+04
 63.0 3.65949E+04
 63.5 3.58816E+04
 64.0 3.51773E+04
 64.5 3.44819E+04
 65.0 3.37952E+04
 65.5 3.31168E+04
 66.0 3.24465E+04
 66.5 3.17842E+04
 67.0 8.91886E+04
 67.5 3.04823E+04
 68.0 2.98423E+04
 68.5 2.92095E+04
 69.0 4.38742E+04
 69.5 2.74524E+04
 70.0 2.43613E+04
 70.5 2.39106E+04
 71.0 2.34596E+04
 71.5 2.30083E+04
 72.0 2.25568E+04
 72.5 2.21051E+04
 73.0 2.16533E+04
 73.5 2.12014E+04
 74.0 2.07496E+04
 74.5 2.02978E+04
 75.0 1.98461E+04
 75.5 1.93946E+04
 76.0 1.89433E+04
 76.5 1.84922E+04
 77.0 1.80415E+04
 77.5 1.75911E+04
 78.0 1.71411E+04
 78.5 1.66916E+04
 79.0 1.62426E+04
 79.5 1.57941E+04
 80.0 1.53462E+04
 80.5 1.48990E+04
 81.0 1.44525E+04
 81.5 1.40067E+04
 82.0 1.35616E+04
 82.5 1.31174E+04
 83.0 1.26741E+04
 83.5 1.22317E+04
 84.0 1.17902E+04
 84.5 1.13498E+04
 85.0 1.09104E+04
 85.5 1.04721E+04
 86.0 1.00349E+04
 86.5 9.59889E+03
 87.0 9.16412E+03
 87.5 8.73061E+03
 88.0 8.29842E+03
 88.5 7.86759E+03
 89.0 7.43817E+03
 89.5 7.01019E+03
 90.0 6.58370E+03
 90.5 6.15875E+03
 91.0 5.73538E+03
 91.5 5.31365E+03
 92.0 4.89358E+03
 92.5 4.47523E+03
 93.0 4.05865E+03
 93.5 3.64388E+03
 94.0 3.23096E+03
 94.5 2.81995E+03
 95.0 2.41089E+03
 95.5 2.00383E+03
 96.0 1.59880E+03
 96.5 1.19587E+03
 97.0 7.95078E+02
 97.5 3.96470E+02
 98.0 3.29843E+01
