098K11D0W2
  0.5 0.00000E+00
  1.0 0.00000E+00
  1.5 0.00000E+00
  2.0 0.00000E+00
  2.5 0.00000E+00
  3.0 0.00000E+00
  3.5 1.94648E+04
  4.0 2.59399E+04
  4.5 3.26809E+04
  5.0 3.96713E+04
  5.5 4.69054E+04
  6.0 5.43823E+04
  6.5 6.21039E+04
  7.0 7.00759E+04
  7.5 7.83086E+04
  8.0 8.68184E+04
  8.5 9.44674E+05
  9.0 1.04759E+05
  9.5 8.95248E+05
 10.0 7.49269E+05
 10.5 4.84860E+04
 11.0 5.20102E+04
 11.5 1.06238E+05
 12.0 3.98723E+04
 12.5 3.70790E+04
 13.0 3.92978E+04
 13.5 4.15430E+04
 14.0 4.38147E+04
 14.5 4.61128E+04
 15.0 4.84371E+04
 15.5 5.07863E+04
 16.0 5.31585E+04
 16.5 5.55500E+04
 17.0 5.79555E+04
 17.5 6.03677E+04
 18.0 6.27773E+04
 18.5 6.51733E+04
 19.0 6.75431E+04
 19.5 6.98728E+04
 20.0 7.21481E+04
 20.5 7.43544E+04
 21.0 7.64775E+04
 21.5 7.85041E+04
 22.0 8.04222E+04
 22.5 8.22213E+04
 23.0 8.38922E+04
 23.5 8.54281E+04
 24.0 8.68238E+04
 24.5 8.80757E+04
 25.0 8.91823E+04
 25.5 9.01433E+04
 26.0 9.09600E+04
 26.5 9.16351E+04
 27.0 9.21721E+04
 27.5 9.25756E+04
 28.0 9.28509E+04
 28.5 9.30038E+04
 29.0 9.30406E+04
 29.5 9.29678E+04
 30.0 9.27920E+04
 30.5 9.25203E+04
 31.0 9.21592E+04
 31.5 9.17156E+04
 32.0 9.11960E+04
 32.5 9.06068E+04
 33.0 8.99541E+04
 33.5 8.92438E+04
 34.0 8.84816E+04
 34.5 8.76727E+04
 35.0 8.68221E+04
 35.5 8.59346E+04
 36.0 8.50147E+04
 36.5 8.40664E+04
 37.0 8.30936E+04
 37.5 8.20999E+04
 38.0 8.10886E+04
 38.5 8.00626E+04
 39.0 7.90249E+04
 39.5 7.79779E+04
 40.0 7.69240E+04
 40.5 7.58653E+04
 41.0 7.48039E+04
 41.5 7.37413E+04
 42.0 7.26793E+04
 42.5 7.16192E+04
 43.0 7.05624E+04
 43.5 6.95099E+04
 44.0 6.84629E+04
 44.5 6.74221E+04
 45.0 6.63885E+04
 45.5 6.53628E+04
 46.0 6.43454E+04
 46.5 6.33370E+04
 47.0 6.23380E+04
 47.5 6.13488E+04
 48.0 6.03697E+04
 48.5 5.94010E+04
 49.0 5.84429E+04
 49.5 5.74956E+04
 50.0 5.65591E+04
 50.5 5.56335E+04
 51.0 5.47190E+04
 51.5 5.38155E+04
 52.0 5.29230E+04
 52.5 5.20414E+04
 53.0 5.11708E+04
 53.5 5.03110E+04
 54.0 4.94619E+04
 54.5 4.86234E+04
 55.0 4.77954E+04
 55.5 4.69778E+04
 56.0 4.61704E+04
 56.5 4.53730E+04
 57.0 4.45855E+04
 57.5 4.38078E+04
 58.0 1.38768E+05
 58.5 4.22807E+04
 59.0 4.15310E+04
 59.5 2.08614E+05
 60.0 4.00585E+04
 60.5 3.93353E+04
 61.0 3.86205E+04
 61.5 3.79140E+04
 62.0 3.72156E+04
 62.5 3.65250E+04
 63.0 3.58422E+04
 63.5 3.51669E+04
 64.0 3.44989E+04
 64.5 3.38382E+04
 65.0 3.31844E+04
 65.5 3.25375E+04
 66.0 3.18973E+04
 66.5 3.12636E+04
 67.0 8.68952E+04
 67.5 3.00150E+04
 68.0 2.93999E+04
 68.5 2.87907E+04
 69.0 4.30390E+04
 69.5 2.69146E+04
 70.0 2.30510E+04
 70.5 2.26645E+04
 71.0 2.22754E+04
 71.5 2.18837E+04
 72.0 2.14895E+04
 72.5 2.10930E+04
 73.0 2.06944E+04
 73.5 2.02936E+04
 74.0 1.98908E+04
 74.5 1.94861E+04
 75.0 1.90797E+04
 75.5 1.86716E+04
 76.0 1.82619E+04
 76.5 1.78507E+04
 77.0 1.74382E+04
 77.5 1.70243E+04
 78.0 1.66093E+04
 78.5 1.61933E+04
 79.0 1.57762E+04
 79.5 1.53582E+04
 80.0 1.49394E+04
 80.5 1.45199E+04
 81.0 1.40998E+04
 81.5 1.36791E+04
 82.0 1.32580E+04
 82.5 1.28364E+04
 83.0 1.24146E+04
 83.5 1.19926E+04
 84.0 1.15705E+04
 84.5 1.11482E+04
 85.0 1.07261E+04
 85.5 1.03040E+04
 86.0 9.88211E+03
 86.5 9.46048E+03
 87.0 9.03919E+03
 87.5 8.61831E+03
 88.0 8.19791E+03
 88.5 7.77807E+03
 89.0 7.35886E+03
 89.5 6.94035E+03
 90.0 6.52262E+03
 90.5 6.10573E+03
 91.0 5.68975E+03
 91.5 5.27475E+03
 92.0 4.86081E+03
 92.5 4.44799E+03
 93.0 4.03636E+03
 93.5 3.62598E+03
 94.0 3.21693E+03
 94.5 2.80927E+03
 95.0 2.40306E+03
 95.5 1.99838E+03
 96.0 1.59528E+03
 96.5 1.19384E+03
 97.0 7.94115E+02
 97.5 3.96174E+02
 98.0 3.29689E+01
