098K19D0W2
  0.5 0.00000E+00
  1.0 0.00000E+00
  1.5 0.00000E+00
  2.0 0.00000E+00
  2.5 0.00000E+00
  3.0 0.00000E+00
  3.5 3.91541E+04
  4.0 5.03638E+04
  4.5 6.21547E+04
  5.0 7.45375E+04
  5.5 8.75349E+04
  6.0 1.01186E+05
  6.5 1.15553E+05
  7.0 1.30726E+05
  7.5 1.46801E+05
  8.0 1.63822E+05
  8.5 2.93929E+06
  9.0 2.00196E+05
  9.5 2.02259E+06
 10.0 1.68639E+06
 10.5 9.03694E+04
 11.0 9.72131E+04
 11.5 3.10513E+05
 12.0 7.41526E+04
 12.5 6.88945E+04
 13.0 7.31351E+04
 13.5 7.74599E+04
 14.0 8.18556E+04
 14.5 8.63009E+04
 15.0 9.07671E+04
 15.5 9.52185E+04
 16.0 9.96145E+04
 16.5 1.03912E+05
 17.0 1.08067E+05
 17.5 1.12037E+05
 18.0 1.15785E+05
 18.5 1.19277E+05
 19.0 1.22487E+05
 19.5 1.25394E+05
 20.0 1.27983E+05
 20.5 1.30247E+05
 21.0 1.32183E+05
 21.5 1.33795E+05
 22.0 1.35088E+05
 22.5 1.36075E+05
 23.0 1.36767E+05
 23.5 1.37181E+05
 24.0 1.37333E+05
 24.5 1.37241E+05
 25.0 1.36924E+05
 25.5 1.36400E+05
 26.0 1.35688E+05
 26.5 1.34805E+05
 27.0 1.33768E+05
 27.5 1.32594E+05
 28.0 1.31299E+05
 28.5 1.29897E+05
 29.0 1.28402E+05
 29.5 1.26827E+05
 30.0 1.25184E+05
 30.5 1.23482E+05
 31.0 1.21734E+05
 31.5 1.19946E+05
 32.0 1.18128E+05
 32.5 1.16287E+05
 33.0 1.14429E+05
 33.5 1.12561E+05
 34.0 1.10688E+05
 34.5 1.08815E+05
 35.0 1.06947E+05
 35.5 1.05086E+05
 36.0 1.03236E+05
 36.5 1.01400E+05
 37.0 9.95801E+04
 37.5 9.77795E+04
 38.0 9.59993E+04
 38.5 9.42412E+04
 39.0 9.25066E+04
 39.5 9.07965E+04
 40.0 8.91119E+04
 40.5 8.74534E+04
 41.0 8.58217E+04
 41.5 8.42170E+04
 42.0 8.26397E+04
 42.5 8.10899E+04
 43.0 7.95677E+04
 43.5 7.80730E+04
 44.0 7.66057E+04
 44.5 7.51657E+04
 45.0 7.37527E+04
 45.5 7.23664E+04
 46.0 7.10064E+04
 46.5 6.96724E+04
 47.0 6.83640E+04
 47.5 6.70807E+04
 48.0 6.58220E+04
 48.5 6.45876E+04
 49.0 6.33769E+04
 49.5 6.21892E+04
 50.0 6.10243E+04
 50.5 5.98816E+04
 51.0 5.87604E+04
 51.5 5.76603E+04
 52.0 5.65809E+04
 52.5 5.55214E+04
 53.0 5.44815E+04
 53.5 5.34606E+04
 54.0 5.24581E+04
 54.5 5.14737E+04
 55.0 5.05068E+04
 55.5 4.95568E+04
 56.0 4.86234E+04
 56.5 4.77061E+04
 57.0 4.68043E+04
 57.5 4.59177E+04
 58.0 1.48043E+05
 58.5 4.41882E+04
 59.0 4.33444E+04
 59.5 2.22317E+05
 60.0 4.16967E+04
 60.5 4.08920E+04
 61.0 4.00996E+04
 61.5 3.93191E+04
 62.0 3.85501E+04
 62.5 3.77923E+04
 63.0 3.70454E+04
 63.5 3.63090E+04
 64.0 3.55828E+04
 64.5 3.48665E+04
 65.0 3.41598E+04
 65.5 3.34624E+04
 66.0 3.27740E+04
 66.5 3.20944E+04
 67.0 9.05640E+04
 67.5 3.07604E+04
 68.0 3.01056E+04
 68.5 2.94585E+04
 69.0 4.43730E+04
 69.5 2.77779E+04
 70.0 2.51741E+04
 70.5 2.46822E+04
 71.0 2.41916E+04
 71.5 2.37023E+04
 72.0 2.32142E+04
 72.5 2.27275E+04
 73.0 2.22421E+04
 73.5 2.17580E+04
 74.0 2.12753E+04
 74.5 2.07939E+04
 75.0 2.03139E+04
 75.5 1.98352E+04
 76.0 1.93580E+04
 76.5 1.88821E+04
 77.0 1.84077E+04
 77.5 1.79346E+04
 78.0 1.74630E+04
 78.5 1.69929E+04
 79.0 1.65242E+04
 79.5 1.60570E+04
 80.0 1.55914E+04
 80.5 1.51272E+04
 81.0 1.46645E+04
 81.5 1.42034E+04
 82.0 1.37438E+04
 82.5 1.32859E+04
 83.0 1.28295E+04
 83.5 1.23747E+04
 84.0 1.19216E+04
 84.5 1.14701E+04
 85.0 1.10203E+04
 85.5 1.05722E+04
 86.0 1.01259E+04
 86.5 9.68123E+03
 87.0 9.23838E+03
 87.5 8.79732E+03
 88.0 8.35808E+03
 88.5 7.92068E+03
 89.0 7.48516E+03
 89.5 7.05154E+03
 90.0 6.61984E+03
 90.5 6.19010E+03
 91.0 5.76235E+03
 91.5 5.33661E+03
 92.0 4.91292E+03
 92.5 4.49130E+03
 93.0 4.07179E+03
 93.5 3.65442E+03
 94.0 3.23923E+03
 94.5 2.82624E+03
 95.0 2.41549E+03
 95.5 2.00703E+03
 96.0 1.60087E+03
 96.5 1.19706E+03
 97.0 7.95642E+02
 97.5 3.96643E+02
 98.0 3.29934E+01
