099K09D0W2
  0.5 0.00000E+00
  1.0 0.00000E+00
  1.5 0.00000E+00
  2.0 0.00000E+00
  2.5 0.00000E+00
  3.0 0.00000E+00
  3.5 1.46869E+04
  4.0 1.99800E+04
  4.5 2.54851E+04
  5.0 3.11773E+04
  5.5 3.70466E+04
  6.0 4.30884E+04
  6.5 4.93008E+04
  7.0 5.56837E+04
  7.5 6.22389E+04
  8.0 6.89711E+04
  8.5 5.18048E+05
  9.0 8.30013E+04
  9.5 5.83939E+05
 10.0 4.90940E+05
 10.5 3.85934E+04
 11.0 4.14051E+04
 11.5 6.68054E+04
 12.0 3.17587E+04
 12.5 2.95400E+04
 13.0 3.13187E+04
 13.5 3.31137E+04
 14.0 3.49249E+04
 14.5 3.67520E+04
 15.0 3.85949E+04
 15.5 4.04533E+04
 16.0 4.23267E+04
 16.5 4.42145E+04
 17.0 4.61151E+04
 17.5 4.80268E+04
 18.0 4.99464E+04
 18.5 5.18699E+04
 19.0 5.37923E+04
 19.5 5.57072E+04
 20.0 5.76072E+04
 20.5 5.94841E+04
 21.0 6.13289E+04
 21.5 6.31323E+04
 22.0 6.48847E+04
 22.5 6.65769E+04
 23.0 6.82000E+04
 23.5 6.97458E+04
 24.0 7.12069E+04
 24.5 7.25768E+04
 25.0 7.38504E+04
 25.5 7.50232E+04
 26.0 7.60922E+04
 26.5 7.70555E+04
 27.0 7.79120E+04
 27.5 7.86618E+04
 28.0 7.93057E+04
 28.5 7.98454E+04
 29.0 8.02833E+04
 29.5 8.06223E+04
 30.0 8.08657E+04
 30.5 8.10175E+04
 31.0 8.10816E+04
 31.5 8.10626E+04
 32.0 8.09646E+04
 32.5 8.07925E+04
 33.0 8.05508E+04
 33.5 8.02440E+04
 34.0 7.98767E+04
 34.5 7.94533E+04
 35.0 7.89782E+04
 35.5 7.84554E+04
 36.0 7.78890E+04
 36.5 7.72830E+04
 37.0 7.66408E+04
 37.5 7.59660E+04
 38.0 7.52619E+04
 38.5 7.45316E+04
 39.0 7.37780E+04
 39.5 7.30039E+04
 40.0 7.22118E+04
 40.5 7.14041E+04
 41.0 7.05829E+04
 41.5 6.97504E+04
 42.0 6.89085E+04
 42.5 6.80588E+04
 43.0 6.72030E+04
 43.5 6.63426E+04
 44.0 6.54790E+04
 44.5 6.46134E+04
 45.0 6.37468E+04
 45.5 6.28804E+04
 46.0 6.20151E+04
 46.5 6.11516E+04
 47.0 6.02908E+04
 47.5 5.94334E+04
 48.0 5.85799E+04
 48.5 5.77308E+04
 49.0 5.68868E+04
 49.5 5.60481E+04
 50.0 5.52152E+04
 50.5 5.43883E+04
 51.0 5.35678E+04
 51.5 5.27539E+04
 52.0 5.19468E+04
 52.5 5.11466E+04
 53.0 5.03535E+04
 53.5 4.95676E+04
 54.0 4.87889E+04
 54.5 4.80176E+04
 55.0 4.72537E+04
 55.5 4.64971E+04
 56.0 4.57478E+04
 56.5 4.50060E+04
 57.0 4.42714E+04
 57.5 4.35441E+04
 58.0 1.39657E+05
 58.5 4.21111E+04
 59.0 4.14053E+04
 59.5 2.10913E+05
 60.0 4.00146E+04
 60.5 3.93296E+04
 61.0 3.86512E+04
 61.5 3.79795E+04
 62.0 3.73143E+04
 62.5 3.66555E+04
 63.0 3.60030E+04
 63.5 3.53567E+04
 64.0 3.47165E+04
 64.5 3.40822E+04
 65.0 3.34538E+04
 65.5 3.28312E+04
 66.0 3.22141E+04
 66.5 3.16026E+04
 67.0 8.87312E+04
 67.5 3.03957E+04
 68.0 2.98000E+04
 68.5 2.92094E+04
 69.0 4.39006E+04
 69.5 2.71940E+04
 70.0 2.24959E+04
 70.5 2.21656E+04
 71.0 2.18311E+04
 71.5 2.14923E+04
 72.0 2.11496E+04
 72.5 2.08029E+04
 73.0 2.04526E+04
 73.5 2.00986E+04
 74.0 1.97412E+04
 74.5 1.93805E+04
 75.0 1.90165E+04
 75.5 1.86495E+04
 76.0 1.82795E+04
 76.5 1.79068E+04
 77.0 1.75313E+04
 77.5 1.71533E+04
 78.0 1.67729E+04
 78.5 1.63901E+04
 79.0 1.60052E+04
 79.5 1.56181E+04
 80.0 1.52291E+04
 80.5 1.48383E+04
 81.0 1.44457E+04
 81.5 1.40515E+04
 82.0 1.36558E+04
 82.5 1.32587E+04
 83.0 1.28603E+04
 83.5 1.24607E+04
 84.0 1.20600E+04
 84.5 1.16584E+04
 85.0 1.12558E+04
 85.5 1.08525E+04
 86.0 1.04485E+04
 86.5 1.00439E+04
 87.0 9.63879E+03
 87.5 9.23331E+03
 88.0 8.82753E+03
 88.5 8.42154E+03
 89.0 8.01542E+03
 89.5 7.60928E+03
 90.0 7.20321E+03
 90.5 6.79728E+03
 91.0 6.39159E+03
 91.5 5.98622E+03
 92.0 5.58126E+03
 92.5 5.17679E+03
 93.0 4.77289E+03
 93.5 4.36965E+03
 94.0 3.96715E+03
 94.5 3.56546E+03
 95.0 3.16468E+03
 95.5 2.76487E+03
 96.0 2.36612E+03
 96.5 1.96850E+03
 97.0 1.57209E+03
 97.5 1.17697E+03
 98.0 7.83205E+02
 98.5 3.90880E+02
 99.0 3.25359E+01
