099K08D0W2
  0.5 0.00000E+00
  1.0 0.00000E+00
  1.5 0.00000E+00
  2.0 0.00000E+00
  2.5 0.00000E+00
  3.0 0.00000E+00
  3.5 1.24410E+04
  4.0 1.71653E+04
  4.5 2.20808E+04
  5.0 2.71574E+04
  5.5 3.23825E+04
  6.0 3.77501E+04
  6.5 4.32570E+04
  7.0 4.89016E+04
  7.5 5.46834E+04
  8.0 6.06041E+04
  8.5 3.54769E+05
  9.0 7.28782E+04
  9.5 4.43334E+05
 10.0 3.74230E+05
 10.5 3.39135E+04
 11.0 3.63940E+04
 11.5 5.18872E+04
 12.0 2.79094E+04
 12.5 2.59594E+04
 13.0 2.75313E+04
 13.5 2.91154E+04
 14.0 3.07115E+04
 14.5 3.23192E+04
 15.0 3.39384E+04
 15.5 3.55687E+04
 16.0 3.72098E+04
 16.5 3.88612E+04
 17.0 4.05223E+04
 17.5 4.21921E+04
 18.0 4.38692E+04
 18.5 4.55516E+04
 19.0 4.72364E+04
 19.5 4.89201E+04
 20.0 5.05983E+04
 20.5 5.22657E+04
 21.0 5.39164E+04
 21.5 5.55437E+04
 22.0 5.71406E+04
 22.5 5.86997E+04
 23.0 6.02139E+04
 23.5 6.16757E+04
 24.0 6.30784E+04
 24.5 6.44157E+04
 25.0 6.56817E+04
 25.5 6.68714E+04
 26.0 6.79807E+04
 26.5 6.90061E+04
 27.0 6.99451E+04
 27.5 7.07961E+04
 28.0 7.15580E+04
 28.5 7.22307E+04
 29.0 7.28148E+04
 29.5 7.33114E+04
 30.0 7.37221E+04
 30.5 7.40490E+04
 31.0 7.42948E+04
 31.5 7.44623E+04
 32.0 7.45547E+04
 32.5 7.45753E+04
 33.0 7.45275E+04
 33.5 7.44150E+04
 34.0 7.42415E+04
 34.5 7.40105E+04
 35.0 7.37258E+04
 35.5 7.33909E+04
 36.0 7.30093E+04
 36.5 7.25844E+04
 37.0 7.21196E+04
 37.5 7.16180E+04
 38.0 7.10828E+04
 38.5 7.05168E+04
 39.0 6.99229E+04
 39.5 6.93037E+04
 40.0 6.86616E+04
 40.5 6.79990E+04
 41.0 6.73183E+04
 41.5 6.66213E+04
 42.0 6.59101E+04
 42.5 6.51866E+04
 43.0 6.44523E+04
 43.5 6.37089E+04
 44.0 6.29577E+04
 44.5 6.22003E+04
 45.0 6.14377E+04
 45.5 6.06712E+04
 46.0 5.99018E+04
 46.5 5.91304E+04
 47.0 5.83579E+04
 47.5 5.75852E+04
 48.0 5.68130E+04
 48.5 5.60419E+04
 49.0 5.52725E+04
 49.5 5.45054E+04
 50.0 5.37410E+04
 50.5 5.29799E+04
 51.0 5.22223E+04
 51.5 5.14686E+04
 52.0 5.07192E+04
 52.5 4.99743E+04
 53.0 4.92340E+04
 53.5 4.84988E+04
 54.0 4.77686E+04
 54.5 4.70436E+04
 55.0 4.63240E+04
 55.5 4.56099E+04
 56.0 4.49014E+04
 56.5 4.41984E+04
 57.0 4.35011E+04
 57.5 4.28094E+04
 58.0 1.36367E+05
 58.5 4.14431E+04
 59.0 4.07685E+04
 59.5 2.06015E+05
 60.0 3.94362E+04
 60.5 3.87784E+04
 61.0 3.81262E+04
 61.5 3.74795E+04
 62.0 3.68382E+04
 62.5 3.62023E+04
 63.0 3.55716E+04
 63.5 3.49463E+04
 64.0 3.43260E+04
 64.5 3.37109E+04
 65.0 3.31008E+04
 65.5 3.24956E+04
 66.0 3.18953E+04
 66.5 3.12998E+04
 67.0 8.73854E+04
 67.5 3.01227E+04
 68.0 2.95410E+04
 68.5 2.89638E+04
 69.0 4.34085E+04
 69.5 2.68896E+04
 70.0 2.17948E+04
 70.5 2.14954E+04
 71.0 2.11909E+04
 71.5 2.08813E+04
 72.0 2.05669E+04
 72.5 2.02476E+04
 73.0 1.99238E+04
 73.5 1.95956E+04
 74.0 1.92630E+04
 74.5 1.89263E+04
 75.0 1.85856E+04
 75.5 1.82410E+04
 76.0 1.78927E+04
 76.5 1.75408E+04
 77.0 1.71854E+04
 77.5 1.68268E+04
 78.0 1.64649E+04
 78.5 1.61001E+04
 79.0 1.57323E+04
 79.5 1.53618E+04
 80.0 1.49887E+04
 80.5 1.46130E+04
 81.0 1.42350E+04
 81.5 1.38547E+04
 82.0 1.34723E+04
 82.5 1.30879E+04
 83.0 1.27016E+04
 83.5 1.23135E+04
 84.0 1.19238E+04
 84.5 1.15326E+04
 85.0 1.11400E+04
 85.5 1.07461E+04
 86.0 1.03510E+04
 86.5 9.95482E+03
 87.0 9.55769E+03
 87.5 9.15971E+03
 88.0 8.76098E+03
 88.5 8.36161E+03
 89.0 7.96170E+03
 89.5 7.56136E+03
 90.0 7.16068E+03
 90.5 6.75977E+03
 91.0 6.35873E+03
 91.5 5.95765E+03
 92.0 5.55664E+03
 92.5 5.15577E+03
 93.0 4.75516E+03
 93.5 4.35489E+03
 94.0 3.95505E+03
 94.5 3.55574E+03
 95.0 3.15704E+03
 95.5 2.75905E+03
 96.0 2.36185E+03
 96.5 1.96552E+03
 97.0 1.57017E+03
 97.5 1.17585E+03
 98.0 7.82678E+02
 98.5 3.90718E+02
 99.0 3.25274E+01
