099K18D0W2
  0.5 0.00000E+00
  1.0 0.00000E+00
  1.5 0.00000E+00
  2.0 0.00000E+00
  2.5 0.00000E+00
  3.0 0.00000E+00
  3.5 3.62495E+04
  4.0 4.67632E+04
  4.5 5.78062E+04
  5.0 6.93841E+04
  5.5 8.15130E+04
  6.0 9.42215E+04
  6.5 1.07556E+05
  7.0 1.21586E+05
  7.5 1.36398E+05
  8.0 1.52054E+05
  8.5 2.66072E+06
  9.0 1.85679E+05
  9.5 1.88972E+06
 10.0 1.57573E+06
 10.5 8.41329E+04
 11.0 9.04644E+04
 11.5 2.79569E+05
 12.0 6.90943E+04
 12.5 6.42163E+04
 13.0 6.81531E+04
 13.5 7.21694E+04
 14.0 7.62577E+04
 14.5 8.04039E+04
 15.0 8.45878E+04
 15.5 8.87821E+04
 16.0 9.29543E+04
 16.5 9.70681E+04
 17.0 1.01084E+05
 17.5 1.04965E+05
 18.0 1.08673E+05
 18.5 1.12174E+05
 19.0 1.15440E+05
 19.5 1.18446E+05
 20.0 1.21175E+05
 20.5 1.23614E+05
 21.0 1.25755E+05
 21.5 1.27595E+05
 22.0 1.29138E+05
 22.5 1.30389E+05
 23.0 1.31357E+05
 23.5 1.32052E+05
 24.0 1.32490E+05
 24.5 1.32684E+05
 25.0 1.32651E+05
 25.5 1.32407E+05
 26.0 1.31967E+05
 26.5 1.31350E+05
 27.0 1.30570E+05
 27.5 1.29644E+05
 28.0 1.28586E+05
 28.5 1.27412E+05
 29.0 1.26133E+05
 29.5 1.24764E+05
 30.0 1.23315E+05
 30.5 1.21798E+05
 31.0 1.20222E+05
 31.5 1.18598E+05
 32.0 1.16934E+05
 32.5 1.15237E+05
 33.0 1.13515E+05
 33.5 1.11773E+05
 34.0 1.10019E+05
 34.5 1.08256E+05
 35.0 1.06490E+05
 35.5 1.04725E+05
 36.0 1.02965E+05
 36.5 1.01212E+05
 37.0 9.94696E+04
 37.5 9.77406E+04
 38.0 9.60269E+04
 38.5 9.43304E+04
 39.0 9.26529E+04
 39.5 9.09957E+04
 40.0 8.93599E+04
 40.5 8.77465E+04
 41.0 8.61564E+04
 41.5 8.45901E+04
 42.0 8.30483E+04
 42.5 8.15310E+04
 43.0 8.00389E+04
 43.5 7.85718E+04
 44.0 7.71299E+04
 44.5 7.57131E+04
 45.0 7.43214E+04
 45.5 7.29547E+04
 46.0 7.16125E+04
 46.5 7.02949E+04
 47.0 6.90014E+04
 47.5 6.77317E+04
 48.0 6.64855E+04
 48.5 6.52623E+04
 49.0 6.40618E+04
 49.5 6.28835E+04
 50.0 6.17270E+04
 50.5 6.05918E+04
 51.0 5.94775E+04
 51.5 5.83836E+04
 52.0 5.73096E+04
 52.5 5.62552E+04
 53.0 5.52197E+04
 53.5 5.42027E+04
 54.0 5.32038E+04
 54.5 5.22225E+04
 55.0 5.12584E+04
 55.5 5.03109E+04
 56.0 4.93796E+04
 56.5 4.84642E+04
 57.0 4.75641E+04
 57.5 4.66789E+04
 58.0 1.53839E+05
 58.5 4.49517E+04
 59.0 4.41088E+04
 59.5 2.31968E+05
 60.0 4.24625E+04
 60.5 4.16584E+04
 61.0 4.08665E+04
 61.5 4.00864E+04
 62.0 3.93177E+04
 62.5 3.85602E+04
 63.0 3.78136E+04
 63.5 3.70774E+04
 64.0 3.63513E+04
 64.5 3.56352E+04
 65.0 3.49286E+04
 65.5 3.42314E+04
 66.0 3.35432E+04
 66.5 3.28637E+04
 67.0 9.44046E+04
 67.5 3.15300E+04
 68.0 3.08753E+04
 68.5 3.02284E+04
 69.0 4.59586E+04
 69.5 2.84974E+04
 70.0 2.56455E+04
 70.5 2.51660E+04
 71.0 2.46874E+04
 71.5 2.42098E+04
 72.0 2.37332E+04
 72.5 2.32575E+04
 73.0 2.27828E+04
 73.5 2.23091E+04
 74.0 2.18365E+04
 74.5 2.13649E+04
 75.0 2.08944E+04
 75.5 2.04250E+04
 76.0 1.99567E+04
 76.5 1.94895E+04
 77.0 1.90234E+04
 77.5 1.85586E+04
 78.0 1.80949E+04
 78.5 1.76325E+04
 79.0 1.71712E+04
 79.5 1.67112E+04
 80.0 1.62525E+04
 80.5 1.57951E+04
 81.0 1.53389E+04
 81.5 1.48841E+04
 82.0 1.44307E+04
 82.5 1.39786E+04
 83.0 1.35279E+04
 83.5 1.30787E+04
 84.0 1.26308E+04
 84.5 1.21845E+04
 85.0 1.17396E+04
 85.5 1.12962E+04
 86.0 1.08544E+04
 86.5 1.04141E+04
 87.0 9.97547E+03
 87.5 9.53841E+03
 88.0 9.10298E+03
 88.5 8.66923E+03
 89.0 8.23717E+03
 89.5 7.80684E+03
 90.0 7.37826E+03
 90.5 6.95147E+03
 91.0 6.52649E+03
 91.5 6.10336E+03
 92.0 5.68210E+03
 92.5 5.26274E+03
 93.0 4.84533E+03
 93.5 4.42989E+03
 94.0 4.01646E+03
 94.5 3.60506E+03
 95.0 3.19574E+03
 95.5 2.78852E+03
 96.0 2.38345E+03
 96.5 1.98056E+03
 97.0 1.57989E+03
 97.5 1.18147E+03
 98.0 7.85338E+02
 98.5 3.91536E+02
 99.0 3.25701E+01
