099K19D0W2
  0.5 0.00000E+00
  1.0 0.00000E+00
  1.5 0.00000E+00
  2.0 0.00000E+00
  2.5 0.00000E+00
  3.0 0.00000E+00
  3.5 3.88004E+04
  4.0 4.99249E+04
  4.5 6.16254E+04
  5.0 7.39116E+04
  5.5 8.68052E+04
  6.0 1.00343E+05
  6.5 1.14585E+05
  7.0 1.29618E+05
  7.5 1.45537E+05
  8.0 1.62395E+05
  8.5 2.91437E+06
  9.0 1.98495E+05
  9.5 2.01847E+06
 10.0 1.68287E+06
 10.5 8.96868E+04
 11.0 9.64813E+04
 11.5 3.07128E+05
 12.0 7.36299E+04
 12.5 6.84213E+04
 13.0 7.26379E+04
 13.5 7.69404E+04
 14.0 8.13171E+04
 14.5 8.57481E+04
 15.0 9.02068E+04
 15.5 9.46588E+04
 16.0 9.90651E+04
 16.5 1.03383E+05
 17.0 1.07569E+05
 17.5 1.11582E+05
 18.0 1.15383E+05
 18.5 1.18937E+05
 19.0 1.22217E+05
 19.5 1.25201E+05
 20.0 1.27873E+05
 20.5 1.30224E+05
 21.0 1.32250E+05
 21.5 1.33953E+05
 22.0 1.35337E+05
 22.5 1.36414E+05
 23.0 1.37195E+05
 23.5 1.37694E+05
 24.0 1.37928E+05
 24.5 1.37915E+05
 25.0 1.37672E+05
 25.5 1.37218E+05
 26.0 1.36571E+05
 26.5 1.35748E+05
 27.0 1.34767E+05
 27.5 1.33645E+05
 28.0 1.32396E+05
 28.5 1.31037E+05
 29.0 1.29580E+05
 29.5 1.28038E+05
 30.0 1.26424E+05
 30.5 1.24749E+05
 31.0 1.23023E+05
 31.5 1.21254E+05
 32.0 1.19452E+05
 32.5 1.17624E+05
 33.0 1.15777E+05
 33.5 1.13918E+05
 34.0 1.12051E+05
 34.5 1.10182E+05
 35.0 1.08314E+05
 35.5 1.06454E+05
 36.0 1.04602E+05
 36.5 1.02763E+05
 37.0 1.00940E+05
 37.5 9.91334E+04
 38.0 9.73468E+04
 38.5 9.55814E+04
 39.0 9.38386E+04
 39.5 9.21196E+04
 40.0 9.04254E+04
 40.5 8.87568E+04
 41.0 8.71144E+04
 41.5 8.54987E+04
 42.0 8.39100E+04
 42.5 8.23486E+04
 43.0 8.08145E+04
 43.5 7.93078E+04
 44.0 7.78283E+04
 44.5 7.63760E+04
 45.0 7.49507E+04
 45.5 7.35521E+04
 46.0 7.21798E+04
 46.5 7.08336E+04
 47.0 6.95130E+04
 47.5 6.82177E+04
 48.0 6.69471E+04
 48.5 6.57009E+04
 49.0 6.44785E+04
 49.5 6.32794E+04
 50.0 6.21032E+04
 50.5 6.09494E+04
 51.0 5.98173E+04
 51.5 5.87066E+04
 52.0 5.76167E+04
 52.5 5.65470E+04
 53.0 5.54972E+04
 53.5 5.44665E+04
 54.0 5.34546E+04
 54.5 5.24610E+04
 55.0 5.14850E+04
 55.5 5.05264E+04
 56.0 4.95845E+04
 56.5 4.86590E+04
 57.0 4.77492E+04
 57.5 4.68549E+04
 58.0 1.54641E+05
 58.5 4.51107E+04
 59.0 4.42599E+04
 59.5 2.33158E+05
 60.0 4.25991E+04
 60.5 4.17881E+04
 61.0 4.09897E+04
 61.5 4.02035E+04
 62.0 3.94289E+04
 62.5 3.86658E+04
 63.0 3.79138E+04
 63.5 3.71726E+04
 64.0 3.64417E+04
 64.5 3.57209E+04
 65.0 3.50100E+04
 65.5 3.43085E+04
 66.0 3.36163E+04
 66.5 3.29331E+04
 67.0 9.47199E+04
 67.5 3.15924E+04
 68.0 3.09344E+04
 68.5 3.02843E+04
 69.0 4.60723E+04
 69.5 2.85709E+04
 70.0 2.58300E+04
 70.5 2.53413E+04
 71.0 2.48539E+04
 71.5 2.43678E+04
 72.0 2.38829E+04
 72.5 2.33994E+04
 73.0 2.29172E+04
 73.5 2.24363E+04
 74.0 2.19567E+04
 74.5 2.14785E+04
 75.0 2.10017E+04
 75.5 2.05262E+04
 76.0 2.00521E+04
 76.5 1.95793E+04
 77.0 1.91080E+04
 77.5 1.86381E+04
 78.0 1.81695E+04
 78.5 1.77024E+04
 79.0 1.72368E+04
 79.5 1.67726E+04
 80.0 1.63098E+04
 80.5 1.58486E+04
 81.0 1.53888E+04
 81.5 1.49306E+04
 82.0 1.44738E+04
 82.5 1.40186E+04
 83.0 1.35650E+04
 83.5 1.31129E+04
 84.0 1.26624E+04
 84.5 1.22135E+04
 85.0 1.17663E+04
 85.5 1.13207E+04
 86.0 1.08767E+04
 86.5 1.04345E+04
 87.0 9.99395E+03
 87.5 9.55513E+03
 88.0 9.11806E+03
 88.5 8.68277E+03
 89.0 8.24928E+03
 89.5 7.81762E+03
 90.0 7.38780E+03
 90.5 6.95987E+03
 91.0 6.53383E+03
 91.5 6.10972E+03
 92.0 5.68757E+03
 92.5 5.26740E+03
 93.0 4.84925E+03
 93.5 4.43315E+03
 94.0 4.01912E+03
 94.5 3.60720E+03
 95.0 3.19741E+03
 95.5 2.78980E+03
 96.0 2.38439E+03
 96.5 1.98121E+03
 97.0 1.58031E+03
 97.5 1.18171E+03
 98.0 7.85453E+02
 98.5 3.91571E+02
 99.0 3.25719E+01
