099K13D0W2
  0.5 0.00000E+00
  1.0 0.00000E+00
  1.5 0.00000E+00
  2.0 0.00000E+00
  2.5 0.00000E+00
  3.0 0.00000E+00
  3.5 2.39790E+04
  4.0 3.15485E+04
  4.5 3.94464E+04
  5.0 4.76626E+04
  5.5 5.61955E+04
  6.0 6.50488E+04
  6.5 7.42306E+04
  7.0 8.37560E+04
  7.5 9.36485E+04
  8.0 1.03942E+05
  8.5 1.38997E+06
  9.0 1.25865E+05
  9.5 1.18524E+06
 10.0 9.90065E+05
 10.5 5.79772E+04
 11.0 6.22186E+04
 11.5 1.48974E+05
 12.0 4.76798E+04
 12.5 4.43399E+04
 13.0 4.70038E+04
 13.5 4.97073E+04
 14.0 5.24508E+04
 14.5 5.52338E+04
 15.0 5.80547E+04
 15.5 6.09094E+04
 16.0 6.37919E+04
 16.5 6.66930E+04
 17.0 6.96004E+04
 17.5 7.24994E+04
 18.0 7.53725E+04
 18.5 7.82006E+04
 19.0 8.09637E+04
 19.5 8.36416E+04
 20.0 8.62147E+04
 20.5 8.86647E+04
 21.0 9.09752E+04
 21.5 9.31321E+04
 22.0 9.51237E+04
 22.5 9.69412E+04
 23.0 9.85782E+04
 23.5 1.00031E+05
 24.0 1.01298E+05
 24.5 1.02381E+05
 25.0 1.03282E+05
 25.5 1.04004E+05
 26.0 1.04555E+05
 26.5 1.04941E+05
 27.0 1.05170E+05
 27.5 1.05250E+05
 28.0 1.05189E+05
 28.5 1.04997E+05
 29.0 1.04683E+05
 29.5 1.04257E+05
 30.0 1.03726E+05
 30.5 1.03100E+05
 31.0 1.02387E+05
 31.5 1.01596E+05
 32.0 1.00734E+05
 32.5 9.98090E+04
 33.0 9.88276E+04
 33.5 9.77964E+04
 34.0 9.67218E+04
 34.5 9.56092E+04
 35.0 9.44641E+04
 35.5 9.32914E+04
 36.0 9.20956E+04
 36.5 9.08809E+04
 37.0 8.96511E+04
 37.5 8.84097E+04
 38.0 8.71599E+04
 38.5 8.59045E+04
 39.0 8.46462E+04
 39.5 8.33874E+04
 40.0 8.21301E+04
 40.5 8.08762E+04
 41.0 7.96275E+04
 41.5 7.83854E+04
 42.0 7.71514E+04
 42.5 7.59264E+04
 43.0 7.47117E+04
 43.5 7.35080E+04
 44.0 7.23162E+04
 44.5 7.11368E+04
 45.0 6.99706E+04
 45.5 6.88178E+04
 46.0 6.76790E+04
 46.5 6.65543E+04
 47.0 6.54441E+04
 47.5 6.43486E+04
 48.0 6.32677E+04
 48.5 6.22017E+04
 49.0 6.11505E+04
 49.5 6.01141E+04
 50.0 5.90924E+04
 50.5 5.80854E+04
 51.0 5.70930E+04
 51.5 5.61150E+04
 52.0 5.51513E+04
 52.5 5.42016E+04
 53.0 5.32658E+04
 53.5 5.23437E+04
 54.0 5.14351E+04
 54.5 5.05397E+04
 55.0 4.96573E+04
 55.5 4.87876E+04
 56.0 4.79304E+04
 56.5 4.70855E+04
 57.0 4.62526E+04
 57.5 4.54313E+04
 58.0 1.48168E+05
 58.5 4.38231E+04
 59.0 4.30355E+04
 59.5 2.23560E+05
 60.0 4.14922E+04
 60.5 4.07359E+04
 61.0 3.99896E+04
 61.5 3.92529E+04
 62.0 3.85257E+04
 62.5 3.78077E+04
 63.0 3.70987E+04
 63.5 3.63984E+04
 64.0 3.57066E+04
 64.5 3.50231E+04
 65.0 3.43476E+04
 65.5 3.36801E+04
 66.0 3.30201E+04
 66.5 3.23676E+04
 67.0 9.21599E+04
 67.5 3.10843E+04
 68.0 3.04530E+04
 68.5 2.98284E+04
 69.0 4.51474E+04
 69.5 2.79776E+04
 70.0 2.43611E+04
 70.5 2.39444E+04
 71.0 2.35263E+04
 71.5 2.31068E+04
 72.0 2.26861E+04
 72.5 2.22641E+04
 73.0 2.18411E+04
 73.5 2.14170E+04
 74.0 2.09920E+04
 74.5 2.05661E+04
 75.0 2.01395E+04
 75.5 1.97121E+04
 76.0 1.92841E+04
 76.5 1.88555E+04
 77.0 1.84265E+04
 77.5 1.79970E+04
 78.0 1.75672E+04
 78.5 1.71371E+04
 79.0 1.67068E+04
 79.5 1.62763E+04
 80.0 1.58457E+04
 80.5 1.54151E+04
 81.0 1.49846E+04
 81.5 1.45541E+04
 82.0 1.41239E+04
 82.5 1.36938E+04
 83.0 1.32640E+04
 83.5 1.28346E+04
 84.0 1.24056E+04
 84.5 1.19770E+04
 85.0 1.15490E+04
 85.5 1.11216E+04
 86.0 1.06947E+04
 86.5 1.02686E+04
 87.0 9.84324E+03
 87.5 9.41866E+03
 88.0 8.99495E+03
 88.5 8.57215E+03
 89.0 8.15032E+03
 89.5 7.72952E+03
 90.0 7.30979E+03
 90.5 6.89120E+03
 91.0 6.47379E+03
 91.5 6.05762E+03
 92.0 5.64275E+03
 92.5 5.22922E+03
 93.0 4.81710E+03
 93.5 4.40642E+03
 94.0 3.99726E+03
 94.5 3.58965E+03
 95.0 3.18366E+03
 95.5 2.77933E+03
 96.0 2.37672E+03
 96.5 1.97588E+03
 97.0 1.57686E+03
 97.5 1.17972E+03
 98.0 7.84511E+02
 98.5 3.91282E+02
 99.0 3.25568E+01
