099K10D0W2
  0.5 0.00000E+00
  1.0 0.00000E+00
  1.5 0.00000E+00
  2.0 0.00000E+00
  2.5 0.00000E+00
  3.0 0.00000E+00
  3.5 1.69660E+04
  4.0 2.28262E+04
  4.5 2.89229E+04
  5.0 3.52358E+04
  5.5 4.17570E+04
  6.0 4.84834E+04
  6.5 5.54148E+04
  7.0 6.25533E+04
  7.5 6.99039E+04
  8.0 7.74759E+04
  8.5 7.08558E+05
  9.0 9.33436E+04
  9.5 7.31655E+05
 10.0 6.13521E+05
 10.5 4.33347E+04
 11.0 4.64871E+04
 11.5 8.42822E+04
 12.0 3.56565E+04
 12.5 3.31648E+04
 13.0 3.51556E+04
 13.5 3.71675E+04
 14.0 3.92004E+04
 14.5 4.12542E+04
 15.0 4.33289E+04
 15.5 4.54241E+04
 16.0 4.75387E+04
 16.5 4.96714E+04
 17.0 5.18192E+04
 17.5 5.39785E+04
 18.0 5.61437E+04
 18.5 5.83080E+04
 19.0 6.04630E+04
 19.5 6.25990E+04
 20.0 6.47052E+04
 20.5 6.67703E+04
 21.0 6.87822E+04
 21.5 7.07294E+04
 22.0 7.26005E+04
 22.5 7.43849E+04
 23.0 7.60731E+04
 23.5 7.76568E+04
 24.0 7.91290E+04
 24.5 8.04841E+04
 25.0 8.17182E+04
 25.5 8.28283E+04
 26.0 8.38133E+04
 26.5 8.46730E+04
 27.0 8.54085E+04
 27.5 8.60218E+04
 28.0 8.65158E+04
 28.5 8.68941E+04
 29.0 8.71611E+04
 29.5 8.73213E+04
 30.0 8.73799E+04
 30.5 8.73421E+04
 31.0 8.72136E+04
 31.5 8.70000E+04
 32.0 8.67068E+04
 32.5 8.63396E+04
 33.0 8.59039E+04
 33.5 8.54051E+04
 34.0 8.48483E+04
 34.5 8.42386E+04
 35.0 8.35807E+04
 35.5 8.28791E+04
 36.0 8.21383E+04
 36.5 8.13624E+04
 37.0 8.05551E+04
 37.5 7.97201E+04
 38.0 7.88608E+04
 38.5 7.79803E+04
 39.0 7.70816E+04
 39.5 7.61675E+04
 40.0 7.52403E+04
 40.5 7.43025E+04
 41.0 7.33561E+04
 41.5 7.24032E+04
 42.0 7.14455E+04
 42.5 7.04847E+04
 43.0 6.95222E+04
 43.5 6.85595E+04
 44.0 6.75977E+04
 44.5 6.66379E+04
 45.0 6.56812E+04
 45.5 6.47284E+04
 46.0 6.37804E+04
 46.5 6.28377E+04
 47.0 6.19011E+04
 47.5 6.09711E+04
 48.0 6.00482E+04
 48.5 5.91328E+04
 49.0 5.82252E+04
 49.5 5.73258E+04
 50.0 5.64348E+04
 50.5 5.55524E+04
 51.0 5.46788E+04
 51.5 5.38141E+04
 52.0 5.29585E+04
 52.5 5.21119E+04
 53.0 5.12745E+04
 53.5 5.04462E+04
 54.0 4.96271E+04
 54.5 4.88170E+04
 55.0 4.80160E+04
 55.5 4.72241E+04
 56.0 4.64410E+04
 56.5 4.56669E+04
 57.0 4.49014E+04
 57.5 4.41446E+04
 58.0 1.42356E+05
 58.5 4.26565E+04
 59.0 4.19249E+04
 59.5 2.14928E+05
 60.0 4.04861E+04
 60.5 3.97785E+04
 61.0 3.90787E+04
 61.5 3.83864E+04
 62.0 3.77015E+04
 62.5 3.70240E+04
 63.0 3.63536E+04
 63.5 3.56901E+04
 64.0 3.50335E+04
 64.5 3.43836E+04
 65.0 3.37403E+04
 65.5 3.31033E+04
 66.0 3.24726E+04
 66.5 3.18480E+04
 67.0 8.98267E+04
 67.5 3.06167E+04
 68.0 3.00097E+04
 68.5 2.94082E+04
 69.0 4.43000E+04
 69.5 2.74430E+04
 70.0 2.30794E+04
 70.5 2.27227E+04
 71.0 2.23625E+04
 71.5 2.19990E+04
 72.0 2.16323E+04
 72.5 2.12625E+04
 73.0 2.08897E+04
 73.5 2.05140E+04
 74.0 2.01357E+04
 74.5 1.97548E+04
 75.0 1.93713E+04
 75.5 1.89855E+04
 76.0 1.85975E+04
 76.5 1.82073E+04
 77.0 1.78151E+04
 77.5 1.74210E+04
 78.0 1.70251E+04
 78.5 1.66275E+04
 79.0 1.62283E+04
 79.5 1.58276E+04
 80.0 1.54255E+04
 80.5 1.50221E+04
 81.0 1.46176E+04
 81.5 1.42119E+04
 82.0 1.38053E+04
 82.5 1.33977E+04
 83.0 1.29894E+04
 83.5 1.25803E+04
 84.0 1.21706E+04
 84.5 1.17604E+04
 85.0 1.13498E+04
 85.5 1.09388E+04
 86.0 1.05275E+04
 86.5 1.01160E+04
 87.0 9.70444E+03
 87.5 9.29286E+03
 88.0 8.88134E+03
 88.5 8.46997E+03
 89.0 8.05882E+03
 89.5 7.64798E+03
 90.0 7.23753E+03
 90.5 6.82753E+03
 91.0 6.41808E+03
 91.5 6.00924E+03
 92.0 5.60109E+03
 92.5 5.19371E+03
 93.0 4.78716E+03
 93.5 4.38152E+03
 94.0 3.97687E+03
 94.5 3.57328E+03
 95.0 3.17081E+03
 95.5 2.76955E+03
 96.0 2.36955E+03
 96.5 1.97089E+03
 97.0 1.57363E+03
 97.5 1.17786E+03
 98.0 7.83628E+02
 98.5 3.91010E+02
 99.0 3.25426E+01
