099K11D0W2
  0.5 0.00000E+00
  1.0 0.00000E+00
  1.5 0.00000E+00
  2.0 0.00000E+00
  2.5 0.00000E+00
  3.0 0.00000E+00
  3.5 1.92753E+04
  4.0 2.57028E+04
  4.5 3.23948E+04
  5.0 3.93346E+04
  5.5 4.65164E+04
  6.0 5.39390E+04
  6.5 6.16040E+04
  7.0 6.95169E+04
  7.5 7.76871E+04
  8.0 8.61303E+04
  8.5 9.20751E+05
  9.0 1.03924E+05
  9.5 8.82764E+05
 10.0 7.38928E+05
 10.5 4.81422E+04
 11.0 5.16458E+04
 11.5 1.04028E+05
 12.0 3.96065E+04
 12.5 3.68373E+04
 13.0 3.90460E+04
 13.5 4.12811E+04
 14.0 4.35430E+04
 14.5 4.58315E+04
 15.0 4.81465E+04
 15.5 5.04871E+04
 16.0 5.28513E+04
 16.5 5.52360E+04
 17.0 5.76363E+04
 17.5 6.00455E+04
 18.0 6.24549E+04
 18.5 6.48537E+04
 19.0 6.72300E+04
 19.5 6.95704E+04
 20.0 7.18605E+04
 20.5 7.40861E+04
 21.0 7.62329E+04
 21.5 7.82876E+04
 22.0 8.02378E+04
 22.5 8.20727E+04
 23.0 8.37828E+04
 23.5 8.53608E+04
 24.0 8.68008E+04
 24.5 8.80990E+04
 25.0 8.92531E+04
 25.5 9.02626E+04
 26.0 9.11282E+04
 26.5 9.18521E+04
 27.0 9.24375E+04
 27.5 9.28887E+04
 28.0 9.32106E+04
 28.5 9.34087E+04
 29.0 9.34891E+04
 29.5 9.34582E+04
 30.0 9.33226E+04
 30.5 9.30889E+04
 31.0 9.27639E+04
 31.5 9.23543E+04
 32.0 9.18665E+04
 32.5 9.13070E+04
 33.0 9.06819E+04
 33.5 8.99972E+04
 34.0 8.92585E+04
 34.5 8.84712E+04
 35.0 8.76403E+04
 35.5 8.67708E+04
 36.0 8.58669E+04
 36.5 8.49332E+04
 37.0 8.39733E+04
 37.5 8.29910E+04
 38.0 8.19897E+04
 38.5 8.09724E+04
 39.0 7.99421E+04
 39.5 7.89014E+04
 40.0 7.78528E+04
 40.5 7.67983E+04
 41.0 7.57401E+04
 41.5 7.46799E+04
 42.0 7.36195E+04
 42.5 7.25604E+04
 43.0 7.15037E+04
 43.5 7.04509E+04
 44.0 6.94029E+04
 44.5 6.83607E+04
 45.0 6.73252E+04
 45.5 6.62971E+04
 46.0 6.52771E+04
 46.5 6.42657E+04
 47.0 6.32635E+04
 47.5 6.22708E+04
 48.0 6.12880E+04
 48.5 6.03153E+04
 49.0 5.93532E+04
 49.5 5.84016E+04
 50.0 5.74608E+04
 50.5 5.65309E+04
 51.0 5.56119E+04
 51.5 5.47040E+04
 52.0 5.38070E+04
 52.5 5.29209E+04
 53.0 5.20458E+04
 53.5 5.11815E+04
 54.0 5.03280E+04
 54.5 4.94852E+04
 55.0 4.86529E+04
 55.5 4.78310E+04
 56.0 4.70194E+04
 56.5 4.62180E+04
 57.0 4.54265E+04
 57.5 4.46449E+04
 58.0 1.44611E+05
 58.5 4.31104E+04
 59.0 4.23571E+04
 59.5 2.18279E+05
 60.0 4.08779E+04
 60.5 4.01514E+04
 61.0 3.94336E+04
 61.5 3.87241E+04
 62.0 3.80229E+04
 62.5 3.73296E+04
 63.0 3.66442E+04
 63.5 3.59665E+04
 64.0 3.52962E+04
 64.5 3.46332E+04
 65.0 3.39774E+04
 65.5 3.33285E+04
 66.0 3.26865E+04
 66.5 3.20510E+04
 67.0 9.07360E+04
 67.5 3.07994E+04
 68.0 3.01830E+04
 68.5 2.95725E+04
 69.0 4.46308E+04
 69.5 2.76507E+04
 70.0 2.35726E+04
 70.5 2.31931E+04
 71.0 2.28109E+04
 71.5 2.24261E+04
 72.0 2.20388E+04
 72.5 2.16491E+04
 73.0 2.12572E+04
 73.5 2.08630E+04
 74.0 2.04668E+04
 74.5 2.00687E+04
 75.0 1.96687E+04
 75.5 1.92670E+04
 76.0 1.88636E+04
 76.5 1.84587E+04
 77.0 1.80523E+04
 77.5 1.76446E+04
 78.0 1.72356E+04
 78.5 1.68255E+04
 79.0 1.64142E+04
 79.5 1.60020E+04
 80.0 1.55890E+04
 80.5 1.51751E+04
 81.0 1.47604E+04
 81.5 1.43452E+04
 82.0 1.39294E+04
 82.5 1.35131E+04
 83.0 1.30965E+04
 83.5 1.26795E+04
 84.0 1.22623E+04
 84.5 1.18450E+04
 85.0 1.14276E+04
 85.5 1.10102E+04
 86.0 1.05928E+04
 86.5 1.01757E+04
 87.0 9.75870E+03
 87.5 9.34206E+03
 88.0 8.92578E+03
 88.5 8.50995E+03
 89.0 8.09463E+03
 89.5 7.67990E+03
 90.0 7.26583E+03
 90.5 6.85247E+03
 91.0 6.43991E+03
 91.5 6.02820E+03
 92.0 5.61742E+03
 92.5 5.20763E+03
 93.0 4.79890E+03
 93.5 4.39129E+03
 94.0 3.98487E+03
 94.5 3.57970E+03
 95.0 3.17585E+03
 95.5 2.77339E+03
 96.0 2.37236E+03
 96.5 1.97285E+03
 97.0 1.57490E+03
 97.5 1.17859E+03
 98.0 7.83975E+02
 98.5 3.91117E+02
 99.0 3.25482E+01
