100K06D0W2
  0.5 0.00000E+00
  1.0 0.00000E+00
  1.5 0.00000E+00
  2.0 0.00000E+00
  2.5 0.00000E+00
  3.0 0.00000E+00
  3.5 7.98578E+03
  4.0 1.15267E+04
  4.5 1.52340E+04
  5.0 1.90612E+04
  5.5 2.29888E+04
  6.0 2.70072E+04
  6.5 3.11111E+04
  7.0 3.52970E+04
  7.5 3.95624E+04
  8.0 4.39055E+04
  8.5 1.23198E+05
  9.0 5.28212E+04
  9.5 1.97812E+05
 10.0 1.70113E+05
 10.5 2.45490E+04
 11.0 2.63833E+04
 11.5 2.97294E+04
 12.0 2.02093E+04
 12.5 1.87967E+04
 13.0 1.99645E+04
 13.5 2.11384E+04
 14.0 2.23178E+04
 14.5 2.35026E+04
 15.0 2.46924E+04
 15.5 2.58868E+04
 16.0 2.70856E+04
 16.5 2.82884E+04
 17.0 2.94949E+04
 17.5 3.07047E+04
 18.0 3.19174E+04
 18.5 3.31325E+04
 19.0 3.43496E+04
 19.5 3.55679E+04
 20.0 3.67864E+04
 20.5 3.80041E+04
 21.0 3.92195E+04
 21.5 4.04309E+04
 22.0 4.16360E+04
 22.5 4.28323E+04
 23.0 4.40169E+04
 23.5 4.51867E+04
 24.0 4.63381E+04
 24.5 4.74675E+04
 25.0 4.85711E+04
 25.5 4.96450E+04
 26.0 5.06854E+04
 26.5 5.16887E+04
 27.0 5.26514E+04
 27.5 5.35702E+04
 28.0 5.44422E+04
 28.5 5.52650E+04
 29.0 5.60362E+04
 29.5 5.67541E+04
 30.0 5.74174E+04
 30.5 5.80250E+04
 31.0 5.85762E+04
 31.5 5.90710E+04
 32.0 5.95093E+04
 32.5 5.98917E+04
 33.0 6.02187E+04
 33.5 6.04915E+04
 34.0 6.07111E+04
 34.5 6.08790E+04
 35.0 6.09967E+04
 35.5 6.10659E+04
 36.0 6.10885E+04
 36.5 6.10664E+04
 37.0 6.10014E+04
 37.5 6.08956E+04
 38.0 6.07510E+04
 38.5 6.05696E+04
 39.0 6.03534E+04
 39.5 6.01044E+04
 40.0 5.98246E+04
 40.5 5.95159E+04
 41.0 5.91801E+04
 41.5 5.88191E+04
 42.0 5.84346E+04
 42.5 5.80282E+04
 43.0 5.76016E+04
 43.5 5.71564E+04
 44.0 5.66940E+04
 44.5 5.62158E+04
 45.0 5.57231E+04
 45.5 5.52173E+04
 46.0 5.46995E+04
 46.5 5.41707E+04
 47.0 5.36323E+04
 47.5 5.30850E+04
 48.0 5.25298E+04
 48.5 5.19676E+04
 49.0 5.13993E+04
 49.5 5.08256E+04
 50.0 5.02472E+04
 50.5 4.96647E+04
 51.0 4.90789E+04
 51.5 4.84903E+04
 52.0 4.78994E+04
 52.5 4.73066E+04
 53.0 4.67126E+04
 53.5 4.61176E+04
 54.0 4.55220E+04
 54.5 4.49263E+04
 55.0 4.43307E+04
 55.5 4.37356E+04
 56.0 4.31412E+04
 56.5 4.25477E+04
 57.0 4.19554E+04
 57.5 4.13644E+04
 58.0 1.31594E+05
 58.5 4.01874E+04
 59.0 3.96017E+04
 59.5 1.99758E+05
 60.0 3.84363E+04
 60.5 3.78569E+04
 61.0 3.72798E+04
 61.5 3.67051E+04
 62.0 3.61329E+04
 62.5 3.55632E+04
 63.0 3.49961E+04
 63.5 3.44317E+04
 64.0 3.38699E+04
 64.5 3.33108E+04
 65.0 3.27544E+04
 65.5 3.22007E+04
 66.0 3.16498E+04
 66.5 3.11016E+04
 67.0 8.67919E+04
 67.5 3.00135E+04
 68.0 2.94735E+04
 68.5 2.89364E+04
 69.0 4.33730E+04
 69.5 2.66477E+04
 70.0 2.01685E+04
 70.5 1.99603E+04
 71.0 1.97451E+04
 71.5 1.95228E+04
 72.0 1.92936E+04
 72.5 1.90577E+04
 73.0 1.88152E+04
 73.5 1.85662E+04
 74.0 1.83109E+04
 74.5 1.80495E+04
 75.0 1.77820E+04
 75.5 1.75086E+04
 76.0 1.72296E+04
 76.5 1.69449E+04
 77.0 1.66549E+04
 77.5 1.63596E+04
 78.0 1.60592E+04
 78.5 1.57538E+04
 79.0 1.54437E+04
 79.5 1.51289E+04
 80.0 1.48096E+04
 80.5 1.44860E+04
 81.0 1.41583E+04
 81.5 1.38265E+04
 82.0 1.34908E+04
 82.5 1.31514E+04
 83.0 1.28084E+04
 83.5 1.24620E+04
 84.0 1.21123E+04
 84.5 1.17595E+04
 85.0 1.14037E+04
 85.5 1.10451E+04
 86.0 1.06837E+04
 86.5 1.03198E+04
 87.0 9.95352E+03
 87.5 9.58491E+03
 88.0 9.21415E+03
 88.5 8.84139E+03
 89.0 8.46674E+03
 89.5 8.09035E+03
 90.0 7.71234E+03
 90.5 7.33285E+03
 91.0 6.95200E+03
 91.5 6.56991E+03
 92.0 6.18671E+03
 92.5 5.80252E+03
 93.0 5.41746E+03
 93.5 5.03166E+03
 94.0 4.64523E+03
 94.5 4.25829E+03
 95.0 3.87095E+03
 95.5 3.48332E+03
 96.0 3.09553E+03
 96.5 2.70768E+03
 97.0 2.31987E+03
 97.5 1.93222E+03
 98.0 1.54484E+03
 98.5 1.15782E+03
 99.0 7.71282E+02
 99.5 3.85318E+02
100.0 3.20923E+01
