100K16D0W2
  0.5 0.00000E+00
  1.0 0.00000E+00
  1.5 0.00000E+00
  2.0 0.00000E+00
  2.5 0.00000E+00
  3.0 0.00000E+00
  3.5 3.09647E+04
  4.0 4.02122E+04
  4.5 4.98985E+04
  5.0 6.00220E+04
  5.5 7.05896E+04
  6.0 8.16159E+04
  6.5 9.31258E+04
  7.0 1.05159E+05
  7.5 1.17773E+05
  8.0 1.31029E+05
  8.5 2.11965E+06
  9.0 1.59538E+05
  9.5 1.61079E+06
 10.0 1.34368E+06
 10.5 7.28356E+04
 11.0 7.82486E+04
 11.5 2.22117E+05
 12.0 5.98814E+04
 12.5 5.56783E+04
 13.0 5.90626E+04
 13.5 6.25110E+04
 14.0 6.60218E+04
 14.5 6.95899E+04
 15.0 7.32067E+04
 15.5 7.68580E+04
 16.0 8.05252E+04
 16.5 8.41850E+04
 17.0 8.78104E+04
 17.5 9.13722E+04
 18.0 9.48399E+04
 18.5 9.81835E+04
 19.0 1.01375E+05
 19.5 1.04388E+05
 20.0 1.07202E+05
 20.5 1.09796E+05
 21.0 1.12159E+05
 21.5 1.14279E+05
 22.0 1.16151E+05
 22.5 1.17772E+05
 23.0 1.19145E+05
 23.5 1.20272E+05
 24.0 1.21162E+05
 24.5 1.21823E+05
 25.0 1.22264E+05
 25.5 1.22498E+05
 26.0 1.22536E+05
 26.5 1.22392E+05
 27.0 1.22079E+05
 27.5 1.21609E+05
 28.0 1.20997E+05
 28.5 1.20254E+05
 29.0 1.19393E+05
 29.5 1.18426E+05
 30.0 1.17363E+05
 30.5 1.16217E+05
 31.0 1.14995E+05
 31.5 1.13709E+05
 32.0 1.12366E+05
 32.5 1.10975E+05
 33.0 1.09543E+05
 33.5 1.08076E+05
 34.0 1.06582E+05
 34.5 1.05066E+05
 35.0 1.03532E+05
 35.5 1.01987E+05
 36.0 1.00433E+05
 36.5 9.88759E+04
 37.0 9.73177E+04
 37.5 9.57619E+04
 38.0 9.42114E+04
 38.5 9.26684E+04
 39.0 9.11351E+04
 39.5 8.96136E+04
 40.0 8.81054E+04
 40.5 8.66119E+04
 41.0 8.51344E+04
 41.5 8.36738E+04
 42.0 8.22313E+04
 42.5 8.08074E+04
 43.0 7.94028E+04
 43.5 7.80179E+04
 44.0 7.66532E+04
 44.5 7.53089E+04
 45.0 7.39852E+04
 45.5 7.26823E+04
 46.0 7.14001E+04
 46.5 7.01388E+04
 47.0 6.88981E+04
 47.5 6.76780E+04
 48.0 6.64783E+04
 48.5 6.52988E+04
 49.0 6.41393E+04
 49.5 6.29995E+04
 50.0 6.18792E+04
 50.5 6.07781E+04
 51.0 5.96957E+04
 51.5 5.86318E+04
 52.0 5.75861E+04
 52.5 5.65581E+04
 53.0 5.55476E+04
 53.5 5.45541E+04
 54.0 5.35773E+04
 54.5 5.26167E+04
 55.0 5.16721E+04
 55.5 5.07430E+04
 56.0 4.98291E+04
 56.5 4.89299E+04
 57.0 4.80452E+04
 57.5 4.71746E+04
 58.0 1.58437E+05
 58.5 4.54739E+04
 59.0 4.46432E+04
 59.5 2.39859E+05
 60.0 4.30194E+04
 60.5 4.22256E+04
 61.0 4.14434E+04
 61.5 4.06726E+04
 62.0 3.99127E+04
 62.5 3.91635E+04
 63.0 3.84247E+04
 63.5 3.76959E+04
 64.0 3.69770E+04
 64.5 3.62677E+04
 65.0 3.55675E+04
 65.5 3.48764E+04
 66.0 3.41941E+04
 66.5 3.35202E+04
 67.0 9.77883E+04
 67.5 3.21970E+04
 68.0 3.15472E+04
 68.5 3.09050E+04
 69.0 4.73714E+04
 69.5 2.90956E+04
 70.0 2.58228E+04
 70.5 2.53689E+04
 71.0 2.49150E+04
 71.5 2.44612E+04
 72.0 2.40076E+04
 72.5 2.35541E+04
 73.0 2.31010E+04
 73.5 2.26481E+04
 74.0 2.21955E+04
 74.5 2.17433E+04
 75.0 2.12916E+04
 75.5 2.08402E+04
 76.0 2.03894E+04
 76.5 1.99390E+04
 77.0 1.94893E+04
 77.5 1.90401E+04
 78.0 1.85915E+04
 78.5 1.81436E+04
 79.0 1.76964E+04
 79.5 1.72500E+04
 80.0 1.68043E+04
 80.5 1.63594E+04
 81.0 1.59154E+04
 81.5 1.54722E+04
 82.0 1.50299E+04
 82.5 1.45886E+04
 83.0 1.41482E+04
 83.5 1.37088E+04
 84.0 1.32705E+04
 84.5 1.28332E+04
 85.0 1.23971E+04
 85.5 1.19620E+04
 86.0 1.15282E+04
 86.5 1.10956E+04
 87.0 1.06642E+04
 87.5 1.02340E+04
 88.0 9.80521E+03
 88.5 9.37773E+03
 89.0 8.95163E+03
 89.5 8.52695E+03
 90.0 8.10371E+03
 90.5 7.68196E+03
 91.0 7.26173E+03
 91.5 6.84305E+03
 92.0 6.42597E+03
 92.5 6.01051E+03
 93.0 5.59672E+03
 93.5 5.18464E+03
 94.0 4.77430E+03
 94.5 4.36573E+03
 95.0 3.95899E+03
 95.5 3.55410E+03
 96.0 3.15110E+03
 96.5 2.75004E+03
 97.0 2.35095E+03
 97.5 1.95387E+03
 98.0 1.55885E+03
 98.5 1.16592E+03
 99.0 7.75120E+02
 99.5 3.86499E+02
100.0 3.21539E+01
