100K15D0W2
  0.5 0.00000E+00
  1.0 0.00000E+00
  1.5 0.00000E+00
  2.0 0.00000E+00
  2.5 0.00000E+00
  3.0 0.00000E+00
  3.5 2.85320E+04
  4.0 3.71961E+04
  4.5 4.62593E+04
  5.0 5.57170E+04
  5.5 6.55727E+04
  6.0 7.58365E+04
  6.5 8.65263E+04
  7.0 9.76715E+04
  7.5 1.09316E+05
  8.0 1.21512E+05
  8.5 1.86338E+06
  9.0 1.47685E+05
  9.5 1.46840E+06
 10.0 1.22532E+06
 10.5 6.76534E+04
 11.0 7.26526E+04
 11.5 1.95926E+05
 12.0 5.56358E+04
 12.5 5.17366E+04
 13.0 5.48685E+04
 13.5 5.80559E+04
 14.0 6.12984E+04
 14.5 6.45935E+04
 15.0 6.79356E+04
 15.5 7.13154E+04
 16.0 7.47195E+04
 16.5 7.81301E+04
 17.0 8.15258E+04
 17.5 8.48825E+04
 18.0 8.81740E+04
 18.5 9.13738E+04
 19.0 9.44556E+04
 19.5 9.73947E+04
 20.0 1.00169E+05
 20.5 1.02759E+05
 21.0 1.05149E+05
 21.5 1.07327E+05
 22.0 1.09285E+05
 22.5 1.11017E+05
 23.0 1.12521E+05
 23.5 1.13799E+05
 24.0 1.14854E+05
 24.5 1.15691E+05
 25.0 1.16320E+05
 25.5 1.16748E+05
 26.0 1.16986E+05
 26.5 1.17044E+05
 27.0 1.16934E+05
 27.5 1.16668E+05
 28.0 1.16257E+05
 28.5 1.15712E+05
 29.0 1.15047E+05
 29.5 1.14270E+05
 30.0 1.13394E+05
 30.5 1.12427E+05
 31.0 1.11380E+05
 31.5 1.10263E+05
 32.0 1.09082E+05
 32.5 1.07847E+05
 33.0 1.06565E+05
 33.5 1.05243E+05
 34.0 1.03886E+05
 34.5 1.02502E+05
 35.0 1.01094E+05
 35.5 9.96686E+04
 36.0 9.82295E+04
 36.5 9.67810E+04
 37.0 9.53266E+04
 37.5 9.38696E+04
 38.0 9.24130E+04
 38.5 9.09593E+04
 39.0 8.95110E+04
 39.5 8.80701E+04
 40.0 8.66386E+04
 40.5 8.52179E+04
 41.0 8.38095E+04
 41.5 8.24146E+04
 42.0 8.10344E+04
 42.5 7.96696E+04
 43.0 7.83212E+04
 43.5 7.69897E+04
 44.0 7.56756E+04
 44.5 7.43793E+04
 45.0 7.31013E+04
 45.5 7.18417E+04
 46.0 7.06007E+04
 46.5 6.93784E+04
 47.0 6.81748E+04
 47.5 6.69900E+04
 48.0 6.58238E+04
 48.5 6.46761E+04
 49.0 6.35468E+04
 49.5 6.24358E+04
 50.0 6.13428E+04
 50.5 6.02676E+04
 51.0 5.92099E+04
 51.5 5.81695E+04
 52.0 5.71461E+04
 52.5 5.61394E+04
 53.0 5.51490E+04
 53.5 5.41747E+04
 54.0 5.32162E+04
 54.5 5.22731E+04
 55.0 5.13450E+04
 55.5 5.04317E+04
 56.0 4.95328E+04
 56.5 4.86480E+04
 57.0 4.77769E+04
 57.5 4.69192E+04
 58.0 1.57239E+05
 58.5 4.52426E+04
 59.0 4.44232E+04
 59.5 2.38077E+05
 60.0 4.28203E+04
 60.5 4.20362E+04
 61.0 4.12632E+04
 61.5 4.05012E+04
 62.0 3.97497E+04
 62.5 3.90086E+04
 63.0 3.82774E+04
 63.5 3.75560E+04
 64.0 3.68440E+04
 64.5 3.61413E+04
 65.0 3.54475E+04
 65.5 3.47625E+04
 66.0 3.40858E+04
 66.5 3.34175E+04
 67.0 9.73128E+04
 67.5 3.21045E+04
 68.0 3.14595E+04
 68.5 3.08218E+04
 69.0 4.72005E+04
 69.5 2.89874E+04
 70.0 2.55556E+04
 70.5 2.51144E+04
 71.0 2.46728E+04
 71.5 2.42308E+04
 72.0 2.37886E+04
 72.5 2.33462E+04
 73.0 2.29035E+04
 73.5 2.24608E+04
 74.0 2.20180E+04
 74.5 2.15751E+04
 75.0 2.11324E+04
 75.5 2.06896E+04
 76.0 2.02471E+04
 76.5 1.98047E+04
 77.0 1.93625E+04
 77.5 1.89206E+04
 78.0 1.84790E+04
 78.5 1.80378E+04
 79.0 1.75970E+04
 79.5 1.71566E+04
 80.0 1.67168E+04
 80.5 1.62774E+04
 81.0 1.58387E+04
 81.5 1.54006E+04
 82.0 1.49631E+04
 82.5 1.45264E+04
 83.0 1.40903E+04
 83.5 1.36551E+04
 84.0 1.32207E+04
 84.5 1.27872E+04
 85.0 1.23546E+04
 85.5 1.19229E+04
 86.0 1.14923E+04
 86.5 1.10626E+04
 87.0 1.06340E+04
 87.5 1.02066E+04
 88.0 9.78027E+03
 88.5 9.35515E+03
 89.0 8.93125E+03
 89.5 8.50863E+03
 90.0 8.08733E+03
 90.5 7.66737E+03
 91.0 7.24881E+03
 91.5 6.83168E+03
 92.0 6.41602E+03
 92.5 6.00188E+03
 93.0 5.58930E+03
 93.5 5.17831E+03
 94.0 4.76897E+03
 94.5 4.36130E+03
 95.0 3.95536E+03
 95.5 3.55119E+03
 96.0 3.14882E+03
 96.5 2.74830E+03
 97.0 2.34968E+03
 97.5 1.95299E+03
 98.0 1.55828E+03
 98.5 1.16559E+03
 99.0 7.74964E+02
 99.5 3.86451E+02
100.0 3.21514E+01
