100K11D0W2
  0.5 0.00000E+00
  1.0 0.00000E+00
  1.5 0.00000E+00
  2.0 0.00000E+00
  2.5 0.00000E+00
  3.0 0.00000E+00
  3.5 1.90898E+04
  4.0 2.54706E+04
  4.5 3.21145E+04
  5.0 3.90047E+04
  5.5 4.61352E+04
  6.0 5.35044E+04
  6.5 6.11141E+04
  7.0 6.89689E+04
  7.5 7.70780E+04
  8.0 8.54562E+04
  8.5 8.97172E+05
  9.0 1.03105E+05
  9.5 8.70228E+05
 10.0 7.28545E+05
 10.5 4.78045E+04
 11.0 5.12878E+04
 11.5 1.01866E+05
 12.0 3.93451E+04
 12.5 3.65995E+04
 13.0 3.87981E+04
 13.5 4.10233E+04
 14.0 4.32754E+04
 14.5 4.55544E+04
 15.0 4.78601E+04
 15.5 5.01918E+04
 16.0 5.25480E+04
 16.5 5.49257E+04
 17.0 5.73205E+04
 17.5 5.97262E+04
 18.0 6.21345E+04
 18.5 6.45354E+04
 19.0 6.69172E+04
 19.5 6.92669E+04
 20.0 7.15706E+04
 20.5 7.38141E+04
 21.0 7.59832E+04
 21.5 7.80645E+04
 22.0 8.00453E+04
 22.5 8.19146E+04
 23.0 8.36625E+04
 23.5 8.52812E+04
 24.0 8.67645E+04
 24.5 8.81079E+04
 25.0 8.93088E+04
 25.5 9.03659E+04
 26.0 9.12798E+04
 26.5 9.20520E+04
 27.0 9.26855E+04
 27.5 9.31841E+04
 28.0 9.35525E+04
 28.5 9.37958E+04
 29.0 9.39200E+04
 29.5 9.39312E+04
 30.0 9.38359E+04
 30.5 9.36407E+04
 31.0 9.33521E+04
 31.5 9.29769E+04
 32.0 9.25214E+04
 32.5 9.19921E+04
 33.0 9.13953E+04
 33.5 9.07367E+04
 34.0 9.00220E+04
 34.5 8.92569E+04
 35.0 8.84464E+04
 35.5 8.75952E+04
 36.0 8.67082E+04
 36.5 8.57895E+04
 37.0 8.48430E+04
 37.5 8.38727E+04
 38.0 8.28819E+04
 38.5 8.18739E+04
 39.0 8.08515E+04
 39.5 7.98176E+04
 40.0 7.87745E+04
 40.5 7.77247E+04
 41.0 7.66701E+04
 41.5 7.56128E+04
 42.0 7.45543E+04
 42.5 7.34963E+04
 43.0 7.24402E+04
 43.5 7.13873E+04
 44.0 7.03386E+04
 44.5 6.92952E+04
 45.0 6.82580E+04
 45.5 6.72278E+04
 46.0 6.62053E+04
 46.5 6.51911E+04
 47.0 6.41857E+04
 47.5 6.31896E+04
 48.0 6.22031E+04
 48.5 6.12267E+04
 49.0 6.02605E+04
 49.5 5.93048E+04
 50.0 5.83597E+04
 50.5 5.74255E+04
 51.0 5.65021E+04
 51.5 5.55896E+04
 52.0 5.46881E+04
 52.5 5.37975E+04
 53.0 5.29179E+04
 53.5 5.20491E+04
 54.0 5.11911E+04
 54.5 5.03438E+04
 55.0 4.95071E+04
 55.5 4.86809E+04
 56.0 4.78651E+04
 56.5 4.70595E+04
 57.0 4.62639E+04
 57.5 4.54783E+04
 58.0 1.50511E+05
 58.5 4.39361E+04
 59.0 4.31792E+04
 59.5 2.28053E+05
 60.0 4.16928E+04
 60.5 4.09631E+04
 61.0 4.02420E+04
 61.5 3.95294E+04
 62.0 3.88252E+04
 62.5 3.81291E+04
 63.0 3.74409E+04
 63.5 3.67605E+04
 64.0 3.60878E+04
 64.5 3.54225E+04
 65.0 3.47644E+04
 65.5 3.41134E+04
 66.0 3.34694E+04
 66.5 3.28320E+04
 67.0 9.46175E+04
 67.5 3.15770E+04
 68.0 3.09590E+04
 68.5 3.03471E+04
 69.0 4.62283E+04
 69.5 2.83783E+04
 70.0 2.40803E+04
 70.5 2.37077E+04
 71.0 2.33323E+04
 71.5 2.29543E+04
 72.0 2.25737E+04
 72.5 2.21907E+04
 73.0 2.18053E+04
 73.5 2.14177E+04
 74.0 2.10280E+04
 74.5 2.06363E+04
 75.0 2.02426E+04
 75.5 1.98472E+04
 76.0 1.94500E+04
 76.5 1.90513E+04
 77.0 1.86510E+04
 77.5 1.82493E+04
 78.0 1.78462E+04
 78.5 1.74420E+04
 79.0 1.70366E+04
 79.5 1.66301E+04
 80.0 1.62226E+04
 80.5 1.58143E+04
 81.0 1.54052E+04
 81.5 1.49953E+04
 82.0 1.45848E+04
 82.5 1.41738E+04
 83.0 1.37623E+04
 83.5 1.33504E+04
 84.0 1.29382E+04
 84.5 1.25257E+04
 85.0 1.21131E+04
 85.5 1.17003E+04
 86.0 1.12876E+04
 86.5 1.08749E+04
 87.0 1.04623E+04
 87.5 1.00500E+04
 88.0 9.63788E+03
 88.5 9.22612E+03
 89.0 8.81478E+03
 89.5 8.40390E+03
 90.0 7.99357E+03
 90.5 7.58385E+03
 91.0 7.17480E+03
 91.5 6.76650E+03
 92.0 6.35900E+03
 92.5 5.95237E+03
 93.0 5.54668E+03
 93.5 5.14198E+03
 94.0 4.73835E+03
 94.5 4.33584E+03
 95.0 3.93452E+03
 95.5 3.53445E+03
 96.0 3.13569E+03
 96.5 2.73831E+03
 97.0 2.34235E+03
 97.5 1.94789E+03
 98.0 1.55498E+03
 98.5 1.16368E+03
 99.0 7.74062E+02
 99.5 3.86174E+02
100.0 3.21370E+01
