100K17D0W2
  0.5 0.00000E+00
  1.0 0.00000E+00
  1.5 0.00000E+00
  2.0 0.00000E+00
  2.5 0.00000E+00
  3.0 0.00000E+00
  3.5 3.34282E+04
  4.0 4.32659E+04
  4.5 5.35841E+04
  5.0 6.43847E+04
  5.5 7.56782E+04
  6.0 8.74850E+04
  6.5 9.98386E+04
  7.0 1.12792E+05
  7.5 1.26414E+05
  8.0 1.40774E+05
  8.5 2.37697E+06
  9.0 1.71681E+05
  9.5 1.74925E+06
 10.0 1.45882E+06
 10.5 7.81189E+04
 11.0 8.39610E+04
 11.5 2.48919E+05
 12.0 6.42065E+04
 12.5 5.96921E+04
 13.0 6.33374E+04
 13.5 6.70551E+04
 14.0 7.08416E+04
 14.5 7.46887E+04
 15.0 7.85830E+04
 15.5 8.25050E+04
 16.0 8.64302E+04
 16.5 9.03292E+04
 17.0 9.41694E+04
 17.5 9.79168E+04
 18.0 1.01537E+05
 18.5 1.04998E+05
 19.0 1.08270E+05
 19.5 1.11328E+05
 20.0 1.14150E+05
 20.5 1.16719E+05
 21.0 1.19024E+05
 21.5 1.21058E+05
 22.0 1.22819E+05
 22.5 1.24307E+05
 23.0 1.25528E+05
 23.5 1.26488E+05
 24.0 1.27198E+05
 24.5 1.27668E+05
 25.0 1.27913E+05
 25.5 1.27945E+05
 26.0 1.27779E+05
 26.5 1.27430E+05
 27.0 1.26912E+05
 27.5 1.26240E+05
 28.0 1.25428E+05
 28.5 1.24490E+05
 29.0 1.23438E+05
 29.5 1.22285E+05
 30.0 1.21043E+05
 30.5 1.19722E+05
 31.0 1.18333E+05
 31.5 1.16886E+05
 32.0 1.15388E+05
 32.5 1.13848E+05
 33.0 1.12274E+05
 33.5 1.10672E+05
 34.0 1.09048E+05
 34.5 1.07409E+05
 35.0 1.05758E+05
 35.5 1.04100E+05
 36.0 1.02440E+05
 36.5 1.00781E+05
 37.0 9.91270E+04
 37.5 9.74798E+04
 38.0 9.58424E+04
 38.5 9.42170E+04
 39.0 9.26057E+04
 39.5 9.10099E+04
 40.0 8.94313E+04
 40.5 8.78711E+04
 41.0 8.63302E+04
 41.5 8.48097E+04
 42.0 8.33103E+04
 42.5 8.18324E+04
 43.0 8.03765E+04
 43.5 7.89431E+04
 44.0 7.75323E+04
 44.5 7.61444E+04
 45.0 7.47793E+04
 45.5 7.34371E+04
 46.0 7.21176E+04
 46.5 7.08208E+04
 47.0 6.95466E+04
 47.5 6.82946E+04
 48.0 6.70646E+04
 48.5 6.58565E+04
 49.0 6.46697E+04
 49.5 6.35040E+04
 50.0 6.23591E+04
 50.5 6.12346E+04
 51.0 6.01300E+04
 51.5 5.90450E+04
 52.0 5.79792E+04
 52.5 5.69322E+04
 53.0 5.59035E+04
 53.5 5.48927E+04
 54.0 5.38995E+04
 54.5 5.29233E+04
 55.0 5.19639E+04
 55.5 5.10207E+04
 56.0 5.00933E+04
 56.5 4.91813E+04
 57.0 4.82844E+04
 57.5 4.74021E+04
 58.0 1.59506E+05
 58.5 4.56799E+04
 59.0 4.48392E+04
 59.5 2.41449E+05
 60.0 4.31967E+04
 60.5 4.23942E+04
 61.0 4.16038E+04
 61.5 4.08250E+04
 62.0 4.00576E+04
 62.5 3.93013E+04
 63.0 3.85556E+04
 63.5 3.78204E+04
 64.0 3.70953E+04
 64.5 3.63800E+04
 65.0 3.56742E+04
 65.5 3.49777E+04
 66.0 3.42902E+04
 66.5 3.36115E+04
 67.0 9.82113E+04
 67.5 3.22791E+04
 68.0 3.16251E+04
 68.5 3.09788E+04
 69.0 4.75234E+04
 69.5 2.91921E+04
 70.0 2.60625E+04
 70.5 2.55970E+04
 71.0 2.51320E+04
 71.5 2.46675E+04
 72.0 2.42036E+04
 72.5 2.37403E+04
 73.0 2.32776E+04
 73.5 2.28156E+04
 74.0 2.23542E+04
 74.5 2.18936E+04
 75.0 2.14338E+04
 75.5 2.09747E+04
 76.0 2.05164E+04
 76.5 2.00590E+04
 77.0 1.96024E+04
 77.5 1.91467E+04
 78.0 1.86919E+04
 78.5 1.82380E+04
 79.0 1.77851E+04
 79.5 1.73332E+04
 80.0 1.68823E+04
 80.5 1.64324E+04
 81.0 1.59837E+04
 81.5 1.55359E+04
 82.0 1.50894E+04
 82.5 1.46439E+04
 83.0 1.41997E+04
 83.5 1.37566E+04
 84.0 1.33147E+04
 84.5 1.28741E+04
 85.0 1.24348E+04
 85.5 1.19968E+04
 86.0 1.15601E+04
 86.5 1.11248E+04
 87.0 1.06909E+04
 87.5 1.02584E+04
 88.0 9.82735E+03
 88.5 9.39778E+03
 89.0 8.96972E+03
 89.5 8.54320E+03
 90.0 8.11825E+03
 90.5 7.69490E+03
 91.0 7.27319E+03
 91.5 6.85314E+03
 92.0 6.43479E+03
 92.5 6.01817E+03
 93.0 5.60331E+03
 93.5 5.19025E+03
 94.0 4.77902E+03
 94.5 4.36966E+03
 95.0 3.96220E+03
 95.5 3.55667E+03
 96.0 3.15312E+03
 96.5 2.75157E+03
 97.0 2.35207E+03
 97.5 1.95465E+03
 98.0 1.55935E+03
 98.5 1.16621E+03
 99.0 7.75258E+02
 99.5 3.86541E+02
100.0 3.21561E+01
