101K09D0W2
  0.5 0.00000E+00
  1.0 0.00000E+00
  1.5 0.00000E+00
  2.0 0.00000E+00
  2.5 0.00000E+00
  3.0 0.00000E+00
  3.5 1.43955E+04
  4.0 1.96124E+04
  4.5 2.50399E+04
  5.0 3.06528E+04
  5.5 3.64408E+04
  6.0 4.23992E+04
  6.5 4.85258E+04
  7.0 5.48202E+04
  7.5 6.12839E+04
  8.0 6.79208E+04
  8.5 4.84302E+05
  9.0 8.17457E+04
  9.5 5.60801E+05
 10.0 4.71815E+05
 10.5 3.80608E+04
 11.0 4.08424E+04
 11.5 6.39810E+04
 12.0 3.13454E+04
 12.5 2.91636E+04
 13.0 3.09272E+04
 13.5 3.27076E+04
 14.0 3.45045E+04
 14.5 3.63177E+04
 15.0 3.81472E+04
 15.5 3.99927E+04
 16.0 4.18539E+04
 16.5 4.37302E+04
 17.0 4.56206E+04
 17.5 4.75233E+04
 18.0 4.94361E+04
 18.5 5.13553E+04
 19.0 5.32766E+04
 19.5 5.51942E+04
 20.0 5.71014E+04
 20.5 5.89905E+04
 21.0 6.08531E+04
 21.5 6.26801E+04
 22.0 6.44622E+04
 22.5 6.61902E+04
 23.0 6.78552E+04
 23.5 6.94486E+04
 24.0 7.09627E+04
 24.5 7.23907E+04
 25.0 7.37267E+04
 25.5 7.49657E+04
 26.0 7.61042E+04
 26.5 7.71393E+04
 27.0 7.80696E+04
 27.5 7.88944E+04
 28.0 7.96139E+04
 28.5 8.02292E+04
 29.0 8.07423E+04
 29.5 8.11555E+04
 30.0 8.14717E+04
 30.5 8.16946E+04
 31.0 8.18278E+04
 31.5 8.18755E+04
 32.0 8.18418E+04
 32.5 8.17312E+04
 33.0 8.15482E+04
 33.5 8.12972E+04
 34.0 8.09827E+04
 34.5 8.06092E+04
 35.0 8.01809E+04
 35.5 7.97020E+04
 36.0 7.91766E+04
 36.5 7.86085E+04
 37.0 7.80016E+04
 37.5 7.73594E+04
 38.0 7.66852E+04
 38.5 7.59824E+04
 39.0 7.52538E+04
 39.5 7.45024E+04
 40.0 7.37307E+04
 40.5 7.29414E+04
 41.0 7.21367E+04
 41.5 7.13188E+04
 42.0 7.04897E+04
 42.5 6.96512E+04
 43.0 6.88052E+04
 43.5 6.79530E+04
 44.0 6.70963E+04
 44.5 6.62363E+04
 45.0 6.53743E+04
 45.5 6.45114E+04
 46.0 6.36486E+04
 46.5 6.27867E+04
 47.0 6.19267E+04
 47.5 6.10693E+04
 48.0 6.02153E+04
 48.5 5.93650E+04
 49.0 5.85192E+04
 49.5 5.76783E+04
 50.0 5.68427E+04
 50.5 5.60128E+04
 51.0 5.51889E+04
 51.5 5.43713E+04
 52.0 5.35602E+04
 52.5 5.27559E+04
 53.0 5.19585E+04
 53.5 5.11682E+04
 54.0 5.03850E+04
 54.5 4.96090E+04
 55.0 4.88404E+04
 55.5 4.80791E+04
 56.0 4.73252E+04
 56.5 4.65786E+04
 57.0 4.58394E+04
 57.5 4.51075E+04
 58.0 1.50735E+05
 58.5 4.36657E+04
 59.0 4.29555E+04
 59.5 2.29347E+05
 60.0 4.15565E+04
 60.5 4.08674E+04
 61.0 4.01853E+04
 61.5 3.95099E+04
 62.0 3.88411E+04
 62.5 3.81790E+04
 63.0 3.75233E+04
 63.5 3.68739E+04
 64.0 3.62308E+04
 64.5 3.55939E+04
 65.0 3.49630E+04
 65.5 3.43379E+04
 66.0 3.37187E+04
 66.5 3.31052E+04
 67.0 9.61992E+04
 67.5 3.18947E+04
 68.0 3.12976E+04
 68.5 3.07057E+04
 69.0 4.69872E+04
 69.5 2.85841E+04
 70.0 2.33739E+04
 70.5 2.30600E+04
 71.0 2.27417E+04
 71.5 2.24191E+04
 72.0 2.20925E+04
 72.5 2.17618E+04
 73.0 2.14272E+04
 73.5 2.10890E+04
 74.0 2.07471E+04
 74.5 2.04018E+04
 75.0 2.00531E+04
 75.5 1.97013E+04
 76.0 1.93463E+04
 76.5 1.89884E+04
 77.0 1.86276E+04
 77.5 1.82642E+04
 78.0 1.78981E+04
 78.5 1.75295E+04
 79.0 1.71586E+04
 79.5 1.67854E+04
 80.0 1.64101E+04
 80.5 1.60327E+04
 81.0 1.56535E+04
 81.5 1.52724E+04
 82.0 1.48896E+04
 82.5 1.45052E+04
 83.0 1.41193E+04
 83.5 1.37320E+04
 84.0 1.33434E+04
 84.5 1.29537E+04
 85.0 1.25628E+04
 85.5 1.21709E+04
 86.0 1.17781E+04
 86.5 1.13846E+04
 87.0 1.09902E+04
 87.5 1.05953E+04
 88.0 1.01998E+04
 88.5 9.80393E+03
 89.0 9.40766E+03
 89.5 9.01111E+03
 90.0 8.61437E+03
 90.5 8.21753E+03
 91.0 7.82067E+03
 91.5 7.42387E+03
 92.0 7.02722E+03
 92.5 6.63079E+03
 93.0 6.23467E+03
 93.5 5.83893E+03
 94.0 5.44366E+03
 94.5 5.04892E+03
 95.0 4.65480E+03
 95.5 4.26136E+03
 96.0 3.86870E+03
 96.5 3.47687E+03
 97.0 3.08596E+03
 97.5 2.69603E+03
 98.0 2.30715E+03
 98.5 1.91941E+03
 99.0 1.53286E+03
 99.5 1.14759E+03
100.0 7.63648E+02
100.5 3.81118E+02
101.0 3.17233E+01
