101K14D0W2
  0.5 0.00000E+00
  1.0 0.00000E+00
  1.5 0.00000E+00
  2.0 0.00000E+00
  2.5 0.00000E+00
  3.0 0.00000E+00
  3.5 2.58899E+04
  4.0 3.39179E+04
  4.5 4.23050E+04
  5.0 5.10433E+04
  5.5 6.01334E+04
  6.0 6.95809E+04
  6.5 7.93974E+04
  7.0 8.96027E+04
  7.5 1.00227E+05
  8.0 1.11313E+05
  8.5 1.58171E+06
  9.0 1.35015E+05
  9.5 1.31116E+06
 10.0 1.09464E+06
 10.5 6.21231E+04
 11.0 6.66938E+04
 11.5 1.67606E+05
 12.0 5.11224E+04
 12.5 4.75517E+04
 13.0 5.04246E+04
 13.5 5.33449E+04
 14.0 5.63130E+04
 14.5 5.93281E+04
 15.0 6.23877E+04
 15.5 6.54865E+04
 16.0 6.86163E+04
 16.5 7.17652E+04
 17.0 7.49181E+04
 17.5 7.80566E+04
 18.0 8.11600E+04
 18.5 8.42060E+04
 19.0 8.71717E+04
 19.5 9.00342E+04
 20.0 9.27721E+04
 20.5 9.53658E+04
 21.0 9.77979E+04
 21.5 1.00054E+05
 22.0 1.02123E+05
 22.5 1.03996E+05
 23.0 1.05668E+05
 23.5 1.07136E+05
 24.0 1.08400E+05
 24.5 1.09463E+05
 25.0 1.10328E+05
 25.5 1.11002E+05
 26.0 1.11492E+05
 26.5 1.11805E+05
 27.0 1.11952E+05
 27.5 1.11942E+05
 28.0 1.11784E+05
 28.5 1.11490E+05
 29.0 1.11068E+05
 29.5 1.10530E+05
 30.0 1.09885E+05
 30.5 1.09143E+05
 31.0 1.08313E+05
 31.5 1.07403E+05
 32.0 1.06422E+05
 32.5 1.05378E+05
 33.0 1.04278E+05
 33.5 1.03129E+05
 34.0 1.01938E+05
 34.5 1.00711E+05
 35.0 9.94523E+04
 35.5 9.81681E+04
 36.0 9.68629E+04
 36.5 9.55410E+04
 37.0 9.42061E+04
 37.5 9.28619E+04
 38.0 9.15117E+04
 38.5 9.01583E+04
 39.0 8.88045E+04
 39.5 8.74524E+04
 40.0 8.61045E+04
 40.5 8.47624E+04
 41.0 8.34278E+04
 41.5 8.21023E+04
 42.0 8.07872E+04
 42.5 7.94836E+04
 43.0 7.81925E+04
 43.5 7.69147E+04
 44.0 7.56511E+04
 44.5 7.44021E+04
 45.0 7.31684E+04
 45.5 7.19503E+04
 46.0 7.07482E+04
 46.5 6.95623E+04
 47.0 6.83928E+04
 47.5 6.72399E+04
 48.0 6.61036E+04
 48.5 6.49839E+04
 49.0 6.38808E+04
 49.5 6.27943E+04
 50.0 6.17242E+04
 50.5 6.06704E+04
 51.0 5.96328E+04
 51.5 5.86112E+04
 52.0 5.76054E+04
 52.5 5.66152E+04
 53.0 5.56402E+04
 53.5 5.46804E+04
 54.0 5.37353E+04
 54.5 5.28048E+04
 55.0 5.18886E+04
 55.5 5.09864E+04
 56.0 5.00979E+04
 56.5 4.92228E+04
 57.0 4.83609E+04
 57.5 4.75118E+04
 58.0 1.62248E+05
 58.5 4.58509E+04
 59.0 4.50386E+04
 59.5 2.46578E+05
 60.0 4.34487E+04
 60.5 4.26705E+04
 61.0 4.19032E+04
 61.5 4.11465E+04
 62.0 4.04000E+04
 62.5 3.96636E+04
 63.0 3.89369E+04
 63.5 3.82198E+04
 64.0 3.75118E+04
 64.5 3.68130E+04
 65.0 3.61228E+04
 65.5 3.54413E+04
 66.0 3.47680E+04
 66.5 3.41028E+04
 67.0 1.00867E+05
 67.5 3.27959E+04
 68.0 3.21536E+04
 68.5 3.15187E+04
 69.0 4.86682E+04
 69.5 2.96141E+04
 70.0 2.58170E+04
 70.5 2.53951E+04
 71.0 2.49722E+04
 71.5 2.45484E+04
 72.0 2.41239E+04
 72.5 2.36986E+04
 73.0 2.32726E+04
 73.5 2.28460E+04
 74.0 2.24189E+04
 74.5 2.19913E+04
 75.0 2.15633E+04
 75.5 2.11349E+04
 76.0 2.07062E+04
 76.5 2.02773E+04
 77.0 1.98482E+04
 77.5 1.94190E+04
 78.0 1.89897E+04
 78.5 1.85604E+04
 79.0 1.81312E+04
 79.5 1.77020E+04
 80.0 1.72730E+04
 80.5 1.68441E+04
 81.0 1.64155E+04
 81.5 1.59872E+04
 82.0 1.55592E+04
 82.5 1.51317E+04
 83.0 1.47045E+04
 83.5 1.42779E+04
 84.0 1.38517E+04
 84.5 1.34262E+04
 85.0 1.30013E+04
 85.5 1.25770E+04
 86.0 1.21535E+04
 86.5 1.17307E+04
 87.0 1.13087E+04
 87.5 1.08876E+04
 88.0 1.04673E+04
 88.5 1.00481E+04
 89.0 9.62975E+03
 89.5 9.21248E+03
 90.0 8.79628E+03
 90.5 8.38119E+03
 91.0 7.96726E+03
 91.5 7.55454E+03
 92.0 7.14306E+03
 92.5 6.73288E+03
 93.0 6.32403E+03
 93.5 5.91656E+03
 94.0 5.51052E+03
 94.5 5.10594E+03
 95.0 4.70287E+03
 95.5 4.30136E+03
 96.0 3.90145E+03
 96.5 3.50318E+03
 97.0 3.10661E+03
 97.5 2.71176E+03
 98.0 2.31869E+03
 98.5 1.92744E+03
 99.0 1.53806E+03
 99.5 1.15059E+03
100.0 7.65070E+02
100.5 3.81555E+02
101.0 3.17461E+01
