101K18D0W2
  0.5 0.00000E+00
  1.0 0.00000E+00
  1.5 0.00000E+00
  2.0 0.00000E+00
  2.5 0.00000E+00
  3.0 0.00000E+00
  3.5 3.56054E+04
  4.0 4.59636E+04
  4.5 5.68421E+04
  5.0 6.82453E+04
  5.5 8.01876E+04
  6.0 9.26947E+04
  6.5 1.05808E+05
  7.0 1.19593E+05
  7.5 1.34132E+05
  8.0 1.49494E+05
  8.5 2.60642E+06
  9.0 1.82570E+05
  9.5 1.87715E+06
 10.0 1.56515E+06
 10.5 8.28998E+04
 11.0 8.91417E+04
 11.5 2.72760E+05
 12.0 6.81466E+04
 12.5 6.33573E+04
 13.0 6.72500E+04
 13.5 7.12239E+04
 14.0 7.52734E+04
 14.5 7.93871E+04
 15.0 8.35477E+04
 15.5 8.77309E+04
 16.0 9.19070E+04
 16.5 9.60418E+04
 17.0 1.00098E+05
 17.5 1.04038E+05
 18.0 1.07824E+05
 18.5 1.11422E+05
 19.0 1.14802E+05
 19.5 1.17937E+05
 20.0 1.20808E+05
 20.5 1.23398E+05
 21.0 1.25699E+05
 21.5 1.27704E+05
 22.0 1.29415E+05
 22.5 1.30834E+05
 23.0 1.31969E+05
 23.5 1.32829E+05
 24.0 1.33427E+05
 24.5 1.33776E+05
 25.0 1.33890E+05
 25.5 1.33786E+05
 26.0 1.33480E+05
 26.5 1.32987E+05
 27.0 1.32324E+05
 27.5 1.31505E+05
 28.0 1.30547E+05
 28.5 1.29463E+05
 29.0 1.28267E+05
 29.5 1.26972E+05
 30.0 1.25591E+05
 30.5 1.24133E+05
 31.0 1.22611E+05
 31.5 1.21033E+05
 32.0 1.19409E+05
 32.5 1.17746E+05
 33.0 1.16053E+05
 33.5 1.14335E+05
 34.0 1.12599E+05
 34.5 1.10851E+05
 35.0 1.09096E+05
 35.5 1.07337E+05
 36.0 1.05580E+05
 36.5 1.03827E+05
 37.0 1.02082E+05
 37.5 1.00348E+05
 38.0 9.86266E+04
 38.5 9.69204E+04
 39.0 9.52312E+04
 39.5 9.35606E+04
 40.0 9.19099E+04
 40.5 9.02803E+04
 41.0 8.86728E+04
 41.5 8.70881E+04
 42.0 8.55269E+04
 42.5 8.39897E+04
 43.0 8.24768E+04
 43.5 8.09884E+04
 44.0 7.95249E+04
 44.5 7.80861E+04
 45.0 7.66722E+04
 45.5 7.52830E+04
 46.0 7.39184E+04
 46.5 7.25782E+04
 47.0 7.12621E+04
 47.5 6.99700E+04
 48.0 6.87014E+04
 48.5 6.74561E+04
 49.0 6.62335E+04
 49.5 6.50336E+04
 50.0 6.38556E+04
 50.5 6.26993E+04
 51.0 6.15641E+04
 51.5 6.04498E+04
 52.0 5.93558E+04
 52.5 5.82816E+04
 53.0 5.72268E+04
 53.5 5.61910E+04
 54.0 5.51737E+04
 54.5 5.41744E+04
 55.0 5.31927E+04
 55.5 5.22281E+04
 56.0 5.12802E+04
 56.5 5.03485E+04
 57.0 4.94327E+04
 57.5 4.85322E+04
 58.0 1.67180E+05
 58.5 4.67758E+04
 59.0 4.59191E+04
 59.5 2.53941E+05
 60.0 4.42464E+04
 60.5 4.34298E+04
 61.0 4.26258E+04
 61.5 4.18340E+04
 62.0 4.10542E+04
 62.5 4.02859E+04
 63.0 3.95289E+04
 63.5 3.87828E+04
 64.0 3.80472E+04
 64.5 3.73219E+04
 65.0 3.66067E+04
 65.5 3.59011E+04
 66.0 3.52049E+04
 66.5 3.45179E+04
 67.0 1.02830E+05
 67.5 3.31701E+04
 68.0 3.25089E+04
 68.5 3.18558E+04
 69.0 4.93703E+04
 69.5 3.00532E+04
 70.0 2.69011E+04
 70.5 2.64284E+04
 71.0 2.59566E+04
 71.5 2.54857E+04
 72.0 2.50158E+04
 72.5 2.45468E+04
 73.0 2.40788E+04
 73.5 2.36118E+04
 74.0 2.31459E+04
 74.5 2.26809E+04
 75.0 2.22170E+04
 75.5 2.17542E+04
 76.0 2.12924E+04
 76.5 2.08318E+04
 77.0 2.03722E+04
 77.5 1.99138E+04
 78.0 1.94566E+04
 78.5 1.90005E+04
 79.0 1.85455E+04
 79.5 1.80918E+04
 80.0 1.76393E+04
 80.5 1.71880E+04
 81.0 1.67380E+04
 81.5 1.62892E+04
 82.0 1.58417E+04
 82.5 1.53955E+04
 83.0 1.49506E+04
 83.5 1.45070E+04
 84.0 1.40648E+04
 84.5 1.36240E+04
 85.0 1.31846E+04
 85.5 1.27465E+04
 86.0 1.23099E+04
 86.5 1.18748E+04
 87.0 1.14411E+04
 87.5 1.10090E+04
 88.0 1.05783E+04
 88.5 1.01492E+04
 89.0 9.72168E+03
 89.5 9.29574E+03
 90.0 8.87140E+03
 90.5 8.44870E+03
 91.0 8.02767E+03
 91.5 7.60833E+03
 92.0 7.19070E+03
 92.5 6.77482E+03
 93.0 6.36071E+03
 93.5 5.94840E+03
 94.0 5.53791E+03
 94.5 5.12928E+03
 95.0 4.72254E+03
 95.5 4.31771E+03
 96.0 3.91483E+03
 96.5 3.51392E+03
 97.0 3.11502E+03
 97.5 2.71817E+03
 98.0 2.32338E+03
 98.5 1.93071E+03
 99.0 1.54017E+03
 99.5 1.15180E+03
100.0 7.65647E+02
100.5 3.81733E+02
101.0 3.17553E+01
