101K16D0W2
  0.5 0.00000E+00
  1.0 0.00000E+00
  1.5 0.00000E+00
  2.0 0.00000E+00
  2.5 0.00000E+00
  3.0 0.00000E+00
  3.5 3.06863E+04
  4.0 3.98662E+04
  4.5 4.94815E+04
  5.0 5.95303E+04
  5.5 7.00187E+04
  6.0 8.09607E+04
  6.5 9.23799E+04
  7.0 1.04314E+05
  7.5 1.16818E+05
  8.0 1.29954E+05
  8.5 2.09079E+06
  9.0 1.58215E+05
  9.5 1.60162E+06
 10.0 1.33602E+06
 10.5 7.23123E+04
 11.0 7.76886E+04
 11.5 2.18853E+05
 12.0 5.94780E+04
 12.5 5.53120E+04
 13.0 5.86782E+04
 13.5 6.21086E+04
 14.0 6.56020E+04
 14.5 6.91542E+04
 15.0 7.27572E+04
 15.5 7.63983E+04
 16.0 8.00598E+04
 16.5 8.37196E+04
 17.0 8.73516E+04
 17.5 9.09274E+04
 18.0 9.44169E+04
 18.5 9.77904E+04
 19.0 1.01019E+05
 19.5 1.04078E+05
 20.0 1.06943E+05
 20.5 1.09596E+05
 21.0 1.12021E+05
 21.5 1.14208E+05
 22.0 1.16149E+05
 22.5 1.17843E+05
 23.0 1.19289E+05
 23.5 1.20490E+05
 24.0 1.21453E+05
 24.5 1.22185E+05
 25.0 1.22696E+05
 25.5 1.22997E+05
 26.0 1.23101E+05
 26.5 1.23019E+05
 27.0 1.22764E+05
 27.5 1.22351E+05
 28.0 1.21790E+05
 28.5 1.21096E+05
 29.0 1.20279E+05
 29.5 1.19354E+05
 30.0 1.18329E+05
 30.5 1.17217E+05
 31.0 1.16026E+05
 31.5 1.14768E+05
 32.0 1.13450E+05
 32.5 1.12081E+05
 33.0 1.10668E+05
 33.5 1.09219E+05
 34.0 1.07739E+05
 34.5 1.06235E+05
 35.0 1.04712E+05
 35.5 1.03174E+05
 36.0 1.01627E+05
 36.5 1.00074E+05
 37.0 9.85191E+04
 37.5 9.69649E+04
 38.0 9.54146E+04
 38.5 9.38708E+04
 39.0 9.23355E+04
 39.5 9.08110E+04
 40.0 8.92989E+04
 40.5 8.78007E+04
 41.0 8.63177E+04
 41.5 8.48511E+04
 42.0 8.34020E+04
 42.5 8.19709E+04
 43.0 8.05586E+04
 43.5 7.91658E+04
 44.0 7.77928E+04
 44.5 7.64399E+04
 45.0 7.51074E+04
 45.5 7.37954E+04
 46.0 7.25041E+04
 46.5 7.12335E+04
 47.0 6.99834E+04
 47.5 6.87539E+04
 48.0 6.75447E+04
 48.5 6.63559E+04
 49.0 6.51870E+04
 49.5 6.40378E+04
 50.0 6.29082E+04
 50.5 6.17978E+04
 51.0 6.07064E+04
 51.5 5.96335E+04
 52.0 5.85789E+04
 52.5 5.75423E+04
 53.0 5.65231E+04
 53.5 5.55212E+04
 54.0 5.45361E+04
 54.5 5.35675E+04
 55.0 5.26150E+04
 55.5 5.16782E+04
 56.0 5.07567E+04
 56.5 4.98502E+04
 57.0 4.89584E+04
 57.5 4.80808E+04
 58.0 1.64995E+05
 58.5 4.63668E+04
 59.0 4.55298E+04
 59.5 2.50680E+05
 60.0 4.38939E+04
 60.5 4.30943E+04
 61.0 4.23066E+04
 61.5 4.15303E+04
 62.0 4.07653E+04
 62.5 4.00111E+04
 63.0 3.92675E+04
 63.5 3.85343E+04
 64.0 3.78110E+04
 64.5 3.70974E+04
 65.0 3.63932E+04
 65.5 3.56983E+04
 66.0 3.50122E+04
 66.5 3.43348E+04
 67.0 1.01963E+05
 67.5 3.30051E+04
 68.0 3.23523E+04
 68.5 3.17072E+04
 69.0 4.90605E+04
 69.5 2.98588E+04
 70.0 2.64179E+04
 70.5 2.59681E+04
 71.0 2.55183E+04
 71.5 2.50686E+04
 72.0 2.46190E+04
 72.5 2.41696E+04
 73.0 2.37204E+04
 73.5 2.32716E+04
 74.0 2.28230E+04
 74.5 2.23747E+04
 75.0 2.19268E+04
 75.5 2.14794E+04
 76.0 2.10324E+04
 76.5 2.05859E+04
 77.0 2.01400E+04
 77.5 1.96946E+04
 78.0 1.92498E+04
 78.5 1.88056E+04
 79.0 1.83621E+04
 79.5 1.79193E+04
 80.0 1.74772E+04
 80.5 1.70359E+04
 81.0 1.65954E+04
 81.5 1.61557E+04
 82.0 1.57168E+04
 82.5 1.52789E+04
 83.0 1.48419E+04
 83.5 1.44058E+04
 84.0 1.39707E+04
 84.5 1.35367E+04
 85.0 1.31037E+04
 85.5 1.26717E+04
 86.0 1.22409E+04
 86.5 1.18112E+04
 87.0 1.13827E+04
 87.5 1.09555E+04
 88.0 1.05294E+04
 88.5 1.01046E+04
 89.0 9.68118E+03
 89.5 9.25905E+03
 90.0 8.83831E+03
 90.5 8.41897E+03
 91.0 8.00107E+03
 91.5 7.58465E+03
 92.0 7.16973E+03
 92.5 6.75636E+03
 93.0 6.34457E+03
 93.5 5.93439E+03
 94.0 5.52586E+03
 94.5 5.11901E+03
 95.0 4.71389E+03
 95.5 4.31052E+03
 96.0 3.90895E+03
 96.5 3.50920E+03
 97.0 3.11132E+03
 97.5 2.71535E+03
 98.0 2.32132E+03
 98.5 1.92927E+03
 99.0 1.53924E+03
 99.5 1.15127E+03
100.0 7.65394E+02
100.5 3.81655E+02
101.0 3.17513E+01
