101K13D0W2
  0.5 0.00000E+00
  1.0 0.00000E+00
  1.5 0.00000E+00
  2.0 0.00000E+00
  2.5 0.00000E+00
  3.0 0.00000E+00
  3.5 2.35349E+04
  4.0 3.09948E+04
  4.5 3.87789E+04
  5.0 4.68767E+04
  5.5 5.52859E+04
  6.0 6.40095E+04
  6.5 7.30548E+04
  7.0 8.24350E+04
  7.5 9.21714E+04
  8.0 1.02295E+05
  8.5 1.33514E+06
  9.0 1.23842E+05
  9.5 1.16140E+06
 10.0 9.70267E+05
 10.5 5.71613E+04
 11.0 6.13503E+04
 11.5 1.43513E+05
 12.0 4.70491E+04
 12.5 4.37666E+04
 13.0 4.64046E+04
 13.5 4.90822E+04
 14.0 5.18002E+04
 14.5 5.45584E+04
 15.0 5.73556E+04
 15.5 6.01890E+04
 16.0 6.30536E+04
 16.5 6.59415E+04
 17.0 6.88421E+04
 17.5 7.17420E+04
 18.0 7.46251E+04
 18.5 7.74735E+04
 19.0 8.02678E+04
 19.5 8.29884E+04
 20.0 8.56156E+04
 20.5 8.81308E+04
 21.0 9.05170E+04
 21.5 9.27590E+04
 22.0 9.48444E+04
 22.5 9.67627E+04
 23.0 9.85063E+04
 23.5 1.00070E+05
 24.0 1.01452E+05
 24.5 1.02651E+05
 25.0 1.03668E+05
 25.5 1.04507E+05
 26.0 1.05173E+05
 26.5 1.05671E+05
 27.0 1.06010E+05
 27.5 1.06195E+05
 28.0 1.06236E+05
 28.5 1.06141E+05
 29.0 1.05919E+05
 29.5 1.05579E+05
 30.0 1.05130E+05
 30.5 1.04581E+05
 31.0 1.03939E+05
 31.5 1.03214E+05
 32.0 1.02413E+05
 32.5 1.01543E+05
 33.0 1.00613E+05
 33.5 9.96275E+04
 34.0 9.85942E+04
 34.5 9.75188E+04
 35.0 9.64066E+04
 35.5 9.52630E+04
 36.0 9.40925E+04
 36.5 9.28997E+04
 37.0 9.16885E+04
 37.5 9.04626E+04
 38.0 8.92255E+04
 38.5 8.79802E+04
 39.0 8.67295E+04
 39.5 8.54759E+04
 40.0 8.42218E+04
 40.5 8.29693E+04
 41.0 8.17200E+04
 41.5 8.04759E+04
 42.0 7.92382E+04
 42.5 7.80084E+04
 43.0 7.67876E+04
 43.5 7.55768E+04
 44.0 7.43768E+04
 44.5 7.31885E+04
 45.0 7.20124E+04
 45.5 7.08493E+04
 46.0 6.96994E+04
 46.5 6.85634E+04
 47.0 6.74412E+04
 47.5 6.63334E+04
 48.0 6.52400E+04
 48.5 6.41612E+04
 49.0 6.30971E+04
 49.5 6.20476E+04
 50.0 6.10128E+04
 50.5 5.99926E+04
 51.0 5.89870E+04
 51.5 5.79959E+04
 52.0 5.70191E+04
 52.5 5.60565E+04
 53.0 5.51079E+04
 53.5 5.41731E+04
 54.0 5.32520E+04
 54.5 5.23443E+04
 55.0 5.14499E+04
 55.5 5.05683E+04
 56.0 4.96996E+04
 56.5 4.88433E+04
 57.0 4.79994E+04
 57.5 4.71674E+04
 58.0 1.60590E+05
 58.5 4.55384E+04
 59.0 4.47409E+04
 59.5 2.44099E+05
 60.0 4.31787E+04
 60.5 4.24135E+04
 61.0 4.16585E+04
 61.5 4.09135E+04
 62.0 4.01782E+04
 62.5 3.94525E+04
 63.0 3.87361E+04
 63.5 3.80287E+04
 64.0 3.73301E+04
 64.5 3.66401E+04
 65.0 3.59584E+04
 65.5 3.52850E+04
 66.0 3.46194E+04
 66.5 3.39616E+04
 67.0 1.00203E+05
 67.5 3.26685E+04
 68.0 3.20327E+04
 68.5 3.14038E+04
 69.0 4.84298E+04
 69.5 2.94662E+04
 70.0 2.54575E+04
 70.5 2.50520E+04
 71.0 2.46450E+04
 71.5 2.42366E+04
 72.0 2.38269E+04
 72.5 2.34158E+04
 73.0 2.30036E+04
 73.5 2.25902E+04
 74.0 2.21759E+04
 74.5 2.17605E+04
 75.0 2.13443E+04
 75.5 2.09273E+04
 76.0 2.05096E+04
 76.5 2.00912E+04
 77.0 1.96722E+04
 77.5 1.92526E+04
 78.0 1.88326E+04
 78.5 1.84122E+04
 79.0 1.79915E+04
 79.5 1.75705E+04
 80.0 1.71493E+04
 80.5 1.67280E+04
 81.0 1.63066E+04
 81.5 1.58851E+04
 82.0 1.54637E+04
 82.5 1.50423E+04
 83.0 1.46212E+04
 83.5 1.42002E+04
 84.0 1.37795E+04
 84.5 1.33591E+04
 85.0 1.29390E+04
 85.5 1.25194E+04
 86.0 1.21003E+04
 86.5 1.16817E+04
 87.0 1.12636E+04
 87.5 1.08463E+04
 88.0 1.04296E+04
 88.5 1.00136E+04
 89.0 9.59842E+03
 89.5 9.18409E+03
 90.0 8.77065E+03
 90.5 8.35814E+03
 91.0 7.94663E+03
 91.5 7.53616E+03
 92.0 7.12678E+03
 92.5 6.71854E+03
 93.0 6.31149E+03
 93.5 5.90567E+03
 94.0 5.50114E+03
 94.5 5.09795E+03
 95.0 4.69614E+03
 95.5 4.29576E+03
 96.0 3.89687E+03
 96.5 3.49951E+03
 97.0 3.10372E+03
 97.5 2.70956E+03
 98.0 2.31708E+03
 98.5 1.92632E+03
 99.0 1.53733E+03
 99.5 1.15017E+03
100.0 7.64872E+02
100.5 3.81495E+02
101.0 3.17429E+01
