101K20D0W2
  0.5 0.00000E+00
  1.0 0.00000E+00
  1.5 0.00000E+00
  2.0 0.00000E+00
  2.5 0.00000E+00
  3.0 0.00000E+00
  3.5 4.06596E+04
  4.0 5.22284E+04
  4.5 6.44109E+04
  5.0 7.72196E+04
  5.5 9.06797E+04
  6.0 1.04834E+05
  6.5 1.19751E+05
  7.0 1.35528E+05
  7.5 1.52271E+05
  8.0 1.70029E+05
  8.5 3.11706E+06
  9.0 2.08057E+05
  9.5 2.13660E+06
 10.0 1.78103E+06
 10.5 9.39418E+04
 11.0 1.01110E+05
 11.5 3.28082E+05
 12.0 7.71719E+04
 12.5 7.17270E+04
 13.0 7.61805E+04
 13.5 8.07289E+04
 14.0 8.53583E+04
 14.5 9.00461E+04
 15.0 9.47617E+04
 15.5 9.94672E+04
 16.0 1.04119E+05
 16.5 1.08671E+05
 17.0 1.13077E+05
 17.5 1.17291E+05
 18.0 1.21273E+05
 18.5 1.24988E+05
 19.0 1.28406E+05
 19.5 1.31505E+05
 20.0 1.34271E+05
 20.5 1.36694E+05
 21.0 1.38772E+05
 21.5 1.40507E+05
 22.0 1.41907E+05
 22.5 1.42982E+05
 23.0 1.43746E+05
 23.5 1.44216E+05
 24.0 1.44409E+05
 24.5 1.44344E+05
 25.0 1.44040E+05
 25.5 1.43517E+05
 26.0 1.42794E+05
 26.5 1.41890E+05
 27.0 1.40823E+05
 27.5 1.39610E+05
 28.0 1.38268E+05
 28.5 1.36812E+05
 29.0 1.35257E+05
 29.5 1.33616E+05
 30.0 1.31902E+05
 30.5 1.30126E+05
 31.0 1.28298E+05
 31.5 1.26429E+05
 32.0 1.24527E+05
 32.5 1.22600E+05
 33.0 1.20654E+05
 33.5 1.18697E+05
 34.0 1.16734E+05
 34.5 1.14771E+05
 35.0 1.12810E+05
 35.5 1.10858E+05
 36.0 1.08917E+05
 36.5 1.06990E+05
 37.0 1.05080E+05
 37.5 1.03189E+05
 38.0 1.01320E+05
 38.5 9.94743E+04
 39.0 9.76527E+04
 39.5 9.58569E+04
 40.0 9.40877E+04
 40.5 9.23460E+04
 41.0 9.06324E+04
 41.5 8.89474E+04
 42.0 8.72912E+04
 42.5 8.56641E+04
 43.0 8.40661E+04
 43.5 8.24972E+04
 44.0 8.09574E+04
 44.5 7.94464E+04
 45.0 7.79641E+04
 45.5 7.65101E+04
 46.0 7.50841E+04
 46.5 7.36858E+04
 47.0 7.23146E+04
 47.5 7.09702E+04
 48.0 6.96521E+04
 48.5 6.83598E+04
 49.0 6.70927E+04
 49.5 6.58504E+04
 50.0 6.46324E+04
 50.5 6.34380E+04
 51.0 6.22667E+04
 51.5 6.11180E+04
 52.0 5.99914E+04
 52.5 5.88863E+04
 53.0 5.78021E+04
 53.5 5.67383E+04
 54.0 5.56944E+04
 54.5 5.46698E+04
 55.0 5.36641E+04
 55.5 5.26767E+04
 56.0 5.17070E+04
 56.5 5.07547E+04
 57.0 4.98192E+04
 57.5 4.89000E+04
 58.0 1.68963E+05
 58.5 4.71088E+04
 59.0 4.62359E+04
 59.5 2.56602E+05
 60.0 4.45332E+04
 60.5 4.37026E+04
 61.0 4.28853E+04
 61.5 4.20808E+04
 62.0 4.12889E+04
 62.5 4.05091E+04
 63.0 3.97411E+04
 63.5 3.89845E+04
 64.0 3.82390E+04
 64.5 3.75042E+04
 65.0 3.67798E+04
 65.5 3.60656E+04
 66.0 3.53612E+04
 66.5 3.46663E+04
 67.0 1.03535E+05
 67.5 3.33039E+04
 68.0 3.26358E+04
 68.5 3.19762E+04
 69.0 4.96217E+04
 69.5 3.02118E+04
 70.0 2.72987E+04
 70.5 2.68070E+04
 71.0 2.63169E+04
 71.5 2.58284E+04
 72.0 2.53416E+04
 72.5 2.48563E+04
 73.0 2.43727E+04
 73.5 2.38908E+04
 74.0 2.34104E+04
 74.5 2.29316E+04
 75.0 2.24545E+04
 75.5 2.19789E+04
 76.0 2.15050E+04
 76.5 2.10327E+04
 77.0 2.05619E+04
 77.5 2.00928E+04
 78.0 1.96253E+04
 78.5 1.91594E+04
 79.0 1.86951E+04
 79.5 1.82324E+04
 80.0 1.77713E+04
 80.5 1.73119E+04
 81.0 1.68540E+04
 81.5 1.63978E+04
 82.0 1.59432E+04
 82.5 1.54903E+04
 83.0 1.50389E+04
 83.5 1.45893E+04
 84.0 1.41413E+04
 84.5 1.36949E+04
 85.0 1.32502E+04
 85.5 1.28072E+04
 86.0 1.23660E+04
 86.5 1.19264E+04
 87.0 1.14885E+04
 87.5 1.10524E+04
 88.0 1.06180E+04
 88.5 1.01853E+04
 89.0 9.75449E+03
 89.5 9.32543E+03
 90.0 8.89819E+03
 90.5 8.47277E+03
 91.0 8.04919E+03
 91.5 7.62748E+03
 92.0 7.20766E+03
 92.5 6.78974E+03
 93.0 6.37375E+03
 93.5 5.95971E+03
 94.0 5.54765E+03
 94.5 5.13757E+03
 95.0 4.72952E+03
 95.5 4.32351E+03
 96.0 3.91957E+03
 96.5 3.51773E+03
 97.0 3.11801E+03
 97.5 2.72044E+03
 98.0 2.32505E+03
 98.5 1.93186E+03
 99.0 1.54092E+03
 99.5 1.15224E+03
100.0 7.65851E+02
100.5 3.81796E+02
101.0 3.17586E+01
