102K09D0W2
  0.5 0.00000E+00
  1.0 0.00000E+00
  1.5 0.00000E+00
  2.0 0.00000E+00
  2.5 0.00000E+00
  3.0 0.00000E+00
  3.5 1.42543E+04
  4.0 1.94341E+04
  4.5 2.48239E+04
  5.0 3.03982E+04
  5.5 3.61467E+04
  6.0 4.20645E+04
  6.5 4.81494E+04
  7.0 5.44008E+04
  7.5 6.08200E+04
  8.0 6.74107E+04
  8.5 4.68115E+05
  9.0 8.11361E+04
  9.5 5.49378E+05
 10.0 4.62375E+05
 10.5 3.78013E+04
 11.0 4.05682E+04
 11.5 6.26388E+04
 12.0 3.11436E+04
 12.5 2.89797E+04
 13.0 3.07360E+04
 13.5 3.25091E+04
 14.0 3.42989E+04
 14.5 3.61052E+04
 15.0 3.79281E+04
 15.5 3.97671E+04
 16.0 4.16221E+04
 16.5 4.34926E+04
 17.0 4.53776E+04
 17.5 4.72757E+04
 18.0 4.91847E+04
 18.5 5.11012E+04
 19.0 5.30213E+04
 19.5 5.49394E+04
 20.0 5.68493E+04
 20.5 5.87434E+04
 21.0 6.06135E+04
 21.5 6.24509E+04
 22.0 6.42464E+04
 22.5 6.59908E+04
 23.0 6.76750E+04
 23.5 6.92906E+04
 24.0 7.08297E+04
 24.5 7.22852E+04
 25.0 7.36509E+04
 25.5 7.49217E+04
 26.0 7.60936E+04
 26.5 7.71636E+04
 27.0 7.81298E+04
 27.5 7.89912E+04
 28.0 7.97478E+04
 28.5 8.04004E+04
 29.0 8.09506E+04
 29.5 8.14006E+04
 30.0 8.17531E+04
 30.5 8.20115E+04
 31.0 8.21793E+04
 31.5 8.22605E+04
 32.0 8.22592E+04
 32.5 8.21796E+04
 33.0 8.20264E+04
 33.5 8.18038E+04
 34.0 8.15162E+04
 34.5 8.11681E+04
 35.0 8.07638E+04
 35.5 8.03074E+04
 36.0 7.98030E+04
 36.5 7.92547E+04
 37.0 7.86660E+04
 37.5 7.80407E+04
 38.0 7.73821E+04
 38.5 7.66935E+04
 39.0 7.59781E+04
 39.5 7.52386E+04
 40.0 7.44778E+04
 40.5 7.36982E+04
 41.0 7.29023E+04
 41.5 7.20922E+04
 42.0 7.12700E+04
 42.5 7.04376E+04
 43.0 6.95968E+04
 43.5 6.87492E+04
 44.0 6.78963E+04
 44.5 6.70396E+04
 45.0 6.61802E+04
 45.5 6.53193E+04
 46.0 6.44580E+04
 46.5 6.35972E+04
 47.0 6.27379E+04
 47.5 6.18807E+04
 48.0 6.10265E+04
 48.5 6.01759E+04
 49.0 5.93293E+04
 49.5 5.84874E+04
 50.0 5.76506E+04
 50.5 5.68192E+04
 51.0 5.59937E+04
 51.5 5.51743E+04
 52.0 5.43613E+04
 52.5 5.35550E+04
 53.0 5.27554E+04
 53.5 5.19628E+04
 54.0 5.11773E+04
 54.5 5.03990E+04
 55.0 4.96279E+04
 55.5 4.88642E+04
 56.0 4.81079E+04
 56.5 4.73589E+04
 57.0 4.66172E+04
 57.5 4.58829E+04
 58.0 1.56328E+05
 58.5 4.44363E+04
 59.0 4.37238E+04
 59.5 2.38676E+05
 60.0 4.23203E+04
 60.5 4.16291E+04
 61.0 4.09448E+04
 61.5 4.02674E+04
 62.0 3.95967E+04
 62.5 3.89327E+04
 63.0 3.82752E+04
 63.5 3.76241E+04
 64.0 3.69794E+04
 64.5 3.63408E+04
 65.0 3.57084E+04
 65.5 3.50820E+04
 66.0 3.44615E+04
 66.5 3.38467E+04
 67.0 9.99802E+04
 67.5 3.26341E+04
 68.0 3.20360E+04
 68.5 3.14432E+04
 69.0 4.85356E+04
 69.5 2.92666E+04
 70.0 2.37923E+04
 70.5 2.34863E+04
 71.0 2.31759E+04
 71.5 2.28612E+04
 72.0 2.25423E+04
 72.5 2.22193E+04
 73.0 2.18925E+04
 73.5 2.15619E+04
 74.0 2.12276E+04
 74.5 2.08898E+04
 75.0 2.05486E+04
 75.5 2.02041E+04
 76.0 1.98565E+04
 76.5 1.95058E+04
 77.0 1.91522E+04
 77.5 1.87959E+04
 78.0 1.84368E+04
 78.5 1.80752E+04
 79.0 1.77112E+04
 79.5 1.73448E+04
 80.0 1.69762E+04
 80.5 1.66055E+04
 81.0 1.62328E+04
 81.5 1.58582E+04
 82.0 1.54818E+04
 82.5 1.51037E+04
 83.0 1.47240E+04
 83.5 1.43428E+04
 84.0 1.39603E+04
 84.5 1.35764E+04
 85.0 1.31914E+04
 85.5 1.28052E+04
 86.0 1.24181E+04
 86.5 1.20300E+04
 87.0 1.16411E+04
 87.5 1.12515E+04
 88.0 1.08613E+04
 88.5 1.04705E+04
 89.0 1.00792E+04
 89.5 9.68750E+03
 90.0 9.29553E+03
 90.5 8.90334E+03
 91.0 8.51102E+03
 91.5 8.11864E+03
 92.0 7.72628E+03
 92.5 7.33403E+03
 93.0 6.94197E+03
 93.5 6.55016E+03
 94.0 6.15868E+03
 94.5 5.76762E+03
 95.0 5.37704E+03
 95.5 4.98703E+03
 96.0 4.59764E+03
 96.5 4.20896E+03
 97.0 3.82106E+03
 97.5 3.43401E+03
 98.0 3.04787E+03
 98.5 2.66272E+03
 99.0 2.27863E+03
 99.5 1.89567E+03
100.0 1.51389E+03
100.5 1.13338E+03
101.0 7.54191E+02
101.5 3.76398E+02
102.0 3.13304E+01
