102K07D0W2
  0.5 0.00000E+00
  1.0 0.00000E+00
  1.5 0.00000E+00
  2.0 0.00000E+00
  2.5 0.00000E+00
  3.0 0.00000E+00
  3.5 9.91270E+03
  4.0 1.39734E+04
  4.5 1.82092E+04
  5.0 2.25825E+04
  5.5 2.70774E+04
  6.0 3.16861E+04
  6.5 3.64043E+04
  7.0 4.12292E+04
  7.5 4.61589E+04
  8.0 5.11926E+04
  8.5 1.97589E+05
  9.0 6.15742E+04
  9.5 2.89414E+05
 10.0 2.46475E+05
 10.5 2.86907E+04
 11.0 3.08164E+04
 11.5 3.76258E+04
 12.0 2.36384E+04
 12.5 2.19942E+04
 13.0 2.33479E+04
 13.5 2.47110E+04
 14.0 2.60831E+04
 14.5 2.74638E+04
 15.0 2.88531E+04
 15.5 3.02504E+04
 16.0 3.16556E+04
 16.5 3.30683E+04
 17.0 3.44881E+04
 17.5 3.59147E+04
 18.0 3.73475E+04
 18.5 3.87858E+04
 19.0 4.02286E+04
 19.5 4.16745E+04
 20.0 4.31217E+04
 20.5 4.45680E+04
 21.0 4.60103E+04
 21.5 4.74454E+04
 22.0 4.88691E+04
 22.5 5.02772E+04
 23.0 5.16646E+04
 23.5 5.30262E+04
 24.0 5.43568E+04
 24.5 5.56510E+04
 25.0 5.69036E+04
 25.5 5.81093E+04
 26.0 5.92636E+04
 26.5 6.03620E+04
 27.0 6.14007E+04
 27.5 6.23764E+04
 28.0 6.32863E+04
 28.5 6.41282E+04
 29.0 6.49005E+04
 29.5 6.56021E+04
 30.0 6.62324E+04
 30.5 6.67916E+04
 31.0 6.72799E+04
 31.5 6.76984E+04
 32.0 6.80481E+04
 32.5 6.83308E+04
 33.0 6.85482E+04
 33.5 6.87024E+04
 34.0 6.87958E+04
 34.5 6.88308E+04
 35.0 6.88099E+04
 35.5 6.87357E+04
 36.0 6.86111E+04
 36.5 6.84385E+04
 37.0 6.82209E+04
 37.5 6.79608E+04
 38.0 6.76609E+04
 38.5 6.73239E+04
 39.0 6.69522E+04
 39.5 6.65484E+04
 40.0 6.61147E+04
 40.5 6.56536E+04
 41.0 6.51671E+04
 41.5 6.46573E+04
 42.0 6.41264E+04
 42.5 6.35761E+04
 43.0 6.30083E+04
 43.5 6.24246E+04
 44.0 6.18267E+04
 44.5 6.12160E+04
 45.0 6.05941E+04
 45.5 5.99621E+04
 46.0 5.93214E+04
 46.5 5.86731E+04
 47.0 5.80183E+04
 47.5 5.73580E+04
 48.0 5.66930E+04
 48.5 5.60244E+04
 49.0 5.53527E+04
 49.5 5.46789E+04
 50.0 5.40036E+04
 50.5 5.33274E+04
 51.0 5.26508E+04
 51.5 5.19744E+04
 52.0 5.12986E+04
 52.5 5.06240E+04
 53.0 4.99508E+04
 53.5 4.92794E+04
 54.0 4.86102E+04
 54.5 4.79435E+04
 55.0 4.72794E+04
 55.5 4.66183E+04
 56.0 4.59603E+04
 56.5 4.53057E+04
 57.0 4.46545E+04
 57.5 4.40069E+04
 58.0 1.47207E+05
 58.5 4.27230E+04
 59.0 4.20869E+04
 59.5 2.24937E+05
 60.0 4.08268E+04
 60.5 4.02028E+04
 61.0 3.95830E+04
 61.5 3.89673E+04
 62.0 3.83558E+04
 62.5 3.77484E+04
 63.0 3.71453E+04
 63.5 3.65462E+04
 64.0 3.59514E+04
 64.5 3.53606E+04
 65.0 3.47740E+04
 65.5 3.41914E+04
 66.0 3.36129E+04
 66.5 3.30384E+04
 67.0 9.61750E+04
 67.5 3.19012E+04
 68.0 3.13384E+04
 68.5 3.07795E+04
 69.0 4.71592E+04
 69.5 2.84551E+04
 70.0 2.19768E+04
 70.5 2.17429E+04
 71.0 2.15028E+04
 71.5 2.12566E+04
 72.0 2.10045E+04
 72.5 2.07466E+04
 73.0 2.04830E+04
 73.5 2.02139E+04
 74.0 1.99393E+04
 74.5 1.96596E+04
 75.0 1.93747E+04
 75.5 1.90848E+04
 76.0 1.87901E+04
 76.5 1.84907E+04
 77.0 1.81868E+04
 77.5 1.78784E+04
 78.0 1.75658E+04
 78.5 1.72491E+04
 79.0 1.69284E+04
 79.5 1.66038E+04
 80.0 1.62755E+04
 80.5 1.59436E+04
 81.0 1.56083E+04
 81.5 1.52697E+04
 82.0 1.49279E+04
 82.5 1.45830E+04
 83.0 1.42353E+04
 83.5 1.38847E+04
 84.0 1.35315E+04
 84.5 1.31757E+04
 85.0 1.28175E+04
 85.5 1.24571E+04
 86.0 1.20944E+04
 86.5 1.17297E+04
 87.0 1.13631E+04
 87.5 1.09947E+04
 88.0 1.06246E+04
 88.5 1.02529E+04
 89.0 9.87972E+03
 89.5 9.50519E+03
 90.0 9.12942E+03
 90.5 8.75250E+03
 91.0 8.37456E+03
 91.5 7.99569E+03
 92.0 7.61601E+03
 92.5 7.23560E+03
 93.0 6.85458E+03
 93.5 6.47305E+03
 94.0 6.09110E+03
 94.5 5.70883E+03
 95.0 5.32635E+03
 95.5 4.94374E+03
 96.0 4.56110E+03
 96.5 4.17853E+03
 97.0 3.79611E+03
 97.5 3.41394E+03
 98.0 3.03211E+03
 98.5 2.65070E+03
 99.0 2.26981E+03
 99.5 1.88951E+03
100.0 1.50991E+03
100.5 1.13108E+03
101.0 7.53099E+02
101.5 3.76062E+02
102.0 3.13128E+01
