102K19D0W2
  0.5 0.00000E+00
  1.0 0.00000E+00
  1.5 0.00000E+00
  2.0 0.00000E+00
  2.5 0.00000E+00
  3.0 0.00000E+00
  3.5 3.77822E+04
  4.0 4.86611E+04
  4.5 6.01009E+04
  5.0 7.21094E+04
  5.5 8.47048E+04
  6.0 9.79188E+04
  6.5 1.11803E+05
  7.0 1.26435E+05
  7.5 1.41909E+05
  8.0 1.58293E+05
  8.5 2.83636E+06
  9.0 1.93556E+05
  9.5 2.00347E+06
 10.0 1.67016E+06
 10.5 8.77160E+04
 11.0 9.43658E+04
 11.5 2.96873E+05
 12.0 7.21161E+04
 12.5 6.70495E+04
 13.0 7.11948E+04
 13.5 7.54298E+04
 14.0 7.97465E+04
 14.5 8.41299E+04
 15.0 8.85581E+04
 15.5 9.30018E+04
 16.0 9.74259E+04
 16.5 1.01791E+05
 17.0 1.06056E+05
 17.5 1.10178E+05
 18.0 1.14119E+05
 18.5 1.17843E+05
 19.0 1.21318E+05
 19.5 1.24518E+05
 20.0 1.27425E+05
 20.5 1.30025E+05
 21.0 1.32310E+05
 21.5 1.34277E+05
 22.0 1.35928E+05
 22.5 1.37271E+05
 23.0 1.38313E+05
 23.5 1.39068E+05
 24.0 1.39549E+05
 24.5 1.39773E+05
 25.0 1.39755E+05
 25.5 1.39514E+05
 26.0 1.39067E+05
 26.5 1.38431E+05
 27.0 1.37623E+05
 27.5 1.36659E+05
 28.0 1.35557E+05
 28.5 1.34329E+05
 29.0 1.32992E+05
 29.5 1.31558E+05
 30.0 1.30040E+05
 30.5 1.28450E+05
 31.0 1.26797E+05
 31.5 1.25093E+05
 32.0 1.23345E+05
 32.5 1.21563E+05
 33.0 1.19754E+05
 33.5 1.17924E+05
 34.0 1.16080E+05
 34.5 1.14227E+05
 35.0 1.12370E+05
 35.5 1.10514E+05
 36.0 1.08662E+05
 36.5 1.06819E+05
 37.0 1.04986E+05
 37.5 1.03167E+05
 38.0 1.01365E+05
 38.5 9.95804E+04
 39.0 9.78158E+04
 39.5 9.60727E+04
 40.0 9.43522E+04
 40.5 9.26554E+04
 41.0 9.09832E+04
 41.5 8.93363E+04
 42.0 8.77153E+04
 42.5 8.61204E+04
 43.0 8.45521E+04
 43.5 8.30105E+04
 44.0 8.14955E+04
 44.5 8.00074E+04
 45.0 7.85459E+04
 45.5 7.71110E+04
 46.0 7.57024E+04
 46.5 7.43199E+04
 47.0 7.29631E+04
 47.5 7.16317E+04
 48.0 7.03255E+04
 48.5 6.90438E+04
 49.0 6.77864E+04
 49.5 6.65528E+04
 50.0 6.53425E+04
 50.5 6.41550E+04
 51.0 6.29899E+04
 51.5 6.18468E+04
 52.0 6.07250E+04
 52.5 5.96242E+04
 53.0 5.85438E+04
 53.5 5.74833E+04
 54.0 5.64422E+04
 54.5 5.54201E+04
 55.0 5.44164E+04
 55.5 5.34308E+04
 56.0 5.24626E+04
 56.5 5.15114E+04
 57.0 5.05768E+04
 57.5 4.96584E+04
 58.0 1.74984E+05
 58.5 4.78681E+04
 59.0 4.69954E+04
 59.5 2.66664E+05
 60.0 4.52927E+04
 60.5 4.44620E+04
 61.0 4.36444E+04
 61.5 4.28397E+04
 62.0 4.20474E+04
 62.5 4.12672E+04
 63.0 4.04988E+04
 63.5 3.97417E+04
 64.0 3.89957E+04
 64.5 3.82604E+04
 65.0 3.75355E+04
 65.5 3.68208E+04
 66.0 3.61159E+04
 66.5 3.54205E+04
 67.0 1.07521E+05
 67.5 3.40571E+04
 68.0 3.33887E+04
 68.5 3.27286E+04
 69.0 5.12330E+04
 69.5 3.09097E+04
 70.0 2.77332E+04
 70.5 2.72534E+04
 71.0 2.67749E+04
 71.5 2.62977E+04
 72.0 2.58218E+04
 72.5 2.53473E+04
 73.0 2.48740E+04
 73.5 2.44020E+04
 74.0 2.39314E+04
 74.5 2.34621E+04
 75.0 2.29941E+04
 75.5 2.25275E+04
 76.0 2.20623E+04
 76.5 2.15983E+04
 77.0 2.11358E+04
 77.5 2.06746E+04
 78.0 2.02148E+04
 78.5 1.97564E+04
 79.0 1.92994E+04
 79.5 1.88437E+04
 80.0 1.83895E+04
 80.5 1.79367E+04
 81.0 1.74853E+04
 81.5 1.70353E+04
 82.0 1.65868E+04
 82.5 1.61397E+04
 83.0 1.56941E+04
 83.5 1.52500E+04
 84.0 1.48073E+04
 84.5 1.43661E+04
 85.0 1.39264E+04
 85.5 1.34883E+04
 86.0 1.30517E+04
 86.5 1.26166E+04
 87.0 1.21831E+04
 87.5 1.17511E+04
 88.0 1.13208E+04
 88.5 1.08920E+04
 89.0 1.04649E+04
 89.5 1.00394E+04
 90.0 9.61558E+03
 90.5 9.19344E+03
 91.0 8.77300E+03
 91.5 8.35427E+03
 92.0 7.93729E+03
 92.5 7.52207E+03
 93.0 7.10863E+03
 93.5 6.69699E+03
 94.0 6.28718E+03
 94.5 5.87923E+03
 95.0 5.47315E+03
 95.5 5.06897E+03
 96.0 4.66672E+03
 96.5 4.26642E+03
 97.0 3.86811E+03
 97.5 3.47180E+03
 98.0 3.07752E+03
 98.5 2.68531E+03
 99.0 2.29519E+03
 99.5 1.90719E+03
100.0 1.52135E+03
100.5 1.13768E+03
101.0 7.56231E+02
101.5 3.77025E+02
102.0 3.13631E+01
