102K13D0W2
  0.5 0.00000E+00
  1.0 0.00000E+00
  1.5 0.00000E+00
  2.0 0.00000E+00
  2.5 0.00000E+00
  3.0 0.00000E+00
  3.5 2.33196E+04
  4.0 3.07262E+04
  4.5 3.84551E+04
  5.0 4.64953E+04
  5.5 5.48445E+04
  6.0 6.35052E+04
  6.5 7.24843E+04
  7.0 8.17941E+04
  7.5 9.14552E+04
  8.0 1.01497E+05
  8.5 1.30798E+06
  9.0 1.22861E+05
  9.5 1.14924E+06
 10.0 9.60172E+05
 10.5 5.67642E+04
 11.0 6.09277E+04
 11.5 1.40843E+05
 12.0 4.67415E+04
 12.5 4.34869E+04
 13.0 4.61120E+04
 13.5 4.87770E+04
 14.0 5.14823E+04
 14.5 5.42281E+04
 15.0 5.70135E+04
 15.5 5.98359E+04
 16.0 6.26910E+04
 16.5 6.55716E+04
 17.0 6.84677E+04
 17.5 7.13666E+04
 18.0 7.42530E+04
 18.5 7.71095E+04
 19.0 7.99172E+04
 19.5 8.26566E+04
 20.0 8.53082E+04
 20.5 8.78534E+04
 21.0 9.02747E+04
 21.5 9.25569E+04
 22.0 9.46865E+04
 22.5 9.66530E+04
 23.0 9.84480E+04
 23.5 1.00066E+05
 24.0 1.01503E+05
 24.5 1.02758E+05
 25.0 1.03833E+05
 25.5 1.04729E+05
 26.0 1.05452E+05
 26.5 1.06007E+05
 27.0 1.06399E+05
 27.5 1.06638E+05
 28.0 1.06730E+05
 28.5 1.06684E+05
 29.0 1.06508E+05
 29.5 1.06213E+05
 30.0 1.05805E+05
 30.5 1.05295E+05
 31.0 1.04690E+05
 31.5 1.03998E+05
 32.0 1.03229E+05
 32.5 1.02388E+05
 33.0 1.01484E+05
 33.5 1.00523E+05
 34.0 9.95110E+04
 34.5 9.84552E+04
 35.0 9.73606E+04
 35.5 9.62324E+04
 36.0 9.50756E+04
 36.5 9.38946E+04
 37.0 9.26937E+04
 37.5 9.14765E+04
 38.0 9.02465E+04
 38.5 8.90070E+04
 39.0 8.77609E+04
 39.5 8.65107E+04
 40.0 8.52589E+04
 40.5 8.40076E+04
 41.0 8.27588E+04
 41.5 8.15141E+04
 42.0 8.02752E+04
 42.5 7.90435E+04
 43.0 7.78200E+04
 43.5 7.66060E+04
 44.0 7.54024E+04
 44.5 7.42099E+04
 45.0 7.30293E+04
 45.5 7.18613E+04
 46.0 7.07062E+04
 46.5 6.95646E+04
 47.0 6.84367E+04
 47.5 6.73229E+04
 48.0 6.62234E+04
 48.5 6.51383E+04
 49.0 6.40678E+04
 49.5 6.30118E+04
 50.0 6.19705E+04
 50.5 6.09438E+04
 51.0 5.99316E+04
 51.5 5.89339E+04
 52.0 5.79505E+04
 52.5 5.69814E+04
 53.0 5.60263E+04
 53.5 5.50851E+04
 54.0 5.41577E+04
 54.5 5.32437E+04
 55.0 5.23431E+04
 55.5 5.14556E+04
 56.0 5.05809E+04
 56.5 4.97188E+04
 57.0 4.88691E+04
 57.5 4.80316E+04
 58.0 1.66898E+05
 58.5 4.63919E+04
 59.0 4.55892E+04
 59.5 2.54551E+05
 60.0 4.40172E+04
 60.5 4.32472E+04
 61.0 4.24877E+04
 61.5 4.17383E+04
 62.0 4.09988E+04
 62.5 4.02689E+04
 63.0 3.95485E+04
 63.5 3.88373E+04
 64.0 3.81351E+04
 64.5 3.74416E+04
 65.0 3.67566E+04
 65.5 3.60799E+04
 66.0 3.54113E+04
 66.5 3.47506E+04
 67.0 1.04290E+05
 67.5 3.34521E+04
 68.0 3.28138E+04
 68.5 3.21826E+04
 69.0 5.00821E+04
 69.5 3.01996E+04
 70.0 2.59874E+04
 70.5 2.55874E+04
 71.0 2.51858E+04
 71.5 2.47828E+04
 72.0 2.43783E+04
 72.5 2.39725E+04
 73.0 2.35655E+04
 73.5 2.31574E+04
 74.0 2.27482E+04
 74.5 2.23380E+04
 75.0 2.19269E+04
 75.5 2.15149E+04
 76.0 2.11021E+04
 76.5 2.06886E+04
 77.0 2.02745E+04
 77.5 1.98598E+04
 78.0 1.94446E+04
 78.5 1.90290E+04
 79.0 1.86130E+04
 79.5 1.81966E+04
 80.0 1.77800E+04
 80.5 1.73632E+04
 81.0 1.69463E+04
 81.5 1.65292E+04
 82.0 1.61122E+04
 82.5 1.56952E+04
 83.0 1.52782E+04
 83.5 1.48614E+04
 84.0 1.44448E+04
 84.5 1.40285E+04
 85.0 1.36124E+04
 85.5 1.31967E+04
 86.0 1.27814E+04
 86.5 1.23666E+04
 87.0 1.19523E+04
 87.5 1.15385E+04
 88.0 1.11254E+04
 88.5 1.07129E+04
 89.0 1.03011E+04
 89.5 9.89010E+03
 90.0 9.47989E+03
 90.5 9.07053E+03
 91.0 8.66207E+03
 91.5 8.25457E+03
 92.0 7.84806E+03
 92.5 7.44260E+03
 93.0 7.03823E+03
 93.5 6.63501E+03
 94.0 6.23297E+03
 94.5 5.83217E+03
 95.0 5.43265E+03
 95.5 5.03446E+03
 96.0 4.63764E+03
 96.5 4.24225E+03
 97.0 3.84832E+03
 97.5 3.45591E+03
 98.0 3.06507E+03
 98.5 2.67583E+03
 99.0 2.28824E+03
 99.5 1.90236E+03
100.0 1.51822E+03
100.5 1.13588E+03
101.0 7.55377E+02
101.5 3.76762E+02
102.0 3.13494E+01
