102K10D0W2
  0.5 0.00000E+00
  1.0 0.00000E+00
  1.5 0.00000E+00
  2.0 0.00000E+00
  2.5 0.00000E+00
  3.0 0.00000E+00
  3.5 1.64773E+04
  4.0 2.22122E+04
  4.5 2.81807E+04
  5.0 3.43618E+04
  5.5 4.07472E+04
  6.0 4.73336E+04
  6.5 5.41202E+04
  7.0 6.11083E+04
  7.5 6.83020E+04
  8.0 7.57090E+04
  8.5 6.47950E+05
  9.0 9.12154E+04
  9.5 6.94806E+05
 10.0 5.83042E+05
 10.5 4.24424E+04
 11.0 4.55428E+04
 11.5 7.90040E+04
 12.0 3.49642E+04
 12.5 3.25345E+04
 13.0 3.44993E+04
 13.5 3.64857E+04
 14.0 3.84935E+04
 14.5 4.05229E+04
 15.0 4.25738E+04
 15.5 4.46460E+04
 16.0 4.67390E+04
 16.5 4.88517E+04
 17.0 5.09823E+04
 17.5 5.31278E+04
 18.0 5.52839E+04
 18.5 5.74448E+04
 19.0 5.96037E+04
 19.5 6.17517E+04
 20.0 6.38794E+04
 20.5 6.59759E+04
 21.0 6.80300E+04
 21.5 7.00303E+04
 22.0 7.19654E+04
 22.5 7.38245E+04
 23.0 7.55974E+04
 23.5 7.72750E+04
 24.0 7.88494E+04
 24.5 8.03140E+04
 25.0 8.16636E+04
 25.5 8.28941E+04
 26.0 8.40031E+04
 26.5 8.49894E+04
 27.0 8.58527E+04
 27.5 8.65942E+04
 28.0 8.72156E+04
 28.5 8.77199E+04
 29.0 8.81104E+04
 29.5 8.83913E+04
 30.0 8.85668E+04
 30.5 8.86421E+04
 31.0 8.86221E+04
 31.5 8.85122E+04
 32.0 8.83178E+04
 32.5 8.80442E+04
 33.0 8.76968E+04
 33.5 8.72811E+04
 34.0 8.68020E+04
 34.5 8.62649E+04
 35.0 8.56744E+04
 35.5 8.50352E+04
 36.0 8.43519E+04
 36.5 8.36287E+04
 37.0 8.28695E+04
 37.5 8.20784E+04
 38.0 8.12586E+04
 38.5 8.04137E+04
 39.0 7.95469E+04
 39.5 7.86609E+04
 40.0 7.77586E+04
 40.5 7.68424E+04
 41.0 7.59147E+04
 41.5 7.49777E+04
 42.0 7.40332E+04
 42.5 7.30832E+04
 43.0 7.21294E+04
 43.5 7.11731E+04
 44.0 7.02159E+04
 44.5 6.92589E+04
 45.0 6.83034E+04
 45.5 6.73503E+04
 46.0 6.64005E+04
 46.5 6.54550E+04
 47.0 6.45144E+04
 47.5 6.35794E+04
 48.0 6.26506E+04
 48.5 6.17285E+04
 49.0 6.08136E+04
 49.5 5.99062E+04
 50.0 5.90067E+04
 50.5 5.81153E+04
 51.0 5.72323E+04
 51.5 5.63579E+04
 52.0 5.54924E+04
 52.5 5.46356E+04
 53.0 5.37879E+04
 53.5 5.29492E+04
 54.0 5.21196E+04
 54.5 5.12991E+04
 55.0 5.04877E+04
 55.5 4.96854E+04
 56.0 4.88921E+04
 56.5 4.81077E+04
 57.0 4.73323E+04
 57.5 4.65656E+04
 58.0 1.59673E+05
 58.5 4.50584E+04
 59.0 4.43176E+04
 59.5 2.43704E+05
 60.0 4.28610E+04
 60.5 4.21450E+04
 61.0 4.14369E+04
 61.5 4.07368E+04
 62.0 4.00444E+04
 62.5 3.93595E+04
 63.0 3.86821E+04
 63.5 3.80120E+04
 64.0 3.73490E+04
 64.5 3.66930E+04
 65.0 3.60439E+04
 65.5 3.54016E+04
 66.0 3.47658E+04
 66.5 3.41364E+04
 67.0 1.01355E+05
 67.5 3.28964E+04
 68.0 3.22855E+04
 68.5 3.16805E+04
 69.0 4.90303E+04
 69.5 2.95625E+04
 70.0 2.44762E+04
 70.5 2.41417E+04
 71.0 2.38036E+04
 71.5 2.34620E+04
 72.0 2.31170E+04
 72.5 2.27687E+04
 73.0 2.24173E+04
 73.5 2.20629E+04
 74.0 2.17055E+04
 74.5 2.13454E+04
 75.0 2.09826E+04
 75.5 2.06173E+04
 76.0 2.02495E+04
 76.5 1.98793E+04
 77.0 1.95069E+04
 77.5 1.91324E+04
 78.0 1.87559E+04
 78.5 1.83774E+04
 79.0 1.79971E+04
 79.5 1.76151E+04
 80.0 1.72315E+04
 80.5 1.68463E+04
 81.0 1.64597E+04
 81.5 1.60717E+04
 82.0 1.56825E+04
 82.5 1.52922E+04
 83.0 1.49007E+04
 83.5 1.45083E+04
 84.0 1.41150E+04
 84.5 1.37208E+04
 85.0 1.33260E+04
 85.5 1.29305E+04
 86.0 1.25344E+04
 86.5 1.21378E+04
 87.0 1.17408E+04
 87.5 1.13435E+04
 88.0 1.09460E+04
 88.5 1.05482E+04
 89.0 1.01504E+04
 89.5 9.75257E+03
 90.0 9.35477E+03
 90.5 8.95709E+03
 91.0 8.55960E+03
 91.5 8.16237E+03
 92.0 7.76548E+03
 92.5 7.36899E+03
 93.0 6.97298E+03
 93.5 6.57750E+03
 94.0 6.18263E+03
 94.5 5.78844E+03
 95.0 5.39499E+03
 95.5 5.00234E+03
 96.0 4.61056E+03
 96.5 4.21972E+03
 97.0 3.82987E+03
 97.5 3.44109E+03
 98.0 3.05343E+03
 98.5 2.66696E+03
 99.0 2.28174E+03
 99.5 1.89783E+03
100.0 1.51529E+03
100.5 1.13419E+03
101.0 7.54575E+02
101.5 3.76516E+02
102.0 3.13365E+01
