102K12D0W2
  0.5 0.00000E+00
  1.0 0.00000E+00
  1.5 0.00000E+00
  2.0 0.00000E+00
  2.5 0.00000E+00
  3.0 0.00000E+00
  3.5 2.10111E+04
  4.0 2.78580E+04
  4.5 3.49949E+04
  5.0 4.24080E+04
  5.5 5.00929E+04
  6.0 5.80498E+04
  6.5 6.62822E+04
  7.0 7.47978E+04
  7.5 8.36101E+04
  8.0 9.27396E+04
  8.5 1.07261E+06
  9.0 1.12061E+05
  9.5 9.97212E+05
 10.0 8.33972E+05
 10.5 5.19188E+04
 11.0 5.57166E+04
 11.5 1.18407E+05
 12.0 4.27592E+04
 12.5 3.97845E+04
 13.0 4.21833E+04
 13.5 4.46150E+04
 14.0 4.70801E+04
 14.5 4.95787E+04
 15.0 5.21108E+04
 15.5 5.46751E+04
 16.0 5.72693E+04
 16.5 5.98890E+04
 17.0 6.25280E+04
 17.5 6.51777E+04
 18.0 6.78271E+04
 18.5 7.04631E+04
 19.0 7.30710E+04
 19.5 7.56348E+04
 20.0 7.81379E+04
 20.5 8.05638E+04
 21.0 8.28963E+04
 21.5 8.51205E+04
 22.0 8.72229E+04
 22.5 8.91920E+04
 23.0 9.10178E+04
 23.5 9.26929E+04
 24.0 9.42117E+04
 24.5 9.55708E+04
 25.0 9.67686E+04
 25.5 9.78053E+04
 26.0 9.86827E+04
 26.5 9.94038E+04
 27.0 9.99732E+04
 27.5 1.00396E+05
 28.0 1.00678E+05
 28.5 1.00826E+05
 29.0 1.00848E+05
 29.5 1.00750E+05
 30.0 1.00540E+05
 30.5 1.00226E+05
 31.0 9.98155E+04
 31.5 9.93155E+04
 32.0 9.87334E+04
 32.5 9.80764E+04
 33.0 9.73511E+04
 33.5 9.65642E+04
 34.0 9.57217E+04
 34.5 9.48295E+04
 35.0 9.38931E+04
 35.5 9.29176E+04
 36.0 9.19079E+04
 36.5 9.08685E+04
 37.0 8.98035E+04
 37.5 8.87170E+04
 38.0 8.76124E+04
 38.5 8.64930E+04
 39.0 8.53619E+04
 39.5 8.42219E+04
 40.0 8.30754E+04
 40.5 8.19249E+04
 41.0 8.07722E+04
 41.5 7.96195E+04
 42.0 7.84684E+04
 42.5 7.73204E+04
 43.0 7.61770E+04
 43.5 7.50393E+04
 44.0 7.39084E+04
 44.5 7.27854E+04
 45.0 7.16710E+04
 45.5 7.05660E+04
 46.0 6.94711E+04
 46.5 6.83869E+04
 47.0 6.73137E+04
 47.5 6.62521E+04
 48.0 6.52023E+04
 48.5 6.41645E+04
 49.0 6.31392E+04
 49.5 6.21263E+04
 50.0 6.11260E+04
 50.5 6.01384E+04
 51.0 5.91636E+04
 51.5 5.82015E+04
 52.0 5.72520E+04
 52.5 5.63153E+04
 53.0 5.53911E+04
 53.5 5.44793E+04
 54.0 5.35799E+04
 54.5 5.26928E+04
 55.0 5.18177E+04
 55.5 5.09546E+04
 56.0 5.01031E+04
 56.5 4.92633E+04
 57.0 4.84348E+04
 57.5 4.76174E+04
 58.0 1.64851E+05
 58.5 4.60155E+04
 59.0 4.52305E+04
 59.5 2.51480E+05
 60.0 4.36912E+04
 60.5 4.29366E+04
 61.0 4.21917E+04
 61.5 4.14562E+04
 62.0 4.07301E+04
 62.5 4.00130E+04
 63.0 3.93048E+04
 63.5 3.86052E+04
 64.0 3.79141E+04
 64.5 3.72312E+04
 65.0 3.65563E+04
 65.5 3.58894E+04
 66.0 3.52300E+04
 66.5 3.45782E+04
 67.0 1.03463E+05
 67.5 3.32961E+04
 68.0 3.26655E+04
 68.5 3.20418E+04
 69.0 4.97864E+04
 69.5 3.00194E+04
 70.0 2.55546E+04
 70.5 2.51737E+04
 71.0 2.47906E+04
 71.5 2.44054E+04
 72.0 2.40182E+04
 72.5 2.36291E+04
 73.0 2.32382E+04
 73.5 2.28456E+04
 74.0 2.24514E+04
 74.5 2.20556E+04
 75.0 2.16584E+04
 75.5 2.12599E+04
 76.0 2.08600E+04
 76.5 2.04590E+04
 77.0 2.00569E+04
 77.5 1.96537E+04
 78.0 1.92496E+04
 78.5 1.88446E+04
 79.0 1.84387E+04
 79.5 1.80322E+04
 80.0 1.76250E+04
 80.5 1.72172E+04
 81.0 1.68089E+04
 81.5 1.64001E+04
 82.0 1.59910E+04
 82.5 1.55815E+04
 83.0 1.51718E+04
 83.5 1.47620E+04
 84.0 1.43520E+04
 84.5 1.39419E+04
 85.0 1.35318E+04
 85.5 1.31219E+04
 86.0 1.27120E+04
 86.5 1.23023E+04
 87.0 1.18929E+04
 87.5 1.14838E+04
 88.0 1.10750E+04
 88.5 1.06667E+04
 89.0 1.02589E+04
 89.5 9.85155E+03
 90.0 9.44482E+03
 90.5 9.03875E+03
 91.0 8.63337E+03
 91.5 8.22875E+03
 92.0 7.82495E+03
 92.5 7.42200E+03
 93.0 7.01998E+03
 93.5 6.61893E+03
 94.0 6.21890E+03
 94.5 5.81995E+03
 95.0 5.42212E+03
 95.5 5.02549E+03
 96.0 4.63008E+03
 96.5 4.23596E+03
 97.0 3.84317E+03
 97.5 3.45178E+03
 98.0 3.06182E+03
 98.5 2.67335E+03
 99.0 2.28643E+03
 99.5 1.90109E+03
100.0 1.51740E+03
100.5 1.13541E+03
101.0 7.55153E+02
101.5 3.76694E+02
102.0 3.13458E+01
