102K11D0W2
  0.5 0.00000E+00
  1.0 0.00000E+00
  1.5 0.00000E+00
  2.0 0.00000E+00
  2.5 0.00000E+00
  3.0 0.00000E+00
  3.5 1.87301E+04
  4.0 2.50202E+04
  4.5 3.15707E+04
  5.0 3.83644E+04
  5.5 4.53950E+04
  6.0 5.26607E+04
  6.5 6.01627E+04
  7.0 6.79050E+04
  7.5 7.58956E+04
  8.0 8.41479E+04
  8.5 8.51097E+05
  9.0 1.01518E+05
  9.5 8.45042E+05
 10.0 7.07693E+05
 10.5 4.71466E+04
 11.0 5.05903E+04
 11.5 9.76909E+04
 12.0 3.88348E+04
 12.5 3.61350E+04
 13.0 3.83138E+04
 13.5 4.05194E+04
 14.0 4.27522E+04
 14.5 4.50122E+04
 15.0 4.72994E+04
 15.5 4.96134E+04
 16.0 5.19531E+04
 16.5 5.43161E+04
 17.0 5.66989E+04
 17.5 5.90961E+04
 18.0 6.15005E+04
 18.5 6.39030E+04
 19.0 6.62930E+04
 19.5 6.86582E+04
 20.0 7.09854E+04
 20.5 7.32607E+04
 21.0 7.54702E+04
 21.5 7.76003E+04
 22.0 7.96381E+04
 22.5 8.15720E+04
 23.0 8.33915E+04
 23.5 8.50879E+04
 24.0 8.66541E+04
 24.5 8.80849E+04
 25.0 8.93764E+04
 25.5 9.05265E+04
 26.0 9.15349E+04
 26.5 9.24022E+04
 27.0 9.31307E+04
 27.5 9.37233E+04
 28.0 9.41840E+04
 28.5 9.45176E+04
 29.0 9.47295E+04
 29.5 9.48255E+04
 30.0 9.48115E+04
 30.5 9.46940E+04
 31.0 9.44794E+04
 31.5 9.41742E+04
 32.0 9.37848E+04
 32.5 9.33175E+04
 33.0 9.27785E+04
 33.5 9.21737E+04
 34.0 9.15090E+04
 34.5 9.07899E+04
 35.0 9.00217E+04
 35.5 8.92092E+04
 36.0 8.83573E+04
 36.5 8.74703E+04
 37.0 8.65525E+04
 37.5 8.56076E+04
 38.0 8.46395E+04
 38.5 8.36513E+04
 39.0 8.26462E+04
 39.5 8.16271E+04
 40.0 8.05967E+04
 40.5 7.95573E+04
 41.0 7.85113E+04
 41.5 7.74606E+04
 42.0 7.64071E+04
 42.5 7.53526E+04
 43.0 7.42984E+04
 43.5 7.32461E+04
 44.0 7.21968E+04
 44.5 7.11517E+04
 45.0 7.01118E+04
 45.5 6.90780E+04
 46.0 6.80511E+04
 46.5 6.70317E+04
 47.0 6.60204E+04
 47.5 6.50179E+04
 48.0 6.40245E+04
 48.5 6.30407E+04
 49.0 6.20667E+04
 49.5 6.11029E+04
 50.0 6.01495E+04
 50.5 5.92066E+04
 51.0 5.82744E+04
 51.5 5.73530E+04
 52.0 5.64424E+04
 52.5 5.55427E+04
 53.0 5.46540E+04
 53.5 5.37761E+04
 54.0 5.29089E+04
 54.5 5.20526E+04
 55.0 5.12070E+04
 55.5 5.03719E+04
 56.0 4.95473E+04
 56.5 4.87330E+04
 57.0 4.79290E+04
 57.5 4.71350E+04
 58.0 1.62472E+05
 58.5 4.55767E+04
 59.0 4.48121E+04
 59.5 2.47909E+05
 60.0 4.33109E+04
 60.5 4.25740E+04
 61.0 4.18460E+04
 61.5 4.11268E+04
 62.0 4.04162E+04
 62.5 3.97139E+04
 63.0 3.90198E+04
 63.5 3.83338E+04
 64.0 3.76556E+04
 64.5 3.69851E+04
 65.0 3.63220E+04
 65.5 3.56663E+04
 66.0 3.50178E+04
 66.5 3.43762E+04
 67.0 1.02498E+05
 67.5 3.31134E+04
 68.0 3.24919E+04
 68.5 3.18767E+04
 69.0 4.94405E+04
 69.5 2.98097E+04
 70.0 2.50563E+04
 70.5 2.46971E+04
 71.0 2.43349E+04
 71.5 2.39700E+04
 72.0 2.36025E+04
 72.5 2.32324E+04
 73.0 2.28598E+04
 73.5 2.24850E+04
 74.0 2.21079E+04
 74.5 2.17287E+04
 75.0 2.13474E+04
 75.5 2.09642E+04
 76.0 2.05792E+04
 76.5 2.01925E+04
 77.0 1.98041E+04
 77.5 1.94142E+04
 78.0 1.90228E+04
 78.5 1.86301E+04
 79.0 1.82360E+04
 79.5 1.78408E+04
 80.0 1.74445E+04
 80.5 1.70471E+04
 81.0 1.66488E+04
 81.5 1.62496E+04
 82.0 1.58496E+04
 82.5 1.54490E+04
 83.0 1.50477E+04
 83.5 1.46458E+04
 84.0 1.42435E+04
 84.5 1.38407E+04
 85.0 1.34376E+04
 85.5 1.30343E+04
 86.0 1.26308E+04
 86.5 1.22271E+04
 87.0 1.18234E+04
 87.5 1.14197E+04
 88.0 1.10161E+04
 88.5 1.06126E+04
 89.0 1.02093E+04
 89.5 9.80634E+03
 90.0 9.40370E+03
 90.5 9.00146E+03
 91.0 8.59969E+03
 91.5 8.19846E+03
 92.0 7.79781E+03
 92.5 7.39782E+03
 93.0 6.99854E+03
 93.5 6.60003E+03
 94.0 6.20236E+03
 94.5 5.80558E+03
 95.0 5.40975E+03
 95.5 5.01493E+03
 96.0 4.62118E+03
 96.5 4.22856E+03
 97.0 3.83711E+03
 97.5 3.44691E+03
 98.0 3.05800E+03
 98.5 2.67044E+03
 99.0 2.28429E+03
 99.5 1.89961E+03
100.0 1.51644E+03
100.5 1.13485E+03
101.0 7.54890E+02
101.5 3.76613E+02
102.0 3.13416E+01
