102K17D0W2
  0.5 0.00000E+00
  1.0 0.00000E+00
  1.5 0.00000E+00
  2.0 0.00000E+00
  2.5 0.00000E+00
  3.0 0.00000E+00
  3.5 3.28374E+04
  4.0 4.25320E+04
  4.5 5.26995E+04
  5.0 6.33406E+04
  5.5 7.44647E+04
  6.0 8.60899E+04
  6.5 9.82467E+04
  7.0 1.10983E+05
  7.5 1.24365E+05
  8.0 1.38462E+05
  8.5 2.32003E+06
  9.0 1.68842E+05
  9.5 1.73314E+06
 10.0 1.44532E+06
 10.5 7.69971E+04
 11.0 8.27586E+04
 11.5 2.42214E+05
 12.0 6.33420E+04
 12.5 5.89077E+04
 13.0 6.25130E+04
 13.5 6.61915E+04
 14.0 6.99407E+04
 14.5 7.37544E+04
 15.0 7.76216E+04
 15.5 8.15254E+04
 16.0 8.54437E+04
 16.5 8.93495E+04
 17.0 9.32121E+04
 17.5 9.69988E+04
 18.0 1.00676E+05
 18.5 1.04211E+05
 19.0 1.07574E+05
 19.5 1.10737E+05
 20.0 1.13678E+05
 20.5 1.16378E+05
 21.0 1.18823E+05
 21.5 1.21005E+05
 22.0 1.22918E+05
 22.5 1.24562E+05
 23.0 1.25939E+05
 23.5 1.27054E+05
 24.0 1.27917E+05
 24.5 1.28537E+05
 25.0 1.28926E+05
 25.5 1.29097E+05
 26.0 1.29064E+05
 26.5 1.28840E+05
 27.0 1.28441E+05
 27.5 1.27880E+05
 28.0 1.27171E+05
 28.5 1.26328E+05
 29.0 1.25364E+05
 29.5 1.24292E+05
 30.0 1.23122E+05
 30.5 1.21868E+05
 31.0 1.20538E+05
 31.5 1.19143E+05
 32.0 1.17692E+05
 32.5 1.16193E+05
 33.0 1.14654E+05
 33.5 1.13082E+05
 34.0 1.11484E+05
 34.5 1.09864E+05
 35.0 1.08230E+05
 35.5 1.06585E+05
 36.0 1.04934E+05
 36.5 1.03281E+05
 37.0 1.01629E+05
 37.5 9.99816E+04
 38.0 9.83415E+04
 38.5 9.67110E+04
 39.0 9.50924E+04
 39.5 9.34876E+04
 40.0 9.18983E+04
 40.5 9.03257E+04
 41.0 8.87713E+04
 41.5 8.72358E+04
 42.0 8.57204E+04
 42.5 8.42257E+04
 43.0 8.27522E+04
 43.5 8.13004E+04
 44.0 7.98708E+04
 44.5 7.84634E+04
 45.0 7.70785E+04
 45.5 7.57162E+04
 46.0 7.43764E+04
 46.5 7.30591E+04
 47.0 7.17643E+04
 47.5 7.04917E+04
 48.0 6.92411E+04
 48.5 6.80124E+04
 49.0 6.68052E+04
 49.5 6.56192E+04
 50.0 6.44542E+04
 50.5 6.33098E+04
 51.0 6.21856E+04
 51.5 6.10813E+04
 52.0 5.99964E+04
 52.5 5.89306E+04
 53.0 5.78835E+04
 53.5 5.68547E+04
 54.0 5.58438E+04
 54.5 5.48504E+04
 55.0 5.38740E+04
 55.5 5.29143E+04
 56.0 5.19708E+04
 56.5 5.10432E+04
 57.0 5.01310E+04
 57.5 4.92339E+04
 58.0 1.72868E+05
 58.5 4.74832E+04
 59.0 4.66289E+04
 59.5 2.63496E+05
 60.0 4.49606E+04
 60.5 4.41458E+04
 61.0 4.33435E+04
 61.5 4.25533E+04
 62.0 4.17748E+04
 62.5 4.10078E+04
 63.0 4.02519E+04
 63.5 3.95069E+04
 64.0 3.87723E+04
 64.5 3.80479E+04
 65.0 3.73335E+04
 65.5 3.66287E+04
 66.0 3.59332E+04
 66.5 3.52469E+04
 67.0 1.06681E+05
 67.5 3.39004E+04
 68.0 3.32398E+04
 68.5 3.25873E+04
 69.0 5.09343E+04
 69.5 3.07240E+04
 70.0 2.72706E+04
 70.5 2.68124E+04
 71.0 2.63547E+04
 71.5 2.58974E+04
 72.0 2.54407E+04
 72.5 2.49846E+04
 73.0 2.45291E+04
 73.5 2.40742E+04
 74.0 2.36200E+04
 74.5 2.31665E+04
 75.0 2.27137E+04
 75.5 2.22616E+04
 76.0 2.18103E+04
 76.5 2.13598E+04
 77.0 2.09101E+04
 77.5 2.04613E+04
 78.0 2.00133E+04
 78.5 1.95662E+04
 79.0 1.91200E+04
 79.5 1.86747E+04
 80.0 1.82304E+04
 80.5 1.77871E+04
 81.0 1.73447E+04
 81.5 1.69034E+04
 82.0 1.64632E+04
 82.5 1.60240E+04
 83.0 1.55859E+04
 83.5 1.51489E+04
 84.0 1.47131E+04
 84.5 1.42784E+04
 85.0 1.38449E+04
 85.5 1.34126E+04
 86.0 1.29815E+04
 86.5 1.25517E+04
 87.0 1.21232E+04
 87.5 1.16960E+04
 88.0 1.12701E+04
 88.5 1.08456E+04
 89.0 1.04225E+04
 89.5 1.00008E+04
 90.0 9.58049E+03
 90.5 9.16166E+03
 91.0 8.74433E+03
 91.5 8.32851E+03
 92.0 7.91424E+03
 92.5 7.50155E+03
 93.0 7.09046E+03
 93.5 6.68100E+03
 94.0 6.27320E+03
 94.5 5.86709E+03
 95.0 5.46271E+03
 95.5 5.06008E+03
 96.0 4.65923E+03
 96.5 4.26020E+03
 97.0 3.86301E+03
 97.5 3.46771E+03
 98.0 3.07432E+03
 98.5 2.68287E+03
 99.0 2.29340E+03
 99.5 1.90595E+03
100.0 1.52054E+03
100.5 1.13722E+03
101.0 7.56012E+02
101.5 3.76958E+02
102.0 3.13596E+01
