102K22D0W2
  0.5 0.00000E+00
  1.0 0.00000E+00
  1.5 0.00000E+00
  2.0 0.00000E+00
  2.5 0.00000E+00
  3.0 0.00000E+00
  3.5 4.54694E+04
  4.0 5.81914E+04
  4.5 7.16230E+04
  5.0 8.57855E+04
  5.5 1.00717E+05
  6.0 1.16481E+05
  6.5 1.33178E+05
  7.0 1.50938E+05
  7.5 1.69877E+05
  8.0 1.89991E+05
  8.5 3.59501E+06
  9.0 2.32706E+05
  9.5 2.37953E+06
 10.0 1.98314E+06
 10.5 1.04706E+05
 11.0 1.12798E+05
 11.5 3.80690E+05
 12.0 8.59930E+04
 12.5 7.99144E+04
 13.0 8.49327E+04
 13.5 9.00558E+04
 14.0 9.52592E+04
 14.5 1.00508E+05
 15.0 1.05757E+05
 15.5 1.10956E+05
 16.0 1.16049E+05
 16.5 1.20981E+05
 17.0 1.25697E+05
 17.5 1.30149E+05
 18.0 1.34296E+05
 18.5 1.38102E+05
 19.0 1.41543E+05
 19.5 1.44600E+05
 20.0 1.47265E+05
 20.5 1.49535E+05
 21.0 1.51415E+05
 21.5 1.52913E+05
 22.0 1.54043E+05
 22.5 1.54824E+05
 23.0 1.55273E+05
 23.5 1.55412E+05
 24.0 1.55265E+05
 24.5 1.54852E+05
 25.0 1.54198E+05
 25.5 1.53325E+05
 26.0 1.52254E+05
 26.5 1.51006E+05
 27.0 1.49601E+05
 27.5 1.48058E+05
 28.0 1.46394E+05
 28.5 1.44626E+05
 29.0 1.42769E+05
 29.5 1.40836E+05
 30.0 1.38840E+05
 30.5 1.36792E+05
 31.0 1.34704E+05
 31.5 1.32585E+05
 32.0 1.30443E+05
 32.5 1.28286E+05
 33.0 1.26121E+05
 33.5 1.23954E+05
 34.0 1.21789E+05
 34.5 1.19634E+05
 35.0 1.17490E+05
 35.5 1.15362E+05
 36.0 1.13254E+05
 36.5 1.11168E+05
 37.0 1.09105E+05
 37.5 1.07070E+05
 38.0 1.05062E+05
 38.5 1.03083E+05
 39.0 1.01135E+05
 39.5 9.92191E+04
 40.0 9.73349E+04
 40.5 9.54833E+04
 41.0 9.36648E+04
 41.5 9.18796E+04
 42.0 9.01277E+04
 42.5 8.84092E+04
 43.0 8.67239E+04
 43.5 8.50716E+04
 44.0 8.34521E+04
 44.5 8.18649E+04
 45.0 8.03097E+04
 45.5 7.87861E+04
 46.0 7.72934E+04
 46.5 7.58313E+04
 47.0 7.43992E+04
 47.5 7.29964E+04
 48.0 7.16224E+04
 48.5 7.02766E+04
 49.0 6.89584E+04
 49.5 6.76670E+04
 50.0 6.64020E+04
 50.5 6.51627E+04
 51.0 6.39483E+04
 51.5 6.27584E+04
 52.0 6.15923E+04
 52.5 6.04493E+04
 53.0 5.93288E+04
 53.5 5.82302E+04
 54.0 5.71530E+04
 54.5 5.60965E+04
 55.0 5.50601E+04
 55.5 5.40434E+04
 56.0 5.30456E+04
 56.5 5.20664E+04
 57.0 5.11050E+04
 57.5 5.01611E+04
 58.0 1.77497E+05
 58.5 4.83235E+04
 59.0 4.74288E+04
 59.5 2.70423E+05
 60.0 4.56853E+04
 60.5 4.48356E+04
 61.0 4.40000E+04
 61.5 4.31780E+04
 62.0 4.23693E+04
 62.5 4.15735E+04
 63.0 4.07901E+04
 63.5 4.00188E+04
 64.0 3.92592E+04
 64.5 3.85110E+04
 65.0 3.77738E+04
 65.5 3.70473E+04
 66.0 3.63312E+04
 66.5 3.56250E+04
 67.0 1.08514E+05
 67.5 3.42418E+04
 68.0 3.35640E+04
 68.5 3.28951E+04
 69.0 5.15853E+04
 69.5 3.11299E+04
 70.0 2.82874E+04
 70.5 2.77815E+04
 71.0 2.72778E+04
 71.5 2.67764E+04
 72.0 2.62773E+04
 72.5 2.57803E+04
 73.0 2.52856E+04
 73.5 2.47930E+04
 74.0 2.43026E+04
 74.5 2.38142E+04
 75.0 2.33280E+04
 75.5 2.28439E+04
 76.0 2.23619E+04
 76.5 2.18819E+04
 77.0 2.14039E+04
 77.5 2.09280E+04
 78.0 2.04540E+04
 78.5 1.99821E+04
 79.0 1.95121E+04
 79.5 1.90441E+04
 80.0 1.85780E+04
 80.5 1.81139E+04
 81.0 1.76517E+04
 81.5 1.71914E+04
 82.0 1.67330E+04
 82.5 1.62766E+04
 83.0 1.58220E+04
 83.5 1.53693E+04
 84.0 1.49186E+04
 84.5 1.44697E+04
 85.0 1.40227E+04
 85.5 1.35776E+04
 86.0 1.31343E+04
 86.5 1.26930E+04
 87.0 1.22536E+04
 87.5 1.18160E+04
 88.0 1.13804E+04
 88.5 1.09466E+04
 89.0 1.05148E+04
 89.5 1.00849E+04
 90.0 9.65687E+03
 90.5 9.23082E+03
 91.0 8.80671E+03
 91.5 8.38456E+03
 92.0 7.96438E+03
 92.5 7.54617E+03
 93.0 7.12997E+03
 93.5 6.71577E+03
 94.0 6.30360E+03
 94.5 5.89347E+03
 95.0 5.48540E+03
 95.5 5.07941E+03
 96.0 4.67551E+03
 96.5 4.27373E+03
 97.0 3.87408E+03
 97.5 3.47659E+03
 98.0 3.08128E+03
 98.5 2.68817E+03
 99.0 2.29729E+03
 99.5 1.90865E+03
100.0 1.52229E+03
100.5 1.13823E+03
101.0 7.56488E+02
101.5 3.77104E+02
102.0 3.13672E+01
