103K09D0W2
  0.5 0.00000E+00
  1.0 0.00000E+00
  1.5 0.00000E+00
  2.0 0.00000E+00
  2.5 0.00000E+00
  3.0 0.00000E+00
  3.5 1.41160E+04
  4.0 1.92595E+04
  4.5 2.46122E+04
  5.0 3.01486E+04
  5.5 3.58582E+04
  6.0 4.17362E+04
  6.5 4.77801E+04
  7.0 5.39893E+04
  7.5 6.03649E+04
  8.0 6.69102E+04
  8.5 4.52384E+05
  9.0 8.05382E+04
  9.5 5.38062E+05
 10.0 4.53024E+05
 10.5 3.75462E+04
 11.0 4.02985E+04
 11.5 6.13421E+04
 12.0 3.09451E+04
 12.5 2.87987E+04
 13.0 3.05475E+04
 13.5 3.23134E+04
 14.0 3.40962E+04
 14.5 3.58957E+04
 15.0 3.77119E+04
 15.5 3.95445E+04
 16.0 4.13933E+04
 16.5 4.32580E+04
 17.0 4.51375E+04
 17.5 4.70309E+04
 18.0 4.89358E+04
 18.5 5.08494E+04
 19.0 5.27679E+04
 19.5 5.46861E+04
 20.0 5.65979E+04
 20.5 5.84963E+04
 21.0 6.03733E+04
 21.5 6.22201E+04
 22.0 6.40280E+04
 22.5 6.57877E+04
 23.0 6.74903E+04
 23.5 6.91270E+04
 24.0 7.06900E+04
 24.5 7.21719E+04
 25.0 7.35664E+04
 25.5 7.48680E+04
 26.0 7.60725E+04
 26.5 7.71766E+04
 27.0 7.81780E+04
 27.5 7.90755E+04
 28.0 7.98687E+04
 28.5 8.05581E+04
 29.0 8.11451E+04
 29.5 8.16317E+04
 30.0 8.20204E+04
 30.5 8.23142E+04
 31.0 8.25166E+04
 31.5 8.26314E+04
 32.0 8.26625E+04
 32.5 8.26143E+04
 33.0 8.24910E+04
 33.5 8.22970E+04
 34.0 8.20366E+04
 34.5 8.17143E+04
 35.0 8.13344E+04
 35.5 8.09008E+04
 36.0 8.04180E+04
 36.5 7.98896E+04
 37.0 7.93196E+04
 37.5 7.87116E+04
 38.0 7.80691E+04
 38.5 7.73952E+04
 39.0 7.66933E+04
 39.5 7.59661E+04
 40.0 7.52165E+04
 40.5 7.44471E+04
 41.0 7.36602E+04
 41.5 7.28583E+04
 42.0 7.20434E+04
 42.5 7.12173E+04
 43.0 7.03821E+04
 43.5 6.95394E+04
 44.0 6.86906E+04
 44.5 6.78373E+04
 45.0 6.69807E+04
 45.5 6.61221E+04
 46.0 6.52626E+04
 46.5 6.44031E+04
 47.0 6.35445E+04
 47.5 6.26878E+04
 48.0 6.18336E+04
 48.5 6.09827E+04
 49.0 6.01355E+04
 49.5 5.92927E+04
 50.0 5.84547E+04
 50.5 5.76219E+04
 51.0 5.67949E+04
 51.5 5.59737E+04
 52.0 5.51588E+04
 52.5 5.43504E+04
 53.0 5.35487E+04
 53.5 5.27539E+04
 54.0 5.19661E+04
 54.5 5.11853E+04
 55.0 5.04119E+04
 55.5 4.96457E+04
 56.0 4.88868E+04
 56.5 4.81353E+04
 57.0 4.73912E+04
 57.5 4.66544E+04
 58.0 1.61955E+05
 58.5 4.52029E+04
 59.0 4.44880E+04
 59.5 2.48072E+05
 60.0 4.30798E+04
 60.5 4.23863E+04
 61.0 4.16998E+04
 61.5 4.10203E+04
 62.0 4.03475E+04
 62.5 3.96815E+04
 63.0 3.90220E+04
 63.5 3.83691E+04
 64.0 3.77226E+04
 64.5 3.70824E+04
 65.0 3.64483E+04
 65.5 3.58204E+04
 66.0 3.51984E+04
 66.5 3.45823E+04
 67.0 1.03791E+05
 67.5 3.33672E+04
 68.0 3.27680E+04
 68.5 3.21742E+04
 69.0 5.00874E+04
 69.5 2.99412E+04
 70.0 2.41976E+04
 70.5 2.38994E+04
 71.0 2.35967E+04
 71.5 2.32897E+04
 72.0 2.29784E+04
 72.5 2.26631E+04
 73.0 2.23438E+04
 73.5 2.20207E+04
 74.0 2.16938E+04
 74.5 2.13634E+04
 75.0 2.10295E+04
 75.5 2.06923E+04
 76.0 2.03519E+04
 76.5 2.00084E+04
 77.0 1.96619E+04
 77.5 1.93125E+04
 78.0 1.89604E+04
 78.5 1.86057E+04
 79.0 1.82484E+04
 79.5 1.78888E+04
 80.0 1.75268E+04
 80.5 1.71627E+04
 81.0 1.67965E+04
 81.5 1.64283E+04
 82.0 1.60582E+04
 82.5 1.56864E+04
 83.0 1.53128E+04
 83.5 1.49378E+04
 84.0 1.45612E+04
 84.5 1.41832E+04
 85.0 1.38040E+04
 85.5 1.34236E+04
 86.0 1.30420E+04
 86.5 1.26595E+04
 87.0 1.22760E+04
 87.5 1.18917E+04
 88.0 1.15067E+04
 88.5 1.11210E+04
 89.0 1.07348E+04
 89.5 1.03480E+04
 90.0 9.96084E+03
 90.5 9.57336E+03
 91.0 9.18562E+03
 91.5 8.79772E+03
 92.0 8.40974E+03
 92.5 8.02175E+03
 93.0 7.63382E+03
 93.5 7.24603E+03
 94.0 6.85846E+03
 94.5 6.47119E+03
 95.0 6.08427E+03
 95.5 5.69780E+03
 96.0 5.31183E+03
 96.5 4.92644E+03
 97.0 4.54170E+03
 97.5 4.15768E+03
 98.0 3.77444E+03
 98.5 3.39206E+03
 99.0 3.01061E+03
 99.5 2.63014E+03
100.0 2.25073E+03
100.5 1.87244E+03
101.0 1.49533E+03
101.5 1.11948E+03
102.0 7.44940E+02
102.5 3.71780E+02
103.0 3.09460E+01
