103K14D0W2
  0.5 0.00000E+00
  1.0 0.00000E+00
  1.5 0.00000E+00
  2.0 0.00000E+00
  2.5 0.00000E+00
  3.0 0.00000E+00
  3.5 2.54262E+04
  4.0 3.33402E+04
  4.5 4.16086E+04
  5.0 5.02228E+04
  5.5 5.91828E+04
  6.0 6.84934E+04
  6.5 7.81649E+04
  7.0 8.82150E+04
  7.5 9.86715E+04
  8.0 1.09574E+05
  8.5 1.52508E+06
  9.0 1.32869E+05
  9.5 1.28799E+06
 10.0 1.07538E+06
 10.5 6.12618E+04
 11.0 6.57754E+04
 11.5 1.61824E+05
 12.0 5.04555E+04
 12.5 4.69453E+04
 13.0 4.97896E+04
 13.5 5.26813E+04
 14.0 5.56210E+04
 14.5 5.86085E+04
 15.0 6.16421E+04
 15.5 6.47176E+04
 16.0 6.78284E+04
 16.5 7.09642E+04
 17.0 7.41114E+04
 17.5 7.72535E+04
 18.0 8.03710E+04
 18.5 8.34427E+04
 19.0 8.64463E+04
 19.5 8.93594E+04
 20.0 9.21601E+04
 20.5 9.48285E+04
 21.0 9.73462E+04
 21.5 9.96976E+04
 22.0 1.01870E+05
 22.5 1.03854E+05
 23.0 1.05642E+05
 23.5 1.07230E+05
 24.0 1.08618E+05
 24.5 1.09804E+05
 25.0 1.10794E+05
 25.5 1.11590E+05
 26.0 1.12201E+05
 26.5 1.12632E+05
 27.0 1.12893E+05
 27.5 1.12992E+05
 28.0 1.12939E+05
 28.5 1.12744E+05
 29.0 1.12417E+05
 29.5 1.11967E+05
 30.0 1.11405E+05
 30.5 1.10740E+05
 31.0 1.09980E+05
 31.5 1.09136E+05
 32.0 1.08216E+05
 32.5 1.07227E+05
 33.0 1.06177E+05
 33.5 1.05073E+05
 34.0 1.03922E+05
 34.5 1.02730E+05
 35.0 1.01503E+05
 35.5 1.00246E+05
 36.0 9.89646E+04
 36.5 9.76625E+04
 37.0 9.63443E+04
 37.5 9.50137E+04
 38.0 9.36741E+04
 38.5 9.23286E+04
 39.0 9.09802E+04
 39.5 8.96313E+04
 40.0 8.82844E+04
 40.5 8.69414E+04
 41.0 8.56042E+04
 41.5 8.42745E+04
 42.0 8.29536E+04
 42.5 8.16429E+04
 43.0 8.03436E+04
 43.5 7.90565E+04
 44.0 7.77826E+04
 44.5 7.65226E+04
 45.0 7.52770E+04
 45.5 7.40464E+04
 46.0 7.28312E+04
 46.5 7.16318E+04
 47.0 7.04484E+04
 47.5 6.92812E+04
 48.0 6.81304E+04
 48.5 6.69959E+04
 49.0 6.58780E+04
 49.5 6.47765E+04
 50.0 6.36913E+04
 50.5 6.26225E+04
 51.0 6.15699E+04
 51.5 6.05333E+04
 52.0 5.95126E+04
 52.5 5.85076E+04
 53.0 5.75181E+04
 53.5 5.65438E+04
 54.0 5.55846E+04
 54.5 5.46401E+04
 55.0 5.37101E+04
 55.5 5.27944E+04
 56.0 5.18927E+04
 56.5 5.10046E+04
 57.0 5.01300E+04
 57.5 4.92685E+04
 58.0 1.75178E+05
 58.5 4.75839E+04
 59.0 4.67601E+04
 59.5 2.67989E+05
 60.0 4.51483E+04
 60.5 4.43597E+04
 61.0 4.35822E+04
 61.5 4.28157E+04
 62.0 4.20598E+04
 62.5 4.13142E+04
 63.0 4.05787E+04
 63.5 3.98531E+04
 64.0 3.91370E+04
 64.5 3.84303E+04
 65.0 3.77327E+04
 65.5 3.70439E+04
 66.0 3.63638E+04
 66.5 3.56920E+04
 67.0 1.09191E+05
 67.5 3.43728E+04
 68.0 3.37249E+04
 68.5 3.30846E+04
 69.0 5.20157E+04
 69.5 3.10918E+04
 70.0 2.69059E+04
 70.5 2.64937E+04
 71.0 2.60805E+04
 71.5 2.56663E+04
 72.0 2.52513E+04
 72.5 2.48354E+04
 73.0 2.44189E+04
 73.5 2.40016E+04
 74.0 2.35838E+04
 74.5 2.31654E+04
 75.0 2.27465E+04
 75.5 2.23272E+04
 76.0 2.19075E+04
 76.5 2.14875E+04
 77.0 2.10672E+04
 77.5 2.06468E+04
 78.0 2.02262E+04
 78.5 1.98055E+04
 79.0 1.93847E+04
 79.5 1.89640E+04
 80.0 1.85433E+04
 80.5 1.81227E+04
 81.0 1.77022E+04
 81.5 1.72820E+04
 82.0 1.68620E+04
 82.5 1.64423E+04
 83.0 1.60229E+04
 83.5 1.56039E+04
 84.0 1.51853E+04
 84.5 1.47672E+04
 85.0 1.43496E+04
 85.5 1.39325E+04
 86.0 1.35161E+04
 86.5 1.31002E+04
 87.0 1.26851E+04
 87.5 1.22706E+04
 88.0 1.18569E+04
 88.5 1.14441E+04
 89.0 1.10320E+04
 89.5 1.06209E+04
 90.0 1.02106E+04
 90.5 9.80136E+03
 91.0 9.39309E+03
 91.5 8.98587E+03
 92.0 8.57972E+03
 92.5 8.17471E+03
 93.0 7.77085E+03
 93.5 7.36820E+03
 94.0 6.96679E+03
 94.5 6.56667E+03
 95.0 6.16787E+03
 95.5 5.77044E+03
 96.0 5.37440E+03
 96.5 4.97982E+03
 97.0 4.58671E+03
 97.5 4.19513E+03
 98.0 3.80512E+03
 98.5 3.41672E+03
 99.0 3.02996E+03
 99.5 2.64489E+03
100.0 2.26154E+03
100.5 1.87997E+03
101.0 1.50020E+03
101.5 1.12229E+03
102.0 7.46274E+02
102.5 3.72191E+02
103.0 3.09674E+01
