103K12D0W2
  0.5 0.00000E+00
  1.0 0.00000E+00
  1.5 0.00000E+00
  2.0 0.00000E+00
  2.5 0.00000E+00
  3.0 0.00000E+00
  3.5 2.08185E+04
  4.0 2.76173E+04
  4.5 3.47044E+04
  5.0 4.20659E+04
  5.5 4.96972E+04
  6.0 5.75981E+04
  6.5 6.57721E+04
  7.0 7.42263E+04
  7.5 8.29733E+04
  8.0 9.20328E+04
  8.5 1.04758E+06
  9.0 1.11198E+05
  9.5 9.84573E+05
 10.0 8.23498E+05
 10.5 5.15641E+04
 11.0 5.53398E+04
 11.5 1.16068E+05
 12.0 4.24839E+04
 12.5 3.95338E+04
 13.0 4.19214E+04
 13.5 4.43421E+04
 14.0 4.67962E+04
 14.5 4.92840E+04
 15.0 5.18055E+04
 15.5 5.43597E+04
 16.0 5.69447E+04
 16.5 5.95565E+04
 17.0 6.21893E+04
 17.5 6.48352E+04
 18.0 6.74837E+04
 18.5 7.01224E+04
 19.0 7.27370E+04
 19.5 7.53120E+04
 20.0 7.78310E+04
 20.5 8.02776E+04
 21.0 8.26356E+04
 21.5 8.48899E+04
 22.0 8.70268E+04
 22.5 8.90342E+04
 23.0 9.09019E+04
 23.5 9.26219E+04
 24.0 9.41881E+04
 24.5 9.55964E+04
 25.0 9.68449E+04
 25.5 9.79330E+04
 26.0 9.88621E+04
 26.5 9.96350E+04
 27.0 1.00255E+05
 27.5 1.00728E+05
 28.0 1.01060E+05
 28.5 1.01255E+05
 29.0 1.01323E+05
 29.5 1.01269E+05
 30.0 1.01101E+05
 30.5 1.00827E+05
 31.0 1.00453E+05
 31.5 9.99888E+04
 32.0 9.94398E+04
 32.5 9.88136E+04
 33.0 9.81169E+04
 33.5 9.73564E+04
 34.0 9.65381E+04
 34.5 9.56681E+04
 35.0 9.47519E+04
 35.5 9.37946E+04
 36.0 9.28013E+04
 36.5 9.17766E+04
 37.0 9.07247E+04
 37.5 8.96495E+04
 38.0 8.85548E+04
 38.5 8.74440E+04
 39.0 8.63201E+04
 39.5 8.51860E+04
 40.0 8.40444E+04
 40.5 8.28976E+04
 41.0 8.17478E+04
 41.5 8.05969E+04
 42.0 7.94468E+04
 42.5 7.82991E+04
 43.0 7.71552E+04
 43.5 7.60163E+04
 44.0 7.48838E+04
 44.5 7.37585E+04
 45.0 7.26414E+04
 45.5 7.15333E+04
 46.0 7.04348E+04
 46.5 6.93466E+04
 47.0 6.82692E+04
 47.5 6.72031E+04
 48.0 6.61486E+04
 48.5 6.51060E+04
 49.0 6.40755E+04
 49.5 6.30574E+04
 50.0 6.20518E+04
 50.5 6.10588E+04
 51.0 6.00784E+04
 51.5 5.91107E+04
 52.0 5.81557E+04
 52.5 5.72133E+04
 53.0 5.62835E+04
 53.5 5.53662E+04
 54.0 5.44612E+04
 54.5 5.35686E+04
 55.0 5.26880E+04
 55.5 5.18195E+04
 56.0 5.09628E+04
 56.5 5.01177E+04
 57.0 4.92841E+04
 57.5 4.84617E+04
 58.0 1.71076E+05
 58.5 4.68500E+04
 59.0 4.60603E+04
 59.5 2.61817E+05
 60.0 4.45120E+04
 60.5 4.37531E+04
 61.0 4.30039E+04
 61.5 4.22644E+04
 62.0 4.15343E+04
 62.5 4.08134E+04
 63.0 4.01015E+04
 63.5 3.93984E+04
 64.0 3.87039E+04
 64.5 3.80178E+04
 65.0 3.73398E+04
 65.5 3.66698E+04
 66.0 3.60076E+04
 66.5 3.53530E+04
 67.0 1.07532E+05
 67.5 3.40658E+04
 68.0 3.34329E+04
 68.5 3.28069E+04
 69.0 5.14253E+04
 69.5 3.07358E+04
 70.0 2.60501E+04
 70.5 2.56750E+04
 71.0 2.52977E+04
 71.5 2.49183E+04
 72.0 2.45369E+04
 72.5 2.41535E+04
 73.0 2.37682E+04
 73.5 2.33812E+04
 74.0 2.29926E+04
 74.5 2.26023E+04
 75.0 2.22106E+04
 75.5 2.18175E+04
 76.0 2.14230E+04
 76.5 2.10273E+04
 77.0 2.06305E+04
 77.5 2.02325E+04
 78.0 1.98336E+04
 78.5 1.94337E+04
 79.0 1.90329E+04
 79.5 1.86314E+04
 80.0 1.82292E+04
 80.5 1.78263E+04
 81.0 1.74228E+04
 81.5 1.70189E+04
 82.0 1.66144E+04
 82.5 1.62097E+04
 83.0 1.58046E+04
 83.5 1.53992E+04
 84.0 1.49937E+04
 84.5 1.45880E+04
 85.0 1.41823E+04
 85.5 1.37766E+04
 86.0 1.33709E+04
 86.5 1.29654E+04
 87.0 1.25600E+04
 87.5 1.21548E+04
 88.0 1.17500E+04
 88.5 1.13455E+04
 89.0 1.09413E+04
 89.5 1.05377E+04
 90.0 1.01345E+04
 90.5 9.73193E+03
 91.0 9.32995E+03
 91.5 8.92864E+03
 92.0 8.52804E+03
 92.5 8.12823E+03
 93.0 7.72923E+03
 93.5 7.33111E+03
 94.0 6.93392E+03
 94.5 6.53771E+03
 95.0 6.14253E+03
 95.5 5.74842E+03
 96.0 5.35545E+03
 96.5 4.96366E+03
 97.0 4.57309E+03
 97.5 4.18380E+03
 98.0 3.79585E+03
 98.5 3.40926E+03
 99.0 3.02411E+03
 99.5 2.64043E+03
100.0 2.25828E+03
100.5 1.87769E+03
101.0 1.49873E+03
101.5 1.12144E+03
102.0 7.45872E+02
102.5 3.72067E+02
103.0 3.09610E+01
