103K10D0W2
  0.5 0.00000E+00
  1.0 0.00000E+00
  1.5 0.00000E+00
  2.0 0.00000E+00
  2.5 0.00000E+00
  3.0 0.00000E+00
  3.5 1.63211E+04
  4.0 2.20158E+04
  4.5 2.79430E+04
  5.0 3.40818E+04
  5.5 4.04236E+04
  6.0 4.69650E+04
  6.5 5.37051E+04
  7.0 6.06449E+04
  7.5 6.77884E+04
  8.0 7.51426E+04
  8.5 6.28609E+05
  9.0 9.05338E+04
  9.5 6.82604E+05
 10.0 5.72952E+05
 10.5 4.21552E+04
 11.0 4.52387E+04
 11.5 7.73433E+04
 12.0 3.47408E+04
 12.5 3.23309E+04
 13.0 3.42872E+04
 13.5 3.62652E+04
 14.0 3.82648E+04
 14.5 4.02861E+04
 15.0 4.23291E+04
 15.5 4.43936E+04
 16.0 4.64793E+04
 16.5 4.85853E+04
 17.0 5.07097E+04
 17.5 5.28501E+04
 18.0 5.50023E+04
 18.5 5.71612E+04
 19.0 5.93201E+04
 19.5 6.14706E+04
 20.0 6.36036E+04
 20.5 6.57086E+04
 21.0 6.77746E+04
 21.5 6.97903E+04
 22.0 7.17443E+04
 22.5 7.36258E+04
 23.0 7.54245E+04
 23.5 7.71310E+04
 24.0 7.87372E+04
 24.5 8.02361E+04
 25.0 8.16222E+04
 25.5 8.28910E+04
 26.0 8.40399E+04
 26.5 8.50669E+04
 27.0 8.59717E+04
 27.5 8.67550E+04
 28.0 8.74183E+04
 28.5 8.79640E+04
 29.0 8.83955E+04
 29.5 8.87164E+04
 30.0 8.89310E+04
 30.5 8.90442E+04
 31.0 8.90607E+04
 31.5 8.89859E+04
 32.0 8.88249E+04
 32.5 8.85832E+04
 33.0 8.82660E+04
 33.5 8.78788E+04
 34.0 8.74266E+04
 34.5 8.69145E+04
 35.0 8.63475E+04
 35.5 8.57300E+04
 36.0 8.50669E+04
 36.5 8.43622E+04
 37.0 8.36200E+04
 37.5 8.28444E+04
 38.0 8.20388E+04
 38.5 8.12067E+04
 39.0 8.03513E+04
 39.5 7.94757E+04
 40.0 7.85824E+04
 40.5 7.76743E+04
 41.0 7.67535E+04
 41.5 7.58225E+04
 42.0 7.48832E+04
 42.5 7.39375E+04
 43.0 7.29871E+04
 43.5 7.20336E+04
 44.0 7.10785E+04
 44.5 7.01229E+04
 45.0 6.91682E+04
 45.5 6.82155E+04
 46.0 6.72656E+04
 46.5 6.63194E+04
 47.0 6.53778E+04
 47.5 6.44415E+04
 48.0 6.35110E+04
 48.5 6.25869E+04
 49.0 6.16696E+04
 49.5 6.07597E+04
 50.0 5.98575E+04
 50.5 5.89633E+04
 51.0 5.80773E+04
 51.5 5.71997E+04
 52.0 5.63309E+04
 52.5 5.54708E+04
 53.0 5.46196E+04
 53.5 5.37774E+04
 54.0 5.29443E+04
 54.5 5.21202E+04
 55.0 5.13052E+04
 55.5 5.04993E+04
 56.0 4.97025E+04
 56.5 4.89146E+04
 57.0 4.81356E+04
 57.5 4.73655E+04
 58.0 1.65532E+05
 58.5 4.58515E+04
 59.0 4.51074E+04
 59.5 2.53467E+05
 60.0 4.36445E+04
 60.5 4.29254E+04
 61.0 4.22144E+04
 61.5 4.15114E+04
 62.0 4.08161E+04
 62.5 4.01286E+04
 63.0 3.94486E+04
 63.5 3.87759E+04
 64.0 3.81106E+04
 64.5 3.74523E+04
 65.0 3.68010E+04
 65.5 3.61565E+04
 66.0 3.55187E+04
 66.5 3.48874E+04
 67.0 1.05267E+05
 67.5 3.36439E+04
 68.0 3.30314E+04
 68.5 3.24249E+04
 69.0 5.06164E+04
 69.5 3.02534E+04
 70.0 2.49159E+04
 70.5 2.45885E+04
 71.0 2.42574E+04
 71.5 2.39228E+04
 72.0 2.35847E+04
 72.5 2.32434E+04
 73.0 2.28988E+04
 73.5 2.25512E+04
 74.0 2.22006E+04
 74.5 2.18472E+04
 75.0 2.14910E+04
 75.5 2.11323E+04
 76.0 2.07710E+04
 76.5 2.04073E+04
 77.0 2.00413E+04
 77.5 1.96732E+04
 78.0 1.93029E+04
 78.5 1.89307E+04
 79.0 1.85565E+04
 79.5 1.81806E+04
 80.0 1.78030E+04
 80.5 1.74237E+04
 81.0 1.70430E+04
 81.5 1.66608E+04
 82.0 1.62773E+04
 82.5 1.58926E+04
 83.0 1.55067E+04
 83.5 1.51198E+04
 84.0 1.47319E+04
 84.5 1.43431E+04
 85.0 1.39534E+04
 85.5 1.35631E+04
 86.0 1.31721E+04
 86.5 1.27805E+04
 87.0 1.23884E+04
 87.5 1.19959E+04
 88.0 1.16030E+04
 88.5 1.12099E+04
 89.0 1.08166E+04
 89.5 1.04232E+04
 90.0 1.00297E+04
 90.5 9.63626E+03
 91.0 9.24290E+03
 91.5 8.84969E+03
 92.0 8.45672E+03
 92.5 8.06404E+03
 93.0 7.67173E+03
 93.5 7.27985E+03
 94.0 6.88846E+03
 94.5 6.49764E+03
 95.0 6.10745E+03
 95.5 5.71794E+03
 96.0 5.32919E+03
 96.5 4.94126E+03
 97.0 4.55420E+03
 97.5 4.16808E+03
 98.0 3.78297E+03
 98.5 3.39892E+03
 99.0 3.01599E+03
 99.5 2.63424E+03
100.0 2.25374E+03
100.5 1.87453E+03
101.0 1.49669E+03
101.5 1.12026E+03
102.0 7.45312E+02
102.5 3.71895E+02
103.0 3.09520E+01
