103K18D0W2
  0.5 0.00000E+00
  1.0 0.00000E+00
  1.5 0.00000E+00
  2.0 0.00000E+00
  2.5 0.00000E+00
  3.0 0.00000E+00
  3.5 3.49871E+04
  4.0 4.51958E+04
  4.5 5.59161E+04
  5.0 6.71516E+04
  5.5 7.89149E+04
  6.0 9.12292E+04
  6.5 1.04132E+05
  7.0 1.17684E+05
  7.5 1.31962E+05
  8.0 1.47041E+05
  8.5 2.55055E+06
  9.0 1.79570E+05
  9.5 1.86303E+06
 10.0 1.55328E+06
 10.5 8.17125E+04
 11.0 8.78673E+04
 11.5 2.65941E+05
 12.0 6.72315E+04
 12.5 6.25269E+04
 13.0 6.63763E+04
 13.5 7.03079E+04
 14.0 7.43179E+04
 14.5 7.83971E+04
 15.0 8.25309E+04
 15.5 8.66981E+04
 16.0 9.08718E+04
 16.5 9.50197E+04
 17.0 9.91066E+04
 17.5 1.03096E+05
 18.0 1.06950E+05
 18.5 1.10634E+05
 19.0 1.14118E+05
 19.5 1.17372E+05
 20.0 1.20375E+05
 20.5 1.23109E+05
 21.0 1.25561E+05
 21.5 1.27726E+05
 22.0 1.29599E+05
 22.5 1.31182E+05
 23.0 1.32481E+05
 23.5 1.33504E+05
 24.0 1.34260E+05
 24.5 1.34763E+05
 25.0 1.35026E+05
 25.5 1.35065E+05
 26.0 1.34893E+05
 26.5 1.34527E+05
 27.0 1.33983E+05
 27.5 1.33275E+05
 28.0 1.32420E+05
 28.5 1.31430E+05
 29.0 1.30321E+05
 29.5 1.29105E+05
 30.0 1.27794E+05
 30.5 1.26401E+05
 31.0 1.24935E+05
 31.5 1.23407E+05
 32.0 1.21827E+05
 32.5 1.20202E+05
 33.0 1.18541E+05
 33.5 1.16851E+05
 34.0 1.15137E+05
 34.5 1.13407E+05
 35.0 1.11665E+05
 35.5 1.09917E+05
 36.0 1.08165E+05
 36.5 1.06416E+05
 37.0 1.04671E+05
 37.5 1.02933E+05
 38.0 1.01207E+05
 38.5 9.94928E+04
 39.0 9.77939E+04
 39.5 9.61118E+04
 40.0 9.44480E+04
 40.5 9.28038E+04
 41.0 9.11803E+04
 41.5 8.95786E+04
 42.0 8.79993E+04
 42.5 8.64431E+04
 43.0 8.49105E+04
 43.5 8.34019E+04
 44.0 8.19175E+04
 44.5 8.04575E+04
 45.0 7.90219E+04
 45.5 7.76108E+04
 46.0 7.62241E+04
 46.5 7.48617E+04
 47.0 7.35235E+04
 47.5 7.22091E+04
 48.0 7.09183E+04
 48.5 6.96509E+04
 49.0 6.84065E+04
 49.5 6.71847E+04
 50.0 6.59853E+04
 50.5 6.48077E+04
 51.0 6.36516E+04
 51.5 6.25166E+04
 52.0 6.14022E+04
 52.5 6.03080E+04
 53.0 5.92336E+04
 53.5 5.81786E+04
 54.0 5.71424E+04
 54.5 5.61246E+04
 55.0 5.51248E+04
 55.5 5.41427E+04
 56.0 5.31776E+04
 56.5 5.22292E+04
 57.0 5.12970E+04
 57.5 5.03807E+04
 58.0 1.80862E+05
 58.5 4.85939E+04
 59.0 4.77226E+04
 59.5 2.76529E+05
 60.0 4.60222E+04
 60.5 4.51924E+04
 61.0 4.43756E+04
 61.5 4.35715E+04
 62.0 4.27797E+04
 62.5 4.19999E+04
 63.0 4.12318E+04
 63.5 4.04750E+04
 64.0 3.97292E+04
 64.5 3.89941E+04
 65.0 3.82694E+04
 65.5 3.75547E+04
 66.0 3.68498E+04
 66.5 3.61545E+04
 67.0 1.11467E+05
 67.5 3.47912E+04
 68.0 3.41227E+04
 68.5 3.34627E+04
 69.0 5.28227E+04
 69.5 3.15840E+04
 70.0 2.81152E+04
 70.5 2.76488E+04
 71.0 2.71833E+04
 71.5 2.67187E+04
 72.0 2.62550E+04
 72.5 2.57923E+04
 73.0 2.53306E+04
 73.5 2.48699E+04
 74.0 2.44101E+04
 74.5 2.39514E+04
 75.0 2.34937E+04
 75.5 2.30371E+04
 76.0 2.25815E+04
 76.5 2.21270E+04
 77.0 2.16736E+04
 77.5 2.12213E+04
 78.0 2.07701E+04
 78.5 2.03201E+04
 79.0 1.98711E+04
 79.5 1.94234E+04
 80.0 1.89768E+04
 80.5 1.85314E+04
 81.0 1.80872E+04
 81.5 1.76443E+04
 82.0 1.72025E+04
 82.5 1.67620E+04
 83.0 1.63227E+04
 83.5 1.58848E+04
 84.0 1.54481E+04
 84.5 1.50127E+04
 85.0 1.45786E+04
 85.5 1.41459E+04
 86.0 1.37145E+04
 86.5 1.32845E+04
 87.0 1.28558E+04
 87.5 1.24286E+04
 88.0 1.20028E+04
 88.5 1.15784E+04
 89.0 1.11555E+04
 89.5 1.07341E+04
 90.0 1.03142E+04
 90.5 9.89575E+03
 91.0 9.47889E+03
 91.5 9.06359E+03
 92.0 8.64987E+03
 92.5 8.23776E+03
 93.0 7.82729E+03
 93.5 7.41846E+03
 94.0 7.01132E+03
 94.5 6.60588E+03
 95.0 6.20217E+03
 95.5 5.80021E+03
 96.0 5.40003E+03
 96.5 5.00166E+03
 97.0 4.60512E+03
 97.5 4.21044E+03
 98.0 3.81764E+03
 98.5 3.42677E+03
 99.0 3.03784E+03
 99.5 2.65089E+03
100.0 2.26594E+03
100.5 1.88303E+03
101.0 1.50218E+03
101.5 1.12343E+03
102.0 7.46815E+02
102.5 3.72357E+02
103.0 3.09761E+01
