103K21D0W2
  0.5 0.00000E+00
  1.0 0.00000E+00
  1.5 0.00000E+00
  2.0 0.00000E+00
  2.5 0.00000E+00
  3.0 0.00000E+00
  3.5 4.25021E+04
  4.0 5.45115E+04
  4.5 6.71726E+04
  5.0 8.05007E+04
  5.5 9.45250E+04
  6.0 1.09294E+05
  6.5 1.24886E+05
  7.0 1.41410E+05
  7.5 1.58980E+05
  8.0 1.77641E+05
  8.5 3.32146E+06
  9.0 2.17597E+05
  9.5 2.25522E+06
 10.0 1.87957E+06
 10.5 9.81854E+04
 11.0 1.05729E+05
 11.5 3.49227E+05
 12.0 8.07067E+04
 12.5 7.50267E+04
 13.0 7.97191E+04
 13.5 8.45155E+04
 14.0 8.93996E+04
 14.5 9.43459E+04
 15.0 9.93201E+04
 15.5 1.04280E+05
 16.0 1.09178E+05
 16.5 1.13965E+05
 17.0 1.18589E+05
 17.5 1.23005E+05
 18.0 1.27168E+05
 18.5 1.31042E+05
 19.0 1.34597E+05
 19.5 1.37812E+05
 20.0 1.40670E+05
 20.5 1.43165E+05
 21.0 1.45295E+05
 21.5 1.47063E+05
 22.0 1.48478E+05
 22.5 1.49552E+05
 23.0 1.50301E+05
 23.5 1.50742E+05
 24.0 1.50895E+05
 24.5 1.50780E+05
 25.0 1.50417E+05
 25.5 1.49826E+05
 26.0 1.49029E+05
 26.5 1.48045E+05
 27.0 1.46893E+05
 27.5 1.45591E+05
 28.0 1.44157E+05
 28.5 1.42607E+05
 29.0 1.40955E+05
 29.5 1.39217E+05
 30.0 1.37404E+05
 30.5 1.35528E+05
 31.0 1.33601E+05
 31.5 1.31633E+05
 32.0 1.29632E+05
 32.5 1.27606E+05
 33.0 1.25563E+05
 33.5 1.23510E+05
 34.0 1.21452E+05
 34.5 1.19394E+05
 35.0 1.17341E+05
 35.5 1.15298E+05
 36.0 1.13267E+05
 36.5 1.11253E+05
 37.0 1.09257E+05
 37.5 1.07283E+05
 38.0 1.05331E+05
 38.5 1.03405E+05
 39.0 1.01504E+05
 39.5 9.96316E+04
 40.0 9.77874E+04
 40.5 9.59725E+04
 41.0 9.41875E+04
 41.5 9.24328E+04
 42.0 9.07088E+04
 42.5 8.90156E+04
 43.0 8.73533E+04
 43.5 8.57219E+04
 44.0 8.41211E+04
 44.5 8.25510E+04
 45.0 8.10111E+04
 45.5 7.95011E+04
 46.0 7.80208E+04
 46.5 7.65696E+04
 47.0 7.51471E+04
 47.5 7.37529E+04
 48.0 7.23865E+04
 48.5 7.10473E+04
 49.0 6.97348E+04
 49.5 6.84484E+04
 50.0 6.71875E+04
 50.5 6.59517E+04
 51.0 6.47403E+04
 51.5 6.35528E+04
 52.0 6.23885E+04
 52.5 6.12469E+04
 53.0 6.01274E+04
 53.5 5.90295E+04
 54.0 5.79526E+04
 54.5 5.68961E+04
 55.0 5.58595E+04
 55.5 5.48422E+04
 56.0 5.38438E+04
 56.5 5.28636E+04
 57.0 5.19012E+04
 57.5 5.09561E+04
 58.0 1.83815E+05
 58.5 4.91158E+04
 59.0 4.82197E+04
 59.5 2.80962E+05
 60.0 4.64730E+04
 60.5 4.56216E+04
 61.0 4.47844E+04
 61.5 4.39607E+04
 62.0 4.31503E+04
 62.5 4.23528E+04
 63.0 4.15677E+04
 63.5 4.07947E+04
 64.0 4.00335E+04
 64.5 3.92837E+04
 65.0 3.85449E+04
 65.5 3.78168E+04
 66.0 3.70992E+04
 66.5 3.63916E+04
 67.0 1.12640E+05
 67.5 3.50055E+04
 68.0 3.43265E+04
 68.5 3.36564E+04
 69.0 5.32373E+04
 69.5 3.18394E+04
 70.0 2.87544E+04
 70.5 2.82586E+04
 71.0 2.77648E+04
 71.5 2.72729E+04
 72.0 2.67830E+04
 72.5 2.62951E+04
 73.0 2.58091E+04
 73.5 2.53251E+04
 74.0 2.48429E+04
 74.5 2.43626E+04
 75.0 2.38843E+04
 75.5 2.34078E+04
 76.0 2.29331E+04
 76.5 2.24603E+04
 77.0 2.19893E+04
 77.5 2.15201E+04
 78.0 2.10528E+04
 78.5 2.05873E+04
 79.0 2.01235E+04
 79.5 1.96616E+04
 80.0 1.92014E+04
 80.5 1.87430E+04
 81.0 1.82863E+04
 81.5 1.78315E+04
 82.0 1.73783E+04
 82.5 1.69270E+04
 83.0 1.64774E+04
 83.5 1.60295E+04
 84.0 1.55834E+04
 84.5 1.51390E+04
 85.0 1.46964E+04
 85.5 1.42555E+04
 86.0 1.38164E+04
 86.5 1.33790E+04
 87.0 1.29434E+04
 87.5 1.25096E+04
 88.0 1.20775E+04
 88.5 1.16472E+04
 89.0 1.12187E+04
 89.5 1.07920E+04
 90.0 1.03671E+04
 90.5 9.94401E+03
 91.0 9.52273E+03
 91.5 9.10328E+03
 92.0 8.68568E+03
 92.5 8.26994E+03
 93.0 7.85607E+03
 93.5 7.44409E+03
 94.0 7.03401E+03
 94.5 6.62585E+03
 95.0 6.21963E+03
 95.5 5.81536E+03
 96.0 5.41307E+03
 96.5 5.01276E+03
 97.0 4.61447E+03
 97.5 4.21821E+03
 98.0 3.82401E+03
 98.5 3.43188E+03
 99.0 3.04185E+03
 99.5 2.65394E+03
100.0 2.26817E+03
100.5 1.88458E+03
101.0 1.50319E+03
101.5 1.12401E+03
102.0 7.47090E+02
102.5 3.72441E+02
103.0 3.09805E+01
