103K22D0W2
  0.5 0.00000E+00
  1.0 0.00000E+00
  1.5 0.00000E+00
  2.0 0.00000E+00
  2.5 0.00000E+00
  3.0 0.00000E+00
  3.5 4.50824E+04
  4.0 5.77110E+04
  4.5 7.10425E+04
  5.0 8.50972E+04
  5.5 9.99114E+04
  6.0 1.15546E+05
  6.5 1.32095E+05
  7.0 1.49690E+05
  7.5 1.68445E+05
  8.0 1.88376E+05
  8.5 3.57332E+06
  9.0 2.30821E+05
  9.5 2.37832E+06
 10.0 1.98202E+06
 10.5 1.03931E+05
 11.0 1.11966E+05
 11.5 3.77355E+05
 12.0 8.53983E+04
 12.5 7.93756E+04
 13.0 8.43656E+04
 13.5 8.94635E+04
 14.0 9.46471E+04
 14.5 9.98829E+04
 15.0 1.05129E+05
 15.5 1.10336E+05
 16.0 1.15449E+05
 16.5 1.20414E+05
 17.0 1.25176E+05
 17.5 1.29686E+05
 18.0 1.33901E+05
 18.5 1.37786E+05
 19.0 1.41313E+05
 19.5 1.44463E+05
 20.0 1.47226E+05
 20.5 1.49597E+05
 21.0 1.51578E+05
 21.5 1.53178E+05
 22.0 1.54410E+05
 22.5 1.55288E+05
 23.0 1.55833E+05
 23.5 1.56064E+05
 24.0 1.56003E+05
 24.5 1.55673E+05
 25.0 1.55096E+05
 25.5 1.54294E+05
 26.0 1.53289E+05
 26.5 1.52102E+05
 27.0 1.50752E+05
 27.5 1.49260E+05
 28.0 1.47641E+05
 28.5 1.45913E+05
 29.0 1.44092E+05
 29.5 1.42190E+05
 30.0 1.40221E+05
 30.5 1.38197E+05
 31.0 1.36129E+05
 31.5 1.34026E+05
 32.0 1.31898E+05
 32.5 1.29751E+05
 33.0 1.27593E+05
 33.5 1.25431E+05
 34.0 1.23270E+05
 34.5 1.21115E+05
 35.0 1.18970E+05
 35.5 1.16840E+05
 36.0 1.14727E+05
 36.5 1.12635E+05
 37.0 1.10566E+05
 37.5 1.08522E+05
 38.0 1.06505E+05
 38.5 1.04516E+05
 39.0 1.02557E+05
 39.5 1.00629E+05
 40.0 9.87331E+04
 40.5 9.68689E+04
 41.0 9.50374E+04
 41.5 9.32387E+04
 42.0 9.14731E+04
 42.5 8.97407E+04
 43.0 8.80413E+04
 43.5 8.63747E+04
 44.0 8.47408E+04
 44.5 8.31392E+04
 45.0 8.15696E+04
 45.5 8.00315E+04
 46.0 7.85245E+04
 46.5 7.70481E+04
 47.0 7.56019E+04
 47.5 7.41850E+04
 48.0 7.27972E+04
 48.5 7.14377E+04
 49.0 7.01059E+04
 49.5 6.88013E+04
 50.0 6.75232E+04
 50.5 6.62709E+04
 51.0 6.50440E+04
 51.5 6.38416E+04
 52.0 6.26633E+04
 52.5 6.15084E+04
 53.0 6.03763E+04
 53.5 5.92663E+04
 54.0 5.81780E+04
 54.5 5.71106E+04
 55.0 5.60637E+04
 55.5 5.50366E+04
 56.0 5.40289E+04
 56.5 5.30398E+04
 57.0 5.20690E+04
 57.5 5.11159E+04
 58.0 1.84637E+05
 58.5 4.92606E+04
 59.0 4.83575E+04
 59.5 2.82195E+05
 60.0 4.65980E+04
 60.5 4.57406E+04
 61.0 4.48976E+04
 61.5 4.40685E+04
 62.0 4.32529E+04
 62.5 4.24505E+04
 63.0 4.16607E+04
 63.5 4.08832E+04
 64.0 4.01177E+04
 64.5 3.93638E+04
 65.0 3.86211E+04
 65.5 3.78893E+04
 66.0 3.71681E+04
 66.5 3.64572E+04
 67.0 1.12965E+05
 67.5 3.50648E+04
 68.0 3.43828E+04
 68.5 3.37099E+04
 69.0 5.33520E+04
 69.5 3.19104E+04
 70.0 2.89335E+04
 70.5 2.84293E+04
 71.0 2.79275E+04
 71.5 2.74280E+04
 72.0 2.69307E+04
 72.5 2.64356E+04
 73.0 2.59428E+04
 73.5 2.54522E+04
 74.0 2.49637E+04
 74.5 2.44774E+04
 75.0 2.39931E+04
 75.5 2.35111E+04
 76.0 2.30310E+04
 76.5 2.25531E+04
 77.0 2.20772E+04
 77.5 2.16033E+04
 78.0 2.11314E+04
 78.5 2.06616E+04
 79.0 2.01937E+04
 79.5 1.97277E+04
 80.0 1.92638E+04
 80.5 1.88017E+04
 81.0 1.83416E+04
 81.5 1.78834E+04
 82.0 1.74271E+04
 82.5 1.69727E+04
 83.0 1.65202E+04
 83.5 1.60696E+04
 84.0 1.56209E+04
 84.5 1.51740E+04
 85.0 1.47290E+04
 85.5 1.42859E+04
 86.0 1.38446E+04
 86.5 1.34052E+04
 87.0 1.29677E+04
 87.5 1.25320E+04
 88.0 1.20982E+04
 88.5 1.16663E+04
 89.0 1.12362E+04
 89.5 1.08080E+04
 90.0 1.03817E+04
 90.5 9.95734E+03
 91.0 9.53483E+03
 91.5 9.11424E+03
 92.0 8.69557E+03
 92.5 8.27882E+03
 93.0 7.86402E+03
 93.5 7.45116E+03
 94.0 7.04027E+03
 94.5 6.63136E+03
 95.0 6.22445E+03
 95.5 5.81954E+03
 96.0 5.41666E+03
 96.5 5.01583E+03
 97.0 4.61705E+03
 97.5 4.22035E+03
 98.0 3.82576E+03
 98.5 3.43328E+03
 99.0 3.04295E+03
 99.5 2.65478E+03
100.0 2.26879E+03
100.5 1.88501E+03
101.0 1.50346E+03
101.5 1.12417E+03
102.0 7.47165E+02
102.5 3.72465E+02
103.0 3.09817E+01
