104K06D0W2
  0.5 0.00000E+00
  1.0 0.00000E+00
  1.5 0.00000E+00
  2.0 0.00000E+00
  2.5 0.00000E+00
  3.0 0.00000E+00
  3.5 7.64248E+03
  4.0 1.10812E+04
  4.5 1.46870E+04
  5.0 1.84125E+04
  5.5 2.22375E+04
  6.0 2.61523E+04
  6.5 3.01517E+04
  7.0 3.42319E+04
  7.5 3.83905E+04
  8.0 4.26255E+04
  8.5 1.04231E+05
  9.0 5.13202E+04
  9.5 1.74019E+05
 10.0 1.50428E+05
 10.5 2.38888E+04
 11.0 2.56879E+04
 11.5 2.81690E+04
 12.0 1.96942E+04
 12.5 1.83265E+04
 13.0 1.94765E+04
 13.5 2.06333E+04
 14.0 2.17964E+04
 14.5 2.29656E+04
 15.0 2.41407E+04
 15.5 2.53212E+04
 16.0 2.65070E+04
 16.5 2.76976E+04
 17.0 2.88928E+04
 17.5 3.00923E+04
 18.0 3.12958E+04
 18.5 3.25028E+04
 19.0 3.37129E+04
 19.5 3.49257E+04
 20.0 3.61403E+04
 20.5 3.73561E+04
 21.0 3.85718E+04
 21.5 3.97860E+04
 22.0 4.09971E+04
 22.5 4.22029E+04
 23.0 4.34009E+04
 23.5 4.45885E+04
 24.0 4.57625E+04
 24.5 4.69196E+04
 25.0 4.80562E+04
 25.5 4.91686E+04
 26.0 5.02530E+04
 26.5 5.13059E+04
 27.0 5.23235E+04
 27.5 5.33025E+04
 28.0 5.42396E+04
 28.5 5.51319E+04
 29.0 5.59768E+04
 29.5 5.67721E+04
 30.0 5.75158E+04
 30.5 5.82065E+04
 31.0 5.88430E+04
 31.5 5.94247E+04
 32.0 5.99510E+04
 32.5 6.04220E+04
 33.0 6.08378E+04
 33.5 6.11991E+04
 34.0 6.15066E+04
 34.5 6.17614E+04
 35.0 6.19647E+04
 35.5 6.21178E+04
 36.0 6.22225E+04
 36.5 6.22802E+04
 37.0 6.22928E+04
 37.5 6.22622E+04
 38.0 6.21902E+04
 38.5 6.20788E+04
 39.0 6.19298E+04
 39.5 6.17453E+04
 40.0 6.15271E+04
 40.5 6.12773E+04
 41.0 6.09976E+04
 41.5 6.06898E+04
 42.0 6.03559E+04
 42.5 5.99975E+04
 43.0 5.96163E+04
 43.5 5.92139E+04
 44.0 5.87918E+04
 44.5 5.83516E+04
 45.0 5.78947E+04
 45.5 5.74223E+04
 46.0 5.69359E+04
 46.5 5.64366E+04
 47.0 5.59256E+04
 47.5 5.54040E+04
 48.0 5.48729E+04
 48.5 5.43331E+04
 49.0 5.37855E+04
 49.5 5.32312E+04
 50.0 5.26708E+04
 50.5 5.21051E+04
 51.0 5.15348E+04
 51.5 5.09606E+04
 52.0 5.03831E+04
 52.5 4.98028E+04
 53.0 4.92203E+04
 53.5 4.86360E+04
 54.0 4.80504E+04
 54.5 4.74640E+04
 55.0 4.68770E+04
 55.5 4.62899E+04
 56.0 4.57030E+04
 56.5 4.51166E+04
 57.0 4.45309E+04
 57.5 4.39462E+04
 58.0 1.49909E+05
 58.5 4.27807E+04
 59.0 4.22002E+04
 59.5 2.30674E+05
 60.0 4.10448E+04
 60.5 4.04702E+04
 61.0 3.98977E+04
 61.5 3.93275E+04
 62.0 3.87597E+04
 62.5 3.81943E+04
 63.0 3.76315E+04
 63.5 3.70713E+04
 64.0 3.65138E+04
 64.5 3.59589E+04
 65.0 3.54068E+04
 65.5 3.48574E+04
 66.0 3.43109E+04
 66.5 3.37671E+04
 67.0 1.00120E+05
 67.5 3.26880E+04
 68.0 3.21528E+04
 68.5 3.16203E+04
 69.0 4.89390E+04
 69.5 2.90691E+04
 70.0 2.12509E+04
 70.5 2.10823E+04
 71.0 2.09066E+04
 71.5 2.07239E+04
 72.0 2.05344E+04
 72.5 2.03382E+04
 73.0 2.01354E+04
 73.5 1.99260E+04
 74.0 1.97103E+04
 74.5 1.94883E+04
 75.0 1.92602E+04
 75.5 1.90260E+04
 76.0 1.87860E+04
 76.5 1.85403E+04
 77.0 1.82889E+04
 77.5 1.80321E+04
 78.0 1.77699E+04
 78.5 1.75025E+04
 79.0 1.72300E+04
 79.5 1.69526E+04
 80.0 1.66704E+04
 80.5 1.63835E+04
 81.0 1.60922E+04
 81.5 1.57964E+04
 82.0 1.54964E+04
 82.5 1.51923E+04
 83.0 1.48841E+04
 83.5 1.45722E+04
 84.0 1.42566E+04
 84.5 1.39373E+04
 85.0 1.36147E+04
 85.5 1.32887E+04
 86.0 1.29596E+04
 86.5 1.26274E+04
 87.0 1.22923E+04
 87.5 1.19544E+04
 88.0 1.16139E+04
 88.5 1.12708E+04
 89.0 1.09253E+04
 89.5 1.05775E+04
 90.0 1.02275E+04
 90.5 9.87550E+03
 91.0 9.52156E+03
 91.5 9.16582E+03
 92.0 8.80837E+03
 92.5 8.44935E+03
 93.0 8.08886E+03
 93.5 7.72701E+03
 94.0 7.36392E+03
 94.5 6.99970E+03
 95.0 6.63444E+03
 95.5 6.26828E+03
 96.0 5.90129E+03
 96.5 5.53360E+03
 97.0 5.16529E+03
 97.5 4.79649E+03
 98.0 4.42728E+03
 98.5 4.05776E+03
 99.0 3.68803E+03
 99.5 3.31820E+03
100.0 2.94834E+03
100.5 2.57857E+03
101.0 2.20897E+03
101.5 1.83963E+03
102.0 1.47064E+03
102.5 1.10210E+03
103.0 7.34096E+02
103.5 3.66711E+02
104.0 3.05411E+01
