104K19D0W2
  0.5 0.00000E+00
  1.0 0.00000E+00
  1.5 0.00000E+00
  2.0 0.00000E+00
  2.5 0.00000E+00
  3.0 0.00000E+00
  3.5 3.71372E+04
  4.0 4.78601E+04
  4.5 5.91345E+04
  5.0 7.09669E+04
  5.5 8.33736E+04
  6.0 9.63834E+04
  6.5 1.10043E+05
  7.0 1.24425E+05
  7.5 1.39618E+05
  8.0 1.55700E+05
  8.5 2.78196E+06
  9.0 1.90400E+05
  9.5 1.99140E+06
 10.0 1.65998E+06
 10.5 8.64630E+04
 11.0 9.30193E+04
 11.5 2.89984E+05
 12.0 7.11502E+04
 12.5 6.61730E+04
 13.0 7.02716E+04
 13.5 7.44614E+04
 14.0 7.87366E+04
 14.5 8.30849E+04
 15.0 8.74875E+04
 15.5 9.19182E+04
 16.0 9.63449E+04
 16.5 1.00731E+05
 17.0 1.05035E+05
 17.5 1.09217E+05
 18.0 1.13238E+05
 18.5 1.17061E+05
 19.0 1.20652E+05
 19.5 1.23984E+05
 20.0 1.27036E+05
 20.5 1.29791E+05
 21.0 1.32239E+05
 21.5 1.34375E+05
 22.0 1.36199E+05
 22.5 1.37714E+05
 23.0 1.38927E+05
 23.5 1.39850E+05
 24.0 1.40496E+05
 24.5 1.40878E+05
 25.0 1.41012E+05
 25.5 1.40915E+05
 26.0 1.40604E+05
 26.5 1.40096E+05
 27.0 1.39407E+05
 27.5 1.38554E+05
 28.0 1.37553E+05
 28.5 1.36420E+05
 29.0 1.35167E+05
 29.5 1.33811E+05
 30.0 1.32362E+05
 30.5 1.30832E+05
 31.0 1.29234E+05
 31.5 1.27578E+05
 32.0 1.25871E+05
 32.5 1.24125E+05
 33.0 1.22345E+05
 33.5 1.20539E+05
 34.0 1.18715E+05
 34.5 1.16877E+05
 35.0 1.15031E+05
 35.5 1.13182E+05
 36.0 1.11334E+05
 36.5 1.09491E+05
 37.0 1.07656E+05
 37.5 1.05832E+05
 38.0 1.04021E+05
 38.5 1.02227E+05
 39.0 1.00450E+05
 39.5 9.86931E+04
 40.0 9.69572E+04
 40.5 9.52436E+04
 41.0 9.35534E+04
 41.5 9.18874E+04
 42.0 9.02463E+04
 42.5 8.86305E+04
 43.0 8.70406E+04
 43.5 8.54768E+04
 44.0 8.39393E+04
 44.5 8.24281E+04
 45.0 8.09433E+04
 45.5 7.94848E+04
 46.0 7.80525E+04
 46.5 7.66462E+04
 47.0 7.52657E+04
 47.5 7.39106E+04
 48.0 7.25807E+04
 48.5 7.12756E+04
 49.0 6.99948E+04
 49.5 6.87381E+04
 50.0 6.75050E+04
 50.5 6.62950E+04
 51.0 6.51077E+04
 51.5 6.39426E+04
 52.0 6.27993E+04
 52.5 6.16773E+04
 53.0 6.05761E+04
 53.5 5.94952E+04
 54.0 5.84342E+04
 54.5 5.73925E+04
 55.0 5.63698E+04
 55.5 5.53654E+04
 56.0 5.43790E+04
 56.5 5.34101E+04
 57.0 5.24582E+04
 57.5 5.15230E+04
 58.0 1.88979E+05
 58.5 4.97004E+04
 59.0 4.88122E+04
 59.5 2.89781E+05
 60.0 4.70801E+04
 60.5 4.62352E+04
 61.0 4.54041E+04
 61.5 4.45862E+04
 62.0 4.37811E+04
 62.5 4.29886E+04
 63.0 4.22083E+04
 63.5 4.14398E+04
 64.0 4.06828E+04
 64.5 3.99369E+04
 65.0 3.92018E+04
 65.5 3.84773E+04
 66.0 3.77630E+04
 66.5 3.70585E+04
 67.0 1.16324E+05
 67.5 3.56783E+04
 68.0 3.50019E+04
 68.5 3.43344E+04
 69.0 5.47265E+04
 69.5 3.24394E+04
 70.0 2.89528E+04
 70.5 2.84785E+04
 71.0 2.80053E+04
 71.5 2.75335E+04
 72.0 2.70630E+04
 72.5 2.65938E+04
 73.0 2.61259E+04
 73.5 2.56594E+04
 74.0 2.51942E+04
 74.5 2.47303E+04
 75.0 2.42677E+04
 75.5 2.38065E+04
 76.0 2.33467E+04
 76.5 2.28882E+04
 77.0 2.24311E+04
 77.5 2.19753E+04
 78.0 2.15209E+04
 78.5 2.10678E+04
 79.0 2.06162E+04
 79.5 2.01659E+04
 80.0 1.97169E+04
 80.5 1.92694E+04
 81.0 1.88233E+04
 81.5 1.83786E+04
 82.0 1.79352E+04
 82.5 1.74933E+04
 83.0 1.70528E+04
 83.5 1.66137E+04
 84.0 1.61761E+04
 84.5 1.57399E+04
 85.0 1.53052E+04
 85.5 1.48719E+04
 86.0 1.44400E+04
 86.5 1.40097E+04
 87.0 1.35808E+04
 87.5 1.31535E+04
 88.0 1.27276E+04
 88.5 1.23033E+04
 89.0 1.18805E+04
 89.5 1.14593E+04
 90.0 1.10396E+04
 90.5 1.06215E+04
 91.0 1.02051E+04
 91.5 9.79017E+03
 92.0 9.37692E+03
 92.5 8.96531E+03
 93.0 8.55537E+03
 93.5 8.14710E+03
 94.0 7.74054E+03
 94.5 7.33569E+03
 95.0 6.93258E+03
 95.5 6.53123E+03
 96.0 6.13166E+03
 96.5 5.73390E+03
 97.0 5.33796E+03
 97.5 4.94386E+03
 98.0 4.55164E+03
 98.5 4.16131E+03
 99.0 3.77290E+03
 99.5 3.38643E+03
100.0 3.00193E+03
100.5 2.61943E+03
101.0 2.23895E+03
101.5 1.86052E+03
102.0 1.48417E+03
102.5 1.10992E+03
103.0 7.37802E+02
103.5 3.67851E+02
104.0 3.06007E+01
