104K12D0W2
  0.5 0.00000E+00
  1.0 0.00000E+00
  1.5 0.00000E+00
  2.0 0.00000E+00
  2.5 0.00000E+00
  3.0 0.00000E+00
  3.5 2.06299E+04
  4.0 2.73813E+04
  4.5 3.44196E+04
  5.0 4.17304E+04
  5.5 4.93090E+04
  6.0 5.71551E+04
  6.5 6.52718E+04
  7.0 7.36657E+04
  7.5 8.23488E+04
  8.0 9.13399E+04
  8.5 1.02286E+06
  9.0 1.10352E+05
  9.5 9.71864E+05
 10.0 8.12968E+05
 10.5 5.12155E+04
 11.0 5.49694E+04
 11.5 1.13775E+05
 12.0 4.22130E+04
 12.5 3.92871E+04
 13.0 4.16637E+04
 13.5 4.40733E+04
 14.0 4.65165E+04
 14.5 4.89935E+04
 15.0 5.15045E+04
 15.5 5.40487E+04
 16.0 5.66242E+04
 16.5 5.92278E+04
 17.0 6.18540E+04
 17.5 6.44956E+04
 18.0 6.71425E+04
 18.5 6.97830E+04
 19.0 7.24033E+04
 19.5 7.49883E+04
 20.0 7.75218E+04
 20.5 7.99876E+04
 21.0 8.23695E+04
 21.5 8.46524E+04
 22.0 8.68223E+04
 22.5 8.88666E+04
 23.0 9.07749E+04
 23.5 9.25385E+04
 24.0 9.41509E+04
 24.5 9.56074E+04
 25.0 9.69056E+04
 25.5 9.80444E+04
 26.0 9.90247E+04
 26.5 9.98487E+04
 27.0 1.00520E+05
 27.5 1.01043E+05
 28.0 1.01423E+05
 28.5 1.01666E+05
 29.0 1.01780E+05
 29.5 1.01770E+05
 30.0 1.01644E+05
 30.5 1.01410E+05
 31.0 1.01075E+05
 31.5 1.00646E+05
 32.0 1.00131E+05
 32.5 9.95356E+04
 33.0 9.88681E+04
 33.5 9.81345E+04
 34.0 9.73411E+04
 34.5 9.64939E+04
 35.0 9.55985E+04
 35.5 9.46601E+04
 36.0 9.36838E+04
 36.5 9.26743E+04
 37.0 9.16359E+04
 37.5 9.05728E+04
 38.0 8.94885E+04
 38.5 8.83868E+04
 39.0 8.72706E+04
 39.5 8.61430E+04
 40.0 8.50066E+04
 40.5 8.38640E+04
 41.0 8.27174E+04
 41.5 8.15688E+04
 42.0 8.04201E+04
 42.5 7.92730E+04
 43.0 7.81289E+04
 43.5 7.69893E+04
 44.0 7.58553E+04
 44.5 7.47280E+04
 45.0 7.36084E+04
 45.5 7.24974E+04
 46.0 7.13955E+04
 46.5 7.03037E+04
 47.0 6.92223E+04
 47.5 6.81518E+04
 48.0 6.70926E+04
 48.5 6.60452E+04
 49.0 6.50098E+04
 49.5 6.39865E+04
 50.0 6.29756E+04
 50.5 6.19772E+04
 51.0 6.09913E+04
 51.5 6.00181E+04
 52.0 5.90575E+04
 52.5 5.81095E+04
 53.0 5.71741E+04
 53.5 5.62511E+04
 54.0 5.53406E+04
 54.5 5.44424E+04
 55.0 5.35564E+04
 55.5 5.26824E+04
 56.0 5.18203E+04
 56.5 5.09699E+04
 57.0 5.01311E+04
 57.5 4.93036E+04
 58.0 1.77354E+05
 58.5 4.76820E+04
 59.0 4.68875E+04
 59.5 2.72256E+05
 60.0 4.53299E+04
 60.5 4.45665E+04
 61.0 4.38130E+04
 61.5 4.30693E+04
 62.0 4.23352E+04
 62.5 4.16104E+04
 63.0 4.08946E+04
 63.5 4.01878E+04
 64.0 3.94898E+04
 64.5 3.88002E+04
 65.0 3.81189E+04
 65.5 3.74458E+04
 66.0 3.67806E+04
 66.5 3.61231E+04
 67.0 1.11640E+05
 67.5 3.48306E+04
 68.0 3.41951E+04
 68.5 3.35667E+04
 69.0 5.30709E+04
 69.5 3.14457E+04
 70.0 2.65342E+04
 70.5 2.61648E+04
 71.0 2.57933E+04
 71.5 2.54195E+04
 72.0 2.50436E+04
 72.5 2.46658E+04
 73.0 2.42861E+04
 73.5 2.39046E+04
 74.0 2.35214E+04
 74.5 2.31366E+04
 75.0 2.27502E+04
 75.5 2.23624E+04
 76.0 2.19732E+04
 76.5 2.15828E+04
 77.0 2.11911E+04
 77.5 2.07983E+04
 78.0 2.04044E+04
 78.5 2.00096E+04
 79.0 1.96139E+04
 79.5 1.92173E+04
 80.0 1.88199E+04
 80.5 1.84219E+04
 81.0 1.80232E+04
 81.5 1.76239E+04
 82.0 1.72242E+04
 82.5 1.68240E+04
 83.0 1.64235E+04
 83.5 1.60226E+04
 84.0 1.56215E+04
 84.5 1.52203E+04
 85.0 1.48188E+04
 85.5 1.44174E+04
 86.0 1.40159E+04
 86.5 1.36144E+04
 87.0 1.32131E+04
 87.5 1.28119E+04
 88.0 1.24110E+04
 88.5 1.20103E+04
 89.0 1.16099E+04
 89.5 1.12099E+04
 90.0 1.08103E+04
 90.5 1.04113E+04
 91.0 1.00127E+04
 91.5 9.61476E+03
 92.0 9.21744E+03
 92.5 8.82080E+03
 93.0 8.42490E+03
 93.5 8.02979E+03
 94.0 7.63552E+03
 94.5 7.24213E+03
 95.0 6.84968E+03
 95.5 6.45821E+03
 96.0 6.06777E+03
 96.5 5.67842E+03
 97.0 5.29019E+03
 97.5 4.90314E+03
 98.0 4.51732E+03
 98.5 4.13277E+03
 99.0 3.74953E+03
 99.5 3.36767E+03
100.0 2.98721E+03
100.5 2.60822E+03
101.0 2.23073E+03
101.5 1.85480E+03
102.0 1.48047E+03
102.5 1.10778E+03
103.0 7.36791E+02
103.5 3.67540E+02
104.0 3.05844E+01
