104K13D0W2
  0.5 0.00000E+00
  1.0 0.00000E+00
  1.5 0.00000E+00
  2.0 0.00000E+00
  2.5 0.00000E+00
  3.0 0.00000E+00
  3.5 2.29019E+04
  4.0 3.02051E+04
  4.5 3.78265E+04
  5.0 4.57547E+04
  5.5 5.39872E+04
  6.0 6.25257E+04
  6.5 7.13762E+04
  7.0 8.05498E+04
  7.5 9.00649E+04
  8.0 9.99489E+04
  8.5 1.25428E+06
  9.0 1.20959E+05
  9.5 1.12450E+06
 10.0 9.39643E+05
 10.5 5.59908E+04
 11.0 6.01046E+04
 11.5 1.35629E+05
 12.0 4.61414E+04
 12.5 4.29406E+04
 13.0 4.55407E+04
 13.5 4.81805E+04
 14.0 5.08609E+04
 14.5 5.35821E+04
 15.0 5.63437E+04
 15.5 5.91439E+04
 16.0 6.19793E+04
 16.5 6.48439E+04
 17.0 6.77290E+04
 17.5 7.06236E+04
 18.0 7.35134E+04
 18.5 7.63822E+04
 19.0 7.92124E+04
 19.5 8.19848E+04
 20.0 8.46804E+04
 20.5 8.72804E+04
 21.0 8.97670E+04
 21.5 9.21241E+04
 22.0 9.43377E+04
 22.5 9.63959E+04
 23.0 9.82892E+04
 23.5 1.00011E+05
 24.0 1.01556E+05
 24.5 1.02922E+05
 25.0 1.04109E+05
 25.5 1.05118E+05
 26.0 1.05953E+05
 26.5 1.06619E+05
 27.0 1.07120E+05
 27.5 1.07464E+05
 28.0 1.07659E+05
 28.5 1.07711E+05
 29.0 1.07630E+05
 29.5 1.07424E+05
 30.0 1.07101E+05
 30.5 1.06670E+05
 31.0 1.06140E+05
 31.5 1.05518E+05
 32.0 1.04813E+05
 32.5 1.04032E+05
 33.0 1.03182E+05
 33.5 1.02271E+05
 34.0 1.01305E+05
 34.5 1.00291E+05
 35.0 9.92331E+04
 35.5 9.81379E+04
 36.0 9.70104E+04
 36.5 9.58551E+04
 37.0 9.46763E+04
 37.5 9.34782E+04
 38.0 9.22643E+04
 38.5 9.10380E+04
 39.0 8.98025E+04
 39.5 8.85606E+04
 40.0 8.73148E+04
 40.5 8.60674E+04
 41.0 8.48205E+04
 41.5 8.35761E+04
 42.0 8.23358E+04
 42.5 8.11012E+04
 43.0 7.98735E+04
 43.5 7.86541E+04
 44.0 7.74439E+04
 44.5 7.62439E+04
 45.0 7.50549E+04
 45.5 7.38776E+04
 46.0 7.27126E+04
 46.5 7.15604E+04
 47.0 7.04215E+04
 47.5 6.92962E+04
 48.0 6.81847E+04
 48.5 6.70874E+04
 49.0 6.60043E+04
 49.5 6.49356E+04
 50.0 6.38814E+04
 50.5 6.28416E+04
 51.0 6.18164E+04
 51.5 6.08055E+04
 52.0 5.98090E+04
 52.5 5.88267E+04
 53.0 5.78587E+04
 53.5 5.69045E+04
 54.0 5.59643E+04
 54.5 5.50376E+04
 55.0 5.41245E+04
 55.5 5.32246E+04
 56.0 5.23378E+04
 56.5 5.14638E+04
 57.0 5.06024E+04
 57.5 4.97534E+04
 58.0 1.79699E+05
 58.5 4.80916E+04
 59.0 4.72784E+04
 59.5 2.75795E+05
 60.0 4.56858E+04
 60.5 4.49060E+04
 61.0 4.41369E+04
 61.5 4.33783E+04
 62.0 4.26298E+04
 62.5 4.18914E+04
 63.0 4.11626E+04
 63.5 4.04434E+04
 64.0 3.97334E+04
 64.5 3.90324E+04
 65.0 3.83403E+04
 65.5 3.76567E+04
 66.0 3.69815E+04
 66.5 3.63145E+04
 67.0 1.12594E+05
 67.5 3.50042E+04
 68.0 3.43604E+04
 68.5 3.37240E+04
 69.0 5.34090E+04
 69.5 3.16466E+04
 70.0 2.70133E+04
 70.5 2.66238E+04
 71.0 2.62326E+04
 71.5 2.58399E+04
 72.0 2.54457E+04
 72.5 2.50502E+04
 73.0 2.46533E+04
 73.5 2.42553E+04
 74.0 2.38560E+04
 74.5 2.34558E+04
 75.0 2.30545E+04
 75.5 2.26522E+04
 76.0 2.22492E+04
 76.5 2.18453E+04
 77.0 2.14407E+04
 77.5 2.10354E+04
 78.0 2.06296E+04
 78.5 2.02232E+04
 79.0 1.98163E+04
 79.5 1.94091E+04
 80.0 1.90014E+04
 80.5 1.85935E+04
 81.0 1.81854E+04
 81.5 1.77770E+04
 82.0 1.73685E+04
 82.5 1.69600E+04
 83.0 1.65514E+04
 83.5 1.61429E+04
 84.0 1.57344E+04
 84.5 1.53261E+04
 85.0 1.49180E+04
 85.5 1.45101E+04
 86.0 1.41024E+04
 86.5 1.36952E+04
 87.0 1.32882E+04
 87.5 1.28818E+04
 88.0 1.24757E+04
 88.5 1.20703E+04
 89.0 1.16653E+04
 89.5 1.12610E+04
 90.0 1.08574E+04
 90.5 1.04544E+04
 91.0 1.00522E+04
 91.5 9.65078E+03
 92.0 9.25020E+03
 92.5 8.85050E+03
 93.0 8.45173E+03
 93.5 8.05392E+03
 94.0 7.65713E+03
 94.5 7.26139E+03
 95.0 6.86675E+03
 95.5 6.47326E+03
 96.0 6.08094E+03
 96.5 5.68986E+03
 97.0 5.30005E+03
 97.5 4.91155E+03
 98.0 4.52440E+03
 98.5 4.13866E+03
 99.0 3.75436E+03
 99.5 3.37154E+03
100.0 2.99025E+03
100.5 2.61054E+03
101.0 2.23243E+03
101.5 1.85598E+03
102.0 1.48123E+03
102.5 1.10822E+03
103.0 7.37000E+02
103.5 3.67605E+02
104.0 3.05878E+01
