104K18D0W2
  0.5 0.00000E+00
  1.0 0.00000E+00
  1.5 0.00000E+00
  2.0 0.00000E+00
  2.5 0.00000E+00
  3.0 0.00000E+00
  3.5 3.46872E+04
  4.0 4.48232E+04
  4.5 5.54668E+04
  5.0 6.66208E+04
  5.5 7.82973E+04
  6.0 9.05183E+04
  6.5 1.03320E+05
  7.0 1.16759E+05
  7.5 1.30911E+05
  8.0 1.45853E+05
  8.5 2.52210E+06
  9.0 1.78110E+05
  9.5 1.85541E+06
 10.0 1.54688E+06
 10.5 8.11353E+04
 11.0 8.72475E+04
 11.5 2.62533E+05
 12.0 6.67857E+04
 12.5 6.21220E+04
 13.0 6.59501E+04
 13.5 6.98607E+04
 14.0 7.38507E+04
 14.5 7.79121E+04
 15.0 8.20315E+04
 15.5 8.61892E+04
 16.0 9.03593E+04
 16.5 9.45112E+04
 17.0 9.86104E+04
 17.5 1.02621E+05
 18.0 1.06505E+05
 18.5 1.10229E+05
 19.0 1.13760E+05
 19.5 1.17070E+05
 20.0 1.20136E+05
 20.5 1.22938E+05
 21.0 1.25464E+05
 21.5 1.27705E+05
 22.0 1.29657E+05
 22.5 1.31321E+05
 23.0 1.32701E+05
 23.5 1.33804E+05
 24.0 1.34640E+05
 24.5 1.35219E+05
 25.0 1.35557E+05
 25.5 1.35666E+05
 26.0 1.35562E+05
 26.5 1.35261E+05
 27.0 1.34777E+05
 27.5 1.34126E+05
 28.0 1.33323E+05
 28.5 1.32382E+05
 29.0 1.31317E+05
 29.5 1.30142E+05
 30.0 1.28868E+05
 30.5 1.27508E+05
 31.0 1.26073E+05
 31.5 1.24572E+05
 32.0 1.23015E+05
 32.5 1.21410E+05
 33.0 1.19767E+05
 33.5 1.18091E+05
 34.0 1.16390E+05
 34.5 1.14670E+05
 35.0 1.12936E+05
 35.5 1.11194E+05
 36.0 1.09447E+05
 36.5 1.07699E+05
 37.0 1.05955E+05
 37.5 1.04217E+05
 38.0 1.02489E+05
 38.5 1.00772E+05
 39.0 9.90691E+04
 39.5 9.73819E+04
 40.0 9.57122E+04
 40.5 9.40613E+04
 41.0 9.24305E+04
 41.5 9.08207E+04
 42.0 8.92329E+04
 42.5 8.76677E+04
 43.0 8.61257E+04
 43.5 8.46072E+04
 44.0 8.31127E+04
 44.5 8.16423E+04
 45.0 8.01963E+04
 45.5 7.87745E+04
 46.0 7.73769E+04
 46.5 7.60036E+04
 47.0 7.46544E+04
 47.5 7.33290E+04
 48.0 7.20273E+04
 48.5 7.07489E+04
 49.0 6.94935E+04
 49.5 6.82609E+04
 50.0 6.70507E+04
 50.5 6.58624E+04
 51.0 6.46958E+04
 51.5 6.35504E+04
 52.0 6.24258E+04
 52.5 6.13215E+04
 53.0 6.02372E+04
 53.5 5.91724E+04
 54.0 5.81266E+04
 54.5 5.70995E+04
 55.0 5.60906E+04
 55.5 5.50994E+04
 56.0 5.41256E+04
 56.5 5.31686E+04
 57.0 5.22281E+04
 57.5 5.13037E+04
 58.0 1.87824E+05
 58.5 4.95012E+04
 59.0 4.86224E+04
 59.5 2.88042E+05
 60.0 4.69077E+04
 60.5 4.60710E+04
 61.0 4.52476E+04
 61.5 4.44371E+04
 62.0 4.36391E+04
 62.5 4.28534E+04
 63.0 4.20794E+04
 63.5 4.13171E+04
 64.0 4.05659E+04
 64.5 3.98256E+04
 65.0 3.90958E+04
 65.5 3.83763E+04
 66.0 3.76669E+04
 66.5 3.69671E+04
 67.0 1.15863E+05
 67.5 3.55955E+04
 68.0 3.49231E+04
 68.5 3.42594E+04
 69.0 5.45643E+04
 69.5 3.23409E+04
 70.0 2.87077E+04
 70.5 2.82443E+04
 71.0 2.77818E+04
 71.5 2.73202E+04
 72.0 2.68595E+04
 72.5 2.63998E+04
 73.0 2.59410E+04
 73.5 2.54832E+04
 74.0 2.50265E+04
 74.5 2.45707E+04
 75.0 2.41160E+04
 75.5 2.36623E+04
 76.0 2.32096E+04
 76.5 2.27581E+04
 77.0 2.23076E+04
 77.5 2.18582E+04
 78.0 2.14099E+04
 78.5 2.09628E+04
 79.0 2.05167E+04
 79.5 2.00719E+04
 80.0 1.96281E+04
 80.5 1.91856E+04
 81.0 1.87442E+04
 81.5 1.83041E+04
 82.0 1.78651E+04
 82.5 1.74274E+04
 83.0 1.69908E+04
 83.5 1.65556E+04
 84.0 1.61216E+04
 84.5 1.56888E+04
 85.0 1.52574E+04
 85.5 1.48273E+04
 86.0 1.43984E+04
 86.5 1.39710E+04
 87.0 1.35448E+04
 87.5 1.31201E+04
 88.0 1.26967E+04
 88.5 1.22747E+04
 89.0 1.18541E+04
 89.5 1.14350E+04
 90.0 1.10173E+04
 90.5 1.06010E+04
 91.0 1.01863E+04
 91.5 9.77309E+03
 92.0 9.36140E+03
 92.5 8.95126E+03
 93.0 8.54269E+03
 93.5 8.13570E+03
 94.0 7.73034E+03
 94.5 7.32661E+03
 95.0 6.92454E+03
 95.5 6.52415E+03
 96.0 6.12547E+03
 96.5 5.72852E+03
 97.0 5.33333E+03
 97.5 4.93992E+03
 98.0 4.54832E+03
 98.5 4.15855E+03
 99.0 3.77064E+03
 99.5 3.38461E+03
100.0 3.00051E+03
100.5 2.61835E+03
101.0 2.23816E+03
101.5 1.85997E+03
102.0 1.48381E+03
102.5 1.10971E+03
103.0 7.37705E+02
103.5 3.67821E+02
104.0 3.05991E+01
