104K16D0W2
  0.5 0.00000E+00
  1.0 0.00000E+00
  1.5 0.00000E+00
  2.0 0.00000E+00
  2.5 0.00000E+00
  3.0 0.00000E+00
  3.5 2.98844E+04
  4.0 3.88691E+04
  4.5 4.82795E+04
  5.0 5.81124E+04
  5.5 6.83728E+04
  6.0 7.90722E+04
  6.5 9.02308E+04
  7.0 1.01881E+05
  7.5 1.14073E+05
  8.0 1.26865E+05
  8.5 2.00327E+06
  9.0 1.54396E+05
  9.5 1.57231E+06
 10.0 1.31156E+06
 10.5 7.07990E+04
 11.0 7.60687E+04
 11.5 2.09168E+05
 12.0 5.83081E+04
 12.5 5.42490E+04
 13.0 5.75620E+04
 13.5 6.09392E+04
 14.0 6.43807E+04
 14.5 6.78841E+04
 15.0 7.14439E+04
 15.5 7.50504E+04
 16.0 7.86892E+04
 16.5 8.23415E+04
 17.0 8.59842E+04
 17.5 8.95913E+04
 18.0 9.31343E+04
 18.5 9.65844E+04
 19.0 9.99130E+04
 19.5 1.03093E+05
 20.0 1.06101E+05
 20.5 1.08914E+05
 21.0 1.11516E+05
 21.5 1.13893E+05
 22.0 1.16035E+05
 22.5 1.17936E+05
 23.0 1.19595E+05
 23.5 1.21011E+05
 24.0 1.22188E+05
 24.5 1.23133E+05
 25.0 1.23852E+05
 25.5 1.24357E+05
 26.0 1.24656E+05
 26.5 1.24761E+05
 27.0 1.24686E+05
 27.5 1.24441E+05
 28.0 1.24040E+05
 28.5 1.23495E+05
 29.0 1.22818E+05
 29.5 1.22020E+05
 30.0 1.21114E+05
 30.5 1.20110E+05
 31.0 1.19019E+05
 31.5 1.17850E+05
 32.0 1.16612E+05
 32.5 1.15315E+05
 33.0 1.13965E+05
 33.5 1.12571E+05
 34.0 1.11140E+05
 34.5 1.09677E+05
 35.0 1.08189E+05
 35.5 1.06680E+05
 36.0 1.05156E+05
 36.5 1.03621E+05
 37.0 1.02079E+05
 37.5 1.00533E+05
 38.0 9.89873E+04
 38.5 9.74441E+04
 39.0 9.59059E+04
 39.5 9.43754E+04
 40.0 9.28543E+04
 40.5 9.13445E+04
 41.0 8.98476E+04
 41.5 8.83651E+04
 42.0 8.68979E+04
 42.5 8.54473E+04
 43.0 8.40140E+04
 43.5 8.25987E+04
 44.0 8.12022E+04
 44.5 7.98248E+04
 45.0 7.84669E+04
 45.5 7.71289E+04
 46.0 7.58110E+04
 46.5 7.45132E+04
 47.0 7.32357E+04
 47.5 7.19784E+04
 48.0 7.07414E+04
 48.5 6.95245E+04
 49.0 6.83276E+04
 49.5 6.71506E+04
 50.0 6.59932E+04
 50.5 6.48551E+04
 51.0 6.37362E+04
 51.5 6.26362E+04
 52.0 6.15548E+04
 52.5 6.04916E+04
 53.0 5.94464E+04
 53.5 5.84188E+04
 54.0 5.74084E+04
 54.5 5.64150E+04
 55.0 5.54382E+04
 55.5 5.44776E+04
 56.0 5.35329E+04
 56.5 5.26037E+04
 57.0 5.16896E+04
 57.5 5.07904E+04
 58.0 1.85126E+05
 58.5 4.90349E+04
 59.0 4.81779E+04
 59.5 2.83979E+05
 60.0 4.65039E+04
 60.5 4.56862E+04
 61.0 4.48808E+04
 61.5 4.40875E+04
 62.0 4.33060E+04
 62.5 4.25359E+04
 63.0 4.17770E+04
 63.5 4.10289E+04
 64.0 4.02914E+04
 64.5 3.95641E+04
 65.0 3.88469E+04
 65.5 3.81393E+04
 66.0 3.74411E+04
 66.5 3.67522E+04
 67.0 1.14783E+05
 67.5 3.54008E+04
 68.0 3.47380E+04
 68.5 3.40833E+04
 69.0 5.41834E+04
 69.5 3.21106E+04
 70.0 2.81393E+04
 70.5 2.77011E+04
 71.0 2.72629E+04
 71.5 2.68247E+04
 72.0 2.63866E+04
 72.5 2.59486E+04
 73.0 2.55109E+04
 73.5 2.50733E+04
 74.0 2.46360E+04
 74.5 2.41990E+04
 75.0 2.37623E+04
 75.5 2.33259E+04
 76.0 2.28900E+04
 76.5 2.24545E+04
 77.0 2.20194E+04
 77.5 2.15848E+04
 78.0 2.11508E+04
 78.5 2.07173E+04
 79.0 2.02844E+04
 79.5 1.98521E+04
 80.0 1.94204E+04
 80.5 1.89895E+04
 81.0 1.85592E+04
 81.5 1.81296E+04
 82.0 1.77008E+04
 82.5 1.72728E+04
 83.0 1.68456E+04
 83.5 1.64192E+04
 84.0 1.59937E+04
 84.5 1.55691E+04
 85.0 1.51454E+04
 85.5 1.47226E+04
 86.0 1.43008E+04
 86.5 1.38800E+04
 87.0 1.34603E+04
 87.5 1.30416E+04
 88.0 1.26239E+04
 88.5 1.22074E+04
 89.0 1.17920E+04
 89.5 1.13777E+04
 90.0 1.09647E+04
 90.5 1.05528E+04
 91.0 1.01422E+04
 91.5 9.73290E+03
 92.0 9.32487E+03
 92.5 8.91817E+03
 93.0 8.51282E+03
 93.5 8.10886E+03
 94.0 7.70631E+03
 94.5 7.30521E+03
 95.0 6.90558E+03
 95.5 6.50746E+03
 96.0 6.11087E+03
 96.5 5.71585E+03
 97.0 5.32242E+03
 97.5 4.93062E+03
 98.0 4.54048E+03
 98.5 4.15203E+03
 99.0 3.76531E+03
 99.5 3.38034E+03
100.0 2.99715E+03
100.5 2.61579E+03
101.0 2.23628E+03
101.5 1.85866E+03
102.0 1.48297E+03
102.5 1.10922E+03
103.0 7.37475E+02
103.5 3.67750E+02
104.0 3.05954E+01
