105K08D0W2
  0.5 0.00000E+00
  1.0 0.00000E+00
  1.5 0.00000E+00
  2.0 0.00000E+00
  2.5 0.00000E+00
  3.0 0.00000E+00
  3.5 1.17101E+04
  4.0 1.62368E+04
  4.5 2.09525E+04
  5.0 2.58258E+04
  5.5 3.08436E+04
  6.0 3.59996E+04
  6.5 4.12902E+04
  7.0 4.67133E+04
  7.5 5.22680E+04
  8.0 5.79547E+04
  8.5 2.82317E+05
  9.0 6.97345E+04
  9.5 3.83304E+05
 10.0 3.24637E+05
 10.5 3.25584E+04
 11.0 3.49637E+04
 11.5 4.60981E+04
 12.0 2.68544E+04
 12.5 2.49972E+04
 13.0 2.65311E+04
 13.5 2.80784E+04
 14.0 2.96387E+04
 14.5 3.12119E+04
 15.0 3.27977E+04
 15.5 3.43960E+04
 16.0 3.60065E+04
 16.5 3.76290E+04
 17.0 3.92631E+04
 17.5 4.09083E+04
 18.0 4.25639E+04
 18.5 4.42286E+04
 19.0 4.59009E+04
 19.5 4.75782E+04
 20.0 4.92577E+04
 20.5 5.09355E+04
 21.0 5.26070E+04
 21.5 5.42668E+04
 22.0 5.59091E+04
 22.5 5.75272E+04
 23.0 5.91145E+04
 23.5 6.06638E+04
 24.0 6.21685E+04
 24.5 6.36215E+04
 25.0 6.50165E+04
 25.5 6.63476E+04
 26.0 6.76094E+04
 26.5 6.87974E+04
 27.0 6.99075E+04
 27.5 7.09366E+04
 28.0 7.18824E+04
 28.5 7.27430E+04
 29.0 7.35179E+04
 29.5 7.42066E+04
 30.0 7.48095E+04
 30.5 7.53276E+04
 31.0 7.57624E+04
 31.5 7.61159E+04
 32.0 7.63901E+04
 32.5 7.65879E+04
 33.0 7.67121E+04
 33.5 7.67657E+04
 34.0 7.67520E+04
 34.5 7.66742E+04
 35.0 7.65358E+04
 35.5 7.63402E+04
 36.0 7.60908E+04
 36.5 7.57910E+04
 37.0 7.54441E+04
 37.5 7.50534E+04
 38.0 7.46221E+04
 38.5 7.41531E+04
 39.0 7.36496E+04
 39.5 7.31143E+04
 40.0 7.25499E+04
 40.5 7.19591E+04
 41.0 7.13442E+04
 41.5 7.07077E+04
 42.0 7.00517E+04
 42.5 6.93782E+04
 43.0 6.86893E+04
 43.5 6.79868E+04
 44.0 6.72723E+04
 44.5 6.65475E+04
 45.0 6.58138E+04
 45.5 6.50727E+04
 46.0 6.43254E+04
 46.5 6.35731E+04
 47.0 6.28169E+04
 47.5 6.20577E+04
 48.0 6.12967E+04
 48.5 6.05345E+04
 49.0 5.97720E+04
 49.5 5.90099E+04
 50.0 5.82488E+04
 50.5 5.74893E+04
 51.0 5.67320E+04
 51.5 5.59774E+04
 52.0 5.52258E+04
 52.5 5.44778E+04
 53.0 5.37335E+04
 53.5 5.29934E+04
 54.0 5.22578E+04
 54.5 5.15267E+04
 55.0 5.08006E+04
 55.5 5.00794E+04
 56.0 4.93635E+04
 56.5 4.86530E+04
 57.0 4.79479E+04
 57.5 4.72483E+04
 58.0 1.68361E+05
 58.5 4.58660E+04
 59.0 4.51834E+04
 59.5 2.59555E+05
 60.0 4.38355E+04
 60.5 4.31701E+04
 61.0 4.25104E+04
 61.5 4.18565E+04
 62.0 4.12083E+04
 62.5 4.05656E+04
 63.0 3.99286E+04
 63.5 3.92972E+04
 64.0 3.86712E+04
 64.5 3.80507E+04
 65.0 3.74356E+04
 65.5 3.68258E+04
 66.0 3.62212E+04
 66.5 3.56218E+04
 67.0 1.09426E+05
 67.5 3.44381E+04
 68.0 3.38537E+04
 68.5 3.32742E+04
 69.0 5.24624E+04
 69.5 3.08476E+04
 70.0 2.40326E+04
 70.5 2.37846E+04
 71.0 2.35312E+04
 71.5 2.32725E+04
 72.0 2.30087E+04
 72.5 2.27400E+04
 73.0 2.24663E+04
 73.5 2.21879E+04
 74.0 2.19049E+04
 74.5 2.16174E+04
 75.0 2.13256E+04
 75.5 2.10295E+04
 76.0 2.07293E+04
 76.5 2.04251E+04
 77.0 2.01171E+04
 77.5 1.98053E+04
 78.0 1.94899E+04
 78.5 1.91710E+04
 79.0 1.88488E+04
 79.5 1.85233E+04
 80.0 1.81946E+04
 80.5 1.78630E+04
 81.0 1.75284E+04
 81.5 1.71911E+04
 82.0 1.68511E+04
 82.5 1.65085E+04
 83.0 1.61635E+04
 83.5 1.58161E+04
 84.0 1.54665E+04
 84.5 1.51148E+04
 85.0 1.47610E+04
 85.5 1.44053E+04
 86.0 1.40478E+04
 86.5 1.36886E+04
 87.0 1.33278E+04
 87.5 1.29654E+04
 88.0 1.26017E+04
 88.5 1.22366E+04
 89.0 1.18702E+04
 89.5 1.15027E+04
 90.0 1.11342E+04
 90.5 1.07647E+04
 91.0 1.03943E+04
 91.5 1.00232E+04
 92.0 9.65136E+03
 92.5 9.27891E+03
 93.0 8.90594E+03
 93.5 8.53252E+03
 94.0 8.15875E+03
 94.5 7.78470E+03
 95.0 7.41046E+03
 95.5 7.03609E+03
 96.0 6.66169E+03
 96.5 6.28733E+03
 97.0 5.91308E+03
 97.5 5.53902E+03
 98.0 5.16523E+03
 98.5 4.79178E+03
 99.0 4.41874E+03
 99.5 4.04618E+03
100.0 3.67419E+03
100.5 3.30282E+03
101.0 2.93215E+03
101.5 2.56224E+03
102.0 2.19317E+03
102.5 1.82500E+03
103.0 1.45781E+03
103.5 1.09165E+03
104.0 7.26593E+02
104.5 3.62707E+02
105.0 3.01949E+01
