105K19D0W2
  0.5 0.00000E+00
  1.0 0.00000E+00
  1.5 0.00000E+00
  2.0 0.00000E+00
  2.5 0.00000E+00
  3.0 0.00000E+00
  3.5 3.68242E+04
  4.0 4.74713E+04
  4.5 5.86654E+04
  5.0 7.04123E+04
  5.5 8.27276E+04
  6.0 9.56385E+04
  6.5 1.09190E+05
  7.0 1.23450E+05
  7.5 1.38509E+05
  8.0 1.54444E+05
  8.5 2.75414E+06
  9.0 1.88862E+05
  9.5 1.98477E+06
 10.0 1.65440E+06
 10.5 8.58538E+04
 11.0 9.23643E+04
 11.5 2.86531E+05
 12.0 7.06796E+04
 12.5 6.57456E+04
 13.0 6.98212E+04
 13.5 7.39885E+04
 14.0 7.82427E+04
 14.5 8.25726E+04
 15.0 8.69611E+04
 15.5 9.13835E+04
 16.0 9.58090E+04
 16.5 1.00202E+05
 17.0 1.04523E+05
 17.5 1.08731E+05
 18.0 1.12788E+05
 18.5 1.16656E+05
 19.0 1.20301E+05
 19.5 1.23696E+05
 20.0 1.26817E+05
 20.5 1.29647E+05
 21.0 1.32174E+05
 21.5 1.34392E+05
 22.0 1.36299E+05
 22.5 1.37899E+05
 23.0 1.39197E+05
 23.5 1.40204E+05
 24.0 1.40931E+05
 24.5 1.41392E+05
 25.0 1.41602E+05
 25.5 1.41578E+05
 26.0 1.41335E+05
 26.5 1.40892E+05
 27.0 1.40264E+05
 27.5 1.39467E+05
 28.0 1.38519E+05
 28.5 1.37433E+05
 29.0 1.36225E+05
 29.5 1.34908E+05
 30.0 1.33495E+05
 30.5 1.31998E+05
 31.0 1.30429E+05
 31.5 1.28797E+05
 32.0 1.27113E+05
 32.5 1.25386E+05
 33.0 1.23622E+05
 33.5 1.21830E+05
 34.0 1.20017E+05
 34.5 1.18188E+05
 35.0 1.16349E+05
 35.5 1.14504E+05
 36.0 1.12659E+05
 36.5 1.10817E+05
 37.0 1.08981E+05
 37.5 1.07155E+05
 38.0 1.05342E+05
 38.5 1.03543E+05
 39.0 1.01761E+05
 39.5 9.99983E+04
 40.0 9.82555E+04
 40.5 9.65341E+04
 41.0 9.48355E+04
 41.5 9.31604E+04
 42.0 9.15097E+04
 42.5 8.98839E+04
 43.0 8.82836E+04
 43.5 8.67091E+04
 44.0 8.51605E+04
 44.5 8.36382E+04
 45.0 8.21420E+04
 45.5 8.06720E+04
 46.0 7.92281E+04
 46.5 7.78101E+04
 47.0 7.64178E+04
 47.5 7.50509E+04
 48.0 7.37093E+04
 48.5 7.23925E+04
 49.0 7.11001E+04
 49.5 6.98319E+04
 50.0 6.85873E+04
 50.5 6.73660E+04
 51.0 6.61676E+04
 51.5 6.49915E+04
 52.0 6.38374E+04
 52.5 6.27047E+04
 53.0 6.15930E+04
 53.5 6.05018E+04
 54.0 5.94306E+04
 54.5 5.83791E+04
 55.0 5.73466E+04
 55.5 5.63328E+04
 56.0 5.53371E+04
 56.5 5.43592E+04
 57.0 5.33985E+04
 57.5 5.24546E+04
 58.0 1.96101E+05
 58.5 5.06154E+04
 59.0 4.97193E+04
 59.5 3.01562E+05
 60.0 4.79720E+04
 60.5 4.71199E+04
 61.0 4.62816E+04
 61.5 4.54569E+04
 62.0 4.46453E+04
 62.5 4.38464E+04
 63.0 4.30599E+04
 63.5 4.22854E+04
 64.0 4.15226E+04
 64.5 4.07712E+04
 65.0 4.00307E+04
 65.5 3.93010E+04
 66.0 3.85817E+04
 66.5 3.78725E+04
 67.0 1.20803E+05
 67.5 3.64833E+04
 68.0 3.58027E+04
 68.5 3.51311E+04
 69.0 5.64893E+04
 69.5 3.31966E+04
 70.0 2.95492E+04
 70.5 2.90773E+04
 71.0 2.86067E+04
 71.5 2.81374E+04
 72.0 2.76694E+04
 72.5 2.72028E+04
 73.0 2.67374E+04
 73.5 2.62734E+04
 74.0 2.58108E+04
 74.5 2.53494E+04
 75.0 2.48894E+04
 75.5 2.44308E+04
 76.0 2.39735E+04
 76.5 2.35176E+04
 77.0 2.30630E+04
 77.5 2.26098E+04
 78.0 2.21579E+04
 78.5 2.17074E+04
 79.0 2.12583E+04
 79.5 2.08105E+04
 80.0 2.03642E+04
 80.5 1.99192E+04
 81.0 1.94756E+04
 81.5 1.90334E+04
 82.0 1.85925E+04
 82.5 1.81531E+04
 83.0 1.77151E+04
 83.5 1.72785E+04
 84.0 1.68433E+04
 84.5 1.64095E+04
 85.0 1.59771E+04
 85.5 1.55462E+04
 86.0 1.51168E+04
 86.5 1.46887E+04
 87.0 1.42622E+04
 87.5 1.38371E+04
 88.0 1.34135E+04
 88.5 1.29914E+04
 89.0 1.25708E+04
 89.5 1.21517E+04
 90.0 1.17341E+04
 90.5 1.13180E+04
 91.0 1.09036E+04
 91.5 1.04906E+04
 92.0 1.00793E+04
 92.5 9.66955E+03
 93.0 9.26142E+03
 93.5 8.85491E+03
 94.0 8.45005E+03
 94.5 8.04685E+03
 95.0 7.64533E+03
 95.5 7.24550E+03
 96.0 6.84740E+03
 96.5 6.45103E+03
 97.0 6.05641E+03
 97.5 5.66358E+03
 98.0 5.27254E+03
 98.5 4.88333E+03
 99.0 4.49595E+03
 99.5 4.11044E+03
100.0 3.72683E+03
100.5 3.34512E+03
101.0 2.96535E+03
101.5 2.58755E+03
102.0 2.21173E+03
102.5 1.83793E+03
103.0 1.46617E+03
103.5 1.09648E+03
104.0 7.28884E+02
104.5 3.63411E+02
105.0 3.02317E+01
