105K12D0W2
  0.5 0.00000E+00
  1.0 0.00000E+00
  1.5 0.00000E+00
  2.0 0.00000E+00
  2.5 0.00000E+00
  3.0 0.00000E+00
  3.5 2.04449E+04
  4.0 2.71499E+04
  4.5 3.41402E+04
  5.0 4.14012E+04
  5.5 4.89282E+04
  6.0 5.67205E+04
  6.5 6.47809E+04
  7.0 7.31158E+04
  7.5 8.17363E+04
  8.0 9.06605E+04
  8.5 9.98466E+05
  9.0 1.09523E+05
  9.5 9.59097E+05
 10.0 8.02393E+05
 10.5 5.08729E+04
 11.0 5.46054E+04
 11.5 1.11530E+05
 12.0 4.19464E+04
 12.5 3.90441E+04
 13.0 4.14098E+04
 13.5 4.38086E+04
 14.0 4.62410E+04
 14.5 4.87073E+04
 15.0 5.12078E+04
 15.5 5.37418E+04
 16.0 5.63079E+04
 16.5 5.89031E+04
 17.0 6.15224E+04
 17.5 6.41590E+04
 18.0 6.68037E+04
 18.5 6.94452E+04
 19.0 7.20701E+04
 19.5 7.46639E+04
 20.0 7.72106E+04
 20.5 7.96942E+04
 21.0 8.20987E+04
 21.5 8.44087E+04
 22.0 8.66100E+04
 22.5 8.86898E+04
 23.0 9.06373E+04
 23.5 9.24432E+04
 24.0 9.41006E+04
 24.5 9.56043E+04
 25.0 9.69512E+04
 25.5 9.81399E+04
 26.0 9.91707E+04
 26.5 1.00045E+05
 27.0 1.00767E+05
 27.5 1.01340E+05
 28.0 1.01769E+05
 28.5 1.02060E+05
 29.0 1.02219E+05
 29.5 1.02253E+05
 30.0 1.02170E+05
 30.5 1.01976E+05
 31.0 1.01680E+05
 31.5 1.01287E+05
 32.0 1.00806E+05
 32.5 1.00243E+05
 33.0 9.96048E+04
 33.5 9.88987E+04
 34.0 9.81308E+04
 34.5 9.73069E+04
 35.0 9.64328E+04
 35.5 9.55139E+04
 36.0 9.45552E+04
 36.5 9.35615E+04
 37.0 9.25373E+04
 37.5 9.14866E+04
 38.0 9.04134E+04
 38.5 8.93212E+04
 39.0 8.82132E+04
 39.5 8.70925E+04
 40.0 8.59620E+04
 40.5 8.48240E+04
 41.0 8.36810E+04
 41.5 8.25351E+04
 42.0 8.13882E+04
 42.5 8.02420E+04
 43.0 7.90981E+04
 43.5 7.79580E+04
 44.0 7.68229E+04
 44.5 7.56939E+04
 45.0 7.45721E+04
 45.5 7.34583E+04
 46.0 7.23533E+04
 46.5 7.12579E+04
 47.0 7.01726E+04
 47.5 6.90980E+04
 48.0 6.80344E+04
 48.5 6.69823E+04
 49.0 6.59419E+04
 49.5 6.49136E+04
 50.0 6.38975E+04
 50.5 6.28937E+04
 51.0 6.19024E+04
 51.5 6.09237E+04
 52.0 5.99575E+04
 52.5 5.90039E+04
 53.0 5.80629E+04
 53.5 5.71344E+04
 54.0 5.62183E+04
 54.5 5.53145E+04
 55.0 5.44229E+04
 55.5 5.35434E+04
 56.0 5.26759E+04
 56.5 5.18201E+04
 57.0 5.09760E+04
 57.5 5.01434E+04
 58.0 1.83683E+05
 58.5 4.85116E+04
 59.0 4.77122E+04
 59.5 2.82793E+05
 60.0 4.61452E+04
 60.5 4.53772E+04
 61.0 4.46193E+04
 61.5 4.38713E+04
 62.0 4.31329E+04
 62.5 4.24040E+04
 63.0 4.16843E+04
 63.5 4.09737E+04
 64.0 4.02719E+04
 64.5 3.95788E+04
 65.0 3.88941E+04
 65.5 3.82177E+04
 66.0 3.75493E+04
 66.5 3.68888E+04
 67.0 1.15787E+05
 67.5 3.55906E+04
 68.0 3.49525E+04
 68.5 3.43215E+04
 69.0 5.47232E+04
 69.5 3.21494E+04
 70.0 2.70073E+04
 70.5 2.66436E+04
 71.0 2.62776E+04
 71.5 2.59094E+04
 72.0 2.55390E+04
 72.5 2.51667E+04
 73.0 2.47924E+04
 73.5 2.44163E+04
 74.0 2.40384E+04
 74.5 2.36589E+04
 75.0 2.32778E+04
 75.5 2.28952E+04
 76.0 2.25112E+04
 76.5 2.21259E+04
 77.0 2.17393E+04
 77.5 2.13515E+04
 78.0 2.09627E+04
 78.5 2.05728E+04
 79.0 2.01819E+04
 79.5 1.97902E+04
 80.0 1.93977E+04
 80.5 1.90044E+04
 81.0 1.86104E+04
 81.5 1.82159E+04
 82.0 1.78207E+04
 82.5 1.74251E+04
 83.0 1.70291E+04
 83.5 1.66327E+04
 84.0 1.62360E+04
 84.5 1.58390E+04
 85.0 1.54419E+04
 85.5 1.50446E+04
 86.0 1.46473E+04
 86.5 1.42499E+04
 87.0 1.38526E+04
 87.5 1.34554E+04
 88.0 1.30583E+04
 88.5 1.26615E+04
 89.0 1.22648E+04
 89.5 1.18685E+04
 90.0 1.14726E+04
 90.5 1.10770E+04
 91.0 1.06820E+04
 91.5 1.02874E+04
 92.0 9.89338E+03
 92.5 9.49997E+03
 93.0 9.10722E+03
 93.5 8.71517E+03
 94.0 8.32388E+03
 94.5 7.93339E+03
 95.0 7.54374E+03
 95.5 7.15499E+03
 96.0 6.76719E+03
 96.5 6.38037E+03
 97.0 5.99459E+03
 97.5 5.60988E+03
 98.0 5.22631E+03
 98.5 4.84391E+03
 99.0 4.46273E+03
 99.5 4.08281E+03
100.0 3.70420E+03
100.5 3.32695E+03
101.0 2.95110E+03
101.5 2.57669E+03
102.0 2.20377E+03
102.5 1.83239E+03
103.0 1.46259E+03
103.5 1.09441E+03
104.0 7.27904E+02
104.5 3.63110E+02
105.0 3.02159E+01
