105K20D0W2
  0.5 0.00000E+00
  1.0 0.00000E+00
  1.5 0.00000E+00
  2.0 0.00000E+00
  2.5 0.00000E+00
  3.0 0.00000E+00
  3.5 3.92896E+04
  4.0 5.05274E+04
  4.5 6.23578E+04
  5.0 7.47902E+04
  5.5 8.78452E+04
  6.0 1.01558E+05
  6.5 1.15985E+05
  7.0 1.31212E+05
  7.5 1.47341E+05
  8.0 1.64447E+05
  8.5 3.01404E+06
  9.0 2.01336E+05
  9.5 2.11838E+06
 10.0 1.76554E+06
 10.5 9.12532E+04
 11.0 9.82194E+04
 11.5 3.14307E+05
 12.0 7.51018E+04
 12.5 6.98496E+04
 13.0 7.42025E+04
 13.5 7.86555E+04
 14.0 8.32003E+04
 14.5 8.78208E+04
 15.0 9.24937E+04
 15.5 9.71874E+04
 16.0 1.01864E+05
 16.5 1.06483E+05
 17.0 1.10997E+05
 17.5 1.15365E+05
 18.0 1.19542E+05
 18.5 1.23490E+05
 19.0 1.27178E+05
 19.5 1.30576E+05
 20.0 1.33665E+05
 20.5 1.36431E+05
 21.0 1.38863E+05
 21.5 1.40961E+05
 22.0 1.42726E+05
 22.5 1.44165E+05
 23.0 1.45287E+05
 23.5 1.46106E+05
 24.0 1.46635E+05
 24.5 1.46893E+05
 25.0 1.46896E+05
 25.5 1.46663E+05
 26.0 1.46212E+05
 26.5 1.45561E+05
 27.0 1.44729E+05
 27.5 1.43732E+05
 28.0 1.42588E+05
 28.5 1.41312E+05
 29.0 1.39919E+05
 29.5 1.38424E+05
 30.0 1.36840E+05
 30.5 1.35178E+05
 31.0 1.33450E+05
 31.5 1.31668E+05
 32.0 1.29839E+05
 32.5 1.27973E+05
 33.0 1.26078E+05
 33.5 1.24161E+05
 34.0 1.22228E+05
 34.5 1.20286E+05
 35.0 1.18339E+05
 35.5 1.16393E+05
 36.0 1.14451E+05
 36.5 1.12516E+05
 37.0 1.10594E+05
 37.5 1.08685E+05
 38.0 1.06794E+05
 38.5 1.04921E+05
 39.0 1.03069E+05
 39.5 1.01239E+05
 40.0 9.94335E+04
 40.5 9.76525E+04
 41.0 9.58974E+04
 41.5 9.41689E+04
 42.0 9.24676E+04
 42.5 9.07939E+04
 43.0 8.91482E+04
 43.5 8.75306E+04
 44.0 8.59413E+04
 44.5 8.43803E+04
 45.0 8.28475E+04
 45.5 8.13428E+04
 46.0 7.98660E+04
 46.5 7.84169E+04
 47.0 7.69950E+04
 47.5 7.56001E+04
 48.0 7.42318E+04
 48.5 7.28897E+04
 49.0 7.15734E+04
 49.5 7.02824E+04
 50.0 6.90163E+04
 50.5 6.77745E+04
 51.0 6.65565E+04
 51.5 6.53619E+04
 52.0 6.41902E+04
 52.5 6.30407E+04
 53.0 6.19131E+04
 53.5 6.08068E+04
 54.0 5.97213E+04
 54.5 5.86560E+04
 55.0 5.76105E+04
 55.5 5.65843E+04
 56.0 5.55768E+04
 56.5 5.45876E+04
 57.0 5.36162E+04
 57.5 5.26621E+04
 58.0 1.97223E+05
 58.5 5.08040E+04
 59.0 4.98991E+04
 59.5 3.03256E+05
 60.0 4.81353E+04
 60.5 4.72755E+04
 61.0 4.64300E+04
 61.5 4.55984E+04
 62.0 4.47801E+04
 62.5 4.39749E+04
 63.0 4.31823E+04
 63.5 4.24021E+04
 64.0 4.16338E+04
 64.5 4.08771E+04
 65.0 4.01317E+04
 65.5 3.93972E+04
 66.0 3.86733E+04
 66.5 3.79597E+04
 67.0 1.21251E+05
 67.5 3.65623E+04
 68.0 3.58780E+04
 68.5 3.52027E+04
 69.0 5.66463E+04
 69.5 3.32910E+04
 70.0 2.97848E+04
 70.5 2.93025E+04
 71.0 2.88219E+04
 71.5 2.83429E+04
 72.0 2.78656E+04
 72.5 2.73899E+04
 73.0 2.69159E+04
 73.5 2.64436E+04
 74.0 2.59729E+04
 74.5 2.55039E+04
 75.0 2.50364E+04
 75.5 2.45707E+04
 76.0 2.41065E+04
 76.5 2.36440E+04
 77.0 2.31831E+04
 77.5 2.27238E+04
 78.0 2.22661E+04
 78.5 2.18100E+04
 79.0 2.13555E+04
 79.5 2.09026E+04
 80.0 2.04512E+04
 80.5 2.00015E+04
 81.0 1.95533E+04
 81.5 1.91068E+04
 82.0 1.86618E+04
 82.5 1.82183E+04
 83.0 1.77765E+04
 83.5 1.73362E+04
 84.0 1.68975E+04
 84.5 1.64604E+04
 85.0 1.60249E+04
 85.5 1.55909E+04
 86.0 1.51585E+04
 86.5 1.47278E+04
 87.0 1.42986E+04
 87.5 1.38710E+04
 88.0 1.34450E+04
 88.5 1.30206E+04
 89.0 1.25979E+04
 89.5 1.21767E+04
 90.0 1.17572E+04
 90.5 1.13393E+04
 91.0 1.09231E+04
 91.5 1.05086E+04
 92.0 1.00957E+04
 92.5 9.68450E+03
 93.0 9.27500E+03
 93.5 8.86721E+03
 94.0 8.46115E+03
 94.5 8.05683E+03
 95.0 7.65426E+03
 95.5 7.25346E+03
 96.0 6.85444E+03
 96.5 6.45723E+03
 97.0 6.06184E+03
 97.5 5.66829E+03
 98.0 5.27659E+03
 98.5 4.88678E+03
 99.0 4.49886E+03
 99.5 4.11286E+03
100.0 3.72880E+03
100.5 3.34671E+03
101.0 2.96660E+03
101.5 2.58850E+03
102.0 2.21243E+03
102.5 1.83842E+03
103.0 1.46649E+03
103.5 1.09666E+03
104.0 7.28970E+02
104.5 3.63438E+02
105.0 3.02331E+01
