105K21D0W2
  0.5 0.00000E+00
  1.0 0.00000E+00
  1.5 0.00000E+00
  2.0 0.00000E+00
  2.5 0.00000E+00
  3.0 0.00000E+00
  3.5 4.17912E+04
  4.0 5.36288E+04
  4.5 6.61066E+04
  5.0 7.92383E+04
  5.5 9.30501E+04
  6.0 1.07586E+05
  6.5 1.22918E+05
  7.0 1.39148E+05
  7.5 1.56391E+05
  8.0 1.74709E+05
  8.5 3.27217E+06
  9.0 2.14093E+05
  9.5 2.24827E+06
 10.0 1.87360E+06
 10.5 9.67741E+04
 11.0 1.04211E+05
 11.5 3.42354E+05
 12.0 7.96197E+04
 12.5 7.40409E+04
 13.0 7.86798E+04
 13.5 8.34262E+04
 14.0 8.82670E+04
 14.5 9.31804E+04
 15.0 9.81359E+04
 15.5 1.03095E+05
 16.0 1.08012E+05
 16.5 1.12841E+05
 17.0 1.17530E+05
 17.5 1.22034E+05
 18.0 1.26306E+05
 18.5 1.30310E+05
 19.0 1.34013E+05
 19.5 1.37389E+05
 20.0 1.40421E+05
 20.5 1.43098E+05
 21.0 1.45415E+05
 21.5 1.47373E+05
 22.0 1.48978E+05
 22.5 1.50241E+05
 23.0 1.51174E+05
 23.5 1.51795E+05
 24.0 1.52120E+05
 24.5 1.52168E+05
 25.0 1.51960E+05
 25.5 1.51516E+05
 26.0 1.50855E+05
 26.5 1.49998E+05
 27.0 1.48963E+05
 27.5 1.47768E+05
 28.0 1.46432E+05
 28.5 1.44970E+05
 29.0 1.43398E+05
 29.5 1.41730E+05
 30.0 1.39979E+05
 30.5 1.38159E+05
 31.0 1.36279E+05
 31.5 1.34352E+05
 32.0 1.32385E+05
 32.5 1.30387E+05
 33.0 1.28367E+05
 33.5 1.26331E+05
 34.0 1.24285E+05
 34.5 1.22236E+05
 35.0 1.20187E+05
 35.5 1.18145E+05
 36.0 1.16111E+05
 36.5 1.14091E+05
 37.0 1.12086E+05
 37.5 1.10101E+05
 38.0 1.08136E+05
 38.5 1.06193E+05
 39.0 1.04276E+05
 39.5 1.02384E+05
 40.0 1.00520E+05
 40.5 9.86834E+04
 41.0 9.68757E+04
 41.5 9.50975E+04
 42.0 9.33492E+04
 42.5 9.16310E+04
 43.0 8.99432E+04
 43.5 8.82857E+04
 44.0 8.66587E+04
 44.5 8.50620E+04
 45.0 8.34953E+04
 45.5 8.19586E+04
 46.0 8.04514E+04
 46.5 7.89734E+04
 47.0 7.75242E+04
 47.5 7.61034E+04
 48.0 7.47106E+04
 48.5 7.33453E+04
 49.0 7.20069E+04
 49.5 7.06949E+04
 50.0 6.94089E+04
 50.5 6.81482E+04
 51.0 6.69123E+04
 51.5 6.57007E+04
 52.0 6.45128E+04
 52.5 6.33480E+04
 53.0 6.22058E+04
 53.5 6.10856E+04
 54.0 5.99868E+04
 54.5 5.89090E+04
 55.0 5.78516E+04
 55.5 5.68140E+04
 56.0 5.57957E+04
 56.5 5.47962E+04
 57.0 5.38150E+04
 57.5 5.28516E+04
 58.0 1.98249E+05
 58.5 5.09761E+04
 59.0 5.00631E+04
 59.5 3.04804E+05
 60.0 4.82843E+04
 60.5 4.74176E+04
 61.0 4.65654E+04
 61.5 4.57273E+04
 62.0 4.49030E+04
 62.5 4.40920E+04
 63.0 4.32939E+04
 63.5 4.25084E+04
 64.0 4.17351E+04
 64.5 4.09736E+04
 65.0 4.02236E+04
 65.5 3.94848E+04
 66.0 3.87567E+04
 66.5 3.80392E+04
 67.0 1.21659E+05
 67.5 3.66343E+04
 68.0 3.59465E+04
 68.5 3.52679E+04
 69.0 5.67894E+04
 69.5 3.33773E+04
 70.0 3.00010E+04
 70.5 2.95091E+04
 71.0 2.90191E+04
 71.5 2.85312E+04
 72.0 2.80453E+04
 72.5 2.75614E+04
 73.0 2.70794E+04
 73.5 2.65994E+04
 74.0 2.61213E+04
 74.5 2.56452E+04
 75.0 2.51710E+04
 75.5 2.46986E+04
 76.0 2.42282E+04
 76.5 2.37596E+04
 77.0 2.32929E+04
 77.5 2.28280E+04
 78.0 2.23649E+04
 78.5 2.19037E+04
 79.0 2.14442E+04
 79.5 2.09866E+04
 80.0 2.05307E+04
 80.5 2.00766E+04
 81.0 1.96243E+04
 81.5 1.91737E+04
 82.0 1.87249E+04
 82.5 1.82778E+04
 83.0 1.78325E+04
 83.5 1.73889E+04
 84.0 1.69470E+04
 84.5 1.65068E+04
 85.0 1.60684E+04
 85.5 1.56317E+04
 86.0 1.51966E+04
 86.5 1.47633E+04
 87.0 1.43317E+04
 87.5 1.39019E+04
 88.0 1.34737E+04
 88.5 1.30473E+04
 89.0 1.26225E+04
 89.5 1.21995E+04
 90.0 1.17783E+04
 90.5 1.13587E+04
 91.0 1.09409E+04
 91.5 1.05249E+04
 92.0 1.01106E+04
 92.5 9.69811E+03
 93.0 9.28737E+03
 93.5 8.87841E+03
 94.0 8.47125E+03
 94.5 8.06591E+03
 95.0 7.66238E+03
 95.5 7.26069E+03
 96.0 6.86085E+03
 96.5 6.46287E+03
 97.0 6.06677E+03
 97.5 5.67256E+03
 98.0 5.28027E+03
 98.5 4.88992E+03
 99.0 4.50150E+03
 99.5 4.11506E+03
100.0 3.73060E+03
100.5 3.34815E+03
101.0 2.96773E+03
101.5 2.58936E+03
102.0 2.21306E+03
102.5 1.83886E+03
103.0 1.46677E+03
103.5 1.09682E+03
104.0 7.29047E+02
104.5 3.63462E+02
105.0 3.02343E+01
