106K09D0W2
  0.5 0.00000E+00
  1.0 0.00000E+00
  1.5 0.00000E+00
  2.0 0.00000E+00
  2.5 0.00000E+00
  3.0 0.00000E+00
  3.5 1.37176E+04
  4.0 1.87558E+04
  4.5 2.40013E+04
  5.0 2.94281E+04
  5.5 3.50253E+04
  6.0 4.07878E+04
  6.5 4.67132E+04
  7.0 5.28003E+04
  7.5 5.90497E+04
  8.0 6.54641E+04
  8.5 4.07886E+05
  9.0 7.88113E+04
  9.5 5.04828E+05
 10.0 4.25565E+05
 10.5 3.68061E+04
 11.0 3.95159E+04
 11.5 5.77141E+04
 12.0 3.03677E+04
 12.5 2.82718E+04
 13.0 2.99990E+04
 13.5 3.17436E+04
 14.0 3.35055E+04
 14.5 3.52847E+04
 15.0 3.70810E+04
 15.5 3.88943E+04
 16.0 4.07246E+04
 16.5 4.25715E+04
 17.0 4.44344E+04
 17.5 4.63126E+04
 18.0 4.82044E+04
 18.5 5.01077E+04
 19.0 5.20193E+04
 19.5 5.39350E+04
 20.0 5.58497E+04
 20.5 5.77571E+04
 21.0 5.96501E+04
 21.5 6.15206E+04
 22.0 6.33603E+04
 22.5 6.51602E+04
 23.0 6.69116E+04
 23.5 6.86058E+04
 24.0 7.02343E+04
 24.5 7.17896E+04
 25.0 7.32646E+04
 25.5 7.46533E+04
 26.0 7.59505E+04
 26.5 7.71521E+04
 27.0 7.82549E+04
 27.5 7.92568E+04
 28.0 8.01567E+04
 28.5 8.09540E+04
 29.0 8.16495E+04
 29.5 8.22442E+04
 30.0 8.27400E+04
 30.5 8.31395E+04
 31.0 8.34454E+04
 31.5 8.36612E+04
 32.0 8.37903E+04
 32.5 8.38368E+04
 33.0 8.38045E+04
 33.5 8.36978E+04
 34.0 8.35207E+04
 34.5 8.32775E+04
 35.0 8.29725E+04
 35.5 8.26099E+04
 36.0 8.21936E+04
 36.5 8.17277E+04
 37.0 8.12160E+04
 37.5 8.06623E+04
 38.0 8.00701E+04
 38.5 7.94429E+04
 39.0 7.87838E+04
 39.5 7.80959E+04
 40.0 7.73822E+04
 40.5 7.66454E+04
 41.0 7.58881E+04
 41.5 7.51127E+04
 42.0 7.43215E+04
 42.5 7.35166E+04
 43.0 7.27000E+04
 43.5 7.18734E+04
 44.0 7.10387E+04
 44.5 7.01973E+04
 45.0 6.93508E+04
 45.5 6.85004E+04
 46.0 6.76473E+04
 46.5 6.67928E+04
 47.0 6.59378E+04
 47.5 6.50834E+04
 48.0 6.42302E+04
 48.5 6.33791E+04
 49.0 6.25308E+04
 49.5 6.16860E+04
 50.0 6.08451E+04
 50.5 6.00088E+04
 51.0 5.91774E+04
 51.5 5.83513E+04
 52.0 5.75310E+04
 52.5 5.67167E+04
 53.0 5.59087E+04
 53.5 5.51072E+04
 54.0 5.43124E+04
 54.5 5.35245E+04
 55.0 5.27437E+04
 55.5 5.19699E+04
 56.0 5.12034E+04
 56.5 5.04441E+04
 57.0 4.96922E+04
 57.5 4.89476E+04
 58.0 1.79008E+05
 58.5 4.74805E+04
 59.0 4.67580E+04
 59.5 2.76626E+05
 60.0 4.53347E+04
 60.5 4.46339E+04
 61.0 4.39402E+04
 61.5 4.32536E+04
 62.0 4.25739E+04
 62.5 4.19012E+04
 63.0 4.12353E+04
 63.5 4.05761E+04
 64.0 3.99235E+04
 64.5 3.92775E+04
 65.0 3.86378E+04
 65.5 3.80045E+04
 66.0 3.73774E+04
 66.5 3.67564E+04
 67.0 1.15391E+05
 67.5 3.55323E+04
 68.0 3.49290E+04
 68.5 3.43313E+04
 69.0 5.47633E+04
 69.5 3.19220E+04
 70.0 2.53412E+04
 70.5 2.50653E+04
 71.0 2.47848E+04
 71.5 2.44998E+04
 72.0 2.42105E+04
 72.5 2.39171E+04
 73.0 2.36195E+04
 73.5 2.33180E+04
 74.0 2.30126E+04
 74.5 2.27035E+04
 75.0 2.23908E+04
 75.5 2.20747E+04
 76.0 2.17551E+04
 76.5 2.14323E+04
 77.0 2.11063E+04
 77.5 2.07774E+04
 78.0 2.04454E+04
 78.5 2.01107E+04
 79.0 1.97733E+04
 79.5 1.94333E+04
 80.0 1.90908E+04
 80.5 1.87458E+04
 81.0 1.83986E+04
 81.5 1.80492E+04
 82.0 1.76978E+04
 82.5 1.73443E+04
 83.0 1.69889E+04
 83.5 1.66317E+04
 84.0 1.62728E+04
 84.5 1.59123E+04
 85.0 1.55503E+04
 85.5 1.51868E+04
 86.0 1.48220E+04
 86.5 1.44559E+04
 87.0 1.40887E+04
 87.5 1.37203E+04
 88.0 1.33510E+04
 88.5 1.29807E+04
 89.0 1.26095E+04
 89.5 1.22376E+04
 90.0 1.18651E+04
 90.5 1.14919E+04
 91.0 1.11181E+04
 91.5 1.07439E+04
 92.0 1.03693E+04
 92.5 9.99444E+03
 93.0 9.61931E+03
 93.5 9.24401E+03
 94.0 8.86861E+03
 94.5 8.49318E+03
 95.0 8.11779E+03
 95.5 7.74251E+03
 96.0 7.36741E+03
 96.5 6.99255E+03
 97.0 6.61800E+03
 97.5 6.24383E+03
 98.0 5.87009E+03
 98.5 5.49685E+03
 99.0 5.12418E+03
 99.5 4.75213E+03
100.0 4.38078E+03
100.5 4.01018E+03
101.0 3.64038E+03
101.5 3.27146E+03
102.0 2.90347E+03
102.5 2.53647E+03
103.0 2.17052E+03
103.5 1.80567E+03
104.0 1.44199E+03
104.5 1.07954E+03
105.0 7.18356E+02
105.5 3.58512E+02
106.0 2.98416E+01
