106K07D0W2
  0.5 0.00000E+00
  1.0 0.00000E+00
  1.5 0.00000E+00
  2.0 0.00000E+00
  2.5 0.00000E+00
  3.0 0.00000E+00
  3.5 9.51462E+03
  4.0 1.34626E+04
  4.5 1.75855E+04
  5.0 2.18445E+04
  5.5 2.62234E+04
  6.0 3.07143E+04
  6.5 3.53129E+04
  7.0 4.00161E+04
  7.5 4.48218E+04
  8.0 4.97290E+04
  8.5 1.67685E+05
  9.0 5.98482E+04
  9.5 2.58271E+05
 10.0 2.20738E+05
 10.5 2.79361E+04
 11.0 3.00205E+04
 11.5 3.52715E+04
 12.0 2.30490E+04
 12.5 2.14560E+04
 13.0 2.27886E+04
 13.5 2.41312E+04
 14.0 2.54836E+04
 14.5 2.68454E+04
 15.0 2.82164E+04
 15.5 2.95963E+04
 16.0 3.09849E+04
 16.5 3.23818E+04
 17.0 3.37869E+04
 17.5 3.51998E+04
 18.0 3.66200E+04
 18.5 3.80472E+04
 19.0 3.94805E+04
 19.5 4.09190E+04
 20.0 4.23614E+04
 20.5 4.38059E+04
 21.0 4.52503E+04
 21.5 4.66917E+04
 22.0 4.81268E+04
 22.5 4.95519E+04
 23.0 5.09626E+04
 23.5 5.23541E+04
 24.0 5.37217E+04
 24.5 5.50601E+04
 25.0 5.63641E+04
 25.5 5.76286E+04
 26.0 5.88486E+04
 26.5 6.00195E+04
 27.0 6.11370E+04
 27.5 6.21972E+04
 28.0 6.31968E+04
 28.5 6.41328E+04
 29.0 6.50029E+04
 29.5 6.58055E+04
 30.0 6.65392E+04
 30.5 6.72034E+04
 31.0 6.77978E+04
 31.5 6.83227E+04
 32.0 6.87786E+04
 32.5 6.91667E+04
 33.0 6.94882E+04
 33.5 6.97449E+04
 34.0 6.99386E+04
 34.5 7.00714E+04
 35.0 7.01456E+04
 35.5 7.01634E+04
 36.0 7.01276E+04
 36.5 7.00405E+04
 37.0 6.99047E+04
 37.5 6.97230E+04
 38.0 6.94978E+04
 38.5 6.92318E+04
 39.0 6.89274E+04
 39.5 6.85873E+04
 40.0 6.82137E+04
 40.5 6.78091E+04
 41.0 6.73758E+04
 41.5 6.69158E+04
 42.0 6.64313E+04
 42.5 6.59243E+04
 43.0 6.53967E+04
 43.5 6.48504E+04
 44.0 6.42871E+04
 44.5 6.37083E+04
 45.0 6.31156E+04
 45.5 6.25106E+04
 46.0 6.18945E+04
 46.5 6.12686E+04
 47.0 6.06341E+04
 47.5 5.99922E+04
 48.0 5.93439E+04
 48.5 5.86902E+04
 49.0 5.80319E+04
 49.5 5.73700E+04
 50.0 5.67052E+04
 50.5 5.60382E+04
 51.0 5.53697E+04
 51.5 5.47002E+04
 52.0 5.40304E+04
 52.5 5.33608E+04
 53.0 5.26918E+04
 53.5 5.20239E+04
 54.0 5.13574E+04
 54.5 5.06928E+04
 55.0 5.00303E+04
 55.5 4.93703E+04
 56.0 4.87129E+04
 56.5 4.80585E+04
 57.0 4.74072E+04
 57.5 4.67592E+04
 58.0 1.67269E+05
 58.5 4.54739E+04
 59.0 4.48368E+04
 59.5 2.58735E+05
 60.0 4.35742E+04
 60.5 4.29490E+04
 61.0 4.23278E+04
 61.5 4.17107E+04
 62.0 4.10979E+04
 62.5 4.04892E+04
 63.0 3.98848E+04
 63.5 3.92846E+04
 64.0 3.86886E+04
 64.5 3.80969E+04
 65.0 3.75094E+04
 65.5 3.69261E+04
 66.0 3.63470E+04
 66.5 3.57720E+04
 67.0 1.10415E+05
 67.5 3.46344E+04
 68.0 3.40717E+04
 68.5 3.35130E+04
 69.0 5.29899E+04
 69.5 3.09309E+04
 70.0 2.31765E+04
 70.5 2.29778E+04
 71.0 2.27729E+04
 71.5 2.25619E+04
 72.0 2.23448E+04
 72.5 2.21220E+04
 73.0 2.18933E+04
 73.5 2.16591E+04
 74.0 2.14193E+04
 74.5 2.11741E+04
 75.0 2.09237E+04
 75.5 2.06682E+04
 76.0 2.04076E+04
 76.5 2.01422E+04
 77.0 1.98720E+04
 77.5 1.95972E+04
 78.0 1.93178E+04
 78.5 1.90341E+04
 79.0 1.87462E+04
 79.5 1.84541E+04
 80.0 1.81580E+04
 80.5 1.78581E+04
 81.0 1.75544E+04
 81.5 1.72470E+04
 82.0 1.69362E+04
 82.5 1.66220E+04
 83.0 1.63045E+04
 83.5 1.59839E+04
 84.0 1.56602E+04
 84.5 1.53337E+04
 85.0 1.50043E+04
 85.5 1.46723E+04
 86.0 1.43377E+04
 86.5 1.40007E+04
 87.0 1.36613E+04
 87.5 1.33196E+04
 88.0 1.29759E+04
 88.5 1.26301E+04
 89.0 1.22825E+04
 89.5 1.19330E+04
 90.0 1.15818E+04
 90.5 1.12290E+04
 91.0 1.08747E+04
 91.5 1.05190E+04
 92.0 1.01620E+04
 92.5 9.80386E+03
 93.0 9.44456E+03
 93.5 9.08424E+03
 94.0 8.72300E+03
 94.5 8.36093E+03
 95.0 7.99813E+03
 95.5 7.63467E+03
 96.0 7.27065E+03
 96.5 6.90617E+03
 97.0 6.54129E+03
 97.5 6.17612E+03
 98.0 5.81073E+03
 98.5 5.44520E+03
 99.0 5.07963E+03
 99.5 4.71408E+03
100.0 4.34865E+03
100.5 3.98340E+03
101.0 3.61843E+03
101.5 3.25380E+03
102.0 2.88959E+03
102.5 2.52588E+03
103.0 2.16274E+03
103.5 1.80025E+03
104.0 1.43848E+03
104.5 1.07750E+03
105.0 7.17392E+02
105.5 3.58216E+02
106.0 2.98261E+01
