106K06D0W2
  0.5 0.00000E+00
  1.0 0.00000E+00
  1.5 0.00000E+00
  2.0 0.00000E+00
  2.5 0.00000E+00
  3.0 0.00000E+00
  3.5 7.48145E+03
  4.0 1.08718E+04
  4.5 1.44294E+04
  5.0 1.81066E+04
  5.5 2.18829E+04
  6.0 2.57486E+04
  6.5 2.96982E+04
  7.0 3.37282E+04
  7.5 3.78360E+04
  8.0 4.20196E+04
  8.5 9.62461E+04
  9.0 5.06093E+04
  9.5 1.63250E+05
 10.0 1.41513E+05
 10.5 2.35746E+04
 11.0 2.53568E+04
 11.5 2.74931E+04
 12.0 1.94483E+04
 12.5 1.81018E+04
 13.0 1.92431E+04
 13.5 2.03914E+04
 14.0 2.15465E+04
 14.5 2.27080E+04
 15.0 2.38756E+04
 15.5 2.50492E+04
 16.0 2.62283E+04
 16.5 2.74127E+04
 17.0 2.86021E+04
 17.5 2.97962E+04
 18.0 3.09947E+04
 18.5 3.21973E+04
 19.0 3.34035E+04
 19.5 3.46129E+04
 20.0 3.58250E+04
 20.5 3.70389E+04
 21.0 3.82537E+04
 21.5 3.94681E+04
 22.0 4.06807E+04
 22.5 4.18896E+04
 23.0 4.30924E+04
 23.5 4.42867E+04
 24.0 4.54695E+04
 24.5 4.66377E+04
 25.0 4.77880E+04
 25.5 4.89166E+04
 26.0 5.00199E+04
 26.5 5.10944E+04
 27.0 5.21362E+04
 27.5 5.31420E+04
 28.0 5.41084E+04
 28.5 5.50324E+04
 29.0 5.59111E+04
 29.5 5.67422E+04
 30.0 5.75235E+04
 30.5 5.82534E+04
 31.0 5.89303E+04
 31.5 5.95534E+04
 32.0 6.01220E+04
 32.5 6.06357E+04
 33.0 6.10947E+04
 33.5 6.14993E+04
 34.0 6.18499E+04
 34.5 6.21476E+04
 35.0 6.23932E+04
 35.5 6.25881E+04
 36.0 6.27337E+04
 36.5 6.28316E+04
 37.0 6.28833E+04
 37.5 6.28907E+04
 38.0 6.28556E+04
 38.5 6.27797E+04
 39.0 6.26651E+04
 39.5 6.25137E+04
 40.0 6.23272E+04
 40.5 6.21077E+04
 41.0 6.18570E+04
 41.5 6.15769E+04
 42.0 6.12693E+04
 42.5 6.09358E+04
 43.0 6.05783E+04
 43.5 6.01982E+04
 44.0 5.97974E+04
 44.5 5.93771E+04
 45.0 5.89389E+04
 45.5 5.84843E+04
 46.0 5.80144E+04
 46.5 5.75307E+04
 47.0 5.70342E+04
 47.5 5.65262E+04
 48.0 5.60077E+04
 48.5 5.54797E+04
 49.0 5.49431E+04
 49.5 5.43990E+04
 50.0 5.38481E+04
 50.5 5.32912E+04
 51.0 5.27291E+04
 51.5 5.21624E+04
 52.0 5.15918E+04
 52.5 5.10179E+04
 53.0 5.04413E+04
 53.5 4.98625E+04
 54.0 4.92820E+04
 54.5 4.87002E+04
 55.0 4.81175E+04
 55.5 4.75344E+04
 56.0 4.69511E+04
 56.5 4.63680E+04
 57.0 4.57854E+04
 57.5 4.52036E+04
 58.0 1.59028E+05
 58.5 4.40432E+04
 59.0 4.34651E+04
 59.5 2.46143E+05
 60.0 4.23139E+04
 60.5 4.17412E+04
 61.0 4.11705E+04
 61.5 4.06021E+04
 62.0 4.00359E+04
 62.5 3.94722E+04
 63.0 3.89110E+04
 63.5 3.83523E+04
 64.0 3.77963E+04
 64.5 3.72429E+04
 65.0 3.66923E+04
 65.5 3.61445E+04
 66.0 3.55994E+04
 66.5 3.50572E+04
 67.0 1.06845E+05
 67.5 3.39813E+04
 68.0 3.34477E+04
 68.5 3.29169E+04
 69.0 5.17086E+04
 69.5 3.02283E+04
 70.0 2.17157E+04
 70.5 2.15652E+04
 71.0 2.14076E+04
 71.5 2.12432E+04
 72.0 2.10720E+04
 72.5 2.08941E+04
 73.0 2.07096E+04
 73.5 2.05186E+04
 74.0 2.03213E+04
 74.5 2.01177E+04
 75.0 1.99079E+04
 75.5 1.96921E+04
 76.0 1.94704E+04
 76.5 1.92429E+04
 77.0 1.90098E+04
 77.5 1.87711E+04
 78.0 1.85270E+04
 78.5 1.82775E+04
 79.0 1.80229E+04
 79.5 1.77633E+04
 80.0 1.74988E+04
 80.5 1.72295E+04
 81.0 1.69555E+04
 81.5 1.66770E+04
 82.0 1.63942E+04
 82.5 1.61071E+04
 83.0 1.58158E+04
 83.5 1.55205E+04
 84.0 1.52214E+04
 84.5 1.49185E+04
 85.0 1.46121E+04
 85.5 1.43021E+04
 86.0 1.39887E+04
 86.5 1.36721E+04
 87.0 1.33524E+04
 87.5 1.30297E+04
 88.0 1.27042E+04
 88.5 1.23758E+04
 89.0 1.20449E+04
 89.5 1.17114E+04
 90.0 1.13756E+04
 90.5 1.10374E+04
 91.0 1.06971E+04
 91.5 1.03547E+04
 92.0 1.00105E+04
 92.5 9.66432E+03
 93.0 9.31648E+03
 93.5 8.96702E+03
 94.0 8.61607E+03
 94.5 8.26372E+03
 95.0 7.91007E+03
 95.5 7.55524E+03
 96.0 7.19933E+03
 96.5 6.84243E+03
 97.0 6.48464E+03
 97.5 6.12607E+03
 98.0 5.76681E+03
 98.5 5.40696E+03
 99.0 5.04661E+03
 99.5 4.68586E+03
100.0 4.32480E+03
100.5 3.96352E+03
101.0 3.60211E+03
101.5 3.24066E+03
102.0 2.87925E+03
102.5 2.51799E+03
103.0 2.15694E+03
103.5 1.79621E+03
104.0 1.43586E+03
104.5 1.07599E+03
105.0 7.16672E+02
105.5 3.57994E+02
106.0 2.98145E+01
