106K12D0W2
  0.5 0.00000E+00
  1.0 0.00000E+00
  1.5 0.00000E+00
  2.0 0.00000E+00
  2.5 0.00000E+00
  3.0 0.00000E+00
  3.5 2.02636E+04
  4.0 2.69230E+04
  4.5 3.38662E+04
  5.0 4.10783E+04
  5.5 4.85545E+04
  6.0 5.62941E+04
  6.5 6.42993E+04
  7.0 7.25762E+04
  7.5 8.11354E+04
  8.0 8.99940E+04
  8.5 9.74408E+05
  9.0 1.08710E+05
  9.5 9.46282E+05
 10.0 7.91781E+05
 10.5 5.05361E+04
 11.0 5.42475E+04
 11.5 1.09332E+05
 12.0 4.16840E+04
 12.5 3.88049E+04
 13.0 4.11598E+04
 13.5 4.35479E+04
 14.0 4.59696E+04
 14.5 4.84252E+04
 15.0 5.09153E+04
 15.5 5.34391E+04
 16.0 5.59957E+04
 16.5 5.85822E+04
 17.0 6.11943E+04
 17.5 6.38256E+04
 18.0 6.64675E+04
 18.5 6.91090E+04
 19.0 7.17377E+04
 19.5 7.43390E+04
 20.0 7.68978E+04
 20.5 7.93979E+04
 21.0 8.18235E+04
 21.5 8.41591E+04
 22.0 8.63904E+04
 22.5 8.85043E+04
 23.0 9.04895E+04
 23.5 9.23364E+04
 24.0 9.40377E+04
 24.5 9.55875E+04
 25.0 9.69822E+04
 25.5 9.82200E+04
 26.0 9.93006E+04
 26.5 1.00225E+05
 27.0 1.00997E+05
 27.5 1.01619E+05
 28.0 1.02097E+05
 28.5 1.02435E+05
 29.0 1.02640E+05
 29.5 1.02720E+05
 30.0 1.02679E+05
 30.5 1.02526E+05
 31.0 1.02268E+05
 31.5 1.01912E+05
 32.0 1.01465E+05
 32.5 1.00934E+05
 33.0 1.00327E+05
 33.5 9.96489E+04
 34.0 9.89069E+04
 34.5 9.81070E+04
 35.0 9.72549E+04
 35.5 9.63559E+04
 36.0 9.54155E+04
 36.5 9.44382E+04
 37.0 9.34286E+04
 37.5 9.23910E+04
 38.0 9.13294E+04
 38.5 9.02472E+04
 39.0 8.91480E+04
 39.5 8.80348E+04
 40.0 8.69104E+04
 40.5 8.57776E+04
 41.0 8.46386E+04
 41.5 8.34957E+04
 42.0 8.23510E+04
 42.5 8.12061E+04
 43.0 8.00628E+04
 43.5 7.89225E+04
 44.0 7.77865E+04
 44.5 7.66561E+04
 45.0 7.55323E+04
 45.5 7.44160E+04
 46.0 7.33082E+04
 46.5 7.22094E+04
 47.0 7.11204E+04
 47.5 7.00417E+04
 48.0 6.89739E+04
 48.5 6.79172E+04
 49.0 6.68721E+04
 49.5 6.58388E+04
 50.0 6.48175E+04
 50.5 6.38085E+04
 51.0 6.28118E+04
 51.5 6.18276E+04
 52.0 6.08559E+04
 52.5 5.98968E+04
 53.0 5.89501E+04
 53.5 5.80160E+04
 54.0 5.70943E+04
 54.5 5.61849E+04
 55.0 5.52877E+04
 55.5 5.44027E+04
 56.0 5.35297E+04
 56.5 5.26685E+04
 57.0 5.18190E+04
 57.5 5.09811E+04
 58.0 1.90061E+05
 58.5 4.93391E+04
 59.0 4.85346E+04
 59.5 2.93422E+05
 60.0 4.69580E+04
 60.5 4.61853E+04
 61.0 4.54229E+04
 61.5 4.46704E+04
 62.0 4.39277E+04
 62.5 4.31946E+04
 63.0 4.24709E+04
 63.5 4.17563E+04
 64.0 4.10507E+04
 64.5 4.03539E+04
 65.0 3.96657E+04
 65.5 3.89858E+04
 66.0 3.83141E+04
 66.5 3.76504E+04
 67.0 1.19971E+05
 67.5 3.63462E+04
 68.0 3.57053E+04
 68.5 3.50717E+04
 69.0 5.63821E+04
 69.5 3.28472E+04
 70.0 2.74700E+04
 70.5 2.71118E+04
 71.0 2.67513E+04
 71.5 2.63884E+04
 72.0 2.60235E+04
 72.5 2.56564E+04
 73.0 2.52875E+04
 73.5 2.49166E+04
 74.0 2.45440E+04
 74.5 2.41696E+04
 75.0 2.37937E+04
 75.5 2.34162E+04
 76.0 2.30373E+04
 76.5 2.26570E+04
 77.0 2.22754E+04
 77.5 2.18926E+04
 78.0 2.15087E+04
 78.5 2.11237E+04
 79.0 2.07376E+04
 79.5 2.03507E+04
 80.0 1.99629E+04
 80.5 1.95743E+04
 81.0 1.91850E+04
 81.5 1.87950E+04
 82.0 1.84044E+04
 82.5 1.80133E+04
 83.0 1.76217E+04
 83.5 1.72297E+04
 84.0 1.68373E+04
 84.5 1.64447E+04
 85.0 1.60518E+04
 85.5 1.56587E+04
 86.0 1.52655E+04
 86.5 1.48722E+04
 87.0 1.44789E+04
 87.5 1.40856E+04
 88.0 1.36924E+04
 88.5 1.32994E+04
 89.0 1.29065E+04
 89.5 1.25139E+04
 90.0 1.21216E+04
 90.5 1.17296E+04
 91.0 1.13380E+04
 91.5 1.09468E+04
 92.0 1.05561E+04
 92.5 1.01660E+04
 93.0 9.77642E+03
 93.5 9.38749E+03
 94.0 8.99923E+03
 94.5 8.61169E+03
 95.0 8.22492E+03
 95.5 7.83896E+03
 96.0 7.45385E+03
 96.5 7.06965E+03
 97.0 6.68640E+03
 97.5 6.30414E+03
 98.0 5.92292E+03
 98.5 5.54278E+03
 99.0 5.16376E+03
 99.5 4.78592E+03
100.0 4.40928E+03
100.5 4.03390E+03
101.0 3.65982E+03
101.5 3.28709E+03
102.0 2.91574E+03
102.5 2.54583E+03
103.0 2.17738E+03
103.5 1.81046E+03
104.0 1.44509E+03
104.5 1.08132E+03
105.0 7.19205E+02
105.5 3.58774E+02
106.0 2.98553E+01
