106K19D0W2
  0.5 0.00000E+00
  1.0 0.00000E+00
  1.5 0.00000E+00
  2.0 0.00000E+00
  2.5 0.00000E+00
  3.0 0.00000E+00
  3.5 3.65173E+04
  4.0 4.70900E+04
  4.5 5.82053E+04
  5.0 6.98684E+04
  5.5 8.20940E+04
  6.0 9.49082E+04
  6.5 1.08354E+05
  7.0 1.22496E+05
  7.5 1.37422E+05
  8.0 1.53214E+05
  8.5 2.72594E+06
  9.0 1.87351E+05
  9.5 1.97778E+06
 10.0 1.64852E+06
 10.5 8.52557E+04
 11.0 9.17211E+04
 11.5 2.83077E+05
 12.0 7.02169E+04
 12.5 6.53253E+04
 13.0 6.93781E+04
 13.5 7.35230E+04
 14.0 7.77559E+04
 14.5 8.20672E+04
 15.0 8.64408E+04
 15.5 9.08537E+04
 16.0 9.52766E+04
 16.5 9.96747E+04
 17.0 1.04010E+05
 17.5 1.08242E+05
 18.0 1.12333E+05
 18.5 1.16243E+05
 19.0 1.19940E+05
 19.5 1.23395E+05
 20.0 1.26582E+05
 20.5 1.29484E+05
 21.0 1.32089E+05
 21.5 1.34387E+05
 22.0 1.36377E+05
 22.5 1.38060E+05
 23.0 1.39442E+05
 23.5 1.40532E+05
 24.0 1.41340E+05
 24.5 1.41880E+05
 25.0 1.42166E+05
 25.5 1.42215E+05
 26.0 1.42042E+05
 26.5 1.41664E+05
 27.0 1.41097E+05
 27.5 1.40358E+05
 28.0 1.39462E+05
 28.5 1.38426E+05
 29.0 1.37262E+05
 29.5 1.35986E+05
 30.0 1.34610E+05
 30.5 1.33147E+05
 31.0 1.31607E+05
 31.5 1.30002E+05
 32.0 1.28341E+05
 32.5 1.26633E+05
 33.0 1.24887E+05
 33.5 1.23109E+05
 34.0 1.21308E+05
 34.5 1.19489E+05
 35.0 1.17657E+05
 35.5 1.15818E+05
 36.0 1.13976E+05
 36.5 1.12136E+05
 37.0 1.10301E+05
 37.5 1.08474E+05
 38.0 1.06658E+05
 38.5 1.04855E+05
 39.0 1.03069E+05
 39.5 1.01300E+05
 40.0 9.95505E+04
 40.5 9.78219E+04
 41.0 9.61152E+04
 41.5 9.44314E+04
 42.0 9.27715E+04
 42.5 9.11361E+04
 43.0 8.95257E+04
 43.5 8.79407E+04
 44.0 8.63814E+04
 44.5 8.48480E+04
 45.0 8.33406E+04
 45.5 8.18592E+04
 46.0 8.04038E+04
 46.5 7.89742E+04
 47.0 7.75703E+04
 47.5 7.61918E+04
 48.0 7.48385E+04
 48.5 7.35101E+04
 49.0 7.22061E+04
 49.5 7.09264E+04
 50.0 6.96705E+04
 50.5 6.84379E+04
 51.0 6.72283E+04
 51.5 6.60412E+04
 52.0 6.48761E+04
 52.5 6.37327E+04
 53.0 6.26105E+04
 53.5 6.15089E+04
 54.0 6.04276E+04
 54.5 5.93661E+04
 55.0 5.83238E+04
 55.5 5.73004E+04
 56.0 5.62954E+04
 56.5 5.53083E+04
 57.0 5.43386E+04
 57.5 5.33860E+04
 58.0 2.03302E+05
 58.5 5.15300E+04
 59.0 5.06259E+04
 59.5 3.13485E+05
 60.0 4.88630E+04
 60.5 4.80035E+04
 61.0 4.71581E+04
 61.5 4.63263E+04
 62.0 4.55079E+04
 62.5 4.47025E+04
 63.0 4.39096E+04
 63.5 4.31290E+04
 64.0 4.23603E+04
 64.5 4.16031E+04
 65.0 4.08572E+04
 65.5 4.01221E+04
 66.0 3.93977E+04
 66.5 3.86836E+04
 67.0 1.25333E+05
 67.5 3.72850E+04
 68.0 3.66001E+04
 68.5 3.59242E+04
 69.0 5.82629E+04
 69.5 3.39490E+04
 70.0 3.01371E+04
 70.5 2.96676E+04
 71.0 2.91994E+04
 71.5 2.87325E+04
 72.0 2.82669E+04
 72.5 2.78027E+04
 73.0 2.73398E+04
 73.5 2.68782E+04
 74.0 2.64180E+04
 74.5 2.59591E+04
 75.0 2.55016E+04
 75.5 2.50454E+04
 76.0 2.45905E+04
 76.5 2.41371E+04
 77.0 2.36849E+04
 77.5 2.32342E+04
 78.0 2.27848E+04
 78.5 2.23368E+04
 79.0 2.18901E+04
 79.5 2.14448E+04
 80.0 2.10009E+04
 80.5 2.05584E+04
 81.0 2.01173E+04
 81.5 1.96775E+04
 82.0 1.92391E+04
 82.5 1.88021E+04
 83.0 1.83665E+04
 83.5 1.79323E+04
 84.0 1.74994E+04
 84.5 1.70680E+04
 85.0 1.66380E+04
 85.5 1.62095E+04
 86.0 1.57823E+04
 86.5 1.53566E+04
 87.0 1.49323E+04
 87.5 1.45094E+04
 88.0 1.40880E+04
 88.5 1.36681E+04
 89.0 1.32496E+04
 89.5 1.28327E+04
 90.0 1.24172E+04
 90.5 1.20032E+04
 91.0 1.15907E+04
 91.5 1.11798E+04
 92.0 1.07703E+04
 92.5 1.03625E+04
 93.0 9.95620E+03
 93.5 9.55148E+03
 94.0 9.14836E+03
 94.5 8.74685E+03
 95.0 8.34697E+03
 95.5 7.94873E+03
 96.0 7.55215E+03
 96.5 7.15724E+03
 97.0 6.76403E+03
 97.5 6.37253E+03
 98.0 5.98277E+03
 98.5 5.59476E+03
 99.0 5.20852E+03
 99.5 4.82408E+03
100.0 4.44146E+03
100.5 4.06067E+03
101.0 3.68174E+03
101.5 3.30470E+03
102.0 2.92956E+03
102.5 2.55635E+03
103.0 2.18510E+03
103.5 1.81583E+03
104.0 1.44856E+03
104.5 1.08333E+03
105.0 7.20155E+02
105.5 3.59066E+02
106.0 2.98705E+01
