106K15D0W2
  0.5 0.00000E+00
  1.0 0.00000E+00
  1.5 0.00000E+00
  2.0 0.00000E+00
  2.5 0.00000E+00
  3.0 0.00000E+00
  3.5 2.70561E+04
  4.0 3.53591E+04
  4.5 4.40447E+04
  5.0 5.31062E+04
  5.5 6.25451E+04
  6.0 7.23680E+04
  6.5 8.25878E+04
  7.0 9.32263E+04
  7.5 1.04317E+05
  8.0 1.15905E+05
  8.5 1.68959E+06
  9.0 1.40751E+05
  9.5 1.40285E+06
 10.0 1.17073E+06
 10.5 6.48875E+04
 11.0 6.96973E+04
 11.5 1.77582E+05
 12.0 5.34940E+04
 12.5 4.97891E+04
 13.0 5.28259E+04
 13.5 5.59181E+04
 14.0 5.90665E+04
 14.5 6.22708E+04
 15.0 6.55292E+04
 15.5 6.88367E+04
 16.0 7.21852E+04
 16.5 7.55628E+04
 17.0 7.89536E+04
 17.5 8.23386E+04
 18.0 8.56955E+04
 18.5 8.90005E+04
 19.0 9.22288E+04
 19.5 9.53553E+04
 20.0 9.83564E+04
 20.5 1.01210E+05
 21.0 1.03897E+05
 21.5 1.06401E+05
 22.0 1.08708E+05
 22.5 1.10809E+05
 23.0 1.12696E+05
 23.5 1.14366E+05
 24.0 1.15818E+05
 24.5 1.17053E+05
 25.0 1.18076E+05
 25.5 1.18891E+05
 26.0 1.19507E+05
 26.5 1.19931E+05
 27.0 1.20173E+05
 27.5 1.20243E+05
 28.0 1.20151E+05
 28.5 1.19909E+05
 29.0 1.19526E+05
 29.5 1.19015E+05
 30.0 1.18385E+05
 30.5 1.17646E+05
 31.0 1.16809E+05
 31.5 1.15884E+05
 32.0 1.14878E+05
 32.5 1.13801E+05
 33.0 1.12661E+05
 33.5 1.11465E+05
 34.0 1.10220E+05
 34.5 1.08934E+05
 35.0 1.07611E+05
 35.5 1.06259E+05
 36.0 1.04881E+05
 36.5 1.03484E+05
 37.0 1.02070E+05
 37.5 1.00644E+05
 38.0 9.92103E+04
 38.5 9.77714E+04
 39.0 9.63306E+04
 39.5 9.48904E+04
 40.0 9.34533E+04
 40.5 9.20214E+04
 41.0 9.05968E+04
 41.5 8.91809E+04
 42.0 8.77756E+04
 42.5 8.63819E+04
 43.0 8.50012E+04
 43.5 8.36343E+04
 44.0 8.22822E+04
 44.5 8.09457E+04
 45.0 7.96252E+04
 45.5 7.83215E+04
 46.0 7.70348E+04
 46.5 7.57656E+04
 47.0 7.45140E+04
 47.5 7.32804E+04
 48.0 7.20647E+04
 48.5 7.08671E+04
 49.0 6.96877E+04
 49.5 6.85263E+04
 50.0 6.73829E+04
 50.5 6.62573E+04
 51.0 6.51496E+04
 51.5 6.40594E+04
 52.0 6.29866E+04
 52.5 6.19310E+04
 53.0 6.08923E+04
 53.5 5.98704E+04
 54.0 5.88648E+04
 54.5 5.78755E+04
 55.0 5.69021E+04
 55.5 5.59442E+04
 56.0 5.50016E+04
 56.5 5.40740E+04
 57.0 5.31612E+04
 57.5 5.22627E+04
 58.0 1.97095E+05
 58.5 5.05076E+04
 59.0 4.96504E+04
 59.5 3.04088E+05
 60.0 4.79751E+04
 60.5 4.71564E+04
 61.0 4.63500E+04
 61.5 4.55554E+04
 62.0 4.47725E+04
 62.5 4.40010E+04
 63.0 4.32406E+04
 63.5 4.24909E+04
 64.0 4.17517E+04
 64.5 4.10228E+04
 65.0 4.03038E+04
 65.5 3.95945E+04
 66.0 3.88947E+04
 66.5 3.82041E+04
 67.0 1.22835E+05
 67.5 3.68496E+04
 68.0 3.61852E+04
 68.5 3.55290E+04
 69.0 5.73888E+04
 69.5 3.34332E+04
 70.0 2.88710E+04
 70.5 2.84554E+04
 71.0 2.80392E+04
 71.5 2.76226E+04
 72.0 2.72056E+04
 72.5 2.67881E+04
 73.0 2.63704E+04
 73.5 2.59524E+04
 74.0 2.55342E+04
 74.5 2.51158E+04
 75.0 2.46973E+04
 75.5 2.42787E+04
 76.0 2.38601E+04
 76.5 2.34415E+04
 77.0 2.30230E+04
 77.5 2.26045E+04
 78.0 2.21862E+04
 78.5 2.17681E+04
 79.0 2.13502E+04
 79.5 2.09326E+04
 80.0 2.05152E+04
 80.5 2.00982E+04
 81.0 1.96815E+04
 81.5 1.92652E+04
 82.0 1.88494E+04
 82.5 1.84340E+04
 83.0 1.80191E+04
 83.5 1.76047E+04
 84.0 1.71909E+04
 84.5 1.67777E+04
 85.0 1.63651E+04
 85.5 1.59532E+04
 86.0 1.55419E+04
 86.5 1.51314E+04
 87.0 1.47216E+04
 87.5 1.43125E+04
 88.0 1.39043E+04
 88.5 1.34969E+04
 89.0 1.30904E+04
 89.5 1.26848E+04
 90.0 1.22801E+04
 90.5 1.18764E+04
 91.0 1.14736E+04
 91.5 1.10719E+04
 92.0 1.06712E+04
 92.5 1.02715E+04
 93.0 9.87300E+03
 93.5 9.47562E+03
 94.0 9.07940E+03
 94.5 8.68436E+03
 95.0 8.29056E+03
 95.5 7.89801E+03
 96.0 7.50674E+03
 96.5 7.11679E+03
 97.0 6.72819E+03
 97.5 6.34097E+03
 98.0 5.95515E+03
 98.5 5.57078E+03
 99.0 5.18788E+03
 99.5 4.80648E+03
100.0 4.42662E+03
100.5 4.04833E+03
101.0 3.67164E+03
101.5 3.29659E+03
102.0 2.92320E+03
102.5 2.55151E+03
103.0 2.18155E+03
103.5 1.81336E+03
104.0 1.44696E+03
104.5 1.08241E+03
105.0 7.19718E+02
105.5 3.58931E+02
106.0 2.98635E+01
