106K16D0W2
  0.5 0.00000E+00
  1.0 0.00000E+00
  1.5 0.00000E+00
  2.0 0.00000E+00
  2.5 0.00000E+00
  3.0 0.00000E+00
  3.5 2.93758E+04
  4.0 3.82364E+04
  4.5 4.75165E+04
  5.0 5.72123E+04
  5.5 6.73279E+04
  6.0 7.78735E+04
  6.5 8.88674E+04
  7.0 1.00339E+05
  7.5 1.12334E+05
  8.0 1.24910E+05
  8.5 1.94446E+06
  9.0 1.51972E+05
  9.5 1.55138E+06
 10.0 1.29410E+06
 10.5 6.98348E+04
 11.0 7.50365E+04
 11.5 2.02820E+05
 12.0 5.75603E+04
 12.5 5.35688E+04
 13.0 5.68473E+04
 13.5 6.01899E+04
 14.0 6.35972E+04
 14.5 6.70677E+04
 15.0 7.05974E+04
 15.5 7.41783E+04
 16.0 7.77981E+04
 16.5 8.14401E+04
 17.0 8.50832E+04
 17.5 8.87030E+04
 18.0 9.22726E+04
 18.5 9.57637E+04
 19.0 9.91481E+04
 19.5 1.02399E+05
 20.0 1.05490E+05
 20.5 1.08400E+05
 21.0 1.11110E+05
 21.5 1.13605E+05
 22.0 1.15872E+05
 22.5 1.17905E+05
 23.0 1.19700E+05
 23.5 1.21254E+05
 24.0 1.22571E+05
 24.5 1.23654E+05
 25.0 1.24511E+05
 25.5 1.25150E+05
 26.0 1.25579E+05
 26.5 1.25811E+05
 27.0 1.25856E+05
 27.5 1.25726E+05
 28.0 1.25434E+05
 28.5 1.24991E+05
 29.0 1.24409E+05
 29.5 1.23701E+05
 30.0 1.22878E+05
 30.5 1.21950E+05
 31.0 1.20929E+05
 31.5 1.19823E+05
 32.0 1.18644E+05
 32.5 1.17398E+05
 33.0 1.16095E+05
 33.5 1.14742E+05
 34.0 1.13347E+05
 34.5 1.11916E+05
 35.0 1.10454E+05
 35.5 1.08968E+05
 36.0 1.07463E+05
 36.5 1.05944E+05
 37.0 1.04413E+05
 37.5 1.02877E+05
 38.0 1.01337E+05
 38.5 9.97964E+04
 39.0 9.82590E+04
 39.5 9.67269E+04
 40.0 9.52022E+04
 40.5 9.36870E+04
 41.0 9.21829E+04
 41.5 9.06915E+04
 42.0 8.92142E+04
 42.5 8.77522E+04
 43.0 8.63063E+04
 43.5 8.48775E+04
 44.0 8.34666E+04
 44.5 8.20740E+04
 45.0 8.07003E+04
 45.5 7.93458E+04
 46.0 7.80110E+04
 46.5 7.66959E+04
 47.0 7.54007E+04
 47.5 7.41255E+04
 48.0 7.28704E+04
 48.5 7.16352E+04
 49.0 7.04200E+04
 49.5 6.92245E+04
 50.0 6.80487E+04
 50.5 6.68923E+04
 51.0 6.57551E+04
 51.5 6.46370E+04
 52.0 6.35375E+04
 52.5 6.24566E+04
 53.0 6.13937E+04
 53.5 6.03487E+04
 54.0 5.93212E+04
 54.5 5.83110E+04
 55.0 5.73176E+04
 55.5 5.63407E+04
 56.0 5.53800E+04
 56.5 5.44351E+04
 57.0 5.35057E+04
 57.5 5.25915E+04
 58.0 1.98907E+05
 58.5 5.08070E+04
 59.0 4.99362E+04
 59.5 3.06834E+05
 60.0 4.82353E+04
 60.5 4.74048E+04
 61.0 4.65869E+04
 61.5 4.57815E+04
 62.0 4.49883E+04
 62.5 4.42069E+04
 63.0 4.34369E+04
 63.5 4.26782E+04
 64.0 4.19304E+04
 64.5 4.11932E+04
 65.0 4.04663E+04
 65.5 3.97495E+04
 66.0 3.90425E+04
 66.5 3.83450E+04
 67.0 1.23568E+05
 67.5 3.69776E+04
 68.0 3.63072E+04
 68.5 3.56452E+04
 69.0 5.76454E+04
 69.5 3.35840E+04
 70.0 2.92378E+04
 70.5 2.88068E+04
 71.0 2.83758E+04
 71.5 2.79448E+04
 72.0 2.75138E+04
 72.5 2.70829E+04
 73.0 2.66522E+04
 73.5 2.62216E+04
 74.0 2.57913E+04
 74.5 2.53613E+04
 75.0 2.49315E+04
 75.5 2.45021E+04
 76.0 2.40730E+04
 76.5 2.36443E+04
 77.0 2.32161E+04
 77.5 2.27883E+04
 78.0 2.23610E+04
 78.5 2.19342E+04
 79.0 2.15080E+04
 79.5 2.10823E+04
 80.0 2.06572E+04
 80.5 2.02328E+04
 81.0 1.98090E+04
 81.5 1.93859E+04
 82.0 1.89635E+04
 82.5 1.85418E+04
 83.0 1.81209E+04
 83.5 1.77007E+04
 84.0 1.72813E+04
 84.5 1.68628E+04
 85.0 1.64451E+04
 85.5 1.60283E+04
 86.0 1.56124E+04
 86.5 1.51975E+04
 87.0 1.47834E+04
 87.5 1.43704E+04
 88.0 1.39583E+04
 88.5 1.35472E+04
 89.0 1.31372E+04
 89.5 1.27283E+04
 90.0 1.23204E+04
 90.5 1.19137E+04
 91.0 1.15080E+04
 91.5 1.11036E+04
 92.0 1.07003E+04
 92.5 1.02983E+04
 93.0 9.89750E+03
 93.5 9.49796E+03
 94.0 9.09971E+03
 94.5 8.70277E+03
 95.0 8.30718E+03
 95.5 7.91295E+03
 96.0 7.52012E+03
 96.5 7.12871E+03
 97.0 6.73876E+03
 97.5 6.35027E+03
 98.0 5.96330E+03
 98.5 5.57785E+03
 99.0 5.19397E+03
 99.5 4.81168E+03
100.0 4.43100E+03
100.5 4.05197E+03
101.0 3.67462E+03
101.5 3.29898E+03
102.0 2.92507E+03
102.5 2.55294E+03
103.0 2.18260E+03
103.5 1.81409E+03
104.0 1.44744E+03
104.5 1.08268E+03
105.0 7.19847E+02
105.5 3.58971E+02
106.0 2.98656E+01
