106K13D0W2
  0.5 0.00000E+00
  1.0 0.00000E+00
  1.5 0.00000E+00
  2.0 0.00000E+00
  2.5 0.00000E+00
  3.0 0.00000E+00
  3.5 2.25007E+04
  4.0 2.97040E+04
  4.5 3.72218E+04
  5.0 4.50422E+04
  5.5 5.31622E+04
  6.0 6.15831E+04
  6.5 7.03100E+04
  7.0 7.93528E+04
  7.5 8.87281E+04
  8.0 9.84611E+04
  8.5 1.20151E+06
  9.0 1.19132E+05
  9.5 1.09929E+06
 10.0 9.18731E+05
 10.5 5.52439E+04
 11.0 5.93095E+04
 11.5 1.30588E+05
 12.0 4.55604E+04
 12.5 4.24113E+04
 13.0 4.49868E+04
 13.5 4.76021E+04
 14.0 5.02580E+04
 14.5 5.29548E+04
 15.0 5.56927E+04
 15.5 5.84704E+04
 16.0 6.12853E+04
 16.5 6.41324E+04
 17.0 6.70045E+04
 17.5 6.98917E+04
 18.0 7.27811E+04
 18.5 7.56580E+04
 19.0 7.85053E+04
 19.5 8.13050E+04
 20.0 8.40383E+04
 20.5 8.66865E+04
 21.0 8.92318E+04
 21.5 9.16574E+04
 22.0 9.39485E+04
 22.5 9.60924E+04
 23.0 9.80785E+04
 23.5 9.98986E+04
 24.0 1.01547E+05
 24.5 1.03020E+05
 25.0 1.04316E+05
 25.5 1.05435E+05
 26.0 1.06381E+05
 26.5 1.07156E+05
 27.0 1.07765E+05
 27.5 1.08215E+05
 28.0 1.08512E+05
 28.5 1.08663E+05
 29.0 1.08677E+05
 29.5 1.08562E+05
 30.0 1.08325E+05
 30.5 1.07976E+05
 31.0 1.07522E+05
 31.5 1.06972E+05
 32.0 1.06334E+05
 32.5 1.05615E+05
 33.0 1.04823E+05
 33.5 1.03965E+05
 34.0 1.03047E+05
 34.5 1.02076E+05
 35.0 1.01058E+05
 35.5 9.99984E+04
 36.0 9.89026E+04
 36.5 9.77754E+04
 37.0 9.66212E+04
 37.5 9.54445E+04
 38.0 9.42489E+04
 38.5 9.30381E+04
 39.0 9.18154E+04
 39.5 9.05836E+04
 40.0 8.93457E+04
 40.5 8.81040E+04
 41.0 8.68608E+04
 41.5 8.56182E+04
 42.0 8.43780E+04
 42.5 8.31420E+04
 43.0 8.19114E+04
 43.5 8.06877E+04
 44.0 7.94721E+04
 44.5 7.82656E+04
 45.0 7.70692E+04
 45.5 7.58836E+04
 46.0 7.47095E+04
 46.5 7.35475E+04
 47.0 7.23981E+04
 47.5 7.12618E+04
 48.0 7.01390E+04
 48.5 6.90298E+04
 49.0 6.79346E+04
 49.5 6.68535E+04
 50.0 6.57866E+04
 50.5 6.47340E+04
 51.0 6.36958E+04
 51.5 6.26719E+04
 52.0 6.16623E+04
 52.5 6.06669E+04
 53.0 5.96858E+04
 53.5 5.87186E+04
 54.0 5.77654E+04
 54.5 5.68259E+04
 55.0 5.59001E+04
 55.5 5.49876E+04
 56.0 5.40884E+04
 56.5 5.32022E+04
 57.0 5.23288E+04
 57.5 5.14680E+04
 58.0 1.92727E+05
 58.5 4.97833E+04
 59.0 4.89589E+04
 59.5 2.97467E+05
 60.0 4.73449E+04
 60.5 4.65549E+04
 61.0 4.57758E+04
 61.5 4.50074E+04
 62.0 4.42494E+04
 62.5 4.35018E+04
 63.0 4.27641E+04
 63.5 4.20362E+04
 64.0 4.13179E+04
 64.5 4.06089E+04
 65.0 3.99090E+04
 65.5 3.92179E+04
 66.0 3.85356E+04
 66.5 3.78616E+04
 67.0 1.21061E+05
 67.5 3.65383E+04
 68.0 3.58885E+04
 68.5 3.52463E+04
 69.0 5.67658E+04
 69.5 3.30696E+04
 70.0 2.79969E+04
 70.5 2.76174E+04
 71.0 2.72362E+04
 71.5 2.68533E+04
 72.0 2.64690E+04
 72.5 2.60832E+04
 73.0 2.56960E+04
 73.5 2.53076E+04
 74.0 2.49179E+04
 74.5 2.45271E+04
 75.0 2.41352E+04
 75.5 2.37424E+04
 76.0 2.33486E+04
 76.5 2.29539E+04
 77.0 2.25585E+04
 77.5 2.21623E+04
 78.0 2.17654E+04
 78.5 2.13680E+04
 79.0 2.09700E+04
 79.5 2.05715E+04
 80.0 2.01725E+04
 80.5 1.97732E+04
 81.0 1.93736E+04
 81.5 1.89736E+04
 82.0 1.85735E+04
 82.5 1.81732E+04
 83.0 1.77728E+04
 83.5 1.73724E+04
 84.0 1.69719E+04
 84.5 1.65714E+04
 85.0 1.61711E+04
 85.5 1.57708E+04
 86.0 1.53708E+04
 86.5 1.49709E+04
 87.0 1.45714E+04
 87.5 1.41721E+04
 88.0 1.37732E+04
 88.5 1.33747E+04
 89.0 1.29767E+04
 89.5 1.25791E+04
 90.0 1.21821E+04
 90.5 1.17856E+04
 91.0 1.13898E+04
 91.5 1.09946E+04
 92.0 1.06001E+04
 92.5 1.02063E+04
 93.0 9.81333E+03
 93.5 9.42117E+03
 94.0 9.02988E+03
 94.5 8.63948E+03
 95.0 8.25002E+03
 95.5 7.86154E+03
 96.0 7.47409E+03
 96.5 7.08769E+03
 97.0 6.70240E+03
 97.5 6.31824E+03
 98.0 5.93526E+03
 98.5 5.55350E+03
 99.0 5.17300E+03
 99.5 4.79379E+03
100.0 4.41592E+03
100.5 4.03943E+03
101.0 3.66435E+03
101.5 3.29073E+03
102.0 2.91860E+03
102.5 2.54800E+03
103.0 2.17898E+03
103.5 1.81157E+03
104.0 1.44581E+03
104.5 1.08174E+03
105.0 7.19401E+02
105.5 3.58834E+02
106.0 2.98584E+01
