106K18D0W2
  0.5 0.00000E+00
  1.0 0.00000E+00
  1.5 0.00000E+00
  2.0 0.00000E+00
  2.5 0.00000E+00
  3.0 0.00000E+00
  3.5 3.41050E+04
  4.0 4.40996E+04
  4.5 5.45939E+04
  5.0 6.55898E+04
  5.5 7.70978E+04
  6.0 8.91378E+04
  6.5 1.01743E+05
  7.0 1.14964E+05
  7.5 1.28875E+05
  8.0 1.43551E+05
  8.5 2.46431E+06
  9.0 1.75269E+05
  9.5 1.83912E+06
 10.0 1.53323E+06
 10.5 8.00122E+04
 11.0 8.60412E+04
 11.5 2.55735E+05
 12.0 6.59165E+04
 12.5 6.13321E+04
 13.0 6.51183E+04
 13.5 6.89872E+04
 14.0 7.29371E+04
 14.5 7.69621E+04
 15.0 8.10510E+04
 15.5 8.51867E+04
 16.0 8.93462E+04
 16.5 9.35012E+04
 17.0 9.76191E+04
 17.5 1.01665E+05
 18.0 1.05603E+05
 18.5 1.09399E+05
 19.0 1.13018E+05
 19.5 1.16433E+05
 20.0 1.19617E+05
 20.5 1.22550E+05
 21.0 1.25216E+05
 21.5 1.27606E+05
 22.0 1.29712E+05
 22.5 1.31533E+05
 23.0 1.33072E+05
 23.5 1.34333E+05
 24.0 1.35325E+05
 24.5 1.36058E+05
 25.0 1.36544E+05
 25.5 1.36796E+05
 26.0 1.36829E+05
 26.5 1.36657E+05
 27.0 1.36296E+05
 27.5 1.35760E+05
 28.0 1.35064E+05
 28.5 1.34223E+05
 29.0 1.33250E+05
 29.5 1.32159E+05
 30.0 1.30962E+05
 30.5 1.29671E+05
 31.0 1.28298E+05
 31.5 1.26853E+05
 32.0 1.25345E+05
 32.5 1.23785E+05
 33.0 1.22179E+05
 33.5 1.20536E+05
 34.0 1.18862E+05
 34.5 1.17165E+05
 35.0 1.15450E+05
 35.5 1.13721E+05
 36.0 1.11985E+05
 36.5 1.10244E+05
 37.0 1.08504E+05
 37.5 1.06767E+05
 38.0 1.05037E+05
 38.5 1.03316E+05
 39.0 1.01606E+05
 39.5 9.99103E+04
 40.0 9.82302E+04
 40.5 9.65672E+04
 41.0 9.49228E+04
 41.5 9.32981E+04
 42.0 9.16942E+04
 42.5 9.01119E+04
 43.0 8.85519E+04
 43.5 8.70147E+04
 44.0 8.55007E+04
 44.5 8.40103E+04
 45.0 8.25437E+04
 45.5 8.11010E+04
 46.0 7.96822E+04
 46.5 7.82875E+04
 47.0 7.69166E+04
 47.5 7.55695E+04
 48.0 7.42460E+04
 48.5 7.29459E+04
 49.0 7.16688E+04
 49.5 7.04146E+04
 50.0 6.91829E+04
 50.5 6.79734E+04
 51.0 6.67857E+04
 51.5 6.56195E+04
 52.0 6.44742E+04
 52.5 6.33497E+04
 53.0 6.22453E+04
 53.5 6.11609E+04
 54.0 6.00958E+04
 54.5 5.90497E+04
 55.0 5.80222E+04
 55.5 5.70128E+04
 56.0 5.60211E+04
 56.5 5.50467E+04
 57.0 5.40891E+04
 57.5 5.31481E+04
 58.0 2.01984E+05
 58.5 5.13136E+04
 59.0 5.04194E+04
 59.5 3.11491E+05
 60.0 4.86752E+04
 60.5 4.78244E+04
 61.0 4.69873E+04
 61.5 4.61634E+04
 62.0 4.53526E+04
 62.5 4.45543E+04
 63.0 4.37683E+04
 63.5 4.29943E+04
 64.0 4.22318E+04
 64.5 4.14806E+04
 65.0 4.07404E+04
 65.5 4.00108E+04
 66.0 3.92916E+04
 66.5 3.85825E+04
 67.0 1.24805E+05
 67.5 3.71932E+04
 68.0 3.65126E+04
 68.5 3.58410E+04
 69.0 5.80784E+04
 69.5 3.38396E+04
 70.0 2.98659E+04
 70.5 2.94081E+04
 71.0 2.89512E+04
 71.5 2.84952E+04
 72.0 2.80402E+04
 72.5 2.75861E+04
 73.0 2.71329E+04
 73.5 2.66807E+04
 74.0 2.62296E+04
 74.5 2.57794E+04
 75.0 2.53303E+04
 75.5 2.48822E+04
 76.0 2.44351E+04
 76.5 2.39891E+04
 77.0 2.35442E+04
 77.5 2.31004E+04
 78.0 2.26577E+04
 78.5 2.22161E+04
 79.0 2.17755E+04
 79.5 2.13362E+04
 80.0 2.08979E+04
 80.5 2.04608E+04
 81.0 2.00249E+04
 81.5 1.95902E+04
 82.0 1.91566E+04
 82.5 1.87242E+04
 83.0 1.82930E+04
 83.5 1.78630E+04
 84.0 1.74342E+04
 84.5 1.70067E+04
 85.0 1.65804E+04
 85.5 1.61553E+04
 86.0 1.57315E+04
 86.5 1.53090E+04
 87.0 1.48878E+04
 87.5 1.44679E+04
 88.0 1.40493E+04
 88.5 1.36320E+04
 89.0 1.32161E+04
 89.5 1.28015E+04
 90.0 1.23883E+04
 90.5 1.19765E+04
 91.0 1.15660E+04
 91.5 1.11570E+04
 92.0 1.07495E+04
 92.5 1.03433E+04
 93.0 9.93869E+03
 93.5 9.53552E+03
 94.0 9.13385E+03
 94.5 8.73371E+03
 95.0 8.33511E+03
 95.5 7.93806E+03
 96.0 7.54260E+03
 96.5 7.14874E+03
 97.0 6.75650E+03
 97.5 6.36590E+03
 98.0 5.97697E+03
 98.5 5.58972E+03
 99.0 5.20419E+03
 99.5 4.82039E+03
100.0 4.43834E+03
100.5 4.05808E+03
101.0 3.67962E+03
101.5 3.30299E+03
102.0 2.92822E+03
102.5 2.55533E+03
103.0 2.18435E+03
103.5 1.81531E+03
104.0 1.44823E+03
104.5 1.08314E+03
105.0 7.20064E+02
105.5 3.59038E+02
106.0 2.98691E+01
