106K17D0W2
  0.5 0.00000E+00
  1.0 0.00000E+00
  1.5 0.00000E+00
  2.0 0.00000E+00
  2.5 0.00000E+00
  3.0 0.00000E+00
  3.5 3.17250E+04
  4.0 4.11492E+04
  4.5 5.10320E+04
  5.0 6.13724E+04
  5.5 7.21773E+04
  6.0 8.34616E+04
  6.5 9.52499E+04
  7.0 1.07582E+05
  7.5 1.20516E+05
  8.0 1.34120E+05
  8.5 2.20332E+06
  9.0 1.63476E+05
  9.5 1.69692E+06
 10.0 1.41504E+06
 10.5 7.48742E+04
 11.0 8.04821E+04
 11.5 2.28931E+05
 12.0 6.16995E+04
 12.5 5.74149E+04
 13.0 6.09431E+04
 13.5 6.45445E+04
 14.0 6.82191E+04
 14.5 7.19634E+04
 15.0 7.57705E+04
 15.5 7.96281E+04
 16.0 8.35191E+04
 16.5 8.74211E+04
 17.0 9.13076E+04
 17.5 9.51487E+04
 18.0 9.89127E+04
 18.5 1.02568E+05
 19.0 1.06083E+05
 19.5 1.09430E+05
 20.0 1.12582E+05
 20.5 1.15518E+05
 21.0 1.18221E+05
 21.5 1.20676E+05
 22.0 1.22876E+05
 22.5 1.24815E+05
 23.0 1.26492E+05
 23.5 1.27909E+05
 24.0 1.29071E+05
 24.5 1.29986E+05
 25.0 1.30663E+05
 25.5 1.31113E+05
 26.0 1.31348E+05
 26.5 1.31380E+05
 27.0 1.31223E+05
 27.5 1.30890E+05
 28.0 1.30396E+05
 28.5 1.29753E+05
 29.0 1.28974E+05
 29.5 1.28073E+05
 30.0 1.27060E+05
 30.5 1.25948E+05
 31.0 1.24748E+05
 31.5 1.23469E+05
 32.0 1.22122E+05
 32.5 1.20715E+05
 33.0 1.19257E+05
 33.5 1.17756E+05
 34.0 1.16217E+05
 34.5 1.14649E+05
 35.0 1.13057E+05
 35.5 1.11446E+05
 36.0 1.09822E+05
 36.5 1.08188E+05
 37.0 1.06549E+05
 37.5 1.04909E+05
 38.0 1.03270E+05
 38.5 1.01636E+05
 39.0 1.00010E+05
 39.5 9.83924E+04
 40.0 9.67870E+04
 40.5 9.51949E+04
 41.0 9.36179E+04
 41.5 9.20571E+04
 42.0 9.05139E+04
 42.5 8.89892E+04
 43.0 8.74838E+04
 43.5 8.59984E+04
 44.0 8.45337E+04
 44.5 8.30901E+04
 45.0 8.16678E+04
 45.5 8.02673E+04
 46.0 7.88886E+04
 46.5 7.75318E+04
 47.0 7.61970E+04
 47.5 7.48842E+04
 48.0 7.35933E+04
 48.5 7.23241E+04
 49.0 7.10765E+04
 49.5 6.98503E+04
 50.0 6.86452E+04
 50.5 6.74609E+04
 51.0 6.62973E+04
 51.5 6.51539E+04
 52.0 6.40304E+04
 52.5 6.29266E+04
 53.0 6.18420E+04
 53.5 6.07762E+04
 54.0 5.97290E+04
 54.5 5.86999E+04
 55.0 5.76886E+04
 55.5 5.66946E+04
 56.0 5.57176E+04
 56.5 5.47573E+04
 57.0 5.38131E+04
 57.5 5.28847E+04
 58.0 2.00527E+05
 58.5 5.10740E+04
 59.0 5.01909E+04
 59.5 3.09286E+05
 60.0 4.84672E+04
 60.5 4.76260E+04
 61.0 4.67980E+04
 61.5 4.59829E+04
 62.0 4.51804E+04
 62.5 4.43901E+04
 63.0 4.36117E+04
 63.5 4.28449E+04
 64.0 4.20894E+04
 64.5 4.13448E+04
 65.0 4.06109E+04
 65.5 3.98874E+04
 66.0 3.91739E+04
 66.5 3.84703E+04
 67.0 1.24220E+05
 67.5 3.70914E+04
 68.0 3.64156E+04
 68.5 3.57485E+04
 69.0 5.78738E+04
 69.5 3.37186E+04
 70.0 2.95677E+04
 70.5 2.91226E+04
 71.0 2.86781E+04
 71.5 2.82340E+04
 72.0 2.77904E+04
 72.5 2.73474E+04
 73.0 2.69049E+04
 73.5 2.64630E+04
 74.0 2.60218E+04
 74.5 2.55812E+04
 75.0 2.51413E+04
 75.5 2.47020E+04
 76.0 2.42635E+04
 76.5 2.38258E+04
 77.0 2.33888E+04
 77.5 2.29526E+04
 78.0 2.25172E+04
 78.5 2.20826E+04
 79.0 2.16489E+04
 79.5 2.12160E+04
 80.0 2.07840E+04
 80.5 2.03529E+04
 81.0 1.99227E+04
 81.5 1.94935E+04
 82.0 1.90652E+04
 82.5 1.86379E+04
 83.0 1.82116E+04
 83.5 1.77862E+04
 84.0 1.73619E+04
 84.5 1.69386E+04
 85.0 1.65164E+04
 85.5 1.60953E+04
 86.0 1.56752E+04
 86.5 1.52563E+04
 87.0 1.48385E+04
 87.5 1.44218E+04
 88.0 1.40063E+04
 88.5 1.35919E+04
 89.0 1.31788E+04
 89.5 1.27669E+04
 90.0 1.23562E+04
 90.5 1.19468E+04
 91.0 1.15386E+04
 91.5 1.11318E+04
 92.0 1.07263E+04
 92.5 1.03221E+04
 93.0 9.91924E+03
 93.5 9.51779E+03
 94.0 9.11773E+03
 94.5 8.71911E+03
 95.0 8.32192E+03
 95.5 7.92621E+03
 96.0 7.53199E+03
 96.5 7.13929E+03
 97.0 6.74813E+03
 97.5 6.35853E+03
 98.0 5.97052E+03
 98.5 5.58412E+03
 99.0 5.19937E+03
 99.5 4.81628E+03
100.0 4.43488E+03
100.5 4.05520E+03
101.0 3.67726E+03
101.5 3.30110E+03
102.0 2.92674E+03
102.5 2.55420E+03
103.0 2.18353E+03
103.5 1.81473E+03
104.0 1.44785E+03
104.5 1.08292E+03
105.0 7.19962E+02
105.5 3.59006E+02
106.0 2.98674E+01
