106K22D0W2
  0.5 0.00000E+00
  1.0 0.00000E+00
  1.5 0.00000E+00
  2.0 0.00000E+00
  2.5 0.00000E+00
  3.0 0.00000E+00
  3.5 4.39667E+04
  4.0 5.63255E+04
  4.5 6.93684E+04
  5.0 8.31125E+04
  5.5 9.75893E+04
  6.0 1.12851E+05
  6.5 1.28983E+05
  7.0 1.46102E+05
  7.5 1.64331E+05
  8.0 1.83721E+05
  8.5 3.50410E+06
  9.0 2.25321E+05
  9.5 2.37187E+06
 10.0 1.97636E+06
 10.5 1.01691E+05
 11.0 1.09558E+05
 11.5 3.67159E+05
 12.0 8.36745E+04
 12.5 7.78126E+04
 13.0 8.27178E+04
 13.5 8.77382E+04
 14.0 9.28571E+04
 14.5 9.80475E+04
 15.0 1.03273E+05
 15.5 1.08490E+05
 16.0 1.13648E+05
 16.5 1.18694E+05
 17.0 1.23574E+05
 17.5 1.28238E+05
 18.0 1.32641E+05
 18.5 1.36744E+05
 19.0 1.40515E+05
 19.5 1.43929E+05
 20.0 1.46972E+05
 20.5 1.49633E+05
 21.0 1.51912E+05
 21.5 1.53812E+05
 22.0 1.55340E+05
 22.5 1.56511E+05
 23.0 1.57340E+05
 23.5 1.57845E+05
 24.0 1.58046E+05
 24.5 1.57965E+05
 25.0 1.57622E+05
 25.5 1.57039E+05
 26.0 1.56238E+05
 26.5 1.55239E+05
 27.0 1.54062E+05
 27.5 1.52727E+05
 28.0 1.51251E+05
 28.5 1.49651E+05
 29.0 1.47944E+05
 29.5 1.46144E+05
 30.0 1.44264E+05
 30.5 1.42317E+05
 31.0 1.40315E+05
 31.5 1.38268E+05
 32.0 1.36185E+05
 32.5 1.34075E+05
 33.0 1.31946E+05
 33.5 1.29805E+05
 34.0 1.27658E+05
 34.5 1.25510E+05
 35.0 1.23367E+05
 35.5 1.21233E+05
 36.0 1.19111E+05
 36.5 1.17005E+05
 37.0 1.14919E+05
 37.5 1.12854E+05
 38.0 1.10813E+05
 38.5 1.08797E+05
 39.0 1.06809E+05
 39.5 1.04849E+05
 40.0 1.02919E+05
 40.5 1.01019E+05
 41.0 9.91506E+04
 41.5 9.73136E+04
 42.0 9.55086E+04
 42.5 9.37358E+04
 43.0 9.19953E+04
 43.5 9.02872E+04
 44.0 8.86113E+04
 44.5 8.69675E+04
 45.0 8.53554E+04
 45.5 8.37749E+04
 46.0 8.22255E+04
 46.5 8.07068E+04
 47.0 7.92185E+04
 47.5 7.77599E+04
 48.0 7.63306E+04
 48.5 7.49301E+04
 49.0 7.35578E+04
 49.5 7.22132E+04
 50.0 7.08956E+04
 50.5 6.96045E+04
 51.0 6.83393E+04
 51.5 6.70994E+04
 52.0 6.58842E+04
 52.5 6.46931E+04
 53.0 6.35255E+04
 53.5 6.23809E+04
 54.0 6.12585E+04
 54.5 6.01580E+04
 55.0 5.90786E+04
 55.5 5.80199E+04
 56.0 5.69812E+04
 56.5 5.59621E+04
 57.0 5.49620E+04
 57.5 5.39803E+04
 58.0 2.06601E+05
 58.5 5.20704E+04
 59.0 5.11411E+04
 59.5 3.18475E+05
 60.0 4.93314E+04
 60.5 4.84501E+04
 61.0 4.75840E+04
 61.5 4.67324E+04
 62.0 4.58951E+04
 62.5 4.50717E+04
 63.0 4.42616E+04
 63.5 4.34646E+04
 64.0 4.26802E+04
 64.5 4.19080E+04
 65.0 4.11478E+04
 65.5 4.03991E+04
 66.0 3.96617E+04
 66.5 3.89351E+04
 67.0 1.26650E+05
 67.5 3.75133E+04
 68.0 3.68175E+04
 68.5 3.61313E+04
 69.0 5.87223E+04
 69.5 3.42228E+04
 70.0 3.08215E+04
 70.5 3.03221E+04
 71.0 2.98251E+04
 71.5 2.93304E+04
 72.0 2.88381E+04
 72.5 2.83481E+04
 73.0 2.78603E+04
 73.5 2.73749E+04
 74.0 2.68916E+04
 74.5 2.64106E+04
 75.0 2.59317E+04
 75.5 2.54550E+04
 76.0 2.49805E+04
 76.5 2.45081E+04
 77.0 2.40377E+04
 77.5 2.35695E+04
 78.0 2.31033E+04
 78.5 2.26391E+04
 79.0 2.21769E+04
 79.5 2.17168E+04
 80.0 2.12586E+04
 80.5 2.08023E+04
 81.0 2.03480E+04
 81.5 1.98956E+04
 82.0 1.94452E+04
 82.5 1.89966E+04
 83.0 1.85499E+04
 83.5 1.81051E+04
 84.0 1.76622E+04
 84.5 1.72211E+04
 85.0 1.67818E+04
 85.5 1.63444E+04
 86.0 1.59088E+04
 86.5 1.54750E+04
 87.0 1.50430E+04
 87.5 1.46129E+04
 88.0 1.41845E+04
 88.5 1.37579E+04
 89.0 1.33332E+04
 89.5 1.29102E+04
 90.0 1.24890E+04
 90.5 1.20696E+04
 91.0 1.16520E+04
 91.5 1.12362E+04
 92.0 1.08222E+04
 92.5 1.04101E+04
 93.0 9.99968E+03
 93.5 9.59112E+03
 94.0 9.18438E+03
 94.5 8.77947E+03
 95.0 8.37641E+03
 95.5 7.97519E+03
 96.0 7.57582E+03
 96.5 7.17832E+03
 97.0 6.78270E+03
 97.5 6.38898E+03
 98.0 5.99715E+03
 98.5 5.60724E+03
 99.0 5.21927E+03
 99.5 4.83324E+03
100.0 4.44917E+03
100.5 4.06708E+03
101.0 3.68699E+03
101.5 3.30891E+03
102.0 2.93286E+03
102.5 2.55887E+03
103.0 2.18694E+03
103.5 1.81711E+03
104.0 1.44939E+03
104.5 1.08381E+03
105.0 7.20382E+02
105.5 3.59136E+02
106.0 2.98742E+01
