106K20D0W2
  0.5 0.00000E+00
  1.0 0.00000E+00
  1.5 0.00000E+00
  2.0 0.00000E+00
  2.5 0.00000E+00
  3.0 0.00000E+00
  3.5 3.89637E+04
  4.0 5.01227E+04
  4.5 6.18692E+04
  5.0 7.42122E+04
  5.5 8.71710E+04
  6.0 1.00779E+05
  6.5 1.15091E+05
  7.0 1.30188E+05
  7.5 1.46172E+05
  8.0 1.63122E+05
  8.5 2.98703E+06
  9.0 1.99723E+05
  9.5 2.11279E+06
 10.0 1.76081E+06
 10.5 9.06118E+04
 11.0 9.75291E+04
 11.5 3.10830E+05
 12.0 7.46063E+04
 12.5 6.93996E+04
 13.0 7.37278E+04
 13.5 7.81569E+04
 14.0 8.26797E+04
 14.5 8.72817E+04
 15.0 9.19411E+04
 15.5 9.66280E+04
 16.0 1.01307E+05
 16.5 1.05936E+05
 17.0 1.10471E+05
 17.5 1.14870E+05
 18.0 1.19089E+05
 18.5 1.23089E+05
 19.0 1.26837E+05
 19.5 1.30304E+05
 20.0 1.33468E+05
 20.5 1.36314E+05
 21.0 1.38831E+05
 21.5 1.41016E+05
 22.0 1.42869E+05
 22.5 1.44396E+05
 23.0 1.45607E+05
 23.5 1.46511E+05
 24.0 1.47125E+05
 24.5 1.47464E+05
 25.0 1.47544E+05
 25.5 1.47385E+05
 26.0 1.47003E+05
 26.5 1.46418E+05
 27.0 1.45646E+05
 27.5 1.44706E+05
 28.0 1.43613E+05
 28.5 1.42384E+05
 29.0 1.41035E+05
 29.5 1.39579E+05
 30.0 1.38029E+05
 30.5 1.36399E+05
 31.0 1.34699E+05
 31.5 1.32940E+05
 32.0 1.31132E+05
 32.5 1.29284E+05
 33.0 1.27404E+05
 33.5 1.25499E+05
 34.0 1.23577E+05
 34.5 1.21642E+05
 35.0 1.19700E+05
 35.5 1.17757E+05
 36.0 1.15817E+05
 36.5 1.13883E+05
 37.0 1.11958E+05
 37.5 1.10047E+05
 38.0 1.08151E+05
 38.5 1.06273E+05
 39.0 1.04415E+05
 39.5 1.02578E+05
 40.0 1.00764E+05
 40.5 9.89741E+04
 41.0 9.72095E+04
 41.5 9.54710E+04
 42.0 9.37592E+04
 42.5 9.20746E+04
 43.0 9.04175E+04
 43.5 8.87884E+04
 44.0 8.71873E+04
 44.5 8.56143E+04
 45.0 8.40693E+04
 45.5 8.25523E+04
 46.0 8.10631E+04
 46.5 7.96014E+04
 47.0 7.81671E+04
 47.5 7.67598E+04
 48.0 7.53791E+04
 48.5 7.40247E+04
 49.0 7.26961E+04
 49.5 7.13930E+04
 50.0 7.01148E+04
 50.5 6.88611E+04
 51.0 6.76314E+04
 51.5 6.64252E+04
 52.0 6.52420E+04
 52.5 6.40814E+04
 53.0 6.29427E+04
 53.5 6.18256E+04
 54.0 6.07295E+04
 54.5 5.96537E+04
 55.0 5.85981E+04
 55.5 5.75619E+04
 56.0 5.65447E+04
 56.5 5.55459E+04
 57.0 5.45653E+04
 57.5 5.36021E+04
 58.0 2.04500E+05
 58.5 5.17266E+04
 59.0 5.08133E+04
 59.5 3.15298E+05
 60.0 4.90334E+04
 60.5 4.81660E+04
 61.0 4.73131E+04
 61.5 4.64741E+04
 62.0 4.56489E+04
 62.5 4.48369E+04
 63.0 4.40378E+04
 63.5 4.32512E+04
 64.0 4.24768E+04
 64.5 4.17142E+04
 65.0 4.09630E+04
 65.5 4.02230E+04
 66.0 3.94939E+04
 66.5 3.87752E+04
 67.0 1.25812E+05
 67.5 3.73682E+04
 68.0 3.66793E+04
 68.5 3.59997E+04
 69.0 5.84302E+04
 69.5 3.40485E+04
 70.0 3.03848E+04
 70.5 2.99045E+04
 71.0 2.94259E+04
 71.5 2.89491E+04
 72.0 2.84738E+04
 72.5 2.80003E+04
 73.0 2.75285E+04
 73.5 2.70583E+04
 74.0 2.65897E+04
 74.5 2.61228E+04
 75.0 2.56576E+04
 75.5 2.51940E+04
 76.0 2.47321E+04
 76.5 2.42717E+04
 77.0 2.38130E+04
 77.5 2.33559E+04
 78.0 2.29005E+04
 78.5 2.24466E+04
 79.0 2.19943E+04
 79.5 2.15436E+04
 80.0 2.10946E+04
 80.5 2.06471E+04
 81.0 2.02011E+04
 81.5 1.97568E+04
 82.0 1.93140E+04
 82.5 1.88728E+04
 83.0 1.84332E+04
 83.5 1.79952E+04
 84.0 1.75587E+04
 84.5 1.71237E+04
 85.0 1.66904E+04
 85.5 1.62586E+04
 86.0 1.58283E+04
 86.5 1.53997E+04
 87.0 1.49726E+04
 87.5 1.45471E+04
 88.0 1.41232E+04
 88.5 1.37008E+04
 89.0 1.32801E+04
 89.5 1.28609E+04
 90.0 1.24433E+04
 90.5 1.20274E+04
 91.0 1.16131E+04
 91.5 1.12003E+04
 92.0 1.07893E+04
 92.5 1.03798E+04
 93.0 9.97205E+03
 93.5 9.56593E+03
 94.0 9.16150E+03
 94.5 8.75875E+03
 95.0 8.35771E+03
 95.5 7.95838E+03
 96.0 7.56078E+03
 96.5 7.16493E+03
 97.0 6.77084E+03
 97.5 6.37853E+03
 98.0 5.98802E+03
 98.5 5.59931E+03
 99.0 5.21244E+03
 99.5 4.82742E+03
100.0 4.44427E+03
100.5 4.06301E+03
101.0 3.68366E+03
101.5 3.30623E+03
102.0 2.93076E+03
102.5 2.55727E+03
103.0 2.18577E+03
103.5 1.81630E+03
104.0 1.44887E+03
104.5 1.08350E+03
105.0 7.20238E+02
105.5 3.59091E+02
106.0 2.98718E+01
