107K06D0W2
  0.5 0.00000E+00
  1.0 0.00000E+00
  1.5 0.00000E+00
  2.0 0.00000E+00
  2.5 0.00000E+00
  3.0 0.00000E+00
  3.5 7.40341E+03
  4.0 1.07701E+04
  4.5 1.43043E+04
  5.0 1.79580E+04
  5.5 2.17105E+04
  6.0 2.55522E+04
  6.5 2.94776E+04
  7.0 3.34831E+04
  7.5 3.75661E+04
  8.0 4.17246E+04
  8.5 9.25873E+04
  9.0 5.02631E+04
  9.5 1.58136E+05
 10.0 1.37279E+05
 10.5 2.34213E+04
 11.0 2.51952E+04
 11.5 2.71777E+04
 12.0 1.93281E+04
 12.5 1.79919E+04
 13.0 1.91289E+04
 13.5 2.02730E+04
 14.0 2.14241E+04
 14.5 2.25817E+04
 15.0 2.37457E+04
 15.5 2.49157E+04
 16.0 2.60915E+04
 16.5 2.72728E+04
 17.0 2.84592E+04
 17.5 2.96506E+04
 18.0 3.08466E+04
 18.5 3.20468E+04
 19.0 3.32510E+04
 19.5 3.44587E+04
 20.0 3.56692E+04
 20.5 3.68821E+04
 21.0 3.80962E+04
 21.5 3.93105E+04
 22.0 4.05235E+04
 22.5 4.17335E+04
 23.0 4.29383E+04
 23.5 4.41354E+04
 24.0 4.53222E+04
 24.5 4.64954E+04
 25.0 4.76518E+04
 25.5 4.87878E+04
 26.0 4.98998E+04
 26.5 5.09843E+04
 27.0 5.20375E+04
 27.5 5.30559E+04
 28.0 5.40362E+04
 28.5 5.49752E+04
 29.0 5.58701E+04
 29.5 5.67184E+04
 30.0 5.75178E+04
 30.5 5.82666E+04
 31.0 5.89632E+04
 31.5 5.96065E+04
 32.0 6.01957E+04
 32.5 6.07304E+04
 33.0 6.12106E+04
 33.5 6.16365E+04
 34.0 6.20085E+04
 34.5 6.23273E+04
 35.0 6.25940E+04
 35.5 6.28097E+04
 36.0 6.29758E+04
 36.5 6.30937E+04
 37.0 6.31650E+04
 37.5 6.31916E+04
 38.0 6.31749E+04
 38.5 6.31171E+04
 39.0 6.30198E+04
 39.5 6.28850E+04
 40.0 6.27146E+04
 40.5 6.25105E+04
 41.0 6.22745E+04
 41.5 6.20085E+04
 42.0 6.17143E+04
 42.5 6.13936E+04
 43.0 6.10481E+04
 43.5 6.06795E+04
 44.0 6.02894E+04
 44.5 5.98794E+04
 45.0 5.94509E+04
 45.5 5.90053E+04
 46.0 5.85440E+04
 46.5 5.80682E+04
 47.0 5.75792E+04
 47.5 5.70782E+04
 48.0 5.65662E+04
 48.5 5.60442E+04
 49.0 5.55134E+04
 49.5 5.49745E+04
 50.0 5.44284E+04
 50.5 5.38761E+04
 51.0 5.33181E+04
 51.5 5.27553E+04
 52.0 5.21883E+04
 52.5 5.16177E+04
 53.0 5.10441E+04
 53.5 5.04681E+04
 54.0 4.98902E+04
 54.5 4.93107E+04
 55.0 4.87302E+04
 55.5 4.81491E+04
 56.0 4.75676E+04
 56.5 4.69862E+04
 57.0 4.64051E+04
 57.5 4.58247E+04
 58.0 1.63571E+05
 58.5 4.46668E+04
 59.0 4.40898E+04
 59.5 2.53866E+05
 60.0 4.29405E+04
 60.5 4.23687E+04
 61.0 4.17988E+04
 61.5 4.12312E+04
 62.0 4.06658E+04
 62.5 4.01027E+04
 63.0 3.95422E+04
 63.5 3.89842E+04
 64.0 3.84288E+04
 64.5 3.78760E+04
 65.0 3.73260E+04
 65.5 3.67788E+04
 66.0 3.62344E+04
 66.5 3.56928E+04
 67.0 1.10219E+05
 67.5 3.46181E+04
 68.0 3.40851E+04
 68.5 3.35550E+04
 69.0 5.30899E+04
 69.5 3.07964E+04
 70.0 2.19312E+04
 70.5 2.17893E+04
 71.0 2.16404E+04
 71.5 2.14847E+04
 72.0 2.13223E+04
 72.5 2.11532E+04
 73.0 2.09775E+04
 73.5 2.07954E+04
 74.0 2.06069E+04
 74.5 2.04122E+04
 75.0 2.02113E+04
 75.5 2.00043E+04
 76.0 1.97915E+04
 76.5 1.95728E+04
 77.0 1.93485E+04
 77.5 1.91185E+04
 78.0 1.88832E+04
 78.5 1.86425E+04
 79.0 1.83966E+04
 79.5 1.81456E+04
 80.0 1.78897E+04
 80.5 1.76289E+04
 81.0 1.73635E+04
 81.5 1.70934E+04
 82.0 1.68190E+04
 82.5 1.65402E+04
 83.0 1.62571E+04
 83.5 1.59701E+04
 84.0 1.56791E+04
 84.5 1.53842E+04
 85.0 1.50857E+04
 85.5 1.47836E+04
 86.0 1.44780E+04
 86.5 1.41691E+04
 87.0 1.38570E+04
 87.5 1.35418E+04
 88.0 1.32237E+04
 88.5 1.29027E+04
 89.0 1.25790E+04
 89.5 1.22526E+04
 90.0 1.19238E+04
 90.5 1.15926E+04
 91.0 1.12591E+04
 91.5 1.09234E+04
 92.0 1.05857E+04
 92.5 1.02460E+04
 93.0 9.90457E+03
 93.5 9.56136E+03
 94.0 9.21653E+03
 94.5 8.87018E+03
 95.0 8.52243E+03
 95.5 8.17336E+03
 96.0 7.82308E+03
 96.5 7.47170E+03
 97.0 7.11930E+03
 97.5 6.76598E+03
 98.0 6.41185E+03
 98.5 6.05699E+03
 99.0 5.70150E+03
 99.5 5.34548E+03
100.0 4.98900E+03
100.5 4.63218E+03
101.0 4.27508E+03
101.5 3.91780E+03
102.0 3.56043E+03
102.5 3.20306E+03
103.0 2.84576E+03
103.5 2.48862E+03
104.0 2.13173E+03
104.5 1.77517E+03
105.0 1.41901E+03
105.5 1.06334E+03
106.0 7.08232E+02
106.5 3.53772E+02
107.0 2.94626E+01
