107K07D0W2
  0.5 0.00000E+00
  1.0 0.00000E+00
  1.5 0.00000E+00
  2.0 0.00000E+00
  2.5 0.00000E+00
  3.0 0.00000E+00
  3.5 9.42011E+03
  4.0 1.33412E+04
  4.5 1.74369E+04
  5.0 2.16686E+04
  5.5 2.60197E+04
  6.0 3.04825E+04
  6.5 3.50524E+04
  7.0 3.97264E+04
  7.5 4.45024E+04
  8.0 4.93794E+04
  8.5 1.61043E+05
  9.0 5.94359E+04
  9.5 2.50959E+05
 10.0 2.14695E+05
 10.5 2.77550E+04
 11.0 2.98294E+04
 11.5 3.47467E+04
 12.0 2.29072E+04
 12.5 2.13265E+04
 13.0 2.26538E+04
 13.5 2.39914E+04
 14.0 2.53389E+04
 14.5 2.66960E+04
 15.0 2.80624E+04
 15.5 2.94380E+04
 16.0 3.08224E+04
 16.5 3.22154E+04
 17.0 3.36167E+04
 17.5 3.50260E+04
 18.0 3.64430E+04
 18.5 3.78672E+04
 19.0 3.92979E+04
 19.5 4.07342E+04
 20.0 4.21750E+04
 20.5 4.36185E+04
 21.0 4.50627E+04
 21.5 4.65048E+04
 22.0 4.79419E+04
 22.5 4.93701E+04
 23.0 5.07853E+04
 23.5 5.21830E+04
 24.0 5.35583E+04
 24.5 5.49062E+04
 25.0 5.62214E+04
 25.5 5.74989E+04
 26.0 5.87337E+04
 26.5 5.99210E+04
 27.0 6.10565E+04
 27.5 6.21362E+04
 28.0 6.31567E+04
 28.5 6.41147E+04
 29.0 6.50081E+04
 29.5 6.58347E+04
 30.0 6.65932E+04
 30.5 6.72827E+04
 31.0 6.79027E+04
 31.5 6.84536E+04
 32.0 6.89355E+04
 32.5 6.93495E+04
 33.0 6.96968E+04
 33.5 6.99790E+04
 34.0 7.01977E+04
 34.5 7.03550E+04
 35.0 7.04530E+04
 35.5 7.04941E+04
 36.0 7.04807E+04
 36.5 7.04153E+04
 37.0 7.03004E+04
 37.5 7.01388E+04
 38.0 6.99328E+04
 38.5 6.96850E+04
 39.0 6.93981E+04
 39.5 6.90745E+04
 40.0 6.87165E+04
 40.5 6.83266E+04
 41.0 6.79072E+04
 41.5 6.74603E+04
 42.0 6.69880E+04
 42.5 6.64924E+04
 43.0 6.59755E+04
 43.5 6.54391E+04
 44.0 6.48850E+04
 44.5 6.43147E+04
 45.0 6.37299E+04
 45.5 6.31320E+04
 46.0 6.25226E+04
 46.5 6.19027E+04
 47.0 6.12738E+04
 47.5 6.06369E+04
 48.0 5.99932E+04
 48.5 5.93435E+04
 49.0 5.86889E+04
 49.5 5.80303E+04
 50.0 5.73683E+04
 50.5 5.67038E+04
 51.0 5.60375E+04
 51.5 5.53700E+04
 52.0 5.47019E+04
 52.5 5.40336E+04
 53.0 5.33658E+04
 53.5 5.26989E+04
 54.0 5.20331E+04
 54.5 5.13691E+04
 55.0 5.07070E+04
 55.5 5.00472E+04
 56.0 4.93900E+04
 56.5 4.87356E+04
 57.0 4.80842E+04
 57.5 4.74361E+04
 58.0 1.72294E+05
 58.5 4.61502E+04
 59.0 4.55127E+04
 59.5 2.67231E+05
 60.0 4.42492E+04
 60.5 4.36235E+04
 61.0 4.30018E+04
 61.5 4.23842E+04
 62.0 4.17708E+04
 62.5 4.11616E+04
 63.0 4.05566E+04
 63.5 3.99559E+04
 64.0 3.93594E+04
 64.5 3.87672E+04
 65.0 3.81792E+04
 65.5 3.75955E+04
 66.0 3.70159E+04
 66.5 3.64406E+04
 67.0 1.14013E+05
 67.5 3.53023E+04
 68.0 3.47394E+04
 68.5 3.41804E+04
 69.0 5.44477E+04
 69.5 3.15312E+04
 70.0 2.34470E+04
 70.5 2.32565E+04
 71.0 2.30599E+04
 71.5 2.28571E+04
 72.0 2.26483E+04
 72.5 2.24337E+04
 73.0 2.22133E+04
 73.5 2.19873E+04
 74.0 2.17558E+04
 74.5 2.15188E+04
 75.0 2.12766E+04
 75.5 2.10291E+04
 76.0 2.07767E+04
 76.5 2.05193E+04
 77.0 2.02572E+04
 77.5 1.99904E+04
 78.0 1.97190E+04
 78.5 1.94432E+04
 79.0 1.91631E+04
 79.5 1.88788E+04
 80.0 1.85905E+04
 80.5 1.82983E+04
 81.0 1.80022E+04
 81.5 1.77024E+04
 82.0 1.73991E+04
 82.5 1.70923E+04
 83.0 1.67822E+04
 83.5 1.64688E+04
 84.0 1.61524E+04
 84.5 1.58330E+04
 85.0 1.55107E+04
 85.5 1.51856E+04
 86.0 1.48579E+04
 86.5 1.45277E+04
 87.0 1.41950E+04
 87.5 1.38600E+04
 88.0 1.35228E+04
 88.5 1.31834E+04
 89.0 1.28421E+04
 89.5 1.24989E+04
 90.0 1.21538E+04
 90.5 1.18071E+04
 91.0 1.14588E+04
 91.5 1.11089E+04
 92.0 1.07577E+04
 92.5 1.04052E+04
 93.0 1.00514E+04
 93.5 9.69650E+03
 94.0 9.34058E+03
 94.5 8.98372E+03
 95.0 8.62600E+03
 95.5 8.26753E+03
 96.0 7.90838E+03
 96.5 7.54864E+03
 97.0 7.18840E+03
 97.5 6.82774E+03
 98.0 6.46674E+03
 98.5 6.10548E+03
 99.0 5.74406E+03
 99.5 5.38253E+03
100.0 5.02100E+03
100.5 4.65953E+03
101.0 4.29819E+03
101.5 3.93708E+03
102.0 3.57625E+03
102.5 3.21579E+03
103.0 2.85578E+03
103.5 2.49627E+03
104.0 2.13735E+03
104.5 1.77909E+03
105.0 1.42155E+03
105.5 1.06481E+03
106.0 7.08930E+02
106.5 3.53987E+02
107.0 2.94739E+01
