107K17D0W2
  0.5 0.00000E+00
  1.0 0.00000E+00
  1.5 0.00000E+00
  2.0 0.00000E+00
  2.5 0.00000E+00
  3.0 0.00000E+00
  3.5 3.14603E+04
  4.0 4.08200E+04
  4.5 5.06349E+04
  5.0 6.09036E+04
  5.5 7.16326E+04
  6.0 8.28358E+04
  6.5 9.45369E+04
  7.0 1.06774E+05
  7.5 1.19602E+05
  8.0 1.33090E+05
  8.5 2.17372E+06
  9.0 1.62197E+05
  9.5 1.68711E+06
 10.0 1.40684E+06
 10.5 7.43670E+04
 11.0 7.99381E+04
 11.5 2.25650E+05
 12.0 6.13058E+04
 12.5 5.70567E+04
 13.0 6.05661E+04
 13.5 6.41488E+04
 14.0 6.78048E+04
 14.5 7.15315E+04
 15.0 7.53226E+04
 15.5 7.91672E+04
 16.0 8.30490E+04
 16.5 8.69471E+04
 17.0 9.08356E+04
 17.5 9.46858E+04
 18.0 9.84666E+04
 18.5 1.02146E+05
 19.0 1.05694E+05
 19.5 1.09081E+05
 20.0 1.12280E+05
 20.5 1.15270E+05
 21.0 1.18032E+05
 21.5 1.20552E+05
 22.0 1.22819E+05
 22.5 1.24829E+05
 23.0 1.26578E+05
 23.5 1.28068E+05
 24.0 1.29304E+05
 24.5 1.30291E+05
 25.0 1.31040E+05
 25.5 1.31559E+05
 26.0 1.31861E+05
 26.5 1.31957E+05
 27.0 1.31862E+05
 27.5 1.31588E+05
 28.0 1.31149E+05
 28.5 1.30557E+05
 29.0 1.29827E+05
 29.5 1.28970E+05
 30.0 1.27998E+05
 30.5 1.26924E+05
 31.0 1.25758E+05
 31.5 1.24511E+05
 32.0 1.23192E+05
 32.5 1.21810E+05
 33.0 1.20375E+05
 33.5 1.18893E+05
 34.0 1.17371E+05
 34.5 1.15818E+05
 35.0 1.14238E+05
 35.5 1.12638E+05
 36.0 1.11022E+05
 36.5 1.09395E+05
 37.0 1.07761E+05
 37.5 1.06124E+05
 38.0 1.04487E+05
 38.5 1.02853E+05
 39.0 1.01226E+05
 39.5 9.96071E+04
 40.0 9.79989E+04
 40.5 9.64030E+04
 41.0 9.48213E+04
 41.5 9.32553E+04
 42.0 9.17060E+04
 42.5 9.01746E+04
 43.0 8.86620E+04
 43.5 8.71689E+04
 44.0 8.56961E+04
 44.5 8.42440E+04
 45.0 8.28129E+04
 45.5 8.14033E+04
 46.0 8.00153E+04
 46.5 7.86490E+04
 47.0 7.73046E+04
 47.5 7.59820E+04
 48.0 7.46812E+04
 48.5 7.34021E+04
 49.0 7.21446E+04
 49.5 7.09084E+04
 50.0 6.96933E+04
 50.5 6.84992E+04
 51.0 6.73257E+04
 51.5 6.61725E+04
 52.0 6.50394E+04
 52.5 6.39260E+04
 53.0 6.28319E+04
 53.5 6.17568E+04
 54.0 6.07004E+04
 54.5 5.96622E+04
 55.0 5.86420E+04
 55.5 5.76392E+04
 56.0 5.66536E+04
 56.5 5.56848E+04
 57.0 5.47324E+04
 57.5 5.37959E+04
 58.0 2.07624E+05
 58.5 5.19696E+04
 59.0 5.10789E+04
 59.5 3.21065E+05
 60.0 4.93408E+04
 60.5 4.84926E+04
 61.0 4.76578E+04
 61.5 4.68362E+04
 62.0 4.60273E+04
 62.5 4.52308E+04
 63.0 4.44464E+04
 63.5 4.36738E+04
 64.0 4.29126E+04
 64.5 4.21626E+04
 65.0 4.14235E+04
 65.5 4.06949E+04
 66.0 3.99765E+04
 66.5 3.92682E+04
 67.0 1.28725E+05
 67.5 3.78803E+04
 68.0 3.72003E+04
 68.5 3.65292E+04
 69.0 5.96334E+04
 69.5 3.44548E+04
 70.0 3.01194E+04
 70.5 2.96774E+04
 71.0 2.92359E+04
 71.5 2.87948E+04
 72.0 2.83543E+04
 72.5 2.79142E+04
 73.0 2.74747E+04
 73.5 2.70359E+04
 74.0 2.65976E+04
 74.5 2.61600E+04
 75.0 2.57230E+04
 75.5 2.52868E+04
 76.0 2.48512E+04
 76.5 2.44164E+04
 77.0 2.39824E+04
 77.5 2.35491E+04
 78.0 2.31166E+04
 78.5 2.26850E+04
 79.0 2.22541E+04
 79.5 2.18242E+04
 80.0 2.13951E+04
 80.5 2.09668E+04
 81.0 2.05395E+04
 81.5 2.01131E+04
 82.0 1.96877E+04
 82.5 1.92632E+04
 83.0 1.88396E+04
 83.5 1.84171E+04
 84.0 1.79955E+04
 84.5 1.75750E+04
 85.0 1.71555E+04
 85.5 1.67370E+04
 86.0 1.63196E+04
 86.5 1.59033E+04
 87.0 1.54881E+04
 87.5 1.50740E+04
 88.0 1.46610E+04
 88.5 1.42492E+04
 89.0 1.38385E+04
 89.5 1.34290E+04
 90.0 1.30208E+04
 90.5 1.26137E+04
 91.0 1.22079E+04
 91.5 1.18033E+04
 92.0 1.14000E+04
 92.5 1.09980E+04
 93.0 1.05973E+04
 93.5 1.01980E+04
 94.0 9.79994E+03
 94.5 9.40330E+03
 95.0 9.00806E+03
 95.5 8.61422E+03
 96.0 8.22183E+03
 96.5 7.83089E+03
 97.0 7.44142E+03
 97.5 7.05346E+03
 98.0 6.66703E+03
 98.5 6.28214E+03
 99.0 5.89882E+03
 99.5 5.51710E+03
100.0 5.13699E+03
100.5 4.75853E+03
101.0 4.38174E+03
101.5 4.00664E+03
102.0 3.63327E+03
102.5 3.26164E+03
103.0 2.89178E+03
103.5 2.52373E+03
104.0 2.15750E+03
104.5 1.79313E+03
105.0 1.43064E+03
105.5 1.07006E+03
106.0 7.11422E+02
106.5 3.54754E+02
107.0 2.95139E+01
