107K18D0W2
  0.5 0.00000E+00
  1.0 0.00000E+00
  1.5 0.00000E+00
  2.0 0.00000E+00
  2.5 0.00000E+00
  3.0 0.00000E+00
  3.5 3.38223E+04
  4.0 4.37482E+04
  4.5 5.41699E+04
  5.0 6.50889E+04
  5.5 7.65151E+04
  6.0 8.84674E+04
  6.5 1.00977E+05
  7.0 1.14094E+05
  7.5 1.27887E+05
  8.0 1.42435E+05
  8.5 2.43504E+06
  9.0 1.73887E+05
  9.5 1.83048E+06
 10.0 1.52599E+06
 10.5 7.94657E+04
 11.0 8.54542E+04
 11.5 2.52348E+05
 12.0 6.54928E+04
 12.5 6.09468E+04
 13.0 6.47123E+04
 13.5 6.85606E+04
 14.0 7.24906E+04
 14.5 7.64969E+04
 15.0 8.05699E+04
 15.5 8.46934E+04
 16.0 8.88459E+04
 16.5 9.30002E+04
 17.0 9.71249E+04
 17.5 1.01186E+05
 18.0 1.05148E+05
 18.5 1.08975E+05
 19.0 1.12635E+05
 19.5 1.16098E+05
 20.0 1.19338E+05
 20.5 1.22333E+05
 21.0 1.25067E+05
 21.5 1.27528E+05
 22.0 1.29709E+05
 22.5 1.31608E+05
 23.0 1.33224E+05
 23.5 1.34563E+05
 24.0 1.35633E+05
 24.5 1.36441E+05
 25.0 1.37001E+05
 25.5 1.37325E+05
 26.0 1.37427E+05
 26.5 1.37320E+05
 27.0 1.37021E+05
 27.5 1.36543E+05
 28.0 1.35902E+05
 28.5 1.35112E+05
 29.0 1.34186E+05
 29.5 1.33138E+05
 30.0 1.31981E+05
 30.5 1.30726E+05
 31.0 1.29386E+05
 31.5 1.27970E+05
 32.0 1.26489E+05
 32.5 1.24951E+05
 33.0 1.23365E+05
 33.5 1.21740E+05
 34.0 1.20081E+05
 34.5 1.18397E+05
 35.0 1.16691E+05
 35.5 1.14971E+05
 36.0 1.13241E+05
 36.5 1.11505E+05
 37.0 1.09768E+05
 37.5 1.08032E+05
 38.0 1.06302E+05
 38.5 1.04580E+05
 39.0 1.02868E+05
 39.5 1.01168E+05
 40.0 9.94836E+04
 40.5 9.78153E+04
 41.0 9.61647E+04
 41.5 9.45331E+04
 42.0 9.29218E+04
 42.5 9.13314E+04
 43.0 8.97628E+04
 43.5 8.82165E+04
 44.0 8.66932E+04
 44.5 8.51931E+04
 45.0 8.37166E+04
 45.5 8.22637E+04
 46.0 8.08346E+04
 46.5 7.94294E+04
 47.0 7.80479E+04
 47.5 7.66901E+04
 48.0 7.53558E+04
 48.5 7.40449E+04
 49.0 7.27571E+04
 49.5 7.14922E+04
 50.0 7.02498E+04
 50.5 6.90297E+04
 51.0 6.78315E+04
 51.5 6.66547E+04
 52.0 6.54992E+04
 52.5 6.43645E+04
 53.0 6.32501E+04
 53.5 6.21557E+04
 54.0 6.10809E+04
 54.5 6.00252E+04
 55.0 5.89883E+04
 55.5 5.79696E+04
 56.0 5.69689E+04
 56.5 5.59856E+04
 57.0 5.50194E+04
 57.5 5.40698E+04
 58.0 2.09176E+05
 58.5 5.22191E+04
 59.0 5.13170E+04
 59.5 3.23419E+05
 60.0 4.95576E+04
 60.5 4.86995E+04
 61.0 4.78553E+04
 61.5 4.70246E+04
 62.0 4.62071E+04
 62.5 4.54024E+04
 63.0 4.46102E+04
 63.5 4.38300E+04
 64.0 4.30617E+04
 64.5 4.23048E+04
 65.0 4.15591E+04
 65.5 4.08243E+04
 66.0 4.00999E+04
 66.5 3.93859E+04
 67.0 1.29349E+05
 67.5 3.79873E+04
 68.0 3.73023E+04
 68.5 3.66264E+04
 69.0 5.98510E+04
 69.5 3.45821E+04
 70.0 3.04323E+04
 70.5 2.99771E+04
 71.0 2.95229E+04
 71.5 2.90695E+04
 72.0 2.86171E+04
 72.5 2.81657E+04
 73.0 2.77152E+04
 73.5 2.72657E+04
 74.0 2.68171E+04
 74.5 2.63696E+04
 75.0 2.59231E+04
 75.5 2.54777E+04
 76.0 2.50333E+04
 76.5 2.45899E+04
 77.0 2.41477E+04
 77.5 2.37065E+04
 78.0 2.32664E+04
 78.5 2.28274E+04
 79.0 2.23895E+04
 79.5 2.19528E+04
 80.0 2.15172E+04
 80.5 2.10827E+04
 81.0 2.06494E+04
 81.5 2.02172E+04
 82.0 1.97862E+04
 82.5 1.93564E+04
 83.0 1.89277E+04
 83.5 1.85003E+04
 84.0 1.80740E+04
 84.5 1.76490E+04
 85.0 1.72252E+04
 85.5 1.68026E+04
 86.0 1.63813E+04
 86.5 1.59612E+04
 87.0 1.55424E+04
 87.5 1.51249E+04
 88.0 1.47086E+04
 88.5 1.42937E+04
 89.0 1.38800E+04
 89.5 1.34677E+04
 90.0 1.30568E+04
 90.5 1.26471E+04
 91.0 1.22389E+04
 91.5 1.18320E+04
 92.0 1.14265E+04
 92.5 1.10224E+04
 93.0 1.06197E+04
 93.5 1.02185E+04
 94.0 9.81875E+03
 94.5 9.42046E+03
 95.0 9.02365E+03
 95.5 8.62835E+03
 96.0 8.23458E+03
 96.5 7.84235E+03
 97.0 7.45169E+03
 97.5 7.06261E+03
 98.0 6.67513E+03
 98.5 6.28927E+03
 99.0 5.90506E+03
 99.5 5.52252E+03
100.0 5.14166E+03
100.5 4.76251E+03
101.0 4.38510E+03
101.5 4.00943E+03
102.0 3.63555E+03
102.5 3.26347E+03
103.0 2.89322E+03
103.5 2.52482E+03
104.0 2.15830E+03
104.5 1.79369E+03
105.0 1.43100E+03
105.5 1.07027E+03
106.0 7.11521E+02
106.5 3.54784E+02
107.0 2.95155E+01
