107K11D0W2
  0.5 0.00000E+00
  1.0 0.00000E+00
  1.5 0.00000E+00
  2.0 0.00000E+00
  2.5 0.00000E+00
  3.0 0.00000E+00
  3.5 1.78926E+04
  4.0 2.39696E+04
  4.5 3.03009E+04
  5.0 3.68683E+04
  5.5 4.36649E+04
  6.0 5.06881E+04
  6.5 5.79381E+04
  7.0 6.54174E+04
  7.5 7.31320E+04
  8.0 8.10919E+04
  8.5 7.42660E+05
  9.0 9.78148E+04
  9.5 7.81951E+05
 10.0 6.55491E+05
 10.5 4.55976E+04
 11.0 4.89474E+04
 11.5 8.81103E+04
 12.0 3.76286E+04
 12.5 3.50353E+04
 13.0 3.71662E+04
 13.5 3.93244E+04
 14.0 4.15101E+04
 14.5 4.37237E+04
 15.0 4.59653E+04
 15.5 4.82349E+04
 16.0 5.05323E+04
 16.5 5.28562E+04
 17.0 5.52047E+04
 17.5 5.75743E+04
 18.0 5.99600E+04
 18.5 6.23552E+04
 19.0 6.47515E+04
 19.5 6.71388E+04
 20.0 6.95057E+04
 20.5 7.18398E+04
 21.0 7.41279E+04
 21.5 7.63567E+04
 22.0 7.85132E+04
 22.5 8.05850E+04
 23.0 8.25603E+04
 23.5 8.44290E+04
 24.0 8.61820E+04
 24.5 8.78119E+04
 25.0 8.93129E+04
 25.5 9.06807E+04
 26.0 9.19124E+04
 26.5 9.30070E+04
 27.0 9.39642E+04
 27.5 9.47854E+04
 28.0 9.54729E+04
 28.5 9.60299E+04
 29.0 9.64604E+04
 29.5 9.67690E+04
 30.0 9.69609E+04
 30.5 9.70415E+04
 31.0 9.70167E+04
 31.5 9.68925E+04
 32.0 9.66748E+04
 32.5 9.63698E+04
 33.0 9.59836E+04
 33.5 9.55221E+04
 34.0 9.49911E+04
 34.5 9.43963E+04
 35.0 9.37430E+04
 35.5 9.30365E+04
 36.0 9.22819E+04
 36.5 9.14837E+04
 37.0 9.06465E+04
 37.5 8.97746E+04
 38.0 8.88718E+04
 38.5 8.79420E+04
 39.0 8.69885E+04
 39.5 8.60148E+04
 40.0 8.50236E+04
 40.5 8.40180E+04
 41.0 8.30003E+04
 41.5 8.19731E+04
 42.0 8.09385E+04
 42.5 7.98985E+04
 43.0 7.88550E+04
 43.5 7.78096E+04
 44.0 7.67638E+04
 44.5 7.57192E+04
 45.0 7.46768E+04
 45.5 7.36379E+04
 46.0 7.26035E+04
 46.5 7.15744E+04
 47.0 7.05516E+04
 47.5 6.95358E+04
 48.0 6.85274E+04
 48.5 6.75272E+04
 49.0 6.65356E+04
 49.5 6.55532E+04
 50.0 6.45800E+04
 50.5 6.36167E+04
 51.0 6.26634E+04
 51.5 6.17202E+04
 52.0 6.07874E+04
 52.5 5.98652E+04
 53.0 5.89535E+04
 53.5 5.80526E+04
 54.0 5.71623E+04
 54.5 5.62828E+04
 55.0 5.54139E+04
 55.5 5.45558E+04
 56.0 5.37082E+04
 56.5 5.28713E+04
 57.0 5.20447E+04
 57.5 5.12285E+04
 58.0 1.93197E+05
 58.5 4.96269E+04
 59.0 4.88411E+04
 59.5 2.99136E+05
 60.0 4.72990E+04
 60.5 4.65423E+04
 61.0 4.57951E+04
 61.5 4.50571E+04
 62.0 4.43282E+04
 62.5 4.36082E+04
 63.0 4.28970E+04
 63.5 4.21943E+04
 64.0 4.15001E+04
 64.5 4.08141E+04
 65.0 4.01362E+04
 65.5 3.94662E+04
 66.0 3.88039E+04
 66.5 3.81492E+04
 67.0 1.22835E+05
 67.5 3.68618E+04
 68.0 3.62288E+04
 68.5 3.56026E+04
 69.0 5.75715E+04
 69.5 3.32685E+04
 70.0 2.72907E+04
 70.5 2.69624E+04
 71.0 2.66310E+04
 71.5 2.62966E+04
 72.0 2.59594E+04
 72.5 2.56195E+04
 73.0 2.52768E+04
 73.5 2.49317E+04
 74.0 2.45841E+04
 74.5 2.42341E+04
 75.0 2.38819E+04
 75.5 2.35275E+04
 76.0 2.31711E+04
 76.5 2.28127E+04
 77.0 2.24524E+04
 77.5 2.20903E+04
 78.0 2.17264E+04
 78.5 2.13610E+04
 79.0 2.09940E+04
 79.5 2.06255E+04
 80.0 2.02557E+04
 80.5 1.98845E+04
 81.0 1.95122E+04
 81.5 1.91386E+04
 82.0 1.87640E+04
 82.5 1.83883E+04
 83.0 1.80118E+04
 83.5 1.76343E+04
 84.0 1.72561E+04
 84.5 1.68771E+04
 85.0 1.64974E+04
 85.5 1.61172E+04
 86.0 1.57364E+04
 86.5 1.53552E+04
 87.0 1.49735E+04
 87.5 1.45915E+04
 88.0 1.42092E+04
 88.5 1.38266E+04
 89.0 1.34439E+04
 89.5 1.30611E+04
 90.0 1.26782E+04
 90.5 1.22953E+04
 91.0 1.19125E+04
 91.5 1.15298E+04
 92.0 1.11473E+04
 92.5 1.07650E+04
 93.0 1.03830E+04
 93.5 1.00012E+04
 94.0 9.61992E+03
 94.5 9.23902E+03
 95.0 8.85861E+03
 95.5 8.47873E+03
 96.0 8.09943E+03
 96.5 7.72077E+03
 97.0 7.34279E+03
 97.5 6.96554E+03
 98.0 6.58908E+03
 98.5 6.21344E+03
 99.0 5.83868E+03
 99.5 5.46485E+03
100.0 5.09199E+03
100.5 4.72015E+03
101.0 4.34937E+03
101.5 3.97971E+03
102.0 3.61121E+03
102.5 3.24391E+03
103.0 2.87787E+03
103.5 2.51313E+03
104.0 2.14973E+03
104.5 1.78771E+03
105.0 1.42714E+03
105.5 1.06804E+03
106.0 7.10463E+02
106.5 3.54459E+02
107.0 2.94985E+01
