107K10D0W2
  0.5 0.00000E+00
  1.0 0.00000E+00
  1.5 0.00000E+00
  2.0 0.00000E+00
  2.5 0.00000E+00
  3.0 0.00000E+00
  3.5 1.57267E+04
  4.0 2.12676E+04
  4.5 2.70373E+04
  5.0 3.30141E+04
  5.5 3.91891E+04
  6.0 4.55586E+04
  6.5 5.21210E+04
  7.0 5.88767E+04
  7.5 6.58285E+04
  8.0 7.29819E+04
  8.5 5.55627E+05
  9.0 8.79354E+04
  9.5 6.34441E+05
 10.0 5.33138E+05
 10.5 4.10533E+04
 11.0 4.40718E+04
 11.5 7.11762E+04
 12.0 3.38816E+04
 12.5 3.15471E+04
 13.0 3.34700E+04
 13.5 3.54151E+04
 14.0 3.73824E+04
 14.5 3.93719E+04
 15.0 4.13837E+04
 15.5 4.34178E+04
 16.0 4.54742E+04
 16.5 4.75522E+04
 17.0 4.96510E+04
 17.5 5.17689E+04
 18.0 5.39031E+04
 18.5 5.60496E+04
 19.0 5.82033E+04
 19.5 6.03574E+04
 20.0 6.25041E+04
 20.5 6.46344E+04
 21.0 6.67380E+04
 21.5 6.88046E+04
 22.0 7.08231E+04
 22.5 7.27826E+04
 23.0 7.46726E+04
 23.5 7.64832E+04
 24.0 7.82053E+04
 24.5 7.98308E+04
 25.0 8.13529E+04
 25.5 8.27659E+04
 26.0 8.40654E+04
 26.5 8.52483E+04
 27.0 8.63128E+04
 27.5 8.72580E+04
 28.0 8.80843E+04
 28.5 8.87928E+04
 29.0 8.93856E+04
 29.5 8.98656E+04
 30.0 9.02360E+04
 30.5 9.05010E+04
 31.0 9.06647E+04
 31.5 9.07318E+04
 32.0 9.07071E+04
 32.5 9.05957E+04
 33.0 9.04026E+04
 33.5 9.01329E+04
 34.0 8.97918E+04
 34.5 8.93842E+04
 35.0 8.89151E+04
 35.5 8.83892E+04
 36.0 8.78110E+04
 36.5 8.71851E+04
 37.0 8.65157E+04
 37.5 8.58069E+04
 38.0 8.50625E+04
 38.5 8.42860E+04
 39.0 8.34810E+04
 39.5 8.26508E+04
 40.0 8.17982E+04
 40.5 8.09262E+04
 41.0 8.00374E+04
 41.5 7.91341E+04
 42.0 7.82189E+04
 42.5 7.72937E+04
 43.0 7.63605E+04
 43.5 7.54210E+04
 44.0 7.44771E+04
 44.5 7.35300E+04
 45.0 7.25813E+04
 45.5 7.16322E+04
 46.0 7.06839E+04
 46.5 6.97374E+04
 47.0 6.87936E+04
 47.5 6.78534E+04
 48.0 6.69176E+04
 48.5 6.59869E+04
 49.0 6.50619E+04
 49.5 6.41431E+04
 50.0 6.32310E+04
 50.5 6.23260E+04
 51.0 6.14285E+04
 51.5 6.05388E+04
 52.0 5.96572E+04
 52.5 5.87839E+04
 53.0 5.79191E+04
 53.5 5.70630E+04
 54.0 5.62157E+04
 54.5 5.53773E+04
 55.0 5.45478E+04
 55.5 5.37273E+04
 56.0 5.29157E+04
 56.5 5.21132E+04
 57.0 5.13197E+04
 57.5 5.05351E+04
 58.0 1.89338E+05
 58.5 4.89927E+04
 59.0 4.82346E+04
 59.5 2.93258E+05
 60.0 4.67444E+04
 60.5 4.60121E+04
 61.0 4.52882E+04
 61.5 4.45725E+04
 62.0 4.38650E+04
 62.5 4.31654E+04
 63.0 4.24738E+04
 63.5 4.17899E+04
 64.0 4.11137E+04
 64.5 4.04449E+04
 65.0 3.97835E+04
 65.5 3.91293E+04
 66.0 3.84821E+04
 66.5 3.78419E+04
 67.0 1.21233E+05
 67.5 3.65817E+04
 68.0 3.59614E+04
 68.5 3.53476E+04
 69.0 5.70075E+04
 69.5 3.29497E+04
 70.0 2.65584E+04
 70.5 2.62579E+04
 71.0 2.59536E+04
 71.5 2.56456E+04
 72.0 2.53339E+04
 72.5 2.50189E+04
 73.0 2.47004E+04
 73.5 2.43787E+04
 74.0 2.40539E+04
 74.5 2.37261E+04
 75.0 2.33953E+04
 75.5 2.30617E+04
 76.0 2.27254E+04
 76.5 2.23865E+04
 77.0 2.20452E+04
 77.5 2.17014E+04
 78.0 2.13552E+04
 78.5 2.10069E+04
 79.0 2.06565E+04
 79.5 2.03040E+04
 80.0 1.99496E+04
 80.5 1.95934E+04
 81.0 1.92354E+04
 81.5 1.88757E+04
 82.0 1.85145E+04
 82.5 1.81517E+04
 83.0 1.77876E+04
 83.5 1.74221E+04
 84.0 1.70553E+04
 84.5 1.66874E+04
 85.0 1.63184E+04
 85.5 1.59483E+04
 86.0 1.55773E+04
 86.5 1.52055E+04
 87.0 1.48328E+04
 87.5 1.44594E+04
 88.0 1.40854E+04
 88.5 1.37108E+04
 89.0 1.33356E+04
 89.5 1.29600E+04
 90.0 1.25840E+04
 90.5 1.22077E+04
 91.0 1.18312E+04
 91.5 1.14544E+04
 92.0 1.10776E+04
 92.5 1.07006E+04
 93.0 1.03237E+04
 93.5 9.94684E+03
 94.0 9.57009E+03
 94.5 9.19352E+03
 95.0 8.81718E+03
 95.5 8.44114E+03
 96.0 8.06545E+03
 96.5 7.69018E+03
 97.0 7.31537E+03
 97.5 6.94109E+03
 98.0 6.56738E+03
 98.5 6.19431E+03
 99.0 5.82192E+03
 99.5 5.45028E+03
100.0 5.07943E+03
100.5 4.70943E+03
101.0 4.34033E+03
101.5 3.97218E+03
102.0 3.60504E+03
102.5 3.23895E+03
103.0 2.87398E+03
103.5 2.51016E+03
104.0 2.14755E+03
104.5 1.78619E+03
105.0 1.42615E+03
105.5 1.06747E+03
106.0 7.10193E+02
106.5 3.54376E+02
107.0 2.94942E+01
