107K14D0W2
  0.5 0.00000E+00
  1.0 0.00000E+00
  1.5 0.00000E+00
  2.0 0.00000E+00
  2.5 0.00000E+00
  3.0 0.00000E+00
  3.5 2.45528E+04
  4.0 3.22512E+04
  4.5 4.02949E+04
  5.0 4.86745E+04
  5.5 5.73887E+04
  6.0 6.64410E+04
  6.5 7.58394E+04
  7.0 8.55982E+04
  7.5 9.57404E+04
  8.0 1.06300E+05
  8.5 1.41331E+06
  9.0 1.28828E+05
  9.5 1.23951E+06
 10.0 1.03512E+06
 10.5 5.96280E+04
 11.0 6.40329E+04
 11.5 1.50704E+05
 12.0 4.91859E+04
 12.5 4.57891E+04
 13.0 4.85782E+04
 13.5 5.14144E+04
 14.0 5.42988E+04
 14.5 5.72316E+04
 15.0 6.02126E+04
 15.5 6.32395E+04
 16.0 6.63079E+04
 16.5 6.94107E+04
 17.0 7.25372E+04
 17.5 7.56741E+04
 18.0 7.88049E+04
 18.5 8.19106E+04
 19.0 8.49709E+04
 19.5 8.79642E+04
 20.0 9.08691E+04
 20.5 9.36648E+04
 21.0 9.63319E+04
 21.5 9.88531E+04
 22.0 1.01214E+05
 22.5 1.03401E+05
 23.0 1.05405E+05
 23.5 1.07219E+05
 24.0 1.08840E+05
 24.5 1.10264E+05
 25.0 1.11494E+05
 25.5 1.12530E+05
 26.0 1.13377E+05
 26.5 1.14042E+05
 27.0 1.14529E+05
 27.5 1.14849E+05
 28.0 1.15008E+05
 28.5 1.15015E+05
 29.0 1.14881E+05
 29.5 1.14614E+05
 30.0 1.14224E+05
 30.5 1.13720E+05
 31.0 1.13111E+05
 31.5 1.12407E+05
 32.0 1.11615E+05
 32.5 1.10744E+05
 33.0 1.09802E+05
 33.5 1.08797E+05
 34.0 1.07735E+05
 34.5 1.06623E+05
 35.0 1.05467E+05
 35.5 1.04273E+05
 36.0 1.03046E+05
 36.5 1.01792E+05
 37.0 1.00514E+05
 37.5 9.92181E+04
 38.0 9.79067E+04
 38.5 9.65837E+04
 39.0 9.52525E+04
 39.5 9.39160E+04
 40.0 9.25768E+04
 40.5 9.12374E+04
 41.0 8.99000E+04
 41.5 8.85664E+04
 42.0 8.72386E+04
 42.5 8.59180E+04
 43.0 8.46060E+04
 43.5 8.33039E+04
 44.0 8.20128E+04
 44.5 8.07335E+04
 45.0 7.94671E+04
 45.5 7.82140E+04
 46.0 7.69750E+04
 46.5 7.57505E+04
 47.0 7.45411E+04
 47.5 7.33469E+04
 48.0 7.21684E+04
 48.5 7.10057E+04
 49.0 6.98589E+04
 49.5 6.87282E+04
 50.0 6.76136E+04
 50.5 6.65151E+04
 51.0 6.54327E+04
 51.5 6.43664E+04
 52.0 6.33159E+04
 52.5 6.22812E+04
 53.0 6.12623E+04
 53.5 6.02587E+04
 54.0 5.92705E+04
 54.5 5.82974E+04
 55.0 5.73392E+04
 55.5 5.63956E+04
 56.0 5.54664E+04
 56.5 5.45514E+04
 57.0 5.36503E+04
 57.5 5.27629E+04
 58.0 2.01794E+05
 58.5 5.10280E+04
 59.0 5.01799E+04
 59.5 3.12211E+05
 60.0 4.85213E+04
 60.5 4.77103E+04
 61.0 4.69109E+04
 61.5 4.61232E+04
 62.0 4.53466E+04
 62.5 4.45810E+04
 63.0 4.38262E+04
 63.5 4.30818E+04
 64.0 4.23477E+04
 64.5 4.16235E+04
 65.0 4.09090E+04
 65.5 4.02039E+04
 66.0 3.95081E+04
 66.5 3.88214E+04
 67.0 1.26363E+05
 67.5 3.74739E+04
 68.0 3.68127E+04
 68.5 3.61597E+04
 69.0 5.88086E+04
 69.5 3.39762E+04
 70.0 2.89588E+04
 70.5 2.85647E+04
 71.0 2.81694E+04
 71.5 2.77730E+04
 72.0 2.73757E+04
 72.5 2.69774E+04
 73.0 2.65783E+04
 73.5 2.61784E+04
 74.0 2.57778E+04
 74.5 2.53766E+04
 75.0 2.49748E+04
 75.5 2.45724E+04
 76.0 2.41695E+04
 76.5 2.37662E+04
 77.0 2.33625E+04
 77.5 2.29585E+04
 78.0 2.25543E+04
 78.5 2.21498E+04
 79.0 2.17451E+04
 79.5 2.13403E+04
 80.0 2.09355E+04
 80.5 2.05306E+04
 81.0 2.01257E+04
 81.5 1.97208E+04
 82.0 1.93160E+04
 82.5 1.89114E+04
 83.0 1.85069E+04
 83.5 1.81027E+04
 84.0 1.76987E+04
 84.5 1.72950E+04
 85.0 1.68916E+04
 85.5 1.64886E+04
 86.0 1.60860E+04
 86.5 1.56838E+04
 87.0 1.52822E+04
 87.5 1.48810E+04
 88.0 1.44804E+04
 88.5 1.40803E+04
 89.0 1.36809E+04
 89.5 1.32821E+04
 90.0 1.28841E+04
 90.5 1.24867E+04
 91.0 1.20901E+04
 91.5 1.16943E+04
 92.0 1.12993E+04
 92.5 1.09052E+04
 93.0 1.05120E+04
 93.5 1.01197E+04
 94.0 9.72833E+03
 94.5 9.33798E+03
 95.0 8.94865E+03
 95.5 8.56038E+03
 96.0 8.17321E+03
 96.5 7.78716E+03
 97.0 7.40227E+03
 97.5 7.01857E+03
 98.0 6.63610E+03
 98.5 6.25489E+03
 99.0 5.87498E+03
 99.5 5.49639E+03
100.0 5.11916E+03
100.5 4.74332E+03
101.0 4.36892E+03
101.5 3.99598E+03
102.0 3.62454E+03
102.5 3.25463E+03
103.0 2.88628E+03
103.5 2.51953E+03
104.0 2.15443E+03
104.5 1.79099E+03
105.0 1.42925E+03
105.5 1.06926E+03
106.0 7.11043E+02
106.5 3.54637E+02
107.0 2.95078E+01
