107K16D0W2
  0.5 0.00000E+00
  1.0 0.00000E+00
  1.5 0.00000E+00
  2.0 0.00000E+00
  2.5 0.00000E+00
  3.0 0.00000E+00
  3.5 2.91290E+04
  4.0 3.79291E+04
  4.5 4.71458E+04
  5.0 5.67750E+04
  5.5 6.68203E+04
  6.0 7.72913E+04
  6.5 8.82053E+04
  7.0 9.95909E+04
  7.5 1.11491E+05
  8.0 1.23962E+05
  8.5 1.91499E+06
  9.0 1.50794E+05
  9.5 1.54054E+06
 10.0 1.28507E+06
 10.5 6.93655E+04
 11.0 7.45340E+04
 11.5 1.99684E+05
 12.0 5.71957E+04
 12.5 5.32368E+04
 13.0 5.64984E+04
 13.5 5.98240E+04
 14.0 6.32143E+04
 14.5 6.66683E+04
 15.0 7.01828E+04
 15.5 7.37503E+04
 16.0 7.73596E+04
 16.5 8.09951E+04
 17.0 8.46366E+04
 17.5 8.82607E+04
 18.0 9.18410E+04
 18.5 9.53498E+04
 19.0 9.87592E+04
 19.5 1.02042E+05
 20.0 1.05172E+05
 20.5 1.08128E+05
 21.0 1.10889E+05
 21.5 1.13439E+05
 22.0 1.15767E+05
 22.5 1.17864E+05
 23.0 1.19724E+05
 23.5 1.21346E+05
 24.0 1.22732E+05
 24.5 1.23884E+05
 25.0 1.24808E+05
 25.5 1.25513E+05
 26.0 1.26008E+05
 26.5 1.26303E+05
 27.0 1.26408E+05
 27.5 1.26336E+05
 28.0 1.26099E+05
 28.5 1.25708E+05
 29.0 1.25175E+05
 29.5 1.24513E+05
 30.0 1.23732E+05
 30.5 1.22844E+05
 31.0 1.21858E+05
 31.5 1.20786E+05
 32.0 1.19636E+05
 32.5 1.18418E+05
 33.0 1.17139E+05
 33.5 1.15808E+05
 34.0 1.14432E+05
 34.5 1.13018E+05
 35.0 1.11571E+05
 35.5 1.10098E+05
 36.0 1.08603E+05
 36.5 1.07092E+05
 37.0 1.05569E+05
 37.5 1.04037E+05
 38.0 1.02501E+05
 38.5 1.00963E+05
 39.0 9.94270E+04
 39.5 9.78948E+04
 40.0 9.63691E+04
 40.5 9.48518E+04
 41.0 9.33447E+04
 41.5 9.18496E+04
 42.0 9.03677E+04
 42.5 8.89005E+04
 43.0 8.74488E+04
 43.5 8.60137E+04
 44.0 8.45960E+04
 44.5 8.31962E+04
 45.0 8.18149E+04
 45.5 8.04525E+04
 46.0 7.91095E+04
 46.5 7.77860E+04
 47.0 7.64822E+04
 47.5 7.51982E+04
 48.0 7.39342E+04
 48.5 7.26900E+04
 49.0 7.14657E+04
 49.5 7.02612E+04
 50.0 6.90762E+04
 50.5 6.79107E+04
 51.0 6.67645E+04
 51.5 6.56372E+04
 52.0 6.45288E+04
 52.5 6.34389E+04
 53.0 6.23672E+04
 53.5 6.13135E+04
 54.0 6.02774E+04
 54.5 5.92586E+04
 55.0 5.82568E+04
 55.5 5.72716E+04
 56.0 5.63028E+04
 56.5 5.53500E+04
 57.0 5.44128E+04
 57.5 5.34910E+04
 58.0 2.05899E+05
 58.5 5.16918E+04
 59.0 5.08137E+04
 59.5 3.18447E+05
 60.0 4.90992E+04
 60.5 4.82620E+04
 61.0 4.74377E+04
 61.5 4.66261E+04
 62.0 4.58267E+04
 62.5 4.50394E+04
 63.0 4.42638E+04
 63.5 4.34995E+04
 64.0 4.27463E+04
 64.5 4.20039E+04
 65.0 4.12720E+04
 65.5 4.05504E+04
 66.0 3.98387E+04
 66.5 3.91367E+04
 67.0 1.28029E+05
 67.5 3.77608E+04
 68.0 3.70863E+04
 68.5 3.64206E+04
 69.0 5.93905E+04
 69.5 3.43134E+04
 70.0 2.97736E+04
 70.5 2.93460E+04
 71.0 2.89184E+04
 71.5 2.84908E+04
 72.0 2.80632E+04
 72.5 2.76357E+04
 73.0 2.72084E+04
 73.5 2.67812E+04
 74.0 2.63542E+04
 74.5 2.59275E+04
 75.0 2.55011E+04
 75.5 2.50749E+04
 76.0 2.46492E+04
 76.5 2.42238E+04
 77.0 2.37988E+04
 77.5 2.33743E+04
 78.0 2.29502E+04
 78.5 2.25266E+04
 79.0 2.21036E+04
 79.5 2.16811E+04
 80.0 2.12592E+04
 80.5 2.08379E+04
 81.0 2.04173E+04
 81.5 1.99973E+04
 82.0 1.95779E+04
 82.5 1.91593E+04
 83.0 1.87415E+04
 83.5 1.83243E+04
 84.0 1.79080E+04
 84.5 1.74924E+04
 85.0 1.70777E+04
 85.5 1.66638E+04
 86.0 1.62508E+04
 86.5 1.58387E+04
 87.0 1.54274E+04
 87.5 1.50172E+04
 88.0 1.46078E+04
 88.5 1.41995E+04
 89.0 1.37921E+04
 89.5 1.33858E+04
 90.0 1.29806E+04
 90.5 1.25764E+04
 91.0 1.21733E+04
 91.5 1.17713E+04
 92.0 1.13704E+04
 92.5 1.09707E+04
 93.0 1.05722E+04
 93.5 1.01750E+04
 94.0 9.77891E+03
 94.5 9.38412E+03
 95.0 8.99062E+03
 95.5 8.59842E+03
 96.0 8.20756E+03
 96.5 7.81805E+03
 97.0 7.42994E+03
 97.5 7.04323E+03
 98.0 6.65796E+03
 98.5 6.27415E+03
 99.0 5.89183E+03
 99.5 5.51102E+03
100.0 5.13176E+03
100.5 4.75407E+03
101.0 4.37798E+03
101.5 4.00352E+03
102.0 3.63071E+03
102.5 3.25958E+03
103.0 2.89017E+03
103.5 2.52250E+03
104.0 2.15660E+03
104.5 1.79250E+03
105.0 1.43023E+03
105.5 1.06983E+03
106.0 7.11311E+02
106.5 3.54720E+02
107.0 2.95121E+01
