107K20D0W2
  0.5 0.00000E+00
  1.0 0.00000E+00
  1.5 0.00000E+00
  2.0 0.00000E+00
  2.5 0.00000E+00
  3.0 0.00000E+00
  3.5 3.86442E+04
  4.0 4.97257E+04
  4.5 6.13900E+04
  5.0 7.36452E+04
  5.5 8.65098E+04
  6.0 1.00016E+05
  6.5 1.14215E+05
  7.0 1.29186E+05
  7.5 1.45028E+05
  8.0 1.61825E+05
  8.5 2.95958E+06
  9.0 1.98137E+05
  9.5 2.10680E+06
 10.0 1.75575E+06
 10.5 8.99822E+04
 11.0 9.68512E+04
 11.5 3.07344E+05
 12.0 7.41191E+04
 12.5 6.89571E+04
 13.0 7.32608E+04
 13.5 7.76660E+04
 14.0 8.21666E+04
 14.5 8.67495E+04
 15.0 9.13945E+04
 15.5 9.60734E+04
 16.0 1.00752E+05
 16.5 1.05389E+05
 17.0 1.09944E+05
 17.5 1.14371E+05
 18.0 1.18629E+05
 18.5 1.22678E+05
 19.0 1.26484E+05
 19.5 1.30017E+05
 20.0 1.33254E+05
 20.5 1.36178E+05
 21.0 1.38778E+05
 21.5 1.41048E+05
 22.0 1.42989E+05
 22.5 1.44604E+05
 23.0 1.45901E+05
 23.5 1.46891E+05
 24.0 1.47589E+05
 24.5 1.48009E+05
 25.0 1.48167E+05
 25.5 1.48081E+05
 26.0 1.47770E+05
 26.5 1.47250E+05
 27.0 1.46539E+05
 27.5 1.45656E+05
 28.0 1.44616E+05
 28.5 1.43436E+05
 29.0 1.42131E+05
 29.5 1.40715E+05
 30.0 1.39201E+05
 30.5 1.37603E+05
 31.0 1.35932E+05
 31.5 1.34198E+05
 32.0 1.32412E+05
 32.5 1.30583E+05
 33.0 1.28718E+05
 33.5 1.26827E+05
 34.0 1.24915E+05
 34.5 1.22988E+05
 35.0 1.21053E+05
 35.5 1.19114E+05
 36.0 1.17175E+05
 36.5 1.15242E+05
 37.0 1.13317E+05
 37.5 1.11403E+05
 38.0 1.09504E+05
 38.5 1.07621E+05
 39.0 1.05757E+05
 39.5 1.03913E+05
 40.0 1.02091E+05
 40.5 1.00293E+05
 41.0 9.85197E+04
 41.5 9.67715E+04
 42.0 9.50495E+04
 42.5 9.33543E+04
 43.0 9.16863E+04
 43.5 9.00458E+04
 44.0 8.84331E+04
 44.5 8.68482E+04
 45.0 8.52912E+04
 45.5 8.37621E+04
 46.0 8.22606E+04
 46.5 8.07867E+04
 47.0 7.93400E+04
 47.5 7.79203E+04
 48.0 7.65273E+04
 48.5 7.51606E+04
 49.0 7.38199E+04
 49.5 7.25045E+04
 50.0 7.12144E+04
 50.5 6.99487E+04
 51.0 6.87073E+04
 51.5 6.74895E+04
 52.0 6.62949E+04
 52.5 6.51230E+04
 53.0 6.39733E+04
 53.5 6.28453E+04
 54.0 6.17384E+04
 54.5 6.06523E+04
 55.0 5.95863E+04
 55.5 5.85400E+04
 56.0 5.75130E+04
 56.5 5.65046E+04
 57.0 5.55145E+04
 57.5 5.45422E+04
 58.0 2.11857E+05
 58.5 5.26490E+04
 59.0 5.17272E+04
 59.5 3.27485E+05
 60.0 4.99311E+04
 60.5 4.90558E+04
 61.0 4.81953E+04
 61.5 4.73490E+04
 62.0 4.65166E+04
 62.5 4.56977E+04
 63.0 4.48918E+04
 63.5 4.40988E+04
 64.0 4.33180E+04
 64.5 4.25494E+04
 65.0 4.17924E+04
 65.5 4.10467E+04
 66.0 4.03120E+04
 66.5 3.95881E+04
 67.0 1.30425E+05
 67.5 3.81712E+04
 68.0 3.74775E+04
 68.5 3.67935E+04
 69.0 6.02251E+04
 69.5 3.48017E+04
 70.0 3.09768E+04
 70.5 3.04985E+04
 71.0 3.00219E+04
 71.5 2.95470E+04
 72.0 2.90738E+04
 72.5 2.86023E+04
 73.0 2.81324E+04
 73.5 2.76643E+04
 74.0 2.71978E+04
 74.5 2.67330E+04
 75.0 2.62698E+04
 75.5 2.58083E+04
 76.0 2.53484E+04
 76.5 2.48902E+04
 77.0 2.44336E+04
 77.5 2.39787E+04
 78.0 2.35253E+04
 78.5 2.30736E+04
 79.0 2.26235E+04
 79.5 2.21749E+04
 80.0 2.17280E+04
 80.5 2.12827E+04
 81.0 2.08389E+04
 81.5 2.03967E+04
 82.0 1.99561E+04
 82.5 1.95171E+04
 83.0 1.90796E+04
 83.5 1.86437E+04
 84.0 1.82093E+04
 84.5 1.77765E+04
 85.0 1.73453E+04
 85.5 1.69156E+04
 86.0 1.64875E+04
 86.5 1.60609E+04
 87.0 1.56359E+04
 87.5 1.52124E+04
 88.0 1.47905E+04
 88.5 1.43702E+04
 89.0 1.39514E+04
 89.5 1.35342E+04
 90.0 1.31186E+04
 90.5 1.27045E+04
 91.0 1.22921E+04
 91.5 1.18812E+04
 92.0 1.14719E+04
 92.5 1.10643E+04
 93.0 1.06582E+04
 93.5 1.02538E+04
 94.0 9.85101E+03
 94.5 9.44987E+03
 95.0 9.05039E+03
 95.5 8.65257E+03
 96.0 8.25644E+03
 96.5 7.86201E+03
 97.0 7.46928E+03
 97.5 7.07828E+03
 98.0 6.68901E+03
 98.5 6.30150E+03
 99.0 5.91576E+03
 99.5 5.53181E+03
100.0 5.14965E+03
100.5 4.76933E+03
101.0 4.39084E+03
101.5 4.01421E+03
102.0 3.63946E+03
102.5 3.26661E+03
103.0 2.89569E+03
103.5 2.52670E+03
104.0 2.15968E+03
104.5 1.79464E+03
105.0 1.43162E+03
105.5 1.07063E+03
106.0 7.11690E+02
106.5 3.54836E+02
107.0 2.95182E+01
