108K09D0W2
  0.5 0.00000E+00
  1.0 0.00000E+00
  1.5 0.00000E+00
  2.0 0.00000E+00
  2.5 0.00000E+00
  3.0 0.00000E+00
  3.5 1.34650E+04
  4.0 1.84360E+04
  4.5 2.36132E+04
  5.0 2.89699E+04
  5.5 3.44954E+04
  6.0 4.01844E+04
  6.5 4.60341E+04
  7.0 5.20433E+04
  7.5 5.82124E+04
  8.0 6.45434E+04
  8.5 3.80420E+05
  9.0 7.77125E+04
  9.5 4.83324E+05
 10.0 4.07801E+05
 10.5 3.63327E+04
 11.0 3.90150E+04
 11.5 5.55031E+04
 12.0 2.99974E+04
 12.5 2.79337E+04
 13.0 2.96466E+04
 13.5 3.13772E+04
 14.0 3.31255E+04
 14.5 3.48913E+04
 15.0 3.66746E+04
 15.5 3.84751E+04
 16.0 4.02930E+04
 16.5 4.21280E+04
 17.0 4.39796E+04
 17.5 4.58472E+04
 18.0 4.77296E+04
 18.5 4.96249E+04
 19.0 5.15305E+04
 19.5 5.34428E+04
 20.0 5.53570E+04
 20.5 5.72676E+04
 21.0 5.91679E+04
 21.5 6.10505E+04
 22.0 6.29072E+04
 22.5 6.47296E+04
 23.0 6.65089E+04
 23.5 6.82364E+04
 24.0 6.99038E+04
 24.5 7.15031E+04
 25.0 7.30272E+04
 25.5 7.44693E+04
 26.0 7.58240E+04
 26.5 7.70866E+04
 27.0 7.82535E+04
 27.5 7.93218E+04
 28.0 8.02899E+04
 28.5 8.11567E+04
 29.0 8.19224E+04
 29.5 8.25877E+04
 30.0 8.31538E+04
 30.5 8.36229E+04
 31.0 8.39974E+04
 31.5 8.42804E+04
 32.0 8.44751E+04
 32.5 8.45851E+04
 33.0 8.46143E+04
 33.5 8.45667E+04
 34.0 8.44463E+04
 34.5 8.42573E+04
 35.0 8.40038E+04
 35.5 8.36899E+04
 36.0 8.33198E+04
 36.5 8.28973E+04
 37.0 8.24264E+04
 37.5 8.19108E+04
 38.0 8.13541E+04
 38.5 8.07598E+04
 39.0 8.01312E+04
 39.5 7.94714E+04
 40.0 7.87836E+04
 40.5 7.80704E+04
 41.0 7.73345E+04
 41.5 7.65786E+04
 42.0 7.58049E+04
 42.5 7.50157E+04
 43.0 7.42130E+04
 43.5 7.33988E+04
 44.0 7.25748E+04
 44.5 7.17428E+04
 45.0 7.09042E+04
 45.5 7.00605E+04
 46.0 6.92130E+04
 46.5 6.83628E+04
 47.0 6.75112E+04
 47.5 6.66591E+04
 48.0 6.58075E+04
 48.5 6.49571E+04
 49.0 6.41088E+04
 49.5 6.32632E+04
 50.0 6.24210E+04
 50.5 6.15828E+04
 51.0 6.07489E+04
 51.5 5.99200E+04
 52.0 5.90964E+04
 52.5 5.82785E+04
 53.0 5.74665E+04
 53.5 5.66607E+04
 54.0 5.58614E+04
 54.5 5.50687E+04
 55.0 5.42829E+04
 55.5 5.35041E+04
 56.0 5.27324E+04
 56.5 5.19678E+04
 57.0 5.12105E+04
 57.5 5.04605E+04
 58.0 1.90498E+05
 58.5 4.89826E+04
 59.0 4.82546E+04
 59.5 2.95923E+05
 60.0 4.68205E+04
 60.5 4.61144E+04
 61.0 4.54155E+04
 61.5 4.47238E+04
 62.0 4.40391E+04
 62.5 4.33614E+04
 63.0 4.26907E+04
 63.5 4.20268E+04
 64.0 4.13696E+04
 64.5 4.07191E+04
 65.0 4.00752E+04
 65.5 3.94378E+04
 66.0 3.88067E+04
 66.5 3.81818E+04
 67.0 1.23254E+05
 67.5 3.69505E+04
 68.0 3.63437E+04
 68.5 3.57428E+04
 69.0 5.78974E+04
 69.5 3.32101E+04
 70.0 2.60481E+04
 70.5 2.57862E+04
 71.0 2.55198E+04
 71.5 2.52488E+04
 72.0 2.49734E+04
 72.5 2.46937E+04
 73.0 2.44099E+04
 73.5 2.41221E+04
 74.0 2.38304E+04
 74.5 2.35348E+04
 75.0 2.32356E+04
 75.5 2.29328E+04
 76.0 2.26265E+04
 76.5 2.23169E+04
 77.0 2.20041E+04
 77.5 2.16881E+04
 78.0 2.13691E+04
 78.5 2.10472E+04
 79.0 2.07225E+04
 79.5 2.03950E+04
 80.0 2.00650E+04
 80.5 1.97324E+04
 81.0 1.93975E+04
 81.5 1.90602E+04
 82.0 1.87207E+04
 82.5 1.83792E+04
 83.0 1.80355E+04
 83.5 1.76900E+04
 84.0 1.73426E+04
 84.5 1.69935E+04
 85.0 1.66427E+04
 85.5 1.62903E+04
 86.0 1.59364E+04
 86.5 1.55811E+04
 87.0 1.52245E+04
 87.5 1.48667E+04
 88.0 1.45077E+04
 88.5 1.41476E+04
 89.0 1.37865E+04
 89.5 1.34245E+04
 90.0 1.30616E+04
 90.5 1.26980E+04
 91.0 1.23337E+04
 91.5 1.19687E+04
 92.0 1.16032E+04
 92.5 1.12372E+04
 93.0 1.08707E+04
 93.5 1.05040E+04
 94.0 1.01369E+04
 94.5 9.76968E+03
 95.0 9.40228E+03
 95.5 9.03480E+03
 96.0 8.66731E+03
 96.5 8.29986E+03
 97.0 7.93253E+03
 97.5 7.56538E+03
 98.0 7.19847E+03
 98.5 6.83185E+03
 99.0 6.46560E+03
 99.5 6.09976E+03
100.0 5.73440E+03
100.5 5.36958E+03
101.0 5.00536E+03
101.5 4.64178E+03
102.0 4.27892E+03
102.5 3.91683E+03
103.0 3.55556E+03
103.5 3.19516E+03
104.0 2.83570E+03
104.5 2.47723E+03
105.0 2.11979E+03
105.5 1.76346E+03
106.0 1.40827E+03
106.5 1.05428E+03
107.0 7.01550E+02
107.5 3.50125E+02
108.0 2.91435E+01
