108K08D0W2
  0.5 0.00000E+00
  1.0 0.00000E+00
  1.5 0.00000E+00
  2.0 0.00000E+00
  2.5 0.00000E+00
  3.0 0.00000E+00
  3.5 1.13771E+04
  4.0 1.58126E+04
  4.5 2.04361E+04
  5.0 2.52156E+04
  5.5 3.01376E+04
  6.0 3.51959E+04
  6.5 4.03865E+04
  7.0 4.57074E+04
  7.5 5.11572E+04
  8.0 5.67362E+04
  8.5 2.51717E+05
  9.0 6.82892E+04
  9.5 3.55512E+05
 10.0 3.01679E+05
 10.5 3.19298E+04
 11.0 3.42997E+04
 11.5 4.36913E+04
 12.0 2.63626E+04
 12.5 2.45480E+04
 13.0 2.60635E+04
 13.5 2.75928E+04
 14.0 2.91357E+04
 14.5 3.06919E+04
 15.0 3.22613E+04
 15.5 3.38437E+04
 16.0 3.54388E+04
 16.5 3.70465E+04
 17.0 3.86666E+04
 17.5 4.02986E+04
 18.0 4.19421E+04
 18.5 4.35961E+04
 19.0 4.52594E+04
 19.5 4.69301E+04
 20.0 4.86058E+04
 20.5 5.02833E+04
 21.0 5.19586E+04
 21.5 5.36271E+04
 22.0 5.52833E+04
 22.5 5.69214E+04
 23.0 5.85350E+04
 23.5 6.01173E+04
 24.0 6.16616E+04
 24.5 6.31610E+04
 25.0 6.46092E+04
 25.5 6.59997E+04
 26.0 6.73269E+04
 26.5 6.85856E+04
 27.0 6.97715E+04
 27.5 7.08808E+04
 28.0 7.19103E+04
 28.5 7.28578E+04
 29.0 7.37217E+04
 29.5 7.45010E+04
 30.0 7.51957E+04
 30.5 7.58059E+04
 31.0 7.63327E+04
 31.5 7.67774E+04
 32.0 7.71417E+04
 32.5 7.74280E+04
 33.0 7.76387E+04
 33.5 7.77765E+04
 34.0 7.78444E+04
 34.5 7.78456E+04
 35.0 7.77831E+04
 35.5 7.76602E+04
 36.0 7.74803E+04
 36.5 7.72468E+04
 37.0 7.69627E+04
 37.5 7.66316E+04
 38.0 7.62564E+04
 38.5 7.58403E+04
 39.0 7.53863E+04
 39.5 7.48973E+04
 40.0 7.43762E+04
 40.5 7.38255E+04
 41.0 7.32478E+04
 41.5 7.26456E+04
 42.0 7.20212E+04
 42.5 7.13768E+04
 43.0 7.07143E+04
 43.5 7.00358E+04
 44.0 6.93432E+04
 44.5 6.86380E+04
 45.0 6.79219E+04
 45.5 6.71964E+04
 46.0 6.64630E+04
 46.5 6.57228E+04
 47.0 6.49771E+04
 47.5 6.42271E+04
 48.0 6.34737E+04
 48.5 6.27179E+04
 49.0 6.19605E+04
 49.5 6.12025E+04
 50.0 6.04444E+04
 50.5 5.96870E+04
 51.0 5.89309E+04
 51.5 5.81767E+04
 52.0 5.74248E+04
 52.5 5.66758E+04
 53.0 5.59300E+04
 53.5 5.51878E+04
 54.0 5.44495E+04
 54.5 5.37155E+04
 55.0 5.29860E+04
 55.5 5.22612E+04
 56.0 5.15413E+04
 56.5 5.08265E+04
 57.0 5.01170E+04
 57.5 4.94129E+04
 58.0 1.84601E+05
 58.5 4.80211E+04
 59.0 4.73336E+04
 59.5 2.86899E+05
 60.0 4.59758E+04
 60.5 4.53055E+04
 61.0 4.46410E+04
 61.5 4.39822E+04
 62.0 4.33291E+04
 62.5 4.26818E+04
 63.0 4.20402E+04
 63.5 4.14043E+04
 64.0 4.07740E+04
 64.5 4.01492E+04
 65.0 3.95300E+04
 65.5 3.89163E+04
 66.0 3.83079E+04
 66.5 3.77049E+04
 67.0 1.20754E+05
 67.5 3.65146E+04
 68.0 3.59272E+04
 68.5 3.53448E+04
 69.0 5.70146E+04
 69.5 3.27260E+04
 70.0 2.49865E+04
 70.5 2.47616E+04
 71.0 2.45313E+04
 71.5 2.42957E+04
 72.0 2.40548E+04
 72.5 2.38090E+04
 73.0 2.35581E+04
 73.5 2.33025E+04
 74.0 2.30421E+04
 74.5 2.27771E+04
 75.0 2.25077E+04
 75.5 2.22339E+04
 76.0 2.19559E+04
 76.5 2.16737E+04
 77.0 2.13876E+04
 77.5 2.10976E+04
 78.0 2.08038E+04
 78.5 2.05064E+04
 79.0 2.02054E+04
 79.5 1.99010E+04
 80.0 1.95933E+04
 80.5 1.92824E+04
 81.0 1.89684E+04
 81.5 1.86514E+04
 82.0 1.83316E+04
 82.5 1.80089E+04
 83.0 1.76837E+04
 83.5 1.73558E+04
 84.0 1.70255E+04
 84.5 1.66929E+04
 85.0 1.63580E+04
 85.5 1.60210E+04
 86.0 1.56819E+04
 86.5 1.53408E+04
 87.0 1.49979E+04
 87.5 1.46531E+04
 88.0 1.43068E+04
 88.5 1.39588E+04
 89.0 1.36093E+04
 89.5 1.32585E+04
 90.0 1.29063E+04
 90.5 1.25528E+04
 91.0 1.21982E+04
 91.5 1.18426E+04
 92.0 1.14860E+04
 92.5 1.11284E+04
 93.0 1.07701E+04
 93.5 1.04110E+04
 94.0 1.00512E+04
 94.5 9.69091E+03
 95.0 9.33007E+03
 95.5 8.96880E+03
 96.0 8.60717E+03
 96.5 8.24525E+03
 97.0 7.88313E+03
 97.5 7.52086E+03
 98.0 7.15853E+03
 98.5 6.79620E+03
 99.0 6.43394E+03
 99.5 6.07182E+03
100.0 5.70991E+03
100.5 5.34828E+03
101.0 4.98698E+03
101.5 4.62609E+03
102.0 4.26567E+03
102.5 3.90579E+03
103.0 3.54650E+03
103.5 3.18788E+03
104.0 2.82998E+03
104.5 2.47286E+03
105.0 2.11659E+03
105.5 1.76122E+03
106.0 1.40682E+03
106.5 1.05344E+03
107.0 7.01153E+02
107.5 3.50003E+02
108.0 2.91371E+01
