108K11D0W2
  0.5 0.00000E+00
  1.0 0.00000E+00
  1.5 0.00000E+00
  2.0 0.00000E+00
  2.5 0.00000E+00
  3.0 0.00000E+00
  3.5 1.77348E+04
  4.0 2.37715E+04
  4.5 3.00612E+04
  5.0 3.65857E+04
  5.5 4.33379E+04
  6.0 5.03153E+04
  6.5 5.75176E+04
  7.0 6.49472E+04
  7.5 7.26097E+04
  8.0 8.05147E+04
  8.5 7.22185E+05
  9.0 9.71162E+04
  9.5 7.69393E+05
 10.0 6.45105E+05
 10.5 4.53031E+04
 11.0 4.86349E+04
 11.5 8.63389E+04
 12.0 3.73985E+04
 12.5 3.48253E+04
 13.0 3.69469E+04
 13.5 3.90958E+04
 14.0 4.12724E+04
 14.5 4.34769E+04
 15.0 4.57095E+04
 15.5 4.79703E+04
 16.0 5.02591E+04
 16.5 5.25750E+04
 17.0 5.49161E+04
 17.5 5.72794E+04
 18.0 5.96602E+04
 18.5 6.20524E+04
 19.0 6.44479E+04
 19.5 6.68371E+04
 20.0 6.92091E+04
 20.5 7.15517E+04
 21.0 7.38521E+04
 21.5 7.60970E+04
 22.0 7.82734E+04
 22.5 8.03689E+04
 23.0 8.23716E+04
 23.5 8.42710E+04
 24.0 8.60578E+04
 24.5 8.77243E+04
 25.0 8.92642E+04
 25.5 9.06727E+04
 26.0 9.19468E+04
 26.5 9.30847E+04
 27.0 9.40860E+04
 27.5 9.49517E+04
 28.0 9.56835E+04
 28.5 9.62845E+04
 29.0 9.67584E+04
 29.5 9.71094E+04
 30.0 9.73426E+04
 30.5 9.74633E+04
 31.0 9.74770E+04
 31.5 9.73898E+04
 32.0 9.72074E+04
 32.5 9.69360E+04
 33.0 9.65816E+04
 33.5 9.61500E+04
 34.0 9.56471E+04
 34.5 9.50786E+04
 35.0 9.44498E+04
 35.5 9.37661E+04
 36.0 9.30324E+04
 36.5 9.22535E+04
 37.0 9.14340E+04
 37.5 9.05781E+04
 38.0 8.96900E+04
 38.5 8.87732E+04
 39.0 8.78315E+04
 39.5 8.68682E+04
 40.0 8.58863E+04
 40.5 8.48886E+04
 41.0 8.38780E+04
 41.5 8.28566E+04
 42.0 8.18269E+04
 42.5 8.07909E+04
 43.0 7.97505E+04
 43.5 7.87075E+04
 44.0 7.76634E+04
 44.5 7.66196E+04
 45.0 7.55776E+04
 45.5 7.45384E+04
 46.0 7.35032E+04
 46.5 7.24729E+04
 47.0 7.14483E+04
 47.5 7.04303E+04
 48.0 6.94194E+04
 48.5 6.84164E+04
 49.0 6.74217E+04
 49.5 6.64358E+04
 50.0 6.54591E+04
 50.5 6.44919E+04
 51.0 6.35345E+04
 51.5 6.25872E+04
 52.0 6.16502E+04
 52.5 6.07235E+04
 53.0 5.98073E+04
 53.5 5.89018E+04
 54.0 5.80069E+04
 54.5 5.71227E+04
 55.0 5.62492E+04
 55.5 5.53863E+04
 56.0 5.45341E+04
 56.5 5.36924E+04
 57.0 5.28613E+04
 57.5 5.20405E+04
 58.0 1.99464E+05
 58.5 5.04297E+04
 59.0 4.96395E+04
 59.5 3.09620E+05
 60.0 4.80886E+04
 60.5 4.73278E+04
 61.0 4.65764E+04
 61.5 4.58343E+04
 62.0 4.51014E+04
 62.5 4.43776E+04
 63.0 4.36626E+04
 63.5 4.29563E+04
 64.0 4.22584E+04
 64.5 4.15690E+04
 65.0 4.08877E+04
 65.5 4.02144E+04
 66.0 3.95490E+04
 66.5 3.88912E+04
 67.0 1.27003E+05
 67.5 3.75981E+04
 68.0 3.69624E+04
 68.5 3.63337E+04
 69.0 5.92149E+04
 69.5 3.39426E+04
 70.0 2.77061E+04
 70.5 2.73835E+04
 71.0 2.70579E+04
 71.5 2.67293E+04
 72.0 2.63978E+04
 72.5 2.60634E+04
 73.0 2.57264E+04
 73.5 2.53869E+04
 74.0 2.50448E+04
 74.5 2.47004E+04
 75.0 2.43536E+04
 75.5 2.40047E+04
 76.0 2.36536E+04
 76.5 2.33006E+04
 77.0 2.29456E+04
 77.5 2.25887E+04
 78.0 2.22301E+04
 78.5 2.18699E+04
 79.0 2.15080E+04
 79.5 2.11447E+04
 80.0 2.07799E+04
 80.5 2.04137E+04
 81.0 2.00463E+04
 81.5 1.96777E+04
 82.0 1.93079E+04
 82.5 1.89371E+04
 83.0 1.85653E+04
 83.5 1.81925E+04
 84.0 1.78190E+04
 84.5 1.74446E+04
 85.0 1.70695E+04
 85.5 1.66938E+04
 86.0 1.63174E+04
 86.5 1.59406E+04
 87.0 1.55632E+04
 87.5 1.51855E+04
 88.0 1.48074E+04
 88.5 1.44290E+04
 89.0 1.40504E+04
 89.5 1.36716E+04
 90.0 1.32927E+04
 90.5 1.29137E+04
 91.0 1.25347E+04
 91.5 1.21558E+04
 92.0 1.17769E+04
 92.5 1.13983E+04
 93.0 1.10198E+04
 93.5 1.06415E+04
 94.0 1.02636E+04
 94.5 9.88606E+03
 95.0 9.50891E+03
 95.5 9.13221E+03
 96.0 8.75601E+03
 96.5 8.38037E+03
 97.0 8.00533E+03
 97.5 7.63093E+03
 98.0 7.25724E+03
 98.5 6.88429E+03
 99.0 6.51213E+03
 99.5 6.14080E+03
100.0 5.77036E+03
100.5 5.40085E+03
101.0 5.03232E+03
101.5 4.66480E+03
102.0 4.29835E+03
102.5 3.93300E+03
103.0 3.56881E+03
103.5 3.20582E+03
104.0 2.84407E+03
104.5 2.48361E+03
105.0 2.12448E+03
105.5 1.76672E+03
106.0 1.41038E+03
106.5 1.05550E+03
107.0 7.02130E+02
107.5 3.50304E+02
108.0 2.91528E+01
