108K12D0W2
  0.5 0.00000E+00
  1.0 0.00000E+00
  1.5 0.00000E+00
  2.0 0.00000E+00
  2.5 0.00000E+00
  3.0 0.00000E+00
  3.5 1.99116E+04
  4.0 2.64821E+04
  4.5 3.33335E+04
  5.0 4.04505E+04
  5.5 4.78279E+04
  6.0 5.54647E+04
  6.5 6.33626E+04
  7.0 7.15270E+04
  7.5 7.99672E+04
  8.0 8.86988E+04
  8.5 9.27343E+05
  9.0 1.07130E+05
  9.5 9.20555E+05
 10.0 7.70481E+05
 10.5 4.98792E+04
 11.0 5.35495E+04
 11.5 1.05078E+05
 12.0 4.11715E+04
 12.5 3.83374E+04
 13.0 4.06711E+04
 13.5 4.30379E+04
 14.0 4.54385E+04
 14.5 4.78732E+04
 15.0 5.03424E+04
 15.5 5.28461E+04
 16.0 5.53834E+04
 16.5 5.79522E+04
 17.0 6.05490E+04
 17.5 6.31685E+04
 18.0 6.58029E+04
 18.5 6.84425E+04
 19.0 7.10759E+04
 19.5 7.36895E+04
 20.0 7.62686E+04
 20.5 7.87978E+04
 21.0 8.12615E+04
 21.5 8.36442E+04
 22.0 8.59312E+04
 22.5 8.81091E+04
 23.0 9.01658E+04
 23.5 9.20909E+04
 24.0 9.38762E+04
 24.5 9.55149E+04
 25.0 9.70024E+04
 25.5 9.83358E+04
 26.0 9.95140E+04
 26.5 1.00537E+05
 27.0 1.01407E+05
 27.5 1.02128E+05
 28.0 1.02702E+05
 28.5 1.03135E+05
 29.0 1.03432E+05
 29.5 1.03601E+05
 30.0 1.03646E+05
 30.5 1.03575E+05
 31.0 1.03396E+05
 31.5 1.03114E+05
 32.0 1.02737E+05
 32.5 1.02273E+05
 33.0 1.01727E+05
 33.5 1.01107E+05
 34.0 1.00419E+05
 34.5 9.96683E+04
 35.0 9.88618E+04
 35.5 9.80046E+04
 36.0 9.71022E+04
 36.5 9.61594E+04
 37.0 9.51808E+04
 37.5 9.41711E+04
 38.0 9.31341E+04
 38.5 9.20736E+04
 39.0 9.09934E+04
 39.5 8.98965E+04
 40.0 8.87860E+04
 40.5 8.76647E+04
 41.0 8.65351E+04
 41.5 8.53996E+04
 42.0 8.42603E+04
 42.5 8.31191E+04
 43.0 8.19779E+04
 43.5 8.08383E+04
 44.0 7.97016E+04
 44.5 7.85691E+04
 45.0 7.74422E+04
 45.5 7.63217E+04
 46.0 7.52087E+04
 46.5 7.41039E+04
 47.0 7.30081E+04
 47.5 7.19219E+04
 48.0 7.08459E+04
 48.5 6.97806E+04
 49.0 6.87263E+04
 49.5 6.76834E+04
 50.0 6.66521E+04
 50.5 6.56328E+04
 51.0 6.46257E+04
 51.5 6.36307E+04
 52.0 6.26481E+04
 52.5 6.16779E+04
 53.0 6.07200E+04
 53.5 5.97747E+04
 54.0 5.88417E+04
 54.5 5.79211E+04
 55.0 5.70128E+04
 55.5 5.61166E+04
 56.0 5.52325E+04
 56.5 5.43603E+04
 57.0 5.35000E+04
 57.5 5.26513E+04
 58.0 2.02955E+05
 58.5 5.09884E+04
 59.0 5.01737E+04
 59.5 3.14944E+05
 60.0 4.85771E+04
 60.5 4.77948E+04
 61.0 4.70229E+04
 61.5 4.62613E+04
 62.0 4.55096E+04
 62.5 4.47678E+04
 63.0 4.40356E+04
 63.5 4.33127E+04
 64.0 4.25992E+04
 64.5 4.18946E+04
 65.0 4.11988E+04
 65.5 4.05117E+04
 66.0 3.98330E+04
 66.5 3.91625E+04
 67.0 1.28446E+05
 67.5 3.78455E+04
 68.0 3.71986E+04
 68.5 3.65592E+04
 69.0 5.97200E+04
 69.5 3.42266E+04
 70.0 2.83657E+04
 70.5 2.80181E+04
 71.0 2.76681E+04
 71.5 2.73157E+04
 72.0 2.69612E+04
 72.5 2.66045E+04
 73.0 2.62458E+04
 73.5 2.58851E+04
 74.0 2.55226E+04
 74.5 2.51584E+04
 75.0 2.47924E+04
 75.5 2.44248E+04
 76.0 2.40558E+04
 76.5 2.36852E+04
 77.0 2.33134E+04
 77.5 2.29402E+04
 78.0 2.25658E+04
 78.5 2.21903E+04
 79.0 2.18136E+04
 79.5 2.14360E+04
 80.0 2.10574E+04
 80.5 2.06780E+04
 81.0 2.02977E+04
 81.5 1.99167E+04
 82.0 1.95350E+04
 82.5 1.91527E+04
 83.0 1.87698E+04
 83.5 1.83864E+04
 84.0 1.80026E+04
 84.5 1.76184E+04
 85.0 1.72338E+04
 85.5 1.68489E+04
 86.0 1.64638E+04
 86.5 1.60786E+04
 87.0 1.56932E+04
 87.5 1.53077E+04
 88.0 1.49222E+04
 88.5 1.45368E+04
 89.0 1.41514E+04
 89.5 1.37661E+04
 90.0 1.33810E+04
 90.5 1.29961E+04
 91.0 1.26115E+04
 91.5 1.22272E+04
 92.0 1.18432E+04
 92.5 1.14597E+04
 93.0 1.10765E+04
 93.5 1.06939E+04
 94.0 1.03118E+04
 94.5 9.93032E+03
 95.0 9.54944E+03
 95.5 9.16921E+03
 96.0 8.78969E+03
 96.5 8.41092E+03
 97.0 8.03294E+03
 97.5 7.65579E+03
 98.0 7.27952E+03
 98.5 6.90415E+03
 99.0 6.52975E+03
 99.5 6.15634E+03
100.0 5.78397E+03
100.5 5.41268E+03
101.0 5.04251E+03
101.5 4.67350E+03
102.0 4.30568E+03
102.5 3.93911E+03
103.0 3.57382E+03
103.5 3.20985E+03
104.0 2.84723E+03
104.5 2.48602E+03
105.0 2.12625E+03
105.5 1.76795E+03
106.0 1.41118E+03
106.5 1.05596E+03
107.0 7.02348E+02
107.5 3.50371E+02
108.0 2.91564E+01
