108K18D0W2
  0.5 0.00000E+00
  1.0 0.00000E+00
  1.5 0.00000E+00
  2.0 0.00000E+00
  2.5 0.00000E+00
  3.0 0.00000E+00
  3.5 3.35450E+04
  4.0 4.34034E+04
  4.5 5.37539E+04
  5.0 6.45975E+04
  5.5 7.59435E+04
  6.0 8.78098E+04
  6.5 1.00226E+05
  7.0 1.13241E+05
  7.5 1.26920E+05
  8.0 1.41341E+05
  8.5 2.40555E+06
  9.0 1.72530E+05
  9.5 1.82152E+06
 10.0 1.51849E+06
 10.5 7.89290E+04
 11.0 8.48775E+04
 11.5 2.48973E+05
 12.0 6.50761E+04
 12.5 6.05676E+04
 13.0 6.43128E+04
 13.5 6.81407E+04
 14.0 7.20507E+04
 14.5 7.60383E+04
 15.0 8.00949E+04
 15.5 8.42056E+04
 16.0 8.83500E+04
 16.5 9.25023E+04
 17.0 9.66321E+04
 17.5 1.00706E+05
 18.0 1.04689E+05
 18.5 1.08547E+05
 19.0 1.12245E+05
 19.5 1.15755E+05
 20.0 1.19048E+05
 20.5 1.22103E+05
 21.0 1.24903E+05
 21.5 1.27433E+05
 22.0 1.29688E+05
 22.5 1.31661E+05
 23.0 1.33355E+05
 23.5 1.34771E+05
 24.0 1.35917E+05
 24.5 1.36801E+05
 25.0 1.37435E+05
 25.5 1.37831E+05
 26.0 1.38001E+05
 26.5 1.37960E+05
 27.0 1.37724E+05
 27.5 1.37305E+05
 28.0 1.36719E+05
 28.5 1.35980E+05
 29.0 1.35102E+05
 29.5 1.34098E+05
 30.0 1.32981E+05
 30.5 1.31764E+05
 31.0 1.30457E+05
 31.5 1.29071E+05
 32.0 1.27617E+05
 32.5 1.26103E+05
 33.0 1.24539E+05
 33.5 1.22931E+05
 34.0 1.21289E+05
 34.5 1.19617E+05
 35.0 1.17923E+05
 35.5 1.16212E+05
 36.0 1.14489E+05
 36.5 1.12759E+05
 37.0 1.11025E+05
 37.5 1.09291E+05
 38.0 1.07561E+05
 38.5 1.05838E+05
 39.0 1.04124E+05
 39.5 1.02422E+05
 40.0 1.00733E+05
 40.5 9.90599E+04
 41.0 9.74035E+04
 41.5 9.57655E+04
 42.0 9.41470E+04
 42.5 9.25489E+04
 43.0 9.09720E+04
 43.5 8.94171E+04
 44.0 8.78847E+04
 44.5 8.63752E+04
 45.0 8.48888E+04
 45.5 8.34260E+04
 46.0 8.19868E+04
 46.5 8.05711E+04
 47.0 7.91792E+04
 47.5 7.78108E+04
 48.0 7.64659E+04
 48.5 7.51444E+04
 49.0 7.38459E+04
 49.5 7.25703E+04
 50.0 7.13173E+04
 50.5 7.00865E+04
 51.0 6.88778E+04
 51.5 6.76906E+04
 52.0 6.65248E+04
 52.5 6.53799E+04
 53.0 6.42554E+04
 53.5 6.31511E+04
 54.0 6.20664E+04
 54.5 6.10011E+04
 55.0 5.99547E+04
 55.5 5.89267E+04
 56.0 5.79169E+04
 56.5 5.69247E+04
 57.0 5.59497E+04
 57.5 5.49915E+04
 58.0 2.16440E+05
 58.5 5.31242E+04
 59.0 5.22142E+04
 59.5 3.35478E+05
 60.0 5.04394E+04
 60.5 4.95739E+04
 61.0 4.87225E+04
 61.5 4.78848E+04
 62.0 4.70605E+04
 62.5 4.62492E+04
 63.0 4.54505E+04
 63.5 4.46642E+04
 64.0 4.38898E+04
 64.5 4.31271E+04
 65.0 4.23758E+04
 65.5 4.16355E+04
 66.0 4.09059E+04
 66.5 4.01868E+04
 67.0 1.33942E+05
 67.5 3.87786E+04
 68.0 3.80890E+04
 68.5 3.74088E+04
 69.0 6.16339E+04
 69.5 3.53203E+04
 70.0 3.09906E+04
 70.5 3.05380E+04
 71.0 3.00863E+04
 71.5 2.96355E+04
 72.0 2.91857E+04
 72.5 2.87368E+04
 73.0 2.82888E+04
 73.5 2.78418E+04
 74.0 2.73959E+04
 74.5 2.69509E+04
 75.0 2.65070E+04
 75.5 2.60641E+04
 76.0 2.56222E+04
 76.5 2.51814E+04
 77.0 2.47417E+04
 77.5 2.43031E+04
 78.0 2.38655E+04
 78.5 2.34291E+04
 79.0 2.29938E+04
 79.5 2.25596E+04
 80.0 2.21265E+04
 80.5 2.16945E+04
 81.0 2.12637E+04
 81.5 2.08341E+04
 82.0 2.04056E+04
 82.5 1.99783E+04
 83.0 1.95521E+04
 83.5 1.91272E+04
 84.0 1.87034E+04
 84.5 1.82808E+04
 85.0 1.78594E+04
 85.5 1.74393E+04
 86.0 1.70204E+04
 86.5 1.66027E+04
 87.0 1.61862E+04
 87.5 1.57710E+04
 88.0 1.53571E+04
 88.5 1.49445E+04
 89.0 1.45331E+04
 89.5 1.41230E+04
 90.0 1.37142E+04
 90.5 1.33068E+04
 91.0 1.29007E+04
 91.5 1.24959E+04
 92.0 1.20925E+04
 92.5 1.16905E+04
 93.0 1.12898E+04
 93.5 1.08905E+04
 94.0 1.04927E+04
 94.5 1.00963E+04
 95.0 9.70129E+03
 95.5 9.30777E+03
 96.0 8.91573E+03
 96.5 8.52518E+03
 97.0 8.13615E+03
 97.5 7.74864E+03
 98.0 7.36267E+03
 98.5 6.97827E+03
 99.0 6.59546E+03
 99.5 6.21425E+03
100.0 5.83466E+03
100.5 5.45672E+03
101.0 5.08044E+03
101.5 4.70585E+03
102.0 4.33296E+03
102.5 3.96181E+03
103.0 3.59241E+03
103.5 3.22478E+03
104.0 2.85896E+03
104.5 2.49495E+03
105.0 2.13280E+03
105.5 1.77252E+03
106.0 1.41413E+03
106.5 1.05767E+03
107.0 7.03156E+02
107.5 3.50619E+02
108.0 2.91693E+01
