108K17D0W2
  0.5 0.00000E+00
  1.0 0.00000E+00
  1.5 0.00000E+00
  2.0 0.00000E+00
  2.5 0.00000E+00
  3.0 0.00000E+00
  3.5 3.12007E+04
  4.0 4.04970E+04
  4.5 5.02452E+04
  5.0 6.04436E+04
  5.5 7.10981E+04
  6.0 8.22219E+04
  6.5 9.38376E+04
  7.0 1.05981E+05
  7.5 1.18707E+05
  8.0 1.32080E+05
  8.5 2.14401E+06
  9.0 1.60942E+05
  9.5 1.67701E+06
 10.0 1.39841E+06
 10.5 7.38688E+04
 11.0 7.94037E+04
 11.5 2.22388E+05
 12.0 6.09186E+04
 12.5 5.67042E+04
 13.0 6.01952E+04
 13.5 6.37592E+04
 14.0 6.73967E+04
 14.5 7.11057E+04
 15.0 7.48807E+04
 15.5 7.87117E+04
 16.0 8.25837E+04
 16.5 8.64766E+04
 17.0 9.03659E+04
 17.5 9.42236E+04
 18.0 9.80192E+04
 18.5 1.01722E+05
 19.0 1.05300E+05
 19.5 1.08724E+05
 20.0 1.11969E+05
 20.5 1.15011E+05
 21.0 1.17830E+05
 21.5 1.20412E+05
 22.0 1.22746E+05
 22.5 1.24824E+05
 23.0 1.26644E+05
 23.5 1.28207E+05
 24.0 1.29515E+05
 24.5 1.30574E+05
 25.0 1.31394E+05
 25.5 1.31982E+05
 26.0 1.32351E+05
 26.5 1.32512E+05
 27.0 1.32479E+05
 27.5 1.32264E+05
 28.0 1.31880E+05
 28.5 1.31341E+05
 29.0 1.30659E+05
 29.5 1.29847E+05
 30.0 1.28918E+05
 30.5 1.27882E+05
 31.0 1.26751E+05
 31.5 1.25536E+05
 32.0 1.24246E+05
 32.5 1.22891E+05
 33.0 1.21478E+05
 33.5 1.20017E+05
 34.0 1.18513E+05
 34.5 1.16976E+05
 35.0 1.15409E+05
 35.5 1.13820E+05
 36.0 1.12213E+05
 36.5 1.10593E+05
 37.0 1.08964E+05
 37.5 1.07331E+05
 38.0 1.05697E+05
 38.5 1.04065E+05
 39.0 1.02437E+05
 39.5 1.00817E+05
 40.0 9.92063E+04
 40.5 9.76072E+04
 41.0 9.60213E+04
 41.5 9.44503E+04
 42.0 9.28953E+04
 42.5 9.13576E+04
 43.0 8.98381E+04
 43.5 8.83377E+04
 44.0 8.68570E+04
 44.5 8.53966E+04
 45.0 8.39570E+04
 45.5 8.25384E+04
 46.0 8.11413E+04
 46.5 7.97658E+04
 47.0 7.84118E+04
 47.5 7.70796E+04
 48.0 7.57691E+04
 48.5 7.44802E+04
 49.0 7.32127E+04
 49.5 7.19667E+04
 50.0 7.07417E+04
 50.5 6.95378E+04
 51.0 6.83544E+04
 51.5 6.71915E+04
 52.0 6.60487E+04
 52.5 6.49257E+04
 53.0 6.38221E+04
 53.5 6.27376E+04
 54.0 6.16719E+04
 54.5 6.06246E+04
 55.0 5.95954E+04
 55.5 5.85838E+04
 56.0 5.75896E+04
 56.5 5.66122E+04
 57.0 5.56515E+04
 57.5 5.47069E+04
 58.0 2.14790E+05
 58.5 5.28647E+04
 59.0 5.19664E+04
 59.5 3.32968E+05
 60.0 5.02136E+04
 60.5 4.93583E+04
 61.0 4.85167E+04
 61.5 4.76883E+04
 62.0 4.68729E+04
 62.5 4.60701E+04
 63.0 4.52795E+04
 63.5 4.45010E+04
 64.0 4.37340E+04
 64.5 4.29784E+04
 65.0 4.22339E+04
 65.5 4.15000E+04
 66.0 4.07766E+04
 66.5 4.00634E+04
 67.0 1.33276E+05
 67.5 3.86663E+04
 68.0 3.79819E+04
 68.5 3.73066E+04
 69.0 6.14028E+04
 69.5 3.51868E+04
 70.0 3.06629E+04
 70.5 3.02239E+04
 71.0 2.97853E+04
 71.5 2.93471E+04
 72.0 2.89094E+04
 72.5 2.84723E+04
 73.0 2.80357E+04
 73.5 2.75997E+04
 74.0 2.71644E+04
 74.5 2.67296E+04
 75.0 2.62956E+04
 75.5 2.58622E+04
 76.0 2.54295E+04
 76.5 2.49975E+04
 77.0 2.45663E+04
 77.5 2.41359E+04
 78.0 2.37063E+04
 78.5 2.32774E+04
 79.0 2.28494E+04
 79.5 2.24223E+04
 80.0 2.19960E+04
 80.5 2.15705E+04
 81.0 2.11460E+04
 81.5 2.07224E+04
 82.0 2.02996E+04
 82.5 1.98779E+04
 83.0 1.94571E+04
 83.5 1.90372E+04
 84.0 1.86184E+04
 84.5 1.82005E+04
 85.0 1.77836E+04
 85.5 1.73678E+04
 86.0 1.69530E+04
 86.5 1.65393E+04
 87.0 1.61266E+04
 87.5 1.57151E+04
 88.0 1.53046E+04
 88.5 1.48953E+04
 89.0 1.44871E+04
 89.5 1.40800E+04
 90.0 1.36741E+04
 90.5 1.32694E+04
 91.0 1.28659E+04
 91.5 1.24636E+04
 92.0 1.20625E+04
 92.5 1.16627E+04
 93.0 1.12642E+04
 93.5 1.08669E+04
 94.0 1.04710E+04
 94.5 1.00764E+04
 95.0 9.68310E+03
 95.5 9.29118E+03
 96.0 8.90065E+03
 96.5 8.51151E+03
 97.0 8.12380E+03
 97.5 7.73754E+03
 98.0 7.35273E+03
 98.5 6.96942E+03
 99.0 6.58761E+03
 99.5 6.20734E+03
100.0 5.82861E+03
100.5 5.45147E+03
101.0 5.07592E+03
101.5 4.70199E+03
102.0 4.32971E+03
102.5 3.95910E+03
103.0 3.59019E+03
103.5 3.22300E+03
104.0 2.85756E+03
104.5 2.49389E+03
105.0 2.13202E+03
105.5 1.77197E+03
106.0 1.41378E+03
106.5 1.05747E+03
107.0 7.03060E+02
107.5 3.50590E+02
108.0 2.91678E+01
