108K14D0W2
  0.5 0.00000E+00
  1.0 0.00000E+00
  1.5 0.00000E+00
  2.0 0.00000E+00
  2.5 0.00000E+00
  3.0 0.00000E+00
  3.5 2.43449E+04
  4.0 3.19918E+04
  4.5 3.99818E+04
  5.0 4.83054E+04
  5.5 5.69610E+04
  6.0 6.59517E+04
  6.5 7.52851E+04
  7.0 8.49748E+04
  7.5 9.50425E+04
  8.0 1.05521E+05
  8.5 1.38580E+06
  9.0 1.27866E+05
  9.5 1.22702E+06
 10.0 1.02475E+06
 10.5 5.92369E+04
 11.0 6.36158E+04
 11.5 1.48023E+05
 12.0 4.88811E+04
 12.5 4.55112E+04
 13.0 4.82870E+04
 13.5 5.11097E+04
 14.0 5.39805E+04
 14.5 5.68999E+04
 15.0 5.98677E+04
 15.5 6.28822E+04
 16.0 6.59394E+04
 16.5 6.90327E+04
 17.0 7.21525E+04
 17.5 7.52860E+04
 18.0 7.84174E+04
 18.5 8.15285E+04
 19.0 8.45993E+04
 19.5 8.76087E+04
 20.0 9.05353E+04
 20.5 9.33585E+04
 21.0 9.60587E+04
 21.5 9.86181E+04
 22.0 1.01021E+05
 22.5 1.03255E+05
 23.0 1.05310E+05
 23.5 1.07178E+05
 24.0 1.08854E+05
 24.5 1.10336E+05
 25.0 1.11623E+05
 25.5 1.12718E+05
 26.0 1.13623E+05
 26.5 1.14345E+05
 27.0 1.14890E+05
 27.5 1.15264E+05
 28.0 1.15476E+05
 28.5 1.15535E+05
 29.0 1.15450E+05
 29.5 1.15230E+05
 30.0 1.14883E+05
 30.5 1.14421E+05
 31.0 1.13851E+05
 31.5 1.13183E+05
 32.0 1.12425E+05
 32.5 1.11585E+05
 33.0 1.10672E+05
 33.5 1.09693E+05
 34.0 1.08655E+05
 34.5 1.07565E+05
 35.0 1.06428E+05
 35.5 1.05252E+05
 36.0 1.04041E+05
 36.5 1.02800E+05
 37.0 1.01534E+05
 37.5 1.00248E+05
 38.0 9.89449E+04
 38.5 9.76289E+04
 39.0 9.63033E+04
 39.5 9.49711E+04
 40.0 9.36351E+04
 40.5 9.22978E+04
 41.0 9.09614E+04
 41.5 8.96279E+04
 42.0 8.82993E+04
 42.5 8.69771E+04
 43.0 8.56628E+04
 43.5 8.43578E+04
 44.0 8.30630E+04
 44.5 8.17797E+04
 45.0 8.05086E+04
 45.5 7.92505E+04
 46.0 7.80061E+04
 46.5 7.67758E+04
 47.0 7.55603E+04
 47.5 7.43598E+04
 48.0 7.31747E+04
 48.5 7.20051E+04
 49.0 7.08515E+04
 49.5 6.97137E+04
 50.0 6.85919E+04
 50.5 6.74861E+04
 51.0 6.63964E+04
 51.5 6.53227E+04
 52.0 6.42648E+04
 52.5 6.32228E+04
 53.0 6.21964E+04
 53.5 6.11856E+04
 54.0 6.01900E+04
 54.5 5.92097E+04
 55.0 5.82443E+04
 55.5 5.72936E+04
 56.0 5.63574E+04
 56.5 5.54355E+04
 57.0 5.45276E+04
 57.5 5.36335E+04
 58.0 2.08593E+05
 58.5 5.18856E+04
 59.0 5.10312E+04
 59.5 3.23536E+05
 60.0 4.93604E+04
 60.5 4.85435E+04
 61.0 4.77384E+04
 61.5 4.69450E+04
 62.0 4.61630E+04
 62.5 4.53921E+04
 63.0 4.46321E+04
 63.5 4.38827E+04
 64.0 4.31436E+04
 64.5 4.24147E+04
 65.0 4.16956E+04
 65.5 4.09862E+04
 66.0 4.02861E+04
 66.5 3.95952E+04
 67.0 1.30759E+05
 67.5 3.82399E+04
 68.0 3.75751E+04
 68.5 3.69185E+04
 69.0 6.05273E+04
 69.5 3.46846E+04
 70.0 2.94484E+04
 70.5 2.90585E+04
 71.0 2.86674E+04
 71.5 2.82752E+04
 72.0 2.78820E+04
 72.5 2.74879E+04
 73.0 2.70929E+04
 73.5 2.66971E+04
 74.0 2.63006E+04
 74.5 2.59034E+04
 75.0 2.55056E+04
 75.5 2.51072E+04
 76.0 2.47083E+04
 76.5 2.43089E+04
 77.0 2.39091E+04
 77.5 2.35090E+04
 78.0 2.31086E+04
 78.5 2.27080E+04
 79.0 2.23071E+04
 79.5 2.19061E+04
 80.0 2.15050E+04
 80.5 2.11038E+04
 81.0 2.07026E+04
 81.5 2.03014E+04
 82.0 1.99003E+04
 82.5 1.94993E+04
 83.0 1.90984E+04
 83.5 1.86977E+04
 84.0 1.82972E+04
 84.5 1.78970E+04
 85.0 1.74971E+04
 85.5 1.70975E+04
 86.0 1.66983E+04
 86.5 1.62994E+04
 87.0 1.59010E+04
 87.5 1.55031E+04
 88.0 1.51057E+04
 88.5 1.47088E+04
 89.0 1.43125E+04
 89.5 1.39169E+04
 90.0 1.35218E+04
 90.5 1.31274E+04
 91.0 1.27338E+04
 91.5 1.23409E+04
 92.0 1.19487E+04
 92.5 1.15574E+04
 93.0 1.11668E+04
 93.5 1.07772E+04
 94.0 1.03885E+04
 94.5 1.00007E+04
 95.0 9.61382E+03
 95.5 9.22797E+03
 96.0 8.84316E+03
 96.5 8.45941E+03
 97.0 8.07675E+03
 97.5 7.69521E+03
 98.0 7.31483E+03
 98.5 6.93564E+03
 99.0 6.55767E+03
 99.5 6.18095E+03
100.0 5.80552E+03
100.5 5.43140E+03
101.0 5.05864E+03
101.5 4.68726E+03
102.0 4.31729E+03
102.5 3.94877E+03
103.0 3.58173E+03
103.5 3.21620E+03
104.0 2.85222E+03
104.5 2.48982E+03
105.0 2.12904E+03
105.5 1.76990E+03
106.0 1.41244E+03
106.5 1.05669E+03
107.0 7.02693E+02
107.5 3.50477E+02
108.0 2.91619E+01
