108K15D0W2
  0.5 0.00000E+00
  1.0 0.00000E+00
  1.5 0.00000E+00
  2.0 0.00000E+00
  2.5 0.00000E+00
  3.0 0.00000E+00
  3.5 2.66019E+04
  4.0 3.47931E+04
  4.5 4.33618E+04
  5.0 5.23009E+04
  5.5 6.16111E+04
  6.0 7.12983E+04
  6.5 8.13738E+04
  7.0 9.18575E+04
  7.5 1.02780E+05
  8.0 1.14184E+05
  8.5 1.63198E+06
  9.0 1.38617E+05
  9.5 1.37924E+06
 10.0 1.15111E+06
 10.5 6.40290E+04
 11.0 6.87800E+04
 11.5 1.71717E+05
 12.0 5.28260E+04
 12.5 4.91805E+04
 13.0 5.21872E+04
 13.5 5.52489E+04
 14.0 5.83668E+04
 14.5 6.15411E+04
 15.0 6.47708E+04
 15.5 6.80519E+04
 16.0 7.13780E+04
 16.5 7.47387E+04
 17.0 7.81200E+04
 17.5 8.15045E+04
 18.0 8.48716E+04
 18.5 8.81984E+04
 19.0 9.14610E+04
 19.5 9.46348E+04
 20.0 9.76960E+04
 20.5 1.00622E+05
 21.0 1.03393E+05
 21.5 1.05991E+05
 22.0 1.08402E+05
 22.5 1.10613E+05
 23.0 1.12618E+05
 23.5 1.14409E+05
 24.0 1.15986E+05
 24.5 1.17348E+05
 25.0 1.18497E+05
 25.5 1.19438E+05
 26.0 1.20178E+05
 26.5 1.20724E+05
 27.0 1.21083E+05
 27.5 1.21267E+05
 28.0 1.21285E+05
 28.5 1.21146E+05
 29.0 1.20862E+05
 29.5 1.20444E+05
 30.0 1.19901E+05
 30.5 1.19244E+05
 31.0 1.18482E+05
 31.5 1.17626E+05
 32.0 1.16685E+05
 32.5 1.15666E+05
 33.0 1.14579E+05
 33.5 1.13432E+05
 34.0 1.12231E+05
 34.5 1.10983E+05
 35.0 1.09695E+05
 35.5 1.08372E+05
 36.0 1.07021E+05
 36.5 1.05645E+05
 37.0 1.04250E+05
 37.5 1.02840E+05
 38.0 1.01418E+05
 38.5 9.99886E+04
 39.0 9.85545E+04
 39.5 9.71186E+04
 40.0 9.56834E+04
 40.5 9.42515E+04
 41.0 9.28248E+04
 41.5 9.14053E+04
 42.0 8.99944E+04
 42.5 8.85939E+04
 43.0 8.72050E+04
 43.5 8.58287E+04
 44.0 8.44661E+04
 44.5 8.31181E+04
 45.0 8.17854E+04
 45.5 8.04686E+04
 46.0 7.91682E+04
 46.5 7.78847E+04
 47.0 7.66183E+04
 47.5 7.53695E+04
 48.0 7.41382E+04
 48.5 7.29248E+04
 49.0 7.17292E+04
 49.5 7.05515E+04
 50.0 6.93917E+04
 50.5 6.82497E+04
 51.0 6.71254E+04
 51.5 6.60187E+04
 52.0 6.49294E+04
 52.5 6.38574E+04
 53.0 6.28025E+04
 53.5 6.17644E+04
 54.0 6.07429E+04
 54.5 5.97377E+04
 55.0 5.87486E+04
 55.5 5.77753E+04
 56.0 5.68176E+04
 56.5 5.58751E+04
 57.0 5.49476E+04
 57.5 5.40347E+04
 58.0 2.10905E+05
 58.5 5.22517E+04
 59.0 5.13810E+04
 59.5 3.27056E+05
 60.0 4.96796E+04
 60.5 4.88484E+04
 61.0 4.80297E+04
 61.5 4.72232E+04
 62.0 4.64288E+04
 62.5 4.56460E+04
 63.0 4.48746E+04
 63.5 4.41143E+04
 64.0 4.33648E+04
 64.5 4.26260E+04
 65.0 4.18974E+04
 65.5 4.11788E+04
 66.0 4.04700E+04
 66.5 3.97708E+04
 67.0 1.31701E+05
 67.5 3.83999E+04
 68.0 3.77277E+04
 68.5 3.70641E+04
 69.0 6.08554E+04
 69.5 3.48720E+04
 70.0 2.98985E+04
 70.5 2.94906E+04
 71.0 2.90820E+04
 71.5 2.86730E+04
 72.0 2.82634E+04
 72.5 2.78535E+04
 73.0 2.74432E+04
 73.5 2.70326E+04
 74.0 2.66218E+04
 74.5 2.62107E+04
 75.0 2.57995E+04
 75.5 2.53882E+04
 76.0 2.49768E+04
 76.5 2.45654E+04
 77.0 2.41540E+04
 77.5 2.37427E+04
 78.0 2.33315E+04
 78.5 2.29204E+04
 79.0 2.25094E+04
 79.5 2.20987E+04
 80.0 2.16883E+04
 80.5 2.12781E+04
 81.0 2.08682E+04
 81.5 2.04587E+04
 82.0 2.00495E+04
 82.5 1.96408E+04
 83.0 1.92325E+04
 83.5 1.88247E+04
 84.0 1.84174E+04
 84.5 1.80106E+04
 85.0 1.76043E+04
 85.5 1.71987E+04
 86.0 1.67936E+04
 86.5 1.63893E+04
 87.0 1.59855E+04
 87.5 1.55825E+04
 88.0 1.51802E+04
 88.5 1.47787E+04
 89.0 1.43780E+04
 89.5 1.39780E+04
 90.0 1.35789E+04
 90.5 1.31807E+04
 91.0 1.27833E+04
 91.5 1.23869E+04
 92.0 1.19914E+04
 92.5 1.15969E+04
 93.0 1.12034E+04
 93.5 1.08109E+04
 94.0 1.04195E+04
 94.5 1.00291E+04
 95.0 9.63984E+03
 95.5 9.25172E+03
 96.0 8.86476E+03
 96.5 8.47899E+03
 97.0 8.09443E+03
 97.5 7.71112E+03
 98.0 7.32908E+03
 98.5 6.94834E+03
 99.0 6.56893E+03
 99.5 6.19087E+03
100.0 5.81421E+03
100.5 5.43895E+03
101.0 5.06514E+03
101.5 4.69280E+03
102.0 4.32196E+03
102.5 3.95266E+03
103.0 3.58492E+03
103.5 3.21876E+03
104.0 2.85423E+03
104.5 2.49135E+03
105.0 2.13016E+03
105.5 1.77068E+03
106.0 1.41294E+03
106.5 1.05698E+03
107.0 7.02831E+02
107.5 3.50519E+02
108.0 2.91641E+01
