108K20D0W2
  0.5 0.00000E+00
  1.0 0.00000E+00
  1.5 0.00000E+00
  2.0 0.00000E+00
  2.5 0.00000E+00
  3.0 0.00000E+00
  3.5 3.83308E+04
  4.0 4.93363E+04
  4.5 6.09198E+04
  5.0 7.30889E+04
  5.5 8.58612E+04
  6.0 9.92670E+04
  6.5 1.13356E+05
  7.0 1.28204E+05
  7.5 1.43908E+05
  8.0 1.60554E+05
  8.5 2.93171E+06
  9.0 1.96578E+05
  9.5 2.10042E+06
 10.0 1.75037E+06
 10.5 8.93639E+04
 11.0 9.61853E+04
 11.5 3.03853E+05
 12.0 7.36402E+04
 12.5 6.85217E+04
 13.0 7.28012E+04
 13.5 7.71826E+04
 14.0 8.16608E+04
 14.5 8.62242E+04
 15.0 9.08540E+04
 15.5 9.55236E+04
 16.0 1.00200E+05
 16.5 1.04845E+05
 17.0 1.09415E+05
 17.5 1.13869E+05
 18.0 1.18164E+05
 18.5 1.22259E+05
 19.0 1.26120E+05
 19.5 1.29716E+05
 20.0 1.33024E+05
 20.5 1.36024E+05
 21.0 1.38705E+05
 21.5 1.41059E+05
 22.0 1.43085E+05
 22.5 1.44787E+05
 23.0 1.46170E+05
 23.5 1.47246E+05
 24.0 1.48027E+05
 24.5 1.48528E+05
 25.0 1.48764E+05
 25.5 1.48752E+05
 26.0 1.48511E+05
 26.5 1.48058E+05
 27.0 1.47410E+05
 27.5 1.46584E+05
 28.0 1.45598E+05
 28.5 1.44467E+05
 29.0 1.43207E+05
 29.5 1.41831E+05
 30.0 1.40355E+05
 30.5 1.38790E+05
 31.0 1.37148E+05
 31.5 1.35440E+05
 32.0 1.33677E+05
 32.5 1.31868E+05
 33.0 1.30020E+05
 33.5 1.28143E+05
 34.0 1.26242E+05
 34.5 1.24324E+05
 35.0 1.22396E+05
 35.5 1.20462E+05
 36.0 1.18527E+05
 36.5 1.16595E+05
 37.0 1.14669E+05
 37.5 1.12754E+05
 38.0 1.10851E+05
 38.5 1.08964E+05
 39.0 1.07095E+05
 39.5 1.05245E+05
 40.0 1.03416E+05
 40.5 1.01610E+05
 41.0 9.98277E+04
 41.5 9.80703E+04
 42.0 9.63385E+04
 42.5 9.46330E+04
 43.0 9.29543E+04
 43.5 9.13027E+04
 44.0 8.96786E+04
 44.5 8.80822E+04
 45.0 8.65134E+04
 45.5 8.49722E+04
 46.0 8.34587E+04
 46.5 8.19725E+04
 47.0 8.05137E+04
 47.5 7.90817E+04
 48.0 7.76765E+04
 48.5 7.62976E+04
 49.0 7.49446E+04
 49.5 7.36173E+04
 50.0 7.23151E+04
 50.5 7.10376E+04
 51.0 6.97844E+04
 51.5 6.85550E+04
 52.0 6.73489E+04
 52.5 6.61657E+04
 53.0 6.50049E+04
 53.5 6.38659E+04
 54.0 6.27483E+04
 54.5 6.16516E+04
 55.0 6.05753E+04
 55.5 5.95189E+04
 56.0 5.84819E+04
 56.5 5.74638E+04
 57.0 5.64642E+04
 57.5 5.54826E+04
 58.0 2.19293E+05
 58.5 5.35715E+04
 59.0 5.26411E+04
 59.5 3.39813E+05
 60.0 5.08284E+04
 60.5 4.99452E+04
 61.0 4.90769E+04
 61.5 4.82231E+04
 62.0 4.73834E+04
 62.5 4.65574E+04
 63.0 4.57447E+04
 63.5 4.49450E+04
 64.0 4.41578E+04
 64.5 4.33829E+04
 65.0 4.26199E+04
 65.5 4.18684E+04
 66.0 4.11281E+04
 66.5 4.03988E+04
 67.0 1.35088E+05
 67.5 3.89715E+04
 68.0 3.82730E+04
 68.5 3.75843E+04
 69.0 6.20313E+04
 69.5 3.55510E+04
 70.0 3.15613E+04
 70.5 3.10848E+04
 71.0 3.06101E+04
 71.5 3.01371E+04
 72.0 2.96658E+04
 72.5 2.91962E+04
 73.0 2.87283E+04
 73.5 2.82620E+04
 74.0 2.77975E+04
 74.5 2.73346E+04
 75.0 2.68734E+04
 75.5 2.64139E+04
 76.0 2.59561E+04
 76.5 2.54998E+04
 77.0 2.50453E+04
 77.5 2.45923E+04
 78.0 2.41410E+04
 78.5 2.36913E+04
 79.0 2.32433E+04
 79.5 2.27968E+04
 80.0 2.23520E+04
 80.5 2.19087E+04
 81.0 2.14670E+04
 81.5 2.10269E+04
 82.0 2.05884E+04
 82.5 2.01514E+04
 83.0 1.97160E+04
 83.5 1.92822E+04
 84.0 1.88499E+04
 84.5 1.84192E+04
 85.0 1.79900E+04
 85.5 1.75624E+04
 86.0 1.71363E+04
 86.5 1.67117E+04
 87.0 1.62887E+04
 87.5 1.58673E+04
 88.0 1.54474E+04
 88.5 1.50290E+04
 89.0 1.46122E+04
 89.5 1.41969E+04
 90.0 1.37832E+04
 90.5 1.33710E+04
 91.0 1.29604E+04
 91.5 1.25514E+04
 92.0 1.21439E+04
 92.5 1.17380E+04
 93.0 1.13337E+04
 93.5 1.09310E+04
 94.0 1.05299E+04
 94.5 1.01304E+04
 95.0 9.73249E+03
 95.5 9.33623E+03
 96.0 8.94160E+03
 96.5 8.54862E+03
 97.0 8.15730E+03
 97.5 7.76766E+03
 98.0 7.37970E+03
 98.5 6.99344E+03
 99.0 6.60890E+03
 99.5 6.22609E+03
100.0 5.84502E+03
100.5 5.46571E+03
101.0 5.08818E+03
101.5 4.71245E+03
102.0 4.33853E+03
102.5 3.96644E+03
103.0 3.59619E+03
103.5 3.22782E+03
104.0 2.86134E+03
104.5 2.49677E+03
105.0 2.13413E+03
105.5 1.77344E+03
106.0 1.41473E+03
106.5 1.05802E+03
107.0 7.03320E+02
107.5 3.50670E+02
108.0 2.91720E+01
