108K22D0W2
  0.5 0.00000E+00
  1.0 0.00000E+00
  1.5 0.00000E+00
  2.0 0.00000E+00
  2.5 0.00000E+00
  3.0 0.00000E+00
  3.5 4.32585E+04
  4.0 5.54458E+04
  4.5 6.83053E+04
  5.0 8.18523E+04
  5.5 9.61157E+04
  6.0 1.11143E+05
  6.5 1.27012E+05
  7.0 1.43833E+05
  7.5 1.61730E+05
  8.0 1.80771E+05
  8.5 3.45481E+06
  9.0 2.21786E+05
  9.5 2.36533E+06
 10.0 1.97072E+06
 10.5 1.00266E+05
 11.0 1.08022E+05
 11.5 3.60230E+05
 12.0 8.25737E+04
 12.5 7.68132E+04
 13.0 8.16624E+04
 13.5 8.66301E+04
 14.0 9.17029E+04
 14.5 9.68578E+04
 15.0 1.02063E+05
 15.5 1.07276E+05
 16.0 1.12452E+05
 16.5 1.17538E+05
 17.0 1.22482E+05
 17.5 1.27235E+05
 18.0 1.31748E+05
 18.5 1.35981E+05
 19.0 1.39900E+05
 19.5 1.43478E+05
 20.0 1.46696E+05
 20.5 1.49542E+05
 21.0 1.52011E+05
 21.5 1.54104E+05
 22.0 1.55826E+05
 22.5 1.57189E+05
 23.0 1.58205E+05
 23.5 1.58893E+05
 24.0 1.59269E+05
 24.5 1.59355E+05
 25.0 1.59171E+05
 25.5 1.58738E+05
 26.0 1.58076E+05
 26.5 1.57207E+05
 27.0 1.56150E+05
 27.5 1.54924E+05
 28.0 1.53549E+05
 28.5 1.52040E+05
 29.0 1.50415E+05
 29.5 1.48687E+05
 30.0 1.46872E+05
 30.5 1.44982E+05
 31.0 1.43029E+05
 31.5 1.41025E+05
 32.0 1.38977E+05
 32.5 1.36897E+05
 33.0 1.34792E+05
 33.5 1.32670E+05
 34.0 1.30536E+05
 34.5 1.28398E+05
 35.0 1.26260E+05
 35.5 1.24126E+05
 36.0 1.22003E+05
 36.5 1.19892E+05
 37.0 1.17797E+05
 37.5 1.15721E+05
 38.0 1.13667E+05
 38.5 1.11636E+05
 39.0 1.09630E+05
 39.5 1.07651E+05
 40.0 1.05701E+05
 40.5 1.03779E+05
 41.0 1.01888E+05
 41.5 1.00027E+05
 42.0 9.81969E+04
 42.5 9.63986E+04
 43.0 9.46321E+04
 43.5 9.28974E+04
 44.0 9.11945E+04
 44.5 8.95234E+04
 45.0 8.78839E+04
 45.5 8.62758E+04
 46.0 8.46987E+04
 46.5 8.31524E+04
 47.0 8.16364E+04
 47.5 8.01503E+04
 48.0 7.86937E+04
 48.5 7.72661E+04
 49.0 7.58669E+04
 49.5 7.44956E+04
 50.0 7.31517E+04
 50.5 7.18346E+04
 51.0 7.05438E+04
 51.5 6.92787E+04
 52.0 6.80386E+04
 52.5 6.68231E+04
 53.0 6.56316E+04
 53.5 6.44634E+04
 54.0 6.33180E+04
 54.5 6.21949E+04
 55.0 6.10934E+04
 55.5 6.00131E+04
 56.0 5.89532E+04
 56.5 5.79135E+04
 57.0 5.68932E+04
 57.5 5.58919E+04
 58.0 2.21676E+05
 58.5 5.39441E+04
 59.0 5.29966E+04
 59.5 3.43433E+05
 60.0 5.11521E+04
 60.5 5.02541E+04
 61.0 4.93717E+04
 61.5 4.85044E+04
 62.0 4.76518E+04
 62.5 4.68136E+04
 63.0 4.59892E+04
 63.5 4.51783E+04
 64.0 4.43804E+04
 64.5 4.35953E+04
 65.0 4.28225E+04
 65.5 4.20617E+04
 66.0 4.13126E+04
 66.5 4.05747E+04
 67.0 1.36042E+05
 67.5 3.91316E+04
 68.0 3.84257E+04
 68.5 3.77298E+04
 69.0 6.23615E+04
 69.5 3.57437E+04
 70.0 3.20422E+04
 70.5 3.15454E+04
 71.0 3.10510E+04
 71.5 3.05591E+04
 72.0 3.00695E+04
 72.5 2.95823E+04
 73.0 2.90974E+04
 73.5 2.86148E+04
 74.0 2.81345E+04
 74.5 2.76564E+04
 75.0 2.71806E+04
 75.5 2.67071E+04
 76.0 2.62356E+04
 76.5 2.57664E+04
 77.0 2.52993E+04
 77.5 2.48343E+04
 78.0 2.43714E+04
 78.5 2.39105E+04
 79.0 2.34517E+04
 79.5 2.29949E+04
 80.0 2.25402E+04
 80.5 2.20874E+04
 81.0 2.16365E+04
 81.5 2.11877E+04
 82.0 2.07407E+04
 82.5 2.02957E+04
 83.0 1.98525E+04
 83.5 1.94113E+04
 84.0 1.89719E+04
 84.5 1.85343E+04
 85.0 1.80986E+04
 85.5 1.76647E+04
 86.0 1.72326E+04
 86.5 1.68024E+04
 87.0 1.63739E+04
 87.5 1.59472E+04
 88.0 1.55223E+04
 88.5 1.50992E+04
 89.0 1.46778E+04
 89.5 1.42582E+04
 90.0 1.38404E+04
 90.5 1.34243E+04
 91.0 1.30100E+04
 91.5 1.25974E+04
 92.0 1.21866E+04
 92.5 1.17775E+04
 93.0 1.13701E+04
 93.5 1.09645E+04
 94.0 1.05607E+04
 94.5 1.01586E+04
 95.0 9.75833E+03
 95.5 9.35978E+03
 96.0 8.96301E+03
 96.5 8.56802E+03
 97.0 8.17481E+03
 97.5 7.78340E+03
 98.0 7.39379E+03
 98.5 7.00599E+03
 99.0 6.62002E+03
 99.5 6.23588E+03
100.0 5.85358E+03
100.5 5.47315E+03
101.0 5.09458E+03
101.5 4.71790E+03
102.0 4.34312E+03
102.5 3.97026E+03
103.0 3.59932E+03
103.5 3.23034E+03
104.0 2.86331E+03
104.5 2.49827E+03
105.0 2.13523E+03
105.5 1.77421E+03
106.0 1.41523E+03
106.5 1.05830E+03
107.0 7.03456E+02
107.5 3.50711E+02
108.0 2.91741E+01
