109K09D0W2
  0.5 0.00000E+00
  1.0 0.00000E+00
  1.5 0.00000E+00
  2.0 0.00000E+00
  2.5 0.00000E+00
  3.0 0.00000E+00
  3.5 1.33424E+04
  4.0 1.82807E+04
  4.5 2.34245E+04
  5.0 2.87471E+04
  5.5 3.42377E+04
  6.0 3.98908E+04
  6.5 4.57036E+04
  7.0 5.16750E+04
  7.5 5.78049E+04
  8.0 6.40954E+04
  8.5 3.67330E+05
  9.0 7.71779E+04
  9.5 4.72783E+05
 10.0 3.99094E+05
 10.5 3.61017E+04
 11.0 3.87706E+04
 11.5 5.44566E+04
 12.0 2.98165E+04
 12.5 2.77683E+04
 13.0 2.94742E+04
 13.5 3.11979E+04
 14.0 3.29395E+04
 14.5 3.46987E+04
 15.0 3.64754E+04
 15.5 3.82697E+04
 16.0 4.00814E+04
 16.5 4.19103E+04
 17.0 4.37562E+04
 17.5 4.56185E+04
 18.0 4.74960E+04
 18.5 4.93871E+04
 19.0 5.12894E+04
 19.5 5.31994E+04
 20.0 5.51128E+04
 20.5 5.70243E+04
 21.0 5.89274E+04
 21.5 6.08149E+04
 22.0 6.26790E+04
 22.5 6.45114E+04
 23.0 6.63033E+04
 23.5 6.80461E+04
 24.0 6.97316E+04
 24.5 7.13515E+04
 25.0 7.28986E+04
 25.5 7.43661E+04
 26.0 7.57483E+04
 26.5 7.70402E+04
 27.0 7.82380E+04
 27.5 7.93385E+04
 28.0 8.03398E+04
 28.5 8.12406E+04
 29.0 8.20408E+04
 29.5 8.27408E+04
 30.0 8.33416E+04
 30.5 8.38452E+04
 31.0 8.42538E+04
 31.5 8.45703E+04
 32.0 8.47978E+04
 32.5 8.49397E+04
 33.0 8.49998E+04
 33.5 8.49820E+04
 34.0 8.48903E+04
 34.5 8.47287E+04
 35.0 8.45013E+04
 35.5 8.42123E+04
 36.0 8.38657E+04
 36.5 8.34654E+04
 37.0 8.30154E+04
 37.5 8.25194E+04
 38.0 8.19810E+04
 38.5 8.14037E+04
 39.0 8.07909E+04
 39.5 8.01458E+04
 40.0 7.94713E+04
 40.5 7.87705E+04
 41.0 7.80459E+04
 41.5 7.73002E+04
 42.0 7.65358E+04
 42.5 7.57550E+04
 43.0 7.49597E+04
 43.5 7.41521E+04
 44.0 7.33340E+04
 44.5 7.25070E+04
 45.0 7.16728E+04
 45.5 7.08328E+04
 46.0 6.99884E+04
 46.5 6.91409E+04
 47.0 6.82912E+04
 47.5 6.74406E+04
 48.0 6.65900E+04
 48.5 6.57403E+04
 49.0 6.48922E+04
 49.5 6.40465E+04
 50.0 6.32038E+04
 50.5 6.23648E+04
 51.0 6.15299E+04
 51.5 6.06997E+04
 52.0 5.98745E+04
 52.5 5.90548E+04
 53.0 5.82409E+04
 53.5 5.74331E+04
 54.0 5.66316E+04
 54.5 5.58366E+04
 55.0 5.50484E+04
 55.5 5.42670E+04
 56.0 5.34927E+04
 56.5 5.27255E+04
 57.0 5.19655E+04
 57.5 5.12127E+04
 58.0 1.96273E+05
 58.5 4.97292E+04
 59.0 4.89984E+04
 59.5 3.05638E+05
 60.0 4.75589E+04
 60.5 4.68500E+04
 61.0 4.61484E+04
 61.5 4.54539E+04
 62.0 4.47666E+04
 62.5 4.40864E+04
 63.0 4.34131E+04
 63.5 4.27467E+04
 64.0 4.20871E+04
 64.5 4.14343E+04
 65.0 4.07880E+04
 65.5 4.01483E+04
 66.0 3.95151E+04
 66.5 3.88881E+04
 67.0 1.27221E+05
 67.5 3.76528E+04
 68.0 3.70442E+04
 68.5 3.64416E+04
 69.0 5.94694E+04
 69.5 3.38456E+04
 70.0 2.63863E+04
 70.5 2.61313E+04
 71.0 2.58716E+04
 71.5 2.56073E+04
 72.0 2.53387E+04
 72.5 2.50657E+04
 73.0 2.47886E+04
 73.5 2.45074E+04
 74.0 2.42223E+04
 74.5 2.39333E+04
 75.0 2.36406E+04
 75.5 2.33443E+04
 76.0 2.30445E+04
 76.5 2.27413E+04
 77.0 2.24348E+04
 77.5 2.21252E+04
 78.0 2.18125E+04
 78.5 2.14968E+04
 79.0 2.11782E+04
 79.5 2.08570E+04
 80.0 2.05330E+04
 80.5 2.02065E+04
 81.0 1.98775E+04
 81.5 1.95462E+04
 82.0 1.92126E+04
 82.5 1.88768E+04
 83.0 1.85390E+04
 83.5 1.81992E+04
 84.0 1.78574E+04
 84.5 1.75139E+04
 85.0 1.71686E+04
 85.5 1.68217E+04
 86.0 1.64732E+04
 86.5 1.61232E+04
 87.0 1.57719E+04
 87.5 1.54193E+04
 88.0 1.50654E+04
 88.5 1.47104E+04
 89.0 1.43543E+04
 89.5 1.39972E+04
 90.0 1.36391E+04
 90.5 1.32803E+04
 91.0 1.29206E+04
 91.5 1.25603E+04
 92.0 1.21993E+04
 92.5 1.18378E+04
 93.0 1.14757E+04
 93.5 1.11132E+04
 94.0 1.07504E+04
 94.5 1.03873E+04
 95.0 1.00239E+04
 95.5 9.66042E+03
 96.0 9.29680E+03
 96.5 8.93314E+03
 97.0 8.56951E+03
 97.5 8.20597E+03
 98.0 7.84257E+03
 98.5 7.47938E+03
 99.0 7.11645E+03
 99.5 6.75385E+03
100.0 6.39163E+03
100.5 6.02985E+03
101.0 5.66857E+03
101.5 5.30784E+03
102.0 4.94772E+03
102.5 4.58827E+03
103.0 4.22953E+03
103.5 3.87157E+03
104.0 3.51443E+03
104.5 3.15817E+03
105.0 2.80285E+03
105.5 2.44851E+03
106.0 2.09521E+03
106.5 1.74299E+03
107.0 1.39192E+03
107.5 1.04204E+03
108.0 6.93406E+02
108.5 3.46061E+02
109.0 2.88052E+01
