109K06D0W2
  0.5 0.00000E+00
  1.0 0.00000E+00
  1.5 0.00000E+00
  2.0 0.00000E+00
  2.5 0.00000E+00
  3.0 0.00000E+00
  3.5 7.25204E+03
  4.0 1.05727E+04
  4.5 1.40612E+04
  5.0 1.76689E+04
  5.5 2.13751E+04
  6.0 2.51700E+04
  6.5 2.90481E+04
  7.0 3.30058E+04
  7.5 3.70404E+04
  8.0 4.11500E+04
  8.5 8.58825E+04
  9.0 4.95885E+04
  9.5 1.48433E+05
 10.0 1.29242E+05
 10.5 2.31219E+04
 11.0 2.48794E+04
 11.5 2.65882E+04
 12.0 1.90931E+04
 12.5 1.77769E+04
 13.0 1.89053E+04
 13.5 2.00412E+04
 14.0 2.11843E+04
 14.5 2.23342E+04
 15.0 2.34909E+04
 15.5 2.46539E+04
 16.0 2.58230E+04
 16.5 2.69980E+04
 17.0 2.81785E+04
 17.5 2.93643E+04
 18.0 3.05551E+04
 18.5 3.17506E+04
 19.0 3.29505E+04
 19.5 3.41544E+04
 20.0 3.53618E+04
 20.5 3.65721E+04
 21.0 3.77845E+04
 21.5 3.89980E+04
 22.0 4.02114E+04
 22.5 4.14230E+04
 23.0 4.26309E+04
 23.5 4.38329E+04
 24.0 4.50263E+04
 24.5 4.62084E+04
 25.0 4.73759E+04
 25.5 4.85254E+04
 26.0 4.96534E+04
 26.5 5.07564E+04
 27.0 5.18308E+04
 27.5 5.28729E+04
 28.0 5.38794E+04
 28.5 5.48470E+04
 29.0 5.57729E+04
 29.5 5.66541E+04
 30.0 5.74884E+04
 30.5 5.82738E+04
 31.0 5.90084E+04
 31.5 5.96910E+04
 32.0 6.03206E+04
 32.5 6.08964E+04
 33.0 6.14183E+04
 33.5 6.18861E+04
 34.0 6.23002E+04
 34.5 6.26611E+04
 35.0 6.29696E+04
 35.5 6.32267E+04
 36.0 6.34336E+04
 36.5 6.35915E+04
 37.0 6.37021E+04
 37.5 6.37669E+04
 38.0 6.37875E+04
 38.5 6.37658E+04
 39.0 6.37035E+04
 39.5 6.36024E+04
 40.0 6.34645E+04
 40.5 6.32916E+04
 41.0 6.30855E+04
 41.5 6.28481E+04
 42.0 6.25811E+04
 42.5 6.22864E+04
 43.0 6.19656E+04
 43.5 6.16204E+04
 44.0 6.12525E+04
 44.5 6.08634E+04
 45.0 6.04546E+04
 45.5 6.00276E+04
 46.0 5.95838E+04
 46.5 5.91244E+04
 47.0 5.86508E+04
 47.5 5.81642E+04
 48.0 5.76656E+04
 48.5 5.71563E+04
 49.0 5.66371E+04
 49.5 5.61090E+04
 50.0 5.55730E+04
 50.5 5.50300E+04
 51.0 5.44807E+04
 51.5 5.39258E+04
 52.0 5.33662E+04
 52.5 5.28024E+04
 53.0 5.22350E+04
 53.5 5.16648E+04
 54.0 5.10920E+04
 54.5 5.05174E+04
 55.0 4.99413E+04
 55.5 4.93641E+04
 56.0 4.87863E+04
 56.5 4.82082E+04
 57.0 4.76302E+04
 57.5 4.70526E+04
 58.0 1.72612E+05
 58.5 4.58995E+04
 59.0 4.53246E+04
 59.5 2.69272E+05
 60.0 4.41790E+04
 60.5 4.36088E+04
 61.0 4.30404E+04
 61.5 4.24741E+04
 62.0 4.19100E+04
 62.5 4.13482E+04
 63.0 4.07888E+04
 63.5 4.02319E+04
 64.0 3.96775E+04
 64.5 3.91258E+04
 65.0 3.85768E+04
 65.5 3.80305E+04
 66.0 3.74870E+04
 66.5 3.69464E+04
 67.0 1.16985E+05
 67.5 3.58737E+04
 68.0 3.53417E+04
 68.5 3.48127E+04
 69.0 5.58456E+04
 69.5 3.19115E+04
 70.0 2.23314E+04
 70.5 2.22059E+04
 71.0 2.20737E+04
 71.5 2.19347E+04
 72.0 2.17890E+04
 72.5 2.16368E+04
 73.0 2.14780E+04
 73.5 2.13129E+04
 74.0 2.11414E+04
 74.5 2.09637E+04
 75.0 2.07799E+04
 75.5 2.05900E+04
 76.0 2.03942E+04
 76.5 2.01926E+04
 77.0 1.99853E+04
 77.5 1.97724E+04
 78.0 1.95540E+04
 78.5 1.93303E+04
 79.0 1.91012E+04
 79.5 1.88670E+04
 80.0 1.86278E+04
 80.5 1.83837E+04
 81.0 1.81348E+04
 81.5 1.78813E+04
 82.0 1.76232E+04
 82.5 1.73606E+04
 83.0 1.70937E+04
 83.5 1.68227E+04
 84.0 1.65475E+04
 84.5 1.62685E+04
 85.0 1.59855E+04
 85.5 1.56989E+04
 86.0 1.54086E+04
 86.5 1.51149E+04
 87.0 1.48178E+04
 87.5 1.45175E+04
 88.0 1.42140E+04
 88.5 1.39075E+04
 89.0 1.35981E+04
 89.5 1.32859E+04
 90.0 1.29710E+04
 90.5 1.26535E+04
 91.0 1.23336E+04
 91.5 1.20113E+04
 92.0 1.16867E+04
 92.5 1.13600E+04
 93.0 1.10313E+04
 93.5 1.07006E+04
 94.0 1.03681E+04
 94.5 1.00338E+04
 95.0 9.69793E+03
 95.5 9.36051E+03
 96.0 9.02165E+03
 96.5 8.68144E+03
 97.0 8.33999E+03
 97.5 7.99739E+03
 98.0 7.65372E+03
 98.5 7.30909E+03
 99.0 6.96359E+03
 99.5 6.61730E+03
100.0 6.27031E+03
100.5 5.92271E+03
101.0 5.57458E+03
101.5 5.22602E+03
102.0 4.87710E+03
102.5 4.52792E+03
103.0 4.17854E+03
103.5 3.82906E+03
104.0 3.47955E+03
104.5 3.13009E+03
105.0 2.78077E+03
105.5 2.43166E+03
106.0 2.08283E+03
106.5 1.73436E+03
107.0 1.38633E+03
107.5 1.03881E+03
108.0 6.91869E+02
108.5 3.45587E+02
109.0 2.87805E+01
