109K16D0W2
  0.5 0.00000E+00
  1.0 0.00000E+00
  1.5 0.00000E+00
  2.0 0.00000E+00
  2.5 0.00000E+00
  3.0 0.00000E+00
  3.5 2.86493E+04
  4.0 3.73318E+04
  4.5 4.64252E+04
  5.0 5.59247E+04
  5.5 6.58332E+04
  6.0 7.61592E+04
  6.5 8.69184E+04
  7.0 9.81365E+04
  7.5 1.09853E+05
  8.0 1.22122E+05
  8.5 1.85604E+06
  9.0 1.48507E+05
  9.5 1.51814E+06
 10.0 1.26642E+06
 10.5 6.84510E+04
 11.0 7.35550E+04
 11.5 1.93495E+05
 12.0 5.64839E+04
 12.5 5.25884E+04
 13.0 5.58169E+04
 13.5 5.91089E+04
 14.0 6.24657E+04
 14.5 6.58869E+04
 15.0 6.93704E+04
 15.5 7.29103E+04
 16.0 7.64972E+04
 16.5 8.01173E+04
 17.0 8.37525E+04
 17.5 8.73811E+04
 18.0 9.09783E+04
 18.5 9.45173E+04
 19.0 9.79709E+04
 19.5 1.01312E+05
 20.0 1.04514E+05
 20.5 1.07555E+05
 21.0 1.10412E+05
 21.5 1.13070E+05
 22.0 1.15513E+05
 22.5 1.17732E+05
 23.0 1.19721E+05
 23.5 1.21475E+05
 24.0 1.22994E+05
 24.5 1.24281E+05
 25.0 1.25340E+05
 25.5 1.26177E+05
 26.0 1.26802E+05
 26.5 1.27222E+05
 27.0 1.27449E+05
 27.5 1.27494E+05
 28.0 1.27368E+05
 28.5 1.27082E+05
 29.0 1.26648E+05
 29.5 1.26079E+05
 30.0 1.25385E+05
 30.5 1.24577E+05
 31.0 1.23666E+05
 31.5 1.22661E+05
 32.0 1.21574E+05
 32.5 1.20412E+05
 33.0 1.19185E+05
 33.5 1.17900E+05
 34.0 1.16564E+05
 34.5 1.15186E+05
 35.0 1.13771E+05
 35.5 1.12325E+05
 36.0 1.10853E+05
 36.5 1.09362E+05
 37.0 1.07854E+05
 37.5 1.06335E+05
 38.0 1.04808E+05
 38.5 1.03277E+05
 39.0 1.01745E+05
 39.5 1.00214E+05
 40.0 9.86878E+04
 40.5 9.71677E+04
 41.0 9.56560E+04
 41.5 9.41546E+04
 42.0 9.26649E+04
 42.5 9.11883E+04
 43.0 8.97261E+04
 43.5 8.82793E+04
 44.0 8.68487E+04
 44.5 8.54353E+04
 45.0 8.40395E+04
 45.5 8.26621E+04
 46.0 8.13033E+04
 46.5 7.99634E+04
 47.0 7.86429E+04
 47.5 7.73419E+04
 48.0 7.60604E+04
 48.5 7.47986E+04
 49.0 7.35565E+04
 49.5 7.23340E+04
 50.0 7.11309E+04
 50.5 6.99474E+04
 51.0 6.87830E+04
 51.5 6.76378E+04
 52.0 6.65114E+04
 52.5 6.54036E+04
 53.0 6.43142E+04
 53.5 6.32429E+04
 54.0 6.21895E+04
 54.5 6.11536E+04
 55.0 6.01349E+04
 55.5 5.91331E+04
 56.0 5.81479E+04
 56.5 5.71789E+04
 57.0 5.62259E+04
 57.5 5.52885E+04
 58.0 2.20076E+05
 58.5 5.34592E+04
 59.0 5.25666E+04
 59.5 3.42025E+05
 60.0 5.08239E+04
 60.5 4.99732E+04
 61.0 4.91357E+04
 61.5 4.83112E+04
 62.0 4.74993E+04
 62.5 4.66998E+04
 63.0 4.59123E+04
 63.5 4.51366E+04
 64.0 4.43723E+04
 64.5 4.36191E+04
 65.0 4.28767E+04
 65.5 4.21450E+04
 66.0 4.14235E+04
 66.5 4.07121E+04
 67.0 1.37083E+05
 67.5 3.93182E+04
 68.0 3.86353E+04
 68.5 3.79614E+04
 69.0 6.29089E+04
 69.5 3.57590E+04
 70.0 3.08200E+04
 70.5 3.03990E+04
 71.0 2.99779E+04
 71.5 2.95568E+04
 72.0 2.91357E+04
 72.5 2.87147E+04
 73.0 2.82938E+04
 73.5 2.78730E+04
 74.0 2.74524E+04
 74.5 2.70321E+04
 75.0 2.66120E+04
 75.5 2.61922E+04
 76.0 2.57727E+04
 76.5 2.53536E+04
 77.0 2.49349E+04
 77.5 2.45166E+04
 78.0 2.40987E+04
 78.5 2.36813E+04
 79.0 2.32645E+04
 79.5 2.28481E+04
 80.0 2.24323E+04
 80.5 2.20171E+04
 81.0 2.16025E+04
 81.5 2.11885E+04
 82.0 2.07751E+04
 82.5 2.03625E+04
 83.0 1.99505E+04
 83.5 1.95392E+04
 84.0 1.91287E+04
 84.5 1.87189E+04
 85.0 1.83099E+04
 85.5 1.79017E+04
 86.0 1.74943E+04
 86.5 1.70877E+04
 87.0 1.66820E+04
 87.5 1.62772E+04
 88.0 1.58733E+04
 88.5 1.54703E+04
 89.0 1.50682E+04
 89.5 1.46671E+04
 90.0 1.42670E+04
 90.5 1.38678E+04
 91.0 1.34697E+04
 91.5 1.30726E+04
 92.0 1.26766E+04
 92.5 1.22816E+04
 93.0 1.18878E+04
 93.5 1.14951E+04
 94.0 1.11035E+04
 94.5 1.07130E+04
 95.0 1.03238E+04
 95.5 9.93576E+03
 96.0 9.54895E+03
 96.5 9.16339E+03
 97.0 8.77910E+03
 97.5 8.39610E+03
 98.0 8.01442E+03
 98.5 7.63408E+03
 99.0 7.25510E+03
 99.5 6.87751E+03
100.0 6.50133E+03
100.5 6.12658E+03
101.0 5.75330E+03
101.5 5.38149E+03
102.0 5.01120E+03
102.5 4.64243E+03
103.0 4.27523E+03
103.5 3.90961E+03
104.0 3.54560E+03
104.5 3.18324E+03
105.0 2.82253E+03
105.5 2.46351E+03
106.0 2.10622E+03
106.5 1.75067E+03
107.0 1.39689E+03
107.5 1.04491E+03
108.0 6.94767E+02
108.5 3.46479E+02
109.0 2.88271E+01
