109K19D0W2
  0.5 0.00000E+00
  1.0 0.00000E+00
  1.5 0.00000E+00
  2.0 0.00000E+00
  2.5 0.00000E+00
  3.0 0.00000E+00
  3.5 3.56315E+04
  4.0 4.59890E+04
  4.5 5.68765E+04
  5.0 6.82976E+04
  5.5 8.02646E+04
  6.0 9.28001E+04
  6.5 1.05941E+05
  7.0 1.19746E+05
  7.5 1.34294E+05
  8.0 1.49671E+05
  8.5 2.63938E+06
  9.0 1.82976E+05
  9.5 1.95464E+06
 10.0 1.62909E+06
 10.5 8.35252E+04
 11.0 8.98594E+04
 11.5 2.72726E+05
 12.0 6.88750E+04
 12.5 6.41050E+04
 13.0 6.80909E+04
 13.5 7.21692E+04
 14.0 7.63383E+04
 14.5 8.05916E+04
 15.0 8.49170E+04
 15.5 8.92956E+04
 16.0 9.37024E+04
 16.5 9.81065E+04
 17.0 1.02473E+05
 17.5 1.06763E+05
 18.0 1.10939E+05
 18.5 1.14964E+05
 19.0 1.18801E+05
 19.5 1.22420E+05
 20.0 1.25794E+05
 20.5 1.28901E+05
 21.0 1.31724E+05
 21.5 1.34254E+05
 22.0 1.36483E+05
 22.5 1.38411E+05
 23.0 1.40038E+05
 23.5 1.41373E+05
 24.0 1.42422E+05
 24.5 1.43197E+05
 25.0 1.43712E+05
 25.5 1.43980E+05
 26.0 1.44017E+05
 26.5 1.43837E+05
 27.0 1.43458E+05
 27.5 1.42894E+05
 28.0 1.42162E+05
 28.5 1.41277E+05
 29.0 1.40254E+05
 29.5 1.39105E+05
 30.0 1.37846E+05
 30.5 1.36488E+05
 31.0 1.35043E+05
 31.5 1.33522E+05
 32.0 1.31936E+05
 32.5 1.30294E+05
 33.0 1.28604E+05
 33.5 1.26876E+05
 34.0 1.25115E+05
 34.5 1.23329E+05
 35.0 1.21525E+05
 35.5 1.19706E+05
 36.0 1.17880E+05
 36.5 1.16049E+05
 37.0 1.14219E+05
 37.5 1.12392E+05
 38.0 1.10573E+05
 38.5 1.08763E+05
 39.0 1.06965E+05
 39.5 1.05182E+05
 40.0 1.03416E+05
 40.5 1.01668E+05
 41.0 9.99393E+04
 41.5 9.82318E+04
 42.0 9.65464E+04
 42.5 9.48838E+04
 43.0 9.32449E+04
 43.5 9.16301E+04
 44.0 9.00401E+04
 44.5 8.84750E+04
 45.0 8.69352E+04
 45.5 8.54209E+04
 46.0 8.39319E+04
 46.5 8.24685E+04
 47.0 8.10304E+04
 47.5 7.96176E+04
 48.0 7.82299E+04
 48.5 7.68670E+04
 49.0 7.55288E+04
 49.5 7.42148E+04
 50.0 7.29249E+04
 50.5 7.16585E+04
 51.0 7.04155E+04
 51.5 6.91952E+04
 52.0 6.79975E+04
 52.5 6.68217E+04
 53.0 6.56676E+04
 53.5 6.45347E+04
 54.0 6.34225E+04
 54.5 6.23306E+04
 55.0 6.12586E+04
 55.5 6.02060E+04
 56.0 5.91723E+04
 56.5 5.81571E+04
 57.0 5.71600E+04
 57.5 5.61806E+04
 58.0 2.25362E+05
 58.5 5.42729E+04
 59.0 5.33437E+04
 59.5 3.50080E+05
 60.0 5.15328E+04
 60.5 5.06503E+04
 61.0 4.97825E+04
 61.5 4.89289E+04
 62.0 4.80894E+04
 62.5 4.72634E+04
 63.0 4.64506E+04
 63.5 4.56507E+04
 64.0 4.48632E+04
 64.5 4.40879E+04
 65.0 4.33245E+04
 65.5 4.25725E+04
 66.0 4.18317E+04
 66.5 4.11018E+04
 67.0 1.39220E+05
 67.5 3.96734E+04
 68.0 3.89743E+04
 68.5 3.82849E+04
 69.0 6.36482E+04
 69.5 3.61814E+04
 70.0 3.18532E+04
 70.5 3.13903E+04
 71.0 3.09287E+04
 71.5 3.04685E+04
 72.0 3.00096E+04
 72.5 2.95520E+04
 73.0 2.90957E+04
 73.5 2.86409E+04
 74.0 2.81873E+04
 74.5 2.77352E+04
 75.0 2.72844E+04
 75.5 2.68350E+04
 76.0 2.63870E+04
 76.5 2.59403E+04
 77.0 2.54950E+04
 77.5 2.50511E+04
 78.0 2.46086E+04
 78.5 2.41674E+04
 79.0 2.37276E+04
 79.5 2.32892E+04
 80.0 2.28522E+04
 80.5 2.24165E+04
 81.0 2.19822E+04
 81.5 2.15493E+04
 82.0 2.11178E+04
 82.5 2.06876E+04
 83.0 2.02588E+04
 83.5 1.98314E+04
 84.0 1.94054E+04
 84.5 1.89808E+04
 85.0 1.85575E+04
 85.5 1.81356E+04
 86.0 1.77151E+04
 86.5 1.72960E+04
 87.0 1.68782E+04
 87.5 1.64619E+04
 88.0 1.60469E+04
 88.5 1.56334E+04
 89.0 1.52212E+04
 89.5 1.48105E+04
 90.0 1.44011E+04
 90.5 1.39932E+04
 91.0 1.35867E+04
 91.5 1.31817E+04
 92.0 1.27781E+04
 92.5 1.23759E+04
 93.0 1.19752E+04
 93.5 1.15760E+04
 94.0 1.11782E+04
 94.5 1.07819E+04
 95.0 1.03871E+04
 95.5 9.99384E+03
 96.0 9.60208E+03
 96.5 9.21186E+03
 97.0 8.82317E+03
 97.5 8.43605E+03
 98.0 8.05049E+03
 98.5 7.66652E+03
 99.0 7.28415E+03
 99.5 6.90339E+03
100.0 6.52427E+03
100.5 6.14679E+03
101.0 5.77098E+03
101.5 5.39685E+03
102.0 5.02442E+03
102.5 4.65371E+03
103.0 4.28474E+03
103.5 3.91752E+03
104.0 3.55208E+03
104.5 3.18844E+03
105.0 2.82661E+03
105.5 2.46663E+03
106.0 2.10850E+03
106.5 1.75225E+03
107.0 1.39792E+03
107.5 1.04551E+03
108.0 6.95048E+02
108.5 3.46566E+02
109.0 2.88316E+01
