109K12D0W2
  0.5 0.00000E+00
  1.0 0.00000E+00
  1.5 0.00000E+00
  2.0 0.00000E+00
  2.5 0.00000E+00
  3.0 0.00000E+00
  3.5 1.97406E+04
  4.0 2.62679E+04
  4.5 3.30746E+04
  5.0 4.01453E+04
  5.5 4.74746E+04
  6.0 5.50613E+04
  6.5 6.29071E+04
  7.0 7.10167E+04
  7.5 7.93992E+04
  8.0 8.80692E+04
  8.5 9.04353E+05
  9.0 1.06363E+05
  9.5 9.07663E+05
 10.0 7.59811E+05
 10.5 4.95589E+04
 11.0 5.32090E+04
 11.5 1.03023E+05
 12.0 4.09212E+04
 12.5 3.81089E+04
 13.0 4.04322E+04
 13.5 4.27886E+04
 14.0 4.51788E+04
 14.5 4.76031E+04
 15.0 5.00620E+04
 15.5 5.25556E+04
 16.0 5.50832E+04
 16.5 5.76430E+04
 17.0 6.02319E+04
 17.5 6.28448E+04
 18.0 6.54747E+04
 18.5 6.81125E+04
 19.0 7.07469E+04
 19.5 7.33652E+04
 20.0 7.59528E+04
 20.5 7.84949E+04
 21.0 8.09756E+04
 21.5 8.33798E+04
 22.0 8.56926E+04
 22.5 8.79004E+04
 23.0 8.99908E+04
 23.5 9.19531E+04
 24.0 9.37786E+04
 24.5 9.54601E+04
 25.0 9.69925E+04
 25.5 9.83724E+04
 26.0 9.95982E+04
 26.5 1.00670E+05
 27.0 1.01589E+05
 27.5 1.02357E+05
 28.0 1.02979E+05
 28.5 1.03459E+05
 29.0 1.03803E+05
 29.5 1.04016E+05
 30.0 1.04104E+05
 30.5 1.04075E+05
 31.0 1.03935E+05
 31.5 1.03691E+05
 32.0 1.03350E+05
 32.5 1.02920E+05
 33.0 1.02406E+05
 33.5 1.01815E+05
 34.0 1.01154E+05
 34.5 1.00430E+05
 35.0 9.96466E+04
 35.5 9.88111E+04
 36.0 9.79285E+04
 36.5 9.70038E+04
 37.0 9.60416E+04
 37.5 9.50465E+04
 38.0 9.40227E+04
 38.5 9.29738E+04
 39.0 9.19038E+04
 39.5 9.08158E+04
 40.0 8.97129E+04
 40.5 8.85981E+04
 41.0 8.74738E+04
 41.5 8.63426E+04
 42.0 8.52067E+04
 42.5 8.40679E+04
 43.0 8.29283E+04
 43.5 8.17894E+04
 44.0 8.06529E+04
 44.5 7.95198E+04
 45.0 7.83917E+04
 45.5 7.72695E+04
 46.0 7.61543E+04
 46.5 7.50468E+04
 47.0 7.39479E+04
 47.5 7.28583E+04
 48.0 7.17785E+04
 48.5 7.07090E+04
 49.0 6.96503E+04
 49.5 6.86028E+04
 50.0 6.75668E+04
 50.5 6.65424E+04
 51.0 6.55301E+04
 51.5 6.45299E+04
 52.0 6.35419E+04
 52.5 6.25662E+04
 53.0 6.16029E+04
 53.5 6.06519E+04
 54.0 5.97134E+04
 54.5 5.87871E+04
 55.0 5.78732E+04
 55.5 5.69714E+04
 56.0 5.60817E+04
 56.5 5.52040E+04
 57.0 5.43382E+04
 57.5 5.34841E+04
 58.0 2.09466E+05
 58.5 5.18104E+04
 59.0 5.09906E+04
 59.5 3.25829E+05
 60.0 4.93838E+04
 60.5 4.85966E+04
 61.0 4.78198E+04
 61.5 4.70534E+04
 62.0 4.62971E+04
 62.5 4.55508E+04
 63.0 4.48141E+04
 63.5 4.40870E+04
 64.0 4.33693E+04
 64.5 4.26606E+04
 65.0 4.19609E+04
 65.5 4.12700E+04
 66.0 4.05876E+04
 66.5 3.99135E+04
 67.0 1.32736E+05
 67.5 3.85898E+04
 68.0 3.79397E+04
 68.5 3.72972E+04
 69.0 6.13989E+04
 69.5 3.49088E+04
 70.0 2.87995E+04
 70.5 2.84570E+04
 71.0 2.81121E+04
 71.5 2.77648E+04
 72.0 2.74153E+04
 72.5 2.70636E+04
 73.0 2.67099E+04
 73.5 2.63541E+04
 74.0 2.59965E+04
 74.5 2.56371E+04
 75.0 2.52760E+04
 75.5 2.49133E+04
 76.0 2.45490E+04
 76.5 2.41832E+04
 77.0 2.38160E+04
 77.5 2.34475E+04
 78.0 2.30777E+04
 78.5 2.27068E+04
 79.0 2.23347E+04
 79.5 2.19616E+04
 80.0 2.15876E+04
 80.5 2.12126E+04
 81.0 2.08367E+04
 81.5 2.04601E+04
 82.0 2.00827E+04
 82.5 1.97047E+04
 83.0 1.93261E+04
 83.5 1.89469E+04
 84.0 1.85672E+04
 84.5 1.81871E+04
 85.0 1.78067E+04
 85.5 1.74258E+04
 86.0 1.70447E+04
 86.5 1.66634E+04
 87.0 1.62819E+04
 87.5 1.59003E+04
 88.0 1.55186E+04
 88.5 1.51369E+04
 89.0 1.47552E+04
 89.5 1.43736E+04
 90.0 1.39921E+04
 90.5 1.36107E+04
 91.0 1.32296E+04
 91.5 1.28487E+04
 92.0 1.24681E+04
 92.5 1.20879E+04
 93.0 1.17080E+04
 93.5 1.13286E+04
 94.0 1.09496E+04
 94.5 1.05711E+04
 95.0 1.01932E+04
 95.5 9.81594E+03
 96.0 9.43928E+03
 96.5 9.06329E+03
 97.0 8.68803E+03
 97.5 8.31352E+03
 98.0 7.93981E+03
 98.5 7.56695E+03
 99.0 7.19496E+03
 99.5 6.82390E+03
100.0 6.45379E+03
100.5 6.08468E+03
101.0 5.71661E+03
101.5 5.34961E+03
102.0 4.98373E+03
102.5 4.61900E+03
103.0 4.25547E+03
103.5 3.89317E+03
104.0 3.53213E+03
104.5 3.17241E+03
105.0 2.81403E+03
105.5 2.45704E+03
106.0 2.10147E+03
106.5 1.74736E+03
107.0 1.39475E+03
107.5 1.04368E+03
108.0 6.94180E+02
108.5 3.46299E+02
109.0 2.88177E+01
