109K11D0W2
  0.5 0.00000E+00
  1.0 0.00000E+00
  1.5 0.00000E+00
  2.0 0.00000E+00
  2.5 0.00000E+00
  3.0 0.00000E+00
  3.5 1.75801E+04
  4.0 2.35771E+04
  4.5 2.98260E+04
  5.0 3.63083E+04
  5.5 4.30170E+04
  6.0 4.99492E+04
  6.5 5.71046E+04
  7.0 6.44856E+04
  7.5 7.20970E+04
  8.0 7.99480E+04
  8.5 7.02125E+05
  9.0 9.64308E+04
  9.5 7.56876E+05
 10.0 6.34754E+05
 10.5 4.50134E+04
 11.0 4.83275E+04
 11.5 8.46148E+04
 12.0 3.71720E+04
 12.5 3.46184E+04
 13.0 3.67308E+04
 13.5 3.88706E+04
 14.0 4.10381E+04
 14.5 4.32336E+04
 15.0 4.54573E+04
 15.5 4.77093E+04
 16.0 4.99896E+04
 16.5 5.22974E+04
 17.0 5.46310E+04
 17.5 5.69877E+04
 18.0 5.93633E+04
 18.5 6.17519E+04
 19.0 6.41461E+04
 19.5 6.65366E+04
 20.0 6.89129E+04
 20.5 7.12631E+04
 21.0 7.35746E+04
 21.5 7.58345E+04
 22.0 7.80296E+04
 22.5 8.01476E+04
 23.0 8.21764E+04
 23.5 8.41053E+04
 24.0 8.59248E+04
 24.5 8.76267E+04
 25.0 8.92045E+04
 25.5 9.06529E+04
 26.0 9.19685E+04
 26.5 9.31490E+04
 27.0 9.41938E+04
 27.5 9.51033E+04
 28.0 9.58791E+04
 28.5 9.65238E+04
 29.0 9.70408E+04
 29.5 9.74342E+04
 30.0 9.77087E+04
 30.5 9.78695E+04
 31.0 9.79219E+04
 31.5 9.78719E+04
 32.0 9.77251E+04
 32.5 9.74876E+04
 33.0 9.71653E+04
 33.5 9.67640E+04
 34.0 9.62897E+04
 34.5 9.57479E+04
 35.0 9.51441E+04
 35.5 9.44835E+04
 36.0 9.37713E+04
 36.5 9.30122E+04
 37.0 9.22108E+04
 37.5 9.13715E+04
 38.0 9.04984E+04
 38.5 8.95953E+04
 39.0 8.86659E+04
 39.5 8.77135E+04
 40.0 8.67412E+04
 40.5 8.57520E+04
 41.0 8.47486E+04
 41.5 8.37336E+04
 42.0 8.27092E+04
 42.5 8.16776E+04
 43.0 8.06406E+04
 43.5 7.96003E+04
 44.0 7.85581E+04
 44.5 7.75156E+04
 45.0 7.64742E+04
 45.5 7.54350E+04
 46.0 7.43992E+04
 46.5 7.33678E+04
 47.0 7.23417E+04
 47.5 7.13217E+04
 48.0 7.03086E+04
 48.5 6.93029E+04
 49.0 6.83052E+04
 49.5 6.73160E+04
 50.0 6.63358E+04
 50.5 6.53649E+04
 51.0 6.44036E+04
 51.5 6.34522E+04
 52.0 6.25109E+04
 52.5 6.15799E+04
 53.0 6.06593E+04
 53.5 5.97492E+04
 54.0 5.88497E+04
 54.5 5.79608E+04
 55.0 5.70827E+04
 55.5 5.62151E+04
 56.0 5.53582E+04
 56.5 5.45118E+04
 57.0 5.36759E+04
 57.5 5.28505E+04
 58.0 2.05767E+05
 58.5 5.12305E+04
 59.0 5.04358E+04
 59.5 3.20174E+05
 60.0 4.88761E+04
 60.5 4.81109E+04
 61.0 4.73553E+04
 61.5 4.66091E+04
 62.0 4.58722E+04
 62.5 4.51443E+04
 63.0 4.44254E+04
 63.5 4.37153E+04
 64.0 4.30138E+04
 64.5 4.23208E+04
 65.0 4.16361E+04
 65.5 4.09594E+04
 66.0 4.02907E+04
 66.5 3.96298E+04
 67.0 1.31203E+05
 67.5 3.83307E+04
 68.0 3.76922E+04
 68.5 3.70608E+04
 69.0 6.08640E+04
 69.5 3.46115E+04
 70.0 2.81119E+04
 70.5 2.77950E+04
 71.0 2.74750E+04
 71.5 2.71520E+04
 72.0 2.68260E+04
 72.5 2.64973E+04
 73.0 2.61658E+04
 73.5 2.58317E+04
 74.0 2.54950E+04
 74.5 2.51560E+04
 75.0 2.48146E+04
 75.5 2.44710E+04
 76.0 2.41252E+04
 76.5 2.37774E+04
 77.0 2.34276E+04
 77.5 2.30760E+04
 78.0 2.27225E+04
 78.5 2.23674E+04
 79.0 2.20106E+04
 79.5 2.16522E+04
 80.0 2.12924E+04
 80.5 2.09312E+04
 81.0 2.05686E+04
 81.5 2.02048E+04
 82.0 1.98399E+04
 82.5 1.94738E+04
 83.0 1.91067E+04
 83.5 1.87386E+04
 84.0 1.83696E+04
 84.5 1.79998E+04
 85.0 1.76292E+04
 85.5 1.72579E+04
 86.0 1.68860E+04
 86.5 1.65134E+04
 87.0 1.61404E+04
 87.5 1.57669E+04
 88.0 1.53930E+04
 88.5 1.50187E+04
 89.0 1.46442E+04
 89.5 1.42694E+04
 90.0 1.38944E+04
 90.5 1.35193E+04
 91.0 1.31442E+04
 91.5 1.27690E+04
 92.0 1.23939E+04
 92.5 1.20188E+04
 93.0 1.16439E+04
 93.5 1.12692E+04
 94.0 1.08947E+04
 94.5 1.05205E+04
 95.0 1.01466E+04
 95.5 9.77310E+03
 96.0 9.40004E+03
 96.5 9.02746E+03
 97.0 8.65542E+03
 97.5 8.28394E+03
 98.0 7.91307E+03
 98.5 7.54288E+03
 99.0 7.17339E+03
 99.5 6.80465E+03
100.0 6.43672E+03
100.5 6.06963E+03
101.0 5.70342E+03
101.5 5.33815E+03
102.0 4.97385E+03
102.5 4.61057E+03
103.0 4.24836E+03
103.5 3.88725E+03
104.0 3.52728E+03
104.5 3.16851E+03
105.0 2.81097E+03
105.5 2.45470E+03
106.0 2.09975E+03
106.5 1.74616E+03
107.0 1.39397E+03
107.5 1.04323E+03
108.0 6.93968E+02
108.5 3.46234E+02
109.0 2.88143E+01
