109K13D0W2
  0.5 0.00000E+00
  1.0 0.00000E+00
  1.5 0.00000E+00
  2.0 0.00000E+00
  2.5 0.00000E+00
  3.0 0.00000E+00
  3.5 2.19276E+04
  4.0 2.89876E+04
  4.5 3.63568E+04
  5.0 4.40227E+04
  5.5 5.19815E+04
  6.0 6.02340E+04
  6.5 6.87841E+04
  7.0 7.76402E+04
  7.5 8.68164E+04
  8.0 9.63349E+04
  8.5 1.12440E+06
  9.0 1.16522E+05
  9.5 1.06078E+06
 10.0 8.86818E+05
 10.5 5.41703E+04
 11.0 5.81665E+04
 11.5 1.23362E+05
 12.0 4.47229E+04
 12.5 4.16475E+04
 13.0 4.41873E+04
 13.5 4.67667E+04
 14.0 4.93866E+04
 14.5 5.20477E+04
 15.0 5.47503E+04
 15.5 5.74940E+04
 16.0 6.02770E+04
 16.5 6.30961E+04
 17.0 6.59454E+04
 17.5 6.88169E+04
 18.0 7.17000E+04
 18.5 7.45813E+04
 19.0 7.74459E+04
 19.5 8.02766E+04
 20.0 8.30557E+04
 20.5 8.57650E+04
 21.0 8.83865E+04
 21.5 9.09030E+04
 22.0 9.32989E+04
 22.5 9.55601E+04
 23.0 9.76748E+04
 23.5 9.96331E+04
 24.0 1.01428E+05
 24.5 1.03053E+05
 25.0 1.04506E+05
 25.5 1.05785E+05
 26.0 1.06892E+05
 26.5 1.07828E+05
 27.0 1.08597E+05
 27.5 1.09203E+05
 28.0 1.09654E+05
 28.5 1.09954E+05
 29.0 1.10112E+05
 29.5 1.10134E+05
 30.0 1.10029E+05
 30.5 1.09805E+05
 31.0 1.09470E+05
 31.5 1.09031E+05
 32.0 1.08497E+05
 32.5 1.07876E+05
 33.0 1.07174E+05
 33.5 1.06399E+05
 34.0 1.05559E+05
 34.5 1.04658E+05
 35.0 1.03704E+05
 35.5 1.02703E+05
 36.0 1.01659E+05
 36.5 1.00579E+05
 37.0 9.94658E+04
 37.5 9.83255E+04
 38.0 9.71616E+04
 38.5 9.59779E+04
 39.0 9.47782E+04
 39.5 9.35656E+04
 40.0 9.23430E+04
 40.5 9.11133E+04
 41.0 8.98789E+04
 41.5 8.86422E+04
 42.0 8.74051E+04
 42.5 8.61696E+04
 43.0 8.49373E+04
 43.5 8.37097E+04
 44.0 8.24883E+04
 44.5 8.12742E+04
 45.0 8.00685E+04
 45.5 7.88722E+04
 46.0 7.76861E+04
 46.5 7.65109E+04
 47.0 7.53473E+04
 47.5 7.41958E+04
 48.0 7.30569E+04
 48.5 7.19311E+04
 49.0 7.08185E+04
 49.5 6.97195E+04
 50.0 6.86343E+04
 50.5 6.75630E+04
 51.0 6.65058E+04
 51.5 6.54627E+04
 52.0 6.44337E+04
 52.5 6.34189E+04
 53.0 6.24182E+04
 53.5 6.14315E+04
 54.0 6.04588E+04
 54.5 5.94999E+04
 55.0 5.85548E+04
 55.5 5.76232E+04
 56.0 5.67050E+04
 56.5 5.58001E+04
 57.0 5.49082E+04
 57.5 5.40292E+04
 58.0 2.12659E+05
 58.5 5.23089E+04
 59.0 5.14672E+04
 59.5 3.30708E+05
 60.0 4.98197E+04
 60.5 4.90134E+04
 61.0 4.82184E+04
 61.5 4.74345E+04
 62.0 4.66615E+04
 62.5 4.58992E+04
 63.0 4.51472E+04
 63.5 4.44055E+04
 64.0 4.36737E+04
 64.5 4.29516E+04
 65.0 4.22390E+04
 65.5 4.15358E+04
 66.0 4.08416E+04
 66.5 4.01562E+04
 67.0 1.34053E+05
 67.5 3.88113E+04
 68.0 3.81512E+04
 68.5 3.74992E+04
 69.0 6.18571E+04
 69.5 3.51651E+04
 70.0 2.94001E+04
 70.5 2.90348E+04
 71.0 2.86676E+04
 71.5 2.82988E+04
 72.0 2.79284E+04
 72.5 2.75564E+04
 73.0 2.71829E+04
 73.5 2.68081E+04
 74.0 2.64320E+04
 74.5 2.60547E+04
 75.0 2.56762E+04
 75.5 2.52966E+04
 76.0 2.49160E+04
 76.5 2.45344E+04
 77.0 2.41520E+04
 77.5 2.37687E+04
 78.0 2.33847E+04
 78.5 2.30000E+04
 79.0 2.26146E+04
 79.5 2.22286E+04
 80.0 2.18421E+04
 80.5 2.14551E+04
 81.0 2.10677E+04
 81.5 2.06799E+04
 82.0 2.02918E+04
 82.5 1.99034E+04
 83.0 1.95148E+04
 83.5 1.91260E+04
 84.0 1.87371E+04
 84.5 1.83481E+04
 85.0 1.79590E+04
 85.5 1.75699E+04
 86.0 1.71809E+04
 86.5 1.67920E+04
 87.0 1.64032E+04
 87.5 1.60146E+04
 88.0 1.56262E+04
 88.5 1.52381E+04
 89.0 1.48503E+04
 89.5 1.44627E+04
 90.0 1.40756E+04
 90.5 1.36889E+04
 91.0 1.33026E+04
 91.5 1.29168E+04
 92.0 1.25315E+04
 92.5 1.21468E+04
 93.0 1.17627E+04
 93.5 1.13793E+04
 94.0 1.09965E+04
 94.5 1.06144E+04
 95.0 1.02330E+04
 95.5 9.85247E+03
 96.0 9.47273E+03
 96.5 9.09383E+03
 97.0 8.71581E+03
 97.5 8.33872E+03
 98.0 7.96259E+03
 98.5 7.58745E+03
 99.0 7.21333E+03
 99.5 6.84027E+03
100.0 6.46831E+03
100.5 6.09748E+03
101.0 5.72782E+03
101.5 5.35936E+03
102.0 4.99213E+03
102.5 4.62617E+03
103.0 4.26152E+03
103.5 3.89820E+03
104.0 3.53626E+03
104.5 3.17572E+03
105.0 2.81663E+03
105.5 2.45902E+03
106.0 2.10292E+03
106.5 1.74837E+03
107.0 1.39540E+03
107.5 1.04405E+03
108.0 6.94360E+02
108.5 3.46354E+02
109.0 2.88206E+01
