109K18D0W2
  0.5 0.00000E+00
  1.0 0.00000E+00
  1.5 0.00000E+00
  2.0 0.00000E+00
  2.5 0.00000E+00
  3.0 0.00000E+00
  3.5 3.32729E+04
  4.0 4.30651E+04
  4.5 5.33457E+04
  5.0 6.41152E+04
  5.5 7.53825E+04
  6.0 8.71645E+04
  6.5 9.94899E+04
  7.0 1.12404E+05
  7.5 1.25972E+05
  8.0 1.40270E+05
  8.5 2.37586E+06
  9.0 1.71198E+05
  9.5 1.81225E+06
 10.0 1.51074E+06
 10.5 7.84017E+04
 11.0 8.43110E+04
 11.5 2.45611E+05
 12.0 6.46663E+04
 12.5 6.01946E+04
 13.0 6.39196E+04
 13.5 6.77273E+04
 14.0 7.16173E+04
 14.5 7.55862E+04
 15.0 7.96260E+04
 15.5 8.37232E+04
 16.0 8.78586E+04
 16.5 9.20077E+04
 17.0 9.61410E+04
 17.5 1.00226E+05
 18.0 1.04229E+05
 18.5 1.08114E+05
 19.0 1.11848E+05
 19.5 1.15402E+05
 20.0 1.18747E+05
 20.5 1.21860E+05
 21.0 1.24723E+05
 21.5 1.27322E+05
 22.0 1.29647E+05
 22.5 1.31695E+05
 23.0 1.33464E+05
 23.5 1.34957E+05
 24.0 1.36179E+05
 24.5 1.37139E+05
 25.0 1.37846E+05
 25.5 1.38313E+05
 26.0 1.38552E+05
 26.5 1.38578E+05
 27.0 1.38403E+05
 27.5 1.38044E+05
 28.0 1.37514E+05
 28.5 1.36827E+05
 29.0 1.35998E+05
 29.5 1.35039E+05
 30.0 1.33963E+05
 30.5 1.32784E+05
 31.0 1.31511E+05
 31.5 1.30156E+05
 32.0 1.28730E+05
 32.5 1.27241E+05
 33.0 1.25698E+05
 33.5 1.24110E+05
 34.0 1.22484E+05
 34.5 1.20827E+05
 35.0 1.19145E+05
 35.5 1.17444E+05
 36.0 1.15728E+05
 36.5 1.14004E+05
 37.0 1.12274E+05
 37.5 1.10543E+05
 38.0 1.08815E+05
 38.5 1.07091E+05
 39.0 1.05376E+05
 39.5 1.03671E+05
 40.0 1.01979E+05
 40.5 1.00301E+05
 41.0 9.86392E+04
 41.5 9.69951E+04
 42.0 9.53698E+04
 42.5 9.37643E+04
 43.0 9.21795E+04
 43.5 9.06163E+04
 44.0 8.90750E+04
 44.5 8.75563E+04
 45.0 8.60605E+04
 45.5 8.45878E+04
 46.0 8.31386E+04
 46.5 8.17128E+04
 47.0 8.03105E+04
 47.5 7.89317E+04
 48.0 7.75763E+04
 48.5 7.62442E+04
 49.0 7.49350E+04
 49.5 7.36488E+04
 50.0 7.23852E+04
 50.5 7.11440E+04
 51.0 6.99247E+04
 51.5 6.87272E+04
 52.0 6.75510E+04
 52.5 6.63959E+04
 53.0 6.52613E+04
 53.5 6.41470E+04
 54.0 6.30525E+04
 54.5 6.19775E+04
 55.0 6.09216E+04
 55.5 5.98843E+04
 56.0 5.88652E+04
 56.5 5.78639E+04
 57.0 5.68801E+04
 57.5 5.59133E+04
 58.0 2.23775E+05
 58.5 5.40292E+04
 59.0 5.31111E+04
 59.5 3.47664E+05
 60.0 5.13207E+04
 60.5 5.04477E+04
 61.0 4.95889E+04
 61.5 4.87441E+04
 62.0 4.79129E+04
 62.5 4.70948E+04
 63.0 4.62896E+04
 63.5 4.54970E+04
 64.0 4.47165E+04
 64.5 4.39478E+04
 65.0 4.31907E+04
 65.5 4.24448E+04
 66.0 4.17098E+04
 66.5 4.09854E+04
 67.0 1.38581E+05
 67.5 3.95673E+04
 68.0 3.88731E+04
 68.5 3.81883E+04
 69.0 6.34273E+04
 69.5 3.60547E+04
 70.0 3.15413E+04
 70.5 3.10912E+04
 71.0 3.06419E+04
 71.5 3.01936E+04
 72.0 2.97462E+04
 72.5 2.92997E+04
 73.0 2.88542E+04
 73.5 2.84097E+04
 74.0 2.79661E+04
 74.5 2.75236E+04
 75.0 2.70821E+04
 75.5 2.66417E+04
 76.0 2.62023E+04
 76.5 2.57640E+04
 77.0 2.53267E+04
 77.5 2.48905E+04
 78.0 2.44555E+04
 78.5 2.40215E+04
 79.0 2.35886E+04
 79.5 2.31569E+04
 80.0 2.27262E+04
 80.5 2.22967E+04
 81.0 2.18684E+04
 81.5 2.14412E+04
 82.0 2.10151E+04
 82.5 2.05902E+04
 83.0 2.01665E+04
 83.5 1.97439E+04
 84.0 1.93226E+04
 84.5 1.89024E+04
 85.0 1.84834E+04
 85.5 1.80656E+04
 86.0 1.76490E+04
 86.5 1.72337E+04
 87.0 1.68196E+04
 87.5 1.64067E+04
 88.0 1.59950E+04
 88.5 1.55846E+04
 89.0 1.51755E+04
 89.5 1.47676E+04
 90.0 1.43611E+04
 90.5 1.39558E+04
 91.0 1.35518E+04
 91.5 1.31491E+04
 92.0 1.27478E+04
 92.5 1.23478E+04
 93.0 1.19491E+04
 93.5 1.15518E+04
 94.0 1.11559E+04
 94.5 1.07614E+04
 95.0 1.03682E+04
 95.5 9.97652E+03
 96.0 9.58624E+03
 96.5 9.19741E+03
 97.0 8.81003E+03
 97.5 8.42414E+03
 98.0 8.03974E+03
 98.5 7.65685E+03
 99.0 7.27549E+03
 99.5 6.89568E+03
100.0 6.51744E+03
100.5 6.14077E+03
101.0 5.76572E+03
101.5 5.39228E+03
102.0 5.02048E+03
102.5 4.65035E+03
103.0 4.28191E+03
103.5 3.91517E+03
104.0 3.55015E+03
104.5 3.18689E+03
105.0 2.82540E+03
105.5 2.46570E+03
106.0 2.10782E+03
106.5 1.75178E+03
107.0 1.39761E+03
107.5 1.04533E+03
108.0 6.94964E+02
108.5 3.46540E+02
109.0 2.88303E+01
