109K17D0W2
  0.5 0.00000E+00
  1.0 0.00000E+00
  1.5 0.00000E+00
  2.0 0.00000E+00
  2.5 0.00000E+00
  3.0 0.00000E+00
  3.5 3.09460E+04
  4.0 4.01801E+04
  4.5 4.98629E+04
  5.0 5.99922E+04
  5.5 7.05735E+04
  6.0 8.16195E+04
  6.5 9.31514E+04
  7.0 1.05204E+05
  7.5 1.17829E+05
  8.0 1.31091E+05
  8.5 2.11421E+06
  9.0 1.59710E+05
  9.5 1.66665E+06
 10.0 1.38977E+06
 10.5 7.33792E+04
 11.0 7.88786E+04
 11.5 2.19148E+05
 12.0 6.05377E+04
 12.5 5.63573E+04
 13.0 5.98300E+04
 13.5 6.33756E+04
 14.0 6.69948E+04
 14.5 7.06860E+04
 15.0 7.44448E+04
 15.5 7.82617E+04
 16.0 8.21231E+04
 16.5 8.60099E+04
 17.0 8.98987E+04
 17.5 9.37623E+04
 18.0 9.75711E+04
 18.5 1.01294E+05
 19.0 1.04901E+05
 19.5 1.08361E+05
 20.0 1.11649E+05
 20.5 1.14740E+05
 21.0 1.17615E+05
 21.5 1.20257E+05
 22.0 1.22655E+05
 22.5 1.24802E+05
 23.0 1.26692E+05
 23.5 1.28325E+05
 24.0 1.29705E+05
 24.5 1.30836E+05
 25.0 1.31726E+05
 25.5 1.32383E+05
 26.0 1.32819E+05
 26.5 1.33045E+05
 27.0 1.33074E+05
 27.5 1.32918E+05
 28.0 1.32590E+05
 28.5 1.32104E+05
 29.0 1.31471E+05
 29.5 1.30705E+05
 30.0 1.29819E+05
 30.5 1.28822E+05
 31.0 1.27728E+05
 31.5 1.26545E+05
 32.0 1.25285E+05
 32.5 1.23956E+05
 33.0 1.22568E+05
 33.5 1.21128E+05
 34.0 1.19643E+05
 34.5 1.18122E+05
 35.0 1.16569E+05
 35.5 1.14992E+05
 36.0 1.13395E+05
 36.5 1.11783E+05
 37.0 1.10160E+05
 37.5 1.08532E+05
 38.0 1.06901E+05
 38.5 1.05270E+05
 39.0 1.03643E+05
 39.5 1.02022E+05
 40.0 1.00409E+05
 40.5 9.88072E+04
 41.0 9.72176E+04
 41.5 9.56420E+04
 42.0 9.40817E+04
 42.5 9.25380E+04
 43.0 9.10120E+04
 43.5 8.95045E+04
 44.0 8.80162E+04
 44.5 8.65478E+04
 45.0 8.50999E+04
 45.5 8.36727E+04
 46.0 8.22667E+04
 46.5 8.08819E+04
 47.0 7.95187E+04
 47.5 7.81769E+04
 48.0 7.68568E+04
 48.5 7.55582E+04
 49.0 7.42810E+04
 49.5 7.30251E+04
 50.0 7.17904E+04
 50.5 7.05766E+04
 51.0 6.93834E+04
 51.5 6.82108E+04
 52.0 6.70583E+04
 52.5 6.59256E+04
 53.0 6.48126E+04
 53.5 6.37187E+04
 54.0 6.26437E+04
 54.5 6.15873E+04
 55.0 6.05490E+04
 55.5 5.95286E+04
 56.0 5.85256E+04
 56.5 5.75397E+04
 57.0 5.65705E+04
 57.5 5.56177E+04
 58.0 2.22023E+05
 58.5 5.37595E+04
 59.0 5.28535E+04
 59.5 3.44994E+05
 60.0 5.10857E+04
 60.5 5.02233E+04
 61.0 4.93746E+04
 61.5 4.85394E+04
 62.0 4.77173E+04
 62.5 4.69081E+04
 63.0 4.61113E+04
 63.5 4.53266E+04
 64.0 4.45538E+04
 64.5 4.37924E+04
 65.0 4.30423E+04
 65.5 4.23031E+04
 66.0 4.15745E+04
 66.5 4.08563E+04
 67.0 1.37872E+05
 67.5 3.94496E+04
 68.0 3.87608E+04
 68.5 3.80811E+04
 69.0 6.31822E+04
 69.5 3.59147E+04
 70.0 3.11985E+04
 70.5 3.07623E+04
 71.0 3.03265E+04
 71.5 2.98912E+04
 72.0 2.94563E+04
 72.5 2.90220E+04
 73.0 2.85882E+04
 73.5 2.81550E+04
 74.0 2.77224E+04
 74.5 2.72905E+04
 75.0 2.68592E+04
 75.5 2.64286E+04
 76.0 2.59986E+04
 76.5 2.55694E+04
 77.0 2.51410E+04
 77.5 2.47133E+04
 78.0 2.42864E+04
 78.5 2.38603E+04
 79.0 2.34351E+04
 79.5 2.30106E+04
 80.0 2.25870E+04
 80.5 2.21643E+04
 81.0 2.17425E+04
 81.5 2.13216E+04
 82.0 2.09015E+04
 82.5 2.04824E+04
 83.0 2.00643E+04
 83.5 1.96471E+04
 84.0 1.92308E+04
 84.5 1.88156E+04
 85.0 1.84013E+04
 85.5 1.79881E+04
 86.0 1.75758E+04
 86.5 1.71647E+04
 87.0 1.67545E+04
 87.5 1.63455E+04
 88.0 1.59375E+04
 88.5 1.55306E+04
 89.0 1.51248E+04
 89.5 1.47201E+04
 90.0 1.43166E+04
 90.5 1.39142E+04
 91.0 1.35130E+04
 91.5 1.31130E+04
 92.0 1.27141E+04
 92.5 1.23165E+04
 93.0 1.19201E+04
 93.5 1.15250E+04
 94.0 1.11311E+04
 94.5 1.07385E+04
 95.0 1.03473E+04
 95.5 9.95728E+03
 96.0 9.56863E+03
 96.5 9.18135E+03
 97.0 8.79543E+03
 97.5 8.41090E+03
 98.0 8.02779E+03
 98.5 7.64611E+03
 99.0 7.26587E+03
 99.5 6.88711E+03
100.0 6.50984E+03
100.5 6.13408E+03
101.0 5.75986E+03
101.5 5.38719E+03
102.0 5.01610E+03
102.5 4.64662E+03
103.0 4.27876E+03
103.5 3.91255E+03
104.0 3.54801E+03
104.5 3.18517E+03
105.0 2.82404E+03
105.5 2.46467E+03
106.0 2.10706E+03
106.5 1.75126E+03
107.0 1.39727E+03
107.5 1.04513E+03
108.0 6.94871E+02
108.5 3.46512E+02
109.0 2.88288E+01
