109K22D0W2
  0.5 0.00000E+00
  1.0 0.00000E+00
  1.5 0.00000E+00
  2.0 0.00000E+00
  2.5 0.00000E+00
  3.0 0.00000E+00
  3.5 4.29144E+04
  4.0 5.50183E+04
  4.5 6.77887E+04
  5.0 8.12401E+04
  5.5 9.53999E+04
  6.0 1.10314E+05
  6.5 1.26056E+05
  7.0 1.42733E+05
  7.5 1.60470E+05
  8.0 1.79339E+05
  8.5 3.42931E+06
  9.0 2.20058E+05
  9.5 2.36142E+06
 10.0 1.96738E+06
 10.5 9.95728E+04
 11.0 1.07275E+05
 11.5 3.56735E+05
 12.0 8.20372E+04
 12.5 7.63257E+04
 13.0 8.11472E+04
 13.5 8.60884E+04
 14.0 9.11376E+04
 14.5 9.62734E+04
 15.0 1.01466E+05
 15.5 1.06675E+05
 16.0 1.11856E+05
 16.5 1.16959E+05
 17.0 1.21931E+05
 17.5 1.26723E+05
 18.0 1.31287E+05
 18.5 1.35581E+05
 19.0 1.39571E+05
 19.5 1.43227E+05
 20.0 1.46529E+05
 20.5 1.49465E+05
 21.0 1.52026E+05
 21.5 1.54213E+05
 22.0 1.56031E+05
 22.5 1.57488E+05
 23.0 1.58598E+05
 23.5 1.59376E+05
 24.0 1.59840E+05
 24.5 1.60010E+05
 25.0 1.59906E+05
 25.5 1.59548E+05
 26.0 1.58957E+05
 26.5 1.58154E+05
 27.0 1.57158E+05
 27.5 1.55989E+05
 28.0 1.54665E+05
 28.5 1.53203E+05
 29.0 1.51620E+05
 29.5 1.49931E+05
 30.0 1.48150E+05
 30.5 1.46290E+05
 31.0 1.44363E+05
 31.5 1.42381E+05
 32.0 1.40354E+05
 32.5 1.38290E+05
 33.0 1.36198E+05
 33.5 1.34086E+05
 34.0 1.31961E+05
 34.5 1.29828E+05
 35.0 1.27694E+05
 35.5 1.25562E+05
 36.0 1.23438E+05
 36.5 1.21326E+05
 37.0 1.19228E+05
 37.5 1.17147E+05
 38.0 1.15087E+05
 38.5 1.13049E+05
 39.0 1.11036E+05
 39.5 1.09048E+05
 40.0 1.07088E+05
 40.5 1.05156E+05
 41.0 1.03254E+05
 41.5 1.01382E+05
 42.0 9.95400E+04
 42.5 9.77294E+04
 43.0 9.59503E+04
 43.5 9.42027E+04
 44.0 9.24867E+04
 44.5 9.08023E+04
 45.0 8.91493E+04
 45.5 8.75277E+04
 46.0 8.59369E+04
 46.5 8.43770E+04
 47.0 8.28473E+04
 47.5 8.13477E+04
 48.0 7.98775E+04
 48.5 7.84363E+04
 49.0 7.70237E+04
 49.5 7.56392E+04
 50.0 7.42822E+04
 50.5 7.29521E+04
 51.0 7.16484E+04
 51.5 7.03707E+04
 52.0 6.91182E+04
 52.5 6.78904E+04
 53.0 6.66868E+04
 53.5 6.55068E+04
 54.0 6.43498E+04
 54.5 6.32153E+04
 55.0 6.21026E+04
 55.5 6.10113E+04
 56.0 5.99408E+04
 56.5 5.88905E+04
 57.0 5.78600E+04
 57.5 5.68486E+04
 58.0 2.29337E+05
 58.5 5.48816E+04
 59.0 5.39248E+04
 59.5 3.56133E+05
 60.0 5.20625E+04
 60.5 5.11559E+04
 61.0 5.02652E+04
 61.5 4.93899E+04
 62.0 4.85294E+04
 62.5 4.76835E+04
 63.0 4.68517E+04
 63.5 4.60336E+04
 64.0 4.52289E+04
 64.5 4.44370E+04
 65.0 4.36577E+04
 65.5 4.28906E+04
 66.0 4.21354E+04
 66.5 4.13916E+04
 67.0 1.40816E+05
 67.5 3.99373E+04
 68.0 3.92262E+04
 68.5 3.85252E+04
 69.0 6.41989E+04
 69.5 3.64988E+04
 70.0 3.26421E+04
 70.5 3.21465E+04
 71.0 3.16533E+04
 71.5 3.11625E+04
 72.0 3.06741E+04
 72.5 3.01882E+04
 73.0 2.97046E+04
 73.5 2.92233E+04
 74.0 2.87443E+04
 74.5 2.82676E+04
 75.0 2.77932E+04
 75.5 2.73210E+04
 76.0 2.68510E+04
 76.5 2.63831E+04
 77.0 2.59175E+04
 77.5 2.54540E+04
 78.0 2.49925E+04
 78.5 2.45332E+04
 79.0 2.40760E+04
 79.5 2.36208E+04
 80.0 2.31676E+04
 80.5 2.27164E+04
 81.0 2.22671E+04
 81.5 2.18199E+04
 82.0 2.13746E+04
 82.5 2.09312E+04
 83.0 2.04897E+04
 83.5 2.00501E+04
 84.0 1.96123E+04
 84.5 1.91765E+04
 85.0 1.87424E+04
 85.5 1.83102E+04
 86.0 1.78799E+04
 86.5 1.74513E+04
 87.0 1.70245E+04
 87.5 1.65995E+04
 88.0 1.61763E+04
 88.5 1.57548E+04
 89.0 1.53351E+04
 89.5 1.49171E+04
 90.0 1.45009E+04
 90.5 1.40864E+04
 91.0 1.36737E+04
 91.5 1.32627E+04
 92.0 1.28534E+04
 92.5 1.24459E+04
 93.0 1.20400E+04
 93.5 1.16360E+04
 94.0 1.12336E+04
 94.5 1.08329E+04
 95.0 1.04340E+04
 95.5 1.00369E+04
 96.0 9.64143E+03
 96.5 9.24773E+03
 97.0 8.85579E+03
 97.5 8.46560E+03
 98.0 8.07716E+03
 98.5 7.69050E+03
 99.0 7.30562E+03
 99.5 6.92252E+03
100.0 6.54122E+03
100.5 6.16172E+03
101.0 5.78404E+03
101.5 5.40819E+03
102.0 5.03419E+03
102.5 4.66204E+03
103.0 4.29176E+03
103.5 3.92336E+03
104.0 3.55686E+03
104.5 3.19227E+03
105.0 2.82962E+03
105.5 2.46892E+03
106.0 2.11018E+03
106.5 1.75342E+03
107.0 1.39867E+03
107.5 1.04594E+03
108.0 6.95255E+02
108.5 3.46630E+02
109.0 2.88349E+01
