110K08D0W2
  0.5 0.00000E+00
  1.0 0.00000E+00
  1.5 0.00000E+00
  2.0 0.00000E+00
  2.5 0.00000E+00
  3.0 0.00000E+00
  3.5 1.11658E+04
  4.0 1.55431E+04
  4.5 2.01077E+04
  5.0 2.48272E+04
  5.5 2.96881E+04
  6.0 3.46839E+04
  6.5 3.98107E+04
  7.0 4.50663E+04
  7.5 5.04492E+04
  8.0 5.59593E+04
  8.5 2.33230E+05
  9.0 6.73679E+04
  9.5 3.37857E+05
 10.0 2.87094E+05
 10.5 3.15274E+04
 11.0 3.38742E+04
 11.5 4.22449E+04
 12.0 2.60470E+04
 12.5 2.42594E+04
 13.0 2.57629E+04
 13.5 2.72804E+04
 14.0 2.88119E+04
 14.5 3.03569E+04
 15.0 3.19154E+04
 15.5 3.34872E+04
 16.0 3.50722E+04
 16.5 3.66701E+04
 17.0 3.82806E+04
 17.5 3.99037E+04
 18.0 4.15388E+04
 18.5 4.31851E+04
 19.0 4.48418E+04
 19.5 4.65071E+04
 20.0 4.81791E+04
 20.5 4.98548E+04
 21.0 5.15308E+04
 21.5 5.32027E+04
 22.0 5.48657E+04
 22.5 5.65141E+04
 23.0 5.81419E+04
 23.5 5.97426E+04
 24.0 6.13096E+04
 24.5 6.28361E+04
 25.0 6.43157E+04
 25.5 6.57418E+04
 26.0 6.71087E+04
 26.5 6.84109E+04
 27.0 6.96437E+04
 27.5 7.08029E+04
 28.0 7.18851E+04
 28.5 7.28875E+04
 29.0 7.38081E+04
 29.5 7.46458E+04
 30.0 7.53995E+04
 30.5 7.60696E+04
 31.0 7.66564E+04
 31.5 7.71609E+04
 32.0 7.75846E+04
 32.5 7.79295E+04
 33.0 7.81977E+04
 33.5 7.83919E+04
 34.0 7.85145E+04
 34.5 7.85688E+04
 35.0 7.85576E+04
 35.5 7.84841E+04
 36.0 7.83516E+04
 36.5 7.81633E+04
 37.0 7.79225E+04
 37.5 7.76323E+04
 38.0 7.72960E+04
 38.5 7.69166E+04
 39.0 7.64971E+04
 39.5 7.60406E+04
 40.0 7.55497E+04
 40.5 7.50274E+04
 41.0 7.44760E+04
 41.5 7.38983E+04
 42.0 7.32964E+04
 42.5 7.26727E+04
 43.0 7.20294E+04
 43.5 7.13683E+04
 44.0 7.06915E+04
 44.5 7.00007E+04
 45.0 6.92976E+04
 45.5 6.85838E+04
 46.0 6.78607E+04
 46.5 6.71297E+04
 47.0 6.63921E+04
 47.5 6.56490E+04
 48.0 6.49016E+04
 48.5 6.41508E+04
 49.0 6.33977E+04
 49.5 6.26430E+04
 50.0 6.18876E+04
 50.5 6.11322E+04
 51.0 6.03775E+04
 51.5 5.96240E+04
 52.0 5.88724E+04
 52.5 5.81230E+04
 53.0 5.73765E+04
 53.5 5.66332E+04
 54.0 5.58934E+04
 54.5 5.51576E+04
 55.0 5.44259E+04
 55.5 5.36987E+04
 56.0 5.29762E+04
 56.5 5.22587E+04
 57.0 5.15462E+04
 57.5 5.08389E+04
 58.0 1.95477E+05
 58.5 4.94405E+04
 59.0 4.87496E+04
 59.5 3.05267E+05
 60.0 4.73847E+04
 60.5 4.67109E+04
 61.0 4.60428E+04
 61.5 4.53804E+04
 62.0 4.47238E+04
 62.5 4.40730E+04
 63.0 4.34280E+04
 63.5 4.27886E+04
 64.0 4.21550E+04
 64.5 4.15269E+04
 65.0 4.09045E+04
 65.5 4.02877E+04
 66.0 3.96763E+04
 66.5 3.90704E+04
 67.0 1.28400E+05
 67.5 3.78746E+04
 68.0 3.72846E+04
 68.5 3.66997E+04
 69.0 6.00582E+04
 69.5 3.39477E+04
 70.0 2.55709E+04
 70.5 2.53605E+04
 71.0 2.51447E+04
 71.5 2.49235E+04
 72.0 2.46972E+04
 72.5 2.44657E+04
 73.0 2.42292E+04
 73.5 2.39879E+04
 74.0 2.37419E+04
 74.5 2.34911E+04
 75.0 2.32359E+04
 75.5 2.29763E+04
 76.0 2.27123E+04
 76.5 2.24442E+04
 77.0 2.21720E+04
 77.5 2.18958E+04
 78.0 2.16158E+04
 78.5 2.13320E+04
 79.0 2.10446E+04
 79.5 2.07537E+04
 80.0 2.04594E+04
 80.5 2.01618E+04
 81.0 1.98610E+04
 81.5 1.95571E+04
 82.0 1.92503E+04
 82.5 1.89405E+04
 83.0 1.86280E+04
 83.5 1.83128E+04
 84.0 1.79950E+04
 84.5 1.76747E+04
 85.0 1.73521E+04
 85.5 1.70271E+04
 86.0 1.67000E+04
 86.5 1.63708E+04
 87.0 1.60395E+04
 87.5 1.57064E+04
 88.0 1.53714E+04
 88.5 1.50347E+04
 89.0 1.46964E+04
 89.5 1.43564E+04
 90.0 1.40150E+04
 90.5 1.36723E+04
 91.0 1.33282E+04
 91.5 1.29828E+04
 92.0 1.26364E+04
 92.5 1.22888E+04
 93.0 1.19403E+04
 93.5 1.15909E+04
 94.0 1.12406E+04
 94.5 1.08896E+04
 95.0 1.05378E+04
 95.5 1.01855E+04
 96.0 9.83262E+03
 96.5 9.47927E+03
 97.0 9.12553E+03
 97.5 8.77145E+03
 98.0 8.41712E+03
 98.5 8.06259E+03
 99.0 7.70794E+03
 99.5 7.35323E+03
100.0 6.99852E+03
100.5 6.64388E+03
101.0 6.28938E+03
101.5 5.93507E+03
102.0 5.58103E+03
102.5 5.22730E+03
103.0 4.87396E+03
103.5 4.52106E+03
104.0 4.16866E+03
104.5 3.81683E+03
105.0 3.46561E+03
105.5 3.11507E+03
106.0 2.76527E+03
106.5 2.41626E+03
107.0 2.06810E+03
107.5 1.72084E+03
108.0 1.37455E+03
108.5 1.02927E+03
109.0 6.85053E+02
109.5 3.41964E+02
110.0 2.84678E+01
