110K07D0W2
  0.5 0.00000E+00
  1.0 0.00000E+00
  1.5 0.00000E+00
  2.0 0.00000E+00
  2.5 0.00000E+00
  3.0 0.00000E+00
  3.5 9.14771E+03
  4.0 1.29906E+04
  4.5 1.70079E+04
  5.0 2.11602E+04
  5.5 2.54307E+04
  6.0 2.98117E+04
  6.5 3.42984E+04
  7.0 3.88878E+04
  7.5 4.35777E+04
  8.0 4.83667E+04
  8.5 1.42933E+05
  9.0 5.82413E+04
  9.5 2.30152E+05
 10.0 1.97493E+05
 10.5 2.72289E+04
 11.0 2.92739E+04
 11.5 3.33069E+04
 12.0 2.24945E+04
 12.5 2.09490E+04
 13.0 2.22610E+04
 13.5 2.35836E+04
 14.0 2.49166E+04
 14.5 2.62597E+04
 15.0 2.76126E+04
 15.5 2.89752E+04
 16.0 3.03471E+04
 16.5 3.17281E+04
 17.0 3.31180E+04
 17.5 3.45166E+04
 18.0 3.59235E+04
 18.5 3.73383E+04
 19.0 3.87607E+04
 19.5 4.01898E+04
 20.0 4.16248E+04
 20.5 4.30643E+04
 21.0 4.45065E+04
 21.5 4.59494E+04
 22.0 4.73901E+04
 22.5 4.88254E+04
 23.0 5.02517E+04
 23.5 5.16648E+04
 24.0 5.30601E+04
 24.5 5.44329E+04
 25.0 5.57781E+04
 25.5 5.70908E+04
 26.0 5.83659E+04
 26.5 5.95986E+04
 27.0 6.07843E+04
 27.5 6.19188E+04
 28.0 6.29983E+04
 28.5 6.40192E+04
 29.0 6.49787E+04
 29.5 6.58745E+04
 30.0 6.67045E+04
 30.5 6.74676E+04
 31.0 6.81626E+04
 31.5 6.87894E+04
 32.0 6.93479E+04
 32.5 6.98385E+04
 33.0 7.02621E+04
 33.5 7.06199E+04
 34.0 7.09132E+04
 34.5 7.11438E+04
 35.0 7.13136E+04
 35.5 7.14246E+04
 36.0 7.14792E+04
 36.5 7.14796E+04
 37.0 7.14282E+04
 37.5 7.13276E+04
 38.0 7.11801E+04
 38.5 7.09884E+04
 39.0 7.07549E+04
 39.5 7.04821E+04
 40.0 7.01724E+04
 40.5 6.98282E+04
 41.0 6.94518E+04
 41.5 6.90455E+04
 42.0 6.86113E+04
 42.5 6.81515E+04
 43.0 6.76680E+04
 43.5 6.71627E+04
 44.0 6.66375E+04
 44.5 6.60941E+04
 45.0 6.55341E+04
 45.5 6.49592E+04
 46.0 6.43708E+04
 46.5 6.37703E+04
 47.0 6.31590E+04
 47.5 6.25382E+04
 48.0 6.19090E+04
 48.5 6.12725E+04
 49.0 6.06298E+04
 49.5 5.99817E+04
 50.0 5.93291E+04
 50.5 5.86730E+04
 51.0 5.80140E+04
 51.5 5.73528E+04
 52.0 5.66901E+04
 52.5 5.60265E+04
 53.0 5.53625E+04
 53.5 5.46988E+04
 54.0 5.40356E+04
 54.5 5.33735E+04
 55.0 5.27128E+04
 55.5 5.20540E+04
 56.0 5.13972E+04
 56.5 5.07429E+04
 57.0 5.00912E+04
 57.5 4.94425E+04
 58.0 1.87358E+05
 58.5 4.81546E+04
 59.0 4.75158E+04
 59.5 2.92765E+05
 60.0 4.62492E+04
 60.5 4.56217E+04
 61.0 4.49981E+04
 61.5 4.43786E+04
 62.0 4.37632E+04
 62.5 4.31519E+04
 63.0 4.25449E+04
 63.5 4.19421E+04
 64.0 4.13436E+04
 64.5 4.07494E+04
 65.0 4.01595E+04
 65.5 3.95738E+04
 66.0 3.89925E+04
 66.5 3.84154E+04
 67.0 1.24888E+05
 67.5 3.72740E+04
 68.0 3.67096E+04
 68.5 3.61493E+04
 69.0 5.88203E+04
 69.5 3.32931E+04
 70.0 2.41965E+04
 70.5 2.40294E+04
 71.0 2.38563E+04
 71.5 2.36770E+04
 72.0 2.34918E+04
 72.5 2.33008E+04
 73.0 2.31040E+04
 73.5 2.29015E+04
 74.0 2.26935E+04
 74.5 2.24801E+04
 75.0 2.22613E+04
 75.5 2.20373E+04
 76.0 2.18082E+04
 76.5 2.15741E+04
 77.0 2.13351E+04
 77.5 2.10914E+04
 78.0 2.08430E+04
 78.5 2.05901E+04
 79.0 2.03327E+04
 79.5 2.00711E+04
 80.0 1.98052E+04
 80.5 1.95353E+04
 81.0 1.92614E+04
 81.5 1.89836E+04
 82.0 1.87021E+04
 82.5 1.84170E+04
 83.0 1.81283E+04
 83.5 1.78363E+04
 84.0 1.75409E+04
 84.5 1.72424E+04
 85.0 1.69408E+04
 85.5 1.66362E+04
 86.0 1.63287E+04
 86.5 1.60185E+04
 87.0 1.57056E+04
 87.5 1.53902E+04
 88.0 1.50723E+04
 88.5 1.47521E+04
 89.0 1.44296E+04
 89.5 1.41049E+04
 90.0 1.37782E+04
 90.5 1.34495E+04
 91.0 1.31189E+04
 91.5 1.27866E+04
 92.0 1.24526E+04
 92.5 1.21170E+04
 93.0 1.17799E+04
 93.5 1.14414E+04
 94.0 1.11016E+04
 94.5 1.07605E+04
 95.0 1.04183E+04
 95.5 1.00750E+04
 96.0 9.73069E+03
 96.5 9.38551E+03
 97.0 9.03952E+03
 97.5 8.69278E+03
 98.0 8.34539E+03
 98.5 7.99741E+03
 99.0 7.64893E+03
 99.5 7.30002E+03
100.0 6.95076E+03
100.5 6.60123E+03
101.0 6.25148E+03
101.5 5.90161E+03
102.0 5.55167E+03
102.5 5.20175E+03
103.0 4.85191E+03
103.5 4.50222E+03
104.0 4.15274E+03
104.5 3.80356E+03
105.0 3.45472E+03
105.5 3.10631E+03
106.0 2.75838E+03
106.5 2.41100E+03
107.0 2.06424E+03
107.5 1.71815E+03
108.0 1.37280E+03
108.5 1.02826E+03
109.0 6.84573E+02
109.5 3.41816E+02
110.0 2.84601E+01
