110K09D0W2
  0.5 0.00000E+00
  1.0 0.00000E+00
  1.5 0.00000E+00
  2.0 0.00000E+00
  2.5 0.00000E+00
  3.0 0.00000E+00
  3.5 1.32222E+04
  4.0 1.81283E+04
  4.5 2.32393E+04
  5.0 2.85284E+04
  5.5 3.39846E+04
  6.0 3.96024E+04
  6.5 4.53791E+04
  7.0 5.13131E+04
  7.5 5.74046E+04
  8.0 6.36553E+04
  8.5 3.54660E+05
  9.0 7.66529E+04
  9.5 4.62389E+05
 10.0 3.90508E+05
 10.5 3.58743E+04
 11.0 3.85300E+04
 11.5 5.34480E+04
 12.0 2.96382E+04
 12.5 2.76054E+04
 13.0 2.93043E+04
 13.5 3.10212E+04
 14.0 3.27561E+04
 14.5 3.45086E+04
 15.0 3.62790E+04
 15.5 3.80669E+04
 16.0 3.98724E+04
 16.5 4.16954E+04
 17.0 4.35356E+04
 17.5 4.53924E+04
 18.0 4.72650E+04
 18.5 4.91517E+04
 19.0 5.10505E+04
 19.5 5.29580E+04
 20.0 5.48702E+04
 20.5 5.67820E+04
 21.0 5.86874E+04
 21.5 6.05793E+04
 22.0 6.24501E+04
 22.5 6.42916E+04
 23.0 6.60953E+04
 23.5 6.78526E+04
 24.0 6.95551E+04
 24.5 7.11947E+04
 25.0 7.27640E+04
 25.5 7.42560E+04
 26.0 7.56648E+04
 26.5 7.69853E+04
 27.0 7.82131E+04
 27.5 7.93452E+04
 28.0 8.03791E+04
 28.5 8.13134E+04
 29.0 8.21475E+04
 29.5 8.28819E+04
 30.0 8.35171E+04
 30.5 8.40550E+04
 31.0 8.44975E+04
 31.5 8.48474E+04
 32.0 8.51076E+04
 32.5 8.52815E+04
 33.0 8.53725E+04
 33.5 8.53847E+04
 34.0 8.53217E+04
 34.5 8.51878E+04
 35.0 8.49868E+04
 35.5 8.47229E+04
 36.0 8.44001E+04
 36.5 8.40224E+04
 37.0 8.35936E+04
 37.5 8.31175E+04
 38.0 8.25978E+04
 38.5 8.20379E+04
 39.0 8.14413E+04
 39.5 8.08111E+04
 40.0 8.01505E+04
 40.5 7.94624E+04
 41.0 7.87494E+04
 41.5 7.80143E+04
 42.0 7.72595E+04
 42.5 7.64874E+04
 43.0 7.56999E+04
 43.5 7.48992E+04
 44.0 7.40872E+04
 44.5 7.32656E+04
 45.0 7.24361E+04
 45.5 7.16001E+04
 46.0 7.07590E+04
 46.5 6.99142E+04
 47.0 6.90668E+04
 47.5 6.82179E+04
 48.0 6.73685E+04
 48.5 6.65196E+04
 49.0 6.56718E+04
 49.5 6.48261E+04
 50.0 6.39831E+04
 50.5 6.31434E+04
 51.0 6.23076E+04
 51.5 6.14762E+04
 52.0 6.06496E+04
 52.5 5.98283E+04
 53.0 5.90125E+04
 53.5 5.82026E+04
 54.0 5.73990E+04
 54.5 5.66017E+04
 55.0 5.58111E+04
 55.5 5.50272E+04
 56.0 5.42503E+04
 56.5 5.34805E+04
 57.0 5.27177E+04
 57.5 5.19622E+04
 58.0 2.02064E+05
 58.5 5.04731E+04
 59.0 4.97395E+04
 59.5 3.15393E+05
 60.0 4.82943E+04
 60.5 4.75827E+04
 61.0 4.68783E+04
 61.5 4.61811E+04
 62.0 4.54910E+04
 62.5 4.48081E+04
 63.0 4.41322E+04
 63.5 4.34633E+04
 64.0 4.28012E+04
 64.5 4.21458E+04
 65.0 4.14972E+04
 65.5 4.08552E+04
 66.0 4.02197E+04
 66.5 3.95905E+04
 67.0 1.31211E+05
 67.5 3.83511E+04
 68.0 3.77405E+04
 68.5 3.71359E+04
 69.0 6.10446E+04
 69.5 3.44756E+04
 70.0 2.67150E+04
 70.5 2.64666E+04
 71.0 2.62135E+04
 71.5 2.59558E+04
 72.0 2.56938E+04
 72.5 2.54274E+04
 73.0 2.51568E+04
 73.5 2.48821E+04
 74.0 2.46034E+04
 74.5 2.43209E+04
 75.0 2.40346E+04
 75.5 2.37446E+04
 76.0 2.34512E+04
 76.5 2.31543E+04
 77.0 2.28541E+04
 77.5 2.25506E+04
 78.0 2.22441E+04
 78.5 2.19345E+04
 79.0 2.16221E+04
 79.5 2.13068E+04
 80.0 2.09889E+04
 80.5 2.06683E+04
 81.0 2.03453E+04
 81.5 2.00198E+04
 82.0 1.96920E+04
 82.5 1.93619E+04
 83.0 1.90298E+04
 83.5 1.86956E+04
 84.0 1.83594E+04
 84.5 1.80214E+04
 85.0 1.76816E+04
 85.5 1.73400E+04
 86.0 1.69969E+04
 86.5 1.66522E+04
 87.0 1.63061E+04
 87.5 1.59586E+04
 88.0 1.56098E+04
 88.5 1.52598E+04
 89.0 1.49087E+04
 89.5 1.45565E+04
 90.0 1.42033E+04
 90.5 1.38492E+04
 91.0 1.34942E+04
 91.5 1.31384E+04
 92.0 1.27820E+04
 92.5 1.24249E+04
 93.0 1.20672E+04
 93.5 1.17091E+04
 94.0 1.13505E+04
 94.5 1.09915E+04
 95.0 1.06322E+04
 95.5 1.02727E+04
 96.0 9.91299E+03
 96.5 9.55317E+03
 97.0 9.19327E+03
 97.5 8.83339E+03
 98.0 8.47356E+03
 98.5 8.11385E+03
 99.0 7.75432E+03
 99.5 7.39502E+03
100.0 7.03602E+03
100.5 6.67736E+03
101.0 6.31911E+03
101.5 5.96132E+03
102.0 5.60403E+03
102.5 5.24732E+03
103.0 4.89123E+03
103.5 4.53581E+03
104.0 4.18112E+03
104.5 3.82721E+03
105.0 3.47412E+03
105.5 3.12192E+03
106.0 2.77066E+03
106.5 2.42037E+03
107.0 2.07112E+03
107.5 1.72295E+03
108.0 1.37591E+03
108.5 1.03005E+03
109.0 6.85427E+02
109.5 3.42079E+02
110.0 2.84738E+01
