110K10D0W2
  0.5 0.00000E+00
  1.0 0.00000E+00
  1.5 0.00000E+00
  2.0 0.00000E+00
  2.5 0.00000E+00
  3.0 0.00000E+00
  3.5 1.53108E+04
  4.0 2.07431E+04
  4.5 2.64017E+04
  5.0 3.22643E+04
  5.5 3.83217E+04
  6.0 4.45700E+04
  6.5 5.10071E+04
  7.0 5.76333E+04
  7.5 6.44504E+04
  8.0 7.14630E+04
  8.5 5.05494E+05
  9.0 8.61109E+04
  9.5 5.99219E+05
 10.0 5.04032E+05
 10.5 4.02734E+04
 11.0 4.32454E+04
 11.5 6.70291E+04
 12.0 3.32712E+04
 12.5 3.09895E+04
 13.0 3.28882E+04
 13.5 3.48094E+04
 14.0 3.67531E+04
 14.5 3.87193E+04
 15.0 4.07082E+04
 15.5 4.27198E+04
 16.0 4.47541E+04
 16.5 4.68110E+04
 17.0 4.88898E+04
 17.5 5.09893E+04
 18.0 5.31076E+04
 18.5 5.52415E+04
 19.0 5.73869E+04
 19.5 5.95381E+04
 20.0 6.16883E+04
 20.5 6.38293E+04
 21.0 6.59522E+04
 21.5 6.80468E+04
 22.0 7.01029E+04
 22.5 7.21096E+04
 23.0 7.40566E+04
 23.5 7.59336E+04
 24.0 7.77311E+04
 24.5 7.94404E+04
 25.0 8.10540E+04
 25.5 8.25652E+04
 26.0 8.39688E+04
 26.5 8.52605E+04
 27.0 8.64375E+04
 27.5 8.74980E+04
 28.0 8.84414E+04
 28.5 8.92679E+04
 29.0 8.99786E+04
 29.5 9.05757E+04
 30.0 9.10618E+04
 30.5 9.14402E+04
 31.0 9.17145E+04
 31.5 9.18892E+04
 32.0 9.19684E+04
 32.5 9.19569E+04
 33.0 9.18596E+04
 33.5 9.16814E+04
 34.0 9.14271E+04
 34.5 9.11018E+04
 35.0 9.07102E+04
 35.5 9.02571E+04
 36.0 8.97472E+04
 36.5 8.91850E+04
 37.0 8.85747E+04
 37.5 8.79206E+04
 38.0 8.72267E+04
 38.5 8.64966E+04
 39.0 8.57340E+04
 39.5 8.49422E+04
 40.0 8.41245E+04
 40.5 8.32839E+04
 41.0 8.24231E+04
 41.5 8.15448E+04
 42.0 8.06514E+04
 42.5 7.97452E+04
 43.0 7.88284E+04
 43.5 7.79029E+04
 44.0 7.69704E+04
 44.5 7.60328E+04
 45.0 7.50914E+04
 45.5 7.41477E+04
 46.0 7.32031E+04
 46.5 7.22586E+04
 47.0 7.13153E+04
 47.5 7.03743E+04
 48.0 6.94364E+04
 48.5 6.85024E+04
 49.0 6.75730E+04
 49.5 6.66489E+04
 50.0 6.57306E+04
 50.5 6.48186E+04
 51.0 6.39135E+04
 51.5 6.30155E+04
 52.0 6.21250E+04
 52.5 6.12424E+04
 53.0 6.03679E+04
 53.5 5.95016E+04
 54.0 5.86439E+04
 54.5 5.77948E+04
 55.0 5.69544E+04
 55.5 5.61228E+04
 56.0 5.53002E+04
 56.5 5.44864E+04
 57.0 5.36816E+04
 57.5 5.28858E+04
 58.0 2.07516E+05
 58.5 5.13208E+04
 59.0 5.05516E+04
 59.5 3.23761E+05
 60.0 4.90396E+04
 60.5 4.82965E+04
 61.0 4.75620E+04
 61.5 4.68359E+04
 62.0 4.61182E+04
 62.5 4.54086E+04
 63.0 4.47072E+04
 63.5 4.40138E+04
 64.0 4.33282E+04
 64.5 4.26504E+04
 65.0 4.19802E+04
 65.5 4.13174E+04
 66.0 4.06620E+04
 66.5 4.00138E+04
 67.0 1.33513E+05
 67.5 3.87384E+04
 68.0 3.81110E+04
 68.5 3.74903E+04
 69.0 6.18493E+04
 69.5 3.49107E+04
 70.0 2.76815E+04
 70.5 2.73997E+04
 71.0 2.71139E+04
 71.5 2.68244E+04
 72.0 2.65312E+04
 72.5 2.62344E+04
 73.0 2.59342E+04
 73.5 2.56307E+04
 74.0 2.53238E+04
 74.5 2.50139E+04
 75.0 2.47009E+04
 75.5 2.43850E+04
 76.0 2.40663E+04
 76.5 2.37448E+04
 77.0 2.34207E+04
 77.5 2.30941E+04
 78.0 2.27650E+04
 78.5 2.24336E+04
 79.0 2.20999E+04
 79.5 2.17641E+04
 80.0 2.14262E+04
 80.5 2.10863E+04
 81.0 2.07445E+04
 81.5 2.04009E+04
 82.0 2.00556E+04
 82.5 1.97086E+04
 83.0 1.93600E+04
 83.5 1.90099E+04
 84.0 1.86584E+04
 84.5 1.83056E+04
 85.0 1.79515E+04
 85.5 1.75963E+04
 86.0 1.72398E+04
 86.5 1.68824E+04
 87.0 1.65240E+04
 87.5 1.61646E+04
 88.0 1.58044E+04
 88.5 1.54434E+04
 89.0 1.50818E+04
 89.5 1.47194E+04
 90.0 1.43565E+04
 90.5 1.39931E+04
 91.0 1.36292E+04
 91.5 1.32649E+04
 92.0 1.29003E+04
 92.5 1.25354E+04
 93.0 1.21703E+04
 93.5 1.18050E+04
 94.0 1.14396E+04
 94.5 1.10741E+04
 95.0 1.07087E+04
 95.5 1.03433E+04
 96.0 9.97803E+03
 96.5 9.61293E+03
 97.0 9.24805E+03
 97.5 8.88344E+03
 98.0 8.51915E+03
 98.5 8.15524E+03
 99.0 7.79176E+03
 99.5 7.42875E+03
100.0 7.06626E+03
100.5 6.70436E+03
101.0 6.34307E+03
101.5 5.98246E+03
102.0 5.62256E+03
102.5 5.26344E+03
103.0 4.90513E+03
103.5 4.54768E+03
104.0 4.19114E+03
104.5 3.83555E+03
105.0 3.48097E+03
105.5 3.12743E+03
106.0 2.77498E+03
106.5 2.42367E+03
107.0 2.07354E+03
107.5 1.72464E+03
108.0 1.37700E+03
108.5 1.03069E+03
109.0 6.85727E+02
109.5 3.42171E+02
110.0 2.84787E+01
