110K14D0W2
  0.5 0.00000E+00
  1.0 0.00000E+00
  1.5 0.00000E+00
  2.0 0.00000E+00
  2.5 0.00000E+00
  3.0 0.00000E+00
  3.5 2.39409E+04
  4.0 3.14874E+04
  4.5 3.93730E+04
  5.0 4.75875E+04
  5.5 5.61289E+04
  6.0 6.49999E+04
  6.5 7.42069E+04
  7.0 8.37624E+04
  7.5 9.36860E+04
  8.0 1.04008E+05
  8.5 1.33143E+06
  9.0 1.25999E+05
  9.5 1.20165E+06
 10.0 1.00370E+06
 10.5 5.84743E+04
 11.0 6.28024E+04
 11.5 1.42785E+05
 12.0 4.82858E+04
 12.5 4.49682E+04
 13.0 4.77177E+04
 13.5 5.05139E+04
 14.0 5.33580E+04
 14.5 5.62507E+04
 15.0 5.91924E+04
 15.5 6.21819E+04
 16.0 6.52161E+04
 16.5 6.82897E+04
 17.0 7.13943E+04
 17.5 7.45188E+04
 18.0 7.76486E+04
 18.5 8.07670E+04
 19.0 8.38550E+04
 19.5 8.68923E+04
 20.0 8.98579E+04
 20.5 9.27312E+04
 21.0 9.54924E+04
 21.5 9.81232E+04
 22.0 1.00607E+05
 22.5 1.02931E+05
 23.0 1.05083E+05
 23.5 1.07053E+05
 24.0 1.08837E+05
 24.5 1.10430E+05
 25.0 1.11831E+05
 25.5 1.13041E+05
 26.0 1.14061E+05
 26.5 1.14897E+05
 27.0 1.15554E+05
 27.5 1.16038E+05
 28.0 1.16356E+05
 28.5 1.16518E+05
 29.0 1.16531E+05
 29.5 1.16405E+05
 30.0 1.16149E+05
 30.5 1.15771E+05
 31.0 1.15280E+05
 31.5 1.14687E+05
 32.0 1.13998E+05
 32.5 1.13223E+05
 33.0 1.12369E+05
 33.5 1.11444E+05
 34.0 1.10456E+05
 34.5 1.09411E+05
 35.0 1.08316E+05
 35.5 1.07176E+05
 36.0 1.05997E+05
 36.5 1.04785E+05
 37.0 1.03545E+05
 37.5 1.02280E+05
 38.0 1.00996E+05
 38.5 9.96960E+04
 39.0 9.83833E+04
 39.5 9.70613E+04
 40.0 9.57331E+04
 40.5 9.44012E+04
 41.0 9.30682E+04
 41.5 9.17362E+04
 42.0 9.04072E+04
 42.5 8.90829E+04
 43.0 8.77651E+04
 43.5 8.64551E+04
 44.0 8.51542E+04
 44.5 8.38635E+04
 45.0 8.25840E+04
 45.5 8.13165E+04
 46.0 8.00619E+04
 46.5 7.88208E+04
 47.0 7.75936E+04
 47.5 7.63809E+04
 48.0 7.51831E+04
 48.5 7.40005E+04
 49.0 7.28333E+04
 49.5 7.16817E+04
 50.0 7.05458E+04
 50.5 6.94258E+04
 51.0 6.83216E+04
 51.5 6.72333E+04
 52.0 6.61608E+04
 52.5 6.51041E+04
 53.0 6.40630E+04
 53.5 6.30375E+04
 54.0 6.20274E+04
 54.5 6.10325E+04
 55.0 6.00527E+04
 55.5 5.90878E+04
 56.0 5.81374E+04
 56.5 5.72016E+04
 57.0 5.62800E+04
 57.5 5.53723E+04
 58.0 2.22349E+05
 58.5 5.35979E+04
 59.0 5.27307E+04
 59.5 3.46483E+05
 60.0 5.10349E+04
 60.5 5.02059E+04
 61.0 4.93890E+04
 61.5 4.85840E+04
 62.0 4.77907E+04
 62.5 4.70089E+04
 63.0 4.62382E+04
 63.5 4.54784E+04
 64.0 4.47293E+04
 64.5 4.39905E+04
 65.0 4.32619E+04
 65.5 4.25433E+04
 66.0 4.18343E+04
 66.5 4.11347E+04
 67.0 1.39670E+05
 67.5 3.97630E+04
 68.0 3.90904E+04
 68.5 3.84263E+04
 69.0 6.39893E+04
 69.5 3.60880E+04
 70.0 3.04019E+04
 70.5 3.00201E+04
 71.0 2.96371E+04
 71.5 2.92530E+04
 72.0 2.88678E+04
 72.5 2.84817E+04
 73.0 2.80946E+04
 73.5 2.77067E+04
 74.0 2.73179E+04
 74.5 2.69285E+04
 75.0 2.65384E+04
 75.5 2.61477E+04
 76.0 2.57564E+04
 76.5 2.53647E+04
 77.0 2.49724E+04
 77.5 2.45798E+04
 78.0 2.41869E+04
 78.5 2.37937E+04
 79.0 2.34002E+04
 79.5 2.30065E+04
 80.0 2.26127E+04
 80.5 2.22187E+04
 81.0 2.18247E+04
 81.5 2.14306E+04
 82.0 2.10365E+04
 82.5 2.06425E+04
 83.0 2.02486E+04
 83.5 1.98548E+04
 84.0 1.94612E+04
 84.5 1.90678E+04
 85.0 1.86745E+04
 85.5 1.82816E+04
 86.0 1.78890E+04
 86.5 1.74967E+04
 87.0 1.71047E+04
 87.5 1.67132E+04
 88.0 1.63221E+04
 88.5 1.59315E+04
 89.0 1.55413E+04
 89.5 1.51517E+04
 90.0 1.47627E+04
 90.5 1.43742E+04
 91.0 1.39864E+04
 91.5 1.35992E+04
 92.0 1.32127E+04
 92.5 1.28269E+04
 93.0 1.24419E+04
 93.5 1.20576E+04
 94.0 1.16741E+04
 94.5 1.12914E+04
 95.0 1.09096E+04
 95.5 1.05287E+04
 96.0 1.01487E+04
 96.5 9.76967E+03
 97.0 9.39159E+03
 97.5 9.01452E+03
 98.0 8.63848E+03
 98.5 8.26350E+03
 99.0 7.88961E+03
 99.5 7.51684E+03
100.0 7.14522E+03
100.5 6.77478E+03
101.0 6.40555E+03
101.5 6.03755E+03
102.0 5.67083E+03
102.5 5.30540E+03
103.0 4.94129E+03
103.5 4.57854E+03
104.0 4.21718E+03
104.5 3.85723E+03
105.0 3.49873E+03
105.5 3.14171E+03
106.0 2.78620E+03
106.5 2.43222E+03
107.0 2.07982E+03
107.5 1.72901E+03
108.0 1.37983E+03
108.5 1.03232E+03
109.0 6.86503E+02
109.5 3.42410E+02
110.0 2.84911E+01
