110K21D0W2
  0.5 0.00000E+00
  1.0 0.00000E+00
  1.5 0.00000E+00
  2.0 0.00000E+00
  2.5 0.00000E+00
  3.0 0.00000E+00
  3.5 4.01307E+04
  4.0 5.15659E+04
  4.5 6.36151E+04
  5.0 7.62879E+04
  5.5 8.96051E+04
  6.0 1.03602E+05
  6.5 1.18335E+05
  7.0 1.33890E+05
  7.5 1.50376E+05
  8.0 1.67883E+05
  8.5 3.13956E+06
  9.0 2.05801E+05
  9.5 2.22352E+06
 10.0 1.85259E+06
 10.5 9.34656E+04
 11.0 1.00646E+05
 11.5 3.24873E+05
 12.0 7.70600E+04
 12.5 7.17154E+04
 13.0 7.62237E+04
 13.5 8.08440E+04
 14.0 8.55700E+04
 14.5 9.03878E+04
 15.0 9.52757E+04
 15.5 1.00204E+05
 16.0 1.05135E+05
 16.5 1.10026E+05
 17.0 1.14832E+05
 17.5 1.19506E+05
 18.0 1.24004E+05
 18.5 1.28283E+05
 19.0 1.32306E+05
 19.5 1.36042E+05
 20.0 1.39468E+05
 20.5 1.42564E+05
 21.0 1.45319E+05
 21.5 1.47728E+05
 22.0 1.49790E+05
 22.5 1.51509E+05
 23.0 1.52894E+05
 23.5 1.53956E+05
 24.0 1.54710E+05
 24.5 1.55171E+05
 25.0 1.55357E+05
 25.5 1.55287E+05
 26.0 1.54978E+05
 26.5 1.54451E+05
 27.0 1.53722E+05
 27.5 1.52812E+05
 28.0 1.51736E+05
 28.5 1.50513E+05
 29.0 1.49157E+05
 29.5 1.47684E+05
 30.0 1.46109E+05
 30.5 1.44444E+05
 31.0 1.42701E+05
 31.5 1.40893E+05
 32.0 1.39029E+05
 32.5 1.37119E+05
 33.0 1.35171E+05
 33.5 1.33195E+05
 34.0 1.31196E+05
 34.5 1.29182E+05
 35.0 1.27158E+05
 35.5 1.25130E+05
 36.0 1.23102E+05
 36.5 1.21079E+05
 37.0 1.19064E+05
 37.5 1.17061E+05
 38.0 1.15072E+05
 38.5 1.13101E+05
 39.0 1.11149E+05
 39.5 1.09218E+05
 40.0 1.07311E+05
 40.5 1.05427E+05
 41.0 1.03570E+05
 41.5 1.01739E+05
 42.0 9.99355E+04
 42.5 9.81599E+04
 43.0 9.64129E+04
 43.5 9.46948E+04
 44.0 9.30059E+04
 44.5 9.13462E+04
 45.0 8.97158E+04
 45.5 8.81147E+04
 46.0 8.65428E+04
 46.5 8.49999E+04
 47.0 8.34856E+04
 47.5 8.19999E+04
 48.0 8.05423E+04
 48.5 7.91125E+04
 49.0 7.77101E+04
 49.5 7.63346E+04
 50.0 7.49856E+04
 50.5 7.36627E+04
 51.0 7.23654E+04
 51.5 7.10931E+04
 52.0 6.98454E+04
 52.5 6.86218E+04
 53.0 6.74217E+04
 53.5 6.62446E+04
 54.0 6.50901E+04
 54.5 6.39575E+04
 55.0 6.28464E+04
 55.5 6.17563E+04
 56.0 6.06865E+04
 56.5 5.96368E+04
 57.0 5.86065E+04
 57.5 5.75951E+04
 58.0 2.35793E+05
 58.5 5.56272E+04
 59.0 5.46697E+04
 59.5 3.67015E+05
 60.0 5.28055E+04
 60.5 5.18979E+04
 61.0 5.10059E+04
 61.5 5.01292E+04
 62.0 4.92673E+04
 62.5 4.84199E+04
 63.0 4.75866E+04
 63.5 4.67669E+04
 64.0 4.59605E+04
 64.5 4.51669E+04
 65.0 4.43860E+04
 65.5 4.36172E+04
 66.0 4.28603E+04
 66.5 4.21149E+04
 67.0 1.45126E+05
 67.5 4.06572E+04
 68.0 3.99444E+04
 68.5 3.92419E+04
 69.0 6.58709E+04
 69.5 3.71493E+04
 70.0 3.29828E+04
 70.5 3.24986E+04
 71.0 3.20165E+04
 71.5 3.15365E+04
 72.0 3.10586E+04
 72.5 3.05828E+04
 73.0 3.01090E+04
 73.5 2.96373E+04
 74.0 2.91677E+04
 74.5 2.87000E+04
 75.0 2.82343E+04
 75.5 2.77707E+04
 76.0 2.73090E+04
 76.5 2.68492E+04
 77.0 2.63914E+04
 77.5 2.59355E+04
 78.0 2.54815E+04
 78.5 2.50293E+04
 79.0 2.45791E+04
 79.5 2.41307E+04
 80.0 2.36841E+04
 80.5 2.32394E+04
 81.0 2.27965E+04
 81.5 2.23553E+04
 82.0 2.19159E+04
 82.5 2.14783E+04
 83.0 2.10425E+04
 83.5 2.06083E+04
 84.0 2.01759E+04
 84.5 1.97452E+04
 85.0 1.93163E+04
 85.5 1.88890E+04
 86.0 1.84634E+04
 86.5 1.80394E+04
 87.0 1.76172E+04
 87.5 1.71966E+04
 88.0 1.67776E+04
 88.5 1.63603E+04
 89.0 1.59447E+04
 89.5 1.55306E+04
 90.0 1.51182E+04
 90.5 1.47074E+04
 91.0 1.42983E+04
 91.5 1.38908E+04
 92.0 1.34849E+04
 92.5 1.30806E+04
 93.0 1.26779E+04
 93.5 1.22769E+04
 94.0 1.18775E+04
 94.5 1.14797E+04
 95.0 1.10836E+04
 95.5 1.06891E+04
 96.0 1.02962E+04
 96.5 9.90496E+03
 97.0 9.51538E+03
 97.5 9.12746E+03
 98.0 8.74120E+03
 98.5 8.35661E+03
 99.0 7.97370E+03
 99.5 7.59248E+03
100.0 7.21296E+03
100.5 6.83516E+03
101.0 6.45907E+03
101.5 6.08471E+03
102.0 5.71210E+03
102.5 5.34125E+03
103.0 4.97217E+03
103.5 4.60488E+03
104.0 4.23939E+03
104.5 3.87571E+03
105.0 3.51387E+03
105.5 3.15387E+03
106.0 2.79574E+03
106.5 2.43949E+03
107.0 2.08515E+03
107.5 1.73272E+03
108.0 1.38224E+03
108.5 1.03371E+03
109.0 6.87161E+02
109.5 3.42612E+02
110.0 2.85017E+01
