110K22D0W2
  0.5 0.00000E+00
  1.0 0.00000E+00
  1.5 0.00000E+00
  2.0 0.00000E+00
  2.5 0.00000E+00
  3.0 0.00000E+00
  3.5 4.25768E+04
  4.0 5.45988E+04
  4.5 6.72817E+04
  5.0 8.06393E+04
  5.5 9.46976E+04
  6.0 1.09501E+05
  6.5 1.25119E+05
  7.0 1.41656E+05
  7.5 1.59235E+05
  8.0 1.77936E+05
  8.5 3.40327E+06
  9.0 2.18356E+05
  9.5 2.35710E+06
 10.0 1.96368E+06
 10.5 9.88920E+04
 11.0 1.06540E+05
 11.5 3.53222E+05
 12.0 8.15097E+04
 12.5 7.58462E+04
 13.0 8.06402E+04
 13.5 8.55549E+04
 14.0 9.05800E+04
 14.5 9.56961E+04
 15.0 1.00875E+05
 15.5 1.06078E+05
 16.0 1.11263E+05
 16.5 1.16380E+05
 17.0 1.21378E+05
 17.5 1.26207E+05
 18.0 1.30818E+05
 18.5 1.35171E+05
 19.0 1.39228E+05
 19.5 1.42959E+05
 20.0 1.46344E+05
 20.5 1.49366E+05
 21.0 1.52019E+05
 21.5 1.54299E+05
 22.0 1.56211E+05
 22.5 1.57762E+05
 23.0 1.58964E+05
 23.5 1.59832E+05
 24.0 1.60384E+05
 24.5 1.60639E+05
 25.0 1.60614E+05
 25.5 1.60332E+05
 26.0 1.59813E+05
 26.5 1.59077E+05
 27.0 1.58143E+05
 27.5 1.57031E+05
 28.0 1.55760E+05
 28.5 1.54346E+05
 29.0 1.52806E+05
 29.5 1.51156E+05
 30.0 1.49410E+05
 30.5 1.47581E+05
 31.0 1.45682E+05
 31.5 1.43723E+05
 32.0 1.41716E+05
 32.5 1.39669E+05
 33.0 1.37592E+05
 33.5 1.35492E+05
 34.0 1.33375E+05
 34.5 1.31249E+05
 35.0 1.29119E+05
 35.5 1.26991E+05
 36.0 1.24867E+05
 36.5 1.22754E+05
 37.0 1.20653E+05
 37.5 1.18569E+05
 38.0 1.16504E+05
 38.5 1.14459E+05
 39.0 1.12439E+05
 39.5 1.10443E+05
 40.0 1.08473E+05
 40.5 1.06532E+05
 41.0 1.04619E+05
 41.5 1.02735E+05
 42.0 1.00882E+05
 42.5 9.90598E+04
 43.0 9.72683E+04
 43.5 9.55080E+04
 44.0 9.37792E+04
 44.5 9.20816E+04
 45.0 9.04154E+04
 45.5 8.87803E+04
 46.0 8.71762E+04
 46.5 8.56026E+04
 47.0 8.40595E+04
 47.5 8.25463E+04
 48.0 8.10626E+04
 48.5 7.96081E+04
 49.0 7.81822E+04
 49.5 7.67844E+04
 50.0 7.54142E+04
 50.5 7.40712E+04
 51.0 7.27548E+04
 51.5 7.14643E+04
 52.0 7.01994E+04
 52.5 6.89593E+04
 53.0 6.77436E+04
 53.5 6.65517E+04
 54.0 6.53830E+04
 54.5 6.42370E+04
 55.0 6.31131E+04
 55.5 6.20108E+04
 56.0 6.09294E+04
 56.5 5.98686E+04
 57.0 5.88277E+04
 57.5 5.78063E+04
 58.0 2.37079E+05
 58.5 5.58198E+04
 59.0 5.48536E+04
 59.5 3.68977E+05
 60.0 5.29732E+04
 60.5 5.20579E+04
 61.0 5.11588E+04
 61.5 5.02752E+04
 62.0 4.94068E+04
 62.5 4.85531E+04
 63.0 4.77138E+04
 63.5 4.68884E+04
 64.0 4.60765E+04
 64.5 4.52777E+04
 65.0 4.44918E+04
 65.5 4.37182E+04
 66.0 4.29567E+04
 66.5 4.22070E+04
 67.0 1.45642E+05
 67.5 4.07412E+04
 68.0 4.00246E+04
 68.5 3.93184E+04
 69.0 6.60482E+04
 69.5 3.72507E+04
 70.0 3.32355E+04
 70.5 3.27409E+04
 71.0 3.22488E+04
 71.5 3.17591E+04
 72.0 3.12719E+04
 72.5 3.07870E+04
 73.0 3.03046E+04
 73.5 2.98245E+04
 74.0 2.93468E+04
 74.5 2.88713E+04
 75.0 2.83981E+04
 75.5 2.79272E+04
 76.0 2.74586E+04
 76.5 2.69921E+04
 77.0 2.65278E+04
 77.5 2.60656E+04
 78.0 2.56057E+04
 78.5 2.51478E+04
 79.0 2.46920E+04
 79.5 2.42382E+04
 80.0 2.37865E+04
 80.5 2.33368E+04
 81.0 2.28891E+04
 81.5 2.24434E+04
 82.0 2.19996E+04
 82.5 2.15578E+04
 83.0 2.11179E+04
 83.5 2.06799E+04
 84.0 2.02437E+04
 84.5 1.98095E+04
 85.0 1.93770E+04
 85.5 1.89465E+04
 86.0 1.85177E+04
 86.5 1.80907E+04
 87.0 1.76656E+04
 87.5 1.72422E+04
 88.0 1.68206E+04
 88.5 1.64007E+04
 89.0 1.59826E+04
 89.5 1.55663E+04
 90.0 1.51517E+04
 90.5 1.47388E+04
 91.0 1.43276E+04
 91.5 1.39182E+04
 92.0 1.35104E+04
 92.5 1.31044E+04
 93.0 1.27001E+04
 93.5 1.22975E+04
 94.0 1.18966E+04
 94.5 1.14974E+04
 95.0 1.10999E+04
 95.5 1.07041E+04
 96.0 1.03100E+04
 96.5 9.91760E+03
 97.0 9.52694E+03
 97.5 9.13800E+03
 98.0 8.75078E+03
 98.5 8.36529E+03
 99.0 7.98154E+03
 99.5 7.59953E+03
100.0 7.21927E+03
100.5 6.84078E+03
101.0 6.46405E+03
101.5 6.08910E+03
102.0 5.71594E+03
102.5 5.34458E+03
103.0 4.97504E+03
103.5 4.60733E+03
104.0 4.24145E+03
104.5 3.87743E+03
105.0 3.51527E+03
105.5 3.15500E+03
106.0 2.79662E+03
106.5 2.44017E+03
107.0 2.08564E+03
107.5 1.73307E+03
108.0 1.38246E+03
108.5 1.03384E+03
109.0 6.87222E+02
109.5 3.42631E+02
110.0 2.85027E+01
