111K06D0W2
  0.5 0.00000E+00
  1.0 0.00000E+00
  1.5 0.00000E+00
  2.0 0.00000E+00
  2.5 0.00000E+00
  3.0 0.00000E+00
  3.5 7.10665E+03
  4.0 1.03828E+04
  4.5 1.38270E+04
  5.0 1.73903E+04
  5.5 2.10517E+04
  6.0 2.48013E+04
  6.5 2.86336E+04
  7.0 3.25450E+04
  7.5 3.65327E+04
  8.0 4.05949E+04
  8.5 7.99260E+04
  9.0 4.89365E+04
  9.5 1.39404E+05
 10.0 1.21759E+05
 10.5 2.28319E+04
 11.0 2.45734E+04
 11.5 2.60481E+04
 12.0 1.88650E+04
 12.5 1.75681E+04
 13.0 1.86881E+04
 13.5 1.98157E+04
 14.0 2.09509E+04
 14.5 2.20932E+04
 15.0 2.32426E+04
 15.5 2.43986E+04
 16.0 2.55610E+04
 16.5 2.67296E+04
 17.0 2.79041E+04
 17.5 2.90843E+04
 18.0 3.02698E+04
 18.5 3.14604E+04
 19.0 3.26558E+04
 19.5 3.38557E+04
 20.0 3.50596E+04
 20.5 3.62670E+04
 21.0 3.74773E+04
 21.5 3.86895E+04
 22.0 3.99025E+04
 22.5 4.11149E+04
 23.0 4.23250E+04
 23.5 4.35307E+04
 24.0 4.47297E+04
 24.5 4.59191E+04
 25.0 4.70962E+04
 25.5 4.82575E+04
 26.0 4.93998E+04
 26.5 5.05195E+04
 27.0 5.16131E+04
 27.5 5.26770E+04
 28.0 5.37077E+04
 28.5 5.47020E+04
 29.0 5.56567E+04
 29.5 5.65691E+04
 30.0 5.74365E+04
 30.5 5.82567E+04
 31.0 5.90278E+04
 31.5 5.97482E+04
 32.0 6.04167E+04
 32.5 6.10325E+04
 33.0 6.15949E+04
 33.5 6.21038E+04
 34.0 6.25593E+04
 34.5 6.29616E+04
 35.0 6.33114E+04
 35.5 6.36094E+04
 36.0 6.38568E+04
 36.5 6.40548E+04
 37.0 6.42045E+04
 37.5 6.43077E+04
 38.0 6.43658E+04
 38.5 6.43804E+04
 39.0 6.43534E+04
 39.5 6.42866E+04
 40.0 6.41816E+04
 40.5 6.40404E+04
 41.0 6.38647E+04
 41.5 6.36565E+04
 42.0 6.34174E+04
 42.5 6.31492E+04
 43.0 6.28538E+04
 43.5 6.25327E+04
 44.0 6.21876E+04
 44.5 6.18201E+04
 45.0 6.14317E+04
 45.5 6.10240E+04
 46.0 6.05983E+04
 46.5 6.01559E+04
 47.0 5.96983E+04
 47.5 5.92266E+04
 48.0 5.87421E+04
 48.5 5.82457E+04
 49.0 5.77387E+04
 49.5 5.72220E+04
 50.0 5.66965E+04
 50.5 5.61632E+04
 51.0 5.56229E+04
 51.5 5.50764E+04
 52.0 5.45244E+04
 52.5 5.39677E+04
 53.0 5.34069E+04
 53.5 5.28425E+04
 54.0 5.22752E+04
 54.5 5.17056E+04
 55.0 5.11340E+04
 55.5 5.05610E+04
 56.0 4.99869E+04
 56.5 4.94123E+04
 57.0 4.88373E+04
 57.5 4.82624E+04
 58.0 1.81582E+05
 58.5 4.71141E+04
 59.0 4.65412E+04
 59.5 2.84600E+05
 60.0 4.53992E+04
 60.5 4.48304E+04
 61.0 4.42634E+04
 61.5 4.36983E+04
 62.0 4.31352E+04
 62.5 4.25744E+04
 63.0 4.20159E+04
 63.5 4.14598E+04
 64.0 4.09062E+04
 64.5 4.03552E+04
 65.0 3.98069E+04
 65.5 3.92613E+04
 66.0 3.87184E+04
 66.5 3.81784E+04
 67.0 1.23768E+05
 67.5 3.71071E+04
 68.0 3.65757E+04
 68.5 3.60473E+04
 69.0 5.85916E+04
 69.5 3.30006E+04
 70.0 2.26939E+04
 70.5 2.25839E+04
 71.0 2.24672E+04
 71.5 2.23440E+04
 72.0 2.22141E+04
 72.5 2.20778E+04
 73.0 2.19351E+04
 73.5 2.17860E+04
 74.0 2.16306E+04
 74.5 2.14691E+04
 75.0 2.13015E+04
 75.5 2.11279E+04
 76.0 2.09483E+04
 76.5 2.07630E+04
 77.0 2.05720E+04
 77.5 2.03753E+04
 78.0 2.01732E+04
 78.5 1.99656E+04
 79.0 1.97528E+04
 79.5 1.95347E+04
 80.0 1.93116E+04
 80.5 1.90835E+04
 81.0 1.88506E+04
 81.5 1.86129E+04
 82.0 1.83706E+04
 82.5 1.81237E+04
 83.0 1.78725E+04
 83.5 1.76169E+04
 84.0 1.73572E+04
 84.5 1.70934E+04
 85.0 1.68257E+04
 85.5 1.65541E+04
 86.0 1.62788E+04
 86.5 1.59999E+04
 87.0 1.57175E+04
 87.5 1.54317E+04
 88.0 1.51426E+04
 88.5 1.48503E+04
 89.0 1.45550E+04
 89.5 1.42567E+04
 90.0 1.39555E+04
 90.5 1.36516E+04
 91.0 1.33451E+04
 91.5 1.30361E+04
 92.0 1.27246E+04
 92.5 1.24107E+04
 93.0 1.20947E+04
 93.5 1.17765E+04
 94.0 1.14563E+04
 94.5 1.11342E+04
 95.0 1.08102E+04
 95.5 1.04845E+04
 96.0 1.01572E+04
 96.5 9.82827E+03
 97.0 9.49792E+03
 97.5 9.16621E+03
 98.0 8.83322E+03
 98.5 8.49904E+03
 99.0 8.16377E+03
 99.5 7.82749E+03
100.0 7.49029E+03
100.5 7.15225E+03
101.0 6.81345E+03
101.5 6.47398E+03
102.0 6.13393E+03
102.5 5.79336E+03
103.0 5.45237E+03
103.5 5.11103E+03
104.0 4.76942E+03
104.5 4.42762E+03
105.0 4.08569E+03
105.5 3.74373E+03
106.0 3.40180E+03
106.5 3.05997E+03
107.0 2.71833E+03
107.5 2.37693E+03
108.0 2.03585E+03
108.5 1.69517E+03
109.0 1.35495E+03
109.5 1.01526E+03
110.0 6.76161E+02
110.5 3.37731E+02
111.0 2.81258E+01
