111K12D0W2
  0.5 0.00000E+00
  1.0 0.00000E+00
  1.5 0.00000E+00
  2.0 0.00000E+00
  2.5 0.00000E+00
  3.0 0.00000E+00
  3.5 1.94082E+04
  4.0 2.58513E+04
  4.5 3.25708E+04
  5.0 3.95513E+04
  5.5 4.67869E+04
  6.0 5.42762E+04
  6.5 6.20204E+04
  7.0 7.00236E+04
  7.5 7.82938E+04
  8.0 8.68445E+04
  8.5 8.59498E+05
  9.0 1.04872E+05
  9.5 8.81872E+05
 10.0 7.38469E+05
 10.5 4.89339E+04
 11.0 5.25447E+04
 11.5 9.90536E+04
 12.0 4.04320E+04
 12.5 3.76622E+04
 13.0 3.99649E+04
 13.5 4.23008E+04
 14.0 4.46704E+04
 14.5 4.70742E+04
 15.0 4.95128E+04
 15.5 5.19864E+04
 16.0 5.44945E+04
 16.5 5.70361E+04
 17.0 5.96085E+04
 17.5 6.22076E+04
 18.0 6.48272E+04
 18.5 6.74593E+04
 19.0 7.00938E+04
 19.5 7.27187E+04
 20.0 7.53204E+04
 20.5 7.78845E+04
 21.0 8.03958E+04
 21.5 8.28390E+04
 22.0 8.51994E+04
 22.5 8.74629E+04
 23.0 8.96168E+04
 23.5 9.16497E+04
 24.0 9.35521E+04
 24.5 9.53158E+04
 25.0 9.69350E+04
 25.5 9.84052E+04
 26.0 9.97239E+04
 26.5 1.00890E+05
 27.0 1.01904E+05
 27.5 1.02769E+05
 28.0 1.03486E+05
 28.5 1.04059E+05
 29.0 1.04495E+05
 29.5 1.04797E+05
 30.0 1.04972E+05
 30.5 1.05026E+05
 31.0 1.04966E+05
 31.5 1.04799E+05
 32.0 1.04531E+05
 32.5 1.04168E+05
 33.0 1.03719E+05
 33.5 1.03189E+05
 34.0 1.02585E+05
 34.5 1.01913E+05
 35.0 1.01179E+05
 35.5 1.00388E+05
 36.0 9.95468E+04
 36.5 9.86598E+04
 37.0 9.77319E+04
 37.5 9.67678E+04
 38.0 9.57717E+04
 38.5 9.47477E+04
 39.0 9.36996E+04
 39.5 9.26308E+04
 40.0 9.15446E+04
 40.5 9.04440E+04
 41.0 8.93317E+04
 41.5 8.82104E+04
 42.0 8.70822E+04
 42.5 8.59495E+04
 43.0 8.48141E+04
 43.5 8.36779E+04
 44.0 8.25425E+04
 44.5 8.14093E+04
 45.0 8.02797E+04
 45.5 7.91549E+04
 46.0 7.80359E+04
 46.5 7.69238E+04
 47.0 7.58194E+04
 47.5 7.47233E+04
 48.0 7.36365E+04
 48.5 7.25592E+04
 49.0 7.14923E+04
 49.5 7.04359E+04
 50.0 6.93906E+04
 50.5 6.83567E+04
 51.0 6.73343E+04
 51.5 6.63238E+04
 52.0 6.53252E+04
 52.5 6.43388E+04
 53.0 6.33646E+04
 53.5 6.24026E+04
 54.0 6.14529E+04
 54.5 6.05154E+04
 55.0 5.95903E+04
 55.5 5.86773E+04
 56.0 5.77764E+04
 56.5 5.68876E+04
 57.0 5.60106E+04
 57.5 5.51456E+04
 58.0 2.22607E+05
 58.5 5.34503E+04
 59.0 5.26198E+04
 59.5 3.47830E+05
 60.0 5.09922E+04
 60.5 5.01949E+04
 61.0 4.94082E+04
 61.5 4.86321E+04
 62.0 4.78662E+04
 62.5 4.71105E+04
 63.0 4.63648E+04
 63.5 4.56288E+04
 64.0 4.49024E+04
 64.5 4.41853E+04
 65.0 4.34774E+04
 65.5 4.27785E+04
 66.0 4.20883E+04
 66.5 4.14068E+04
 67.0 1.41417E+05
 67.5 4.00687E+04
 68.0 3.94118E+04
 68.5 3.87628E+04
 69.0 6.47765E+04
 69.5 3.62598E+04
 70.0 2.96408E+04
 70.5 2.93082E+04
 71.0 2.89731E+04
 71.5 2.86357E+04
 72.0 2.82959E+04
 72.5 2.79539E+04
 73.0 2.76098E+04
 73.5 2.72636E+04
 74.0 2.69155E+04
 74.5 2.65655E+04
 75.0 2.62138E+04
 75.5 2.58603E+04
 76.0 2.55053E+04
 76.5 2.51487E+04
 77.0 2.47906E+04
 77.5 2.44312E+04
 78.0 2.40704E+04
 78.5 2.37084E+04
 79.0 2.33452E+04
 79.5 2.29809E+04
 80.0 2.26155E+04
 80.5 2.22492E+04
 81.0 2.18819E+04
 81.5 2.15138E+04
 82.0 2.11449E+04
 82.5 2.07753E+04
 83.0 2.04050E+04
 83.5 2.00340E+04
 84.0 1.96625E+04
 84.5 1.92905E+04
 85.0 1.89180E+04
 85.5 1.85451E+04
 86.0 1.81718E+04
 86.5 1.77982E+04
 87.0 1.74244E+04
 87.5 1.70504E+04
 88.0 1.66762E+04
 88.5 1.63018E+04
 89.0 1.59274E+04
 89.5 1.55530E+04
 90.0 1.51786E+04
 90.5 1.48043E+04
 91.0 1.44301E+04
 91.5 1.40560E+04
 92.0 1.36821E+04
 92.5 1.33085E+04
 93.0 1.29351E+04
 93.5 1.25620E+04
 94.0 1.21893E+04
 94.5 1.18170E+04
 95.0 1.14452E+04
 95.5 1.10738E+04
 96.0 1.07029E+04
 96.5 1.03326E+04
 97.0 9.96286E+03
 97.5 9.59376E+03
 98.0 9.22533E+03
 98.5 8.85760E+03
 99.0 8.49062E+03
 99.5 8.12442E+03
100.0 7.75903E+03
100.5 7.39449E+03
101.0 7.03085E+03
101.5 6.66813E+03
102.0 6.30638E+03
102.5 5.94562E+03
103.0 5.58590E+03
103.5 5.22724E+03
104.0 4.86969E+03
104.5 4.51329E+03
105.0 4.15806E+03
105.5 3.80405E+03
106.0 3.45128E+03
106.5 3.09979E+03
107.0 2.74963E+03
107.5 2.40082E+03
108.0 2.05340E+03
108.5 1.70741E+03
109.0 1.36288E+03
109.5 1.01984E+03
110.0 6.78339E+02
110.5 3.38402E+02
111.0 2.81609E+01
