111K13D0W2
  0.5 0.00000E+00
  1.0 0.00000E+00
  1.5 0.00000E+00
  2.0 0.00000E+00
  2.5 0.00000E+00
  3.0 0.00000E+00
  3.5 2.15633E+04
  4.0 2.85320E+04
  4.5 3.58064E+04
  5.0 4.33737E+04
  5.5 5.12298E+04
  6.0 5.93749E+04
  6.5 6.78125E+04
  7.0 7.65500E+04
  7.5 8.56001E+04
  8.0 9.49830E+04
  8.5 1.07450E+06
  9.0 1.14865E+05
  9.5 1.03478E+06
 10.0 8.65283E+05
 10.5 5.34838E+04
 11.0 5.74356E+04
 11.5 1.18772E+05
 12.0 4.41861E+04
 12.5 4.11574E+04
 13.0 4.36740E+04
 13.5 4.62302E+04
 14.0 4.88268E+04
 14.5 5.14644E+04
 15.0 5.41439E+04
 15.5 5.68649E+04
 16.0 5.96263E+04
 16.5 6.24257E+04
 17.0 6.52582E+04
 17.5 6.81169E+04
 18.0 7.09923E+04
 18.5 7.38724E+04
 19.0 7.67433E+04
 19.5 7.95889E+04
 20.0 8.23920E+04
 20.5 8.51350E+04
 21.0 8.77999E+04
 21.5 9.03695E+04
 22.0 9.28277E+04
 22.5 9.51600E+04
 23.0 9.73534E+04
 23.5 9.93974E+04
 24.0 1.01283E+05
 24.5 1.03005E+05
 25.0 1.04558E+05
 25.5 1.05940E+05
 26.0 1.07151E+05
 26.5 1.08191E+05
 27.0 1.09064E+05
 27.5 1.09774E+05
 28.0 1.10326E+05
 28.5 1.10726E+05
 29.0 1.10979E+05
 29.5 1.11095E+05
 30.0 1.11079E+05
 30.5 1.10940E+05
 31.0 1.10685E+05
 31.5 1.10323E+05
 32.0 1.09861E+05
 32.5 1.09307E+05
 33.0 1.08669E+05
 33.5 1.07952E+05
 34.0 1.07166E+05
 34.5 1.06315E+05
 35.0 1.05407E+05
 35.5 1.04447E+05
 36.0 1.03441E+05
 36.5 1.02395E+05
 37.0 1.01312E+05
 37.5 1.00199E+05
 38.0 9.90591E+04
 38.5 9.78964E+04
 39.0 9.67145E+04
 39.5 9.55171E+04
 40.0 9.43072E+04
 40.5 9.30878E+04
 41.0 9.18616E+04
 41.5 9.06308E+04
 42.0 8.93978E+04
 42.5 8.81645E+04
 43.0 8.69328E+04
 43.5 8.57044E+04
 44.0 8.44806E+04
 44.5 8.32630E+04
 45.0 8.20525E+04
 45.5 8.08503E+04
 46.0 7.96574E+04
 46.5 7.84745E+04
 47.0 7.73025E+04
 47.5 7.61418E+04
 48.0 7.49931E+04
 48.5 7.38569E+04
 49.0 7.27334E+04
 49.5 7.16230E+04
 50.0 7.05262E+04
 50.5 6.94429E+04
 51.0 6.83734E+04
 51.5 6.73178E+04
 52.0 6.62762E+04
 52.5 6.52486E+04
 53.0 6.42350E+04
 53.5 6.32354E+04
 54.0 6.22498E+04
 54.5 6.12779E+04
 55.0 6.03199E+04
 55.5 5.93754E+04
 56.0 5.84445E+04
 56.5 5.75269E+04
 57.0 5.66225E+04
 57.5 5.57311E+04
 58.0 2.26182E+05
 58.5 5.39865E+04
 59.0 5.31330E+04
 59.5 3.53313E+05
 60.0 5.14623E+04
 60.5 5.06447E+04
 61.0 4.98387E+04
 61.5 4.90440E+04
 62.0 4.82605E+04
 62.5 4.74878E+04
 63.0 4.67258E+04
 63.5 4.59742E+04
 64.0 4.52328E+04
 64.5 4.45015E+04
 65.0 4.37799E+04
 65.5 4.30678E+04
 66.0 4.23651E+04
 66.5 4.16715E+04
 67.0 1.42897E+05
 67.5 4.03109E+04
 68.0 3.96434E+04
 68.5 3.89842E+04
 69.0 6.52886E+04
 69.5 3.65396E+04
 70.0 3.02919E+04
 70.5 2.99355E+04
 71.0 2.95772E+04
 71.5 2.92172E+04
 72.0 2.88555E+04
 72.5 2.84922E+04
 73.0 2.81274E+04
 73.5 2.77611E+04
 74.0 2.73935E+04
 74.5 2.70247E+04
 75.0 2.66546E+04
 75.5 2.62834E+04
 76.0 2.59111E+04
 76.5 2.55378E+04
 77.0 2.51636E+04
 77.5 2.47884E+04
 78.0 2.44125E+04
 78.5 2.40358E+04
 79.0 2.36584E+04
 79.5 2.32804E+04
 80.0 2.29018E+04
 80.5 2.25226E+04
 81.0 2.21429E+04
 81.5 2.17628E+04
 82.0 2.13824E+04
 82.5 2.10016E+04
 83.0 2.06205E+04
 83.5 2.02391E+04
 84.0 1.98576E+04
 84.5 1.94759E+04
 85.0 1.90941E+04
 85.5 1.87123E+04
 86.0 1.83304E+04
 86.5 1.79485E+04
 87.0 1.75667E+04
 87.5 1.71850E+04
 88.0 1.68034E+04
 88.5 1.64220E+04
 89.0 1.60408E+04
 89.5 1.56599E+04
 90.0 1.52793E+04
 90.5 1.48989E+04
 91.0 1.45190E+04
 91.5 1.41394E+04
 92.0 1.37603E+04
 92.5 1.33816E+04
 93.0 1.30034E+04
 93.5 1.26258E+04
 94.0 1.22487E+04
 94.5 1.18723E+04
 95.0 1.14964E+04
 95.5 1.11213E+04
 96.0 1.07468E+04
 96.5 1.03731E+04
 97.0 1.00002E+04
 97.5 9.62801E+03
 98.0 9.25669E+03
 98.5 8.88624E+03
 99.0 8.51669E+03
 99.5 8.14806E+03
100.0 7.78040E+03
100.5 7.41373E+03
101.0 7.04809E+03
101.5 6.68351E+03
102.0 6.32002E+03
102.5 5.95765E+03
103.0 5.59643E+03
103.5 5.23640E+03
104.0 4.87759E+03
104.5 4.52003E+03
105.0 4.16374E+03
105.5 3.80878E+03
106.0 3.45516E+03
106.5 3.10291E+03
107.0 2.75208E+03
107.5 2.40269E+03
108.0 2.05477E+03
108.5 1.70836E+03
109.0 1.36350E+03
109.5 1.02020E+03
110.0 6.78508E+02
110.5 3.38454E+02
111.0 2.81636E+01
