111K11D0W2
  0.5 0.00000E+00
  1.0 0.00000E+00
  1.5 0.00000E+00
  2.0 0.00000E+00
  2.5 0.00000E+00
  3.0 0.00000E+00
  3.5 1.72793E+04
  4.0 2.31990E+04
  4.5 2.93683E+04
  5.0 3.57686E+04
  5.5 4.23923E+04
  6.0 4.92366E+04
  6.5 5.63008E+04
  7.0 6.35868E+04
  7.5 7.10989E+04
  8.0 7.88453E+04
  8.5 6.63259E+05
  9.0 9.50975E+04
  9.5 7.31999E+05
 10.0 6.14188E+05
 10.5 4.44480E+04
 11.0 4.77275E+04
 11.5 8.13060E+04
 12.0 3.67291E+04
 12.5 3.42138E+04
 13.0 3.63080E+04
 13.5 3.84298E+04
 14.0 4.05794E+04
 14.5 4.27571E+04
 15.0 4.49631E+04
 15.5 4.71978E+04
 16.0 4.94610E+04
 16.5 5.17525E+04
 17.0 5.40708E+04
 17.5 5.64139E+04
 18.0 5.87782E+04
 18.5 6.11586E+04
 19.0 6.35486E+04
 19.5 6.59397E+04
 20.0 6.83222E+04
 20.5 7.06849E+04
 21.0 7.30158E+04
 21.5 7.53022E+04
 22.0 7.75315E+04
 22.5 7.96908E+04
 23.0 8.17683E+04
 23.5 8.37527E+04
 24.0 8.56341E+04
 24.5 8.74036E+04
 25.0 8.90540E+04
 25.5 9.05793E+04
 26.0 9.19752E+04
 26.5 9.32389E+04
 27.0 9.43686E+04
 27.5 9.53643E+04
 28.0 9.62267E+04
 28.5 9.69578E+04
 29.0 9.75604E+04
 29.5 9.80381E+04
 30.0 9.83950E+04
 30.5 9.86361E+04
 31.0 9.87662E+04
 31.5 9.87911E+04
 32.0 9.87161E+04
 32.5 9.85472E+04
 33.0 9.82901E+04
 33.5 9.79507E+04
 34.0 9.75346E+04
 34.5 9.70476E+04
 35.0 9.64950E+04
 35.5 9.58821E+04
 36.0 9.52142E+04
 36.5 9.44962E+04
 37.0 9.37325E+04
 37.5 9.29279E+04
 38.0 9.20863E+04
 38.5 9.12119E+04
 39.0 9.03082E+04
 39.5 8.93790E+04
 40.0 8.84273E+04
 40.5 8.74564E+04
 41.0 8.64689E+04
 41.5 8.54677E+04
 42.0 8.44550E+04
 42.5 8.34332E+04
 43.0 8.24044E+04
 43.5 8.13704E+04
 44.0 8.03330E+04
 44.5 7.92939E+04
 45.0 7.82545E+04
 45.5 7.72161E+04
 46.0 7.61800E+04
 46.5 7.51472E+04
 47.0 7.41187E+04
 47.5 7.30954E+04
 48.0 7.20782E+04
 48.5 7.10676E+04
 49.0 7.00645E+04
 49.5 6.90692E+04
 50.0 6.80824E+04
 50.5 6.71044E+04
 51.0 6.61356E+04
 51.5 6.51762E+04
 52.0 6.42267E+04
 52.5 6.32872E+04
 53.0 6.23578E+04
 53.5 6.14388E+04
 54.0 6.05302E+04
 54.5 5.96321E+04
 55.0 5.87446E+04
 55.5 5.78677E+04
 56.0 5.70013E+04
 56.5 5.61455E+04
 57.0 5.53002E+04
 57.5 5.44654E+04
 58.0 2.18471E+05
 58.5 5.28268E+04
 59.0 5.20228E+04
 59.5 3.41480E+05
 60.0 5.04451E+04
 60.5 4.96711E+04
 61.0 4.89068E+04
 61.5 4.81520E+04
 62.0 4.74067E+04
 62.5 4.66707E+04
 63.0 4.59438E+04
 63.5 4.52258E+04
 64.0 4.45167E+04
 64.5 4.38162E+04
 65.0 4.31242E+04
 65.5 4.24405E+04
 66.0 4.17649E+04
 66.5 4.10974E+04
 67.0 1.39693E+05
 67.5 3.97856E+04
 68.0 3.91411E+04
 68.5 3.85038E+04
 69.0 6.41790E+04
 69.5 3.59353E+04
 70.0 2.88965E+04
 70.5 2.85906E+04
 71.0 2.82815E+04
 71.5 2.79694E+04
 72.0 2.76542E+04
 72.5 2.73362E+04
 73.0 2.70153E+04
 73.5 2.66918E+04
 74.0 2.63657E+04
 74.5 2.60371E+04
 75.0 2.57062E+04
 75.5 2.53729E+04
 76.0 2.50374E+04
 76.5 2.46998E+04
 77.0 2.43601E+04
 77.5 2.40185E+04
 78.0 2.36750E+04
 78.5 2.33297E+04
 79.0 2.29828E+04
 79.5 2.26342E+04
 80.0 2.22840E+04
 80.5 2.19324E+04
 81.0 2.15793E+04
 81.5 2.12250E+04
 82.0 2.08694E+04
 82.5 2.05125E+04
 83.0 2.01546E+04
 83.5 1.97956E+04
 84.0 1.94356E+04
 84.5 1.90747E+04
 85.0 1.87130E+04
 85.5 1.83504E+04
 86.0 1.79871E+04
 86.5 1.76231E+04
 87.0 1.72585E+04
 87.5 1.68934E+04
 88.0 1.65277E+04
 88.5 1.61616E+04
 89.0 1.57951E+04
 89.5 1.54282E+04
 90.0 1.50611E+04
 90.5 1.46937E+04
 91.0 1.43262E+04
 91.5 1.39585E+04
 92.0 1.35907E+04
 92.5 1.32229E+04
 93.0 1.28551E+04
 93.5 1.24874E+04
 94.0 1.21198E+04
 94.5 1.17523E+04
 95.0 1.13851E+04
 95.5 1.10181E+04
 96.0 1.06514E+04
 96.5 1.02851E+04
 97.0 9.91911E+03
 97.5 9.55358E+03
 98.0 9.18853E+03
 98.5 8.82400E+03
 99.0 8.46002E+03
 99.5 8.09665E+03
100.0 7.73393E+03
100.5 7.37190E+03
101.0 7.01059E+03
101.5 6.65006E+03
102.0 6.29034E+03
102.5 5.93148E+03
103.0 5.57351E+03
103.5 5.21647E+03
104.0 4.86041E+03
104.5 4.50536E+03
105.0 4.15137E+03
105.5 3.79848E+03
106.0 3.44671E+03
106.5 3.09612E+03
107.0 2.74675E+03
107.5 2.39862E+03
108.0 2.05179E+03
108.5 1.70629E+03
109.0 1.36215E+03
109.5 1.01942E+03
110.0 6.78139E+02
110.5 3.38341E+02
111.0 2.81577E+01
