111K14D0W2
  0.5 0.00000E+00
  1.0 0.00000E+00
  1.5 0.00000E+00
  2.0 0.00000E+00
  2.5 0.00000E+00
  3.0 0.00000E+00
  3.5 2.37446E+04
  4.0 3.12422E+04
  4.5 3.90769E+04
  5.0 4.72382E+04
  5.5 5.57242E+04
  6.0 6.45368E+04
  6.5 7.36825E+04
  7.0 8.31727E+04
  7.5 9.30265E+04
  8.0 1.03272E+05
  8.5 1.30459E+06
  9.0 1.25092E+05
  9.5 1.18881E+06
 10.0 9.93054E+05
 10.5 5.81025E+04
 11.0 6.24058E+04
 11.5 1.40229E+05
 12.0 4.79951E+04
 12.5 4.47029E+04
 13.0 4.74394E+04
 13.5 5.02226E+04
 14.0 5.30536E+04
 14.5 5.59332E+04
 15.0 5.88619E+04
 15.5 6.18387E+04
 16.0 6.48613E+04
 16.5 6.79246E+04
 17.0 7.10210E+04
 17.5 7.41399E+04
 18.0 7.72678E+04
 18.5 8.03882E+04
 19.0 8.34830E+04
 19.5 8.65321E+04
 20.0 8.95150E+04
 20.5 9.24110E+04
 21.0 9.52003E+04
 21.5 9.78644E+04
 22.0 1.00387E+05
 22.5 1.02753E+05
 23.0 1.04951E+05
 23.5 1.06971E+05
 24.0 1.08807E+05
 24.5 1.10454E+05
 25.0 1.11910E+05
 25.5 1.13176E+05
 26.0 1.14253E+05
 26.5 1.15146E+05
 27.0 1.15858E+05
 27.5 1.16396E+05
 28.0 1.16768E+05
 28.5 1.16982E+05
 29.0 1.17045E+05
 29.5 1.16966E+05
 30.0 1.16755E+05
 30.5 1.16420E+05
 31.0 1.15970E+05
 31.5 1.15414E+05
 32.0 1.14761E+05
 32.5 1.14019E+05
 33.0 1.13196E+05
 33.5 1.12299E+05
 34.0 1.11337E+05
 34.5 1.10315E+05
 35.0 1.09241E+05
 35.5 1.08120E+05
 36.0 1.06959E+05
 36.5 1.05763E+05
 37.0 1.04536E+05
 37.5 1.03283E+05
 38.0 1.02009E+05
 38.5 1.00718E+05
 39.0 9.94122E+04
 39.5 9.80961E+04
 40.0 9.67725E+04
 40.5 9.54441E+04
 41.0 9.41134E+04
 41.5 9.27828E+04
 42.0 9.14542E+04
 42.5 9.01295E+04
 43.0 8.88104E+04
 43.5 8.74985E+04
 44.0 8.61949E+04
 44.5 8.49010E+04
 45.0 8.36177E+04
 45.5 8.23460E+04
 46.0 8.10866E+04
 46.5 7.98403E+04
 47.0 7.86077E+04
 47.5 7.73892E+04
 48.0 7.61853E+04
 48.5 7.49963E+04
 49.0 7.38225E+04
 49.5 7.26642E+04
 50.0 7.15215E+04
 50.5 7.03944E+04
 51.0 6.92831E+04
 51.5 6.81876E+04
 52.0 6.71079E+04
 52.5 6.60439E+04
 53.0 6.49955E+04
 53.5 6.39627E+04
 54.0 6.29453E+04
 54.5 6.19432E+04
 55.0 6.09561E+04
 55.5 5.99840E+04
 56.0 5.90267E+04
 56.5 5.80838E+04
 57.0 5.71552E+04
 57.5 5.62407E+04
 58.0 2.29303E+05
 58.5 5.44529E+04
 59.0 5.35791E+04
 59.5 3.58098E+05
 60.0 5.18706E+04
 60.5 5.10354E+04
 61.0 5.02124E+04
 61.5 4.94016E+04
 62.0 4.86025E+04
 62.5 4.78151E+04
 63.0 4.70388E+04
 63.5 4.62737E+04
 64.0 4.55193E+04
 64.5 4.47755E+04
 65.0 4.40420E+04
 65.5 4.33185E+04
 66.0 4.26049E+04
 66.5 4.19008E+04
 67.0 1.44183E+05
 67.5 4.05205E+04
 68.0 3.98438E+04
 68.5 3.91757E+04
 69.0 6.57325E+04
 69.5 3.67837E+04
 70.0 3.08665E+04
 70.5 3.04886E+04
 71.0 3.01095E+04
 71.5 2.97293E+04
 72.0 2.93479E+04
 72.5 2.89656E+04
 73.0 2.85823E+04
 73.5 2.81982E+04
 74.0 2.78132E+04
 74.5 2.74276E+04
 75.0 2.70412E+04
 75.5 2.66541E+04
 76.0 2.62666E+04
 76.5 2.58785E+04
 77.0 2.54899E+04
 77.5 2.51009E+04
 78.0 2.47116E+04
 78.5 2.43219E+04
 79.0 2.39320E+04
 79.5 2.35418E+04
 80.0 2.31515E+04
 80.5 2.27610E+04
 81.0 2.23705E+04
 81.5 2.19798E+04
 82.0 2.15892E+04
 82.5 2.11986E+04
 83.0 2.08081E+04
 83.5 2.04176E+04
 84.0 2.00273E+04
 84.5 1.96372E+04
 85.0 1.92472E+04
 85.5 1.88575E+04
 86.0 1.84681E+04
 86.5 1.80790E+04
 87.0 1.76902E+04
 87.5 1.73018E+04
 88.0 1.69138E+04
 88.5 1.65263E+04
 89.0 1.61391E+04
 89.5 1.57525E+04
 90.0 1.53664E+04
 90.5 1.49809E+04
 91.0 1.45960E+04
 91.5 1.42116E+04
 92.0 1.38279E+04
 92.5 1.34449E+04
 93.0 1.30625E+04
 93.5 1.26809E+04
 94.0 1.23001E+04
 94.5 1.19200E+04
 95.0 1.15407E+04
 95.5 1.11623E+04
 96.0 1.07848E+04
 96.5 1.04081E+04
 97.0 1.00324E+04
 97.5 9.65757E+03
 98.0 9.28376E+03
 98.5 8.91095E+03
 99.0 8.53917E+03
 99.5 8.16846E+03
100.0 7.79883E+03
100.5 7.43032E+03
101.0 7.06296E+03
101.5 6.69677E+03
102.0 6.33177E+03
102.5 5.96801E+03
103.0 5.60551E+03
103.5 5.24429E+03
104.0 4.88439E+03
104.5 4.52583E+03
105.0 4.16864E+03
105.5 3.81285E+03
106.0 3.45849E+03
106.5 3.10559E+03
107.0 2.75419E+03
107.5 2.40429E+03
108.0 2.05595E+03
108.5 1.70919E+03
109.0 1.36403E+03
109.5 1.02051E+03
110.0 6.78654E+02
110.5 3.38499E+02
111.0 2.81659E+01
