111K21D0W2
  0.5 0.00000E+00
  1.0 0.00000E+00
  1.5 0.00000E+00
  2.0 0.00000E+00
  2.5 0.00000E+00
  3.0 0.00000E+00
  3.5 3.98171E+04
  4.0 5.11762E+04
  4.5 6.31442E+04
  5.0 7.57304E+04
  5.5 8.89545E+04
  6.0 1.02850E+05
  6.5 1.17471E+05
  7.0 1.32901E+05
  7.5 1.49246E+05
  8.0 1.66598E+05
  8.5 3.11167E+06
  9.0 2.04222E+05
  9.5 2.21739E+06
 10.0 1.84741E+06
 10.5 9.28391E+04
 11.0 9.99703E+04
 11.5 3.21346E+05
 12.0 7.65734E+04
 12.5 7.12727E+04
 13.0 7.57556E+04
 13.5 8.03509E+04
 14.0 8.50533E+04
 14.5 8.98503E+04
 15.0 9.47220E+04
 15.5 9.96397E+04
 16.0 1.04568E+05
 16.5 1.09466E+05
 17.0 1.14288E+05
 17.5 1.18989E+05
 18.0 1.23523E+05
 18.5 1.27849E+05
 19.0 1.31929E+05
 19.5 1.35730E+05
 20.0 1.39227E+05
 20.5 1.42401E+05
 21.0 1.45239E+05
 21.5 1.47733E+05
 22.0 1.49882E+05
 22.5 1.51689E+05
 23.0 1.53162E+05
 23.5 1.54312E+05
 24.0 1.55151E+05
 24.5 1.55694E+05
 25.0 1.55960E+05
 25.5 1.55965E+05
 26.0 1.55729E+05
 26.5 1.55269E+05
 27.0 1.54604E+05
 27.5 1.53752E+05
 28.0 1.52732E+05
 28.5 1.51558E+05
 29.0 1.50249E+05
 29.5 1.48818E+05
 30.0 1.47281E+05
 30.5 1.45650E+05
 31.0 1.43938E+05
 31.5 1.42156E+05
 32.0 1.40315E+05
 32.5 1.38426E+05
 33.0 1.36496E+05
 33.5 1.34533E+05
 34.0 1.32547E+05
 34.5 1.30542E+05
 35.0 1.28525E+05
 35.5 1.26502E+05
 36.0 1.24478E+05
 36.5 1.22456E+05
 37.0 1.20441E+05
 37.5 1.18436E+05
 38.0 1.16445E+05
 38.5 1.14469E+05
 39.0 1.12512E+05
 39.5 1.10575E+05
 40.0 1.08661E+05
 40.5 1.06769E+05
 41.0 1.04903E+05
 41.5 1.03063E+05
 42.0 1.01249E+05
 42.5 9.94630E+04
 43.0 9.77051E+04
 43.5 9.59757E+04
 44.0 9.42751E+04
 44.5 9.26035E+04
 45.0 9.09610E+04
 45.5 8.93476E+04
 46.0 8.77631E+04
 46.5 8.62077E+04
 47.0 8.46808E+04
 47.5 8.31824E+04
 48.0 8.17121E+04
 48.5 8.02696E+04
 49.0 7.88546E+04
 49.5 7.74665E+04
 50.0 7.61051E+04
 50.5 7.47698E+04
 51.0 7.34602E+04
 51.5 7.21758E+04
 52.0 7.09161E+04
 52.5 6.96806E+04
 53.0 6.84688E+04
 53.5 6.72803E+04
 54.0 6.61144E+04
 54.5 6.49707E+04
 55.0 6.38487E+04
 55.5 6.27478E+04
 56.0 6.16676E+04
 56.5 6.06075E+04
 57.0 5.95670E+04
 57.5 5.85458E+04
 58.0 2.43536E+05
 58.5 5.65588E+04
 59.0 5.55921E+04
 59.5 3.79878E+05
 60.0 5.37100E+04
 60.5 5.27938E+04
 61.0 5.18935E+04
 61.5 5.10086E+04
 62.0 5.01389E+04
 62.5 4.92838E+04
 63.0 4.84429E+04
 63.5 4.76160E+04
 64.0 4.68025E+04
 64.5 4.60021E+04
 65.0 4.52145E+04
 65.5 4.44393E+04
 66.0 4.36761E+04
 66.5 4.29247E+04
 67.0 1.49970E+05
 67.5 4.14556E+04
 68.0 4.07373E+04
 68.5 4.00295E+04
 69.0 6.77219E+04
 69.5 3.78936E+04
 70.0 3.35586E+04
 70.5 3.30757E+04
 71.0 3.25949E+04
 71.5 3.21162E+04
 72.0 3.16396E+04
 72.5 3.11651E+04
 73.0 3.06927E+04
 73.5 3.02223E+04
 74.0 2.97540E+04
 74.5 2.92878E+04
 75.0 2.88235E+04
 75.5 2.83613E+04
 76.0 2.79011E+04
 76.5 2.74428E+04
 77.0 2.69865E+04
 77.5 2.65321E+04
 78.0 2.60796E+04
 78.5 2.56290E+04
 79.0 2.51803E+04
 79.5 2.47335E+04
 80.0 2.42885E+04
 80.5 2.38454E+04
 81.0 2.34041E+04
 81.5 2.29646E+04
 82.0 2.25269E+04
 82.5 2.20909E+04
 83.0 2.16567E+04
 83.5 2.12243E+04
 84.0 2.07936E+04
 84.5 2.03646E+04
 85.0 1.99373E+04
 85.5 1.95117E+04
 86.0 1.90878E+04
 86.5 1.86656E+04
 87.0 1.82450E+04
 87.5 1.78261E+04
 88.0 1.74089E+04
 88.5 1.69933E+04
 89.0 1.65793E+04
 89.5 1.61670E+04
 90.0 1.57562E+04
 90.5 1.53471E+04
 91.0 1.49397E+04
 91.5 1.45338E+04
 92.0 1.41295E+04
 92.5 1.37268E+04
 93.0 1.33258E+04
 93.5 1.29263E+04
 94.0 1.25285E+04
 94.5 1.21322E+04
 95.0 1.17376E+04
 95.5 1.13445E+04
 96.0 1.09531E+04
 96.5 1.05633E+04
 97.0 1.01751E+04
 97.5 9.78854E+03
 98.0 9.40361E+03
 98.5 9.02031E+03
 99.0 8.63865E+03
 99.5 8.25863E+03
100.0 7.88028E+03
100.5 7.50360E+03
101.0 7.12859E+03
101.5 6.75526E+03
102.0 6.38364E+03
102.5 6.01371E+03
103.0 5.64552E+03
103.5 5.27905E+03
104.0 4.91433E+03
104.5 4.55136E+03
105.0 4.19017E+03
105.5 3.83077E+03
106.0 3.47317E+03
106.5 3.11739E+03
107.0 2.76344E+03
107.5 2.41135E+03
108.0 2.06113E+03
108.5 1.71279E+03
109.0 1.36636E+03
109.5 1.02185E+03
110.0 6.79292E+02
110.5 3.38696E+02
111.0 2.81762E+01
