111K20D0W2
  0.5 0.00000E+00
  1.0 0.00000E+00
  1.5 0.00000E+00
  2.0 0.00000E+00
  2.5 0.00000E+00
  3.0 0.00000E+00
  3.5 3.74254E+04
  4.0 4.82110E+04
  4.5 5.95611E+04
  5.0 7.14814E+04
  5.5 8.39871E+04
  6.0 9.71046E+04
  6.5 1.10877E+05
  7.0 1.25372E+05
  7.5 1.40679E+05
  8.0 1.56891E+05
  8.5 2.84590E+06
  9.0 1.92057E+05
  9.5 2.07911E+06
 10.0 1.73243E+06
 10.5 8.75744E+04
 11.0 9.42573E+04
 11.5 2.93368E+05
 12.0 7.22507E+04
 12.5 6.72576E+04
 13.0 7.14659E+04
 13.5 7.57766E+04
 14.0 8.01873E+04
 14.5 8.46899E+04
 15.0 8.92699E+04
 15.5 9.39054E+04
 16.0 9.85677E+04
 16.5 1.03222E+05
 17.0 1.07829E+05
 17.5 1.12349E+05
 18.0 1.16738E+05
 18.5 1.20957E+05
 19.0 1.24969E+05
 19.5 1.28741E+05
 20.0 1.32246E+05
 20.5 1.35462E+05
 21.0 1.38373E+05
 21.5 1.40969E+05
 22.0 1.43245E+05
 22.5 1.45199E+05
 23.0 1.46837E+05
 23.5 1.48165E+05
 24.0 1.49194E+05
 24.5 1.49936E+05
 25.0 1.50406E+05
 25.5 1.50618E+05
 26.0 1.50591E+05
 26.5 1.50339E+05
 27.0 1.49881E+05
 27.5 1.49233E+05
 28.0 1.48412E+05
 28.5 1.47433E+05
 29.0 1.46314E+05
 29.5 1.45067E+05
 30.0 1.43707E+05
 30.5 1.42247E+05
 31.0 1.40699E+05
 31.5 1.39076E+05
 32.0 1.37386E+05
 32.5 1.35641E+05
 33.0 1.33849E+05
 33.5 1.32019E+05
 34.0 1.30158E+05
 34.5 1.28273E+05
 35.0 1.26370E+05
 35.5 1.24456E+05
 36.0 1.22534E+05
 36.5 1.20610E+05
 37.0 1.18687E+05
 37.5 1.16771E+05
 38.0 1.14863E+05
 38.5 1.12966E+05
 39.0 1.11084E+05
 39.5 1.09218E+05
 40.0 1.07371E+05
 40.5 1.05544E+05
 41.0 1.03738E+05
 41.5 1.01955E+05
 42.0 1.00196E+05
 42.5 9.84613E+04
 43.0 9.67523E+04
 43.5 9.50692E+04
 44.0 9.34126E+04
 44.5 9.17827E+04
 45.0 9.01797E+04
 45.5 8.86038E+04
 46.0 8.70550E+04
 46.5 8.55332E+04
 47.0 8.40385E+04
 47.5 8.25705E+04
 48.0 8.11291E+04
 48.5 7.97140E+04
 49.0 7.83251E+04
 49.5 7.69618E+04
 50.0 7.56239E+04
 50.5 7.43109E+04
 51.0 7.30226E+04
 51.5 7.17584E+04
 52.0 7.05179E+04
 52.5 6.93007E+04
 53.0 6.81064E+04
 53.5 6.69343E+04
 54.0 6.57842E+04
 54.5 6.46555E+04
 55.0 6.35478E+04
 55.5 6.24605E+04
 56.0 6.13933E+04
 56.5 6.03456E+04
 57.0 5.93169E+04
 57.5 5.83069E+04
 58.0 2.42053E+05
 58.5 5.63408E+04
 59.0 5.53839E+04
 59.5 3.77610E+05
 60.0 5.35200E+04
 60.5 5.26122E+04
 61.0 5.17200E+04
 61.5 5.08429E+04
 62.0 4.99805E+04
 62.5 4.91324E+04
 63.0 4.82983E+04
 63.5 4.74778E+04
 64.0 4.66705E+04
 64.5 4.58760E+04
 65.0 4.50940E+04
 65.5 4.43241E+04
 66.0 4.35661E+04
 66.5 4.28195E+04
 67.0 1.49373E+05
 67.5 4.13596E+04
 68.0 4.06457E+04
 68.5 3.99420E+04
 69.0 6.75171E+04
 69.5 3.77781E+04
 70.0 3.32725E+04
 70.5 3.28010E+04
 71.0 3.23314E+04
 71.5 3.18634E+04
 72.0 3.13972E+04
 72.5 3.09327E+04
 73.0 3.04700E+04
 73.5 3.00090E+04
 74.0 2.95497E+04
 74.5 2.90921E+04
 75.0 2.86363E+04
 75.5 2.81821E+04
 76.0 2.77297E+04
 76.5 2.72789E+04
 77.0 2.68298E+04
 77.5 2.63824E+04
 78.0 2.59367E+04
 78.5 2.54926E+04
 79.0 2.50501E+04
 79.5 2.46093E+04
 80.0 2.41701E+04
 80.5 2.37326E+04
 81.0 2.32966E+04
 81.5 2.28623E+04
 82.0 2.24295E+04
 82.5 2.19984E+04
 83.0 2.15688E+04
 83.5 2.11407E+04
 84.0 2.07142E+04
 84.5 2.02893E+04
 85.0 1.98660E+04
 85.5 1.94441E+04
 86.0 1.90238E+04
 86.5 1.86051E+04
 87.0 1.81878E+04
 87.5 1.77721E+04
 88.0 1.73579E+04
 88.5 1.69452E+04
 89.0 1.65340E+04
 89.5 1.61243E+04
 90.0 1.57162E+04
 90.5 1.53095E+04
 91.0 1.49044E+04
 91.5 1.45007E+04
 92.0 1.40986E+04
 92.5 1.36979E+04
 93.0 1.32988E+04
 93.5 1.29012E+04
 94.0 1.25051E+04
 94.5 1.21105E+04
 95.0 1.17174E+04
 95.5 1.13259E+04
 96.0 1.09359E+04
 96.5 1.05474E+04
 97.0 1.01605E+04
 97.5 9.77518E+03
 98.0 9.39138E+03
 98.5 9.00915E+03
 99.0 8.62850E+03
 99.5 8.24944E+03
100.0 7.87198E+03
100.5 7.49613E+03
101.0 7.12190E+03
101.5 6.74931E+03
102.0 6.37836E+03
102.5 6.00907E+03
103.0 5.64145E+03
103.5 5.27551E+03
104.0 4.91128E+03
104.5 4.54877E+03
105.0 4.18798E+03
105.5 3.82895E+03
106.0 3.47168E+03
106.5 3.11619E+03
107.0 2.76250E+03
107.5 2.41063E+03
108.0 2.06060E+03
108.5 1.71242E+03
109.0 1.36612E+03
109.5 1.02172E+03
110.0 6.79228E+02
110.5 3.38676E+02
111.0 2.81751E+01
