111K22D0W2
  0.5 0.00000E+00
  1.0 0.00000E+00
  1.5 0.00000E+00
  2.0 0.00000E+00
  2.5 0.00000E+00
  3.0 0.00000E+00
  3.5 4.22454E+04
  4.0 5.41870E+04
  4.5 6.67841E+04
  5.0 8.00495E+04
  5.5 9.40084E+04
  6.0 1.08703E+05
  6.5 1.24199E+05
  7.0 1.40600E+05
  7.5 1.58025E+05
  8.0 1.76561E+05
  8.5 3.37672E+06
  9.0 2.16681E+05
  9.5 2.35237E+06
 10.0 1.95966E+06
 10.5 9.82233E+04
 11.0 1.05818E+05
 11.5 3.49694E+05
 12.0 8.09910E+04
 12.5 7.53745E+04
 13.0 8.01411E+04
 13.5 8.50294E+04
 14.0 9.00302E+04
 14.5 9.51258E+04
 15.0 1.00290E+05
 15.5 1.05486E+05
 16.0 1.10673E+05
 16.5 1.15802E+05
 17.0 1.20822E+05
 17.5 1.25685E+05
 18.0 1.30342E+05
 18.5 1.34750E+05
 19.0 1.38872E+05
 19.5 1.42677E+05
 20.0 1.46141E+05
 20.5 1.49249E+05
 21.0 1.51990E+05
 21.5 1.54362E+05
 22.0 1.56366E+05
 22.5 1.58010E+05
 23.0 1.59305E+05
 23.5 1.60263E+05
 24.0 1.60903E+05
 24.5 1.61241E+05
 25.0 1.61297E+05
 25.5 1.61091E+05
 26.0 1.60644E+05
 26.5 1.59975E+05
 27.0 1.59104E+05
 27.5 1.58051E+05
 28.0 1.56833E+05
 28.5 1.55468E+05
 29.0 1.53973E+05
 29.5 1.52363E+05
 30.0 1.50652E+05
 30.5 1.48856E+05
 31.0 1.46985E+05
 31.5 1.45051E+05
 32.0 1.43065E+05
 32.5 1.41036E+05
 33.0 1.38974E+05
 33.5 1.36886E+05
 34.0 1.34780E+05
 34.5 1.32661E+05
 35.0 1.30537E+05
 35.5 1.28411E+05
 36.0 1.26289E+05
 36.5 1.24175E+05
 37.0 1.22073E+05
 37.5 1.19985E+05
 38.0 1.17915E+05
 38.5 1.15865E+05
 39.0 1.13838E+05
 39.5 1.11834E+05
 40.0 1.09856E+05
 40.5 1.07905E+05
 41.0 1.05982E+05
 41.5 1.04088E+05
 42.0 1.02224E+05
 42.5 1.00389E+05
 43.0 9.85859E+04
 43.5 9.68133E+04
 44.0 9.50717E+04
 44.5 9.33613E+04
 45.0 9.16820E+04
 45.5 9.00337E+04
 46.0 8.84162E+04
 46.5 8.68294E+04
 47.0 8.52728E+04
 47.5 8.37462E+04
 48.0 8.22491E+04
 48.5 8.07813E+04
 49.0 7.93421E+04
 49.5 7.79311E+04
 50.0 7.65479E+04
 50.5 7.51920E+04
 51.0 7.38627E+04
 51.5 7.25596E+04
 52.0 7.12822E+04
 52.5 7.00298E+04
 53.0 6.88020E+04
 53.5 6.75981E+04
 54.0 6.64177E+04
 54.5 6.52602E+04
 55.0 6.41250E+04
 55.5 6.30115E+04
 56.0 6.19193E+04
 56.5 6.08479E+04
 57.0 5.97966E+04
 57.5 5.87650E+04
 58.0 2.44899E+05
 58.5 5.67587E+04
 59.0 5.57830E+04
 59.5 3.81960E+05
 60.0 5.38843E+04
 60.5 5.29603E+04
 61.0 5.20525E+04
 61.5 5.11606E+04
 62.0 5.02840E+04
 62.5 4.94225E+04
 63.0 4.85755E+04
 63.5 4.77426E+04
 64.0 4.69235E+04
 64.5 4.61177E+04
 65.0 4.53250E+04
 65.5 4.45448E+04
 66.0 4.37769E+04
 66.5 4.30210E+04
 67.0 1.50518E+05
 67.5 4.15434E+04
 68.0 4.08212E+04
 68.5 4.01097E+04
 69.0 6.79095E+04
 69.5 3.79997E+04
 70.0 3.38227E+04
 70.5 3.33290E+04
 71.0 3.28379E+04
 71.5 3.23492E+04
 72.0 3.18630E+04
 72.5 3.13792E+04
 73.0 3.08978E+04
 73.5 3.04189E+04
 74.0 2.99422E+04
 74.5 2.94679E+04
 75.0 2.89959E+04
 75.5 2.85262E+04
 76.0 2.80587E+04
 76.5 2.75935E+04
 77.0 2.71305E+04
 77.5 2.66697E+04
 78.0 2.62110E+04
 78.5 2.57544E+04
 79.0 2.53000E+04
 79.5 2.48476E+04
 80.0 2.43973E+04
 80.5 2.39490E+04
 81.0 2.35028E+04
 81.5 2.30585E+04
 82.0 2.26162E+04
 82.5 2.21759E+04
 83.0 2.17374E+04
 83.5 2.13009E+04
 84.0 2.08663E+04
 84.5 2.04336E+04
 85.0 2.00027E+04
 85.5 1.95737E+04
 86.0 1.91465E+04
 86.5 1.87211E+04
 87.0 1.82975E+04
 87.5 1.78757E+04
 88.0 1.74556E+04
 88.5 1.70373E+04
 89.0 1.66208E+04
 89.5 1.62060E+04
 90.0 1.57929E+04
 90.5 1.53816E+04
 91.0 1.49720E+04
 91.5 1.45640E+04
 92.0 1.41578E+04
 92.5 1.37533E+04
 93.0 1.33505E+04
 93.5 1.29493E+04
 94.0 1.25499E+04
 94.5 1.21521E+04
 95.0 1.17560E+04
 95.5 1.13616E+04
 96.0 1.09689E+04
 96.5 1.05778E+04
 97.0 1.01884E+04
 97.5 9.80077E+03
 98.0 9.41479E+03
 98.5 9.03051E+03
 99.0 8.64792E+03
 99.5 8.26704E+03
100.0 7.88787E+03
100.5 7.51042E+03
101.0 7.13470E+03
101.5 6.76071E+03
102.0 6.38846E+03
102.5 6.01797E+03
103.0 5.64923E+03
103.5 5.28228E+03
104.0 4.91711E+03
104.5 4.55373E+03
105.0 4.19217E+03
105.5 3.83243E+03
106.0 3.47453E+03
106.5 3.11848E+03
107.0 2.76430E+03
107.5 2.41200E+03
108.0 2.06160E+03
108.5 1.71312E+03
109.0 1.36657E+03
109.5 1.02198E+03
110.0 6.79351E+02
110.5 3.38714E+02
111.0 2.81771E+01
