112K06D0W2
  0.5 0.00000E+00
  1.0 0.00000E+00
  1.5 0.00000E+00
  2.0 0.00000E+00
  2.5 0.00000E+00
  3.0 0.00000E+00
  3.5 7.03610E+03
  4.0 1.02906E+04
  4.5 1.37131E+04
  5.0 1.72547E+04
  5.5 2.08943E+04
  6.0 2.46218E+04
  6.5 2.84317E+04
  7.0 3.23205E+04
  7.5 3.62854E+04
  8.0 4.03243E+04
  8.5 7.72042E+04
  9.0 4.86187E+04
  9.5 1.35133E+05
 10.0 1.18218E+05
 10.5 2.26902E+04
 11.0 2.44238E+04
 11.5 2.57948E+04
 12.0 1.87535E+04
 12.5 1.74660E+04
 13.0 1.85817E+04
 13.5 1.97053E+04
 14.0 2.08366E+04
 14.5 2.19751E+04
 15.0 2.31208E+04
 15.5 2.42733E+04
 16.0 2.54324E+04
 16.5 2.65978E+04
 17.0 2.77693E+04
 17.5 2.89466E+04
 18.0 3.01294E+04
 18.5 3.13175E+04
 19.0 3.25106E+04
 19.5 3.37084E+04
 20.0 3.49105E+04
 20.5 3.61164E+04
 21.0 3.73254E+04
 21.5 3.85367E+04
 22.0 3.97493E+04
 22.5 4.09619E+04
 23.0 4.21728E+04
 23.5 4.33800E+04
 24.0 4.45812E+04
 24.5 4.57739E+04
 25.0 4.69552E+04
 25.5 4.81219E+04
 26.0 4.92707E+04
 26.5 5.03981E+04
 27.0 5.15006E+04
 27.5 5.25746E+04
 28.0 5.36167E+04
 28.5 5.46236E+04
 29.0 5.55921E+04
 29.5 5.65193E+04
 30.0 5.74026E+04
 30.5 5.82396E+04
 31.0 5.90283E+04
 31.5 5.97670E+04
 32.0 6.04545E+04
 32.5 6.10897E+04
 33.0 6.16721E+04
 33.5 6.22012E+04
 34.0 6.26769E+04
 34.5 6.30997E+04
 35.0 6.34699E+04
 35.5 6.37883E+04
 36.0 6.40559E+04
 36.5 6.42737E+04
 37.0 6.44430E+04
 37.5 6.45654E+04
 38.0 6.46422E+04
 38.5 6.46751E+04
 39.0 6.46659E+04
 39.5 6.46163E+04
 40.0 6.45279E+04
 40.5 6.44028E+04
 41.0 6.42425E+04
 41.5 6.40490E+04
 42.0 6.38241E+04
 42.5 6.35695E+04
 43.0 6.32869E+04
 43.5 6.29781E+04
 44.0 6.26447E+04
 44.5 6.22882E+04
 45.0 6.19103E+04
 45.5 6.15124E+04
 46.0 6.10960E+04
 46.5 6.06624E+04
 47.0 6.02130E+04
 47.5 5.97491E+04
 48.0 5.92717E+04
 48.5 5.87821E+04
 49.0 5.82814E+04
 49.5 5.77705E+04
 50.0 5.72505E+04
 50.5 5.67222E+04
 51.0 5.61866E+04
 51.5 5.56444E+04
 52.0 5.50964E+04
 52.5 5.45433E+04
 53.0 5.39858E+04
 53.5 5.34246E+04
 54.0 5.28601E+04
 54.5 5.22930E+04
 55.0 5.17238E+04
 55.5 5.11529E+04
 56.0 5.05807E+04
 56.5 5.00078E+04
 57.0 4.94344E+04
 57.5 4.88610E+04
 58.0 1.86037E+05
 58.5 4.77151E+04
 59.0 4.71431E+04
 59.5 2.92228E+05
 60.0 4.60027E+04
 60.5 4.54347E+04
 61.0 4.48683E+04
 61.5 4.43037E+04
 62.0 4.37412E+04
 62.5 4.31808E+04
 63.0 4.26226E+04
 63.5 4.20669E+04
 64.0 4.15136E+04
 64.5 4.09628E+04
 65.0 4.04148E+04
 65.5 3.98694E+04
 66.0 3.93268E+04
 66.5 3.87870E+04
 67.0 1.27163E+05
 67.5 3.77160E+04
 68.0 3.71849E+04
 68.5 3.66567E+04
 69.0 5.99610E+04
 69.5 3.35363E+04
 70.0 2.28623E+04
 70.5 2.27597E+04
 71.0 2.26504E+04
 71.5 2.25347E+04
 72.0 2.24124E+04
 72.5 2.22837E+04
 73.0 2.21486E+04
 73.5 2.20072E+04
 74.0 2.18596E+04
 74.5 2.17058E+04
 75.0 2.15460E+04
 75.5 2.13802E+04
 76.0 2.12085E+04
 76.5 2.10310E+04
 77.0 2.08478E+04
 77.5 2.06590E+04
 78.0 2.04647E+04
 78.5 2.02650E+04
 79.0 2.00599E+04
 79.5 1.98497E+04
 80.0 1.96344E+04
 80.5 1.94141E+04
 81.0 1.91889E+04
 81.5 1.89589E+04
 82.0 1.87243E+04
 82.5 1.84851E+04
 83.0 1.82415E+04
 83.5 1.79935E+04
 84.0 1.77413E+04
 84.5 1.74850E+04
 85.0 1.72247E+04
 85.5 1.69605E+04
 86.0 1.66925E+04
 86.5 1.64208E+04
 87.0 1.61456E+04
 87.5 1.58669E+04
 88.0 1.55849E+04
 88.5 1.52996E+04
 89.0 1.50112E+04
 89.5 1.47198E+04
 90.0 1.44254E+04
 90.5 1.41283E+04
 91.0 1.38284E+04
 91.5 1.35259E+04
 92.0 1.32209E+04
 92.5 1.29134E+04
 93.0 1.26037E+04
 93.5 1.22917E+04
 94.0 1.19777E+04
 94.5 1.16616E+04
 95.0 1.13436E+04
 95.5 1.10237E+04
 96.0 1.07022E+04
 96.5 1.03789E+04
 97.0 1.00542E+04
 97.5 9.72793E+03
 98.0 9.40033E+03
 98.5 9.07143E+03
 99.0 8.74134E+03
 99.5 8.41014E+03
100.0 8.07791E+03
100.5 7.74474E+03
101.0 7.41071E+03
101.5 7.07590E+03
102.0 6.74039E+03
102.5 6.40426E+03
103.0 6.06760E+03
103.5 5.73047E+03
104.0 5.39296E+03
104.5 5.05514E+03
105.0 4.71709E+03
105.5 4.37889E+03
106.0 4.04059E+03
106.5 3.70229E+03
107.0 3.36404E+03
107.5 3.02593E+03
108.0 2.68801E+03
108.5 2.35037E+03
109.0 2.01306E+03
109.5 1.67615E+03
110.0 1.33972E+03
110.5 1.00383E+03
111.0 6.68541E+02
111.5 3.33921E+02
112.0 2.78083E+01
