112K09D0W2
  0.5 0.00000E+00
  1.0 0.00000E+00
  1.5 0.00000E+00
  2.0 0.00000E+00
  2.5 0.00000E+00
  3.0 0.00000E+00
  3.5 1.29885E+04
  4.0 1.78318E+04
  4.5 2.28790E+04
  5.0 2.81027E+04
  5.5 3.34918E+04
  6.0 3.90409E+04
  6.5 4.47469E+04
  7.0 5.06083E+04
  7.5 5.66248E+04
  8.0 6.27980E+04
  8.5 3.30550E+05
  9.0 7.56303E+04
  9.5 4.42054E+05
 10.0 3.73712E+05
 10.5 3.54303E+04
 11.0 3.80600E+04
 11.5 5.15399E+04
 12.0 2.92897E+04
 12.5 2.72865E+04
 13.0 2.89717E+04
 13.5 3.06752E+04
 14.0 3.23967E+04
 14.5 3.41363E+04
 15.0 3.58938E+04
 15.5 3.76692E+04
 16.0 3.94625E+04
 16.5 4.12736E+04
 17.0 4.31022E+04
 17.5 4.49481E+04
 18.0 4.68105E+04
 18.5 4.86882E+04
 19.0 5.05792E+04
 19.5 5.24810E+04
 20.0 5.43898E+04
 20.5 5.63012E+04
 21.0 5.82095E+04
 21.5 6.01083E+04
 22.0 6.19905E+04
 22.5 6.38481E+04
 23.0 6.56729E+04
 23.5 6.74566E+04
 24.0 6.91906E+04
 24.5 7.08670E+04
 25.0 7.24780E+04
 25.5 7.40164E+04
 26.0 7.54758E+04
 26.5 7.68508E+04
 27.0 7.81367E+04
 27.5 7.93297E+04
 28.0 8.04269E+04
 28.5 8.14265E+04
 29.0 8.23272E+04
 29.5 8.31290E+04
 30.0 8.38320E+04
 30.5 8.44377E+04
 31.0 8.49475E+04
 31.5 8.53639E+04
 32.0 8.56894E+04
 32.5 8.59270E+04
 33.0 8.60802E+04
 33.5 8.61525E+04
 34.0 8.61477E+04
 34.5 8.60695E+04
 35.0 8.59220E+04
 35.5 8.57091E+04
 36.0 8.54349E+04
 36.5 8.51031E+04
 37.0 8.47177E+04
 37.5 8.42825E+04
 38.0 8.38011E+04
 38.5 8.32770E+04
 39.0 8.27138E+04
 39.5 8.21147E+04
 40.0 8.14828E+04
 40.5 8.08211E+04
 41.0 8.01325E+04
 41.5 7.94197E+04
 42.0 7.86851E+04
 42.5 7.79312E+04
 43.0 7.71603E+04
 43.5 7.63744E+04
 44.0 7.55756E+04
 44.5 7.47656E+04
 45.0 7.39462E+04
 45.5 7.31189E+04
 46.0 7.22853E+04
 46.5 7.14467E+04
 47.0 7.06044E+04
 47.5 6.97596E+04
 48.0 6.89133E+04
 48.5 6.80664E+04
 49.0 6.72200E+04
 49.5 6.63748E+04
 50.0 6.55315E+04
 50.5 6.46909E+04
 51.0 6.38536E+04
 51.5 6.30201E+04
 52.0 6.21909E+04
 52.5 6.13666E+04
 53.0 6.05474E+04
 53.5 5.97337E+04
 54.0 5.89259E+04
 54.5 5.81242E+04
 55.0 5.73288E+04
 55.5 5.65400E+04
 56.0 5.57580E+04
 56.5 5.49829E+04
 57.0 5.42147E+04
 57.5 5.34537E+04
 58.0 2.13691E+05
 58.5 5.19533E+04
 59.0 5.12140E+04
 59.5 3.35006E+05
 60.0 4.97573E+04
 60.5 4.90399E+04
 61.0 4.83298E+04
 61.5 4.76270E+04
 62.0 4.69313E+04
 62.5 4.62429E+04
 63.0 4.55615E+04
 63.5 4.48872E+04
 64.0 4.42198E+04
 64.5 4.35593E+04
 65.0 4.29057E+04
 65.5 4.22587E+04
 66.0 4.16184E+04
 66.5 4.09845E+04
 67.0 1.39254E+05
 67.5 3.97361E+04
 68.0 3.91213E+04
 68.5 3.85126E+04
 69.0 6.42047E+04
 69.5 3.57206E+04
 70.0 2.73452E+04
 70.5 2.71096E+04
 71.0 2.68693E+04
 71.5 2.66245E+04
 72.0 2.63751E+04
 72.5 2.61214E+04
 73.0 2.58635E+04
 73.5 2.56014E+04
 74.0 2.53353E+04
 74.5 2.50652E+04
 75.0 2.47913E+04
 75.5 2.45138E+04
 76.0 2.42326E+04
 76.5 2.39479E+04
 77.0 2.36599E+04
 77.5 2.33685E+04
 78.0 2.30740E+04
 78.5 2.27764E+04
 79.0 2.24758E+04
 79.5 2.21723E+04
 80.0 2.18660E+04
 80.5 2.15570E+04
 81.0 2.12455E+04
 81.5 2.09314E+04
 82.0 2.06149E+04
 82.5 2.02961E+04
 83.0 1.99751E+04
 83.5 1.96519E+04
 84.0 1.93266E+04
 84.5 1.89994E+04
 85.0 1.86703E+04
 85.5 1.83394E+04
 86.0 1.80068E+04
 86.5 1.76725E+04
 87.0 1.73366E+04
 87.5 1.69993E+04
 88.0 1.66605E+04
 88.5 1.63204E+04
 89.0 1.59791E+04
 89.5 1.56365E+04
 90.0 1.52929E+04
 90.5 1.49482E+04
 91.0 1.46025E+04
 91.5 1.42559E+04
 92.0 1.39085E+04
 92.5 1.35603E+04
 93.0 1.32113E+04
 93.5 1.28618E+04
 94.0 1.25117E+04
 94.5 1.21610E+04
 95.0 1.18099E+04
 95.5 1.14584E+04
 96.0 1.11066E+04
 96.5 1.07545E+04
 97.0 1.04021E+04
 97.5 1.00497E+04
 98.0 9.69711E+03
 98.5 9.34450E+03
 99.0 8.99191E+03
 99.5 8.63938E+03
100.0 8.28699E+03
100.5 7.93477E+03
101.0 7.58278E+03
101.5 7.23109E+03
102.0 6.87973E+03
102.5 6.52876E+03
103.0 6.17823E+03
103.5 5.82819E+03
104.0 5.47870E+03
104.5 5.12980E+03
105.0 4.78154E+03
105.5 4.43397E+03
106.0 4.08714E+03
106.5 3.74110E+03
107.0 3.39590E+03
107.5 3.05157E+03
108.0 2.70818E+03
108.5 2.36577E+03
109.0 2.02437E+03
109.5 1.68405E+03
110.0 1.34484E+03
110.5 1.00679E+03
111.0 6.69948E+02
111.5 3.34354E+02
112.0 2.78309E+01
