112K16D0W2
  0.5 0.00000E+00
  1.0 0.00000E+00
  1.5 0.00000E+00
  2.0 0.00000E+00
  2.5 0.00000E+00
  3.0 0.00000E+00
  3.5 2.79629E+04
  4.0 3.64766E+04
  4.5 4.53931E+04
  5.0 5.47067E+04
  5.5 6.44191E+04
  6.0 7.45377E+04
  6.5 8.50757E+04
  7.0 9.60556E+04
  7.5 1.07512E+05
  8.0 1.19494E+05
  8.5 1.76793E+06
  9.0 1.45235E+05
  9.5 1.48298E+06
 10.0 1.23717E+06
 10.5 6.71369E+04
 11.0 7.21481E+04
 11.5 1.84443E+05
 12.0 5.54582E+04
 12.5 5.16530E+04
 13.0 5.48334E+04
 13.5 5.80765E+04
 14.0 6.13841E+04
 14.5 6.47568E+04
 15.0 6.81934E+04
 15.5 7.16903E+04
 16.0 7.52403E+04
 16.5 7.88324E+04
 17.0 8.24513E+04
 17.5 8.60780E+04
 18.0 8.96901E+04
 18.5 9.32626E+04
 19.0 9.67695E+04
 19.5 1.00184E+05
 20.0 1.03480E+05
 20.5 1.06633E+05
 21.0 1.09622E+05
 21.5 1.12426E+05
 22.0 1.15030E+05
 22.5 1.17423E+05
 23.0 1.19593E+05
 23.5 1.21536E+05
 24.0 1.23249E+05
 24.5 1.24732E+05
 25.0 1.25988E+05
 25.5 1.27021E+05
 26.0 1.27838E+05
 26.5 1.28446E+05
 27.0 1.28855E+05
 27.5 1.29076E+05
 28.0 1.29118E+05
 28.5 1.28993E+05
 29.0 1.28711E+05
 29.5 1.28285E+05
 30.0 1.27725E+05
 30.5 1.27043E+05
 31.0 1.26248E+05
 31.5 1.25352E+05
 32.0 1.24363E+05
 32.5 1.23292E+05
 33.0 1.22147E+05
 33.5 1.20936E+05
 34.0 1.19667E+05
 34.5 1.18348E+05
 35.0 1.16986E+05
 35.5 1.15586E+05
 36.0 1.14154E+05
 36.5 1.12696E+05
 37.0 1.11217E+05
 37.5 1.09722E+05
 38.0 1.08214E+05
 38.5 1.06697E+05
 39.0 1.05175E+05
 39.5 1.03650E+05
 40.0 1.02126E+05
 40.5 1.00606E+05
 41.0 9.90903E+04
 41.5 9.75824E+04
 42.0 9.60839E+04
 42.5 9.45961E+04
 43.0 9.31206E+04
 43.5 9.16586E+04
 44.0 9.02113E+04
 44.5 8.87795E+04
 45.0 8.73640E+04
 45.5 8.59655E+04
 46.0 8.45847E+04
 46.5 8.32220E+04
 47.0 8.18777E+04
 47.5 8.05522E+04
 48.0 7.92458E+04
 48.5 7.79584E+04
 49.0 7.66904E+04
 49.5 7.54416E+04
 50.0 7.42122E+04
 50.5 7.30020E+04
 51.0 7.18110E+04
 51.5 7.06390E+04
 52.0 6.94859E+04
 52.5 6.83515E+04
 53.0 6.72357E+04
 53.5 6.61381E+04
 54.0 6.50585E+04
 54.5 6.39967E+04
 55.0 6.29525E+04
 55.5 6.19254E+04
 56.0 6.09153E+04
 56.5 5.99218E+04
 57.0 5.89446E+04
 57.5 5.79834E+04
 58.0 2.41793E+05
 58.5 5.61078E+04
 59.0 5.51927E+04
 59.5 3.78223E+05
 60.0 5.34064E+04
 60.5 5.25346E+04
 61.0 5.16765E+04
 61.5 5.08318E+04
 62.0 5.00003E+04
 62.5 4.91817E+04
 63.0 4.83756E+04
 63.5 4.75817E+04
 64.0 4.67997E+04
 64.5 4.60294E+04
 65.0 4.52704E+04
 65.5 4.45224E+04
 66.0 4.37853E+04
 66.5 4.30587E+04
 67.0 1.50984E+05
 67.5 4.16359E+04
 68.0 4.09392E+04
 68.5 4.02520E+04
 69.0 6.82570E+04
 69.5 3.78991E+04
 70.0 3.23315E+04
 70.5 3.19197E+04
 71.0 3.15077E+04
 71.5 3.10957E+04
 72.0 3.06836E+04
 72.5 3.02716E+04
 73.0 2.98596E+04
 73.5 2.94478E+04
 74.0 2.90361E+04
 74.5 2.86245E+04
 75.0 2.82133E+04
 75.5 2.78023E+04
 76.0 2.73915E+04
 76.5 2.69812E+04
 77.0 2.65711E+04
 77.5 2.61615E+04
 78.0 2.57523E+04
 78.5 2.53435E+04
 79.0 2.49353E+04
 79.5 2.45275E+04
 80.0 2.41202E+04
 80.5 2.37135E+04
 81.0 2.33073E+04
 81.5 2.29018E+04
 82.0 2.24968E+04
 82.5 2.20925E+04
 83.0 2.16888E+04
 83.5 2.12859E+04
 84.0 2.08835E+04
 84.5 2.04820E+04
 85.0 2.00811E+04
 85.5 1.96810E+04
 86.0 1.92816E+04
 86.5 1.88830E+04
 87.0 1.84852E+04
 87.5 1.80883E+04
 88.0 1.76921E+04
 88.5 1.72968E+04
 89.0 1.69024E+04
 89.5 1.65089E+04
 90.0 1.61162E+04
 90.5 1.57245E+04
 91.0 1.53337E+04
 91.5 1.49438E+04
 92.0 1.45549E+04
 92.5 1.41670E+04
 93.0 1.37801E+04
 93.5 1.33941E+04
 94.0 1.30093E+04
 94.5 1.26254E+04
 95.0 1.22427E+04
 95.5 1.18610E+04
 96.0 1.14804E+04
 96.5 1.11009E+04
 97.0 1.07226E+04
 97.5 1.03454E+04
 98.0 9.96943E+03
 98.5 9.59462E+03
 99.0 9.22102E+03
 99.5 8.84865E+03
100.0 8.47752E+03
100.5 8.10767E+03
101.0 7.73910E+03
101.5 7.37184E+03
102.0 7.00591E+03
102.5 6.64133E+03
103.0 6.27812E+03
103.5 5.91630E+03
104.0 5.55589E+03
104.5 5.19692E+03
105.0 4.83940E+03
105.5 4.48336E+03
106.0 4.12883E+03
106.5 3.77582E+03
107.0 3.42435E+03
107.5 3.07446E+03
108.0 2.72616E+03
108.5 2.37947E+03
109.0 2.03443E+03
109.5 1.69106E+03
110.0 1.34938E+03
110.5 1.00942E+03
111.0 6.71193E+02
111.5 3.34738E+02
112.0 2.78509E+01
