112K18D0W2
  0.5 0.00000E+00
  1.0 0.00000E+00
  1.5 0.00000E+00
  2.0 0.00000E+00
  2.5 0.00000E+00
  3.0 0.00000E+00
  3.5 3.24869E+04
  4.0 4.20872E+04
  4.5 5.21653E+04
  5.0 6.27207E+04
  5.5 7.37605E+04
  6.0 8.52994E+04
  6.5 9.73621E+04
  7.0 1.09988E+05
  7.5 1.23237E+05
  8.0 1.37180E+05
  8.5 2.28593E+06
  9.0 1.67347E+05
  9.5 1.78270E+06
 10.0 1.48606E+06
 10.5 7.68741E+04
 11.0 8.26697E+04
 11.5 2.35624E+05
 12.0 6.34763E+04
 12.5 5.91104E+04
 13.0 6.27766E+04
 13.5 6.65247E+04
 14.0 7.03557E+04
 14.5 7.42678E+04
 15.0 7.82559E+04
 15.5 8.23095E+04
 16.0 8.64131E+04
 16.5 9.05457E+04
 17.0 9.46811E+04
 17.5 9.87896E+04
 18.0 1.02839E+05
 18.5 1.06795E+05
 19.0 1.10625E+05
 19.5 1.14297E+05
 20.0 1.17783E+05
 20.5 1.21058E+05
 21.0 1.24099E+05
 21.5 1.26892E+05
 22.0 1.29423E+05
 22.5 1.31685E+05
 23.0 1.33674E+05
 23.5 1.35390E+05
 24.0 1.36836E+05
 24.5 1.38018E+05
 25.0 1.38944E+05
 25.5 1.39624E+05
 26.0 1.40070E+05
 26.5 1.40294E+05
 27.0 1.40310E+05
 27.5 1.40132E+05
 28.0 1.39772E+05
 28.5 1.39245E+05
 29.0 1.38565E+05
 29.5 1.37745E+05
 30.0 1.36798E+05
 30.5 1.35736E+05
 31.0 1.34572E+05
 31.5 1.33315E+05
 32.0 1.31977E+05
 32.5 1.30568E+05
 33.0 1.29096E+05
 33.5 1.27571E+05
 34.0 1.25999E+05
 34.5 1.24389E+05
 35.0 1.22747E+05
 35.5 1.21080E+05
 36.0 1.19392E+05
 36.5 1.17689E+05
 37.0 1.15976E+05
 37.5 1.14257E+05
 38.0 1.12535E+05
 38.5 1.10815E+05
 39.0 1.09099E+05
 39.5 1.07389E+05
 40.0 1.05689E+05
 40.5 1.04001E+05
 41.0 1.02326E+05
 41.5 1.00666E+05
 42.0 9.90225E+04
 42.5 9.73970E+04
 43.0 9.57905E+04
 43.5 9.42038E+04
 44.0 9.26378E+04
 44.5 9.10930E+04
 45.0 8.95702E+04
 45.5 8.80696E+04
 46.0 8.65915E+04
 46.5 8.51363E+04
 47.0 8.37040E+04
 47.5 8.22947E+04
 48.0 8.09085E+04
 48.5 7.95453E+04
 49.0 7.82049E+04
 49.5 7.68874E+04
 50.0 7.55924E+04
 50.5 7.43198E+04
 51.0 7.30694E+04
 51.5 7.18408E+04
 52.0 7.06338E+04
 52.5 6.94480E+04
 53.0 6.82831E+04
 53.5 6.71388E+04
 54.0 6.60147E+04
 54.5 6.49105E+04
 55.0 6.38257E+04
 55.5 6.27600E+04
 56.0 6.17130E+04
 56.5 6.06843E+04
 57.0 5.96735E+04
 57.5 5.86803E+04
 58.0 2.46184E+05
 58.5 5.67448E+04
 59.0 5.58018E+04
 59.5 3.84954E+05
 60.0 5.39634E+04
 60.5 5.30672E+04
 61.0 5.21858E+04
 61.5 5.13190E+04
 62.0 5.04662E+04
 62.5 4.96272E+04
 63.0 4.88016E+04
 63.5 4.79892E+04
 64.0 4.71894E+04
 64.5 4.64020E+04
 65.0 4.56268E+04
 65.5 4.48633E+04
 66.0 4.41112E+04
 66.5 4.33703E+04
 67.0 1.52772E+05
 67.5 4.19208E+04
 68.0 4.12116E+04
 68.5 4.05124E+04
 69.0 6.88696E+04
 69.5 3.82373E+04
 70.0 3.31503E+04
 70.5 3.27070E+04
 71.0 3.22646E+04
 71.5 3.18230E+04
 72.0 3.13824E+04
 72.5 3.09427E+04
 73.0 3.05040E+04
 73.5 3.00663E+04
 74.0 2.96295E+04
 74.5 2.91938E+04
 75.0 2.87591E+04
 75.5 2.83255E+04
 76.0 2.78929E+04
 76.5 2.74614E+04
 77.0 2.70309E+04
 77.5 2.66016E+04
 78.0 2.61734E+04
 78.5 2.57462E+04
 79.0 2.53202E+04
 79.5 2.48953E+04
 80.0 2.44715E+04
 80.5 2.40489E+04
 81.0 2.36274E+04
 81.5 2.32070E+04
 82.0 2.27878E+04
 82.5 2.23697E+04
 83.0 2.19528E+04
 83.5 2.15371E+04
 84.0 2.11225E+04
 84.5 2.07091E+04
 85.0 2.02969E+04
 85.5 1.98859E+04
 86.0 1.94760E+04
 86.5 1.90673E+04
 87.0 1.86598E+04
 87.5 1.82536E+04
 88.0 1.78485E+04
 88.5 1.74446E+04
 89.0 1.70419E+04
 89.5 1.66405E+04
 90.0 1.62403E+04
 90.5 1.58413E+04
 91.0 1.54436E+04
 91.5 1.50471E+04
 92.0 1.46518E+04
 92.5 1.42578E+04
 93.0 1.38651E+04
 93.5 1.34737E+04
 94.0 1.30835E+04
 94.5 1.26947E+04
 95.0 1.23071E+04
 95.5 1.19209E+04
 96.0 1.15360E+04
 96.5 1.11524E+04
 97.0 1.07701E+04
 97.5 1.03892E+04
 98.0 1.00097E+04
 98.5 9.63160E+03
 99.0 9.25486E+03
 99.5 8.87953E+03
100.0 8.50562E+03
100.5 8.13314E+03
101.0 7.76211E+03
101.5 7.39254E+03
102.0 7.02445E+03
102.5 6.65786E+03
103.0 6.29277E+03
103.5 5.92921E+03
104.0 5.56720E+03
104.5 5.20674E+03
105.0 4.84787E+03
105.5 4.49058E+03
106.0 4.13492E+03
106.5 3.78088E+03
107.0 3.42850E+03
107.5 3.07779E+03
108.0 2.72877E+03
108.5 2.38147E+03
109.0 2.03590E+03
109.5 1.69208E+03
110.0 1.35004E+03
110.5 1.00980E+03
111.0 6.71373E+02
111.5 3.34793E+02
112.0 2.78538E+01
