112K14D0W2
  0.5 0.00000E+00
  1.0 0.00000E+00
  1.5 0.00000E+00
  2.0 0.00000E+00
  2.5 0.00000E+00
  3.0 0.00000E+00
  3.5 2.35519E+04
  4.0 3.10015E+04
  4.5 3.87861E+04
  5.0 4.68953E+04
  5.5 5.53266E+04
  6.0 6.40820E+04
  6.5 7.31674E+04
  7.0 8.25937E+04
  7.5 9.23790E+04
  8.0 1.02551E+05
  8.5 1.27801E+06
  9.0 1.24202E+05
  9.5 1.17587E+06
 10.0 9.82327E+05
 10.5 5.77368E+04
 11.0 6.20157E+04
 11.5 1.37717E+05
 12.0 4.77089E+04
 12.5 4.44415E+04
 13.0 4.71653E+04
 13.5 4.99356E+04
 14.0 5.27536E+04
 14.5 5.56202E+04
 15.0 5.85359E+04
 15.5 6.15003E+04
 16.0 6.45110E+04
 16.5 6.75638E+04
 17.0 7.06515E+04
 17.5 7.37644E+04
 18.0 7.68894E+04
 18.5 8.00110E+04
 19.0 8.31114E+04
 19.5 8.61711E+04
 20.0 8.91698E+04
 20.5 9.20871E+04
 21.0 9.49029E+04
 21.5 9.75987E+04
 22.0 1.00158E+05
 22.5 1.02565E+05
 23.0 1.04807E+05
 23.5 1.06876E+05
 24.0 1.08763E+05
 24.5 1.10463E+05
 25.0 1.11974E+05
 25.5 1.13295E+05
 26.0 1.14429E+05
 26.5 1.15377E+05
 27.0 1.16144E+05
 27.5 1.16737E+05
 28.0 1.17162E+05
 28.5 1.17427E+05
 29.0 1.17540E+05
 29.5 1.17509E+05
 30.0 1.17343E+05
 30.5 1.17051E+05
 31.0 1.16642E+05
 31.5 1.16125E+05
 32.0 1.15508E+05
 32.5 1.14799E+05
 33.0 1.14007E+05
 33.5 1.13140E+05
 34.0 1.12204E+05
 34.5 1.11206E+05
 35.0 1.10154E+05
 35.5 1.09054E+05
 36.0 1.07910E+05
 36.5 1.06730E+05
 37.0 1.05517E+05
 37.5 1.04277E+05
 38.0 1.03014E+05
 38.5 1.01731E+05
 39.0 1.00434E+05
 39.5 9.91239E+04
 40.0 9.78054E+04
 40.5 9.64809E+04
 41.0 9.51530E+04
 41.5 9.38241E+04
 42.0 9.24964E+04
 42.5 9.11717E+04
 43.0 8.98517E+04
 43.5 8.85381E+04
 44.0 8.72323E+04
 44.5 8.59354E+04
 45.0 8.46486E+04
 45.5 8.33729E+04
 46.0 8.21090E+04
 46.5 8.08578E+04
 47.0 7.96199E+04
 47.5 7.83958E+04
 48.0 7.71860E+04
 48.5 7.59908E+04
 49.0 7.48106E+04
 49.5 7.36457E+04
 50.0 7.24962E+04
 50.5 7.13622E+04
 51.0 7.02439E+04
 51.5 6.91413E+04
 52.0 6.80544E+04
 52.5 6.69832E+04
 53.0 6.59276E+04
 53.5 6.48875E+04
 54.0 6.38628E+04
 54.5 6.28534E+04
 55.0 6.18592E+04
 55.5 6.08799E+04
 56.0 5.99154E+04
 56.5 5.89655E+04
 57.0 5.80299E+04
 57.5 5.71085E+04
 58.0 2.36305E+05
 58.5 5.53072E+04
 59.0 5.44269E+04
 59.5 3.69803E+05
 60.0 5.27055E+04
 60.5 5.18640E+04
 61.0 5.10349E+04
 61.5 5.02181E+04
 62.0 4.94132E+04
 62.5 4.86199E+04
 63.0 4.78381E+04
 63.5 4.70675E+04
 64.0 4.63078E+04
 64.5 4.55588E+04
 65.0 4.48202E+04
 65.5 4.40918E+04
 66.0 4.33734E+04
 66.5 4.26647E+04
 67.0 1.48733E+05
 67.5 4.12756E+04
 68.0 4.05946E+04
 68.5 3.99225E+04
 69.0 6.74839E+04
 69.5 3.74757E+04
 70.0 3.13233E+04
 70.5 3.09493E+04
 71.0 3.05740E+04
 71.5 3.01976E+04
 72.0 2.98200E+04
 72.5 2.94414E+04
 73.0 2.90618E+04
 73.5 2.86814E+04
 74.0 2.83001E+04
 74.5 2.79181E+04
 75.0 2.75353E+04
 75.5 2.71519E+04
 76.0 2.67679E+04
 76.5 2.63834E+04
 77.0 2.59983E+04
 77.5 2.56129E+04
 78.0 2.52271E+04
 78.5 2.48409E+04
 79.0 2.44544E+04
 79.5 2.40677E+04
 80.0 2.36808E+04
 80.5 2.32938E+04
 81.0 2.29066E+04
 81.5 2.25193E+04
 82.0 2.21321E+04
 82.5 2.17448E+04
 83.0 2.13575E+04
 83.5 2.09704E+04
 84.0 2.05833E+04
 84.5 2.01964E+04
 85.0 1.98097E+04
 85.5 1.94232E+04
 86.0 1.90369E+04
 86.5 1.86509E+04
 87.0 1.82653E+04
 87.5 1.78799E+04
 88.0 1.74950E+04
 88.5 1.71104E+04
 89.0 1.67263E+04
 89.5 1.63427E+04
 90.0 1.59595E+04
 90.5 1.55768E+04
 91.0 1.51947E+04
 91.5 1.48132E+04
 92.0 1.44323E+04
 92.5 1.40520E+04
 93.0 1.36724E+04
 93.5 1.32934E+04
 94.0 1.29152E+04
 94.5 1.25377E+04
 95.0 1.21610E+04
 95.5 1.17851E+04
 96.0 1.14100E+04
 96.5 1.10357E+04
 97.0 1.06623E+04
 97.5 1.02898E+04
 98.0 9.91826E+03
 98.5 9.54765E+03
 99.0 9.17803E+03
 99.5 8.80940E+03
100.0 8.44181E+03
100.5 8.07528E+03
101.0 7.70984E+03
101.5 7.34551E+03
102.0 6.98232E+03
102.5 6.62029E+03
103.0 6.25946E+03
103.5 5.89985E+03
104.0 5.54149E+03
104.5 5.18440E+03
105.0 4.82862E+03
105.5 4.47416E+03
106.0 4.12107E+03
106.5 3.76936E+03
107.0 3.41906E+03
107.5 3.07020E+03
108.0 2.72282E+03
108.5 2.37693E+03
109.0 2.03257E+03
109.5 1.68976E+03
110.0 1.34854E+03
110.5 1.00893E+03
111.0 6.70962E+02
111.5 3.34667E+02
112.0 2.78472E+01
