112K11D0W2
  0.5 0.00000E+00
  1.0 0.00000E+00
  1.5 0.00000E+00
  2.0 0.00000E+00
  2.5 0.00000E+00
  3.0 0.00000E+00
  3.5 1.71332E+04
  4.0 2.30152E+04
  4.5 2.91457E+04
  5.0 3.55059E+04
  5.5 4.20883E+04
  6.0 4.88897E+04
  6.5 5.59095E+04
  7.0 6.31493E+04
  7.5 7.06130E+04
  8.0 7.83085E+04
  8.5 6.44456E+05
  9.0 9.44490E+04
  9.5 7.19656E+05
 10.0 6.03985E+05
 10.5 4.41721E+04
 11.0 4.74346E+04
 11.5 7.97201E+04
 12.0 3.65127E+04
 12.5 3.40160E+04
 13.0 3.61012E+04
 13.5 3.82141E+04
 14.0 4.03549E+04
 14.5 4.25238E+04
 15.0 4.47211E+04
 15.5 4.69471E+04
 16.0 4.92019E+04
 16.5 5.14851E+04
 17.0 5.37957E+04
 17.5 5.61318E+04
 18.0 5.84901E+04
 18.5 6.08659E+04
 19.0 6.32531E+04
 19.5 6.56436E+04
 20.0 6.80281E+04
 20.5 7.03958E+04
 21.0 7.27350E+04
 21.5 7.50332E+04
 22.0 7.72778E+04
 22.5 7.94561E+04
 23.0 8.15562E+04
 23.5 8.35666E+04
 24.0 8.54772E+04
 24.5 8.72788E+04
 25.0 8.89640E+04
 25.5 9.05263E+04
 26.0 9.19612E+04
 26.5 9.32652E+04
 27.0 9.44364E+04
 27.5 9.54743E+04
 28.0 9.63793E+04
 28.5 9.71531E+04
 29.0 9.77981E+04
 29.5 9.83176E+04
 30.0 9.87157E+04
 30.5 9.89968E+04
 31.0 9.91659E+04
 31.5 9.92284E+04
 32.0 9.91897E+04
 32.5 9.90554E+04
 33.0 9.88314E+04
 33.5 9.85233E+04
 34.0 9.81370E+04
 34.5 9.76779E+04
 35.0 9.71516E+04
 35.5 9.65633E+04
 36.0 9.59182E+04
 36.5 9.52213E+04
 37.0 9.44773E+04
 37.5 9.36906E+04
 38.0 9.28656E+04
 38.5 9.20060E+04
 39.0 9.11161E+04
 39.5 9.01991E+04
 40.0 8.92584E+04
 40.5 8.82972E+04
 41.0 8.73183E+04
 41.5 8.63245E+04
 42.0 8.53184E+04
 42.5 8.43020E+04
 43.0 8.32778E+04
 43.5 8.22475E+04
 44.0 8.12130E+04
 44.5 8.01761E+04
 45.0 7.91381E+04
 45.5 7.81005E+04
 46.0 7.70646E+04
 46.5 7.60314E+04
 47.0 7.50021E+04
 47.5 7.39775E+04
 48.0 7.29586E+04
 48.5 7.19459E+04
 49.0 7.09402E+04
 49.5 6.99422E+04
 50.0 6.89522E+04
 50.5 6.79708E+04
 51.0 6.69985E+04
 51.5 6.60353E+04
 52.0 6.50818E+04
 52.5 6.41381E+04
 53.0 6.32045E+04
 53.5 6.22811E+04
 54.0 6.13680E+04
 54.5 6.04654E+04
 55.0 5.95732E+04
 55.5 5.86916E+04
 56.0 5.78205E+04
 56.5 5.69600E+04
 57.0 5.61100E+04
 57.5 5.52704E+04
 58.0 2.24868E+05
 58.5 5.36224E+04
 59.0 5.28138E+04
 59.5 3.52224E+05
 60.0 5.12270E+04
 60.5 5.04484E+04
 61.0 4.96797E+04
 61.5 4.89206E+04
 62.0 4.81710E+04
 62.5 4.74307E+04
 63.0 4.66996E+04
 63.5 4.59776E+04
 64.0 4.52645E+04
 64.5 4.45602E+04
 65.0 4.38644E+04
 65.5 4.31770E+04
 66.0 4.24979E+04
 66.5 4.18268E+04
 67.0 1.43981E+05
 67.5 4.05084E+04
 68.0 3.98607E+04
 68.5 3.92204E+04
 69.0 6.58450E+04
 69.5 3.65906E+04
 70.0 2.92759E+04
 70.5 2.89754E+04
 71.0 2.86716E+04
 71.5 2.83647E+04
 72.0 2.80548E+04
 72.5 2.77419E+04
 73.0 2.74263E+04
 73.5 2.71079E+04
 74.0 2.67869E+04
 74.5 2.64634E+04
 75.0 2.61375E+04
 75.5 2.58092E+04
 76.0 2.54787E+04
 76.5 2.51460E+04
 77.0 2.48112E+04
 77.5 2.44745E+04
 78.0 2.41359E+04
 78.5 2.37954E+04
 79.0 2.34532E+04
 79.5 2.31093E+04
 80.0 2.27639E+04
 80.5 2.24169E+04
 81.0 2.20685E+04
 81.5 2.17188E+04
 82.0 2.13677E+04
 82.5 2.10154E+04
 83.0 2.06619E+04
 83.5 2.03074E+04
 84.0 1.99518E+04
 84.5 1.95953E+04
 85.0 1.92378E+04
 85.5 1.88795E+04
 86.0 1.85205E+04
 86.5 1.81607E+04
 87.0 1.78002E+04
 87.5 1.74392E+04
 88.0 1.70776E+04
 88.5 1.67155E+04
 89.0 1.63529E+04
 89.5 1.59900E+04
 90.0 1.56267E+04
 90.5 1.52631E+04
 91.0 1.48993E+04
 91.5 1.45354E+04
 92.0 1.41713E+04
 92.5 1.38071E+04
 93.0 1.34428E+04
 93.5 1.30786E+04
 94.0 1.27145E+04
 94.5 1.23504E+04
 95.0 1.19865E+04
 95.5 1.16228E+04
 96.0 1.12593E+04
 96.5 1.08961E+04
 97.0 1.05332E+04
 97.5 1.01707E+04
 98.0 9.80857E+03
 98.5 9.44693E+03
 99.0 9.08578E+03
 99.5 8.72516E+03
100.0 8.36513E+03
100.5 8.00571E+03
101.0 7.64694E+03
101.5 7.28888E+03
102.0 6.93156E+03
102.5 6.57502E+03
103.0 6.21930E+03
103.5 5.86443E+03
104.0 5.51046E+03
104.5 5.15743E+03
105.0 4.80537E+03
105.5 4.45432E+03
106.0 4.10432E+03
106.5 3.75541E+03
107.0 3.40763E+03
107.5 3.06101E+03
108.0 2.71560E+03
108.5 2.37142E+03
109.0 2.02853E+03
109.5 1.68695E+03
110.0 1.34672E+03
110.5 1.00788E+03
111.0 6.70462E+02
111.5 3.34513E+02
112.0 2.78392E+01
