113K06D0W2
  0.5 0.00000E+00
  1.0 0.00000E+00
  1.5 0.00000E+00
  2.0 0.00000E+00
  2.5 0.00000E+00
  3.0 0.00000E+00
  3.5 6.96691E+03
  4.0 1.02000E+04
  4.5 1.36014E+04
  5.0 1.71216E+04
  5.5 2.07396E+04
  6.0 2.44453E+04
  6.5 2.82333E+04
  7.0 3.20998E+04
  7.5 3.60421E+04
  8.0 4.00583E+04
  8.5 7.46411E+04
  9.0 4.83061E+04
  9.5 1.31019E+05
 10.0 1.14806E+05
 10.5 2.25507E+04
 11.0 2.42765E+04
 11.5 2.55517E+04
 12.0 1.86435E+04
 12.5 1.73652E+04
 13.0 1.84768E+04
 13.5 1.95964E+04
 14.0 2.07237E+04
 14.5 2.18585E+04
 15.0 2.30006E+04
 15.5 2.41496E+04
 16.0 2.53053E+04
 16.5 2.64676E+04
 17.0 2.76360E+04
 17.5 2.88104E+04
 18.0 2.99905E+04
 18.5 3.11761E+04
 19.0 3.23669E+04
 19.5 3.35626E+04
 20.0 3.47627E+04
 20.5 3.59670E+04
 21.0 3.71747E+04
 21.5 3.83850E+04
 22.0 3.95971E+04
 22.5 4.08097E+04
 23.0 4.20211E+04
 23.5 4.32295E+04
 24.0 4.44328E+04
 24.5 4.56285E+04
 25.0 4.68137E+04
 25.5 4.79853E+04
 26.0 4.91402E+04
 26.5 5.02749E+04
 27.0 5.13858E+04
 27.5 5.24695E+04
 28.0 5.35226E+04
 28.5 5.45416E+04
 29.0 5.55234E+04
 29.5 5.64650E+04
 30.0 5.73636E+04
 30.5 5.82170E+04
 31.0 5.90229E+04
 31.5 5.97796E+04
 32.0 6.04857E+04
 32.5 6.11401E+04
 33.0 6.17420E+04
 33.5 6.22910E+04
 34.0 6.27869E+04
 34.5 6.32299E+04
 35.0 6.36204E+04
 35.5 6.39590E+04
 36.0 6.42466E+04
 36.5 6.44843E+04
 37.0 6.46732E+04
 37.5 6.48147E+04
 38.0 6.49104E+04
 38.5 6.49616E+04
 39.0 6.49702E+04
 39.5 6.49378E+04
 40.0 6.48662E+04
 40.5 6.47572E+04
 41.0 6.46125E+04
 41.5 6.44339E+04
 42.0 6.42233E+04
 42.5 6.39824E+04
 43.0 6.37129E+04
 43.5 6.34165E+04
 44.0 6.30949E+04
 44.5 6.27496E+04
 45.0 6.23823E+04
 45.5 6.19945E+04
 46.0 6.15875E+04
 46.5 6.11629E+04
 47.0 6.07218E+04
 47.5 6.02657E+04
 48.0 5.97957E+04
 48.5 5.93130E+04
 49.0 5.88187E+04
 49.5 5.83138E+04
 50.0 5.77993E+04
 50.5 5.72762E+04
 51.0 5.67454E+04
 51.5 5.62076E+04
 52.0 5.56637E+04
 52.5 5.51143E+04
 53.0 5.45603E+04
 53.5 5.40022E+04
 54.0 5.34406E+04
 54.5 5.28761E+04
 55.0 5.23093E+04
 55.5 5.17405E+04
 56.0 5.11704E+04
 56.5 5.05992E+04
 57.0 5.00274E+04
 57.5 4.94554E+04
 58.0 1.90468E+05
 58.5 4.83119E+04
 59.0 4.77410E+04
 59.5 2.99828E+05
 60.0 4.66022E+04
 60.5 4.60348E+04
 61.0 4.54690E+04
 61.5 4.49050E+04
 62.0 4.43429E+04
 62.5 4.37829E+04
 63.0 4.32251E+04
 63.5 4.26696E+04
 64.0 4.21166E+04
 64.5 4.15661E+04
 65.0 4.10182E+04
 65.5 4.04730E+04
 66.0 3.99305E+04
 66.5 3.93909E+04
 67.0 1.30560E+05
 67.5 3.83202E+04
 68.0 3.77892E+04
 68.5 3.72611E+04
 69.0 6.13279E+04
 69.5 3.40663E+04
 70.0 2.30227E+04
 70.5 2.29272E+04
 71.0 2.28252E+04
 71.5 2.27167E+04
 72.0 2.26017E+04
 72.5 2.24804E+04
 73.0 2.23528E+04
 73.5 2.22189E+04
 74.0 2.20788E+04
 74.5 2.19326E+04
 75.0 2.17803E+04
 75.5 2.16221E+04
 76.0 2.14581E+04
 76.5 2.12882E+04
 77.0 2.11127E+04
 77.5 2.09315E+04
 78.0 2.07449E+04
 78.5 2.05528E+04
 79.0 2.03554E+04
 79.5 2.01529E+04
 80.0 1.99452E+04
 80.5 1.97325E+04
 81.0 1.95149E+04
 81.5 1.92924E+04
 82.0 1.90654E+04
 82.5 1.88337E+04
 83.0 1.85975E+04
 83.5 1.83570E+04
 84.0 1.81122E+04
 84.5 1.78632E+04
 85.0 1.76102E+04
 85.5 1.73533E+04
 86.0 1.70925E+04
 86.5 1.68280E+04
 87.0 1.65599E+04
 87.5 1.62883E+04
 88.0 1.60132E+04
 88.5 1.57349E+04
 89.0 1.54533E+04
 89.5 1.51687E+04
 90.0 1.48811E+04
 90.5 1.45905E+04
 91.0 1.42972E+04
 91.5 1.40012E+04
 92.0 1.37026E+04
 92.5 1.34016E+04
 93.0 1.30981E+04
 93.5 1.27923E+04
 94.0 1.24844E+04
 94.5 1.21743E+04
 95.0 1.18622E+04
 95.5 1.15483E+04
 96.0 1.12324E+04
 96.5 1.09149E+04
 97.0 1.05957E+04
 97.5 1.02750E+04
 98.0 9.95276E+03
 98.5 9.62917E+03
 99.0 9.30429E+03
 99.5 8.97820E+03
100.0 8.65099E+03
100.5 8.32273E+03
101.0 7.99351E+03
101.5 7.66341E+03
102.0 7.33251E+03
102.5 7.00088E+03
103.0 6.66862E+03
103.5 6.33579E+03
104.0 6.00246E+03
104.5 5.66872E+03
105.0 5.33464E+03
105.5 5.00029E+03
106.0 4.66574E+03
106.5 4.33107E+03
107.0 3.99634E+03
107.5 3.66163E+03
108.0 3.32701E+03
108.5 2.99254E+03
109.0 2.65828E+03
109.5 2.32432E+03
110.0 1.99070E+03
110.5 1.65751E+03
111.0 1.32480E+03
111.5 9.92630E+02
112.0 6.61072E+02
112.5 3.30186E+02
113.0 2.74970E+01
