113K17D0W2
  0.5 0.00000E+00
  1.0 0.00000E+00
  1.5 0.00000E+00
  2.0 0.00000E+00
  2.5 0.00000E+00
  3.0 0.00000E+00
  3.5 2.99738E+04
  4.0 3.89697E+04
  4.5 4.84019E+04
  5.0 5.82671E+04
  5.5 6.85691E+04
  6.0 7.93180E+04
  6.5 9.05313E+04
  7.0 1.02238E+05
  7.5 1.14482E+05
  8.0 1.27323E+05
  8.5 1.99458E+06
  9.0 1.55009E+05
  9.5 1.62274E+06
 10.0 1.35318E+06
 10.5 7.15032E+04
 11.0 7.68666E+04
 11.5 2.06432E+05
 12.0 5.90741E+04
 12.5 5.50230E+04
 13.0 5.84251E+04
 13.5 6.18989E+04
 14.0 6.54461E+04
 14.5 6.90669E+04
 15.0 7.27590E+04
 15.5 7.65167E+04
 16.0 8.03300E+04
 16.5 8.41841E+04
 17.0 8.80596E+04
 17.5 9.19333E+04
 18.0 9.57784E+04
 18.5 9.95660E+04
 19.0 1.03267E+05
 19.5 1.06851E+05
 20.0 1.10291E+05
 20.5 1.13560E+05
 21.0 1.16638E+05
 21.5 1.19504E+05
 22.0 1.22143E+05
 22.5 1.24545E+05
 23.0 1.26702E+05
 23.5 1.28609E+05
 24.0 1.30267E+05
 24.5 1.31677E+05
 25.0 1.32844E+05
 25.5 1.33774E+05
 26.0 1.34477E+05
 26.5 1.34962E+05
 27.0 1.35241E+05
 27.5 1.35324E+05
 28.0 1.35223E+05
 28.5 1.34952E+05
 29.0 1.34523E+05
 29.5 1.33947E+05
 30.0 1.33237E+05
 30.5 1.32405E+05
 31.0 1.31462E+05
 31.5 1.30419E+05
 32.0 1.29285E+05
 32.5 1.28072E+05
 33.0 1.26787E+05
 33.5 1.25440E+05
 34.0 1.24038E+05
 34.5 1.22589E+05
 35.0 1.21100E+05
 35.5 1.19577E+05
 36.0 1.18026E+05
 36.5 1.16453E+05
 37.0 1.14862E+05
 37.5 1.13258E+05
 38.0 1.11645E+05
 38.5 1.10026E+05
 39.0 1.08406E+05
 39.5 1.06787E+05
 40.0 1.05172E+05
 40.5 1.03564E+05
 41.0 1.01963E+05
 41.5 1.00374E+05
 42.0 9.87961E+04
 42.5 9.72321E+04
 43.0 9.56833E+04
 43.5 9.41506E+04
 44.0 9.26350E+04
 44.5 9.11374E+04
 45.0 8.96586E+04
 45.5 8.81991E+04
 46.0 8.67595E+04
 46.5 8.53401E+04
 47.0 8.39412E+04
 47.5 8.25631E+04
 48.0 8.12059E+04
 48.5 7.98697E+04
 49.0 7.85545E+04
 49.5 7.72604E+04
 50.0 7.59871E+04
 50.5 7.47347E+04
 51.0 7.35030E+04
 51.5 7.22918E+04
 52.0 7.11009E+04
 52.5 6.99301E+04
 53.0 6.87790E+04
 53.5 6.76475E+04
 54.0 6.65353E+04
 54.5 6.54420E+04
 55.0 6.43674E+04
 55.5 6.33110E+04
 56.0 6.22726E+04
 56.5 6.12518E+04
 57.0 6.02484E+04
 57.5 5.92618E+04
 58.0 2.51584E+05
 58.5 5.73382E+04
 59.0 5.64003E+04
 59.5 3.94244E+05
 60.0 5.45710E+04
 60.5 5.36787E+04
 61.0 5.28010E+04
 61.5 5.19374E+04
 62.0 5.10877E+04
 62.5 5.02514E+04
 63.0 4.94283E+04
 63.5 4.86181E+04
 64.0 4.78203E+04
 64.5 4.70348E+04
 65.0 4.62612E+04
 65.5 4.54992E+04
 66.0 4.47485E+04
 66.5 4.40088E+04
 67.0 1.56697E+05
 67.5 4.25613E+04
 68.0 4.18529E+04
 68.5 4.11545E+04
 69.0 7.03990E+04
 69.5 3.87916E+04
 70.0 3.32681E+04
 70.5 3.28423E+04
 71.0 3.24168E+04
 71.5 3.19919E+04
 72.0 3.15673E+04
 72.5 3.11433E+04
 73.0 3.07197E+04
 73.5 3.02968E+04
 74.0 2.98744E+04
 74.5 2.94526E+04
 75.0 2.90315E+04
 75.5 2.86111E+04
 76.0 2.81913E+04
 76.5 2.77723E+04
 77.0 2.73539E+04
 77.5 2.69364E+04
 78.0 2.65196E+04
 78.5 2.61036E+04
 79.0 2.56884E+04
 79.5 2.52740E+04
 80.0 2.48605E+04
 80.5 2.44478E+04
 81.0 2.40360E+04
 81.5 2.36250E+04
 82.0 2.32149E+04
 82.5 2.28058E+04
 83.0 2.23975E+04
 83.5 2.19902E+04
 84.0 2.15838E+04
 84.5 2.11783E+04
 85.0 2.07738E+04
 85.5 2.03703E+04
 86.0 1.99677E+04
 86.5 1.95662E+04
 87.0 1.91656E+04
 87.5 1.87660E+04
 88.0 1.83674E+04
 88.5 1.79699E+04
 89.0 1.75734E+04
 89.5 1.71779E+04
 90.0 1.67835E+04
 90.5 1.63902E+04
 91.0 1.59979E+04
 91.5 1.56067E+04
 92.0 1.52166E+04
 92.5 1.48276E+04
 93.0 1.44397E+04
 93.5 1.40530E+04
 94.0 1.36673E+04
 94.5 1.32829E+04
 95.0 1.28996E+04
 95.5 1.25175E+04
 96.0 1.21365E+04
 96.5 1.17568E+04
 97.0 1.13782E+04
 97.5 1.10009E+04
 98.0 1.06249E+04
 98.5 1.02501E+04
 99.0 9.87653E+03
 99.5 9.50427E+03
100.0 9.13330E+03
100.5 8.76365E+03
101.0 8.39533E+03
101.5 8.02834E+03
102.0 7.66272E+03
102.5 7.29848E+03
103.0 6.93562E+03
103.5 6.57418E+03
104.0 6.21417E+03
104.5 5.85560E+03
105.0 5.49849E+03
105.5 5.14287E+03
106.0 4.78875E+03
106.5 4.43615E+03
107.0 4.08509E+03
107.5 3.73559E+03
108.0 3.38767E+03
108.5 3.04135E+03
109.0 2.69665E+03
109.5 2.35360E+03
110.0 2.01221E+03
110.5 1.67251E+03
111.0 1.33451E+03
111.5 9.98249E+02
112.0 6.63740E+02
112.5 3.31008E+02
113.0 2.75400E+01
