113K20D0W2
  0.5 0.00000E+00
  1.0 0.00000E+00
  1.5 0.00000E+00
  2.0 0.00000E+00
  2.5 0.00000E+00
  3.0 0.00000E+00
  3.5 3.68494E+04
  4.0 4.74947E+04
  4.5 5.86961E+04
  5.0 7.04581E+04
  5.5 8.27943E+04
  6.0 9.57290E+04
  6.5 1.09302E+05
  7.0 1.23574E+05
  7.5 1.38632E+05
  8.0 1.54568E+05
  8.5 2.78712E+06
  9.0 1.89171E+05
  9.5 2.06317E+06
 10.0 1.71905E+06
 10.5 8.64331E+04
 11.0 9.30272E+04
 11.5 2.86390E+05
 12.0 7.13618E+04
 12.5 6.64480E+04
 13.0 7.06102E+04
 13.5 7.48747E+04
 14.0 7.92405E+04
 14.5 8.37013E+04
 15.0 8.82455E+04
 15.5 9.28537E+04
 16.0 9.75004E+04
 16.5 1.02153E+05
 17.0 1.06776E+05
 17.5 1.11328E+05
 18.0 1.15769E+05
 18.5 1.20058E+05
 19.0 1.24158E+05
 19.5 1.28036E+05
 20.0 1.31661E+05
 20.5 1.35010E+05
 21.0 1.38066E+05
 21.5 1.40814E+05
 22.0 1.43249E+05
 22.5 1.45367E+05
 23.0 1.47169E+05
 23.5 1.48662E+05
 24.0 1.49854E+05
 24.5 1.50755E+05
 25.0 1.51380E+05
 25.5 1.51742E+05
 26.0 1.51858E+05
 26.5 1.51743E+05
 27.0 1.51414E+05
 27.5 1.50887E+05
 28.0 1.50180E+05
 28.5 1.49307E+05
 29.0 1.48285E+05
 29.5 1.47128E+05
 30.0 1.45850E+05
 30.5 1.44464E+05
 31.0 1.42984E+05
 31.5 1.41421E+05
 32.0 1.39785E+05
 32.5 1.38088E+05
 33.0 1.36337E+05
 33.5 1.34543E+05
 34.0 1.32713E+05
 34.5 1.30853E+05
 35.0 1.28971E+05
 35.5 1.27073E+05
 36.0 1.25164E+05
 36.5 1.23249E+05
 37.0 1.21332E+05
 37.5 1.19417E+05
 38.0 1.17509E+05
 38.5 1.15609E+05
 39.0 1.13721E+05
 39.5 1.11847E+05
 40.0 1.09990E+05
 40.5 1.08151E+05
 41.0 1.06331E+05
 41.5 1.04533E+05
 42.0 1.02758E+05
 42.5 1.01006E+05
 43.0 9.92781E+04
 43.5 9.75755E+04
 44.0 9.58985E+04
 44.5 9.42476E+04
 45.0 9.26230E+04
 45.5 9.10249E+04
 46.0 8.94535E+04
 46.5 8.79089E+04
 47.0 8.63910E+04
 47.5 8.48996E+04
 48.0 8.34347E+04
 48.5 8.19961E+04
 49.0 8.05835E+04
 49.5 7.91967E+04
 50.0 7.78352E+04
 50.5 7.64989E+04
 51.0 7.51873E+04
 51.5 7.39000E+04
 52.0 7.26366E+04
 52.5 7.13968E+04
 53.0 7.01800E+04
 53.5 6.89859E+04
 54.0 6.78140E+04
 54.5 6.66638E+04
 55.0 6.55348E+04
 55.5 6.44267E+04
 56.0 6.33390E+04
 56.5 6.22712E+04
 57.0 6.12228E+04
 57.5 6.01934E+04
 58.0 2.57585E+05
 58.5 5.81898E+04
 59.0 5.72147E+04
 59.5 4.03455E+05
 60.0 5.53158E+04
 60.5 5.43910E+04
 61.0 5.34822E+04
 61.5 5.25890E+04
 62.0 5.17109E+04
 62.5 5.08475E+04
 63.0 4.99985E+04
 63.5 4.91634E+04
 64.0 4.83420E+04
 64.5 4.75338E+04
 65.0 4.67385E+04
 65.5 4.59557E+04
 66.0 4.51851E+04
 66.5 4.44264E+04
 67.0 1.59135E+05
 67.5 4.29433E+04
 68.0 4.22183E+04
 68.5 4.15039E+04
 69.0 7.12303E+04
 69.5 3.92481E+04
 70.0 3.43811E+04
 70.5 3.39125E+04
 71.0 3.34458E+04
 71.5 3.29807E+04
 72.0 3.25175E+04
 72.5 3.20559E+04
 73.0 3.15962E+04
 73.5 3.11382E+04
 74.0 3.06819E+04
 74.5 3.02274E+04
 75.0 2.97747E+04
 75.5 2.93236E+04
 76.0 2.88743E+04
 76.5 2.84267E+04
 77.0 2.79808E+04
 77.5 2.75367E+04
 78.0 2.70942E+04
 78.5 2.66534E+04
 79.0 2.62142E+04
 79.5 2.57768E+04
 80.0 2.53409E+04
 80.5 2.49068E+04
 81.0 2.44742E+04
 81.5 2.40433E+04
 82.0 2.36140E+04
 82.5 2.31863E+04
 83.0 2.27602E+04
 83.5 2.23356E+04
 84.0 2.19127E+04
 84.5 2.14913E+04
 85.0 2.10714E+04
 85.5 2.06532E+04
 86.0 2.02364E+04
 86.5 1.98212E+04
 87.0 1.94075E+04
 87.5 1.89953E+04
 88.0 1.85846E+04
 88.5 1.81755E+04
 89.0 1.77678E+04
 89.5 1.73617E+04
 90.0 1.69570E+04
 90.5 1.65538E+04
 91.0 1.61521E+04
 91.5 1.57519E+04
 92.0 1.53532E+04
 92.5 1.49559E+04
 93.0 1.45601E+04
 93.5 1.41658E+04
 94.0 1.37730E+04
 94.5 1.33817E+04
 95.0 1.29918E+04
 95.5 1.26034E+04
 96.0 1.22165E+04
 96.5 1.18311E+04
 97.0 1.14472E+04
 97.5 1.10648E+04
 98.0 1.06839E+04
 98.5 1.03045E+04
 99.0 9.92656E+03
 99.5 9.55017E+03
100.0 9.17531E+03
100.5 8.80198E+03
101.0 8.43019E+03
101.5 8.05996E+03
102.0 7.69128E+03
102.5 7.32417E+03
103.0 6.95864E+03
103.5 6.59469E+03
104.0 6.23235E+03
104.5 5.87163E+03
105.0 5.51253E+03
105.5 5.15506E+03
106.0 4.79925E+03
106.5 4.44511E+03
107.0 4.09265E+03
107.5 3.74188E+03
108.0 3.39282E+03
108.5 3.04549E+03
109.0 2.69990E+03
109.5 2.35608E+03
110.0 2.01403E+03
110.5 1.67377E+03
111.0 1.33533E+03
111.5 9.98722E+02
112.0 6.63964E+02
112.5 3.31077E+02
113.0 2.75436E+01
