114K07D0W2
  0.5 0.00000E+00
  1.0 0.00000E+00
  1.5 0.00000E+00
  2.0 0.00000E+00
  2.5 0.00000E+00
  3.0 0.00000E+00
  3.5 8.80854E+03
  4.0 1.25531E+04
  4.5 1.64716E+04
  5.0 2.05240E+04
  5.5 2.46931E+04
  6.0 2.89710E+04
  6.5 3.33529E+04
  7.0 3.78357E+04
  7.5 4.24170E+04
  8.0 4.70954E+04
  8.5 1.22603E+05
  9.0 5.67412E+04
  9.5 2.04980E+05
 10.0 1.76674E+05
 10.5 2.65649E+04
 11.0 2.85723E+04
 11.5 3.16627E+04
 12.0 2.19719E+04
 12.5 2.04705E+04
 13.0 2.17625E+04
 13.5 2.30657E+04
 14.0 2.43798E+04
 14.5 2.57045E+04
 15.0 2.70396E+04
 15.5 2.83849E+04
 16.0 2.97402E+04
 16.5 3.11053E+04
 17.0 3.24799E+04
 17.5 3.38638E+04
 18.0 3.52568E+04
 18.5 3.66587E+04
 19.0 3.80691E+04
 19.5 3.94874E+04
 20.0 4.09131E+04
 20.5 4.23451E+04
 21.0 4.37822E+04
 21.5 4.52227E+04
 22.0 4.66644E+04
 22.5 4.81046E+04
 23.0 4.95403E+04
 23.5 5.09677E+04
 24.0 5.23830E+04
 24.5 5.37817E+04
 25.0 5.51591E+04
 25.5 5.65104E+04
 26.0 5.78308E+04
 26.5 5.91153E+04
 27.0 6.03594E+04
 27.5 6.15583E+04
 28.0 6.27080E+04
 28.5 6.38047E+04
 29.0 6.48448E+04
 29.5 6.58256E+04
 30.0 6.67445E+04
 30.5 6.75996E+04
 31.0 6.83893E+04
 31.5 6.91126E+04
 32.0 6.97690E+04
 32.5 7.03584E+04
 33.0 7.08810E+04
 33.5 7.13376E+04
 34.0 7.17289E+04
 34.5 7.20565E+04
 35.0 7.23216E+04
 35.5 7.25261E+04
 36.0 7.26719E+04
 36.5 7.27610E+04
 37.0 7.27957E+04
 37.5 7.27784E+04
 38.0 7.27111E+04
 38.5 7.25964E+04
 39.0 7.24368E+04
 39.5 7.22345E+04
 40.0 7.19921E+04
 40.5 7.17118E+04
 41.0 7.13960E+04
 41.5 7.10470E+04
 42.0 7.06669E+04
 42.5 7.02580E+04
 43.0 6.98222E+04
 43.5 6.93617E+04
 44.0 6.88782E+04
 44.5 6.83738E+04
 45.0 6.78500E+04
 45.5 6.73086E+04
 46.0 6.67512E+04
 46.5 6.61792E+04
 47.0 6.55941E+04
 47.5 6.49973E+04
 48.0 6.43900E+04
 48.5 6.37734E+04
 49.0 6.31485E+04
 49.5 6.25166E+04
 50.0 6.18786E+04
 50.5 6.12353E+04
 51.0 6.05876E+04
 51.5 5.99364E+04
 52.0 5.92824E+04
 52.5 5.86263E+04
 53.0 5.79686E+04
 53.5 5.73101E+04
 54.0 5.66512E+04
 54.5 5.59925E+04
 55.0 5.53343E+04
 55.5 5.46773E+04
 56.0 5.40216E+04
 56.5 5.33677E+04
 57.0 5.27159E+04
 57.5 5.20665E+04
 58.0 2.07345E+05
 58.5 5.07759E+04
 59.0 5.01351E+04
 59.5 3.26796E+05
 60.0 4.88637E+04
 60.5 4.82334E+04
 61.0 4.76068E+04
 61.5 4.69841E+04
 62.0 4.63653E+04
 62.5 4.57507E+04
 63.0 4.51401E+04
 63.5 4.45338E+04
 64.0 4.39316E+04
 64.5 4.33338E+04
 65.0 4.27403E+04
 65.5 4.21510E+04
 66.0 4.15662E+04
 66.5 4.09856E+04
 67.0 1.39531E+05
 67.5 3.98375E+04
 68.0 3.92699E+04
 68.5 3.87066E+04
 69.0 6.46478E+04
 69.5 3.55627E+04
 70.0 2.50687E+04
 70.5 2.49301E+04
 71.0 2.47854E+04
 71.5 2.46348E+04
 72.0 2.44783E+04
 72.5 2.43160E+04
 73.0 2.41481E+04
 73.5 2.39744E+04
 74.0 2.37953E+04
 74.5 2.36107E+04
 75.0 2.34208E+04
 75.5 2.32257E+04
 76.0 2.30254E+04
 76.5 2.28201E+04
 77.0 2.26098E+04
 77.5 2.23947E+04
 78.0 2.21748E+04
 78.5 2.19504E+04
 79.0 2.17213E+04
 79.5 2.14879E+04
 80.0 2.12502E+04
 80.5 2.10082E+04
 81.0 2.07621E+04
 81.5 2.05120E+04
 82.0 2.02580E+04
 82.5 2.00002E+04
 83.0 1.97387E+04
 83.5 1.94736E+04
 84.0 1.92049E+04
 84.5 1.89330E+04
 85.0 1.86577E+04
 85.5 1.83792E+04
 86.0 1.80976E+04
 86.5 1.78130E+04
 87.0 1.75255E+04
 87.5 1.72352E+04
 88.0 1.69422E+04
 88.5 1.66466E+04
 89.0 1.63485E+04
 89.5 1.60479E+04
 90.0 1.57450E+04
 90.5 1.54399E+04
 91.0 1.51326E+04
 91.5 1.48232E+04
 92.0 1.45119E+04
 92.5 1.41986E+04
 93.0 1.38836E+04
 93.5 1.35668E+04
 94.0 1.32484E+04
 94.5 1.29284E+04
 95.0 1.26069E+04
 95.5 1.22840E+04
 96.0 1.19598E+04
 96.5 1.16344E+04
 97.0 1.13078E+04
 97.5 1.09801E+04
 98.0 1.06514E+04
 98.5 1.03218E+04
 99.0 9.99127E+03
 99.5 9.65996E+03
100.0 9.32793E+03
100.5 8.99525E+03
101.0 8.66198E+03
101.5 8.32819E+03
102.0 7.99395E+03
102.5 7.65933E+03
103.0 7.32440E+03
103.5 6.98921E+03
104.0 6.65384E+03
104.5 6.31834E+03
105.0 5.98279E+03
105.5 5.64723E+03
106.0 5.31174E+03
106.5 4.97638E+03
107.0 4.64120E+03
107.5 4.30626E+03
108.0 3.97162E+03
108.5 3.63734E+03
109.0 3.30348E+03
109.5 2.97010E+03
110.0 2.63724E+03
110.5 2.30497E+03
111.0 1.97334E+03
111.5 1.64241E+03
112.0 1.31222E+03
112.5 9.82842E+02
113.0 6.54316E+02
113.5 3.26699E+02
114.0 2.72010E+01
