114K06D0W2
  0.5 0.00000E+00
  1.0 0.00000E+00
  1.5 0.00000E+00
  2.0 0.00000E+00
  2.5 0.00000E+00
  3.0 0.00000E+00
  3.5 6.89906E+03
  4.0 1.01112E+04
  4.5 1.34916E+04
  5.0 1.69908E+04
  5.5 2.05876E+04
  6.0 2.42719E+04
  6.5 2.80382E+04
  7.0 3.18828E+04
  7.5 3.58029E+04
  8.0 3.97966E+04
  8.5 7.22281E+04
  9.0 4.79986E+04
  9.5 1.27057E+05
 10.0 1.11519E+05
 10.5 2.24133E+04
 11.0 2.41314E+04
 11.5 2.53184E+04
 12.0 1.85352E+04
 12.5 1.72659E+04
 13.0 1.83734E+04
 13.5 1.94890E+04
 14.0 2.06124E+04
 14.5 2.17435E+04
 15.0 2.28819E+04
 15.5 2.40274E+04
 16.0 2.51798E+04
 16.5 2.63389E+04
 17.0 2.75042E+04
 17.5 2.86758E+04
 18.0 2.98532E+04
 18.5 3.10362E+04
 19.0 3.22246E+04
 19.5 3.34181E+04
 20.0 3.46163E+04
 20.5 3.58189E+04
 21.0 3.70251E+04
 21.5 3.82344E+04
 22.0 3.94458E+04
 22.5 4.06582E+04
 23.0 4.18700E+04
 23.5 4.30795E+04
 24.0 4.42846E+04
 24.5 4.54829E+04
 25.0 4.66717E+04
 25.5 4.78479E+04
 26.0 4.90085E+04
 26.5 5.01500E+04
 27.0 5.12690E+04
 27.5 5.23620E+04
 28.0 5.34255E+04
 28.5 5.44561E+04
 29.0 5.54507E+04
 29.5 5.64062E+04
 30.0 5.73198E+04
 30.5 5.81891E+04
 31.0 5.90118E+04
 31.5 5.97862E+04
 32.0 6.05105E+04
 32.5 6.11837E+04
 33.0 6.18049E+04
 33.5 6.23735E+04
 34.0 6.28894E+04
 34.5 6.33524E+04
 35.0 6.37630E+04
 35.5 6.41217E+04
 36.0 6.44293E+04
 36.5 6.46867E+04
 37.0 6.48951E+04
 37.5 6.50558E+04
 38.0 6.51702E+04
 38.5 6.52398E+04
 39.0 6.52663E+04
 39.5 6.52513E+04
 40.0 6.51965E+04
 40.5 6.51037E+04
 41.0 6.49747E+04
 41.5 6.48112E+04
 42.0 6.46150E+04
 42.5 6.43879E+04
 43.0 6.41316E+04
 43.5 6.38478E+04
 44.0 6.35382E+04
 44.5 6.32043E+04
 45.0 6.28478E+04
 45.5 6.24701E+04
 46.0 6.20728E+04
 46.5 6.16572E+04
 47.0 6.12247E+04
 47.5 6.07766E+04
 48.0 6.03141E+04
 48.5 5.98384E+04
 49.0 5.93506E+04
 49.5 5.88519E+04
 50.0 5.83431E+04
 50.5 5.78253E+04
 51.0 5.72993E+04
 51.5 5.67660E+04
 52.0 5.62263E+04
 52.5 5.56808E+04
 53.0 5.51302E+04
 53.5 5.45754E+04
 54.0 5.40168E+04
 54.5 5.34550E+04
 55.0 5.28906E+04
 55.5 5.23241E+04
 56.0 5.17559E+04
 56.5 5.11865E+04
 57.0 5.06164E+04
 57.5 5.00458E+04
 58.0 1.94876E+05
 58.5 4.89047E+04
 59.0 4.83348E+04
 59.5 3.07396E+05
 60.0 4.71978E+04
 60.5 4.66311E+04
 61.0 4.60658E+04
 61.5 4.55023E+04
 62.0 4.49406E+04
 62.5 4.43810E+04
 63.0 4.38235E+04
 63.5 4.32683E+04
 64.0 4.27154E+04
 64.5 4.21651E+04
 65.0 4.16173E+04
 65.5 4.10722E+04
 66.0 4.05299E+04
 66.5 3.99903E+04
 67.0 1.33958E+05
 67.5 3.89197E+04
 68.0 3.83888E+04
 68.5 3.78608E+04
 69.0 6.26921E+04
 69.5 3.45911E+04
 70.0 2.31755E+04
 70.5 2.30870E+04
 71.0 2.29919E+04
 71.5 2.28905E+04
 72.0 2.27826E+04
 72.5 2.26685E+04
 73.0 2.25481E+04
 73.5 2.24214E+04
 74.0 2.22887E+04
 74.5 2.21498E+04
 75.0 2.20049E+04
 75.5 2.18541E+04
 76.0 2.16975E+04
 76.5 2.15351E+04
 77.0 2.13670E+04
 77.5 2.11934E+04
 78.0 2.10142E+04
 78.5 2.08296E+04
 79.0 2.06397E+04
 79.5 2.04446E+04
 80.0 2.02444E+04
 80.5 2.00391E+04
 81.0 1.98290E+04
 81.5 1.96140E+04
 82.0 1.93943E+04
 82.5 1.91700E+04
 83.0 1.89412E+04
 83.5 1.87079E+04
 84.0 1.84704E+04
 84.5 1.82287E+04
 85.0 1.79829E+04
 85.5 1.77331E+04
 86.0 1.74794E+04
 86.5 1.72220E+04
 87.0 1.69608E+04
 87.5 1.66961E+04
 88.0 1.64280E+04
 88.5 1.61565E+04
 89.0 1.58817E+04
 89.5 1.56038E+04
 90.0 1.53228E+04
 90.5 1.50389E+04
 91.0 1.47521E+04
 91.5 1.44625E+04
 92.0 1.41703E+04
 92.5 1.38755E+04
 93.0 1.35783E+04
 93.5 1.32787E+04
 94.0 1.29768E+04
 94.5 1.26727E+04
 95.0 1.23666E+04
 95.5 1.20584E+04
 96.0 1.17484E+04
 96.5 1.14365E+04
 97.0 1.11229E+04
 97.5 1.08077E+04
 98.0 1.04908E+04
 98.5 1.01726E+04
 99.0 9.85292E+03
 99.5 9.53197E+03
100.0 9.20979E+03
100.5 8.88648E+03
101.0 8.56211E+03
101.5 8.23677E+03
102.0 7.91053E+03
102.5 7.58346E+03
103.0 7.25565E+03
103.5 6.92718E+03
104.0 6.59811E+03
104.5 6.26853E+03
105.0 5.93849E+03
105.5 5.60809E+03
106.0 5.27738E+03
106.5 4.94644E+03
107.0 4.61534E+03
107.5 4.28414E+03
108.0 3.95292E+03
108.5 3.62174E+03
109.0 3.29067E+03
109.5 2.95978E+03
110.0 2.62912E+03
110.5 2.29877E+03
111.0 1.96878E+03
111.5 1.63922E+03
112.0 1.31016E+03
112.5 9.81647E+02
113.0 6.53749E+02
113.5 3.26524E+02
114.0 2.71919E+01
