114K09D0W2
  0.5 0.00000E+00
  1.0 0.00000E+00
  1.5 0.00000E+00
  2.0 0.00000E+00
  2.5 0.00000E+00
  3.0 0.00000E+00
  3.5 1.27635E+04
  4.0 1.75461E+04
  4.5 2.25314E+04
  5.0 2.76919E+04
  5.5 3.30162E+04
  6.0 3.84987E+04
  6.5 4.41364E+04
  7.0 4.99275E+04
  7.5 5.58716E+04
  8.0 6.19698E+04
  8.5 3.08029E+05
  9.0 7.46429E+04
  9.5 4.22346E+05
 10.0 3.57434E+05
 10.5 3.50001E+04
 11.0 3.76043E+04
 11.5 4.97699E+04
 12.0 2.89513E+04
 12.5 2.69768E+04
 13.0 2.86485E+04
 13.5 3.03387E+04
 14.0 3.20472E+04
 14.5 3.37739E+04
 15.0 3.55188E+04
 15.5 3.72818E+04
 16.0 3.90629E+04
 16.5 4.08621E+04
 17.0 4.26792E+04
 17.5 4.45141E+04
 18.0 4.63660E+04
 18.5 4.82342E+04
 19.0 5.01169E+04
 19.5 5.20120E+04
 20.0 5.39163E+04
 20.5 5.58257E+04
 21.0 5.77352E+04
 21.5 5.96388E+04
 22.0 6.15299E+04
 22.5 6.34008E+04
 23.0 6.52438E+04
 23.5 6.70506E+04
 24.0 6.88128E+04
 24.5 7.05224E+04
 25.0 7.21716E+04
 25.5 7.37529E+04
 26.0 7.52597E+04
 26.5 7.66861E+04
 27.0 7.80269E+04
 27.5 7.92780E+04
 28.0 8.04361E+04
 28.5 8.14985E+04
 29.0 8.24638E+04
 29.5 8.33312E+04
 30.0 8.41007E+04
 30.5 8.47729E+04
 31.0 8.53492E+04
 31.5 8.58314E+04
 32.0 8.62218E+04
 32.5 8.65231E+04
 33.0 8.67385E+04
 33.5 8.68713E+04
 34.0 8.69250E+04
 34.5 8.69033E+04
 35.0 8.68100E+04
 35.5 8.66490E+04
 36.0 8.64243E+04
 36.5 8.61396E+04
 37.0 8.57987E+04
 37.5 8.54057E+04
 38.0 8.49639E+04
 38.5 8.44771E+04
 39.0 8.39486E+04
 39.5 8.33819E+04
 40.0 8.27801E+04
 40.5 8.21464E+04
 41.0 8.14834E+04
 41.5 8.07941E+04
 42.0 8.00812E+04
 42.5 7.93470E+04
 43.0 7.85939E+04
 43.5 7.78240E+04
 44.0 7.70395E+04
 44.5 7.62422E+04
 45.0 7.54340E+04
 45.5 7.46167E+04
 46.0 7.37915E+04
 46.5 7.29601E+04
 47.0 7.21239E+04
 47.5 7.12839E+04
 48.0 7.04415E+04
 48.5 6.95976E+04
 49.0 6.87531E+04
 49.5 6.79091E+04
 50.0 6.70663E+04
 50.5 6.62253E+04
 51.0 6.53871E+04
 51.5 6.45520E+04
 52.0 6.37207E+04
 52.5 6.28937E+04
 53.0 6.20714E+04
 53.5 6.12542E+04
 54.0 6.04425E+04
 54.5 5.96366E+04
 55.0 5.88367E+04
 55.5 5.80432E+04
 56.0 5.72561E+04
 56.5 5.64758E+04
 57.0 5.57023E+04
 57.5 5.49358E+04
 58.0 2.25362E+05
 58.5 5.34241E+04
 59.0 5.26790E+04
 59.5 3.54737E+05
 60.0 5.12106E+04
 60.5 5.04874E+04
 61.0 4.97714E+04
 61.5 4.90627E+04
 62.0 4.83613E+04
 62.5 4.76671E+04
 63.0 4.69800E+04
 63.5 4.63000E+04
 64.0 4.56271E+04
 64.5 4.49612E+04
 65.0 4.43021E+04
 65.5 4.36499E+04
 66.0 4.30044E+04
 66.5 4.23656E+04
 67.0 1.47378E+05
 67.5 4.11075E+04
 68.0 4.04881E+04
 68.5 3.98749E+04
 69.0 6.73774E+04
 69.5 3.69475E+04
 70.0 2.79417E+04
 70.5 2.77185E+04
 71.0 2.74904E+04
 71.5 2.72578E+04
 72.0 2.70207E+04
 72.5 2.67791E+04
 73.0 2.65333E+04
 73.5 2.62832E+04
 74.0 2.60291E+04
 74.5 2.57711E+04
 75.0 2.55091E+04
 75.5 2.52434E+04
 76.0 2.49740E+04
 76.5 2.47011E+04
 77.0 2.44248E+04
 77.5 2.41450E+04
 78.0 2.38621E+04
 78.5 2.35760E+04
 79.0 2.32868E+04
 79.5 2.29946E+04
 80.0 2.26996E+04
 80.5 2.24019E+04
 81.0 2.21014E+04
 81.5 2.17984E+04
 82.0 2.14928E+04
 82.5 2.11849E+04
 83.0 2.08747E+04
 83.5 2.05622E+04
 84.0 2.02475E+04
 84.5 1.99308E+04
 85.0 1.96121E+04
 85.5 1.92915E+04
 86.0 1.89691E+04
 86.5 1.86449E+04
 87.0 1.83191E+04
 87.5 1.79917E+04
 88.0 1.76628E+04
 88.5 1.73324E+04
 89.0 1.70006E+04
 89.5 1.66676E+04
 90.0 1.63333E+04
 90.5 1.59979E+04
 91.0 1.56613E+04
 91.5 1.53238E+04
 92.0 1.49853E+04
 92.5 1.46459E+04
 93.0 1.43056E+04
 93.5 1.39646E+04
 94.0 1.36229E+04
 94.5 1.32805E+04
 95.0 1.29376E+04
 95.5 1.25942E+04
 96.0 1.22502E+04
 96.5 1.19059E+04
 97.0 1.15612E+04
 97.5 1.12162E+04
 98.0 1.08710E+04
 98.5 1.05256E+04
 99.0 1.01801E+04
 99.5 9.83452E+03
100.0 9.48890E+03
100.5 9.14331E+03
101.0 8.79780E+03
101.5 8.45242E+03
102.0 8.10723E+03
102.5 7.76227E+03
103.0 7.41758E+03
103.5 7.07324E+03
104.0 6.72927E+03
104.5 6.38572E+03
105.0 6.04265E+03
105.5 5.70010E+03
106.0 5.35812E+03
106.5 5.01675E+03
107.0 4.67604E+03
107.5 4.33604E+03
108.0 3.99678E+03
108.5 3.65832E+03
109.0 3.32069E+03
109.5 2.98395E+03
110.0 2.64814E+03
110.5 2.31329E+03
111.0 1.97945E+03
111.5 1.64667E+03
112.0 1.31499E+03
112.5 9.84441E+02
113.0 6.55076E+02
113.5 3.26933E+02
114.0 2.72133E+01
