114K10D0W2
  0.5 0.00000E+00
  1.0 0.00000E+00
  1.5 0.00000E+00
  2.0 0.00000E+00
  2.5 0.00000E+00
  3.0 0.00000E+00
  3.5 1.47920E+04
  4.0 2.00879E+04
  4.5 2.56068E+04
  5.0 3.13258E+04
  5.5 3.72355E+04
  6.0 4.33315E+04
  6.5 4.96114E+04
  7.0 5.60750E+04
  7.5 6.27233E+04
  8.0 6.95600E+04
  8.5 4.44677E+05
  9.0 8.38274E+04
  9.5 5.53794E+05
 10.0 4.66506E+05
 10.5 3.92901E+04
 11.0 4.22030E+04
 11.5 6.20919E+04
 12.0 3.24990E+04
 12.5 3.02833E+04
 13.0 3.21508E+04
 13.5 3.40411E+04
 14.0 3.59542E+04
 14.5 3.78902E+04
 15.0 3.98492E+04
 15.5 4.18313E+04
 16.0 4.38367E+04
 16.5 4.58653E+04
 17.0 4.79169E+04
 17.5 4.99909E+04
 18.0 5.20860E+04
 18.5 5.42000E+04
 19.0 5.63300E+04
 19.5 5.84715E+04
 20.0 6.06191E+04
 20.5 6.27659E+04
 21.0 6.49042E+04
 21.5 6.70248E+04
 22.0 6.91184E+04
 22.5 7.11747E+04
 23.0 7.31836E+04
 23.5 7.51346E+04
 24.0 7.70183E+04
 24.5 7.88251E+04
 25.0 8.05468E+04
 25.5 8.21758E+04
 26.0 8.37057E+04
 26.5 8.51311E+04
 27.0 8.64480E+04
 27.5 8.76533E+04
 28.0 8.87449E+04
 28.5 8.97220E+04
 29.0 9.05847E+04
 29.5 9.13338E+04
 30.0 9.19710E+04
 30.5 9.24988E+04
 31.0 9.29199E+04
 31.5 9.32380E+04
 32.0 9.34568E+04
 32.5 9.35805E+04
 33.0 9.36134E+04
 33.5 9.35602E+04
 34.0 9.34255E+04
 34.5 9.32140E+04
 35.0 9.29305E+04
 35.5 9.25795E+04
 36.0 9.21659E+04
 36.5 9.16940E+04
 37.0 9.11682E+04
 37.5 9.05929E+04
 38.0 8.99720E+04
 38.5 8.93095E+04
 39.0 8.86092E+04
 39.5 8.78745E+04
 40.0 8.71090E+04
 40.5 8.63157E+04
 41.0 8.54978E+04
 41.5 8.46579E+04
 42.0 8.37989E+04
 42.5 8.29231E+04
 43.0 8.20329E+04
 43.5 8.11306E+04
 44.0 8.02180E+04
 44.5 7.92970E+04
 45.0 7.83695E+04
 45.5 7.74368E+04
 46.0 7.65007E+04
 46.5 7.55623E+04
 47.0 7.46230E+04
 47.5 7.36838E+04
 48.0 7.27458E+04
 48.5 7.18100E+04
 49.0 7.08772E+04
 49.5 6.99482E+04
 50.0 6.90237E+04
 50.5 6.81042E+04
 51.0 6.71905E+04
 51.5 6.62829E+04
 52.0 6.53820E+04
 52.5 6.44881E+04
 53.0 6.36015E+04
 53.5 6.27226E+04
 54.0 6.18517E+04
 54.5 6.09888E+04
 55.0 6.01344E+04
 55.5 5.92883E+04
 56.0 5.84510E+04
 56.5 5.76223E+04
 57.0 5.68024E+04
 57.5 5.59913E+04
 58.0 2.32077E+05
 58.5 5.43957E+04
 59.0 5.36112E+04
 59.5 3.65125E+05
 60.0 5.20687E+04
 60.5 5.13105E+04
 61.0 5.05610E+04
 61.5 4.98202E+04
 62.0 4.90879E+04
 62.5 4.83640E+04
 63.0 4.76485E+04
 63.5 4.69412E+04
 64.0 4.62420E+04
 64.5 4.55508E+04
 65.0 4.48676E+04
 65.5 4.41921E+04
 66.0 4.35243E+04
 66.5 4.28640E+04
 67.0 1.50245E+05
 67.5 4.15655E+04
 68.0 4.09270E+04
 68.5 4.02956E+04
 69.0 6.83681E+04
 69.5 3.74592E+04
 70.0 2.90545E+04
 70.5 2.87958E+04
 71.0 2.85331E+04
 71.5 2.82665E+04
 72.0 2.79961E+04
 72.5 2.77220E+04
 73.0 2.74444E+04
 73.5 2.71633E+04
 74.0 2.68788E+04
 74.5 2.65911E+04
 75.0 2.63002E+04
 75.5 2.60063E+04
 76.0 2.57094E+04
 76.5 2.54096E+04
 77.0 2.51071E+04
 77.5 2.48019E+04
 78.0 2.44941E+04
 78.5 2.41838E+04
 79.0 2.38712E+04
 79.5 2.35562E+04
 80.0 2.32390E+04
 80.5 2.29196E+04
 81.0 2.25982E+04
 81.5 2.22748E+04
 82.0 2.19495E+04
 82.5 2.16224E+04
 83.0 2.12935E+04
 83.5 2.09630E+04
 84.0 2.06309E+04
 84.5 2.02973E+04
 85.0 1.99622E+04
 85.5 1.96257E+04
 86.0 1.92879E+04
 86.5 1.89489E+04
 87.0 1.86087E+04
 87.5 1.82674E+04
 88.0 1.79251E+04
 88.5 1.75818E+04
 89.0 1.72375E+04
 89.5 1.68924E+04
 90.0 1.65465E+04
 90.5 1.61999E+04
 91.0 1.58526E+04
 91.5 1.55047E+04
 92.0 1.51562E+04
 92.5 1.48072E+04
 93.0 1.44577E+04
 93.5 1.41078E+04
 94.0 1.37576E+04
 94.5 1.34071E+04
 95.0 1.30564E+04
 95.5 1.27054E+04
 96.0 1.23543E+04
 96.5 1.20031E+04
 97.0 1.16519E+04
 97.5 1.13007E+04
 98.0 1.09495E+04
 98.5 1.05984E+04
 99.0 1.02475E+04
 99.5 9.89676E+03
100.0 9.54625E+03
100.5 9.19603E+03
101.0 8.84613E+03
101.5 8.49660E+03
102.0 8.14748E+03
102.5 7.79882E+03
103.0 7.45066E+03
103.5 7.10304E+03
104.0 6.75600E+03
104.5 6.40959E+03
105.0 6.06384E+03
105.5 5.71881E+03
106.0 5.37452E+03
106.5 5.03102E+03
107.0 4.68835E+03
107.5 4.34655E+03
108.0 4.00566E+03
108.5 3.66572E+03
109.0 3.32676E+03
109.5 2.98884E+03
110.0 2.65198E+03
110.5 2.31622E+03
111.0 1.98160E+03
111.5 1.64817E+03
112.0 1.31596E+03
112.5 9.85003E+02
113.0 6.55342E+02
113.5 3.27015E+02
114.0 2.72176E+01
