114K14D0W2
  0.5 0.00000E+00
  1.0 0.00000E+00
  1.5 0.00000E+00
  2.0 0.00000E+00
  2.5 0.00000E+00
  3.0 0.00000E+00
  3.5 2.31770E+04
  4.0 3.05329E+04
  4.5 3.82200E+04
  5.0 4.62275E+04
  5.5 5.45524E+04
  6.0 6.31964E+04
  6.5 7.21644E+04
  7.0 8.14665E+04
  7.5 9.11188E+04
  8.0 1.01147E+05
  8.5 1.22566E+06
  9.0 1.22472E+05
  9.5 1.14976E+06
 10.0 9.60682E+05
 10.5 5.70230E+04
 11.0 6.12544E+04
 11.5 1.32822E+05
 12.0 4.71495E+04
 12.5 4.39305E+04
 13.0 4.66292E+04
 13.5 4.93741E+04
 14.0 5.21666E+04
 14.5 5.50074E+04
 15.0 5.78976E+04
 15.5 6.08369E+04
 16.0 6.38238E+04
 16.5 6.68550E+04
 17.0 6.99244E+04
 17.5 7.30236E+04
 18.0 7.61409E+04
 18.5 7.92622E+04
 19.0 8.23706E+04
 19.5 8.54479E+04
 20.0 8.84742E+04
 20.5 9.14295E+04
 21.0 9.42939E+04
 21.5 9.70486E+04
 22.0 9.96760E+04
 22.5 1.02160E+05
 23.0 1.04489E+05
 23.5 1.06650E+05
 24.0 1.08635E+05
 24.5 1.10438E+05
 25.0 1.12056E+05
 25.5 1.13486E+05
 26.0 1.14729E+05
 26.5 1.15787E+05
 27.0 1.16665E+05
 27.5 1.17366E+05
 28.0 1.17897E+05
 28.5 1.18265E+05
 29.0 1.18477E+05
 29.5 1.18542E+05
 30.0 1.18468E+05
 30.5 1.18264E+05
 31.0 1.17938E+05
 31.5 1.17498E+05
 32.0 1.16955E+05
 32.5 1.16315E+05
 33.0 1.15587E+05
 33.5 1.14778E+05
 34.0 1.13897E+05
 34.5 1.12950E+05
 35.0 1.11944E+05
 35.5 1.10885E+05
 36.0 1.09779E+05
 36.5 1.08632E+05
 37.0 1.07450E+05
 37.5 1.06236E+05
 38.0 1.04996E+05
 38.5 1.03734E+05
 39.0 1.02453E+05
 39.5 1.01158E+05
 40.0 9.98509E+04
 40.5 9.85358E+04
 41.0 9.72149E+04
 41.5 9.58908E+04
 42.0 9.45660E+04
 42.5 9.32423E+04
 43.0 9.19217E+04
 43.5 9.06060E+04
 44.0 8.92965E+04
 44.5 8.79947E+04
 45.0 8.67018E+04
 45.5 8.54189E+04
 46.0 8.41468E+04
 46.5 8.28865E+04
 47.0 8.16387E+04
 47.5 8.04039E+04
 48.0 7.91828E+04
 48.5 7.79758E+04
 49.0 7.67833E+04
 49.5 7.56056E+04
 50.0 7.44429E+04
 50.5 7.32955E+04
 51.0 7.21634E+04
 51.5 7.10469E+04
 52.0 6.99458E+04
 52.5 6.88603E+04
 53.0 6.77903E+04
 53.5 6.67358E+04
 54.0 6.56967E+04
 54.5 6.46729E+04
 55.0 6.36642E+04
 55.5 6.26706E+04
 56.0 6.16919E+04
 56.5 6.07278E+04
 57.0 5.97782E+04
 57.5 5.88430E+04
 58.0 2.50445E+05
 58.5 5.70144E+04
 59.0 5.61207E+04
 59.5 3.93470E+05
 60.0 5.43733E+04
 60.5 5.35191E+04
 61.0 5.26775E+04
 61.5 5.18484E+04
 62.0 5.10315E+04
 62.5 5.02266E+04
 63.0 4.94333E+04
 63.5 4.86514E+04
 64.0 4.78808E+04
 64.5 4.71211E+04
 65.0 4.63721E+04
 65.5 4.56336E+04
 66.0 4.49053E+04
 66.5 4.41870E+04
 67.0 1.57942E+05
 67.5 4.27795E+04
 68.0 4.20898E+04
 68.5 4.14091E+04
 69.0 7.10109E+04
 69.5 3.88497E+04
 70.0 3.22152E+04
 70.5 3.18485E+04
 71.0 3.14806E+04
 71.5 3.11114E+04
 72.0 3.07411E+04
 72.5 3.03697E+04
 73.0 2.99973E+04
 73.5 2.96240E+04
 74.0 2.92498E+04
 74.5 2.88748E+04
 75.0 2.84990E+04
 75.5 2.81225E+04
 76.0 2.77454E+04
 76.5 2.73678E+04
 77.0 2.69896E+04
 77.5 2.66109E+04
 78.0 2.62319E+04
 78.5 2.58524E+04
 79.0 2.54726E+04
 79.5 2.50926E+04
 80.0 2.47123E+04
 80.5 2.43318E+04
 81.0 2.39512E+04
 81.5 2.35705E+04
 82.0 2.31896E+04
 82.5 2.28088E+04
 83.0 2.24279E+04
 83.5 2.20471E+04
 84.0 2.16664E+04
 84.5 2.12857E+04
 85.0 2.09053E+04
 85.5 2.05249E+04
 86.0 2.01448E+04
 86.5 1.97649E+04
 87.0 1.93853E+04
 87.5 1.90059E+04
 88.0 1.86269E+04
 88.5 1.82483E+04
 89.0 1.78700E+04
 89.5 1.74921E+04
 90.0 1.71147E+04
 90.5 1.67377E+04
 91.0 1.63612E+04
 91.5 1.59852E+04
 92.0 1.56098E+04
 92.5 1.52349E+04
 93.0 1.48606E+04
 93.5 1.44870E+04
 94.0 1.41139E+04
 94.5 1.37416E+04
 95.0 1.33699E+04
 95.5 1.29990E+04
 96.0 1.26287E+04
 96.5 1.22593E+04
 97.0 1.18906E+04
 97.5 1.15228E+04
 98.0 1.11558E+04
 98.5 1.07896E+04
 99.0 1.04244E+04
 99.5 1.00600E+04
100.0 9.69659E+03
100.5 9.33413E+03
101.0 8.97265E+03
101.5 8.61218E+03
102.0 8.25273E+03
102.5 7.89434E+03
103.0 7.53703E+03
103.5 7.18082E+03
104.0 6.82574E+03
104.5 6.47182E+03
105.0 6.11907E+03
105.5 5.76753E+03
106.0 5.41721E+03
106.5 5.06815E+03
107.0 4.72036E+03
107.5 4.37388E+03
108.0 4.02873E+03
108.5 3.68493E+03
109.0 3.34252E+03
109.5 3.00151E+03
110.0 2.66193E+03
110.5 2.32381E+03
111.0 1.98718E+03
111.5 1.65206E+03
112.0 1.31847E+03
112.5 9.86457E+02
113.0 6.56032E+02
113.5 3.27228E+02
114.0 2.72287E+01
