114K19D0W2
  0.5 0.00000E+00
  1.0 0.00000E+00
  1.5 0.00000E+00
  2.0 0.00000E+00
  2.5 0.00000E+00
  3.0 0.00000E+00
  3.5 3.42618E+04
  4.0 4.42855E+04
  4.5 5.48199E+04
  5.0 6.58662E+04
  5.5 7.74337E+04
  6.0 8.95403E+04
  6.5 1.02215E+05
  7.0 1.15506E+05
  7.5 1.29480E+05
  8.0 1.44220E+05
  8.5 2.49018E+06
  9.0 1.76185E+05
  9.5 1.90960E+06
 10.0 1.59139E+06
 10.5 8.08375E+04
 11.0 8.69669E+04
 11.5 2.55644E+05
 12.0 6.67810E+04
 12.5 6.21974E+04
 13.0 6.60771E+04
 13.5 7.00483E+04
 14.0 7.41118E+04
 14.5 7.82652E+04
 15.0 8.25016E+04
 15.5 8.68085E+04
 16.0 9.11673E+04
 16.5 9.55535E+04
 17.0 9.99374E+04
 17.5 1.04286E+05
 18.0 1.08562E+05
 18.5 1.12730E+05
 19.0 1.16754E+05
 19.5 1.20601E+05
 20.0 1.24240E+05
 20.5 1.27646E+05
 21.0 1.30797E+05
 21.5 1.33678E+05
 22.0 1.36275E+05
 22.5 1.38584E+05
 23.0 1.40600E+05
 23.5 1.42326E+05
 24.0 1.43766E+05
 24.5 1.44926E+05
 25.0 1.45818E+05
 25.5 1.46451E+05
 26.0 1.46840E+05
 26.5 1.46998E+05
 27.0 1.46940E+05
 27.5 1.46679E+05
 28.0 1.46233E+05
 28.5 1.45614E+05
 29.0 1.44838E+05
 29.5 1.43919E+05
 30.0 1.42870E+05
 30.5 1.41705E+05
 31.0 1.40435E+05
 31.5 1.39073E+05
 32.0 1.37629E+05
 32.5 1.36113E+05
 33.0 1.34536E+05
 33.5 1.32905E+05
 34.0 1.31229E+05
 34.5 1.29515E+05
 35.0 1.27771E+05
 35.5 1.26003E+05
 36.0 1.24216E+05
 36.5 1.22415E+05
 37.0 1.20606E+05
 37.5 1.18793E+05
 38.0 1.16979E+05
 38.5 1.15168E+05
 39.0 1.13363E+05
 39.5 1.11566E+05
 40.0 1.09782E+05
 40.5 1.08010E+05
 41.0 1.06254E+05
 41.5 1.04515E+05
 42.0 1.02794E+05
 42.5 1.01093E+05
 43.0 9.94133E+04
 43.5 9.77549E+04
 44.0 9.61190E+04
 44.5 9.45062E+04
 45.0 9.29170E+04
 45.5 9.13517E+04
 46.0 8.98107E+04
 46.5 8.82943E+04
 47.0 8.68023E+04
 47.5 8.53350E+04
 48.0 8.38923E+04
 48.5 8.24742E+04
 49.0 8.10805E+04
 49.5 7.97110E+04
 50.0 7.83655E+04
 50.5 7.70438E+04
 51.0 7.57456E+04
 51.5 7.44706E+04
 52.0 7.32185E+04
 52.5 7.19889E+04
 53.0 7.07814E+04
 53.5 6.95958E+04
 54.0 6.84316E+04
 54.5 6.72883E+04
 55.0 6.61657E+04
 55.5 6.50633E+04
 56.0 6.39806E+04
 56.5 6.29173E+04
 57.0 6.18730E+04
 57.5 6.08472E+04
 58.0 2.63541E+05
 58.5 5.88495E+04
 59.0 5.78768E+04
 59.5 4.13622E+05
 60.0 5.59817E+04
 60.5 5.50585E+04
 61.0 5.41509E+04
 61.5 5.32587E+04
 62.0 5.23814E+04
 62.5 5.15186E+04
 63.0 5.06701E+04
 63.5 4.98353E+04
 64.0 4.90140E+04
 64.5 4.82058E+04
 65.0 4.74104E+04
 65.5 4.66275E+04
 66.0 4.58566E+04
 66.5 4.50975E+04
 67.0 1.63309E+05
 67.5 4.36135E+04
 68.0 4.28879E+04
 68.5 4.21730E+04
 69.0 7.28401E+04
 69.5 3.98357E+04
 70.0 3.45745E+04
 70.5 3.41207E+04
 71.0 3.36683E+04
 71.5 3.32172E+04
 72.0 3.27674E+04
 72.5 3.23191E+04
 73.0 3.18721E+04
 73.5 3.14264E+04
 74.0 3.09822E+04
 74.5 3.05394E+04
 75.0 3.00980E+04
 75.5 2.96580E+04
 76.0 2.92194E+04
 76.5 2.87822E+04
 77.0 2.83465E+04
 77.5 2.79121E+04
 78.0 2.74792E+04
 78.5 2.70477E+04
 79.0 2.66176E+04
 79.5 2.61889E+04
 80.0 2.57617E+04
 80.5 2.53358E+04
 81.0 2.49114E+04
 81.5 2.44883E+04
 82.0 2.40666E+04
 82.5 2.36464E+04
 83.0 2.32275E+04
 83.5 2.28100E+04
 84.0 2.23939E+04
 84.5 2.19792E+04
 85.0 2.15658E+04
 85.5 2.11539E+04
 86.0 2.07433E+04
 86.5 2.03340E+04
 87.0 1.99261E+04
 87.5 1.95196E+04
 88.0 1.91144E+04
 88.5 1.87106E+04
 89.0 1.83082E+04
 89.5 1.79071E+04
 90.0 1.75073E+04
 90.5 1.71089E+04
 91.0 1.67119E+04
 91.5 1.63162E+04
 92.0 1.59219E+04
 92.5 1.55289E+04
 93.0 1.51372E+04
 93.5 1.47470E+04
 94.0 1.43581E+04
 94.5 1.39705E+04
 95.0 1.35843E+04
 95.5 1.31995E+04
 96.0 1.28160E+04
 96.5 1.24340E+04
 97.0 1.20533E+04
 97.5 1.16740E+04
 98.0 1.12961E+04
 98.5 1.09195E+04
 99.0 1.05444E+04
 99.5 1.01708E+04
100.0 9.79850E+03
100.5 9.42766E+03
101.0 9.05827E+03
101.5 8.69033E+03
102.0 8.32385E+03
102.5 7.95884E+03
103.0 7.59531E+03
103.5 7.23328E+03
104.0 6.87274E+03
104.5 6.51373E+03
105.0 6.15624E+03
105.5 5.80030E+03
106.0 5.44591E+03
106.5 5.09309E+03
107.0 4.74185E+03
107.5 4.39222E+03
108.0 4.04420E+03
108.5 3.69781E+03
109.0 3.35307E+03
109.5 3.00999E+03
110.0 2.66859E+03
110.5 2.32889E+03
111.0 1.99090E+03
111.5 1.65465E+03
112.0 1.32015E+03
112.5 9.87428E+02
113.0 6.56493E+02
113.5 3.27369E+02
114.0 2.72360E+01
