114K20D0W2
  0.5 0.00000E+00
  1.0 0.00000E+00
  1.5 0.00000E+00
  2.0 0.00000E+00
  2.5 0.00000E+00
  3.0 0.00000E+00
  3.5 3.65691E+04
  4.0 4.71462E+04
  4.5 5.82751E+04
  5.0 6.99600E+04
  5.5 8.22139E+04
  6.0 9.50598E+04
  6.5 1.08536E+05
  7.0 1.22700E+05
  7.5 1.37638E+05
  8.0 1.53440E+05
  8.5 2.75734E+06
  9.0 1.87765E+05
  9.5 2.05471E+06
 10.0 1.71196E+06
 10.5 8.58772E+04
 11.0 9.24280E+04
 11.5 2.82912E+05
 12.0 7.09281E+04
 12.5 6.60528E+04
 13.0 7.01924E+04
 13.5 7.44341E+04
 14.0 7.87774E+04
 14.5 8.32171E+04
 15.0 8.77427E+04
 15.5 9.23363E+04
 16.0 9.69735E+04
 16.5 1.01624E+05
 17.0 1.06251E+05
 17.5 1.10817E+05
 18.0 1.15280E+05
 18.5 1.19601E+05
 19.0 1.23742E+05
 19.5 1.27669E+05
 20.0 1.31351E+05
 20.5 1.34764E+05
 21.0 1.37888E+05
 21.5 1.40711E+05
 22.0 1.43222E+05
 22.5 1.45420E+05
 23.0 1.47303E+05
 23.5 1.48877E+05
 24.0 1.50149E+05
 24.5 1.51130E+05
 25.0 1.51832E+05
 25.5 1.52269E+05
 26.0 1.52457E+05
 26.5 1.52410E+05
 27.0 1.52146E+05
 27.5 1.51681E+05
 28.0 1.51032E+05
 28.5 1.50213E+05
 29.0 1.49240E+05
 29.5 1.48129E+05
 30.0 1.46894E+05
 30.5 1.45547E+05
 31.0 1.44101E+05
 31.5 1.42570E+05
 32.0 1.40962E+05
 32.5 1.39290E+05
 33.0 1.37562E+05
 33.5 1.35786E+05
 34.0 1.33972E+05
 34.5 1.32127E+05
 35.0 1.30257E+05
 35.5 1.28368E+05
 36.0 1.26466E+05
 36.5 1.24557E+05
 37.0 1.22643E+05
 37.5 1.20731E+05
 38.0 1.18823E+05
 38.5 1.16922E+05
 39.0 1.15032E+05
 39.5 1.13155E+05
 40.0 1.11293E+05
 40.5 1.09449E+05
 41.0 1.07624E+05
 41.5 1.05819E+05
 42.0 1.04036E+05
 42.5 1.02275E+05
 43.0 1.00539E+05
 43.5 9.88269E+04
 44.0 9.71402E+04
 44.5 9.54791E+04
 45.0 9.38441E+04
 45.5 9.22353E+04
 46.0 9.06529E+04
 46.5 8.90971E+04
 47.0 8.75678E+04
 47.5 8.60650E+04
 48.0 8.45886E+04
 48.5 8.31383E+04
 49.0 8.17141E+04
 49.5 8.03156E+04
 50.0 7.89425E+04
 50.5 7.75945E+04
 51.0 7.62714E+04
 51.5 7.49726E+04
 52.0 7.36978E+04
 52.5 7.24467E+04
 53.0 7.12187E+04
 53.5 7.00135E+04
 54.0 6.88307E+04
 54.5 6.76697E+04
 55.0 6.65302E+04
 55.5 6.54116E+04
 56.0 6.43135E+04
 56.5 6.32356E+04
 57.0 6.21773E+04
 57.5 6.11381E+04
 58.0 2.65454E+05
 58.5 5.91155E+04
 59.0 5.81312E+04
 59.5 4.16562E+05
 60.0 5.62144E+04
 60.5 5.52810E+04
 61.0 5.43638E+04
 61.5 5.34624E+04
 62.0 5.25763E+04
 62.5 5.17051E+04
 63.0 5.08484E+04
 63.5 5.00059E+04
 64.0 4.91773E+04
 64.5 4.83620E+04
 65.0 4.75598E+04
 65.5 4.67704E+04
 66.0 4.59934E+04
 66.5 4.52284E+04
 67.0 1.64085E+05
 67.5 4.37333E+04
 68.0 4.30025E+04
 68.5 4.22826E+04
 69.0 7.31038E+04
 69.5 3.99794E+04
 70.0 3.49265E+04
 70.5 3.44593E+04
 71.0 3.39939E+04
 71.5 3.35302E+04
 72.0 3.30682E+04
 72.5 3.26081E+04
 73.0 3.21497E+04
 73.5 3.16931E+04
 74.0 3.12382E+04
 74.5 3.07851E+04
 75.0 3.03337E+04
 75.5 2.98841E+04
 76.0 2.94362E+04
 76.5 2.89901E+04
 77.0 2.85457E+04
 77.5 2.81030E+04
 78.0 2.76620E+04
 78.5 2.72227E+04
 79.0 2.67851E+04
 79.5 2.63492E+04
 80.0 2.59149E+04
 80.5 2.54823E+04
 81.0 2.50513E+04
 81.5 2.46220E+04
 82.0 2.41943E+04
 82.5 2.37682E+04
 83.0 2.33437E+04
 83.5 2.29208E+04
 84.0 2.24995E+04
 84.5 2.20797E+04
 85.0 2.16616E+04
 85.5 2.12449E+04
 86.0 2.08299E+04
 86.5 2.04163E+04
 87.0 2.00043E+04
 87.5 1.95938E+04
 88.0 1.91848E+04
 88.5 1.87773E+04
 89.0 1.83714E+04
 89.5 1.79669E+04
 90.0 1.75639E+04
 90.5 1.71624E+04
 91.0 1.67624E+04
 91.5 1.63638E+04
 92.0 1.59667E+04
 92.5 1.55711E+04
 93.0 1.51770E+04
 93.5 1.47843E+04
 94.0 1.43931E+04
 94.5 1.40033E+04
 95.0 1.36150E+04
 95.5 1.32282E+04
 96.0 1.28428E+04
 96.5 1.24590E+04
 97.0 1.20765E+04
 97.5 1.16956E+04
 98.0 1.13161E+04
 98.5 1.09381E+04
 99.0 1.05616E+04
 99.5 1.01866E+04
100.0 9.81304E+03
100.5 9.44101E+03
101.0 9.07049E+03
101.5 8.70148E+03
102.0 8.33399E+03
102.5 7.96803E+03
103.0 7.60362E+03
103.5 7.24075E+03
104.0 6.87943E+03
104.5 6.51969E+03
105.0 6.16153E+03
105.5 5.80496E+03
106.0 5.44999E+03
106.5 5.09663E+03
107.0 4.74491E+03
107.5 4.39482E+03
108.0 4.04640E+03
108.5 3.69964E+03
109.0 3.35456E+03
109.5 3.01119E+03
110.0 2.66953E+03
110.5 2.32961E+03
111.0 1.99143E+03
111.5 1.65502E+03
112.0 1.32039E+03
112.5 9.87565E+02
113.0 6.56558E+02
113.5 3.27389E+02
114.0 2.72371E+01
