115K07D0W2
  0.5 0.00000E+00
  1.0 0.00000E+00
  1.5 0.00000E+00
  2.0 0.00000E+00
  2.5 0.00000E+00
  3.0 0.00000E+00
  3.5 8.72773E+03
  4.0 1.24486E+04
  4.5 1.63435E+04
  5.0 2.03718E+04
  5.5 2.45167E+04
  6.0 2.87698E+04
  6.5 3.31265E+04
  7.0 3.75836E+04
  7.5 4.21389E+04
  8.0 4.67907E+04
  8.5 1.18131E+05
  9.0 5.63816E+04
  9.5 1.99132E+05
 10.0 1.71836E+05
 10.5 2.64052E+04
 11.0 2.84035E+04
 11.5 3.12946E+04
 12.0 2.18459E+04
 12.5 2.03550E+04
 13.0 2.16422E+04
 13.5 2.29406E+04
 14.0 2.42500E+04
 14.5 2.55702E+04
 15.0 2.69009E+04
 15.5 2.82420E+04
 16.0 2.95931E+04
 16.5 3.09542E+04
 17.0 3.23249E+04
 17.5 3.37052E+04
 18.0 3.50947E+04
 18.5 3.64932E+04
 19.0 3.79005E+04
 19.5 3.93160E+04
 20.0 4.07391E+04
 20.5 4.21690E+04
 21.0 4.36044E+04
 21.5 4.50438E+04
 22.0 4.64852E+04
 22.5 4.79259E+04
 23.0 4.93631E+04
 23.5 5.07932E+04
 24.0 5.22124E+04
 24.5 5.36163E+04
 25.0 5.50006E+04
 25.5 5.63602E+04
 26.0 5.76905E+04
 26.5 5.89865E+04
 27.0 6.02436E+04
 27.5 6.14572E+04
 28.0 6.26230E+04
 28.5 6.37371E+04
 29.0 6.47961E+04
 29.5 6.57969E+04
 30.0 6.67367E+04
 30.5 6.76137E+04
 31.0 6.84260E+04
 31.5 6.91726E+04
 32.0 6.98527E+04
 32.5 7.04661E+04
 33.0 7.10129E+04
 33.5 7.14937E+04
 34.0 7.19092E+04
 34.5 7.22607E+04
 35.0 7.25496E+04
 35.5 7.27773E+04
 36.0 7.29460E+04
 36.5 7.30574E+04
 37.0 7.31139E+04
 37.5 7.31175E+04
 38.0 7.30707E+04
 38.5 7.29756E+04
 39.0 7.28348E+04
 39.5 7.26506E+04
 40.0 7.24254E+04
 40.5 7.21617E+04
 41.0 7.18615E+04
 41.5 7.15273E+04
 42.0 7.11613E+04
 42.5 7.07657E+04
 43.0 7.03425E+04
 43.5 6.98937E+04
 44.0 6.94213E+04
 44.5 6.89271E+04
 45.0 6.84129E+04
 45.5 6.78804E+04
 46.0 6.73312E+04
 46.5 6.67669E+04
 47.0 6.61889E+04
 47.5 6.55985E+04
 48.0 6.49971E+04
 48.5 6.43859E+04
 49.0 6.37660E+04
 49.5 6.31385E+04
 50.0 6.25045E+04
 50.5 6.18647E+04
 51.0 6.12203E+04
 51.5 6.05719E+04
 52.0 5.99204E+04
 52.5 5.92663E+04
 53.0 5.86105E+04
 53.5 5.79535E+04
 54.0 5.72959E+04
 54.5 5.66382E+04
 55.0 5.59808E+04
 55.5 5.53243E+04
 56.0 5.46690E+04
 56.5 5.40153E+04
 57.0 5.33636E+04
 57.5 5.27140E+04
 58.0 2.12313E+05
 58.5 5.14228E+04
 59.0 5.07816E+04
 59.5 3.35280E+05
 60.0 4.95090E+04
 60.5 4.88779E+04
 61.0 4.82505E+04
 61.5 4.76269E+04
 62.0 4.70073E+04
 62.5 4.63917E+04
 63.0 4.57801E+04
 63.5 4.51728E+04
 64.0 4.45696E+04
 64.5 4.39707E+04
 65.0 4.33762E+04
 65.5 4.27859E+04
 66.0 4.22000E+04
 66.5 4.16184E+04
 67.0 1.43212E+05
 67.5 4.04683E+04
 68.0 3.98997E+04
 68.5 3.93354E+04
 69.0 6.61038E+04
 69.5 3.61177E+04
 70.0 2.52669E+04
 70.5 2.51349E+04
 71.0 2.49969E+04
 71.5 2.48530E+04
 72.0 2.47032E+04
 72.5 2.45477E+04
 73.0 2.43864E+04
 73.5 2.42196E+04
 74.0 2.40473E+04
 74.5 2.38695E+04
 75.0 2.36864E+04
 75.5 2.34980E+04
 76.0 2.33045E+04
 76.5 2.31060E+04
 77.0 2.29025E+04
 77.5 2.26942E+04
 78.0 2.24811E+04
 78.5 2.22634E+04
 79.0 2.20411E+04
 79.5 2.18144E+04
 80.0 2.15833E+04
 80.5 2.13480E+04
 81.0 2.11085E+04
 81.5 2.08650E+04
 82.0 2.06176E+04
 82.5 2.03663E+04
 83.0 2.01113E+04
 83.5 1.98527E+04
 84.0 1.95905E+04
 84.5 1.93249E+04
 85.0 1.90559E+04
 85.5 1.87837E+04
 86.0 1.85084E+04
 86.5 1.82300E+04
 87.0 1.79487E+04
 87.5 1.76645E+04
 88.0 1.73775E+04
 88.5 1.70879E+04
 89.0 1.67957E+04
 89.5 1.65010E+04
 90.0 1.62039E+04
 90.5 1.59045E+04
 91.0 1.56029E+04
 91.5 1.52992E+04
 92.0 1.49934E+04
 92.5 1.46857E+04
 93.0 1.43760E+04
 93.5 1.40646E+04
 94.0 1.37515E+04
 94.5 1.34367E+04
 95.0 1.31204E+04
 95.5 1.28026E+04
 96.0 1.24834E+04
 96.5 1.21629E+04
 97.0 1.18412E+04
 97.5 1.15183E+04
 98.0 1.11943E+04
 98.5 1.08693E+04
 99.0 1.05433E+04
 99.5 1.02165E+04
100.0 9.88886E+03
100.5 9.56048E+03
101.0 9.23143E+03
101.5 8.90178E+03
102.0 8.57160E+03
102.5 8.24095E+03
103.0 7.90990E+03
103.5 7.57851E+03
104.0 7.24684E+03
104.5 6.91496E+03
105.0 6.58293E+03
105.5 6.25081E+03
106.0 5.91867E+03
106.5 5.58655E+03
107.0 5.25452E+03
107.5 4.92264E+03
108.0 4.59097E+03
108.5 4.25955E+03
109.0 3.92846E+03
109.5 3.59775E+03
110.0 3.26746E+03
110.5 2.93766E+03
111.0 2.60840E+03
111.5 2.27973E+03
112.0 1.95171E+03
112.5 1.62438E+03
113.0 1.29781E+03
113.5 9.72038E+02
114.0 6.47119E+02
114.5 3.23103E+02
115.0 2.69016E+01
