115K10D0W2
  0.5 0.00000E+00
  1.0 0.00000E+00
  1.5 0.00000E+00
  2.0 0.00000E+00
  2.5 0.00000E+00
  3.0 0.00000E+00
  3.5 1.46682E+04
  4.0 1.99314E+04
  4.5 2.54168E+04
  5.0 3.11014E+04
  5.5 3.69757E+04
  6.0 4.30351E+04
  6.5 4.92774E+04
  7.0 5.57020E+04
  7.5 6.23099E+04
  8.0 6.91045E+04
  8.5 4.30523E+05
  9.0 8.32812E+04
  9.5 5.42748E+05
 10.0 4.57382E+05
 10.5 3.90537E+04
 11.0 4.19524E+04
 11.5 6.09569E+04
 12.0 3.23130E+04
 12.5 3.01130E+04
 13.0 3.19729E+04
 13.5 3.38556E+04
 14.0 3.57613E+04
 14.5 3.76899E+04
 15.0 3.96415E+04
 15.5 4.16164E+04
 16.0 4.36146E+04
 16.5 4.56362E+04
 17.0 4.76810E+04
 17.5 4.97484E+04
 18.0 5.18375E+04
 18.5 5.39461E+04
 19.0 5.60716E+04
 19.5 5.82099E+04
 20.0 6.03558E+04
 20.5 6.25028E+04
 21.0 6.46433E+04
 21.5 6.67687E+04
 22.0 6.88696E+04
 22.5 7.09361E+04
 23.0 7.29581E+04
 23.5 7.49253E+04
 24.0 7.68280E+04
 24.5 7.86568E+04
 25.0 8.04031E+04
 25.5 8.20592E+04
 26.0 8.36184E+04
 26.5 8.50753E+04
 27.0 8.64252E+04
 27.5 8.76649E+04
 28.0 8.87922E+04
 28.5 8.98056E+04
 29.0 9.07051E+04
 29.5 9.14914E+04
 30.0 9.21658E+04
 30.5 9.27303E+04
 31.0 9.31879E+04
 31.5 9.35417E+04
 32.0 9.37954E+04
 32.5 9.39530E+04
 33.0 9.40189E+04
 33.5 9.39974E+04
 34.0 9.38931E+04
 34.5 9.37107E+04
 35.0 9.34549E+04
 35.5 9.31303E+04
 36.0 9.27415E+04
 36.5 9.22931E+04
 37.0 9.17894E+04
 37.5 9.12347E+04
 38.0 9.06330E+04
 38.5 8.99884E+04
 39.0 8.93046E+04
 39.5 8.85853E+04
 40.0 8.78338E+04
 40.5 8.70533E+04
 41.0 8.62471E+04
 41.5 8.54178E+04
 42.0 8.45682E+04
 42.5 8.37009E+04
 43.0 8.28183E+04
 43.5 8.19225E+04
 44.0 8.10157E+04
 44.5 8.00997E+04
 45.0 7.91763E+04
 45.5 7.82472E+04
 46.0 7.73138E+04
 46.5 7.63776E+04
 47.0 7.54398E+04
 47.5 7.45017E+04
 48.0 7.35642E+04
 48.5 7.26285E+04
 49.0 7.16953E+04
 49.5 7.07655E+04
 50.0 6.98398E+04
 50.5 6.89188E+04
 51.0 6.80033E+04
 51.5 6.70936E+04
 52.0 6.61904E+04
 52.5 6.52939E+04
 53.0 6.44045E+04
 53.5 6.35226E+04
 54.0 6.26486E+04
 54.5 6.17825E+04
 55.0 6.09246E+04
 55.5 6.00751E+04
 56.0 5.92341E+04
 56.5 5.84017E+04
 57.0 5.75781E+04
 57.5 5.67632E+04
 58.0 2.38263E+05
 58.5 5.51599E+04
 59.0 5.43716E+04
 59.5 3.75568E+05
 60.0 5.28213E+04
 60.5 5.20593E+04
 61.0 5.13059E+04
 61.5 5.05613E+04
 62.0 4.98252E+04
 62.5 4.90976E+04
 63.0 4.83784E+04
 63.5 4.76674E+04
 64.0 4.69647E+04
 64.5 4.62700E+04
 65.0 4.55833E+04
 65.5 4.49044E+04
 66.0 4.42333E+04
 66.5 4.35697E+04
 67.0 1.54486E+05
 67.5 4.22650E+04
 68.0 4.16235E+04
 68.5 4.09892E+04
 69.0 7.00087E+04
 69.5 3.80862E+04
 70.0 2.93779E+04
 70.5 2.91247E+04
 71.0 2.88674E+04
 71.5 2.86063E+04
 72.0 2.83413E+04
 72.5 2.80726E+04
 73.0 2.78003E+04
 73.5 2.75245E+04
 74.0 2.72454E+04
 74.5 2.69629E+04
 75.0 2.66773E+04
 75.5 2.63886E+04
 76.0 2.60969E+04
 76.5 2.58023E+04
 77.0 2.55049E+04
 77.5 2.52048E+04
 78.0 2.49021E+04
 78.5 2.45969E+04
 79.0 2.42892E+04
 79.5 2.39792E+04
 80.0 2.36669E+04
 80.5 2.33525E+04
 81.0 2.30359E+04
 81.5 2.27174E+04
 82.0 2.23969E+04
 82.5 2.20745E+04
 83.0 2.17504E+04
 83.5 2.14245E+04
 84.0 2.10971E+04
 84.5 2.07681E+04
 85.0 2.04375E+04
 85.5 2.01056E+04
 86.0 1.97723E+04
 86.5 1.94378E+04
 87.0 1.91020E+04
 87.5 1.87651E+04
 88.0 1.84271E+04
 88.5 1.80880E+04
 89.0 1.77480E+04
 89.5 1.74071E+04
 90.0 1.70654E+04
 90.5 1.67228E+04
 91.0 1.63796E+04
 91.5 1.60357E+04
 92.0 1.56911E+04
 92.5 1.53460E+04
 93.0 1.50004E+04
 93.5 1.46544E+04
 94.0 1.43079E+04
 94.5 1.39611E+04
 95.0 1.36140E+04
 95.5 1.32667E+04
 96.0 1.29191E+04
 96.5 1.25714E+04
 97.0 1.22236E+04
 97.5 1.18758E+04
 98.0 1.15279E+04
 98.5 1.11801E+04
 99.0 1.08324E+04
 99.5 1.04848E+04
100.0 1.01373E+04
100.5 9.79013E+03
101.0 9.44318E+03
101.5 9.09653E+03
102.0 8.75023E+03
102.5 8.40432E+03
103.0 8.05884E+03
103.5 7.71383E+03
104.0 7.36934E+03
104.5 7.02541E+03
105.0 6.68207E+03
105.5 6.33936E+03
106.0 5.99733E+03
106.5 5.65601E+03
107.0 5.31545E+03
107.5 4.97568E+03
108.0 4.63674E+03
108.5 4.29868E+03
109.0 3.96152E+03
109.5 3.62530E+03
110.0 3.29007E+03
110.5 2.95586E+03
111.0 2.62271E+03
111.5 2.29066E+03
112.0 1.95973E+03
112.5 1.62998E+03
113.0 1.30144E+03
113.5 9.74137E+02
114.0 6.48116E+02
114.5 3.23411E+02
115.0 2.69176E+01
