115K14D0W2
  0.5 0.00000E+00
  1.0 0.00000E+00
  1.5 0.00000E+00
  2.0 0.00000E+00
  2.5 0.00000E+00
  3.0 0.00000E+00
  3.5 2.29946E+04
  4.0 3.03049E+04
  4.5 3.79444E+04
  5.0 4.59023E+04
  5.5 5.41754E+04
  6.0 6.27651E+04
  6.5 7.16761E+04
  7.0 8.09176E+04
  7.5 9.05054E+04
  8.0 1.00464E+05
  8.5 1.19991E+06
  9.0 1.21630E+05
  9.5 1.13660E+06
 10.0 9.49780E+05
 10.5 5.66746E+04
 11.0 6.08828E+04
 11.5 1.30440E+05
 12.0 4.68761E+04
 12.5 4.36805E+04
 13.0 4.63670E+04
 13.5 4.90995E+04
 14.0 5.18793E+04
 14.5 5.47075E+04
 15.0 5.75851E+04
 15.5 6.05119E+04
 16.0 6.34868E+04
 16.5 6.65069E+04
 17.0 6.95668E+04
 17.5 7.26585E+04
 18.0 7.57710E+04
 18.5 7.88908E+04
 19.0 8.20018E+04
 19.5 8.50861E+04
 20.0 8.81243E+04
 20.5 9.10966E+04
 21.0 9.39832E+04
 21.5 9.67650E+04
 22.0 9.94244E+04
 22.5 1.01946E+05
 23.0 1.04314E+05
 23.5 1.06520E+05
 24.0 1.08552E+05
 24.5 1.10405E+05
 25.0 1.12075E+05
 25.5 1.13558E+05
 26.0 1.14855E+05
 26.5 1.15968E+05
 27.0 1.16899E+05
 27.5 1.17654E+05
 28.0 1.18237E+05
 28.5 1.18657E+05
 29.0 1.18919E+05
 29.5 1.19032E+05
 30.0 1.19005E+05
 30.5 1.18844E+05
 31.0 1.18560E+05
 31.5 1.18161E+05
 32.0 1.17655E+05
 32.5 1.17050E+05
 33.0 1.16355E+05
 33.5 1.15577E+05
 34.0 1.14724E+05
 34.5 1.13802E+05
 35.0 1.12820E+05
 35.5 1.11783E+05
 36.0 1.10697E+05
 36.5 1.09568E+05
 37.0 1.08401E+05
 37.5 1.07201E+05
 38.0 1.05974E+05
 38.5 1.04722E+05
 39.0 1.03451E+05
 39.5 1.02164E+05
 40.0 1.00863E+05
 40.5 9.95536E+04
 41.0 9.82369E+04
 41.5 9.69159E+04
 42.0 9.55931E+04
 42.5 9.42706E+04
 43.0 9.29503E+04
 43.5 9.16339E+04
 44.0 9.03232E+04
 44.5 8.90194E+04
 45.0 8.77239E+04
 45.5 8.64377E+04
 46.0 8.51620E+04
 46.5 8.38975E+04
 47.0 8.26450E+04
 47.5 8.14053E+04
 48.0 8.01789E+04
 48.5 7.89662E+04
 49.0 7.77678E+04
 49.5 7.65840E+04
 50.0 7.54149E+04
 50.5 7.42609E+04
 51.0 7.31221E+04
 51.5 7.19987E+04
 52.0 7.08907E+04
 52.5 6.97982E+04
 53.0 6.87211E+04
 53.5 6.76594E+04
 54.0 6.66132E+04
 54.5 6.55822E+04
 55.0 6.45664E+04
 55.5 6.35656E+04
 56.0 6.25797E+04
 56.5 6.16086E+04
 57.0 6.06520E+04
 57.5 5.97097E+04
 58.0 2.57579E+05
 58.5 5.78674E+04
 59.0 5.69670E+04
 59.5 4.05425E+05
 60.0 5.52064E+04
 60.5 5.43457E+04
 61.0 5.34979E+04
 61.5 5.26625E+04
 62.0 5.18395E+04
 62.5 5.10286E+04
 63.0 5.02294E+04
 63.5 4.94418E+04
 64.0 4.86656E+04
 64.5 4.79004E+04
 65.0 4.71461E+04
 65.5 4.64023E+04
 66.0 4.56689E+04
 66.5 4.49457E+04
 67.0 1.62599E+05
 67.5 4.35287E+04
 68.0 4.28344E+04
 68.5 4.21494E+04
 69.0 7.27865E+04
 69.5 3.95321E+04
 70.0 3.26507E+04
 70.5 3.22877E+04
 71.0 3.19233E+04
 71.5 3.15576E+04
 72.0 3.11908E+04
 72.5 3.08229E+04
 73.0 3.04539E+04
 73.5 3.00840E+04
 74.0 2.97132E+04
 74.5 2.93416E+04
 75.0 2.89692E+04
 75.5 2.85961E+04
 76.0 2.82223E+04
 76.5 2.78479E+04
 77.0 2.74730E+04
 77.5 2.70977E+04
 78.0 2.67218E+04
 78.5 2.63456E+04
 79.0 2.59691E+04
 79.5 2.55922E+04
 80.0 2.52151E+04
 80.5 2.48378E+04
 81.0 2.44603E+04
 81.5 2.40827E+04
 82.0 2.37050E+04
 82.5 2.33273E+04
 83.0 2.29495E+04
 83.5 2.25718E+04
 84.0 2.21941E+04
 84.5 2.18165E+04
 85.0 2.14390E+04
 85.5 2.10617E+04
 86.0 2.06845E+04
 86.5 2.03076E+04
 87.0 1.99309E+04
 87.5 1.95545E+04
 88.0 1.91783E+04
 88.5 1.88025E+04
 89.0 1.84271E+04
 89.5 1.80521E+04
 90.0 1.76774E+04
 90.5 1.73032E+04
 91.0 1.69295E+04
 91.5 1.65562E+04
 92.0 1.61834E+04
 92.5 1.58112E+04
 93.0 1.54396E+04
 93.5 1.50685E+04
 94.0 1.46981E+04
 94.5 1.43283E+04
 95.0 1.39591E+04
 95.5 1.35906E+04
 96.0 1.32228E+04
 96.5 1.28558E+04
 97.0 1.24895E+04
 97.5 1.21240E+04
 98.0 1.17592E+04
 98.5 1.13953E+04
 99.0 1.10323E+04
 99.5 1.06701E+04
100.0 1.03088E+04
100.5 9.94837E+03
101.0 9.58891E+03
101.5 9.23042E+03
102.0 8.87290E+03
102.5 8.51639E+03
103.0 8.16090E+03
103.5 7.80647E+03
104.0 7.45312E+03
104.5 7.10086E+03
105.0 6.74972E+03
105.5 6.39973E+03
106.0 6.05091E+03
106.5 5.70329E+03
107.0 5.35688E+03
107.5 5.01171E+03
108.0 4.66781E+03
108.5 4.32521E+03
109.0 3.98391E+03
109.5 3.64395E+03
110.0 3.30536E+03
110.5 2.96816E+03
111.0 2.63238E+03
111.5 2.29803E+03
112.0 1.96515E+03
112.5 1.63376E+03
113.0 1.30388E+03
113.5 9.75550E+02
114.0 6.48786E+02
114.5 3.23617E+02
115.0 2.69284E+01
