115K13D0W2
  0.5 0.00000E+00
  1.0 0.00000E+00
  1.5 0.00000E+00
  2.0 0.00000E+00
  2.5 0.00000E+00
  3.0 0.00000E+00
  3.5 2.08744E+04
  4.0 2.76694E+04
  4.5 3.47636E+04
  5.0 4.21435E+04
  5.5 4.98045E+04
  6.0 5.77460E+04
  6.5 6.59704E+04
  7.0 7.44834E+04
  7.5 8.32955E+04
  8.0 9.24235E+04
  8.5 9.78699E+05
  9.0 1.11731E+05
  9.5 9.82368E+05
 10.0 8.21893E+05
 10.5 5.21761E+04
 11.0 5.60431E+04
 11.5 1.10141E+05
 12.0 4.31605E+04
 12.5 4.02200E+04
 13.0 4.26919E+04
 13.5 4.52030E+04
 14.0 4.77544E+04
 14.5 5.03466E+04
 15.0 5.29806E+04
 15.5 5.56568E+04
 16.0 5.83748E+04
 16.5 6.11334E+04
 17.0 6.39294E+04
 17.5 6.67580E+04
 18.0 6.96119E+04
 18.5 7.24813E+04
 19.0 7.53547E+04
 19.5 7.82178E+04
 20.0 8.10553E+04
 20.5 8.38505E+04
 21.0 8.65862E+04
 21.5 8.92452E+04
 22.0 9.18111E+04
 22.5 9.42685E+04
 23.0 9.66032E+04
 23.5 9.88029E+04
 24.0 1.00857E+05
 24.5 1.02758E+05
 25.0 1.04499E+05
 25.5 1.06076E+05
 26.0 1.07486E+05
 26.5 1.08728E+05
 27.0 1.09805E+05
 27.5 1.10717E+05
 28.0 1.11469E+05
 28.5 1.12065E+05
 29.0 1.12511E+05
 29.5 1.12812E+05
 30.0 1.12977E+05
 30.5 1.13010E+05
 31.0 1.12921E+05
 31.5 1.12716E+05
 32.0 1.12403E+05
 32.5 1.11989E+05
 33.0 1.11482E+05
 33.5 1.10889E+05
 34.0 1.10217E+05
 34.5 1.09473E+05
 35.0 1.08663E+05
 35.5 1.07793E+05
 36.0 1.06869E+05
 36.5 1.05898E+05
 37.0 1.04883E+05
 37.5 1.03830E+05
 38.0 1.02745E+05
 38.5 1.01630E+05
 39.0 1.00490E+05
 39.5 9.93289E+04
 40.0 9.81501E+04
 40.5 9.69568E+04
 41.0 9.57520E+04
 41.5 9.45383E+04
 42.0 9.33184E+04
 42.5 9.20943E+04
 43.0 9.08683E+04
 43.5 8.96423E+04
 44.0 8.84179E+04
 44.5 8.71968E+04
 45.0 8.59804E+04
 45.5 8.47698E+04
 46.0 8.35664E+04
 46.5 8.23710E+04
 47.0 8.11847E+04
 47.5 8.00081E+04
 48.0 7.88420E+04
 48.5 7.76871E+04
 49.0 7.65438E+04
 49.5 7.54126E+04
 50.0 7.42939E+04
 50.5 7.31880E+04
 51.0 7.20952E+04
 51.5 7.10158E+04
 52.0 6.99498E+04
 52.5 6.88975E+04
 53.0 6.78588E+04
 53.5 6.68339E+04
 54.0 6.58227E+04
 54.5 6.48253E+04
 55.0 6.38415E+04
 55.5 6.28715E+04
 56.0 6.19149E+04
 56.5 6.09719E+04
 57.0 6.00421E+04
 57.5 5.91256E+04
 58.0 2.53722E+05
 58.5 5.73315E+04
 59.0 5.64536E+04
 59.5 3.99472E+05
 60.0 5.47351E+04
 60.5 5.38943E+04
 61.0 5.30654E+04
 61.5 5.22482E+04
 62.0 5.14425E+04
 62.5 5.06482E+04
 63.0 4.98650E+04
 63.5 4.90927E+04
 64.0 4.83310E+04
 64.5 4.75799E+04
 65.0 4.68390E+04
 65.5 4.61081E+04
 66.0 4.53871E+04
 66.5 4.46757E+04
 67.0 1.60997E+05
 67.5 4.32809E+04
 68.0 4.25971E+04
 68.5 4.19221E+04
 69.0 7.22399E+04
 69.5 3.92444E+04
 70.0 3.19826E+04
 70.5 3.16428E+04
 71.0 3.13011E+04
 71.5 3.09576E+04
 72.0 3.06122E+04
 72.5 3.02651E+04
 73.0 2.99164E+04
 73.5 2.95662E+04
 74.0 2.92146E+04
 74.5 2.88615E+04
 75.0 2.85071E+04
 75.5 2.81515E+04
 76.0 2.77947E+04
 76.5 2.74369E+04
 77.0 2.70779E+04
 77.5 2.67181E+04
 78.0 2.63573E+04
 78.5 2.59956E+04
 79.0 2.56332E+04
 79.5 2.52700E+04
 80.0 2.49061E+04
 80.5 2.45416E+04
 81.0 2.41765E+04
 81.5 2.38109E+04
 82.0 2.34448E+04
 82.5 2.30783E+04
 83.0 2.27114E+04
 83.5 2.23441E+04
 84.0 2.19766E+04
 84.5 2.16087E+04
 85.0 2.12407E+04
 85.5 2.08725E+04
 86.0 2.05042E+04
 86.5 2.01357E+04
 87.0 1.97672E+04
 87.5 1.93987E+04
 88.0 1.90302E+04
 88.5 1.86617E+04
 89.0 1.82934E+04
 89.5 1.79251E+04
 90.0 1.75570E+04
 90.5 1.71891E+04
 91.0 1.68214E+04
 91.5 1.64540E+04
 92.0 1.60868E+04
 92.5 1.57200E+04
 93.0 1.53535E+04
 93.5 1.49874E+04
 94.0 1.46217E+04
 94.5 1.42564E+04
 95.0 1.38916E+04
 95.5 1.35273E+04
 96.0 1.31635E+04
 96.5 1.28002E+04
 97.0 1.24376E+04
 97.5 1.20755E+04
 98.0 1.17141E+04
 98.5 1.13533E+04
 99.0 1.09933E+04
 99.5 1.06340E+04
100.0 1.02754E+04
100.5 9.91755E+03
101.0 9.56054E+03
101.5 9.20436E+03
102.0 8.84903E+03
102.5 8.49459E+03
103.0 8.14106E+03
103.5 7.78847E+03
104.0 7.43684E+03
104.5 7.08620E+03
105.0 6.73659E+03
105.5 6.38802E+03
106.0 6.04052E+03
106.5 5.69412E+03
107.0 5.34885E+03
107.5 5.00473E+03
108.0 4.66179E+03
108.5 4.32006E+03
109.0 3.97957E+03
109.5 3.64034E+03
110.0 3.30240E+03
110.5 2.96578E+03
111.0 2.63051E+03
111.5 2.29660E+03
112.0 1.96410E+03
112.5 1.63303E+03
113.0 1.30341E+03
113.5 9.75277E+02
114.0 6.48657E+02
114.5 3.23577E+02
115.0 2.69263E+01
