115K11D0W2
  0.5 0.00000E+00
  1.0 0.00000E+00
  1.5 0.00000E+00
  2.0 0.00000E+00
  2.5 0.00000E+00
  3.0 0.00000E+00
  3.5 1.67107E+04
  4.0 2.24833E+04
  4.5 2.85013E+04
  5.0 3.47453E+04
  5.5 4.12076E+04
  6.0 4.78848E+04
  6.5 5.47759E+04
  7.0 6.18817E+04
  7.5 6.92056E+04
  8.0 7.67540E+04
  8.5 5.90573E+05
  9.0 9.25723E+04
  9.5 6.83088E+05
 10.0 5.73765E+05
 10.5 4.33700E+04
 11.0 4.65830E+04
 11.5 7.52279E+04
 12.0 3.58824E+04
 12.5 3.34395E+04
 13.0 3.54984E+04
 13.5 3.75852E+04
 14.0 3.96999E+04
 14.5 4.18429E+04
 15.0 4.40144E+04
 15.5 4.62149E+04
 16.0 4.84444E+04
 16.5 5.07031E+04
 17.0 5.29902E+04
 17.5 5.53045E+04
 18.0 5.76436E+04
 18.5 6.00039E+04
 19.0 6.23803E+04
 19.5 6.47659E+04
 20.0 6.71526E+04
 20.5 6.95308E+04
 21.0 7.18896E+04
 21.5 7.42174E+04
 22.0 7.65018E+04
 22.5 7.87307E+04
 23.0 8.08918E+04
 23.5 8.29736E+04
 24.0 8.49652E+04
 24.5 8.68569E+04
 25.0 8.86402E+04
 25.5 9.03078E+04
 26.0 9.18540E+04
 26.5 9.32743E+04
 27.0 9.45658E+04
 27.5 9.57267E+04
 28.0 9.67565E+04
 28.5 9.76556E+04
 29.0 9.84259E+04
 29.5 9.90697E+04
 30.0 9.95903E+04
 30.5 9.99914E+04
 31.0 1.00278E+05
 31.5 1.00453E+05
 32.0 1.00524E+05
 32.5 1.00495E+05
 33.0 1.00372E+05
 33.5 1.00160E+05
 34.0 9.98643E+04
 34.5 9.94913E+04
 35.0 9.90461E+04
 35.5 9.85338E+04
 36.0 9.79599E+04
 36.5 9.73292E+04
 37.0 9.66465E+04
 37.5 9.59166E+04
 38.0 9.51437E+04
 38.5 9.43319E+04
 39.0 9.34854E+04
 39.5 9.26079E+04
 40.0 9.17027E+04
 40.5 9.07733E+04
 41.0 8.98227E+04
 41.5 8.88538E+04
 42.0 8.78693E+04
 42.5 8.68716E+04
 43.0 8.58633E+04
 43.5 8.48462E+04
 44.0 8.38224E+04
 44.5 8.27938E+04
 45.0 8.17620E+04
 45.5 8.07286E+04
 46.0 7.96949E+04
 46.5 7.86623E+04
 47.0 7.76318E+04
 47.5 7.66046E+04
 48.0 7.55817E+04
 48.5 7.45638E+04
 49.0 7.35517E+04
 49.5 7.25462E+04
 50.0 7.15478E+04
 50.5 7.05572E+04
 51.0 6.95748E+04
 51.5 6.86010E+04
 52.0 6.76361E+04
 52.5 6.66806E+04
 53.0 6.57346E+04
 53.5 6.47984E+04
 54.0 6.38722E+04
 54.5 6.29562E+04
 55.0 6.20504E+04
 55.5 6.11549E+04
 56.0 6.02698E+04
 56.5 5.93952E+04
 57.0 5.85310E+04
 57.5 5.76772E+04
 58.0 2.44217E+05
 58.5 5.60008E+04
 59.0 5.51781E+04
 59.5 3.84783E+05
 60.0 5.35633E+04
 60.5 5.27710E+04
 61.0 5.19886E+04
 61.5 5.12160E+04
 62.0 5.04532E+04
 62.5 4.96999E+04
 63.0 4.89560E+04
 63.5 4.82214E+04
 64.0 4.74959E+04
 64.5 4.67794E+04
 65.0 4.60718E+04
 65.5 4.53728E+04
 66.0 4.46824E+04
 66.5 4.40003E+04
 67.0 1.57011E+05
 67.5 4.26607E+04
 68.0 4.20029E+04
 68.5 4.13527E+04
 69.0 7.08759E+04
 69.5 3.85332E+04
 70.0 3.03672E+04
 70.5 3.00820E+04
 71.0 2.97934E+04
 71.5 2.95017E+04
 72.0 2.92068E+04
 72.5 2.89089E+04
 73.0 2.86081E+04
 73.5 2.83045E+04
 74.0 2.79982E+04
 74.5 2.76893E+04
 75.0 2.73778E+04
 75.5 2.70640E+04
 76.0 2.67478E+04
 76.5 2.64293E+04
 77.0 2.61087E+04
 77.5 2.57861E+04
 78.0 2.54614E+04
 78.5 2.51348E+04
 79.0 2.48064E+04
 79.5 2.44762E+04
 80.0 2.41443E+04
 80.5 2.38108E+04
 81.0 2.34758E+04
 81.5 2.31393E+04
 82.0 2.28015E+04
 82.5 2.24623E+04
 83.0 2.21218E+04
 83.5 2.17801E+04
 84.0 2.14373E+04
 84.5 2.10934E+04
 85.0 2.07485E+04
 85.5 2.04027E+04
 86.0 2.00559E+04
 86.5 1.97084E+04
 87.0 1.93600E+04
 87.5 1.90109E+04
 88.0 1.86612E+04
 88.5 1.83108E+04
 89.0 1.79599E+04
 89.5 1.76084E+04
 90.0 1.72565E+04
 90.5 1.69042E+04
 91.0 1.65515E+04
 91.5 1.61985E+04
 92.0 1.58452E+04
 92.5 1.54917E+04
 93.0 1.51380E+04
 93.5 1.47841E+04
 94.0 1.44302E+04
 94.5 1.40762E+04
 95.0 1.37223E+04
 95.5 1.33683E+04
 96.0 1.30145E+04
 96.5 1.26607E+04
 97.0 1.23072E+04
 97.5 1.19538E+04
 98.0 1.16007E+04
 98.5 1.12478E+04
 99.0 1.08953E+04
 99.5 1.05431E+04
100.0 1.01913E+04
100.5 9.83997E+03
101.0 9.48909E+03
101.5 9.13872E+03
102.0 8.78890E+03
102.5 8.43966E+03
103.0 8.09103E+03
103.5 7.74306E+03
104.0 7.39578E+03
104.5 7.04923E+03
105.0 6.70343E+03
105.5 6.35843E+03
106.0 6.01426E+03
106.5 5.67096E+03
107.0 5.32855E+03
107.5 4.98708E+03
108.0 4.64657E+03
108.5 4.30707E+03
109.0 3.96860E+03
109.5 3.63120E+03
110.0 3.29491E+03
110.5 2.95976E+03
111.0 2.62577E+03
111.5 2.29299E+03
112.0 1.96145E+03
112.5 1.63118E+03
113.0 1.30221E+03
113.5 9.74585E+02
114.0 6.48328E+02
114.5 3.23476E+02
115.0 2.69210E+01
