115K21D0W2
  0.5 0.00000E+00
  1.0 0.00000E+00
  1.5 0.00000E+00
  2.0 0.00000E+00
  2.5 0.00000E+00
  3.0 0.00000E+00
  3.5 3.86189E+04
  4.0 4.96864E+04
  4.5 6.13443E+04
  5.0 7.35995E+04
  5.5 8.64680E+04
  6.0 9.99781E+04
  6.5 1.14175E+05
  7.0 1.29131E+05
  7.5 1.44941E+05
  8.0 1.61706E+05
  8.5 2.99640E+06
  9.0 1.98163E+05
  9.5 2.18928E+06
 10.0 1.82373E+06
 10.5 9.04406E+04
 11.0 9.73818E+04
 11.5 3.07215E+05
 12.0 7.47054E+04
 12.5 6.95715E+04
 13.0 7.39555E+04
 13.5 7.84522E+04
 14.0 8.30597E+04
 14.5 8.77705E+04
 15.0 9.25704E+04
 15.5 9.74372E+04
 16.0 1.02342E+05
 16.5 1.07248E+05
 17.0 1.12114E+05
 17.5 1.16899E+05
 18.0 1.21557E+05
 18.5 1.26045E+05
 19.0 1.30325E+05
 19.5 1.34360E+05
 20.0 1.38122E+05
 20.5 1.41585E+05
 21.0 1.44733E+05
 21.5 1.47553E+05
 22.0 1.50038E+05
 22.5 1.52188E+05
 23.0 1.54005E+05
 23.5 1.55496E+05
 24.0 1.56671E+05
 24.5 1.57543E+05
 25.0 1.58126E+05
 25.5 1.58436E+05
 26.0 1.58490E+05
 26.5 1.58306E+05
 27.0 1.57901E+05
 27.5 1.57292E+05
 28.0 1.56498E+05
 28.5 1.55534E+05
 29.0 1.54417E+05
 29.5 1.53163E+05
 30.0 1.51787E+05
 30.5 1.50301E+05
 31.0 1.48719E+05
 31.5 1.47054E+05
 32.0 1.45317E+05
 32.5 1.43517E+05
 33.0 1.41665E+05
 33.5 1.39770E+05
 34.0 1.37840E+05
 34.5 1.35881E+05
 35.0 1.33902E+05
 35.5 1.31907E+05
 36.0 1.29903E+05
 36.5 1.27894E+05
 37.0 1.25885E+05
 37.5 1.23880E+05
 38.0 1.21883E+05
 38.5 1.19897E+05
 39.0 1.17923E+05
 39.5 1.15966E+05
 40.0 1.14027E+05
 40.5 1.12108E+05
 41.0 1.10211E+05
 41.5 1.08337E+05
 42.0 1.06487E+05
 42.5 1.04662E+05
 43.0 1.02864E+05
 43.5 1.01092E+05
 44.0 9.93475E+04
 44.5 9.76306E+04
 45.0 9.59418E+04
 45.5 9.42812E+04
 46.0 9.26488E+04
 46.5 9.10447E+04
 47.0 8.94688E+04
 47.5 8.79211E+04
 48.0 8.64013E+04
 48.5 8.49091E+04
 49.0 8.34445E+04
 49.5 8.20070E+04
 50.0 8.05962E+04
 50.5 7.92119E+04
 51.0 7.78536E+04
 51.5 7.65209E+04
 52.0 7.52133E+04
 52.5 7.39305E+04
 53.0 7.26720E+04
 53.5 7.14373E+04
 54.0 7.02259E+04
 54.5 6.90373E+04
 55.0 6.78711E+04
 55.5 6.67269E+04
 56.0 6.56040E+04
 56.5 6.45020E+04
 57.0 6.34204E+04
 57.5 6.23588E+04
 58.0 2.75236E+05
 58.5 6.02937E+04
 59.0 5.92891E+04
 59.5 4.32629E+05
 60.0 5.73339E+04
 60.5 5.63823E+04
 61.0 5.54475E+04
 61.5 5.45290E+04
 62.0 5.36264E+04
 62.5 5.27394E+04
 63.0 5.18674E+04
 63.5 5.10101E+04
 64.0 5.01671E+04
 64.5 4.93381E+04
 65.0 4.85226E+04
 65.5 4.77203E+04
 66.0 4.69308E+04
 66.5 4.61538E+04
 67.0 1.69829E+05
 67.5 4.46360E+04
 68.0 4.38945E+04
 68.5 4.31642E+04
 69.0 7.52415E+04
 69.5 4.08456E+04
 70.0 3.58031E+04
 70.5 3.53244E+04
 71.0 3.48478E+04
 71.5 3.43734E+04
 72.0 3.39012E+04
 72.5 3.34311E+04
 73.0 3.29631E+04
 73.5 3.24973E+04
 74.0 3.20337E+04
 74.5 3.15721E+04
 75.0 3.11126E+04
 75.5 3.06552E+04
 76.0 3.01999E+04
 76.5 2.97466E+04
 77.0 2.92953E+04
 77.5 2.88461E+04
 78.0 2.83988E+04
 78.5 2.79536E+04
 79.0 2.75103E+04
 79.5 2.70689E+04
 80.0 2.66294E+04
 80.5 2.61919E+04
 81.0 2.57562E+04
 81.5 2.53224E+04
 82.0 2.48905E+04
 82.5 2.44604E+04
 83.0 2.40321E+04
 83.5 2.36056E+04
 84.0 2.31809E+04
 84.5 2.27580E+04
 85.0 2.23368E+04
 85.5 2.19173E+04
 86.0 2.14996E+04
 86.5 2.10835E+04
 87.0 2.06692E+04
 87.5 2.02565E+04
 88.0 1.98455E+04
 88.5 1.94362E+04
 89.0 1.90284E+04
 89.5 1.86223E+04
 90.0 1.82179E+04
 90.5 1.78150E+04
 91.0 1.74137E+04
 91.5 1.70140E+04
 92.0 1.66159E+04
 92.5 1.62194E+04
 93.0 1.58244E+04
 93.5 1.54310E+04
 94.0 1.50392E+04
 94.5 1.46489E+04
 95.0 1.42601E+04
 95.5 1.38729E+04
 96.0 1.34872E+04
 96.5 1.31030E+04
 97.0 1.27204E+04
 97.5 1.23393E+04
 98.0 1.19598E+04
 98.5 1.15817E+04
 99.0 1.12052E+04
 99.5 1.08303E+04
100.0 1.04568E+04
100.5 1.00849E+04
101.0 9.71458E+03
101.5 9.34576E+03
102.0 8.97850E+03
102.5 8.61278E+03
103.0 8.24862E+03
103.5 7.88603E+03
104.0 7.52500E+03
104.5 7.16556E+03
105.0 6.80770E+03
105.5 6.45143E+03
106.0 6.09677E+03
106.5 5.74371E+03
107.0 5.39228E+03
107.5 5.04248E+03
108.0 4.69433E+03
108.5 4.34783E+03
109.0 4.00300E+03
109.5 3.65984E+03
110.0 3.31838E+03
110.5 2.97863E+03
111.0 2.64059E+03
111.5 2.30430E+03
112.0 1.96975E+03
112.5 1.63696E+03
113.0 1.30596E+03
113.5 9.76748E+02
114.0 6.49355E+02
114.5 3.23792E+02
115.0 2.69375E+01
