116K06D0W2
  0.5 0.00000E+00
  1.0 0.00000E+00
  1.5 0.00000E+00
  2.0 0.00000E+00
  2.5 0.00000E+00
  3.0 0.00000E+00
  3.5 6.76721E+03
  4.0 9.93825E+03
  4.5 1.32778E+04
  5.0 1.67360E+04
  5.5 2.02914E+04
  6.0 2.39339E+04
  6.5 2.76578E+04
  7.0 3.14595E+04
  7.5 3.53363E+04
  8.0 3.92861E+04
  8.5 6.78195E+04
  9.0 4.73985E+04
  9.5 1.19574E+05
 10.0 1.05309E+05
 10.5 2.21447E+04
 11.0 2.38476E+04
 11.5 2.48784E+04
 12.0 1.83231E+04
 12.5 1.70715E+04
 13.0 1.81708E+04
 13.5 1.92784E+04
 14.0 2.03942E+04
 14.5 2.15177E+04
 15.0 2.26490E+04
 15.5 2.37876E+04
 16.0 2.49333E+04
 16.5 2.60859E+04
 17.0 2.72452E+04
 17.5 2.84109E+04
 18.0 2.95828E+04
 18.5 3.07607E+04
 19.0 3.19443E+04
 19.5 3.31333E+04
 20.0 3.43274E+04
 20.5 3.55264E+04
 21.0 3.67296E+04
 21.5 3.79365E+04
 22.0 3.91462E+04
 22.5 4.03577E+04
 23.0 4.15698E+04
 23.5 4.27807E+04
 24.0 4.39887E+04
 24.5 4.51915E+04
 25.0 4.63865E+04
 25.5 4.75710E+04
 26.0 4.87418E+04
 26.5 4.98959E+04
 27.0 5.10297E+04
 27.5 5.21399E+04
 28.0 5.32229E+04
 28.5 5.42755E+04
 29.0 5.52944E+04
 29.5 5.62764E+04
 30.0 5.72186E+04
 30.5 5.81184E+04
 31.0 5.89735E+04
 31.5 5.97819E+04
 32.0 6.05416E+04
 32.5 6.12515E+04
 33.0 6.19103E+04
 33.5 6.25174E+04
 34.0 6.30723E+04
 34.5 6.35749E+04
 35.0 6.40252E+04
 35.5 6.44236E+04
 36.0 6.47708E+04
 36.5 6.50675E+04
 37.0 6.53147E+04
 37.5 6.55137E+04
 38.0 6.56656E+04
 38.5 6.57720E+04
 39.0 6.58344E+04
 39.5 6.58543E+04
 40.0 6.58333E+04
 40.5 6.57733E+04
 41.0 6.56759E+04
 41.5 6.55429E+04
 42.0 6.53760E+04
 42.5 6.51770E+04
 43.0 6.49475E+04
 43.5 6.46893E+04
 44.0 6.44041E+04
 44.5 6.40935E+04
 45.0 6.37590E+04
 45.5 6.34022E+04
 46.0 6.30246E+04
 46.5 6.26276E+04
 47.0 6.22127E+04
 47.5 6.17810E+04
 48.0 6.13340E+04
 48.5 6.08728E+04
 49.0 6.03986E+04
 49.5 5.99124E+04
 50.0 5.94154E+04
 50.5 5.89085E+04
 51.0 5.83927E+04
 51.5 5.78688E+04
 52.0 5.73377E+04
 52.5 5.68002E+04
 53.0 5.62570E+04
 53.5 5.57089E+04
 54.0 5.51564E+04
 54.5 5.46002E+04
 55.0 5.40409E+04
 55.5 5.34790E+04
 56.0 5.29150E+04
 56.5 5.23494E+04
 57.0 5.17826E+04
 57.5 5.12150E+04
 58.0 2.03614E+05
 58.5 5.00790E+04
 59.0 4.95111E+04
 59.5 3.22430E+05
 60.0 4.83774E+04
 60.5 4.78121E+04
 61.0 4.72480E+04
 61.5 4.66854E+04
 62.0 4.61245E+04
 62.5 4.55655E+04
 63.0 4.50085E+04
 63.5 4.44537E+04
 64.0 4.39012E+04
 64.5 4.33511E+04
 65.0 4.28035E+04
 65.5 4.22585E+04
 66.0 4.17161E+04
 66.5 4.11766E+04
 67.0 1.40753E+05
 67.5 4.01059E+04
 68.0 3.95749E+04
 68.5 3.90468E+04
 69.0 6.54128E+04
 69.5 3.56256E+04
 70.0 2.34603E+04
 70.5 2.33848E+04
 71.0 2.33031E+04
 71.5 2.32151E+04
 72.0 2.31208E+04
 72.5 2.30203E+04
 73.0 2.29137E+04
 73.5 2.28010E+04
 74.0 2.26823E+04
 74.5 2.25575E+04
 75.0 2.24268E+04
 75.5 2.22903E+04
 76.0 2.21479E+04
 76.5 2.19998E+04
 77.0 2.18461E+04
 77.5 2.16869E+04
 78.0 2.15222E+04
 78.5 2.13520E+04
 79.0 2.11766E+04
 79.5 2.09959E+04
 80.0 2.08101E+04
 80.5 2.06193E+04
 81.0 2.04236E+04
 81.5 2.02229E+04
 82.0 2.00176E+04
 82.5 1.98076E+04
 83.0 1.95930E+04
 83.5 1.93740E+04
 84.0 1.91506E+04
 84.5 1.89230E+04
 85.0 1.86912E+04
 85.5 1.84554E+04
 86.0 1.82155E+04
 86.5 1.79719E+04
 87.0 1.77244E+04
 87.5 1.74733E+04
 88.0 1.72187E+04
 88.5 1.69606E+04
 89.0 1.66991E+04
 89.5 1.64343E+04
 90.0 1.61664E+04
 90.5 1.58954E+04
 91.0 1.56214E+04
 91.5 1.53446E+04
 92.0 1.50650E+04
 92.5 1.47826E+04
 93.0 1.44977E+04
 93.5 1.42103E+04
 94.0 1.39204E+04
 94.5 1.36282E+04
 95.0 1.33338E+04
 95.5 1.30373E+04
 96.0 1.27386E+04
 96.5 1.24380E+04
 97.0 1.21356E+04
 97.5 1.18313E+04
 98.0 1.15253E+04
 98.5 1.12177E+04
 99.0 1.09085E+04
 99.5 1.05978E+04
100.0 1.02858E+04
100.5 9.97243E+03
101.0 9.65784E+03
101.5 9.34210E+03
102.0 9.02528E+03
102.5 8.70745E+03
103.0 8.38870E+03
103.5 8.06910E+03
104.0 7.74871E+03
104.5 7.42761E+03
105.0 7.10588E+03
105.5 6.78358E+03
106.0 6.46077E+03
106.5 6.13754E+03
107.0 5.81395E+03
107.5 5.49006E+03
108.0 5.16594E+03
108.5 4.84166E+03
109.0 4.51728E+03
109.5 4.19287E+03
110.0 3.86848E+03
110.5 3.54418E+03
111.0 3.22004E+03
111.5 2.89610E+03
112.0 2.57244E+03
112.5 2.24912E+03
113.0 1.92618E+03
113.5 1.60370E+03
114.0 1.28172E+03
114.5 9.60313E+02
115.0 6.39524E+02
115.5 3.19412E+02
116.0 2.65993E+01
