116K09D0W2
  0.5 0.00000E+00
  1.0 0.00000E+00
  1.5 0.00000E+00
  2.0 0.00000E+00
  2.5 0.00000E+00
  3.0 0.00000E+00
  3.5 1.25467E+04
  4.0 1.72706E+04
  4.5 2.21960E+04
  5.0 2.72953E+04
  5.5 3.25567E+04
  6.0 3.79749E+04
  6.5 4.35464E+04
  7.0 4.92695E+04
  7.5 5.51435E+04
  8.0 6.11693E+04
  8.5 2.87034E+05
  9.0 7.36887E+04
  9.5 4.03283E+05
 10.0 3.41689E+05
 10.5 3.45829E+04
 11.0 3.71624E+04
 11.5 4.81291E+04
 12.0 2.86226E+04
 12.5 2.66758E+04
 13.0 2.83343E+04
 13.5 3.00114E+04
 14.0 3.17070E+04
 14.5 3.34210E+04
 15.0 3.51534E+04
 15.5 3.69042E+04
 16.0 3.86732E+04
 16.5 4.04606E+04
 17.0 4.22663E+04
 17.5 4.40900E+04
 18.0 4.59314E+04
 18.5 4.77897E+04
 19.0 4.96637E+04
 19.5 5.15514E+04
 20.0 5.34501E+04
 20.5 5.53563E+04
 21.0 5.72654E+04
 21.5 5.91718E+04
 22.0 6.10695E+04
 22.5 6.29513E+04
 23.0 6.48096E+04
 23.5 6.66364E+04
 24.0 6.84237E+04
 24.5 7.01633E+04
 25.0 7.18473E+04
 25.5 7.34682E+04
 26.0 7.50190E+04
 26.5 7.64936E+04
 27.0 7.78864E+04
 27.5 7.91927E+04
 28.0 8.04089E+04
 28.5 8.15319E+04
 29.0 8.25596E+04
 29.5 8.34909E+04
 30.0 8.43251E+04
 30.5 8.50626E+04
 31.0 8.57043E+04
 31.5 8.62515E+04
 32.0 8.67063E+04
 32.5 8.70710E+04
 33.0 8.73485E+04
 33.5 8.75419E+04
 34.0 8.76544E+04
 34.5 8.76897E+04
 35.0 8.76514E+04
 35.5 8.75430E+04
 36.0 8.73687E+04
 36.5 8.71321E+04
 37.0 8.68370E+04
 37.5 8.64871E+04
 38.0 8.60863E+04
 38.5 8.56379E+04
 39.0 8.51455E+04
 39.5 8.46126E+04
 40.0 8.40422E+04
 40.5 8.34377E+04
 41.0 8.28018E+04
 41.5 8.21375E+04
 42.0 8.14474E+04
 42.5 8.07341E+04
 43.0 8.00000E+04
 43.5 7.92475E+04
 44.0 7.84785E+04
 44.5 7.76952E+04
 45.0 7.68995E+04
 45.5 7.60929E+04
 46.0 7.52774E+04
 46.5 7.44542E+04
 47.0 7.36249E+04
 47.5 7.27908E+04
 48.0 7.19531E+04
 48.5 7.11129E+04
 49.0 7.02712E+04
 49.5 6.94291E+04
 50.0 6.85873E+04
 50.5 6.77467E+04
 51.0 6.69080E+04
 51.5 6.60719E+04
 52.0 6.52390E+04
 52.5 6.44097E+04
 53.0 6.35847E+04
 53.5 6.27644E+04
 54.0 6.19492E+04
 54.5 6.11393E+04
 55.0 6.03352E+04
 55.5 5.95371E+04
 56.0 5.87453E+04
 56.5 5.79599E+04
 57.0 5.71812E+04
 57.5 5.64092E+04
 58.0 2.37064E+05
 58.5 5.48862E+04
 59.0 5.41354E+04
 59.5 3.74559E+05
 60.0 5.26552E+04
 60.5 5.19260E+04
 61.0 5.12041E+04
 61.5 5.04894E+04
 62.0 4.97820E+04
 62.5 4.90818E+04
 63.0 4.83889E+04
 63.5 4.77031E+04
 64.0 4.70244E+04
 64.5 4.63527E+04
 65.0 4.56881E+04
 65.5 4.50303E+04
 66.0 4.43794E+04
 66.5 4.37353E+04
 67.0 1.55574E+05
 67.5 4.24669E+04
 68.0 4.18424E+04
 68.5 4.12244E+04
 69.0 7.05620E+04
 69.5 3.81580E+04
 70.0 2.85075E+04
 70.5 2.82959E+04
 71.0 2.80796E+04
 71.5 2.78587E+04
 72.0 2.76332E+04
 72.5 2.74033E+04
 73.0 2.71691E+04
 73.5 2.69306E+04
 74.0 2.66881E+04
 74.5 2.64415E+04
 75.0 2.61910E+04
 75.5 2.59366E+04
 76.0 2.56786E+04
 76.5 2.54170E+04
 77.0 2.51519E+04
 77.5 2.48833E+04
 78.0 2.46115E+04
 78.5 2.43364E+04
 79.0 2.40582E+04
 79.5 2.37770E+04
 80.0 2.34929E+04
 80.5 2.32059E+04
 81.0 2.29162E+04
 81.5 2.26238E+04
 82.0 2.23289E+04
 82.5 2.20314E+04
 83.0 2.17316E+04
 83.5 2.14295E+04
 84.0 2.11251E+04
 84.5 2.08186E+04
 85.0 2.05100E+04
 85.5 2.01994E+04
 86.0 1.98870E+04
 86.5 1.95726E+04
 87.0 1.92566E+04
 87.5 1.89388E+04
 88.0 1.86195E+04
 88.5 1.82986E+04
 89.0 1.79762E+04
 89.5 1.76524E+04
 90.0 1.73274E+04
 90.5 1.70010E+04
 91.0 1.66735E+04
 91.5 1.63448E+04
 92.0 1.60150E+04
 92.5 1.56843E+04
 93.0 1.53526E+04
 93.5 1.50201E+04
 94.0 1.46867E+04
 94.5 1.43526E+04
 95.0 1.40178E+04
 95.5 1.36823E+04
 96.0 1.33463E+04
 96.5 1.30097E+04
 97.0 1.26727E+04
 97.5 1.23352E+04
 98.0 1.19974E+04
 98.5 1.16593E+04
 99.0 1.13209E+04
 99.5 1.09823E+04
100.0 1.06435E+04
100.5 1.03047E+04
101.0 9.96578E+03
101.5 9.62687E+03
102.0 9.28801E+03
102.5 8.94924E+03
103.0 8.61061E+03
103.5 8.27216E+03
104.0 7.93395E+03
104.5 7.59601E+03
105.0 7.25840E+03
105.5 6.92116E+03
106.0 6.58434E+03
106.5 6.24797E+03
107.0 5.91210E+03
107.5 5.57678E+03
108.0 5.24205E+03
108.5 4.90794E+03
109.0 4.57451E+03
109.5 4.24180E+03
110.0 3.90984E+03
110.5 3.57868E+03
111.0 3.24835E+03
111.5 2.91891E+03
112.0 2.59039E+03
112.5 2.26282E+03
113.0 1.93626E+03
113.5 1.61073E+03
114.0 1.28628E+03
114.5 9.62951E+02
115.0 6.40777E+02
115.5 3.19798E+02
116.0 2.66194E+01
