116K07D0W2
  0.5 0.00000E+00
  1.0 0.00000E+00
  1.5 0.00000E+00
  2.0 0.00000E+00
  2.5 0.00000E+00
  3.0 0.00000E+00
  3.5 8.64842E+03
  4.0 1.23461E+04
  4.5 1.62176E+04
  5.0 2.02223E+04
  5.5 2.43432E+04
  6.0 2.85719E+04
  6.5 3.29039E+04
  7.0 3.73358E+04
  7.5 4.18654E+04
  8.0 4.64910E+04
  8.5 1.13883E+05
  9.0 5.60278E+04
  9.5 1.93457E+05
 10.0 1.67140E+05
 10.5 2.62478E+04
 11.0 2.82371E+04
 11.5 3.09418E+04
 12.0 2.17217E+04
 12.5 2.02412E+04
 13.0 2.15235E+04
 13.5 2.28172E+04
 14.0 2.41220E+04
 14.5 2.54376E+04
 15.0 2.67640E+04
 15.5 2.81008E+04
 16.0 2.94478E+04
 16.5 3.08049E+04
 17.0 3.21718E+04
 17.5 3.35484E+04
 18.0 3.49343E+04
 18.5 3.63295E+04
 19.0 3.77336E+04
 19.5 3.91462E+04
 20.0 4.05667E+04
 20.5 4.19944E+04
 21.0 4.34280E+04
 21.5 4.48662E+04
 22.0 4.63070E+04
 22.5 4.77480E+04
 23.0 4.91864E+04
 23.5 5.06188E+04
 24.0 5.20415E+04
 24.5 5.34503E+04
 25.0 5.48408E+04
 25.5 5.62083E+04
 26.0 5.75479E+04
 26.5 5.88548E+04
 27.0 6.01244E+04
 27.5 6.13521E+04
 28.0 6.25334E+04
 28.5 6.36645E+04
 29.0 6.47418E+04
 29.5 6.57620E+04
 30.0 6.67223E+04
 30.5 6.76207E+04
 31.0 6.84552E+04
 31.5 6.92247E+04
 32.0 6.99282E+04
 32.5 7.05653E+04
 33.0 7.11361E+04
 33.5 7.16409E+04
 34.0 7.20804E+04
 34.5 7.24557E+04
 35.0 7.27682E+04
 35.5 7.30192E+04
 36.0 7.32106E+04
 36.5 7.33445E+04
 37.0 7.34226E+04
 37.5 7.34474E+04
 38.0 7.34210E+04
 38.5 7.33457E+04
 39.0 7.32239E+04
 39.5 7.30580E+04
 40.0 7.28502E+04
 40.5 7.26031E+04
 41.0 7.23189E+04
 41.5 7.19998E+04
 42.0 7.16480E+04
 42.5 7.12659E+04
 43.0 7.08554E+04
 43.5 7.04186E+04
 44.0 6.99574E+04
 44.5 6.94737E+04
 45.0 6.89693E+04
 45.5 6.84460E+04
 46.0 6.79053E+04
 46.5 6.73488E+04
 47.0 6.67781E+04
 47.5 6.61943E+04
 48.0 6.55991E+04
 48.5 6.49934E+04
 49.0 6.43786E+04
 49.5 6.37557E+04
 50.0 6.31258E+04
 50.5 6.24898E+04
 51.0 6.18487E+04
 51.5 6.12032E+04
 52.0 6.05542E+04
 52.5 5.99025E+04
 53.0 5.92486E+04
 53.5 5.85932E+04
 54.0 5.79369E+04
 54.5 5.72803E+04
 55.0 5.66239E+04
 55.5 5.59680E+04
 56.0 5.53131E+04
 56.5 5.46597E+04
 57.0 5.40080E+04
 57.5 5.33584E+04
 58.0 2.17266E+05
 58.5 5.20667E+04
 59.0 5.14250E+04
 59.5 3.43748E+05
 60.0 5.01511E+04
 60.5 4.95193E+04
 61.0 4.88911E+04
 61.5 4.82667E+04
 62.0 4.76461E+04
 62.5 4.70295E+04
 63.0 4.64170E+04
 63.5 4.58086E+04
 64.0 4.52043E+04
 64.5 4.46044E+04
 65.0 4.40087E+04
 65.5 4.34173E+04
 66.0 4.28303E+04
 66.5 4.22476E+04
 67.0 1.46899E+05
 67.5 4.10954E+04
 68.0 4.05257E+04
 68.5 3.99605E+04
 69.0 6.75595E+04
 69.5 3.66682E+04
 70.0 2.54579E+04
 70.5 2.53324E+04
 71.0 2.52009E+04
 71.5 2.50634E+04
 72.0 2.49202E+04
 72.5 2.47712E+04
 73.0 2.46166E+04
 73.5 2.44563E+04
 74.0 2.42906E+04
 74.5 2.41195E+04
 75.0 2.39430E+04
 75.5 2.37613E+04
 76.0 2.35744E+04
 76.5 2.33826E+04
 77.0 2.31857E+04
 77.5 2.29840E+04
 78.0 2.27775E+04
 78.5 2.25664E+04
 79.0 2.23507E+04
 79.5 2.21306E+04
 80.0 2.19061E+04
 80.5 2.16773E+04
 81.0 2.14444E+04
 81.5 2.12073E+04
 82.0 2.09664E+04
 82.5 2.07215E+04
 83.0 2.04729E+04
 83.5 2.02206E+04
 84.0 1.99647E+04
 84.5 1.97054E+04
 85.0 1.94427E+04
 85.5 1.91767E+04
 86.0 1.89075E+04
 86.5 1.86352E+04
 87.0 1.83599E+04
 87.5 1.80818E+04
 88.0 1.78008E+04
 88.5 1.75171E+04
 89.0 1.72307E+04
 89.5 1.69418E+04
 90.0 1.66505E+04
 90.5 1.63568E+04
 91.0 1.60608E+04
 91.5 1.57626E+04
 92.0 1.54624E+04
 92.5 1.51601E+04
 93.0 1.48558E+04
 93.5 1.45497E+04
 94.0 1.42419E+04
 94.5 1.39323E+04
 95.0 1.36211E+04
 95.5 1.33084E+04
 96.0 1.29942E+04
 96.5 1.26786E+04
 97.0 1.23618E+04
 97.5 1.20436E+04
 98.0 1.17243E+04
 98.5 1.14040E+04
 99.0 1.10826E+04
 99.5 1.07602E+04
100.0 1.04370E+04
100.5 1.01129E+04
101.0 9.78811E+03
101.5 9.46263E+03
102.0 9.13653E+03
102.5 8.80989E+03
103.0 8.48276E+03
103.5 8.15521E+03
104.0 7.82730E+03
104.5 7.49909E+03
105.0 7.17065E+03
105.5 6.84203E+03
106.0 6.51329E+03
106.5 6.18450E+03
107.0 5.85570E+03
107.5 5.52696E+03
108.0 5.19834E+03
108.5 4.86989E+03
109.0 4.54166E+03
109.5 4.21372E+03
110.0 3.88611E+03
110.5 3.55889E+03
111.0 3.23212E+03
111.5 2.90584E+03
112.0 2.58010E+03
112.5 2.25497E+03
113.0 1.93049E+03
113.5 1.60670E+03
114.0 1.28367E+03
114.5 9.61441E+02
115.0 6.40060E+02
115.5 3.19577E+02
116.0 2.66079E+01
