116K10D0W2
  0.5 0.00000E+00
  1.0 0.00000E+00
  1.5 0.00000E+00
  2.0 0.00000E+00
  2.5 0.00000E+00
  3.0 0.00000E+00
  3.5 1.45467E+04
  4.0 1.97777E+04
  4.5 2.52302E+04
  5.0 3.08809E+04
  5.5 3.67202E+04
  6.0 4.27437E+04
  6.5 4.89490E+04
  7.0 5.53353E+04
  7.5 6.19035E+04
  8.0 6.86567E+04
  8.5 4.16779E+05
  9.0 8.27444E+04
  9.5 5.31835E+05
 10.0 4.48368E+05
 10.5 3.88210E+04
 11.0 4.17055E+04
 11.5 5.98599E+04
 12.0 3.21297E+04
 12.5 2.99452E+04
 13.0 3.17975E+04
 13.5 3.36727E+04
 14.0 3.55710E+04
 14.5 3.74922E+04
 15.0 3.94366E+04
 15.5 4.14043E+04
 16.0 4.33953E+04
 16.5 4.54099E+04
 17.0 4.74479E+04
 17.5 4.95088E+04
 18.0 5.15917E+04
 18.5 5.36949E+04
 19.0 5.58157E+04
 19.5 5.79505E+04
 20.0 6.00943E+04
 20.5 6.22409E+04
 21.0 6.43831E+04
 21.5 6.65126E+04
 22.0 6.86202E+04
 22.5 7.06961E+04
 23.0 7.27303E+04
 23.5 7.47127E+04
 24.0 7.66335E+04
 24.5 7.84833E+04
 25.0 8.02533E+04
 25.5 8.19356E+04
 26.0 8.35233E+04
 26.5 8.50107E+04
 27.0 8.63930E+04
 27.5 8.76664E+04
 28.0 8.88286E+04
 28.5 8.98779E+04
 29.0 9.08138E+04
 29.5 9.16368E+04
 30.0 9.23479E+04
 30.5 9.29491E+04
 31.0 9.34429E+04
 31.5 9.38324E+04
 32.0 9.41210E+04
 32.5 9.43126E+04
 33.0 9.44114E+04
 33.5 9.44217E+04
 34.0 9.43480E+04
 34.5 9.41950E+04
 35.0 9.39671E+04
 35.5 9.36691E+04
 36.0 9.33056E+04
 36.5 9.28809E+04
 37.0 9.23996E+04
 37.5 9.18659E+04
 38.0 9.12839E+04
 38.5 9.06576E+04
 39.0 8.99907E+04
 39.5 8.92871E+04
 40.0 8.85499E+04
 40.5 8.77827E+04
 41.0 8.69884E+04
 41.5 8.61701E+04
 42.0 8.53304E+04
 42.5 8.44720E+04
 43.0 8.35972E+04
 43.5 8.27084E+04
 44.0 8.18076E+04
 44.5 8.08969E+04
 45.0 7.99780E+04
 45.5 7.90526E+04
 46.0 7.81223E+04
 46.5 7.71885E+04
 47.0 7.62526E+04
 47.5 7.53157E+04
 48.0 7.43790E+04
 48.5 7.34435E+04
 49.0 7.25101E+04
 49.5 7.15797E+04
 50.0 7.06530E+04
 50.5 6.97307E+04
 51.0 6.88135E+04
 51.5 6.79019E+04
 52.0 6.69964E+04
 52.5 6.60974E+04
 53.0 6.52054E+04
 53.5 6.43207E+04
 54.0 6.34435E+04
 54.5 6.25743E+04
 55.0 6.17130E+04
 55.5 6.08601E+04
 56.0 6.00155E+04
 56.5 5.91795E+04
 57.0 5.83521E+04
 57.5 5.75335E+04
 58.0 2.44463E+05
 58.5 5.59226E+04
 59.0 5.51303E+04
 59.5 3.86044E+05
 60.0 5.35722E+04
 60.5 5.28063E+04
 61.0 5.20492E+04
 61.5 5.13007E+04
 62.0 5.05607E+04
 62.5 4.98293E+04
 63.0 4.91064E+04
 63.5 4.83918E+04
 64.0 4.76853E+04
 64.5 4.69871E+04
 65.0 4.62969E+04
 65.5 4.56145E+04
 66.0 4.49400E+04
 66.5 4.42732E+04
 67.0 1.58750E+05
 67.5 4.29620E+04
 68.0 4.23175E+04
 68.5 4.16801E+04
 69.0 7.16536E+04
 69.5 3.87096E+04
 70.0 2.96940E+04
 70.5 2.94462E+04
 71.0 2.91943E+04
 71.5 2.89384E+04
 72.0 2.86787E+04
 72.5 2.84153E+04
 73.0 2.81483E+04
 73.5 2.78777E+04
 74.0 2.76038E+04
 74.5 2.73265E+04
 75.0 2.70460E+04
 75.5 2.67624E+04
 76.0 2.64758E+04
 76.5 2.61863E+04
 77.0 2.58939E+04
 77.5 2.55988E+04
 78.0 2.53011E+04
 78.5 2.50008E+04
 79.0 2.46980E+04
 79.5 2.43929E+04
 80.0 2.40854E+04
 80.5 2.37758E+04
 81.0 2.34641E+04
 81.5 2.31502E+04
 82.0 2.28345E+04
 82.5 2.25168E+04
 83.0 2.21973E+04
 83.5 2.18761E+04
 84.0 2.15532E+04
 84.5 2.12287E+04
 85.0 2.09027E+04
 85.5 2.05752E+04
 86.0 2.02464E+04
 86.5 1.99162E+04
 87.0 1.95848E+04
 87.5 1.92522E+04
 88.0 1.89184E+04
 88.5 1.85836E+04
 89.0 1.82478E+04
 89.5 1.79110E+04
 90.0 1.75734E+04
 90.5 1.72349E+04
 91.0 1.68957E+04
 91.5 1.65557E+04
 92.0 1.62151E+04
 92.5 1.58739E+04
 93.0 1.55321E+04
 93.5 1.51899E+04
 94.0 1.48471E+04
 94.5 1.45040E+04
 95.0 1.41606E+04
 95.5 1.38168E+04
 96.0 1.34728E+04
 96.5 1.31286E+04
 97.0 1.27842E+04
 97.5 1.24397E+04
 98.0 1.20952E+04
 98.5 1.17506E+04
 99.0 1.14061E+04
 99.5 1.10616E+04
100.0 1.07173E+04
100.5 1.03731E+04
101.0 1.00291E+04
101.5 9.68540E+03
102.0 9.34195E+03
102.5 8.99883E+03
103.0 8.65607E+03
103.5 8.31372E+03
104.0 7.97182E+03
104.5 7.63042E+03
105.0 7.28953E+03
105.5 6.94922E+03
106.0 6.60951E+03
106.5 6.27045E+03
107.0 5.93206E+03
107.5 5.59440E+03
108.0 5.25750E+03
108.5 4.92139E+03
109.0 4.58612E+03
109.5 4.25171E+03
110.0 3.91821E+03
110.5 3.58566E+03
111.0 3.25408E+03
111.5 2.92352E+03
112.0 2.59401E+03
112.5 2.26559E+03
113.0 1.93829E+03
113.5 1.61215E+03
114.0 1.28720E+03
114.5 9.63481E+02
115.0 6.41029E+02
115.5 3.19876E+02
116.0 2.66235E+01
