116K18D0W2
  0.5 0.00000E+00
  1.0 0.00000E+00
  1.5 0.00000E+00
  2.0 0.00000E+00
  2.5 0.00000E+00
  3.0 0.00000E+00
  3.5 3.15040E+04
  4.0 4.08635E+04
  4.5 5.06878E+04
  5.0 6.09749E+04
  5.5 7.17301E+04
  6.0 8.29655E+04
  6.5 9.47016E+04
  7.0 1.06972E+05
  7.5 1.19826E+05
  8.0 1.33332E+05
  8.5 2.16482E+06
  9.0 1.62532E+05
  9.5 1.73967E+06
 10.0 1.45018E+06
 10.5 7.49553E+04
 11.0 8.06081E+04
 11.5 2.22602E+05
 12.0 6.19759E+04
 12.5 5.77415E+04
 13.0 6.13329E+04
 13.5 6.50047E+04
 14.0 6.87589E+04
 14.5 7.25958E+04
 15.0 7.65127E+04
 15.5 8.05030E+04
 16.0 8.45553E+04
 16.5 8.86531E+04
 17.0 9.27745E+04
 17.5 9.68939E+04
 18.0 1.00982E+05
 18.5 1.05006E+05
 19.0 1.08935E+05
 19.5 1.12737E+05
 20.0 1.16382E+05
 20.5 1.19844E+05
 21.0 1.23097E+05
 21.5 1.26122E+05
 22.0 1.28904E+05
 22.5 1.31431E+05
 23.0 1.33696E+05
 23.5 1.35695E+05
 24.0 1.37428E+05
 24.5 1.38897E+05
 25.0 1.40109E+05
 25.5 1.41070E+05
 26.0 1.41790E+05
 26.5 1.42280E+05
 27.0 1.42552E+05
 27.5 1.42618E+05
 28.0 1.42491E+05
 28.5 1.42184E+05
 29.0 1.41712E+05
 29.5 1.41086E+05
 30.0 1.40319E+05
 30.5 1.39425E+05
 31.0 1.38415E+05
 31.5 1.37300E+05
 32.0 1.36091E+05
 32.5 1.34798E+05
 33.0 1.33432E+05
 33.5 1.32000E+05
 34.0 1.30513E+05
 34.5 1.28976E+05
 35.0 1.27398E+05
 35.5 1.25786E+05
 36.0 1.24145E+05
 36.5 1.22481E+05
 37.0 1.20799E+05
 37.5 1.19104E+05
 38.0 1.17400E+05
 38.5 1.15692E+05
 39.0 1.13982E+05
 39.5 1.12274E+05
 40.0 1.10571E+05
 40.5 1.08875E+05
 41.0 1.07188E+05
 41.5 1.05513E+05
 42.0 1.03851E+05
 42.5 1.02204E+05
 43.0 1.00573E+05
 43.5 9.89599E+04
 44.0 9.73651E+04
 44.5 9.57896E+04
 45.0 9.42343E+04
 45.5 9.26997E+04
 46.0 9.11863E+04
 46.5 8.96946E+04
 47.0 8.82249E+04
 47.5 8.67773E+04
 48.0 8.53521E+04
 48.5 8.39493E+04
 49.0 8.25690E+04
 49.5 8.12112E+04
 50.0 7.98756E+04
 50.5 7.85624E+04
 51.0 7.72712E+04
 51.5 7.60019E+04
 52.0 7.47543E+04
 52.5 7.35281E+04
 53.0 7.23230E+04
 53.5 7.11388E+04
 54.0 6.99752E+04
 54.5 6.88318E+04
 55.0 6.77083E+04
 55.5 6.66043E+04
 56.0 6.55196E+04
 56.5 6.44537E+04
 57.0 6.34063E+04
 57.5 6.23770E+04
 58.0 2.76937E+05
 58.5 6.03713E+04
 59.0 5.93940E+04
 59.5 4.36267E+05
 60.0 5.74892E+04
 60.5 5.65608E+04
 61.0 5.56480E+04
 61.5 5.47503E+04
 62.0 5.38675E+04
 62.5 5.29991E+04
 63.0 5.21448E+04
 63.5 5.13043E+04
 64.0 5.04773E+04
 64.5 4.96633E+04
 65.0 4.88622E+04
 65.5 4.80735E+04
 66.0 4.72970E+04
 66.5 4.65323E+04
 67.0 1.72307E+05
 67.5 4.50372E+04
 68.0 4.43062E+04
 68.5 4.35859E+04
 69.0 7.62711E+04
 69.5 4.11086E+04
 70.0 3.52060E+04
 70.5 3.47707E+04
 71.0 3.43361E+04
 71.5 3.39025E+04
 72.0 3.34697E+04
 72.5 3.30379E+04
 73.0 3.26070E+04
 73.5 3.21771E+04
 74.0 3.17482E+04
 74.5 3.13203E+04
 75.0 3.08934E+04
 75.5 3.04676E+04
 76.0 3.00429E+04
 76.5 2.96193E+04
 77.0 2.91967E+04
 77.5 2.87753E+04
 78.0 2.83549E+04
 78.5 2.79357E+04
 79.0 2.75177E+04
 79.5 2.71007E+04
 80.0 2.66849E+04
 80.5 2.62703E+04
 81.0 2.58568E+04
 81.5 2.54444E+04
 82.0 2.50333E+04
 82.5 2.46233E+04
 83.0 2.42144E+04
 83.5 2.38067E+04
 84.0 2.34002E+04
 84.5 2.29949E+04
 85.0 2.25907E+04
 85.5 2.21877E+04
 86.0 2.17859E+04
 86.5 2.13853E+04
 87.0 2.09858E+04
 87.5 2.05875E+04
 88.0 2.01905E+04
 88.5 1.97945E+04
 89.0 1.93998E+04
 89.5 1.90063E+04
 90.0 1.86139E+04
 90.5 1.82228E+04
 91.0 1.78328E+04
 91.5 1.74441E+04
 92.0 1.70565E+04
 92.5 1.66702E+04
 93.0 1.62850E+04
 93.5 1.59011E+04
 94.0 1.55183E+04
 94.5 1.51368E+04
 95.0 1.47565E+04
 95.5 1.43774E+04
 96.0 1.39996E+04
 96.5 1.36230E+04
 97.0 1.32476E+04
 97.5 1.28735E+04
 98.0 1.25007E+04
 98.5 1.21291E+04
 99.0 1.17587E+04
 99.5 1.13897E+04
100.0 1.10219E+04
100.5 1.06555E+04
101.0 1.02903E+04
101.5 9.92643E+03
102.0 9.56389E+03
102.5 9.20268E+03
103.0 8.84282E+03
103.5 8.48430E+03
104.0 8.12716E+03
104.5 7.77138E+03
105.0 7.41699E+03
105.5 7.06400E+03
106.0 6.71242E+03
106.5 6.36227E+03
107.0 6.01355E+03
107.5 5.66628E+03
108.0 5.32049E+03
108.5 4.97617E+03
109.0 4.63334E+03
109.5 4.29203E+03
110.0 3.95225E+03
110.5 3.61400E+03
111.0 3.27732E+03
111.5 2.94221E+03
112.0 2.60869E+03
112.5 2.27679E+03
113.0 1.94651E+03
113.5 1.61788E+03
114.0 1.29091E+03
114.5 9.65627E+02
115.0 6.42047E+02
115.5 3.20189E+02
116.0 2.66399E+01
