116K14D0W2
  0.5 0.00000E+00
  1.0 0.00000E+00
  1.5 0.00000E+00
  2.0 0.00000E+00
  2.5 0.00000E+00
  3.0 0.00000E+00
  3.5 2.28155E+04
  4.0 3.00809E+04
  4.5 3.76737E+04
  5.0 4.55827E+04
  5.5 5.38049E+04
  6.0 6.23412E+04
  6.5 7.11961E+04
  7.0 8.03783E+04
  7.5 8.99028E+04
  8.0 9.97929E+04
  8.5 1.17447E+06
  9.0 1.20804E+05
  9.5 1.12338E+06
 10.0 9.38836E+05
 10.5 5.63318E+04
 11.0 6.05171E+04
 11.5 1.28103E+05
 12.0 4.66068E+04
 12.5 4.34343E+04
 13.0 4.61085E+04
 13.5 4.88288E+04
 14.0 5.15962E+04
 14.5 5.44119E+04
 15.0 5.72768E+04
 15.5 6.01912E+04
 16.0 6.31542E+04
 16.5 6.61631E+04
 17.0 6.92131E+04
 17.5 7.22969E+04
 18.0 7.54041E+04
 18.5 7.85217E+04
 19.0 8.16344E+04
 19.5 8.47246E+04
 20.0 8.77735E+04
 20.5 9.07615E+04
 21.0 9.36687E+04
 21.5 9.64763E+04
 22.0 9.91663E+04
 22.5 1.01723E+05
 23.0 1.04131E+05
 23.5 1.06379E+05
 24.0 1.08458E+05
 24.5 1.10360E+05
 25.0 1.12080E+05
 25.5 1.13615E+05
 26.0 1.14966E+05
 26.5 1.16132E+05
 27.0 1.17117E+05
 27.5 1.17925E+05
 28.0 1.18561E+05
 28.5 1.19032E+05
 29.0 1.19344E+05
 29.5 1.19506E+05
 30.0 1.19524E+05
 30.5 1.19409E+05
 31.0 1.19167E+05
 31.5 1.18808E+05
 32.0 1.18339E+05
 32.5 1.17770E+05
 33.0 1.17108E+05
 33.5 1.16361E+05
 34.0 1.15536E+05
 34.5 1.14642E+05
 35.0 1.13684E+05
 35.5 1.12669E+05
 36.0 1.11603E+05
 36.5 1.10492E+05
 37.0 1.09342E+05
 37.5 1.08157E+05
 38.0 1.06942E+05
 38.5 1.05702E+05
 39.0 1.04441E+05
 39.5 1.03162E+05
 40.0 1.01869E+05
 40.5 1.00565E+05
 41.0 9.92527E+04
 41.5 9.79354E+04
 42.0 9.66150E+04
 42.5 9.52940E+04
 43.0 9.39743E+04
 43.5 9.26578E+04
 44.0 9.13461E+04
 44.5 9.00406E+04
 45.0 8.87429E+04
 45.5 8.74538E+04
 46.0 8.61746E+04
 46.5 8.49062E+04
 47.0 8.36494E+04
 47.5 8.24048E+04
 48.0 8.11733E+04
 48.5 7.99552E+04
 49.0 7.87510E+04
 49.5 7.75611E+04
 50.0 7.63858E+04
 50.5 7.52254E+04
 51.0 7.40800E+04
 51.5 7.29498E+04
 52.0 7.18350E+04
 52.5 7.07355E+04
 53.0 6.96514E+04
 53.5 6.85827E+04
 54.0 6.75293E+04
 54.5 6.64912E+04
 55.0 6.54683E+04
 55.5 6.44604E+04
 56.0 6.34674E+04
 56.5 6.24891E+04
 57.0 6.15255E+04
 57.5 6.05762E+04
 58.0 2.64754E+05
 58.5 5.87202E+04
 59.0 5.78130E+04
 59.5 4.17459E+05
 60.0 5.60391E+04
 60.5 5.51720E+04
 61.0 5.43177E+04
 61.5 5.34761E+04
 62.0 5.26469E+04
 62.5 5.18299E+04
 63.0 5.10248E+04
 63.5 5.02314E+04
 64.0 4.94495E+04
 64.5 4.86787E+04
 65.0 4.79190E+04
 65.5 4.71699E+04
 66.0 4.64313E+04
 66.5 4.57030E+04
 67.0 1.67290E+05
 67.5 4.42763E+04
 68.0 4.35773E+04
 68.5 4.28878E+04
 69.0 7.45701E+04
 69.5 4.02118E+04
 70.0 3.30797E+04
 70.5 3.27201E+04
 71.0 3.23592E+04
 71.5 3.19970E+04
 72.0 3.16336E+04
 72.5 3.12691E+04
 73.0 3.09035E+04
 73.5 3.05369E+04
 74.0 3.01694E+04
 74.5 2.98011E+04
 75.0 2.94320E+04
 75.5 2.90621E+04
 76.0 2.86916E+04
 76.5 2.83205E+04
 77.0 2.79488E+04
 77.5 2.75766E+04
 78.0 2.72039E+04
 78.5 2.68309E+04
 79.0 2.64575E+04
 79.5 2.60837E+04
 80.0 2.57097E+04
 80.5 2.53355E+04
 81.0 2.49611E+04
 81.5 2.45866E+04
 82.0 2.42119E+04
 82.5 2.38372E+04
 83.0 2.34624E+04
 83.5 2.30877E+04
 84.0 2.27130E+04
 84.5 2.23383E+04
 85.0 2.19638E+04
 85.5 2.15894E+04
 86.0 2.12152E+04
 86.5 2.08411E+04
 87.0 2.04673E+04
 87.5 2.00937E+04
 88.0 1.97204E+04
 88.5 1.93475E+04
 89.0 1.89748E+04
 89.5 1.86025E+04
 90.0 1.82306E+04
 90.5 1.78592E+04
 91.0 1.74881E+04
 91.5 1.71175E+04
 92.0 1.67474E+04
 92.5 1.63779E+04
 93.0 1.60088E+04
 93.5 1.56403E+04
 94.0 1.52724E+04
 94.5 1.49051E+04
 95.0 1.45384E+04
 95.5 1.41724E+04
 96.0 1.38070E+04
 96.5 1.34424E+04
 97.0 1.30784E+04
 97.5 1.27152E+04
 98.0 1.23528E+04
 98.5 1.19911E+04
 99.0 1.16303E+04
 99.5 1.12702E+04
100.0 1.09110E+04
100.5 1.05527E+04
101.0 1.01953E+04
101.5 9.83882E+03
102.0 9.48326E+03
102.5 9.12866E+03
103.0 8.77503E+03
103.5 8.42242E+03
104.0 8.07082E+03
104.5 7.72028E+03
105.0 7.37080E+03
105.5 7.02242E+03
106.0 6.67516E+03
106.5 6.32903E+03
107.0 5.98407E+03
107.5 5.64029E+03
108.0 5.29771E+03
108.5 4.95637E+03
109.0 4.61628E+03
109.5 4.27747E+03
110.0 3.93996E+03
110.5 3.60377E+03
111.0 3.26893E+03
111.5 2.93547E+03
112.0 2.60340E+03
112.5 2.27275E+03
113.0 1.94354E+03
113.5 1.61581E+03
114.0 1.28957E+03
114.5 9.64854E+02
115.0 6.41680E+02
115.5 3.20076E+02
116.0 2.66340E+01
