116K19D0W2
  0.5 0.00000E+00
  1.0 0.00000E+00
  1.5 0.00000E+00
  2.0 0.00000E+00
  2.5 0.00000E+00
  3.0 0.00000E+00
  3.5 3.37480E+04
  4.0 4.36460E+04
  4.5 5.40476E+04
  5.0 6.49531E+04
  5.5 7.63708E+04
  6.0 8.83169E+04
  6.5 1.00818E+05
  7.0 1.13918E+05
  7.5 1.27680E+05
  8.0 1.42184E+05
  8.5 2.42936E+06
  9.0 1.73635E+05
  9.5 1.88957E+06
 10.0 1.57465E+06
 10.5 7.98253E+04
 11.0 8.58775E+04
 11.5 2.48914E+05
 12.0 6.59894E+04
 12.5 6.14752E+04
 13.0 6.53143E+04
 13.5 6.92442E+04
 14.0 7.32664E+04
 14.5 7.73796E+04
 15.0 8.15787E+04
 15.5 8.58533E+04
 16.0 9.01873E+04
 16.5 9.45586E+04
 17.0 9.89397E+04
 17.5 1.03299E+05
 18.0 1.07603E+05
 18.5 1.11814E+05
 19.0 1.15898E+05
 19.5 1.19821E+05
 20.0 1.23551E+05
 20.5 1.27062E+05
 21.0 1.30330E+05
 21.5 1.33338E+05
 22.0 1.36073E+05
 22.5 1.38524E+05
 23.0 1.40687E+05
 23.5 1.42563E+05
 24.0 1.44154E+05
 24.5 1.45464E+05
 25.0 1.46504E+05
 25.5 1.47283E+05
 26.0 1.47813E+05
 26.5 1.48107E+05
 27.0 1.48178E+05
 27.5 1.48042E+05
 28.0 1.47713E+05
 28.5 1.47205E+05
 29.0 1.46533E+05
 29.5 1.45710E+05
 30.0 1.44751E+05
 30.5 1.43668E+05
 31.0 1.42474E+05
 31.5 1.41181E+05
 32.0 1.39799E+05
 32.5 1.38340E+05
 33.0 1.36813E+05
 33.5 1.35227E+05
 34.0 1.33590E+05
 34.5 1.31911E+05
 35.0 1.30196E+05
 35.5 1.28453E+05
 36.0 1.26687E+05
 36.5 1.24903E+05
 37.0 1.23107E+05
 37.5 1.21303E+05
 38.0 1.19496E+05
 38.5 1.17688E+05
 39.0 1.15884E+05
 39.5 1.14086E+05
 40.0 1.12297E+05
 40.5 1.10520E+05
 41.0 1.08756E+05
 41.5 1.07007E+05
 42.0 1.05275E+05
 42.5 1.03561E+05
 43.0 1.01867E+05
 43.5 1.00194E+05
 44.0 9.85414E+04
 44.5 9.69113E+04
 45.0 9.53042E+04
 45.5 9.37202E+04
 46.0 9.21599E+04
 46.5 9.06236E+04
 47.0 8.91113E+04
 47.5 8.76234E+04
 48.0 8.61597E+04
 48.5 8.47203E+04
 49.0 8.33052E+04
 49.5 8.19142E+04
 50.0 8.05471E+04
 50.5 7.92038E+04
 51.0 7.78840E+04
 51.5 7.65874E+04
 52.0 7.53138E+04
 52.5 7.40628E+04
 53.0 7.28342E+04
 53.5 7.16275E+04
 54.0 7.04424E+04
 54.5 6.92785E+04
 55.0 6.81355E+04
 55.5 6.70130E+04
 56.0 6.59104E+04
 56.5 6.48276E+04
 57.0 6.37640E+04
 57.5 6.27193E+04
 58.0 2.79267E+05
 58.5 6.06847E+04
 59.0 5.96940E+04
 59.5 4.39860E+05
 60.0 5.77640E+04
 60.5 5.68239E+04
 61.0 5.58999E+04
 61.5 5.49915E+04
 62.0 5.40983E+04
 62.5 5.32201E+04
 63.0 5.23565E+04
 63.5 5.15070E+04
 64.0 5.06713E+04
 64.5 4.98492E+04
 65.0 4.90401E+04
 65.5 4.82439E+04
 66.0 4.74601E+04
 66.5 4.66885E+04
 67.0 1.73258E+05
 67.5 4.51805E+04
 68.0 4.44434E+04
 68.5 4.37173E+04
 69.0 7.65924E+04
 69.5 4.12798E+04
 70.0 3.56207E+04
 70.5 3.51701E+04
 71.0 3.47208E+04
 71.5 3.42728E+04
 72.0 3.38261E+04
 72.5 3.33808E+04
 73.0 3.29369E+04
 73.5 3.24944E+04
 74.0 3.20533E+04
 74.5 3.16136E+04
 75.0 3.11754E+04
 75.5 3.07385E+04
 76.0 3.03031E+04
 76.5 2.98691E+04
 77.0 2.94366E+04
 77.5 2.90055E+04
 78.0 2.85758E+04
 78.5 2.81475E+04
 79.0 2.77207E+04
 79.5 2.72954E+04
 80.0 2.68714E+04
 80.5 2.64489E+04
 81.0 2.60278E+04
 81.5 2.56081E+04
 82.0 2.51899E+04
 82.5 2.47730E+04
 83.0 2.43576E+04
 83.5 2.39436E+04
 84.0 2.35309E+04
 84.5 2.31196E+04
 85.0 2.27098E+04
 85.5 2.23013E+04
 86.0 2.18942E+04
 86.5 2.14884E+04
 87.0 2.10841E+04
 87.5 2.06811E+04
 88.0 2.02794E+04
 88.5 1.98791E+04
 89.0 1.94802E+04
 89.5 1.90826E+04
 90.0 1.86864E+04
 90.5 1.82914E+04
 91.0 1.78979E+04
 91.5 1.75057E+04
 92.0 1.71148E+04
 92.5 1.67252E+04
 93.0 1.63370E+04
 93.5 1.59501E+04
 94.0 1.55646E+04
 94.5 1.51804E+04
 95.0 1.47975E+04
 95.5 1.44160E+04
 96.0 1.40358E+04
 96.5 1.36569E+04
 97.0 1.32794E+04
 97.5 1.29032E+04
 98.0 1.25284E+04
 98.5 1.21549E+04
 99.0 1.17828E+04
 99.5 1.14121E+04
100.0 1.10427E+04
100.5 1.06747E+04
101.0 1.03081E+04
101.5 9.94282E+03
102.0 9.57898E+03
102.5 9.21653E+03
103.0 8.85550E+03
103.5 8.49588E+03
104.0 8.13769E+03
104.5 7.78093E+03
105.0 7.42562E+03
105.5 7.07177E+03
106.0 6.71938E+03
106.5 6.36847E+03
107.0 6.01905E+03
107.5 5.67114E+03
108.0 5.32473E+03
108.5 4.97986E+03
109.0 4.63652E+03
109.5 4.29475E+03
110.0 3.95454E+03
110.5 3.61591E+03
111.0 3.27888E+03
111.5 2.94346E+03
112.0 2.60968E+03
112.5 2.27754E+03
113.0 1.94706E+03
113.5 1.61826E+03
114.0 1.29116E+03
114.5 9.65771E+02
115.0 6.42115E+02
115.5 3.20210E+02
116.0 2.66410E+01
