116K13D0W2
  0.5 0.00000E+00
  1.0 0.00000E+00
  1.5 0.00000E+00
  2.0 0.00000E+00
  2.5 0.00000E+00
  3.0 0.00000E+00
  3.5 2.07098E+04
  4.0 2.74632E+04
  4.5 3.45142E+04
  5.0 4.18492E+04
  5.5 4.94635E+04
  6.0 5.73562E+04
  6.5 6.55296E+04
  7.0 7.39890E+04
  7.5 8.27444E+04
  8.0 9.18117E+04
  8.5 9.55631E+05
  9.0 1.10983E+05
  9.5 9.69231E+05
 10.0 8.11023E+05
 10.5 5.18620E+04
 11.0 5.57086E+04
 11.5 1.08098E+05
 12.0 4.29135E+04
 12.5 3.99942E+04
 13.0 4.24551E+04
 13.5 4.49554E+04
 14.0 4.74957E+04
 14.5 5.00768E+04
 15.0 5.26997E+04
 15.5 5.53648E+04
 16.0 5.80720E+04
 16.5 6.08203E+04
 17.0 6.36068E+04
 17.5 6.64271E+04
 18.0 6.92745E+04
 18.5 7.21398E+04
 19.0 7.50119E+04
 19.5 7.78772E+04
 20.0 8.07207E+04
 20.5 8.35261E+04
 21.0 8.62763E+04
 21.5 8.89545E+04
 22.0 9.15440E+04
 22.5 9.40292E+04
 23.0 9.63959E+04
 23.5 9.86313E+04
 24.0 1.00725E+05
 24.5 1.02668E+05
 25.0 1.04453E+05
 25.5 1.06076E+05
 26.0 1.07534E+05
 26.5 1.08826E+05
 27.0 1.09951E+05
 27.5 1.10913E+05
 28.0 1.11714E+05
 28.5 1.12359E+05
 29.0 1.12853E+05
 29.5 1.13201E+05
 30.0 1.13410E+05
 30.5 1.13487E+05
 31.0 1.13440E+05
 31.5 1.13275E+05
 32.0 1.13000E+05
 32.5 1.12622E+05
 33.0 1.12149E+05
 33.5 1.11588E+05
 34.0 1.10946E+05
 34.5 1.10229E+05
 35.0 1.09445E+05
 35.5 1.08599E+05
 36.0 1.07697E+05
 36.5 1.06746E+05
 37.0 1.05749E+05
 37.5 1.04713E+05
 38.0 1.03642E+05
 38.5 1.02541E+05
 39.0 1.01413E+05
 39.5 1.00262E+05
 40.0 9.90923E+04
 40.5 9.79068E+04
 41.0 9.67084E+04
 41.5 9.55001E+04
 42.0 9.42844E+04
 42.5 9.30637E+04
 43.0 9.18400E+04
 43.5 9.06155E+04
 44.0 8.93919E+04
 44.5 8.81707E+04
 45.0 8.69535E+04
 45.5 8.57416E+04
 46.0 8.45362E+04
 46.5 8.33383E+04
 47.0 8.21490E+04
 47.5 8.09690E+04
 48.0 7.97991E+04
 48.5 7.86399E+04
 49.0 7.74921E+04
 49.5 7.63561E+04
 50.0 7.52323E+04
 50.5 7.41211E+04
 51.0 7.30228E+04
 51.5 7.19377E+04
 52.0 7.08659E+04
 52.5 6.98075E+04
 53.0 6.87627E+04
 53.5 6.77316E+04
 54.0 6.67142E+04
 54.5 6.57105E+04
 55.0 6.47205E+04
 55.5 6.37440E+04
 56.0 6.27811E+04
 56.5 6.18317E+04
 57.0 6.08956E+04
 57.5 5.99727E+04
 58.0 2.60700E+05
 58.5 5.81661E+04
 59.0 5.72821E+04
 59.5 4.11191E+05
 60.0 5.55515E+04
 60.5 5.47047E+04
 61.0 5.38699E+04
 61.5 5.30469E+04
 62.0 5.22356E+04
 62.5 5.14357E+04
 63.0 5.06470E+04
 63.5 4.98693E+04
 64.0 4.91024E+04
 64.5 4.83461E+04
 65.0 4.76001E+04
 65.5 4.68643E+04
 66.0 4.61385E+04
 66.5 4.54224E+04
 67.0 1.65602E+05
 67.5 4.40185E+04
 68.0 4.33304E+04
 68.5 4.26511E+04
 69.0 7.39959E+04
 69.5 3.99126E+04
 70.0 3.23876E+04
 70.5 3.20518E+04
 71.0 3.17141E+04
 71.5 3.13744E+04
 72.0 3.10329E+04
 72.5 3.06896E+04
 73.0 3.03448E+04
 73.5 2.99983E+04
 74.0 2.96504E+04
 74.5 2.93011E+04
 75.0 2.89504E+04
 75.5 2.85985E+04
 76.0 2.82454E+04
 76.5 2.78911E+04
 77.0 2.75358E+04
 77.5 2.71795E+04
 78.0 2.68223E+04
 78.5 2.64642E+04
 79.0 2.61053E+04
 79.5 2.57456E+04
 80.0 2.53852E+04
 80.5 2.50242E+04
 81.0 2.46626E+04
 81.5 2.43004E+04
 82.0 2.39377E+04
 82.5 2.35745E+04
 83.0 2.32110E+04
 83.5 2.28471E+04
 84.0 2.24828E+04
 84.5 2.21183E+04
 85.0 2.17535E+04
 85.5 2.13886E+04
 86.0 2.10235E+04
 86.5 2.06582E+04
 87.0 2.02929E+04
 87.5 1.99275E+04
 88.0 1.95622E+04
 88.5 1.91968E+04
 89.0 1.88315E+04
 89.5 1.84663E+04
 90.0 1.81013E+04
 90.5 1.77363E+04
 91.0 1.73716E+04
 91.5 1.70071E+04
 92.0 1.66429E+04
 92.5 1.62789E+04
 93.0 1.59153E+04
 93.5 1.55520E+04
 94.0 1.51891E+04
 94.5 1.48265E+04
 95.0 1.44644E+04
 95.5 1.41028E+04
 96.0 1.37416E+04
 96.5 1.33810E+04
 97.0 1.30209E+04
 97.5 1.26614E+04
 98.0 1.23025E+04
 98.5 1.19442E+04
 99.0 1.15865E+04
 99.5 1.12295E+04
100.0 1.08733E+04
100.5 1.05177E+04
101.0 1.01629E+04
101.5 9.80895E+03
102.0 9.45575E+03
102.5 9.10339E+03
103.0 8.75189E+03
103.5 8.40128E+03
104.0 8.05158E+03
104.5 7.70281E+03
105.0 7.35502E+03
105.5 7.00821E+03
106.0 6.66241E+03
106.5 6.31766E+03
107.0 5.97398E+03
107.5 5.63139E+03
108.0 5.28992E+03
108.5 4.94959E+03
109.0 4.61043E+03
109.5 4.27248E+03
110.0 3.93575E+03
110.5 3.60026E+03
111.0 3.26606E+03
111.5 2.93315E+03
112.0 2.60158E+03
112.5 2.27136E+03
113.0 1.94253E+03
113.5 1.61510E+03
114.0 1.28911E+03
114.5 9.64589E+02
115.0 6.41554E+02
115.5 3.20038E+02
116.0 2.66320E+01
