116K20D0W2
  0.5 0.00000E+00
  1.0 0.00000E+00
  1.5 0.00000E+00
  2.0 0.00000E+00
  2.5 0.00000E+00
  3.0 0.00000E+00
  3.5 3.60236E+04
  4.0 4.64675E+04
  4.5 5.74553E+04
  5.0 6.89902E+04
  5.5 8.10838E+04
  6.0 9.37571E+04
  6.5 1.07045E+05
  7.0 1.21002E+05
  7.5 1.35706E+05
  8.0 1.51249E+05
  8.5 2.69711E+06
  9.0 1.85026E+05
  9.5 2.03688E+06
 10.0 1.69702E+06
 10.5 8.47934E+04
 11.0 9.12597E+04
 11.5 2.75984E+05
 12.0 7.00814E+04
 12.5 6.52806E+04
 13.0 6.93759E+04
 13.5 7.35726E+04
 14.0 7.78714E+04
 14.5 8.22687E+04
 15.0 8.67562E+04
 15.5 9.13185E+04
 16.0 9.59342E+04
 16.5 1.00575E+05
 17.0 1.05208E+05
 17.5 1.09795E+05
 18.0 1.14297E+05
 18.5 1.18675E+05
 19.0 1.22891E+05
 19.5 1.26909E+05
 20.0 1.30698E+05
 20.5 1.34232E+05
 21.0 1.37489E+05
 21.5 1.40454E+05
 22.0 1.43115E+05
 22.5 1.45467E+05
 23.0 1.47509E+05
 23.5 1.49242E+05
 24.0 1.50674E+05
 24.5 1.51812E+05
 25.0 1.52668E+05
 25.5 1.53254E+05
 26.0 1.53586E+05
 26.5 1.53678E+05
 27.0 1.53545E+05
 27.5 1.53205E+05
 28.0 1.52672E+05
 28.5 1.51962E+05
 29.0 1.51092E+05
 29.5 1.50075E+05
 30.0 1.48926E+05
 30.5 1.47659E+05
 31.0 1.46286E+05
 31.5 1.44820E+05
 32.0 1.43271E+05
 32.5 1.41651E+05
 33.0 1.39970E+05
 33.5 1.38235E+05
 34.0 1.36457E+05
 34.5 1.34642E+05
 35.0 1.32797E+05
 35.5 1.30929E+05
 36.0 1.29044E+05
 36.5 1.27148E+05
 37.0 1.25244E+05
 37.5 1.23338E+05
 38.0 1.21432E+05
 38.5 1.19532E+05
 39.0 1.17639E+05
 39.5 1.15757E+05
 40.0 1.13888E+05
 40.5 1.12035E+05
 41.0 1.10198E+05
 41.5 1.08381E+05
 42.0 1.06584E+05
 42.5 1.04808E+05
 43.0 1.03055E+05
 43.5 1.01326E+05
 44.0 9.96202E+04
 44.5 9.79397E+04
 45.0 9.62845E+04
 45.5 9.46549E+04
 46.0 9.30513E+04
 46.5 9.14737E+04
 47.0 8.99223E+04
 47.5 8.83970E+04
 48.0 8.68980E+04
 48.5 8.54249E+04
 49.0 8.39777E+04
 49.5 8.25562E+04
 50.0 8.11601E+04
 50.5 7.97891E+04
 51.0 7.84430E+04
 51.5 7.71214E+04
 52.0 7.58240E+04
 52.5 7.45503E+04
 53.0 7.33000E+04
 53.5 7.20727E+04
 54.0 7.08680E+04
 54.5 6.96854E+04
 55.0 6.85245E+04
 55.5 6.73849E+04
 56.0 6.62661E+04
 56.5 6.51678E+04
 57.0 6.40895E+04
 57.5 6.30306E+04
 58.0 2.81390E+05
 58.5 6.09697E+04
 59.0 5.99667E+04
 59.5 4.43132E+05
 60.0 5.80138E+04
 60.5 5.70630E+04
 61.0 5.61287E+04
 61.5 5.52105E+04
 62.0 5.43080E+04
 62.5 5.34208E+04
 63.0 5.25486E+04
 63.5 5.16910E+04
 64.0 5.08475E+04
 64.5 5.00178E+04
 65.0 4.92016E+04
 65.5 4.83985E+04
 66.0 4.76082E+04
 66.5 4.68303E+04
 67.0 1.74122E+05
 67.5 4.53104E+04
 68.0 4.45678E+04
 68.5 4.38364E+04
 69.0 7.68841E+04
 69.5 4.14358E+04
 70.0 3.60009E+04
 70.5 3.55361E+04
 71.0 3.50731E+04
 71.5 3.46118E+04
 72.0 3.41524E+04
 72.5 3.36947E+04
 73.0 3.32388E+04
 73.5 3.27846E+04
 74.0 3.23323E+04
 74.5 3.18817E+04
 75.0 3.14329E+04
 75.5 3.09859E+04
 76.0 3.05407E+04
 76.5 3.00972E+04
 77.0 2.96555E+04
 77.5 2.92155E+04
 78.0 2.87772E+04
 78.5 2.83407E+04
 79.0 2.79059E+04
 79.5 2.74728E+04
 80.0 2.70414E+04
 80.5 2.66117E+04
 81.0 2.61836E+04
 81.5 2.57572E+04
 82.0 2.53325E+04
 82.5 2.49094E+04
 83.0 2.44879E+04
 83.5 2.40680E+04
 84.0 2.36498E+04
 84.5 2.32331E+04
 85.0 2.28180E+04
 85.5 2.24045E+04
 86.0 2.19926E+04
 86.5 2.15822E+04
 87.0 2.11734E+04
 87.5 2.07660E+04
 88.0 2.03602E+04
 88.5 1.99559E+04
 89.0 1.95532E+04
 89.5 1.91519E+04
 90.0 1.87521E+04
 90.5 1.83538E+04
 91.0 1.79569E+04
 91.5 1.75616E+04
 92.0 1.71677E+04
 92.5 1.67752E+04
 93.0 1.63842E+04
 93.5 1.59947E+04
 94.0 1.56066E+04
 94.5 1.52199E+04
 95.0 1.48347E+04
 95.5 1.44509E+04
 96.0 1.40686E+04
 96.5 1.36877E+04
 97.0 1.33082E+04
 97.5 1.29301E+04
 98.0 1.25535E+04
 98.5 1.21784E+04
 99.0 1.18046E+04
 99.5 1.14324E+04
100.0 1.10615E+04
100.5 1.06921E+04
101.0 1.03242E+04
101.5 9.95767E+03
102.0 9.59264E+03
102.5 9.22907E+03
103.0 8.86697E+03
103.5 8.50635E+03
104.0 8.14721E+03
104.5 7.78957E+03
105.0 7.43342E+03
105.5 7.07879E+03
106.0 6.72567E+03
106.5 6.37408E+03
107.0 6.02403E+03
107.5 5.67552E+03
108.0 5.32857E+03
108.5 4.98320E+03
109.0 4.63940E+03
109.5 4.29720E+03
110.0 3.95661E+03
110.5 3.61763E+03
111.0 3.28029E+03
111.5 2.94460E+03
112.0 2.61057E+03
112.5 2.27822E+03
113.0 1.94756E+03
113.5 1.61861E+03
114.0 1.29138E+03
114.5 9.65901E+02
115.0 6.42177E+02
115.5 3.20229E+02
116.0 2.66420E+01
