117K09D0W2
  0.5 0.00000E+00
  1.0 0.00000E+00
  1.5 0.00000E+00
  2.0 0.00000E+00
  2.5 0.00000E+00
  3.0 0.00000E+00
  3.5 1.24412E+04
  4.0 1.71364E+04
  4.5 2.20327E+04
  5.0 2.71020E+04
  5.5 3.23328E+04
  6.0 3.77195E+04
  6.5 4.32588E+04
  7.0 4.89487E+04
  7.5 5.47885E+04
  8.0 6.07790E+04
  8.5 2.77087E+05
  9.0 7.32235E+04
  9.5 3.93999E+05
 10.0 3.34021E+05
 10.5 3.43790E+04
 11.0 3.69464E+04
 11.5 4.73546E+04
 12.0 2.84618E+04
 12.5 2.65285E+04
 13.0 2.81804E+04
 13.5 2.98510E+04
 14.0 3.15403E+04
 14.5 3.32481E+04
 15.0 3.49743E+04
 15.5 3.67190E+04
 16.0 3.84821E+04
 16.5 4.02636E+04
 17.0 4.20635E+04
 17.5 4.38816E+04
 18.0 4.57177E+04
 18.5 4.75710E+04
 19.0 4.94405E+04
 19.5 5.13243E+04
 20.0 5.32199E+04
 20.5 5.51240E+04
 21.0 5.70323E+04
 21.5 5.89396E+04
 22.0 6.08398E+04
 22.5 6.27261E+04
 23.0 6.45911E+04
 23.5 6.64269E+04
 24.0 6.82256E+04
 24.5 6.99789E+04
 25.0 7.16791E+04
 25.5 7.33186E+04
 26.0 7.48902E+04
 26.5 7.63877E+04
 27.0 7.78053E+04
 27.5 7.91383E+04
 28.0 8.03825E+04
 28.5 8.15348E+04
 29.0 8.25929E+04
 29.5 8.35554E+04
 30.0 8.44214E+04
 30.5 8.51910E+04
 31.0 8.58649E+04
 31.5 8.64443E+04
 32.0 8.69310E+04
 32.5 8.73273E+04
 33.0 8.76358E+04
 33.5 8.78595E+04
 34.0 8.80016E+04
 34.5 8.80655E+04
 35.0 8.80547E+04
 35.5 8.79730E+04
 36.0 8.78242E+04
 36.5 8.76120E+04
 37.0 8.73401E+04
 37.5 8.70123E+04
 38.0 8.66323E+04
 38.5 8.62036E+04
 39.0 8.57297E+04
 39.5 8.52142E+04
 40.0 8.46600E+04
 40.5 8.40705E+04
 41.0 8.34487E+04
 41.5 8.27973E+04
 42.0 8.21192E+04
 42.5 8.14169E+04
 43.0 8.06928E+04
 43.5 7.99494E+04
 44.0 7.91886E+04
 44.5 7.84128E+04
 45.0 7.76236E+04
 45.5 7.68229E+04
 46.0 7.60125E+04
 46.5 7.51938E+04
 47.0 7.43684E+04
 47.5 7.35376E+04
 48.0 7.27025E+04
 48.5 7.18645E+04
 49.0 7.10245E+04
 49.5 7.01836E+04
 50.0 6.93426E+04
 50.5 6.85024E+04
 51.0 6.76638E+04
 51.5 6.68273E+04
 52.0 6.59938E+04
 52.5 6.51637E+04
 53.0 6.43375E+04
 53.5 6.35158E+04
 54.0 6.26989E+04
 54.5 6.18872E+04
 55.0 6.10811E+04
 55.5 6.02808E+04
 56.0 5.94866E+04
 56.5 5.86988E+04
 57.0 5.79175E+04
 57.5 5.71428E+04
 58.0 2.42922E+05
 58.5 5.56143E+04
 59.0 5.48605E+04
 59.5 3.84497E+05
 60.0 5.33745E+04
 60.5 5.26423E+04
 61.0 5.19173E+04
 61.5 5.11996E+04
 62.0 5.04892E+04
 62.5 4.97860E+04
 63.0 4.90901E+04
 63.5 4.84013E+04
 64.0 4.77196E+04
 64.5 4.70451E+04
 65.0 4.63775E+04
 65.5 4.57169E+04
 66.0 4.50632E+04
 66.5 4.44162E+04
 67.0 1.59697E+05
 67.5 4.31425E+04
 68.0 4.25154E+04
 68.5 4.18949E+04
 69.0 7.21587E+04
 69.5 3.87577E+04
 70.0 2.87796E+04
 70.5 2.85737E+04
 71.0 2.83631E+04
 71.5 2.81478E+04
 72.0 2.79280E+04
 72.5 2.77037E+04
 73.0 2.74751E+04
 73.5 2.72423E+04
 74.0 2.70053E+04
 74.5 2.67642E+04
 75.0 2.65193E+04
 75.5 2.62705E+04
 76.0 2.60180E+04
 76.5 2.57618E+04
 77.0 2.55021E+04
 77.5 2.52390E+04
 78.0 2.49726E+04
 78.5 2.47029E+04
 79.0 2.44300E+04
 79.5 2.41541E+04
 80.0 2.38753E+04
 80.5 2.35936E+04
 81.0 2.33091E+04
 81.5 2.30219E+04
 82.0 2.27321E+04
 82.5 2.24398E+04
 83.0 2.21450E+04
 83.5 2.18479E+04
 84.0 2.15486E+04
 84.5 2.12470E+04
 85.0 2.09434E+04
 85.5 2.06377E+04
 86.0 2.03301E+04
 86.5 2.00206E+04
 87.0 1.97093E+04
 87.5 1.93963E+04
 88.0 1.90816E+04
 88.5 1.87654E+04
 89.0 1.84476E+04
 89.5 1.81284E+04
 90.0 1.78078E+04
 90.5 1.74860E+04
 91.0 1.71628E+04
 91.5 1.68385E+04
 92.0 1.65131E+04
 92.5 1.61867E+04
 93.0 1.58592E+04
 93.5 1.55309E+04
 94.0 1.52016E+04
 94.5 1.48716E+04
 95.0 1.45408E+04
 95.5 1.42093E+04
 96.0 1.38772E+04
 96.5 1.35444E+04
 97.0 1.32112E+04
 97.5 1.28775E+04
 98.0 1.25434E+04
 98.5 1.22089E+04
 99.0 1.18741E+04
 99.5 1.15390E+04
100.0 1.12037E+04
100.5 1.08682E+04
101.0 1.05327E+04
101.5 1.01970E+04
102.0 9.86138E+03
102.5 9.52575E+03
103.0 9.19020E+03
103.5 8.85476E+03
104.0 8.51949E+03
104.5 8.18444E+03
105.0 7.84964E+03
105.5 7.51513E+03
106.0 7.18097E+03
106.5 6.84720E+03
107.0 6.51386E+03
107.5 6.18099E+03
108.0 5.84863E+03
108.5 5.51683E+03
109.0 5.18563E+03
109.5 4.85506E+03
110.0 4.52517E+03
110.5 4.19600E+03
111.0 3.86759E+03
111.5 3.53998E+03
112.0 3.21321E+03
112.5 2.88731E+03
113.0 2.56233E+03
113.5 2.23831E+03
114.0 1.91527E+03
114.5 1.59327E+03
115.0 1.27234E+03
115.5 9.52514E+02
116.0 6.33832E+02
116.5 3.16333E+02
117.0 2.63311E+01
