117K07D0W2
  0.5 0.00000E+00
  1.0 0.00000E+00
  1.5 0.00000E+00
  2.0 0.00000E+00
  2.5 0.00000E+00
  3.0 0.00000E+00
  3.5 8.57059E+03
  4.0 1.22454E+04
  4.5 1.60939E+04
  5.0 2.00754E+04
  5.5 2.41727E+04
  6.0 2.83774E+04
  6.5 3.26849E+04
  7.0 3.70920E+04
  7.5 4.15963E+04
  8.0 4.61962E+04
  8.5 1.09848E+05
  9.0 5.56798E+04
  9.5 1.87953E+05
 10.0 1.62585E+05
 10.5 2.60929E+04
 11.0 2.80733E+04
 11.5 3.06037E+04
 12.0 2.15993E+04
 12.5 2.01290E+04
 13.0 2.14065E+04
 13.5 2.26954E+04
 14.0 2.39956E+04
 14.5 2.53068E+04
 15.0 2.66288E+04
 15.5 2.79613E+04
 16.0 2.93043E+04
 16.5 3.06574E+04
 17.0 3.20204E+04
 17.5 3.33933E+04
 18.0 3.47757E+04
 18.5 3.61675E+04
 19.0 3.75684E+04
 19.5 3.89781E+04
 20.0 4.03959E+04
 20.5 4.18212E+04
 21.0 4.32529E+04
 21.5 4.46897E+04
 22.0 4.61298E+04
 22.5 4.75708E+04
 23.0 4.90101E+04
 23.5 5.04445E+04
 24.0 5.18704E+04
 24.5 5.32837E+04
 25.0 5.46800E+04
 25.5 5.60548E+04
 26.0 5.74032E+04
 26.5 5.87206E+04
 27.0 6.00021E+04
 27.5 6.12432E+04
 28.0 6.24396E+04
 28.5 6.35870E+04
 29.0 6.46820E+04
 29.5 6.57211E+04
 30.0 6.67015E+04
 30.5 6.76209E+04
 31.0 6.84772E+04
 31.5 6.92691E+04
 32.0 6.99956E+04
 32.5 7.06562E+04
 33.0 7.12506E+04
 33.5 7.17792E+04
 34.0 7.22426E+04
 34.5 7.26416E+04
 35.0 7.29776E+04
 35.5 7.32518E+04
 36.0 7.34660E+04
 36.5 7.36222E+04
 37.0 7.37221E+04
 37.5 7.37681E+04
 38.0 7.37622E+04
 38.5 7.37068E+04
 39.0 7.36042E+04
 39.5 7.34566E+04
 40.0 7.32665E+04
 40.5 7.30363E+04
 41.0 7.27680E+04
 41.5 7.24643E+04
 42.0 7.21270E+04
 42.5 7.17586E+04
 43.0 7.13610E+04
 43.5 7.09364E+04
 44.0 7.04866E+04
 44.5 7.00137E+04
 45.0 6.95193E+04
 45.5 6.90053E+04
 46.0 6.84733E+04
 46.5 6.79249E+04
 47.0 6.73615E+04
 47.5 6.67847E+04
 48.0 6.61958E+04
 48.5 6.55959E+04
 49.0 6.49863E+04
 49.5 6.43682E+04
 50.0 6.37426E+04
 50.5 6.31105E+04
 51.0 6.24728E+04
 51.5 6.18304E+04
 52.0 6.11841E+04
 52.5 6.05348E+04
 53.0 5.98829E+04
 53.5 5.92293E+04
 54.0 5.85744E+04
 54.5 5.79190E+04
 55.0 5.72635E+04
 55.5 5.66083E+04
 56.0 5.59540E+04
 56.5 5.53009E+04
 57.0 5.46494E+04
 57.5 5.39997E+04
 58.0 2.22203E+05
 58.5 5.27075E+04
 59.0 5.20654E+04
 59.5 3.52199E+05
 60.0 5.07903E+04
 60.5 5.01578E+04
 61.0 4.95287E+04
 61.5 4.89034E+04
 62.0 4.82819E+04
 62.5 4.76643E+04
 63.0 4.70507E+04
 63.5 4.64412E+04
 64.0 4.58359E+04
 64.5 4.52349E+04
 65.0 4.46380E+04
 65.5 4.40455E+04
 66.0 4.34574E+04
 66.5 4.28735E+04
 67.0 1.50591E+05
 67.5 4.17190E+04
 68.0 4.11483E+04
 68.5 4.05819E+04
 69.0 6.90146E+04
 69.5 3.72146E+04
 70.0 2.56421E+04
 70.5 2.55228E+04
 71.0 2.53976E+04
 71.5 2.52665E+04
 72.0 2.51297E+04
 72.5 2.49871E+04
 73.0 2.48388E+04
 73.5 2.46850E+04
 74.0 2.45258E+04
 74.5 2.43611E+04
 75.0 2.41911E+04
 75.5 2.40159E+04
 76.0 2.38355E+04
 76.5 2.36501E+04
 77.0 2.34598E+04
 77.5 2.32646E+04
 78.0 2.30646E+04
 78.5 2.28599E+04
 79.0 2.26507E+04
 79.5 2.24370E+04
 80.0 2.22189E+04
 80.5 2.19965E+04
 81.0 2.17700E+04
 81.5 2.15393E+04
 82.0 2.13047E+04
 82.5 2.10661E+04
 83.0 2.08238E+04
 83.5 2.05777E+04
 84.0 2.03281E+04
 84.5 2.00749E+04
 85.0 1.98183E+04
 85.5 1.95584E+04
 86.0 1.92953E+04
 86.5 1.90290E+04
 87.0 1.87597E+04
 87.5 1.84875E+04
 88.0 1.82123E+04
 88.5 1.79344E+04
 89.0 1.76539E+04
 89.5 1.73707E+04
 90.0 1.70851E+04
 90.5 1.67970E+04
 91.0 1.65066E+04
 91.5 1.62139E+04
 92.0 1.59191E+04
 92.5 1.56222E+04
 93.0 1.53233E+04
 93.5 1.50225E+04
 94.0 1.47199E+04
 94.5 1.44155E+04
 95.0 1.41094E+04
 95.5 1.38017E+04
 96.0 1.34925E+04
 96.5 1.31818E+04
 97.0 1.28698E+04
 97.5 1.25564E+04
 98.0 1.22418E+04
 98.5 1.19261E+04
 99.0 1.16092E+04
 99.5 1.12913E+04
100.0 1.09725E+04
100.5 1.06528E+04
101.0 1.03323E+04
101.5 1.00110E+04
102.0 9.68899E+03
102.5 9.36638E+03
103.0 9.04321E+03
103.5 8.71953E+03
104.0 8.39542E+03
104.5 8.07093E+03
105.0 7.74612E+03
105.5 7.42105E+03
106.0 7.09579E+03
106.5 6.77038E+03
107.0 6.44488E+03
107.5 6.11936E+03
108.0 5.79387E+03
108.5 5.46846E+03
109.0 5.14318E+03
109.5 4.81810E+03
110.0 4.49327E+03
110.5 4.16873E+03
111.0 3.84455E+03
111.5 3.52076E+03
112.0 3.19744E+03
112.5 2.87461E+03
113.0 2.55234E+03
113.5 2.23068E+03
114.0 1.90967E+03
114.5 1.58936E+03
115.0 1.26980E+03
115.5 9.51046E+02
116.0 6.33135E+02
116.5 3.16118E+02
117.0 2.63198E+01
