117K14D0W2
  0.5 0.00000E+00
  1.0 0.00000E+00
  1.5 0.00000E+00
  2.0 0.00000E+00
  2.5 0.00000E+00
  3.0 0.00000E+00
  3.5 2.26395E+04
  4.0 2.98607E+04
  4.5 3.74076E+04
  5.0 4.52687E+04
  5.5 5.34408E+04
  6.0 6.19246E+04
  6.5 7.07243E+04
  7.0 7.98483E+04
  7.5 8.93107E+04
  8.0 9.91338E+04
  8.5 1.14933E+06
  9.0 1.19993E+05
  9.5 1.11013E+06
 10.0 9.27857E+05
 10.5 5.59944E+04
 11.0 6.01572E+04
 11.5 1.25810E+05
 12.0 4.63414E+04
 12.5 4.31916E+04
 13.0 4.58538E+04
 13.5 4.85619E+04
 14.0 5.13170E+04
 14.5 5.41203E+04
 15.0 5.69728E+04
 15.5 5.98748E+04
 16.0 6.28258E+04
 16.5 6.58235E+04
 17.0 6.88635E+04
 17.5 7.19389E+04
 18.0 7.50402E+04
 18.5 7.81550E+04
 19.0 8.12685E+04
 19.5 8.43637E+04
 20.0 8.74221E+04
 20.5 9.04244E+04
 21.0 9.33510E+04
 21.5 9.61829E+04
 22.0 9.89021E+04
 22.5 1.01492E+05
 23.0 1.03938E+05
 23.5 1.06228E+05
 24.0 1.08352E+05
 24.5 1.10301E+05
 25.0 1.12071E+05
 25.5 1.13658E+05
 26.0 1.15061E+05
 26.5 1.16281E+05
 27.0 1.17319E+05
 27.5 1.18180E+05
 28.0 1.18868E+05
 28.5 1.19390E+05
 29.0 1.19752E+05
 29.5 1.19962E+05
 30.0 1.20027E+05
 30.5 1.19956E+05
 31.0 1.19757E+05
 31.5 1.19438E+05
 32.0 1.19008E+05
 32.5 1.18475E+05
 33.0 1.17846E+05
 33.5 1.17131E+05
 34.0 1.16336E+05
 34.5 1.15468E+05
 35.0 1.14535E+05
 35.5 1.13543E+05
 36.0 1.12498E+05
 36.5 1.11406E+05
 37.0 1.10273E+05
 37.5 1.09103E+05
 38.0 1.07902E+05
 38.5 1.06674E+05
 39.0 1.05423E+05
 39.5 1.04153E+05
 40.0 1.02867E+05
 40.5 1.01569E+05
 41.0 1.00262E+05
 41.5 9.89490E+04
 42.0 9.76316E+04
 42.5 9.63125E+04
 43.0 9.49939E+04
 43.5 9.36775E+04
 44.0 9.23652E+04
 44.5 9.10584E+04
 45.0 8.97586E+04
 45.5 8.84669E+04
 46.0 8.71846E+04
 46.5 8.59124E+04
 47.0 8.46515E+04
 47.5 8.34024E+04
 48.0 8.21659E+04
 48.5 8.09426E+04
 49.0 7.97328E+04
 49.5 7.85370E+04
 50.0 7.73557E+04
 50.5 7.61890E+04
 51.0 7.50371E+04
 51.5 7.39004E+04
 52.0 7.27788E+04
 52.5 7.16724E+04
 53.0 7.05814E+04
 53.5 6.95056E+04
 54.0 6.84452E+04
 54.5 6.74000E+04
 55.0 6.63699E+04
 55.5 6.53549E+04
 56.0 6.43548E+04
 56.5 6.33695E+04
 57.0 6.23988E+04
 57.5 6.14426E+04
 58.0 2.71968E+05
 58.5 5.95728E+04
 59.0 5.86588E+04
 59.5 4.29566E+05
 60.0 5.68716E+04
 60.5 5.59979E+04
 61.0 5.51372E+04
 61.5 5.42892E+04
 62.0 5.34538E+04
 62.5 5.26307E+04
 63.0 5.18196E+04
 63.5 5.10203E+04
 64.0 5.02326E+04
 64.5 4.94562E+04
 65.0 4.86909E+04
 65.5 4.79364E+04
 66.0 4.71926E+04
 66.5 4.64591E+04
 67.0 1.72014E+05
 67.5 4.50225E+04
 68.0 4.43188E+04
 68.5 4.36246E+04
 69.0 7.63616E+04
 69.5 4.08889E+04
 70.0 3.35023E+04
 70.5 3.31462E+04
 71.0 3.27887E+04
 71.5 3.24298E+04
 72.0 3.20698E+04
 72.5 3.17086E+04
 73.0 3.13463E+04
 73.5 3.09830E+04
 74.0 3.06187E+04
 74.5 3.02536E+04
 75.0 2.98877E+04
 75.5 2.95210E+04
 76.0 2.91536E+04
 76.5 2.87856E+04
 77.0 2.84171E+04
 77.5 2.80480E+04
 78.0 2.76784E+04
 78.5 2.73085E+04
 79.0 2.69381E+04
 79.5 2.65674E+04
 80.0 2.61965E+04
 80.5 2.58253E+04
 81.0 2.54539E+04
 81.5 2.50823E+04
 82.0 2.47106E+04
 82.5 2.43388E+04
 83.0 2.39670E+04
 83.5 2.35952E+04
 84.0 2.32234E+04
 84.5 2.28516E+04
 85.0 2.24800E+04
 85.5 2.21084E+04
 86.0 2.17370E+04
 86.5 2.13658E+04
 87.0 2.09948E+04
 87.5 2.06240E+04
 88.0 2.02535E+04
 88.5 1.98833E+04
 89.0 1.95134E+04
 89.5 1.91438E+04
 90.0 1.87747E+04
 90.5 1.84059E+04
 91.0 1.80375E+04
 91.5 1.76695E+04
 92.0 1.73020E+04
 92.5 1.69350E+04
 93.0 1.65686E+04
 93.5 1.62026E+04
 94.0 1.58372E+04
 94.5 1.54724E+04
 95.0 1.51082E+04
 95.5 1.47446E+04
 96.0 1.43816E+04
 96.5 1.40193E+04
 97.0 1.36577E+04
 97.5 1.32968E+04
 98.0 1.29366E+04
 98.5 1.25772E+04
 99.0 1.22186E+04
 99.5 1.18607E+04
100.0 1.15036E+04
100.5 1.11474E+04
101.0 1.07921E+04
101.5 1.04376E+04
102.0 1.00840E+04
102.5 9.73131E+03
103.0 9.37958E+03
103.5 9.02880E+03
104.0 8.67901E+03
104.5 8.33021E+03
105.0 7.98244E+03
105.5 7.63571E+03
106.0 7.29005E+03
106.5 6.94548E+03
107.0 6.60201E+03
107.5 6.25968E+03
108.0 5.91849E+03
108.5 5.57848E+03
109.0 5.23967E+03
109.5 4.90208E+03
110.0 4.56573E+03
110.5 4.23065E+03
111.0 3.89685E+03
111.5 3.56436E+03
112.0 3.23320E+03
112.5 2.90340E+03
113.0 2.57497E+03
113.5 2.24795E+03
114.0 1.92236E+03
114.5 1.59821E+03
115.0 1.27554E+03
115.5 9.54364E+02
116.0 6.34711E+02
116.5 3.16603E+02
117.0 2.63452E+01
