117K19D0W2
  0.5 0.00000E+00
  1.0 0.00000E+00
  1.5 0.00000E+00
  2.0 0.00000E+00
  2.5 0.00000E+00
  3.0 0.00000E+00
  3.5 3.34979E+04
  4.0 4.33347E+04
  4.5 5.36714E+04
  5.0 6.45084E+04
  5.5 7.58532E+04
  6.0 8.77213E+04
  6.5 1.00138E+05
  7.0 1.13146E+05
  7.5 1.26805E+05
  8.0 1.41195E+05
  8.5 2.39880E+06
  9.0 1.72394E+05
  9.5 1.87916E+06
 10.0 1.56596E+06
 10.5 7.93318E+04
 11.0 8.53464E+04
 11.5 2.45578E+05
 12.0 6.56029E+04
 12.5 6.11223E+04
 13.0 6.49416E+04
 13.5 6.88512E+04
 14.0 7.28530E+04
 14.5 7.69461E+04
 15.0 8.11264E+04
 15.5 8.53843E+04
 16.0 8.97049E+04
 16.5 9.40674E+04
 17.0 9.84454E+04
 17.5 1.02808E+05
 18.0 1.07123E+05
 18.5 1.11353E+05
 19.0 1.15464E+05
 19.5 1.19421E+05
 20.0 1.23194E+05
 20.5 1.26754E+05
 21.0 1.30079E+05
 21.5 1.33148E+05
 22.0 1.35948E+05
 22.5 1.38468E+05
 23.0 1.40704E+05
 23.5 1.42653E+05
 24.0 1.44317E+05
 24.5 1.45703E+05
 25.0 1.46816E+05
 25.5 1.47667E+05
 26.0 1.48267E+05
 26.5 1.48629E+05
 27.0 1.48766E+05
 27.5 1.48692E+05
 28.0 1.48422E+05
 28.5 1.47970E+05
 29.0 1.47350E+05
 29.5 1.46577E+05
 30.0 1.45663E+05
 30.5 1.44623E+05
 31.0 1.43468E+05
 31.5 1.42210E+05
 32.0 1.40861E+05
 32.5 1.39431E+05
 33.0 1.37930E+05
 33.5 1.36368E+05
 34.0 1.34752E+05
 34.5 1.33091E+05
 35.0 1.31393E+05
 35.5 1.29663E+05
 36.0 1.27908E+05
 36.5 1.26134E+05
 37.0 1.24345E+05
 37.5 1.22547E+05
 38.0 1.20744E+05
 38.5 1.18939E+05
 39.0 1.17136E+05
 39.5 1.15338E+05
 40.0 1.13548E+05
 40.5 1.11768E+05
 41.0 1.10001E+05
 41.5 1.08248E+05
 42.0 1.06511E+05
 42.5 1.04791E+05
 43.0 1.03091E+05
 43.5 1.01410E+05
 44.0 9.97501E+04
 44.5 9.81119E+04
 45.0 9.64961E+04
 45.5 9.49032E+04
 46.0 9.33336E+04
 46.5 9.17876E+04
 47.0 9.02656E+04
 47.5 8.87675E+04
 48.0 8.72937E+04
 48.5 8.58439E+04
 49.0 8.44183E+04
 49.5 8.30167E+04
 50.0 8.16389E+04
 50.5 8.02849E+04
 51.0 7.89544E+04
 51.5 7.76471E+04
 52.0 7.63629E+04
 52.5 7.51013E+04
 53.0 7.38621E+04
 53.5 7.26450E+04
 54.0 7.14494E+04
 54.5 7.02753E+04
 55.0 6.91221E+04
 55.5 6.79894E+04
 56.0 6.68770E+04
 56.5 6.57843E+04
 57.0 6.47110E+04
 57.5 6.36567E+04
 58.0 2.87220E+05
 58.5 6.16035E+04
 59.0 6.06038E+04
 59.5 4.53143E+05
 60.0 5.86563E+04
 60.5 5.77076E+04
 61.0 5.67751E+04
 61.5 5.58585E+04
 62.0 5.49573E+04
 62.5 5.40713E+04
 63.0 5.31999E+04
 63.5 5.23430E+04
 64.0 5.15000E+04
 64.5 5.06707E+04
 65.0 4.98547E+04
 65.5 4.90516E+04
 66.0 4.82612E+04
 66.5 4.74832E+04
 67.0 1.78297E+05
 67.5 4.59628E+04
 68.0 4.52198E+04
 68.5 4.44879E+04
 69.0 7.84846E+04
 69.5 4.19990E+04
 70.0 3.61358E+04
 70.5 3.56866E+04
 71.0 3.52387E+04
 71.5 3.47922E+04
 72.0 3.43470E+04
 72.5 3.39031E+04
 73.0 3.34606E+04
 73.5 3.30196E+04
 74.0 3.25799E+04
 74.5 3.21417E+04
 75.0 3.17049E+04
 75.5 3.12695E+04
 76.0 3.08355E+04
 76.5 3.04030E+04
 77.0 2.99719E+04
 77.5 2.95423E+04
 78.0 2.91142E+04
 78.5 2.86874E+04
 79.0 2.82621E+04
 79.5 2.78383E+04
 80.0 2.74159E+04
 80.5 2.69949E+04
 81.0 2.65754E+04
 81.5 2.61573E+04
 82.0 2.57406E+04
 82.5 2.53254E+04
 83.0 2.49115E+04
 83.5 2.44991E+04
 84.0 2.40881E+04
 84.5 2.36784E+04
 85.0 2.32702E+04
 85.5 2.28633E+04
 86.0 2.24579E+04
 86.5 2.20538E+04
 87.0 2.16511E+04
 87.5 2.12497E+04
 88.0 2.08498E+04
 88.5 2.04511E+04
 89.0 2.00539E+04
 89.5 1.96579E+04
 90.0 1.92634E+04
 90.5 1.88701E+04
 91.0 1.84782E+04
 91.5 1.80877E+04
 92.0 1.76985E+04
 92.5 1.73106E+04
 93.0 1.69240E+04
 93.5 1.65388E+04
 94.0 1.61548E+04
 94.5 1.57723E+04
 95.0 1.53910E+04
 95.5 1.50111E+04
 96.0 1.46325E+04
 96.5 1.42552E+04
 97.0 1.38792E+04
 97.5 1.35046E+04
 98.0 1.31313E+04
 98.5 1.27593E+04
 99.0 1.23887E+04
 99.5 1.20194E+04
100.0 1.16515E+04
100.5 1.12849E+04
101.0 1.09197E+04
101.5 1.05558E+04
102.0 1.01933E+04
102.5 9.83214E+03
103.0 9.47238E+03
103.5 9.11401E+03
104.0 8.75704E+03
104.5 8.40146E+03
105.0 8.04729E+03
105.5 7.69455E+03
106.0 7.34323E+03
106.5 6.99335E+03
107.0 6.64492E+03
107.5 6.29795E+03
108.0 5.95245E+03
108.5 5.60843E+03
109.0 5.26590E+03
109.5 4.92489E+03
110.0 4.58539E+03
110.5 4.24742E+03
111.0 3.91100E+03
111.5 3.57614E+03
112.0 3.24286E+03
112.5 2.91117E+03
113.0 2.58108E+03
113.5 2.25261E+03
114.0 1.92577E+03
114.5 1.60059E+03
115.0 1.27708E+03
115.5 9.55255E+02
116.0 6.35133E+02
116.5 3.16733E+02
117.0 2.63520E+01
