117K13D0W2
  0.5 0.00000E+00
  1.0 0.00000E+00
  1.5 0.00000E+00
  2.0 0.00000E+00
  2.5 0.00000E+00
  3.0 0.00000E+00
  3.5 2.05482E+04
  4.0 2.72606E+04
  4.5 3.42691E+04
  5.0 4.15600E+04
  5.5 4.91283E+04
  6.0 5.69731E+04
  6.5 6.50963E+04
  7.0 7.35030E+04
  7.5 8.22027E+04
  8.0 9.12105E+04
  8.5 9.32928E+05
  9.0 1.10248E+05
  9.5 9.56099E+05
 10.0 8.00158E+05
 10.5 5.15528E+04
 11.0 5.53793E+04
 11.5 1.06100E+05
 12.0 4.26703E+04
 12.5 3.97715E+04
 13.0 4.22218E+04
 13.5 4.47112E+04
 14.0 4.72406E+04
 14.5 4.98107E+04
 15.0 5.24226E+04
 15.5 5.50767E+04
 16.0 5.77732E+04
 16.5 6.05110E+04
 17.0 6.32879E+04
 17.5 6.60997E+04
 18.0 6.89403E+04
 18.5 7.18010E+04
 19.0 7.46712E+04
 19.5 7.75379E+04
 20.0 8.03864E+04
 20.5 8.32009E+04
 21.0 8.59646E+04
 21.5 8.86606E+04
 22.0 9.12724E+04
 22.5 9.37842E+04
 23.0 9.61816E+04
 23.5 9.84515E+04
 24.0 1.00583E+05
 24.5 1.02567E+05
 25.0 1.04396E+05
 25.5 1.06064E+05
 26.0 1.07569E+05
 26.5 1.08909E+05
 27.0 1.10083E+05
 27.5 1.11094E+05
 28.0 1.11944E+05
 28.5 1.12637E+05
 29.0 1.13178E+05
 29.5 1.13573E+05
 30.0 1.13827E+05
 30.5 1.13948E+05
 31.0 1.13943E+05
 31.5 1.13818E+05
 32.0 1.13582E+05
 32.5 1.13240E+05
 33.0 1.12802E+05
 33.5 1.12273E+05
 34.0 1.11661E+05
 34.5 1.10973E+05
 35.0 1.10215E+05
 35.5 1.09393E+05
 36.0 1.08514E+05
 36.5 1.07583E+05
 37.0 1.06605E+05
 37.5 1.05586E+05
 38.0 1.04531E+05
 38.5 1.03443E+05
 39.0 1.02327E+05
 39.5 1.01187E+05
 40.0 1.00027E+05
 40.5 9.88496E+04
 41.0 9.76581E+04
 41.5 9.64556E+04
 42.0 9.52446E+04
 42.5 9.40275E+04
 43.0 9.28066E+04
 43.5 9.15840E+04
 44.0 9.03614E+04
 44.5 8.91405E+04
 45.0 8.79229E+04
 45.5 8.67099E+04
 46.0 8.55029E+04
 46.5 8.43028E+04
 47.0 8.31107E+04
 47.5 8.19275E+04
 48.0 8.07540E+04
 48.5 7.95908E+04
 49.0 7.84387E+04
 49.5 7.72980E+04
 50.0 7.61693E+04
 50.5 7.50529E+04
 51.0 7.39493E+04
 51.5 7.28585E+04
 52.0 7.17810E+04
 52.5 7.07167E+04
 53.0 6.96659E+04
 53.5 6.86287E+04
 54.0 6.76051E+04
 54.5 6.65951E+04
 55.0 6.55988E+04
 55.5 6.46160E+04
 56.0 6.36468E+04
 56.5 6.26910E+04
 57.0 6.17486E+04
 57.5 6.08194E+04
 58.0 2.67710E+05
 58.5 5.90003E+04
 59.0 5.81101E+04
 59.5 4.22974E+05
 60.0 5.63673E+04
 60.5 5.55145E+04
 61.0 5.46738E+04
 61.5 5.38450E+04
 62.0 5.30279E+04
 62.5 5.22223E+04
 63.0 5.14281E+04
 63.5 5.06449E+04
 64.0 4.98727E+04
 64.5 4.91111E+04
 65.0 4.83600E+04
 65.5 4.76192E+04
 66.0 4.68885E+04
 66.5 4.61676E+04
 67.0 1.70239E+05
 67.5 4.47545E+04
 68.0 4.40619E+04
 68.5 4.33783E+04
 69.0 7.57591E+04
 69.5 4.05782E+04
 70.0 3.27862E+04
 70.5 3.24543E+04
 71.0 3.21203E+04
 71.5 3.17844E+04
 72.0 3.14467E+04
 72.5 3.11072E+04
 73.0 3.07661E+04
 73.5 3.04233E+04
 74.0 3.00791E+04
 74.5 2.97334E+04
 75.0 2.93863E+04
 75.5 2.90380E+04
 76.0 2.86885E+04
 76.5 2.83378E+04
 77.0 2.79860E+04
 77.5 2.76332E+04
 78.0 2.72795E+04
 78.5 2.69249E+04
 79.0 2.65694E+04
 79.5 2.62132E+04
 80.0 2.58562E+04
 80.5 2.54985E+04
 81.0 2.51403E+04
 81.5 2.47814E+04
 82.0 2.44221E+04
 82.5 2.40622E+04
 83.0 2.37020E+04
 83.5 2.33413E+04
 84.0 2.29803E+04
 84.5 2.26190E+04
 85.0 2.22575E+04
 85.5 2.18957E+04
 86.0 2.15337E+04
 86.5 2.11716E+04
 87.0 2.08094E+04
 87.5 2.04472E+04
 88.0 2.00849E+04
 88.5 1.97226E+04
 89.0 1.93603E+04
 89.5 1.89981E+04
 90.0 1.86360E+04
 90.5 1.82741E+04
 91.0 1.79123E+04
 91.5 1.75507E+04
 92.0 1.71893E+04
 92.5 1.68282E+04
 93.0 1.64673E+04
 93.5 1.61068E+04
 94.0 1.57467E+04
 94.5 1.53868E+04
 95.0 1.50274E+04
 95.5 1.46685E+04
 96.0 1.43099E+04
 96.5 1.39519E+04
 97.0 1.35944E+04
 97.5 1.32374E+04
 98.0 1.28809E+04
 98.5 1.25251E+04
 99.0 1.21698E+04
 99.5 1.18152E+04
100.0 1.14613E+04
100.5 1.11080E+04
101.0 1.07555E+04
101.5 1.04036E+04
102.0 1.00526E+04
102.5 9.70235E+03
103.0 9.35291E+03
103.5 9.00430E+03
104.0 8.65656E+03
104.5 8.30971E+03
105.0 7.96377E+03
105.5 7.61877E+03
106.0 7.27473E+03
106.5 6.93168E+03
107.0 6.58964E+03
107.5 6.24864E+03
108.0 5.90870E+03
108.5 5.56985E+03
109.0 5.23210E+03
109.5 4.89550E+03
110.0 4.56006E+03
110.5 4.22580E+03
111.0 3.89276E+03
111.5 3.56095E+03
112.0 3.23041E+03
112.5 2.90115E+03
113.0 2.57321E+03
113.5 2.24661E+03
114.0 1.92137E+03
114.5 1.59752E+03
115.0 1.27509E+03
115.5 9.54106E+02
116.0 6.34588E+02
116.5 3.16566E+02
117.0 2.63432E+01
