117K11D0W2
  0.5 0.00000E+00
  1.0 0.00000E+00
  1.5 0.00000E+00
  2.0 0.00000E+00
  2.5 0.00000E+00
  3.0 0.00000E+00
  3.5 1.64416E+04
  4.0 2.21442E+04
  4.5 2.80902E+04
  5.0 3.42599E+04
  5.5 4.06454E+04
  6.0 4.72432E+04
  6.5 5.40518E+04
  7.0 6.10721E+04
  7.5 6.83067E+04
  8.0 7.57616E+04
  8.5 5.56745E+05
  9.0 9.13752E+04
  9.5 6.59159E+05
 10.0 5.53994E+05
 10.5 4.28558E+04
 11.0 4.60369E+04
 11.5 7.24469E+04
 12.0 3.54775E+04
 12.5 3.30687E+04
 13.0 3.51106E+04
 13.5 3.71804E+04
 14.0 3.92782E+04
 14.5 4.14042E+04
 15.0 4.35589E+04
 15.5 4.57426E+04
 16.0 4.79555E+04
 16.5 5.01979E+04
 17.0 5.24692E+04
 17.5 5.47687E+04
 18.0 5.70943E+04
 18.5 5.94430E+04
 19.0 6.18104E+04
 19.5 6.41906E+04
 20.0 6.65760E+04
 20.5 6.89578E+04
 21.0 7.13258E+04
 21.5 7.36688E+04
 22.0 7.59751E+04
 22.5 7.82326E+04
 23.0 8.04291E+04
 23.5 8.25529E+04
 24.0 8.45932E+04
 24.5 8.65396E+04
 25.0 8.83832E+04
 25.5 9.01162E+04
 26.0 9.17322E+04
 26.5 9.32260E+04
 27.0 9.45940E+04
 27.5 9.58337E+04
 28.0 9.69439E+04
 28.5 9.79244E+04
 29.0 9.87763E+04
 29.5 9.95016E+04
 30.0 1.00103E+05
 30.5 1.00583E+05
 31.0 1.00947E+05
 31.5 1.01199E+05
 32.0 1.01343E+05
 32.5 1.01385E+05
 33.0 1.01330E+05
 33.5 1.01183E+05
 34.0 1.00950E+05
 34.5 1.00636E+05
 35.0 1.00247E+05
 35.5 9.97870E+04
 36.0 9.92624E+04
 36.5 9.86779E+04
 37.0 9.80383E+04
 37.5 9.73483E+04
 38.0 9.66122E+04
 38.5 9.58346E+04
 39.0 9.50192E+04
 39.5 9.41701E+04
 40.0 9.32907E+04
 40.5 9.23846E+04
 41.0 9.14549E+04
 41.5 9.05046E+04
 42.0 8.95365E+04
 42.5 8.85532E+04
 43.0 8.75572E+04
 43.5 8.65506E+04
 44.0 8.55357E+04
 44.5 8.45142E+04
 45.0 8.34881E+04
 45.5 8.24589E+04
 46.0 8.14281E+04
 46.5 8.03971E+04
 47.0 7.93672E+04
 47.5 7.83394E+04
 48.0 7.73149E+04
 48.5 7.62945E+04
 49.0 7.52792E+04
 49.5 7.42696E+04
 50.0 7.32665E+04
 50.5 7.22704E+04
 51.0 7.12820E+04
 51.5 7.03017E+04
 52.0 6.93298E+04
 52.5 6.83669E+04
 53.0 6.74131E+04
 53.5 6.64689E+04
 54.0 6.55343E+04
 54.5 6.46096E+04
 55.0 6.36949E+04
 55.5 6.27904E+04
 56.0 6.18962E+04
 56.5 6.10123E+04
 57.0 6.01387E+04
 57.5 5.92755E+04
 58.0 2.57231E+05
 58.5 5.75802E+04
 59.0 5.67480E+04
 59.5 4.06729E+05
 60.0 5.51143E+04
 60.5 5.43126E+04
 61.0 5.35210E+04
 61.5 5.27392E+04
 62.0 5.19673E+04
 62.5 5.12050E+04
 63.0 5.04522E+04
 63.5 4.97089E+04
 64.0 4.89748E+04
 64.5 4.82499E+04
 65.0 4.75340E+04
 65.5 4.68270E+04
 66.0 4.61286E+04
 66.5 4.54388E+04
 67.0 1.65826E+05
 67.5 4.40842E+04
 68.0 4.34191E+04
 68.5 4.27619E+04
 69.0 7.42569E+04
 69.5 3.98112E+04
 70.0 3.10585E+04
 70.5 3.07829E+04
 71.0 3.05040E+04
 71.5 3.02218E+04
 72.0 2.99364E+04
 72.5 2.96480E+04
 73.0 2.93566E+04
 73.5 2.90624E+04
 74.0 2.87654E+04
 74.5 2.84657E+04
 75.0 2.81635E+04
 75.5 2.78587E+04
 76.0 2.75516E+04
 76.5 2.72422E+04
 77.0 2.69306E+04
 77.5 2.66168E+04
 78.0 2.63010E+04
 78.5 2.59832E+04
 79.0 2.56635E+04
 79.5 2.53420E+04
 80.0 2.50187E+04
 80.5 2.46938E+04
 81.0 2.43673E+04
 81.5 2.40393E+04
 82.0 2.37098E+04
 82.5 2.33789E+04
 83.0 2.30467E+04
 83.5 2.27132E+04
 84.0 2.23785E+04
 84.5 2.20427E+04
 85.0 2.17059E+04
 85.5 2.13680E+04
 86.0 2.10291E+04
 86.5 2.06894E+04
 87.0 2.03488E+04
 87.5 2.00074E+04
 88.0 1.96653E+04
 88.5 1.93225E+04
 89.0 1.89790E+04
 89.5 1.86350E+04
 90.0 1.82904E+04
 90.5 1.79453E+04
 91.0 1.75998E+04
 91.5 1.72539E+04
 92.0 1.69077E+04
 92.5 1.65611E+04
 93.0 1.62143E+04
 93.5 1.58673E+04
 94.0 1.55201E+04
 94.5 1.51727E+04
 95.0 1.48253E+04
 95.5 1.44778E+04
 96.0 1.41303E+04
 96.5 1.37829E+04
 97.0 1.34355E+04
 97.5 1.30882E+04
 98.0 1.27411E+04
 98.5 1.23941E+04
 99.0 1.20474E+04
 99.5 1.17009E+04
100.0 1.13547E+04
100.5 1.10088E+04
101.0 1.06633E+04
101.5 1.03182E+04
102.0 9.97359E+03
102.5 9.62940E+03
103.0 9.28572E+03
103.5 8.94257E+03
104.0 8.60000E+03
104.5 8.25803E+03
105.0 7.91670E+03
105.5 7.57604E+03
106.0 7.23608E+03
106.5 6.89687E+03
107.0 6.55842E+03
107.5 6.22077E+03
108.0 5.88396E+03
108.5 5.54802E+03
109.0 5.21298E+03
109.5 4.87886E+03
110.0 4.54571E+03
110.5 4.21355E+03
111.0 3.88241E+03
111.5 3.55233E+03
112.0 3.22334E+03
112.5 2.89546E+03
113.0 2.56874E+03
113.5 2.24320E+03
114.0 1.91887E+03
114.5 1.59578E+03
115.0 1.27396E+03
115.5 9.53453E+02
116.0 6.34278E+02
116.5 3.16470E+02
117.0 2.63382E+01
