117K12D0W2
  0.5 0.00000E+00
  1.0 0.00000E+00
  1.5 0.00000E+00
  2.0 0.00000E+00
  2.5 0.00000E+00
  3.0 0.00000E+00
  3.5 1.84822E+04
  4.0 2.46887E+04
  4.5 3.11639E+04
  5.0 3.78912E+04
  5.5 4.48642E+04
  6.0 5.20806E+04
  6.5 5.95404E+04
  7.0 6.72463E+04
  7.5 7.52039E+04
  8.0 8.34232E+04
  8.5 7.34304E+05
  9.0 1.00714E+05
  9.5 8.05064E+05
 10.0 6.74954E+05
 10.5 4.71747E+04
 11.0 5.06742E+04
 11.5 8.82548E+04
 12.0 3.90501E+04
 12.5 3.63983E+04
 13.0 3.86419E+04
 13.5 4.09187E+04
 14.0 4.32292E+04
 14.5 4.55738E+04
 15.0 4.79532E+04
 15.5 5.03679E+04
 16.0 5.28183E+04
 16.5 5.53041E+04
 17.0 5.78243E+04
 17.5 6.03768E+04
 18.0 6.29578E+04
 18.5 6.55620E+04
 19.0 6.81822E+04
 19.5 7.08091E+04
 20.0 7.34319E+04
 20.5 7.60382E+04
 21.0 7.86145E+04
 21.5 8.11466E+04
 22.0 8.36201E+04
 22.5 8.60208E+04
 23.0 8.83350E+04
 23.5 9.05500E+04
 24.0 9.26544E+04
 24.5 9.46381E+04
 25.0 9.64928E+04
 25.5 9.82114E+04
 26.0 9.97889E+04
 26.5 1.01222E+05
 27.0 1.02508E+05
 27.5 1.03647E+05
 28.0 1.04640E+05
 28.5 1.05487E+05
 29.0 1.06194E+05
 29.5 1.06762E+05
 30.0 1.07197E+05
 30.5 1.07503E+05
 31.0 1.07687E+05
 31.5 1.07753E+05
 32.0 1.07709E+05
 32.5 1.07561E+05
 33.0 1.07314E+05
 33.5 1.06976E+05
 34.0 1.06552E+05
 34.5 1.06049E+05
 35.0 1.05472E+05
 35.5 1.04829E+05
 36.0 1.04123E+05
 36.5 1.03361E+05
 37.0 1.02548E+05
 37.5 1.01689E+05
 38.0 1.00789E+05
 38.5 9.98509E+04
 39.0 9.88802E+04
 39.5 9.78804E+04
 40.0 9.68552E+04
 40.5 9.58081E+04
 41.0 9.47421E+04
 41.5 9.36603E+04
 42.0 9.25654E+04
 42.5 9.14599E+04
 43.0 9.03461E+04
 43.5 8.92263E+04
 44.0 8.81024E+04
 44.5 8.69762E+04
 45.0 8.58494E+04
 45.5 8.47235E+04
 46.0 8.35999E+04
 46.5 8.24797E+04
 47.0 8.13642E+04
 47.5 8.02543E+04
 48.0 7.91510E+04
 48.5 7.80551E+04
 49.0 7.69674E+04
 49.5 7.58884E+04
 50.0 7.48187E+04
 50.5 7.37588E+04
 51.0 7.27092E+04
 51.5 7.16702E+04
 52.0 7.06422E+04
 52.5 6.96254E+04
 53.0 6.86201E+04
 53.5 6.76263E+04
 54.0 6.66443E+04
 54.5 6.56742E+04
 55.0 6.47160E+04
 55.5 6.37698E+04
 56.0 6.28355E+04
 56.5 6.19133E+04
 57.0 6.10029E+04
 57.5 6.01045E+04
 58.0 2.62846E+05
 58.5 5.83430E+04
 59.0 5.74798E+04
 59.5 4.15436E+05
 60.0 5.57878E+04
 60.5 5.49587E+04
 61.0 5.41408E+04
 61.5 5.33339E+04
 62.0 5.25377E+04
 62.5 5.17522E+04
 63.0 5.09773E+04
 63.5 5.02126E+04
 64.0 4.94581E+04
 64.5 4.87135E+04
 65.0 4.79787E+04
 65.5 4.72535E+04
 66.0 4.65378E+04
 66.5 4.58313E+04
 67.0 1.68198E+05
 67.5 4.44453E+04
 68.0 4.37654E+04
 68.5 4.30941E+04
 69.0 7.50652E+04
 69.5 4.02226E+04
 70.0 3.19779E+04
 70.5 3.16728E+04
 71.0 3.13649E+04
 71.5 3.10544E+04
 72.0 3.07415E+04
 72.5 3.04261E+04
 73.0 3.01085E+04
 73.5 2.97886E+04
 74.0 2.94666E+04
 74.5 2.91426E+04
 75.0 2.88167E+04
 75.5 2.84889E+04
 76.0 2.81593E+04
 76.5 2.78280E+04
 77.0 2.74951E+04
 77.5 2.71606E+04
 78.0 2.68246E+04
 78.5 2.64873E+04
 79.0 2.61486E+04
 79.5 2.58086E+04
 80.0 2.54674E+04
 80.5 2.51251E+04
 81.0 2.47816E+04
 81.5 2.44372E+04
 82.0 2.40918E+04
 82.5 2.37454E+04
 83.0 2.33983E+04
 83.5 2.30503E+04
 84.0 2.27016E+04
 84.5 2.23521E+04
 85.0 2.20021E+04
 85.5 2.16514E+04
 86.0 2.13002E+04
 86.5 2.09485E+04
 87.0 2.05964E+04
 87.5 2.02438E+04
 88.0 1.98909E+04
 88.5 1.95376E+04
 89.0 1.91841E+04
 89.5 1.88303E+04
 90.0 1.84764E+04
 90.5 1.81222E+04
 91.0 1.77680E+04
 91.5 1.74137E+04
 92.0 1.70593E+04
 92.5 1.67049E+04
 93.0 1.63506E+04
 93.5 1.59963E+04
 94.0 1.56421E+04
 94.5 1.52881E+04
 95.0 1.49342E+04
 95.5 1.45806E+04
 96.0 1.42271E+04
 96.5 1.38740E+04
 97.0 1.35211E+04
 97.5 1.31686E+04
 98.0 1.28165E+04
 98.5 1.24647E+04
 99.0 1.21134E+04
 99.5 1.17626E+04
100.0 1.14122E+04
100.5 1.10623E+04
101.0 1.07130E+04
101.5 1.03643E+04
102.0 1.00162E+04
102.5 9.66878E+03
103.0 9.32199E+03
103.5 8.97590E+03
104.0 8.63054E+03
104.5 8.28594E+03
105.0 7.94212E+03
105.5 7.59912E+03
106.0 7.25696E+03
106.5 6.91568E+03
107.0 6.57529E+03
107.5 6.23583E+03
108.0 5.89733E+03
108.5 5.55981E+03
109.0 5.22331E+03
109.5 4.88785E+03
110.0 4.55346E+03
110.5 4.22017E+03
111.0 3.88800E+03
111.5 3.55699E+03
112.0 3.22716E+03
112.5 2.89854E+03
113.0 2.57116E+03
113.5 2.24504E+03
114.0 1.92022E+03
114.5 1.59672E+03
115.0 1.27457E+03
115.5 9.53806E+02
116.0 6.34446E+02
116.5 3.16522E+02
117.0 2.63409E+01
