117K20D0W2
  0.5 0.00000E+00
  1.0 0.00000E+00
  1.5 0.00000E+00
  2.0 0.00000E+00
  2.5 0.00000E+00
  3.0 0.00000E+00
  3.5 3.57580E+04
  4.0 4.61371E+04
  4.5 5.70561E+04
  5.0 6.85179E+04
  5.5 8.05334E+04
  6.0 9.31229E+04
  6.5 1.06320E+05
  7.0 1.20176E+05
  7.5 1.34767E+05
  8.0 1.50185E+05
  8.5 2.66672E+06
  9.0 1.83692E+05
  9.5 2.02752E+06
 10.0 1.68919E+06
 10.5 8.42651E+04
 11.0 9.06902E+04
 11.5 2.72538E+05
 12.0 6.96679E+04
 12.5 6.49034E+04
 13.0 6.89769E+04
 13.5 7.31515E+04
 14.0 7.74283E+04
 14.5 8.18044E+04
 15.0 8.62724E+04
 15.5 9.08183E+04
 16.0 9.54219E+04
 16.5 1.00056E+05
 17.0 1.04689E+05
 17.5 1.09285E+05
 18.0 1.13804E+05
 18.5 1.18207E+05
 19.0 1.22457E+05
 19.5 1.26518E+05
 20.0 1.30357E+05
 20.5 1.33948E+05
 21.0 1.37269E+05
 21.5 1.40302E+05
 22.0 1.43036E+05
 22.5 1.45463E+05
 23.0 1.47582E+05
 23.5 1.49394E+05
 24.0 1.50904E+05
 24.5 1.52120E+05
 25.0 1.53052E+05
 25.5 1.53713E+05
 26.0 1.54117E+05
 26.5 1.54278E+05
 27.0 1.54212E+05
 27.5 1.53934E+05
 28.0 1.53460E+05
 28.5 1.52806E+05
 29.0 1.51988E+05
 29.5 1.51019E+05
 30.0 1.49915E+05
 30.5 1.48689E+05
 31.0 1.47353E+05
 31.5 1.45921E+05
 32.0 1.44403E+05
 32.5 1.42811E+05
 33.0 1.41153E+05
 33.5 1.39441E+05
 34.0 1.37681E+05
 34.5 1.35882E+05
 35.0 1.34051E+05
 35.5 1.32195E+05
 36.0 1.30320E+05
 36.5 1.28431E+05
 37.0 1.26533E+05
 37.5 1.24630E+05
 38.0 1.22727E+05
 38.5 1.20828E+05
 39.0 1.18935E+05
 39.5 1.17051E+05
 40.0 1.15179E+05
 40.5 1.13322E+05
 41.0 1.11481E+05
 41.5 1.09658E+05
 42.0 1.07854E+05
 42.5 1.06071E+05
 43.0 1.04310E+05
 43.5 1.02573E+05
 44.0 1.00858E+05
 44.5 9.91686E+04
 45.0 9.75037E+04
 45.5 9.58641E+04
 46.0 9.42501E+04
 46.5 9.26619E+04
 47.0 9.10997E+04
 47.5 8.95635E+04
 48.0 8.80534E+04
 48.5 8.65691E+04
 49.0 8.51106E+04
 49.5 8.36778E+04
 50.0 8.22703E+04
 50.5 8.08879E+04
 51.0 7.95305E+04
 51.5 7.81975E+04
 52.0 7.68888E+04
 52.5 7.56039E+04
 53.0 7.43426E+04
 53.5 7.31042E+04
 54.0 7.18886E+04
 54.5 7.06952E+04
 55.0 6.95236E+04
 55.5 6.83735E+04
 56.0 6.72444E+04
 56.5 6.61358E+04
 57.0 6.50473E+04
 57.5 6.39786E+04
 58.0 2.89453E+05
 58.5 6.18983E+04
 59.0 6.08859E+04
 59.5 4.56590E+05
 60.0 5.89148E+04
 60.5 5.79551E+04
 61.0 5.70121E+04
 61.5 5.60854E+04
 62.0 5.51746E+04
 62.5 5.42793E+04
 63.0 5.33992E+04
 63.5 5.25338E+04
 64.0 5.16828E+04
 64.5 5.08457E+04
 65.0 5.00223E+04
 65.5 4.92122E+04
 66.0 4.84151E+04
 66.5 4.76305E+04
 67.0 1.79206E+05
 67.5 4.60979E+04
 68.0 4.53493E+04
 68.5 4.46119E+04
 69.0 7.87910E+04
 69.5 4.21612E+04
 70.0 3.65302E+04
 70.5 3.60666E+04
 71.0 3.56047E+04
 71.5 3.51445E+04
 72.0 3.46862E+04
 72.5 3.42296E+04
 73.0 3.37748E+04
 73.5 3.33219E+04
 74.0 3.28707E+04
 74.5 3.24212E+04
 75.0 3.19736E+04
 75.5 3.15278E+04
 76.0 3.10837E+04
 76.5 3.06415E+04
 77.0 3.02009E+04
 77.5 2.97622E+04
 78.0 2.93252E+04
 78.5 2.88899E+04
 79.0 2.84564E+04
 79.5 2.80246E+04
 80.0 2.75945E+04
 80.5 2.71661E+04
 81.0 2.67394E+04
 81.5 2.63143E+04
 82.0 2.58909E+04
 82.5 2.54692E+04
 83.0 2.50491E+04
 83.5 2.46307E+04
 84.0 2.42139E+04
 84.5 2.37986E+04
 85.0 2.33850E+04
 85.5 2.29729E+04
 86.0 2.25625E+04
 86.5 2.21535E+04
 87.0 2.17462E+04
 87.5 2.13403E+04
 88.0 2.09360E+04
 88.5 2.05332E+04
 89.0 2.01320E+04
 89.5 1.97322E+04
 90.0 1.93339E+04
 90.5 1.89371E+04
 91.0 1.85418E+04
 91.5 1.81479E+04
 92.0 1.77556E+04
 92.5 1.73646E+04
 93.0 1.69751E+04
 93.5 1.65871E+04
 94.0 1.62005E+04
 94.5 1.58153E+04
 95.0 1.54316E+04
 95.5 1.50493E+04
 96.0 1.46684E+04
 96.5 1.42890E+04
 97.0 1.39110E+04
 97.5 1.35344E+04
 98.0 1.31592E+04
 98.5 1.27854E+04
 99.0 1.24130E+04
 99.5 1.20421E+04
100.0 1.16726E+04
100.5 1.13045E+04
101.0 1.09379E+04
101.5 1.05727E+04
102.0 1.02089E+04
102.5 9.84653E+03
103.0 9.48563E+03
103.5 9.12617E+03
104.0 8.76816E+03
104.5 8.41162E+03
105.0 8.05653E+03
105.5 7.70293E+03
106.0 7.35080E+03
106.5 7.00017E+03
107.0 6.65102E+03
107.5 6.30339E+03
108.0 5.95728E+03
108.5 5.61269E+03
109.0 5.26963E+03
109.5 4.92813E+03
110.0 4.58818E+03
110.5 4.24981E+03
111.0 3.91301E+03
111.5 3.57782E+03
112.0 3.24423E+03
112.5 2.91227E+03
113.0 2.58194E+03
113.5 2.25327E+03
114.0 1.92626E+03
114.5 1.60093E+03
115.0 1.27730E+03
115.5 9.55381E+02
116.0 6.35193E+02
116.5 3.16752E+02
117.0 2.63529E+01
