117K22D0W2
  0.5 0.00000E+00
  1.0 0.00000E+00
  1.5 0.00000E+00
  2.0 0.00000E+00
  2.5 0.00000E+00
  3.0 0.00000E+00
  3.5 4.03796E+04
  4.0 5.18673E+04
  4.5 6.39803E+04
  5.0 7.67275E+04
  5.5 9.01279E+04
  6.0 1.04214E+05
  6.5 1.19037E+05
  7.0 1.34679E+05
  7.5 1.51248E+05
  8.0 1.68849E+05
  8.5 3.20829E+06
  9.0 2.07173E+05
  9.5 2.31603E+06
 10.0 1.92893E+06
 10.5 9.44497E+04
 11.0 1.01742E+05
 11.5 3.28343E+05
 12.0 7.80518E+04
 12.5 7.26980E+04
 13.0 7.73063E+04
 13.5 8.20378E+04
 14.0 8.68900E+04
 14.5 9.18535E+04
 15.0 9.69116E+04
 15.5 1.02039E+05
 16.0 1.07203E+05
 16.5 1.12362E+05
 17.0 1.17474E+05
 17.5 1.22490E+05
 18.0 1.27364E+05
 18.5 1.32050E+05
 19.0 1.36507E+05
 19.5 1.40698E+05
 20.0 1.44593E+05
 20.5 1.48169E+05
 21.0 1.51406E+05
 21.5 1.54295E+05
 22.0 1.56830E+05
 22.5 1.59010E+05
 23.0 1.60840E+05
 23.5 1.62328E+05
 24.0 1.63486E+05
 24.5 1.64327E+05
 25.0 1.64869E+05
 25.5 1.65127E+05
 26.0 1.65120E+05
 26.5 1.64867E+05
 27.0 1.64386E+05
 27.5 1.63696E+05
 28.0 1.62816E+05
 28.5 1.61762E+05
 29.0 1.60553E+05
 29.5 1.59203E+05
 30.0 1.57729E+05
 30.5 1.56144E+05
 31.0 1.54462E+05
 31.5 1.52696E+05
 32.0 1.50858E+05
 32.5 1.48958E+05
 33.0 1.47006E+05
 33.5 1.45011E+05
 34.0 1.42981E+05
 34.5 1.40925E+05
 35.0 1.38849E+05
 35.5 1.36759E+05
 36.0 1.34660E+05
 36.5 1.32559E+05
 37.0 1.30459E+05
 37.5 1.28365E+05
 38.0 1.26280E+05
 38.5 1.24207E+05
 39.0 1.22149E+05
 39.5 1.20110E+05
 40.0 1.18090E+05
 40.5 1.16091E+05
 41.0 1.14117E+05
 41.5 1.12166E+05
 42.0 1.10242E+05
 42.5 1.08345E+05
 43.0 1.06476E+05
 43.5 1.04635E+05
 44.0 1.02823E+05
 44.5 1.01041E+05
 45.0 9.92877E+04
 45.5 9.75644E+04
 46.0 9.58710E+04
 46.5 9.42073E+04
 47.0 9.25734E+04
 47.5 9.09691E+04
 48.0 8.93942E+04
 48.5 8.78484E+04
 49.0 8.63314E+04
 49.5 8.48430E+04
 50.0 8.33826E+04
 50.5 8.19499E+04
 51.0 8.05446E+04
 51.5 7.91661E+04
 52.0 7.78140E+04
 52.5 7.64878E+04
 53.0 7.51871E+04
 53.5 7.39114E+04
 54.0 7.26600E+04
 54.5 7.14326E+04
 55.0 7.02287E+04
 55.5 6.90477E+04
 56.0 6.78891E+04
 56.5 6.67524E+04
 57.0 6.56371E+04
 57.5 6.45428E+04
 58.0 2.93377E+05
 58.5 6.24148E+04
 59.0 6.13802E+04
 59.5 4.62644E+05
 60.0 5.93675E+04
 60.5 5.83884E+04
 61.0 5.74269E+04
 61.5 5.64825E+04
 62.0 5.55548E+04
 62.5 5.46434E+04
 63.0 5.37478E+04
 63.5 5.28676E+04
 64.0 5.20023E+04
 64.5 5.11518E+04
 65.0 5.03154E+04
 65.5 4.94929E+04
 66.0 4.86839E+04
 66.5 4.78880E+04
 67.0 1.80799E+05
 67.5 4.63341E+04
 68.0 4.55754E+04
 68.5 4.48285E+04
 69.0 7.93268E+04
 69.5 4.24461E+04
 70.0 3.72291E+04
 70.5 3.67394E+04
 71.0 3.62524E+04
 71.5 3.57680E+04
 72.0 3.52861E+04
 72.5 3.48068E+04
 73.0 3.43300E+04
 73.5 3.38557E+04
 74.0 3.33839E+04
 74.5 3.29146E+04
 75.0 3.24478E+04
 75.5 3.19833E+04
 76.0 3.15213E+04
 76.5 3.10616E+04
 77.0 3.06043E+04
 77.5 3.01493E+04
 78.0 2.96966E+04
 78.5 2.92462E+04
 79.0 2.87981E+04
 79.5 2.83521E+04
 80.0 2.79084E+04
 80.5 2.74668E+04
 81.0 2.70274E+04
 81.5 2.65901E+04
 82.0 2.61549E+04
 82.5 2.57217E+04
 83.0 2.52906E+04
 83.5 2.48616E+04
 84.0 2.44345E+04
 84.5 2.40094E+04
 85.0 2.35862E+04
 85.5 2.31650E+04
 86.0 2.27457E+04
 86.5 2.23283E+04
 87.0 2.19127E+04
 87.5 2.14989E+04
 88.0 2.10870E+04
 88.5 2.06769E+04
 89.0 2.02686E+04
 89.5 1.98621E+04
 90.0 1.94573E+04
 90.5 1.90542E+04
 91.0 1.86529E+04
 91.5 1.82533E+04
 92.0 1.78553E+04
 92.5 1.74591E+04
 93.0 1.70645E+04
 93.5 1.66715E+04
 94.0 1.62802E+04
 94.5 1.58906E+04
 95.0 1.55025E+04
 95.5 1.51161E+04
 96.0 1.47312E+04
 96.5 1.43480E+04
 97.0 1.39664E+04
 97.5 1.35863E+04
 98.0 1.32078E+04
 98.5 1.28309E+04
 99.0 1.24555E+04
 99.5 1.20817E+04
100.0 1.17095E+04
100.5 1.13388E+04
101.0 1.09697E+04
101.5 1.06021E+04
102.0 1.02361E+04
102.5 9.87161E+03
103.0 9.50869E+03
103.5 9.14734E+03
104.0 8.78754E+03
104.5 8.42930E+03
105.0 8.07263E+03
105.5 7.71752E+03
106.0 7.36399E+03
106.5 7.01203E+03
107.0 6.66166E+03
107.5 6.31287E+03
108.0 5.96568E+03
108.5 5.62010E+03
109.0 5.27612E+03
109.5 4.93377E+03
110.0 4.59304E+03
110.5 4.25395E+03
111.0 3.91651E+03
111.5 3.58073E+03
112.0 3.24662E+03
112.5 2.91419E+03
113.0 2.58345E+03
113.5 2.25441E+03
114.0 1.92710E+03
114.5 1.60152E+03
115.0 1.27768E+03
115.5 9.55601E+02
116.0 6.35297E+02
116.5 3.16784E+02
117.0 2.63546E+01
