118K08D0W2
  0.5 0.00000E+00
  1.0 0.00000E+00
  1.5 0.00000E+00
  2.0 0.00000E+00
  2.5 0.00000E+00
  3.0 0.00000E+00
  3.5 1.03970E+04
  4.0 1.45596E+04
  4.5 1.89070E+04
  5.0 2.34054E+04
  5.5 2.80407E+04
  6.0 3.28061E+04
  6.5 3.76974E+04
  7.0 4.27120E+04
  7.5 4.78481E+04
  8.0 5.31050E+04
  8.5 1.72836E+05
  9.0 6.39832E+04
  9.5 2.74371E+05
 10.0 2.34637E+05
 10.5 3.00373E+04
 11.0 3.22978E+04
 11.5 3.75258E+04
 12.0 2.48733E+04
 12.5 2.31845E+04
 13.0 2.46419E+04
 13.5 2.61142E+04
 14.0 2.76013E+04
 14.5 2.91030E+04
 15.0 3.06191E+04
 15.5 3.21496E+04
 16.0 3.36942E+04
 16.5 3.52530E+04
 17.0 3.68256E+04
 17.5 3.84121E+04
 18.0 4.00123E+04
 18.5 4.16258E+04
 19.0 4.32524E+04
 19.5 4.48912E+04
 20.0 4.65411E+04
 20.5 4.82008E+04
 21.0 4.98678E+04
 21.5 5.15396E+04
 22.0 5.32128E+04
 22.5 5.48832E+04
 23.0 5.65462E+04
 23.5 5.81964E+04
 24.0 5.98282E+04
 24.5 6.14354E+04
 25.0 6.30119E+04
 25.5 6.45513E+04
 26.0 6.60474E+04
 26.5 6.74943E+04
 27.0 6.88863E+04
 27.5 7.02181E+04
 28.0 7.14851E+04
 28.5 7.26832E+04
 29.0 7.38089E+04
 29.5 7.48593E+04
 30.0 7.58321E+04
 30.5 7.67258E+04
 31.0 7.75395E+04
 31.5 7.82726E+04
 32.0 7.89254E+04
 32.5 7.94984E+04
 33.0 7.99926E+04
 33.5 8.04096E+04
 34.0 8.07512E+04
 34.5 8.10194E+04
 35.0 8.12164E+04
 35.5 8.13450E+04
 36.0 8.14078E+04
 36.5 8.14076E+04
 37.0 8.13474E+04
 37.5 8.12300E+04
 38.0 8.10585E+04
 38.5 8.08359E+04
 39.0 8.05652E+04
 39.5 8.02493E+04
 40.0 7.98911E+04
 40.5 7.94934E+04
 41.0 7.90589E+04
 41.5 7.85904E+04
 42.0 7.80903E+04
 42.5 7.75612E+04
 43.0 7.70054E+04
 43.5 7.64252E+04
 44.0 7.58227E+04
 44.5 7.52000E+04
 45.0 7.45590E+04
 45.5 7.39015E+04
 46.0 7.32294E+04
 46.5 7.25442E+04
 47.0 7.18475E+04
 47.5 7.11407E+04
 48.0 7.04251E+04
 48.5 6.97022E+04
 49.0 6.89729E+04
 49.5 6.82385E+04
 50.0 6.74999E+04
 50.5 6.67581E+04
 51.0 6.60141E+04
 51.5 6.52685E+04
 52.0 6.45222E+04
 52.5 6.37759E+04
 53.0 6.30301E+04
 53.5 6.22856E+04
 54.0 6.15428E+04
 54.5 6.08021E+04
 55.0 6.00642E+04
 55.5 5.93293E+04
 56.0 5.85978E+04
 56.5 5.78702E+04
 57.0 5.71466E+04
 57.5 5.64273E+04
 58.0 2.39038E+05
 58.5 5.50026E+04
 59.0 5.42976E+04
 59.5 3.79249E+05
 60.0 5.29032E+04
 60.5 5.22140E+04
 61.0 5.15303E+04
 61.5 5.08522E+04
 62.0 5.01797E+04
 62.5 4.95129E+04
 63.0 4.88518E+04
 63.5 4.81965E+04
 64.0 4.75470E+04
 64.5 4.69032E+04
 65.0 4.62652E+04
 65.5 4.56330E+04
 66.0 4.50065E+04
 66.5 4.43857E+04
 67.0 1.59578E+05
 67.5 4.31612E+04
 68.0 4.25573E+04
 68.5 4.19589E+04
 69.0 7.22957E+04
 69.5 3.86386E+04
 70.0 2.75690E+04
 70.5 2.74100E+04
 71.0 2.72456E+04
 71.5 2.70760E+04
 72.0 2.69011E+04
 72.5 2.67211E+04
 73.0 2.65361E+04
 73.5 2.63461E+04
 74.0 2.61513E+04
 74.5 2.59518E+04
 75.0 2.57476E+04
 75.5 2.55389E+04
 76.0 2.53258E+04
 76.5 2.51082E+04
 77.0 2.48864E+04
 77.5 2.46605E+04
 78.0 2.44305E+04
 78.5 2.41966E+04
 79.0 2.39587E+04
 79.5 2.37171E+04
 80.0 2.34719E+04
 80.5 2.32230E+04
 81.0 2.29707E+04
 81.5 2.27150E+04
 82.0 2.24560E+04
 82.5 2.21937E+04
 83.0 2.19284E+04
 83.5 2.16600E+04
 84.0 2.13887E+04
 84.5 2.11146E+04
 85.0 2.08377E+04
 85.5 2.05581E+04
 86.0 2.02759E+04
 86.5 1.99912E+04
 87.0 1.97042E+04
 87.5 1.94147E+04
 88.0 1.91231E+04
 88.5 1.88292E+04
 89.0 1.85333E+04
 89.5 1.82353E+04
 90.0 1.79354E+04
 90.5 1.76336E+04
 91.0 1.73301E+04
 91.5 1.70248E+04
 92.0 1.67179E+04
 92.5 1.64094E+04
 93.0 1.60994E+04
 93.5 1.57880E+04
 94.0 1.54752E+04
 94.5 1.51611E+04
 95.0 1.48458E+04
 95.5 1.45293E+04
 96.0 1.42118E+04
 96.5 1.38932E+04
 97.0 1.35736E+04
 97.5 1.32532E+04
 98.0 1.29318E+04
 98.5 1.26097E+04
 99.0 1.22869E+04
 99.5 1.19634E+04
100.0 1.16393E+04
100.5 1.13147E+04
101.0 1.09895E+04
101.5 1.06639E+04
102.0 1.03379E+04
102.5 1.00116E+04
103.0 9.68505E+03
103.5 9.35824E+03
104.0 9.03125E+03
104.5 8.70415E+03
105.0 8.37697E+03
105.5 8.04977E+03
106.0 7.72261E+03
106.5 7.39552E+03
107.0 7.06856E+03
107.5 6.74178E+03
108.0 6.41522E+03
108.5 6.08893E+03
109.0 5.76295E+03
109.5 5.43734E+03
110.0 5.11214E+03
110.5 4.78739E+03
111.0 4.46314E+03
111.5 4.13943E+03
112.0 3.81631E+03
112.5 3.49382E+03
113.0 3.17200E+03
113.5 2.85090E+03
114.0 2.53055E+03
114.5 2.21100E+03
115.0 1.89230E+03
115.5 1.57448E+03
116.0 1.25758E+03
116.5 9.41649E+02
117.0 6.26723E+02
117.5 3.12842E+02
118.0 2.60434E+01
