118K06D0W2
  0.5 0.00000E+00
  1.0 0.00000E+00
  1.5 0.00000E+00
  2.0 0.00000E+00
  2.5 0.00000E+00
  3.0 0.00000E+00
  3.5 6.64028E+03
  4.0 9.77154E+03
  4.5 1.30715E+04
  5.0 1.64899E+04
  5.5 2.00052E+04
  6.0 2.36071E+04
  6.5 2.72899E+04
  7.0 3.10500E+04
  7.5 3.48848E+04
  8.0 3.87919E+04
  8.5 6.39165E+04
  9.0 4.68174E+04
  9.5 1.12654E+05
 10.0 9.95617E+04
 10.5 2.18840E+04
 11.0 2.35721E+04
 11.5 2.44706E+04
 12.0 1.81169E+04
 12.5 1.68824E+04
 13.0 1.79736E+04
 13.5 1.90734E+04
 14.0 2.01816E+04
 14.5 2.12978E+04
 15.0 2.24218E+04
 15.5 2.35535E+04
 16.0 2.46926E+04
 16.5 2.58389E+04
 17.0 2.69920E+04
 17.5 2.81519E+04
 18.0 2.93183E+04
 18.5 3.04908E+04
 19.0 3.16695E+04
 19.5 3.28539E+04
 20.0 3.40438E+04
 20.5 3.52390E+04
 21.0 3.64388E+04
 21.5 3.76429E+04
 22.0 3.88506E+04
 22.5 4.00608E+04
 23.0 4.12724E+04
 23.5 4.24841E+04
 24.0 4.36942E+04
 24.5 4.49004E+04
 25.0 4.61005E+04
 25.5 4.72919E+04
 26.0 4.84717E+04
 26.5 4.96368E+04
 27.0 5.07838E+04
 27.5 5.19096E+04
 28.0 5.30105E+04
 28.5 5.40832E+04
 29.0 5.51246E+04
 29.5 5.61313E+04
 30.0 5.71004E+04
 30.5 5.80291E+04
 31.0 5.89149E+04
 31.5 5.97556E+04
 32.0 6.05493E+04
 32.5 6.12944E+04
 33.0 6.19897E+04
 33.5 6.26342E+04
 34.0 6.32271E+04
 34.5 6.37683E+04
 35.0 6.42575E+04
 35.5 6.46950E+04
 36.0 6.50813E+04
 36.5 6.54169E+04
 37.0 6.57026E+04
 37.5 6.59397E+04
 38.0 6.61292E+04
 38.5 6.62723E+04
 39.0 6.63707E+04
 39.5 6.64257E+04
 40.0 6.64389E+04
 40.5 6.64120E+04
 41.0 6.63466E+04
 41.5 6.62445E+04
 42.0 6.61074E+04
 42.5 6.59369E+04
 43.0 6.57349E+04
 43.5 6.55029E+04
 44.0 6.52427E+04
 44.5 6.49559E+04
 45.0 6.46441E+04
 45.5 6.43088E+04
 46.0 6.39516E+04
 46.5 6.35739E+04
 47.0 6.31771E+04
 47.5 6.27625E+04
 48.0 6.23316E+04
 48.5 6.18855E+04
 49.0 6.14254E+04
 49.5 6.09525E+04
 50.0 6.04677E+04
 50.5 5.99723E+04
 51.0 5.94671E+04
 51.5 5.89531E+04
 52.0 5.84311E+04
 52.5 5.79020E+04
 53.0 5.73665E+04
 53.5 5.68255E+04
 54.0 5.62795E+04
 54.5 5.57292E+04
 55.0 5.51753E+04
 55.5 5.46183E+04
 56.0 5.40587E+04
 56.5 5.34971E+04
 57.0 5.29338E+04
 57.5 5.23694E+04
 58.0 2.12241E+05
 58.5 5.12386E+04
 59.0 5.06729E+04
 59.5 3.37309E+05
 60.0 4.95427E+04
 60.5 4.89787E+04
 61.0 4.84158E+04
 61.5 4.78541E+04
 62.0 4.72940E+04
 62.5 4.67356E+04
 63.0 4.61790E+04
 63.5 4.56245E+04
 64.0 4.50722E+04
 64.5 4.45221E+04
 65.0 4.39745E+04
 65.5 4.34294E+04
 66.0 4.28870E+04
 66.5 4.23472E+04
 67.0 1.47541E+05
 67.5 4.12760E+04
 68.0 4.07447E+04
 68.5 4.02163E+04
 69.0 6.81227E+04
 69.5 3.66419E+04
 70.0 2.37195E+04
 70.5 2.36563E+04
 71.0 2.35870E+04
 71.5 2.35116E+04
 72.0 2.34301E+04
 72.5 2.33425E+04
 73.0 2.32489E+04
 73.5 2.31493E+04
 74.0 2.30438E+04
 74.5 2.29323E+04
 75.0 2.28150E+04
 75.5 2.26919E+04
 76.0 2.25631E+04
 76.5 2.24287E+04
 77.0 2.22886E+04
 77.5 2.21431E+04
 78.0 2.19921E+04
 78.5 2.18357E+04
 79.0 2.16740E+04
 79.5 2.15072E+04
 80.0 2.13352E+04
 80.5 2.11582E+04
 81.0 2.09762E+04
 81.5 2.07894E+04
 82.0 2.05978E+04
 82.5 2.04015E+04
 83.0 2.02006E+04
 83.5 1.99953E+04
 84.0 1.97855E+04
 84.5 1.95715E+04
 85.0 1.93532E+04
 85.5 1.91308E+04
 86.0 1.89044E+04
 86.5 1.86741E+04
 87.0 1.84399E+04
 87.5 1.82020E+04
 88.0 1.79604E+04
 88.5 1.77153E+04
 89.0 1.74667E+04
 89.5 1.72148E+04
 90.0 1.69596E+04
 90.5 1.67013E+04
 91.0 1.64398E+04
 91.5 1.61754E+04
 92.0 1.59081E+04
 92.5 1.56379E+04
 93.0 1.53651E+04
 93.5 1.50896E+04
 94.0 1.48116E+04
 94.5 1.45311E+04
 95.0 1.42483E+04
 95.5 1.39631E+04
 96.0 1.36758E+04
 96.5 1.33864E+04
 97.0 1.30949E+04
 97.5 1.28016E+04
 98.0 1.25063E+04
 98.5 1.22093E+04
 99.0 1.19105E+04
 99.5 1.16102E+04
100.0 1.13083E+04
100.5 1.10049E+04
101.0 1.07001E+04
101.5 1.03941E+04
102.0 1.00868E+04
102.5 9.77827E+03
103.0 9.46870E+03
103.5 9.15810E+03
104.0 8.84655E+03
104.5 8.53412E+03
105.0 8.22088E+03
105.5 7.90689E+03
106.0 7.59223E+03
106.5 7.27696E+03
107.0 6.96114E+03
107.5 6.64485E+03
108.0 6.32814E+03
108.5 6.01109E+03
109.0 5.69375E+03
109.5 5.37618E+03
110.0 5.05845E+03
110.5 4.74061E+03
111.0 4.42274E+03
111.5 4.10488E+03
112.0 3.78709E+03
112.5 3.46944E+03
113.0 3.15198E+03
113.5 2.83477E+03
114.0 2.51786E+03
114.5 2.20131E+03
115.0 1.88517E+03
115.5 1.56950E+03
116.0 1.25435E+03
116.5 9.39781E+02
117.0 6.25835E+02
117.5 3.12568E+02
118.0 2.60291E+01
