118K19D0W2
  0.5 0.00000E+00
  1.0 0.00000E+00
  1.5 0.00000E+00
  2.0 0.00000E+00
  2.5 0.00000E+00
  3.0 0.00000E+00
  3.5 3.32521E+04
  4.0 4.30286E+04
  4.5 5.33018E+04
  5.0 6.40713E+04
  5.5 7.53444E+04
  6.0 8.71359E+04
  6.5 9.94704E+04
  7.0 1.12388E+05
  7.5 1.25946E+05
  8.0 1.40224E+05
  8.5 2.36816E+06
  9.0 1.71175E+05
  9.5 1.86850E+06
 10.0 1.55707E+06
 10.5 7.88463E+04
 11.0 8.48240E+04
 11.5 2.42263E+05
 12.0 6.52223E+04
 12.5 6.07748E+04
 13.0 6.45745E+04
 13.5 6.84640E+04
 14.0 7.24455E+04
 14.5 7.65187E+04
 15.0 8.06801E+04
 15.5 8.49210E+04
 16.0 8.92277E+04
 16.5 9.35805E+04
 17.0 9.79542E+04
 17.5 1.02319E+05
 18.0 1.06643E+05
 18.5 1.10890E+05
 19.0 1.15026E+05
 19.5 1.19016E+05
 20.0 1.22830E+05
 20.5 1.26438E+05
 21.0 1.29816E+05
 21.5 1.32945E+05
 22.0 1.35808E+05
 22.5 1.38397E+05
 23.0 1.40703E+05
 23.5 1.42724E+05
 24.0 1.44462E+05
 24.5 1.45921E+05
 25.0 1.47107E+05
 25.5 1.48030E+05
 26.0 1.48700E+05
 26.5 1.49130E+05
 27.0 1.49332E+05
 27.5 1.49321E+05
 28.0 1.49111E+05
 28.5 1.48715E+05
 29.0 1.48149E+05
 29.5 1.47425E+05
 30.0 1.46558E+05
 30.5 1.45560E+05
 31.0 1.44445E+05
 31.5 1.43223E+05
 32.0 1.41907E+05
 32.5 1.40508E+05
 33.0 1.39034E+05
 33.5 1.37496E+05
 34.0 1.35902E+05
 34.5 1.34260E+05
 35.0 1.32578E+05
 35.5 1.30862E+05
 36.0 1.29119E+05
 36.5 1.27355E+05
 37.0 1.25575E+05
 37.5 1.23783E+05
 38.0 1.21985E+05
 38.5 1.20183E+05
 39.0 1.18382E+05
 39.5 1.16585E+05
 40.0 1.14794E+05
 40.5 1.13012E+05
 41.0 1.11242E+05
 41.5 1.09485E+05
 42.0 1.07743E+05
 42.5 1.06018E+05
 43.0 1.04312E+05
 43.5 1.02624E+05
 44.0 1.00957E+05
 44.5 9.93110E+04
 45.0 9.76869E+04
 45.5 9.60853E+04
 46.0 9.45066E+04
 46.5 9.29513E+04
 47.0 9.14195E+04
 47.5 8.99116E+04
 48.0 8.84277E+04
 48.5 8.69677E+04
 49.0 8.55317E+04
 49.5 8.41196E+04
 50.0 8.27314E+04
 50.5 8.13668E+04
 51.0 8.00257E+04
 51.5 7.87078E+04
 52.0 7.74129E+04
 52.5 7.61408E+04
 53.0 7.48911E+04
 53.5 7.36635E+04
 54.0 7.24576E+04
 54.5 7.12731E+04
 55.0 7.01097E+04
 55.5 6.89670E+04
 56.0 6.78446E+04
 56.5 6.67421E+04
 57.0 6.56591E+04
 57.5 6.45953E+04
 58.0 2.95232E+05
 58.5 6.25234E+04
 59.0 6.15146E+04
 59.5 4.66533E+05
 60.0 5.95493E+04
 60.5 5.85919E+04
 61.0 5.76510E+04
 61.5 5.67261E+04
 62.0 5.58169E+04
 62.5 5.49228E+04
 63.0 5.40437E+04
 63.5 5.31792E+04
 64.0 5.23288E+04
 64.5 5.14922E+04
 65.0 5.06691E+04
 65.5 4.98592E+04
 66.0 4.90621E+04
 66.5 4.82775E+04
 67.0 1.83377E+05
 67.5 4.67445E+04
 68.0 4.59955E+04
 68.5 4.52577E+04
 69.0 8.03875E+04
 69.5 4.27165E+04
 70.0 3.66458E+04
 70.5 3.61980E+04
 71.0 3.57514E+04
 71.5 3.53063E+04
 72.0 3.48624E+04
 72.5 3.44199E+04
 73.0 3.39788E+04
 73.5 3.35391E+04
 74.0 3.31008E+04
 74.5 3.26640E+04
 75.0 3.22285E+04
 75.5 3.17945E+04
 76.0 3.13620E+04
 76.5 3.09309E+04
 77.0 3.05012E+04
 77.5 3.00730E+04
 78.0 2.96463E+04
 78.5 2.92210E+04
 79.0 2.87971E+04
 79.5 2.83747E+04
 80.0 2.79538E+04
 80.5 2.75343E+04
 81.0 2.71163E+04
 81.5 2.66997E+04
 82.0 2.62845E+04
 82.5 2.58707E+04
 83.0 2.54584E+04
 83.5 2.50475E+04
 84.0 2.46380E+04
 84.5 2.42300E+04
 85.0 2.38233E+04
 85.5 2.34180E+04
 86.0 2.30141E+04
 86.5 2.26116E+04
 87.0 2.22105E+04
 87.5 2.18108E+04
 88.0 2.14124E+04
 88.5 2.10154E+04
 89.0 2.06197E+04
 89.5 2.02254E+04
 90.0 1.98324E+04
 90.5 1.94408E+04
 91.0 1.90505E+04
 91.5 1.86616E+04
 92.0 1.82740E+04
 92.5 1.78877E+04
 93.0 1.75027E+04
 93.5 1.71191E+04
 94.0 1.67368E+04
 94.5 1.63558E+04
 95.0 1.59761E+04
 95.5 1.55977E+04
 96.0 1.52207E+04
 96.5 1.48449E+04
 97.0 1.44705E+04
 97.5 1.40974E+04
 98.0 1.37256E+04
 98.5 1.33551E+04
 99.0 1.29860E+04
 99.5 1.26181E+04
100.0 1.22516E+04
100.5 1.18865E+04
101.0 1.15226E+04
101.5 1.11601E+04
102.0 1.07990E+04
102.5 1.04391E+04
103.0 1.00807E+04
103.5 9.72357E+03
104.0 9.36783E+03
104.5 9.01345E+03
105.0 8.66046E+03
105.5 8.30885E+03
106.0 7.95863E+03
106.5 7.60982E+03
107.0 7.26242E+03
107.5 6.91644E+03
108.0 6.57189E+03
108.5 6.22878E+03
109.0 5.88712E+03
109.5 5.54693E+03
110.0 5.20820E+03
110.5 4.87097E+03
111.0 4.53523E+03
111.5 4.20101E+03
112.0 3.86831E+03
112.5 3.53714E+03
113.0 3.20753E+03
113.5 2.87949E+03
114.0 2.55302E+03
114.5 2.22815E+03
115.0 1.90489E+03
115.5 1.58326E+03
116.0 1.26327E+03
116.5 9.44940E+02
117.0 6.28285E+02
117.5 3.13323E+02
118.0 2.60685E+01
