118K18D0W2
  0.5 0.00000E+00
  1.0 0.00000E+00
  1.5 0.00000E+00
  2.0 0.00000E+00
  2.5 0.00000E+00
  3.0 0.00000E+00
  3.5 3.10383E+04
  4.0 4.02833E+04
  4.5 4.99870E+04
  5.0 6.01468E+04
  5.5 7.07671E+04
  6.0 8.18589E+04
  6.5 9.34408E+04
  7.0 1.05544E+05
  7.5 1.18214E+05
  8.0 1.31515E+05
  8.5 2.10414E+06
  9.0 1.60253E+05
  9.5 1.71679E+06
 10.0 1.43112E+06
 10.5 7.40426E+04
 11.0 7.96277E+04
 11.5 2.16244E+05
 12.0 6.12601E+04
 12.5 5.70877E+04
 13.0 6.06432E+04
 13.5 6.42782E+04
 14.0 6.79952E+04
 14.5 7.17949E+04
 15.0 7.56760E+04
 15.5 7.96332E+04
 16.0 8.36571E+04
 16.5 8.77332E+04
 17.0 9.18418E+04
 17.5 9.59591E+04
 18.0 1.00057E+05
 18.5 1.04106E+05
 19.0 1.08074E+05
 19.5 1.11929E+05
 20.0 1.15642E+05
 20.5 1.19185E+05
 21.0 1.22533E+05
 21.5 1.25664E+05
 22.0 1.28561E+05
 22.5 1.31212E+05
 23.0 1.33607E+05
 23.5 1.35741E+05
 24.0 1.37611E+05
 24.5 1.39220E+05
 25.0 1.40571E+05
 25.5 1.41670E+05
 26.0 1.42526E+05
 26.5 1.43148E+05
 27.0 1.43548E+05
 27.5 1.43737E+05
 28.0 1.43729E+05
 28.5 1.43535E+05
 29.0 1.43168E+05
 29.5 1.42643E+05
 30.0 1.41970E+05
 30.5 1.41163E+05
 31.0 1.40234E+05
 31.5 1.39194E+05
 32.0 1.38054E+05
 32.5 1.36824E+05
 33.0 1.35515E+05
 33.5 1.34135E+05
 34.0 1.32693E+05
 34.5 1.31198E+05
 35.0 1.29657E+05
 35.5 1.28076E+05
 36.0 1.26462E+05
 36.5 1.24821E+05
 37.0 1.23159E+05
 37.5 1.21480E+05
 38.0 1.19789E+05
 38.5 1.18090E+05
 39.0 1.16387E+05
 39.5 1.14682E+05
 40.0 1.12980E+05
 40.5 1.11283E+05
 41.0 1.09594E+05
 41.5 1.07913E+05
 42.0 1.06245E+05
 42.5 1.04589E+05
 43.0 1.02949E+05
 43.5 1.01324E+05
 44.0 9.97168E+04
 44.5 9.81278E+04
 45.0 9.65578E+04
 45.5 9.50078E+04
 46.0 9.34782E+04
 46.5 9.19696E+04
 47.0 9.04823E+04
 47.5 8.90168E+04
 48.0 8.75730E+04
 48.5 8.61515E+04
 49.0 8.47520E+04
 49.5 8.33747E+04
 50.0 8.20196E+04
 50.5 8.06865E+04
 51.0 7.93755E+04
 51.5 7.80863E+04
 52.0 7.68188E+04
 52.5 7.55726E+04
 53.0 7.43478E+04
 53.5 7.31438E+04
 54.0 7.19605E+04
 54.5 7.07976E+04
 55.0 6.96548E+04
 55.5 6.85316E+04
 56.0 6.74279E+04
 56.5 6.63433E+04
 57.0 6.52774E+04
 57.5 6.42298E+04
 58.0 2.92659E+05
 58.5 6.21884E+04
 59.0 6.11938E+04
 59.5 4.62554E+05
 60.0 5.92550E+04
 60.5 5.83101E+04
 61.0 5.73811E+04
 61.5 5.64675E+04
 62.0 5.55691E+04
 62.5 5.46855E+04
 63.0 5.38163E+04
 63.5 5.29613E+04
 64.0 5.21200E+04
 64.5 5.12922E+04
 65.0 5.04775E+04
 65.5 4.96755E+04
 66.0 4.88861E+04
 66.5 4.81088E+04
 67.0 1.82324E+05
 67.5 4.65896E+04
 68.0 4.58470E+04
 68.5 4.51155E+04
 69.0 8.00335E+04
 69.5 4.25315E+04
 70.0 3.61999E+04
 70.5 3.57681E+04
 71.0 3.53371E+04
 71.5 3.49069E+04
 72.0 3.44776E+04
 72.5 3.40493E+04
 73.0 3.36218E+04
 73.5 3.31954E+04
 74.0 3.27699E+04
 74.5 3.23455E+04
 75.0 3.19221E+04
 75.5 3.14997E+04
 76.0 3.10784E+04
 76.5 3.06582E+04
 77.0 3.02392E+04
 77.5 2.98212E+04
 78.0 2.94043E+04
 78.5 2.89886E+04
 79.0 2.85740E+04
 79.5 2.81606E+04
 80.0 2.77483E+04
 80.5 2.73372E+04
 81.0 2.69272E+04
 81.5 2.65184E+04
 82.0 2.61108E+04
 82.5 2.57043E+04
 83.0 2.52991E+04
 83.5 2.48950E+04
 84.0 2.44920E+04
 84.5 2.40903E+04
 85.0 2.36898E+04
 85.5 2.32904E+04
 86.0 2.28922E+04
 86.5 2.24952E+04
 87.0 2.20994E+04
 87.5 2.17047E+04
 88.0 2.13113E+04
 88.5 2.09190E+04
 89.0 2.05279E+04
 89.5 2.01380E+04
 90.0 1.97493E+04
 90.5 1.93618E+04
 91.0 1.89754E+04
 91.5 1.85902E+04
 92.0 1.82062E+04
 92.5 1.78235E+04
 93.0 1.74418E+04
 93.5 1.70614E+04
 94.0 1.66822E+04
 94.5 1.63042E+04
 95.0 1.59274E+04
 95.5 1.55517E+04
 96.0 1.51773E+04
 96.5 1.48041E+04
 97.0 1.44321E+04
 97.5 1.40613E+04
 98.0 1.36917E+04
 98.5 1.33233E+04
 99.0 1.29562E+04
 99.5 1.25903E+04
100.0 1.22256E+04
100.5 1.18622E+04
101.0 1.15000E+04
101.5 1.11391E+04
102.0 1.07794E+04
102.5 1.04211E+04
103.0 1.00640E+04
103.5 9.70816E+03
104.0 9.35364E+03
104.5 9.00043E+03
105.0 8.64854E+03
105.5 8.29796E+03
106.0 7.94873E+03
106.5 7.60083E+03
107.0 7.25430E+03
107.5 6.90913E+03
108.0 6.56534E+03
108.5 6.22293E+03
109.0 5.88194E+03
109.5 5.54235E+03
110.0 5.20420E+03
110.5 4.86749E+03
111.0 4.53223E+03
111.5 4.19845E+03
112.0 3.86615E+03
112.5 3.53535E+03
113.0 3.20606E+03
113.5 2.87830E+03
114.0 2.55209E+03
114.5 2.22744E+03
115.0 1.90437E+03
115.5 1.58290E+03
116.0 1.26304E+03
116.5 9.44804E+02
117.0 6.28220E+02
117.5 3.13303E+02
118.0 2.60675E+01
