118K10D0W2
  0.5 0.00000E+00
  1.0 0.00000E+00
  1.5 0.00000E+00
  2.0 0.00000E+00
  2.5 0.00000E+00
  3.0 0.00000E+00
  3.5 1.43101E+04
  4.0 1.94783E+04
  4.5 2.48664E+04
  5.0 3.04510E+04
  5.5 3.62223E+04
  6.0 4.21756E+04
  6.5 4.83085E+04
  7.0 5.46200E+04
  7.5 6.11108E+04
  8.0 6.77834E+04
  8.5 3.90497E+05
  9.0 8.16978E+04
  9.5 5.10423E+05
 10.0 4.30684E+05
 10.5 3.83661E+04
 11.0 4.12230E+04
 11.5 5.77751E+04
 12.0 3.17710E+04
 12.5 2.96166E+04
 13.0 3.14539E+04
 13.5 3.33144E+04
 14.0 3.51980E+04
 14.5 3.71047E+04
 15.0 3.90347E+04
 15.5 4.09881E+04
 16.0 4.29651E+04
 16.5 4.49658E+04
 17.0 4.69901E+04
 17.5 4.90379E+04
 18.0 5.11084E+04
 18.5 5.32002E+04
 19.0 5.53112E+04
 19.5 5.74382E+04
 20.0 5.95768E+04
 20.5 6.17215E+04
 21.0 6.38656E+04
 21.5 6.60013E+04
 22.0 6.81200E+04
 22.5 7.02125E+04
 23.0 7.22687E+04
 23.5 7.42789E+04
 24.0 7.62332E+04
 24.5 7.81221E+04
 25.0 7.99367E+04
 25.5 8.16687E+04
 26.0 8.33108E+04
 26.5 8.48568E+04
 27.0 8.63013E+04
 27.5 8.76401E+04
 28.0 8.88703E+04
 28.5 8.99895E+04
 29.0 9.09968E+04
 29.5 9.18920E+04
 30.0 9.26756E+04
 30.5 9.33493E+04
 31.0 9.39150E+04
 31.5 9.43754E+04
 32.0 9.47335E+04
 32.5 9.49931E+04
 33.0 9.51580E+04
 33.5 9.52324E+04
 34.0 9.52203E+04
 34.5 9.51266E+04
 35.0 9.49554E+04
 35.5 9.47114E+04
 36.0 9.43991E+04
 36.5 9.40230E+04
 37.0 9.35875E+04
 37.5 9.30968E+04
 38.0 9.25551E+04
 38.5 9.19664E+04
 39.0 9.13346E+04
 39.5 9.06633E+04
 40.0 8.99561E+04
 40.5 8.92164E+04
 41.0 8.84474E+04
 41.5 8.76519E+04
 42.0 8.68330E+04
 42.5 8.59934E+04
 43.0 8.51354E+04
 43.5 8.42615E+04
 44.0 8.33739E+04
 44.5 8.24746E+04
 45.0 8.15656E+04
 45.5 8.06485E+04
 46.0 7.97252E+04
 46.5 7.87970E+04
 47.0 7.78655E+04
 47.5 7.69319E+04
 48.0 7.59974E+04
 48.5 7.50630E+04
 49.0 7.41299E+04
 49.5 7.31988E+04
 50.0 7.22707E+04
 50.5 7.13462E+04
 51.0 7.04261E+04
 51.5 6.95111E+04
 52.0 6.86015E+04
 52.5 6.76980E+04
 53.0 6.68009E+04
 53.5 6.59107E+04
 54.0 6.50278E+04
 54.5 6.41523E+04
 55.0 6.32846E+04
 55.5 6.24249E+04
 56.0 6.15734E+04
 56.5 6.07302E+04
 57.0 5.98955E+04
 57.5 5.90694E+04
 58.0 2.56901E+05
 58.5 5.74432E+04
 59.0 5.66432E+04
 59.5 4.07088E+05
 60.0 5.50695E+04
 60.5 5.42959E+04
 61.0 5.35309E+04
 61.5 5.27746E+04
 62.0 5.20270E+04
 62.5 5.12879E+04
 63.0 5.05573E+04
 63.5 4.98351E+04
 64.0 4.91213E+04
 64.5 4.84158E+04
 65.0 4.77183E+04
 65.5 4.70289E+04
 66.0 4.63474E+04
 66.5 4.56737E+04
 67.0 1.67338E+05
 67.5 4.43493E+04
 68.0 4.36983E+04
 68.5 4.30546E+04
 69.0 7.49560E+04
 69.5 3.99465E+04
 70.0 3.03055E+04
 70.5 3.00681E+04
 71.0 2.98265E+04
 71.5 2.95810E+04
 72.0 2.93316E+04
 72.5 2.90784E+04
 73.0 2.88215E+04
 73.5 2.85611E+04
 74.0 2.82972E+04
 74.5 2.80300E+04
 75.0 2.77595E+04
 75.5 2.74858E+04
 76.0 2.72091E+04
 76.5 2.69294E+04
 77.0 2.66468E+04
 77.5 2.63614E+04
 78.0 2.60733E+04
 78.5 2.57826E+04
 79.0 2.54894E+04
 79.5 2.51937E+04
 80.0 2.48957E+04
 80.5 2.45955E+04
 81.0 2.42930E+04
 81.5 2.39884E+04
 82.0 2.36818E+04
 82.5 2.33733E+04
 83.0 2.30628E+04
 83.5 2.27506E+04
 84.0 2.24366E+04
 84.5 2.21210E+04
 85.0 2.18037E+04
 85.5 2.14850E+04
 86.0 2.11648E+04
 86.5 2.08432E+04
 87.0 2.05202E+04
 87.5 2.01961E+04
 88.0 1.98707E+04
 88.5 1.95441E+04
 89.0 1.92165E+04
 89.5 1.88879E+04
 90.0 1.85583E+04
 90.5 1.82278E+04
 91.0 1.78964E+04
 91.5 1.75643E+04
 92.0 1.72314E+04
 92.5 1.68978E+04
 93.0 1.65636E+04
 93.5 1.62288E+04
 94.0 1.58934E+04
 94.5 1.55576E+04
 95.0 1.52214E+04
 95.5 1.48847E+04
 96.0 1.45477E+04
 96.5 1.42104E+04
 97.0 1.38728E+04
 97.5 1.35351E+04
 98.0 1.31972E+04
 98.5 1.28591E+04
 99.0 1.25210E+04
 99.5 1.21829E+04
100.0 1.18447E+04
100.5 1.15066E+04
101.0 1.11686E+04
101.5 1.08308E+04
102.0 1.04931E+04
102.5 1.01556E+04
103.0 9.81840E+03
103.5 9.48147E+03
104.0 9.14487E+03
104.5 8.80863E+03
105.0 8.47280E+03
105.5 8.13741E+03
106.0 7.80250E+03
106.5 7.46811E+03
107.0 7.13427E+03
107.5 6.80102E+03
108.0 6.46839E+03
108.5 6.13642E+03
109.0 5.80515E+03
109.5 5.47460E+03
110.0 5.14482E+03
110.5 4.81584E+03
111.0 4.48769E+03
111.5 4.16041E+03
112.0 3.83404E+03
112.5 3.50860E+03
113.0 3.18413E+03
113.5 2.86066E+03
114.0 2.53823E+03
114.5 2.21686E+03
115.0 1.89661E+03
115.5 1.57748E+03
116.0 1.25953E+03
116.5 9.42776E+02
117.0 6.27258E+02
117.5 3.13007E+02
118.0 2.60520E+01
