118K17D0W2
  0.5 0.00000E+00
  1.0 0.00000E+00
  1.5 0.00000E+00
  2.0 0.00000E+00
  2.5 0.00000E+00
  3.0 0.00000E+00
  3.5 2.88541E+04
  4.0 3.75742E+04
  4.5 4.67166E+04
  5.0 5.62766E+04
  5.5 6.62564E+04
  6.0 7.66633E+04
  6.5 8.75113E+04
  7.0 9.88236E+04
  7.5 1.10636E+05
  8.0 1.22999E+05
  8.5 1.84571E+06
  9.0 1.49606E+05
  9.5 1.56313E+06
 10.0 1.30360E+06
 10.5 6.93282E+04
 11.0 7.45341E+04
 11.5 1.91194E+05
 12.0 5.73694E+04
 12.5 5.34661E+04
 13.0 5.67850E+04
 13.5 6.01739E+04
 14.0 6.36351E+04
 14.5 6.71698E+04
 15.0 7.07782E+04
 15.5 7.44575E+04
 16.0 7.82016E+04
 16.5 8.20006E+04
 17.0 8.58398E+04
 17.5 8.97006E+04
 18.0 9.35604E+04
 18.5 9.73938E+04
 19.0 1.01173E+05
 19.5 1.04871E+05
 20.0 1.08458E+05
 20.5 1.11908E+05
 21.0 1.15197E+05
 21.5 1.18303E+05
 22.0 1.21207E+05
 22.5 1.23895E+05
 23.0 1.26355E+05
 23.5 1.28578E+05
 24.0 1.30561E+05
 24.5 1.32301E+05
 25.0 1.33800E+05
 25.5 1.35062E+05
 26.0 1.36092E+05
 26.5 1.36898E+05
 27.0 1.37488E+05
 27.5 1.37873E+05
 28.0 1.38062E+05
 28.5 1.38068E+05
 29.0 1.37901E+05
 29.5 1.37575E+05
 30.0 1.37099E+05
 30.5 1.36485E+05
 31.0 1.35746E+05
 31.5 1.34892E+05
 32.0 1.33933E+05
 32.5 1.32879E+05
 33.0 1.31740E+05
 33.5 1.30525E+05
 34.0 1.29242E+05
 34.5 1.27900E+05
 35.0 1.26506E+05
 35.5 1.25067E+05
 36.0 1.23590E+05
 36.5 1.22079E+05
 37.0 1.20542E+05
 37.5 1.18983E+05
 38.0 1.17406E+05
 38.5 1.15816E+05
 39.0 1.14217E+05
 39.5 1.12613E+05
 40.0 1.11006E+05
 40.5 1.09399E+05
 41.0 1.07796E+05
 41.5 1.06198E+05
 42.0 1.04608E+05
 42.5 1.03028E+05
 43.0 1.01458E+05
 43.5 9.99018E+04
 44.0 9.83592E+04
 44.5 9.68319E+04
 45.0 9.53207E+04
 45.5 9.38266E+04
 46.0 9.23502E+04
 46.5 9.08924E+04
 47.0 8.94534E+04
 47.5 8.80339E+04
 48.0 8.66341E+04
 48.5 8.52542E+04
 49.0 8.38946E+04
 49.5 8.25552E+04
 50.0 8.12363E+04
 50.5 7.99377E+04
 51.0 7.86596E+04
 51.5 7.74017E+04
 52.0 7.61640E+04
 52.5 7.49464E+04
 53.0 7.37487E+04
 53.5 7.25707E+04
 54.0 7.14121E+04
 54.5 7.02729E+04
 55.0 6.91525E+04
 55.5 6.80510E+04
 56.0 6.69678E+04
 56.5 6.59028E+04
 57.0 6.48556E+04
 57.5 6.38260E+04
 58.0 2.89821E+05
 58.5 6.18180E+04
 59.0 6.08391E+04
 59.5 4.58164E+05
 60.0 5.89295E+04
 60.5 5.79983E+04
 61.0 5.70824E+04
 61.5 5.61813E+04
 62.0 5.52949E+04
 62.5 5.44228E+04
 63.0 5.35646E+04
 63.5 5.27200E+04
 64.0 5.18888E+04
 64.5 5.10706E+04
 65.0 5.02651E+04
 65.5 4.94720E+04
 66.0 4.86910E+04
 66.5 4.79218E+04
 67.0 1.81159E+05
 67.5 4.64179E+04
 68.0 4.56824E+04
 68.5 4.49578E+04
 69.0 7.96415E+04
 69.5 4.23274E+04
 70.0 3.57117E+04
 70.5 3.52972E+04
 71.0 3.48829E+04
 71.5 3.44690E+04
 72.0 3.40556E+04
 72.5 3.36425E+04
 73.0 3.32300E+04
 73.5 3.28179E+04
 74.0 3.24064E+04
 74.5 3.19955E+04
 75.0 3.15852E+04
 75.5 3.11755E+04
 76.0 3.07666E+04
 76.5 3.03583E+04
 77.0 2.99507E+04
 77.5 2.95439E+04
 78.0 2.91379E+04
 78.5 2.87326E+04
 79.0 2.83282E+04
 79.5 2.79245E+04
 80.0 2.75217E+04
 80.5 2.71198E+04
 81.0 2.67187E+04
 81.5 2.63184E+04
 82.0 2.59191E+04
 82.5 2.55207E+04
 83.0 2.51231E+04
 83.5 2.47265E+04
 84.0 2.43308E+04
 84.5 2.39360E+04
 85.0 2.35422E+04
 85.5 2.31493E+04
 86.0 2.27574E+04
 86.5 2.23665E+04
 87.0 2.19765E+04
 87.5 2.15875E+04
 88.0 2.11994E+04
 88.5 2.08124E+04
 89.0 2.04263E+04
 89.5 2.00413E+04
 90.0 1.96572E+04
 90.5 1.92742E+04
 91.0 1.88922E+04
 91.5 1.85112E+04
 92.0 1.81312E+04
 92.5 1.77523E+04
 93.0 1.73744E+04
 93.5 1.69975E+04
 94.0 1.66217E+04
 94.5 1.62470E+04
 95.0 1.58733E+04
 95.5 1.55007E+04
 96.0 1.51292E+04
 96.5 1.47588E+04
 97.0 1.43894E+04
 97.5 1.40212E+04
 98.0 1.36540E+04
 98.5 1.32880E+04
 99.0 1.29231E+04
 99.5 1.25593E+04
100.0 1.21967E+04
100.5 1.18352E+04
101.0 1.14749E+04
101.5 1.11157E+04
102.0 1.07578E+04
102.5 1.04010E+04
103.0 1.00454E+04
103.5 9.69103E+03
104.0 9.33788E+03
104.5 8.98596E+03
105.0 8.63528E+03
105.5 8.28586E+03
106.0 7.93771E+03
106.5 7.59084E+03
107.0 7.24527E+03
107.5 6.90100E+03
108.0 6.55805E+03
108.5 6.21644E+03
109.0 5.87617E+03
109.5 5.53727E+03
110.0 5.19975E+03
110.5 4.86362E+03
111.0 4.52890E+03
111.5 4.19560E+03
112.0 3.86374E+03
112.5 3.53334E+03
113.0 3.20442E+03
113.5 2.87698E+03
114.0 2.55105E+03
114.5 2.22665E+03
115.0 1.90379E+03
115.5 1.58249E+03
116.0 1.26277E+03
116.5 9.44653E+02
117.0 6.28149E+02
117.5 3.13281E+02
118.0 2.60663E+01
