118K15D0W2
  0.5 0.00000E+00
  1.0 0.00000E+00
  1.5 0.00000E+00
  2.0 0.00000E+00
  2.5 0.00000E+00
  3.0 0.00000E+00
  3.5 2.45694E+04
  4.0 3.22565E+04
  4.5 4.02985E+04
  5.0 4.86863E+04
  5.5 5.74180E+04
  6.0 6.64961E+04
  6.5 7.59271E+04
  7.0 8.57230E+04
  7.5 9.59031E+04
  8.0 1.06497E+05
  8.5 1.35353E+06
  9.0 1.29091E+05
  9.5 1.25229E+06
 10.0 1.04575E+06
 10.5 6.01434E+04
 11.0 6.46281E+04
 11.5 1.44669E+05
 12.0 4.97837E+04
 12.5 4.64024E+04
 13.0 4.92693E+04
 13.5 5.21892E+04
 14.0 5.51637E+04
 14.5 5.81942E+04
 15.0 6.12819E+04
 15.5 6.44268E+04
 16.0 6.76272E+04
 16.5 7.08795E+04
 17.0 7.41768E+04
 17.5 7.75097E+04
 18.0 8.08649E+04
 18.5 8.42266E+04
 19.0 8.75762E+04
 19.5 9.08930E+04
 20.0 9.41553E+04
 20.5 9.73411E+04
 21.0 1.00428E+05
 21.5 1.03396E+05
 22.0 1.06227E+05
 22.5 1.08902E+05
 23.0 1.11407E+05
 23.5 1.13732E+05
 24.0 1.15866E+05
 24.5 1.17803E+05
 25.0 1.19540E+05
 25.5 1.21074E+05
 26.0 1.22407E+05
 26.5 1.23541E+05
 27.0 1.24480E+05
 27.5 1.25230E+05
 28.0 1.25797E+05
 28.5 1.26189E+05
 29.0 1.26414E+05
 29.5 1.26481E+05
 30.0 1.26399E+05
 30.5 1.26178E+05
 31.0 1.25827E+05
 31.5 1.25354E+05
 32.0 1.24770E+05
 32.5 1.24084E+05
 33.0 1.23303E+05
 33.5 1.22437E+05
 34.0 1.21492E+05
 34.5 1.20478E+05
 35.0 1.19401E+05
 35.5 1.18268E+05
 36.0 1.17085E+05
 36.5 1.15858E+05
 37.0 1.14594E+05
 37.5 1.13297E+05
 38.0 1.11971E+05
 38.5 1.10623E+05
 39.0 1.09255E+05
 39.5 1.07871E+05
 40.0 1.06476E+05
 40.5 1.05072E+05
 41.0 1.03662E+05
 41.5 1.02249E+05
 42.0 1.00835E+05
 42.5 9.94231E+04
 43.0 9.80146E+04
 43.5 9.66116E+04
 44.0 9.52156E+04
 44.5 9.38281E+04
 45.0 9.24504E+04
 45.5 9.10835E+04
 46.0 8.97287E+04
 46.5 8.83866E+04
 47.0 8.70582E+04
 47.5 8.57441E+04
 48.0 8.44448E+04
 48.5 8.31609E+04
 49.0 8.18928E+04
 49.5 8.06408E+04
 50.0 7.94051E+04
 50.5 7.81861E+04
 51.0 7.69838E+04
 51.5 7.57983E+04
 52.0 7.46298E+04
 52.5 7.34781E+04
 53.0 7.23434E+04
 53.5 7.12256E+04
 54.0 7.01245E+04
 54.5 6.90401E+04
 55.0 6.79722E+04
 55.5 6.69207E+04
 56.0 6.58854E+04
 56.5 6.48662E+04
 57.0 6.38627E+04
 57.5 6.28749E+04
 58.0 2.83164E+05
 58.5 6.09451E+04
 59.0 6.00027E+04
 59.5 4.47858E+05
 60.0 5.81617E+04
 60.5 5.72625E+04
 61.0 5.63772E+04
 61.5 5.55055E+04
 62.0 5.46471E+04
 62.5 5.38019E+04
 63.0 5.29694E+04
 63.5 5.21496E+04
 64.0 5.13419E+04
 64.5 5.05464E+04
 65.0 4.97626E+04
 65.5 4.89903E+04
 66.0 4.82292E+04
 66.5 4.74792E+04
 67.0 1.78410E+05
 67.5 4.60111E+04
 68.0 4.52925E+04
 68.5 4.45839E+04
 69.0 7.87148E+04
 69.5 4.18481E+04
 70.0 3.45801E+04
 70.5 3.42049E+04
 71.0 3.38289E+04
 71.5 3.34521E+04
 72.0 3.30747E+04
 72.5 3.26966E+04
 73.0 3.23180E+04
 73.5 3.19389E+04
 74.0 3.15594E+04
 74.5 3.11795E+04
 75.0 3.07993E+04
 75.5 3.04188E+04
 76.0 3.00381E+04
 76.5 2.96573E+04
 77.0 2.92763E+04
 77.5 2.88953E+04
 78.0 2.85142E+04
 78.5 2.81332E+04
 79.0 2.77521E+04
 79.5 2.73712E+04
 80.0 2.69903E+04
 80.5 2.66096E+04
 81.0 2.62291E+04
 81.5 2.58488E+04
 82.0 2.54687E+04
 82.5 2.50889E+04
 83.0 2.47094E+04
 83.5 2.43301E+04
 84.0 2.39513E+04
 84.5 2.35728E+04
 85.0 2.31947E+04
 85.5 2.28170E+04
 86.0 2.24397E+04
 86.5 2.20629E+04
 87.0 2.16866E+04
 87.5 2.13107E+04
 88.0 2.09354E+04
 88.5 2.05606E+04
 89.0 2.01864E+04
 89.5 1.98128E+04
 90.0 1.94397E+04
 90.5 1.90673E+04
 91.0 1.86954E+04
 91.5 1.83242E+04
 92.0 1.79537E+04
 92.5 1.75839E+04
 93.0 1.72147E+04
 93.5 1.68462E+04
 94.0 1.64785E+04
 94.5 1.61115E+04
 95.0 1.57453E+04
 95.5 1.53798E+04
 96.0 1.50152E+04
 96.5 1.46513E+04
 97.0 1.42882E+04
 97.5 1.39260E+04
 98.0 1.35647E+04
 98.5 1.32042E+04
 99.0 1.28445E+04
 99.5 1.24858E+04
100.0 1.21280E+04
100.5 1.17711E+04
101.0 1.14152E+04
101.5 1.10602E+04
102.0 1.07063E+04
102.5 1.03533E+04
103.0 1.00013E+04
103.5 9.65030E+03
104.0 9.30039E+03
104.5 8.95153E+03
105.0 8.60375E+03
105.5 8.25707E+03
106.0 7.91150E+03
106.5 7.56706E+03
107.0 7.22377E+03
107.5 6.88164E+03
108.0 6.54070E+03
108.5 6.20096E+03
109.0 5.86244E+03
109.5 5.52516E+03
110.0 5.18914E+03
110.5 4.85439E+03
111.0 4.52094E+03
111.5 4.18881E+03
112.0 3.85801E+03
112.5 3.52857E+03
113.0 3.20051E+03
113.5 2.87384E+03
114.0 2.54858E+03
114.5 2.22477E+03
115.0 1.90241E+03
115.5 1.58153E+03
116.0 1.26215E+03
116.5 9.44292E+02
117.0 6.27977E+02
117.5 3.13229E+02
118.0 2.60636E+01
