118K11D0W2
  0.5 0.00000E+00
  1.0 0.00000E+00
  1.5 0.00000E+00
  2.0 0.00000E+00
  2.5 0.00000E+00
  3.0 0.00000E+00
  3.5 1.63106E+04
  4.0 2.19791E+04
  4.5 2.78899E+04
  5.0 3.40234E+04
  5.5 4.03714E+04
  6.0 4.69304E+04
  6.5 5.36989E+04
  7.0 6.06774E+04
  7.5 6.78686E+04
  8.0 7.52778E+04
  8.5 5.40452E+05
  9.0 9.07920E+04
  9.5 6.47347E+05
 10.0 5.44236E+05
 10.5 4.26045E+04
 11.0 4.57700E+04
 11.5 7.11181E+04
 12.0 3.52794E+04
 12.5 3.28873E+04
 13.0 3.49207E+04
 13.5 3.69821E+04
 14.0 3.90715E+04
 14.5 4.11893E+04
 15.0 4.33357E+04
 15.5 4.55111E+04
 16.0 4.77158E+04
 16.5 4.99500E+04
 17.0 5.22134E+04
 17.5 5.45054E+04
 18.0 5.68241E+04
 18.5 5.91667E+04
 19.0 6.15293E+04
 19.5 6.39061E+04
 20.0 6.62901E+04
 20.5 6.86729E+04
 21.0 7.10444E+04
 21.5 7.33938E+04
 22.0 7.57097E+04
 22.5 7.79800E+04
 23.0 8.01927E+04
 23.5 8.23360E+04
 24.0 8.43990E+04
 24.5 8.63712E+04
 25.0 8.82436E+04
 25.5 9.00078E+04
 26.0 9.16573E+04
 26.5 9.31867E+04
 27.0 9.45918E+04
 27.5 9.58698E+04
 28.0 9.70193E+04
 28.5 9.80398E+04
 29.0 9.89320E+04
 29.5 9.96975E+04
 30.0 1.00339E+05
 30.5 1.00859E+05
 31.0 1.01262E+05
 31.5 1.01551E+05
 32.0 1.01732E+05
 32.5 1.01810E+05
 33.0 1.01789E+05
 33.5 1.01675E+05
 34.0 1.01473E+05
 34.5 1.01189E+05
 35.0 1.00828E+05
 35.5 1.00395E+05
 36.0 9.98961E+04
 36.5 9.93352E+04
 37.0 9.87177E+04
 37.5 9.80483E+04
 38.0 9.73314E+04
 38.5 9.65713E+04
 39.0 9.57722E+04
 39.5 9.49379E+04
 40.0 9.40721E+04
 40.5 9.31782E+04
 41.0 9.22595E+04
 41.5 9.13191E+04
 42.0 9.03598E+04
 42.5 8.93843E+04
 43.0 8.83950E+04
 43.5 8.73942E+04
 44.0 8.63842E+04
 44.5 8.53668E+04
 45.0 8.43440E+04
 45.5 8.33173E+04
 46.0 8.22884E+04
 46.5 8.12586E+04
 47.0 8.02293E+04
 47.5 7.92016E+04
 48.0 7.81767E+04
 48.5 7.71554E+04
 49.0 7.61387E+04
 49.5 7.51274E+04
 50.0 7.41221E+04
 50.5 7.31236E+04
 51.0 7.21324E+04
 51.5 7.11490E+04
 52.0 7.01739E+04
 52.5 6.92074E+04
 53.0 6.82500E+04
 53.5 6.73018E+04
 54.0 6.63631E+04
 54.5 6.54342E+04
 55.0 6.45152E+04
 55.5 6.36063E+04
 56.0 6.27075E+04
 56.5 6.18191E+04
 57.0 6.09408E+04
 57.5 6.00729E+04
 58.0 2.63767E+05
 58.5 5.83682E+04
 59.0 5.75313E+04
 59.5 4.17765E+05
 60.0 5.58881E+04
 60.5 5.50817E+04
 61.0 5.42854E+04
 61.5 5.34990E+04
 62.0 5.27225E+04
 62.5 5.19556E+04
 63.0 5.11984E+04
 63.5 5.04506E+04
 64.0 4.97122E+04
 64.5 4.89830E+04
 65.0 4.82628E+04
 65.5 4.75516E+04
 66.0 4.68492E+04
 66.5 4.61553E+04
 67.0 1.70269E+05
 67.5 4.47930E+04
 68.0 4.41241E+04
 68.5 4.34633E+04
 69.0 7.59554E+04
 69.5 4.04457E+04
 70.0 3.13941E+04
 70.5 3.11232E+04
 71.0 3.08490E+04
 71.5 3.05714E+04
 72.0 3.02907E+04
 72.5 3.00068E+04
 73.0 2.97200E+04
 73.5 2.94303E+04
 74.0 2.91378E+04
 74.5 2.88426E+04
 75.0 2.85448E+04
 75.5 2.82445E+04
 76.0 2.79418E+04
 76.5 2.76368E+04
 77.0 2.73295E+04
 77.5 2.70200E+04
 78.0 2.67085E+04
 78.5 2.63950E+04
 79.0 2.60795E+04
 79.5 2.57622E+04
 80.0 2.54431E+04
 80.5 2.51224E+04
 81.0 2.48000E+04
 81.5 2.44761E+04
 82.0 2.41506E+04
 82.5 2.38238E+04
 83.0 2.34956E+04
 83.5 2.31661E+04
 84.0 2.28354E+04
 84.5 2.25036E+04
 85.0 2.21706E+04
 85.5 2.18366E+04
 86.0 2.15016E+04
 86.5 2.11657E+04
 87.0 2.08288E+04
 87.5 2.04912E+04
 88.0 2.01528E+04
 88.5 1.98137E+04
 89.0 1.94739E+04
 89.5 1.91335E+04
 90.0 1.87925E+04
 90.5 1.84510E+04
 91.0 1.81090E+04
 91.5 1.77666E+04
 92.0 1.74238E+04
 92.5 1.70807E+04
 93.0 1.67372E+04
 93.5 1.63936E+04
 94.0 1.60497E+04
 94.5 1.57056E+04
 95.0 1.53614E+04
 95.5 1.50171E+04
 96.0 1.46728E+04
 96.5 1.43284E+04
 97.0 1.39841E+04
 97.5 1.36398E+04
 98.0 1.32957E+04
 98.5 1.29517E+04
 99.0 1.26078E+04
 99.5 1.22642E+04
100.0 1.19208E+04
100.5 1.15777E+04
101.0 1.12349E+04
101.5 1.08925E+04
102.0 1.05504E+04
102.5 1.02088E+04
103.0 9.86763E+03
103.5 9.52694E+03
104.0 9.18677E+03
104.5 8.84715E+03
105.0 8.50811E+03
105.5 8.16969E+03
106.0 7.83192E+03
106.5 7.49482E+03
107.0 7.15844E+03
107.5 6.82279E+03
108.0 6.48793E+03
108.5 6.15386E+03
109.0 5.82063E+03
109.5 5.48827E+03
110.0 5.15681E+03
110.5 4.82627E+03
111.0 4.49669E+03
111.5 4.16810E+03
112.0 3.84053E+03
112.5 3.51401E+03
113.0 3.18856E+03
113.5 2.86423E+03
114.0 2.54103E+03
114.5 2.21901E+03
115.0 1.89818E+03
115.5 1.57858E+03
116.0 1.26024E+03
116.5 9.43187E+02
117.0 6.27453E+02
117.5 3.13067E+02
118.0 2.60551E+01
