118K22D0W2
  0.5 0.00000E+00
  1.0 0.00000E+00
  1.5 0.00000E+00
  2.0 0.00000E+00
  2.5 0.00000E+00
  3.0 0.00000E+00
  3.5 4.00876E+04
  4.0 5.15040E+04
  4.5 6.35412E+04
  5.0 7.62073E+04
  5.5 8.95205E+04
  6.0 1.03512E+05
  6.5 1.18231E+05
  7.0 1.33757E+05
  7.5 1.50194E+05
  8.0 1.67649E+05
  8.5 3.17893E+06
  9.0 2.05677E+05
  9.5 2.30873E+06
 10.0 1.92279E+06
 10.5 9.38579E+04
 11.0 1.01102E+05
 11.5 3.24773E+05
 12.0 7.75891E+04
 12.5 7.22760E+04
 13.0 7.68590E+04
 13.5 8.15651E+04
 14.0 8.63923E+04
 14.5 9.13328E+04
 15.0 9.63711E+04
 15.5 1.01484E+05
 16.0 1.06639E+05
 16.5 1.11798E+05
 17.0 1.16917E+05
 17.5 1.21951E+05
 18.0 1.26853E+05
 18.5 1.31577E+05
 19.0 1.36081E+05
 19.5 1.40328E+05
 20.0 1.44287E+05
 20.5 1.47933E+05
 21.0 1.51247E+05
 21.5 1.54216E+05
 22.0 1.56834E+05
 22.5 1.59099E+05
 23.0 1.61016E+05
 23.5 1.62590E+05
 24.0 1.63833E+05
 24.5 1.64757E+05
 25.0 1.65379E+05
 25.5 1.65715E+05
 26.0 1.65783E+05
 26.5 1.65601E+05
 27.0 1.65187E+05
 27.5 1.64560E+05
 28.0 1.63738E+05
 28.5 1.62739E+05
 29.0 1.61580E+05
 29.5 1.60277E+05
 30.0 1.58844E+05
 30.5 1.57298E+05
 31.0 1.55651E+05
 31.5 1.53917E+05
 32.0 1.52106E+05
 32.5 1.50230E+05
 33.0 1.48299E+05
 33.5 1.46323E+05
 34.0 1.44309E+05
 34.5 1.42266E+05
 35.0 1.40201E+05
 35.5 1.38119E+05
 36.0 1.36027E+05
 36.5 1.33930E+05
 37.0 1.31833E+05
 37.5 1.29740E+05
 38.0 1.27655E+05
 38.5 1.25580E+05
 39.0 1.23519E+05
 39.5 1.21475E+05
 40.0 1.19450E+05
 40.5 1.17445E+05
 41.0 1.15463E+05
 41.5 1.13505E+05
 42.0 1.11573E+05
 42.5 1.09666E+05
 43.0 1.07787E+05
 43.5 1.05936E+05
 44.0 1.04113E+05
 44.5 1.02320E+05
 45.0 1.00555E+05
 45.5 9.88203E+04
 46.0 9.71149E+04
 46.5 9.54391E+04
 47.0 9.37929E+04
 47.5 9.21762E+04
 48.0 9.05888E+04
 48.5 8.90304E+04
 49.0 8.75009E+04
 49.5 8.59998E+04
 50.0 8.45268E+04
 50.5 8.30816E+04
 51.0 8.16638E+04
 51.5 8.02729E+04
 52.0 7.89085E+04
 52.5 7.75701E+04
 53.0 7.62573E+04
 53.5 7.49695E+04
 54.0 7.37063E+04
 54.5 7.24672E+04
 55.0 7.12518E+04
 55.5 7.00594E+04
 56.0 6.88896E+04
 56.5 6.77419E+04
 57.0 6.66158E+04
 57.5 6.55107E+04
 58.0 3.01701E+05
 58.5 6.33620E+04
 59.0 6.23174E+04
 59.5 4.76529E+05
 60.0 6.02851E+04
 60.5 5.92965E+04
 61.0 5.83257E+04
 61.5 5.73723E+04
 62.0 5.64357E+04
 62.5 5.55156E+04
 63.0 5.46115E+04
 63.5 5.37230E+04
 64.0 5.28498E+04
 64.5 5.19913E+04
 65.0 5.11473E+04
 65.5 5.03173E+04
 66.0 4.95010E+04
 66.5 4.86980E+04
 67.0 1.86011E+05
 67.5 4.71305E+04
 68.0 4.63653E+04
 68.5 4.56121E+04
 69.0 8.12712E+04
 69.5 4.31812E+04
 70.0 3.77795E+04
 70.5 3.72903E+04
 71.0 3.68038E+04
 71.5 3.63197E+04
 72.0 3.58383E+04
 72.5 3.53595E+04
 73.0 3.48832E+04
 73.5 3.44094E+04
 74.0 3.39381E+04
 74.5 3.34694E+04
 75.0 3.30031E+04
 75.5 3.25392E+04
 76.0 3.20778E+04
 76.5 3.16188E+04
 77.0 3.11621E+04
 77.5 3.07078E+04
 78.0 3.02558E+04
 78.5 2.98061E+04
 79.0 2.93587E+04
 79.5 2.89136E+04
 80.0 2.84706E+04
 80.5 2.80299E+04
 81.0 2.75913E+04
 81.5 2.71549E+04
 82.0 2.67206E+04
 82.5 2.62883E+04
 83.0 2.58582E+04
 83.5 2.54301E+04
 84.0 2.50040E+04
 84.5 2.45799E+04
 85.0 2.41578E+04
 85.5 2.37376E+04
 86.0 2.33193E+04
 86.5 2.29030E+04
 87.0 2.24885E+04
 87.5 2.20759E+04
 88.0 2.16651E+04
 88.5 2.12561E+04
 89.0 2.08490E+04
 89.5 2.04436E+04
 90.0 2.00400E+04
 90.5 1.96381E+04
 91.0 1.92380E+04
 91.5 1.88396E+04
 92.0 1.84429E+04
 92.5 1.80478E+04
 93.0 1.76545E+04
 93.5 1.72627E+04
 94.0 1.68727E+04
 94.5 1.64842E+04
 95.0 1.60974E+04
 95.5 1.57122E+04
 96.0 1.53286E+04
 96.5 1.49466E+04
 97.0 1.45661E+04
 97.5 1.41873E+04
 98.0 1.38100E+04
 98.5 1.34343E+04
 99.0 1.30601E+04
 99.5 1.26874E+04
100.0 1.23164E+04
100.5 1.19468E+04
101.0 1.15788E+04
101.5 1.12124E+04
102.0 1.08474E+04
102.5 1.04840E+04
103.0 1.01222E+04
103.5 9.76183E+03
104.0 9.40303E+03
104.5 9.04577E+03
105.0 8.69004E+03
105.5 8.33585E+03
106.0 7.98321E+03
106.5 7.63211E+03
107.0 7.28256E+03
107.5 6.93456E+03
108.0 6.58813E+03
108.5 6.24326E+03
109.0 5.89997E+03
109.5 5.55825E+03
110.0 5.21812E+03
110.5 4.87959E+03
111.0 4.54266E+03
111.5 4.20735E+03
112.0 3.87366E+03
112.5 3.54160E+03
113.0 3.21118E+03
113.5 2.88242E+03
114.0 2.55533E+03
114.5 2.22991E+03
115.0 1.90618E+03
115.5 1.58416E+03
116.0 1.26385E+03
116.5 9.45276E+02
117.0 6.28444E+02
117.5 3.13372E+02
118.0 2.60711E+01
