118K21D0W2
  0.5 0.00000E+00
  1.0 0.00000E+00
  1.5 0.00000E+00
  2.0 0.00000E+00
  2.5 0.00000E+00
  3.0 0.00000E+00
  3.5 3.77750E+04
  4.0 4.86366E+04
  4.5 6.00758E+04
  5.0 7.20977E+04
  5.5 8.47163E+04
  6.0 9.79564E+04
  6.5 1.11858E+05
  7.0 1.26484E+05
  7.5 1.41924E+05
  8.0 1.58277E+05
  8.5 2.90679E+06
  9.0 1.93880E+05
  9.5 2.16468E+06
 10.0 1.80308E+06
 10.5 8.87471E+04
 11.0 9.55536E+04
 11.5 2.96648E+05
 12.0 7.33814E+04
 12.5 6.83640E+04
 13.0 7.26771E+04
 13.5 7.71019E+04
 14.0 8.16387E+04
 14.5 8.62829E+04
 15.0 9.10240E+04
 15.5 9.58441E+04
 16.0 1.00718E+05
 16.5 1.05615E+05
 17.0 1.10496E+05
 17.5 1.15322E+05
 18.0 1.20049E+05
 18.5 1.24635E+05
 19.0 1.29040E+05
 19.5 1.33226E+05
 20.0 1.37162E+05
 20.5 1.40821E+05
 21.0 1.44181E+05
 21.5 1.47228E+05
 22.0 1.49950E+05
 22.5 1.52343E+05
 23.0 1.54407E+05
 23.5 1.56147E+05
 24.0 1.57569E+05
 24.5 1.58683E+05
 25.0 1.59503E+05
 25.5 1.60042E+05
 26.0 1.60317E+05
 26.5 1.60342E+05
 27.0 1.60137E+05
 27.5 1.59716E+05
 28.0 1.59098E+05
 28.5 1.58299E+05
 29.0 1.57335E+05
 29.5 1.56222E+05
 30.0 1.54974E+05
 30.5 1.53607E+05
 31.0 1.52132E+05
 31.5 1.50564E+05
 32.0 1.48912E+05
 32.5 1.47189E+05
 33.0 1.45405E+05
 33.5 1.43569E+05
 34.0 1.41689E+05
 34.5 1.39774E+05
 35.0 1.37830E+05
 35.5 1.35864E+05
 36.0 1.33883E+05
 36.5 1.31891E+05
 37.0 1.29894E+05
 37.5 1.27896E+05
 38.0 1.25900E+05
 38.5 1.23911E+05
 39.0 1.21932E+05
 39.5 1.19965E+05
 40.0 1.18013E+05
 40.5 1.16078E+05
 41.0 1.14162E+05
 41.5 1.12267E+05
 42.0 1.10394E+05
 42.5 1.08544E+05
 43.0 1.06718E+05
 43.5 1.04918E+05
 44.0 1.03144E+05
 44.5 1.01396E+05
 45.0 9.96748E+04
 45.5 9.79811E+04
 46.0 9.63149E+04
 46.5 9.46764E+04
 47.0 9.30655E+04
 47.5 9.14824E+04
 48.0 8.99269E+04
 48.5 8.83989E+04
 49.0 8.68982E+04
 49.5 8.54245E+04
 50.0 8.39776E+04
 50.5 8.25572E+04
 51.0 8.11630E+04
 51.5 7.97946E+04
 52.0 7.84515E+04
 52.5 7.71335E+04
 53.0 7.58400E+04
 53.5 7.45707E+04
 54.0 7.33251E+04
 54.5 7.21028E+04
 55.0 7.09033E+04
 55.5 6.97261E+04
 56.0 6.85708E+04
 56.5 6.74370E+04
 57.0 6.63241E+04
 57.5 6.52317E+04
 58.0 2.99726E+05
 58.5 6.31065E+04
 59.0 6.20728E+04
 59.5 4.73478E+05
 60.0 6.00609E+04
 60.5 5.90820E+04
 61.0 5.81203E+04
 61.5 5.71756E+04
 62.0 5.62473E+04
 62.5 5.53352E+04
 63.0 5.44387E+04
 63.5 5.35575E+04
 64.0 5.26912E+04
 64.5 5.18395E+04
 65.0 5.10018E+04
 65.5 5.01780E+04
 66.0 4.93675E+04
 66.5 4.85701E+04
 67.0 1.85209E+05
 67.5 4.70131E+04
 68.0 4.62529E+04
 68.5 4.55044E+04
 69.0 8.10023E+04
 69.5 4.30393E+04
 70.0 3.74313E+04
 70.5 3.69550E+04
 71.0 3.64808E+04
 71.5 3.60088E+04
 72.0 3.55390E+04
 72.5 3.50714E+04
 73.0 3.46060E+04
 73.5 3.41427E+04
 74.0 3.36816E+04
 74.5 3.32227E+04
 75.0 3.27659E+04
 75.5 3.23113E+04
 76.0 3.18587E+04
 76.5 3.14083E+04
 77.0 3.09600E+04
 77.5 3.05137E+04
 78.0 3.00695E+04
 78.5 2.96273E+04
 79.0 2.91871E+04
 79.5 2.87489E+04
 80.0 2.83128E+04
 80.5 2.78786E+04
 81.0 2.74463E+04
 81.5 2.70159E+04
 82.0 2.65875E+04
 82.5 2.61609E+04
 83.0 2.57362E+04
 83.5 2.53134E+04
 84.0 2.48924E+04
 84.5 2.44732E+04
 85.0 2.40558E+04
 85.5 2.36402E+04
 86.0 2.32263E+04
 86.5 2.28142E+04
 87.0 2.24038E+04
 87.5 2.19951E+04
 88.0 2.15881E+04
 88.5 2.11828E+04
 89.0 2.07792E+04
 89.5 2.03772E+04
 90.0 1.99768E+04
 90.5 1.95781E+04
 91.0 1.91810E+04
 91.5 1.87854E+04
 92.0 1.83915E+04
 92.5 1.79991E+04
 93.0 1.76083E+04
 93.5 1.72191E+04
 94.0 1.68313E+04
 94.5 1.64452E+04
 95.0 1.60605E+04
 95.5 1.56774E+04
 96.0 1.52958E+04
 96.5 1.49157E+04
 97.0 1.45371E+04
 97.5 1.41600E+04
 98.0 1.37844E+04
 98.5 1.34102E+04
 99.0 1.30376E+04
 99.5 1.26664E+04
100.0 1.22967E+04
100.5 1.19285E+04
101.0 1.15618E+04
101.5 1.11965E+04
102.0 1.08327E+04
102.5 1.04704E+04
103.0 1.01096E+04
103.5 9.75022E+03
104.0 9.39235E+03
104.5 9.03596E+03
105.0 8.68107E+03
105.5 8.32766E+03
106.0 7.97575E+03
106.5 7.62535E+03
107.0 7.27645E+03
107.5 6.92906E+03
108.0 6.58320E+03
108.5 6.23887E+03
109.0 5.89607E+03
109.5 5.55482E+03
110.0 5.21512E+03
110.5 4.87698E+03
111.0 4.54041E+03
111.5 4.20543E+03
112.0 3.87204E+03
112.5 3.54025E+03
113.0 3.21008E+03
113.5 2.88153E+03
114.0 2.55463E+03
114.5 2.22938E+03
115.0 1.90579E+03
115.5 1.58389E+03
116.0 1.26368E+03
116.5 9.45174E+02
117.0 6.28396E+02
117.5 3.13357E+02
118.0 2.60703E+01
