119K09D0W2
  0.5 0.00000E+00
  1.0 0.00000E+00
  1.5 0.00000E+00
  2.0 0.00000E+00
  2.5 0.00000E+00
  3.0 0.00000E+00
  3.5 1.22360E+04
  4.0 1.68751E+04
  4.5 2.17143E+04
  5.0 2.67252E+04
  5.5 3.18962E+04
  6.0 3.72215E+04
  6.5 4.26977E+04
  7.0 4.83227E+04
  7.5 5.40958E+04
  8.0 6.00174E+04
  8.5 2.58251E+05
  9.0 7.23160E+04
  9.5 3.75931E+05
 10.0 3.19098E+05
 10.5 3.39804E+04
 11.0 3.65240E+04
 11.5 4.58918E+04
 12.0 2.81469E+04
 12.5 2.62399E+04
 13.0 2.78789E+04
 13.5 2.95368E+04
 14.0 3.12135E+04
 14.5 3.29089E+04
 15.0 3.46229E+04
 15.5 3.63555E+04
 16.0 3.81068E+04
 16.5 3.98766E+04
 17.0 4.16651E+04
 17.5 4.34721E+04
 18.0 4.52974E+04
 18.5 4.71406E+04
 19.0 4.90007E+04
 19.5 5.08763E+04
 20.0 5.27652E+04
 20.5 5.46645E+04
 21.0 5.65703E+04
 21.5 5.84779E+04
 22.0 6.03818E+04
 22.5 6.22756E+04
 23.0 6.41521E+04
 23.5 6.60039E+04
 24.0 6.78231E+04
 24.5 6.96018E+04
 25.0 7.13321E+04
 25.5 7.30063E+04
 26.0 7.46172E+04
 26.5 7.61582E+04
 27.0 7.76232E+04
 27.5 7.90072E+04
 28.0 8.03055E+04
 28.5 8.15146E+04
 29.0 8.26319E+04
 29.5 8.36552E+04
 30.0 8.45834E+04
 30.5 8.54161E+04
 31.0 8.61535E+04
 31.5 8.67966E+04
 32.0 8.73466E+04
 32.5 8.78056E+04
 33.0 8.81759E+04
 33.5 8.84601E+04
 34.0 8.86612E+04
 34.5 8.87825E+04
 35.0 8.88274E+04
 35.5 8.87993E+04
 36.0 8.87021E+04
 36.5 8.85392E+04
 37.0 8.83144E+04
 37.5 8.80315E+04
 38.0 8.76941E+04
 38.5 8.73056E+04
 39.0 8.68697E+04
 39.5 8.63897E+04
 40.0 8.58689E+04
 40.5 8.53106E+04
 41.0 8.47177E+04
 41.5 8.40932E+04
 42.0 8.34399E+04
 42.5 8.27605E+04
 43.0 8.20574E+04
 43.5 8.13331E+04
 44.0 8.05897E+04
 44.5 7.98295E+04
 45.0 7.90544E+04
 45.5 7.82663E+04
 46.0 7.74670E+04
 46.5 7.66581E+04
 47.0 7.58411E+04
 47.5 7.50175E+04
 48.0 7.41885E+04
 48.5 7.33555E+04
 49.0 7.25195E+04
 49.5 7.16816E+04
 50.0 7.08428E+04
 50.5 7.00040E+04
 51.0 6.91658E+04
 51.5 6.83292E+04
 52.0 6.74948E+04
 52.5 6.66633E+04
 53.0 6.58351E+04
 53.5 6.50109E+04
 54.0 6.41910E+04
 54.5 6.33759E+04
 55.0 6.25660E+04
 55.5 6.17616E+04
 56.0 6.09629E+04
 56.5 6.01703E+04
 57.0 5.93840E+04
 57.5 5.86042E+04
 58.0 2.54646E+05
 58.5 5.70647E+04
 59.0 5.63052E+04
 59.5 4.04411E+05
 60.0 5.48074E+04
 60.5 5.40692E+04
 61.0 5.33382E+04
 61.5 5.26145E+04
 62.0 5.18979E+04
 62.5 5.11886E+04
 63.0 5.04865E+04
 63.5 4.97917E+04
 64.0 4.91040E+04
 64.5 4.84234E+04
 65.0 4.77499E+04
 65.5 4.70834E+04
 66.0 4.64239E+04
 66.5 4.57713E+04
 67.0 1.67989E+05
 67.5 4.44864E+04
 68.0 4.38539E+04
 68.5 4.32281E+04
 69.0 7.53604E+04
 69.5 3.99470E+04
 70.0 2.93037E+04
 70.5 2.91089E+04
 71.0 2.89093E+04
 71.5 2.87050E+04
 72.0 2.84961E+04
 72.5 2.82827E+04
 73.0 2.80650E+04
 73.5 2.78430E+04
 74.0 2.76168E+04
 74.5 2.73865E+04
 75.0 2.71523E+04
 75.5 2.69143E+04
 76.0 2.66724E+04
 76.5 2.64269E+04
 77.0 2.61778E+04
 77.5 2.59252E+04
 78.0 2.56692E+04
 78.5 2.54100E+04
 79.0 2.51475E+04
 79.5 2.48819E+04
 80.0 2.46134E+04
 80.5 2.43419E+04
 81.0 2.40675E+04
 81.5 2.37904E+04
 82.0 2.35107E+04
 82.5 2.32283E+04
 83.0 2.29435E+04
 83.5 2.26562E+04
 84.0 2.23666E+04
 84.5 2.20748E+04
 85.0 2.17808E+04
 85.5 2.14847E+04
 86.0 2.11865E+04
 86.5 2.08864E+04
 87.0 2.05845E+04
 87.5 2.02807E+04
 88.0 1.99752E+04
 88.5 1.96681E+04
 89.0 1.93594E+04
 89.5 1.90491E+04
 90.0 1.87374E+04
 90.5 1.84243E+04
 91.0 1.81099E+04
 91.5 1.77942E+04
 92.0 1.74773E+04
 92.5 1.71592E+04
 93.0 1.68401E+04
 93.5 1.65200E+04
 94.0 1.61989E+04
 94.5 1.58769E+04
 95.0 1.55541E+04
 95.5 1.52304E+04
 96.0 1.49061E+04
 96.5 1.45810E+04
 97.0 1.42553E+04
 97.5 1.39291E+04
 98.0 1.36023E+04
 98.5 1.32751E+04
 99.0 1.29474E+04
 99.5 1.26193E+04
100.0 1.22910E+04
100.5 1.19623E+04
101.0 1.16334E+04
101.5 1.13044E+04
102.0 1.09752E+04
102.5 1.06459E+04
103.0 1.03165E+04
103.5 9.98721E+03
104.0 9.65792E+03
104.5 9.32872E+03
105.0 8.99964E+03
105.5 8.67074E+03
106.0 8.34205E+03
106.5 8.01362E+03
107.0 7.68548E+03
107.5 7.35768E+03
108.0 7.03026E+03
108.5 6.70326E+03
109.0 6.37671E+03
109.5 6.05066E+03
110.0 5.72515E+03
110.5 5.40021E+03
111.0 5.07588E+03
111.5 4.75221E+03
112.0 4.42921E+03
112.5 4.10695E+03
113.0 3.78545E+03
113.5 3.46475E+03
114.0 3.14488E+03
114.5 2.82588E+03
115.0 2.50780E+03
115.5 2.19065E+03
116.0 1.87449E+03
116.5 1.55934E+03
117.0 1.24524E+03
117.5 9.32228E+02
118.0 6.20336E+02
118.5 3.09598E+02
119.0 2.57706E+01
