119K08D0W2
  0.5 0.00000E+00
  1.0 0.00000E+00
  1.5 0.00000E+00
  2.0 0.00000E+00
  2.5 0.00000E+00
  3.0 0.00000E+00
  3.5 1.03086E+04
  4.0 1.44463E+04
  4.5 1.87685E+04
  5.0 2.32412E+04
  5.5 2.78502E+04
  6.0 3.25887E+04
  6.5 3.74526E+04
  7.0 4.24392E+04
  7.5 4.75466E+04
  8.0 5.27741E+04
  8.5 1.66645E+05
  9.0 6.35908E+04
  9.5 2.67235E+05
 10.0 2.28739E+05
 10.5 2.98635E+04
 11.0 3.21137E+04
 11.5 3.70386E+04
 12.0 2.47359E+04
 12.5 2.30585E+04
 13.0 2.45103E+04
 13.5 2.59771E+04
 14.0 2.74588E+04
 14.5 2.89553E+04
 15.0 3.04663E+04
 15.5 3.19917E+04
 16.0 3.35314E+04
 16.5 3.50853E+04
 17.0 3.66532E+04
 17.5 3.82351E+04
 18.0 3.98308E+04
 18.5 4.14401E+04
 19.0 4.30627E+04
 19.5 4.46978E+04
 20.0 4.63444E+04
 20.5 4.80013E+04
 21.0 4.96663E+04
 21.5 5.13368E+04
 22.0 5.30098E+04
 22.5 5.46811E+04
 23.0 5.63464E+04
 23.5 5.80005E+04
 24.0 5.96378E+04
 24.5 6.12524E+04
 25.0 6.28381E+04
 25.5 6.43886E+04
 26.0 6.58978E+04
 26.5 6.73597E+04
 27.0 6.87685E+04
 27.5 7.01189E+04
 28.0 7.14061E+04
 28.5 7.26259E+04
 29.0 7.37746E+04
 29.5 7.48492E+04
 30.0 7.58473E+04
 30.5 7.67671E+04
 31.0 7.76074E+04
 31.5 7.83677E+04
 32.0 7.90479E+04
 32.5 7.96484E+04
 33.0 8.01702E+04
 33.5 8.06145E+04
 34.0 8.09831E+04
 34.5 8.12779E+04
 35.0 8.15012E+04
 35.5 8.16553E+04
 36.0 8.17429E+04
 36.5 8.17668E+04
 37.0 8.17298E+04
 37.5 8.16348E+04
 38.0 8.14849E+04
 38.5 8.12828E+04
 39.0 8.10317E+04
 39.5 8.07345E+04
 40.0 8.03940E+04
 40.5 8.00130E+04
 41.0 7.95944E+04
 41.5 7.91408E+04
 42.0 7.86547E+04
 42.5 7.81386E+04
 43.0 7.75950E+04
 43.5 7.70261E+04
 44.0 7.64341E+04
 44.5 7.58210E+04
 45.0 7.51890E+04
 45.5 7.45397E+04
 46.0 7.38750E+04
 46.5 7.31966E+04
 47.0 7.25061E+04
 47.5 7.18047E+04
 48.0 7.10941E+04
 48.5 7.03755E+04
 49.0 6.96501E+04
 49.5 6.89191E+04
 50.0 6.81834E+04
 50.5 6.74440E+04
 51.0 6.67020E+04
 51.5 6.59580E+04
 52.0 6.52130E+04
 52.5 6.44676E+04
 53.0 6.37224E+04
 53.5 6.29782E+04
 54.0 6.22354E+04
 54.5 6.14946E+04
 55.0 6.07562E+04
 55.5 6.00206E+04
 56.0 5.92883E+04
 56.5 5.85596E+04
 57.0 5.78348E+04
 57.5 5.71142E+04
 58.0 2.44462E+05
 58.5 5.56865E+04
 59.0 5.49798E+04
 59.5 3.88504E+05
 60.0 5.35817E+04
 60.5 5.28906E+04
 61.0 5.22049E+04
 61.5 5.15247E+04
 62.0 5.08501E+04
 62.5 5.01812E+04
 63.0 4.95180E+04
 63.5 4.88605E+04
 64.0 4.82088E+04
 64.5 4.75629E+04
 65.0 4.69227E+04
 65.5 4.62883E+04
 66.0 4.56597E+04
 66.5 4.50368E+04
 67.0 1.63528E+05
 67.5 4.38080E+04
 68.0 4.32021E+04
 68.5 4.26017E+04
 69.0 7.38315E+04
 69.5 3.92069E+04
 70.0 2.77864E+04
 70.5 2.76332E+04
 71.0 2.74746E+04
 71.5 2.73107E+04
 72.0 2.71416E+04
 72.5 2.69674E+04
 73.0 2.67882E+04
 73.5 2.66040E+04
 74.0 2.64150E+04
 74.5 2.62213E+04
 75.0 2.60229E+04
 75.5 2.58199E+04
 76.0 2.56125E+04
 76.5 2.54008E+04
 77.0 2.51847E+04
 77.5 2.49645E+04
 78.0 2.47402E+04
 78.5 2.45120E+04
 79.0 2.42798E+04
 79.5 2.40438E+04
 80.0 2.38042E+04
 80.5 2.35609E+04
 81.0 2.33142E+04
 81.5 2.30640E+04
 82.0 2.28105E+04
 82.5 2.25538E+04
 83.0 2.22939E+04
 83.5 2.20309E+04
 84.0 2.17650E+04
 84.5 2.14962E+04
 85.0 2.12247E+04
 85.5 2.09504E+04
 86.0 2.06735E+04
 86.5 2.03940E+04
 87.0 2.01121E+04
 87.5 1.98278E+04
 88.0 1.95412E+04
 88.5 1.92524E+04
 89.0 1.89615E+04
 89.5 1.86685E+04
 90.0 1.83735E+04
 90.5 1.80766E+04
 91.0 1.77779E+04
 91.5 1.74774E+04
 92.0 1.71753E+04
 92.5 1.68715E+04
 93.0 1.65661E+04
 93.5 1.62593E+04
 94.0 1.59511E+04
 94.5 1.56415E+04
 95.0 1.53306E+04
 95.5 1.50186E+04
 96.0 1.47053E+04
 96.5 1.43910E+04
 97.0 1.40757E+04
 97.5 1.37594E+04
 98.0 1.34422E+04
 98.5 1.31242E+04
 99.0 1.28054E+04
 99.5 1.24858E+04
100.0 1.21656E+04
100.5 1.18448E+04
101.0 1.15234E+04
101.5 1.12015E+04
102.0 1.08791E+04
102.5 1.05564E+04
103.0 1.02333E+04
103.5 9.90996E+03
104.0 9.58636E+03
104.5 9.26257E+03
105.0 8.93864E+03
105.5 8.61463E+03
106.0 8.29058E+03
106.5 7.96653E+03
107.0 7.64255E+03
107.5 7.31867E+03
108.0 6.99494E+03
108.5 6.67140E+03
109.0 6.34811E+03
109.5 6.02511E+03
110.0 5.70245E+03
110.5 5.38016E+03
111.0 5.05829E+03
111.5 4.73689E+03
112.0 4.41599E+03
112.5 4.09565E+03
113.0 3.77590E+03
113.5 3.45678E+03
114.0 3.13834E+03
114.5 2.82062E+03
115.0 2.50366E+03
115.5 2.18749E+03
116.0 1.87217E+03
116.5 1.55772E+03
117.0 1.24419E+03
117.5 9.31620E+02
118.0 6.20047E+02
118.5 3.09509E+02
119.0 2.57659E+01
