119K14D0W2
  0.5 0.00000E+00
  1.0 0.00000E+00
  1.5 0.00000E+00
  2.0 0.00000E+00
  2.5 0.00000E+00
  3.0 0.00000E+00
  3.5 2.22969E+04
  4.0 2.94318E+04
  4.5 3.68888E+04
  5.0 4.46563E+04
  5.5 5.27307E+04
  6.0 6.11122E+04
  6.5 6.98044E+04
  7.0 7.88149E+04
  7.5 8.81566E+04
  8.0 9.78498E+04
  8.5 1.10004E+06
  9.0 1.18415E+05
  9.5 1.08351E+06
 10.0 9.05823E+05
 10.5 5.53351E+04
 11.0 5.94540E+04
 11.5 1.21356E+05
 12.0 4.58224E+04
 12.5 4.27166E+04
 13.0 4.53552E+04
 13.5 4.80395E+04
 14.0 5.07704E+04
 14.5 5.35492E+04
 15.0 5.63771E+04
 15.5 5.92547E+04
 16.0 6.21817E+04
 16.5 6.51567E+04
 17.0 6.81760E+04
 17.5 7.12340E+04
 18.0 7.43221E+04
 18.5 7.74293E+04
 19.0 8.05420E+04
 19.5 8.36442E+04
 20.0 8.67183E+04
 20.5 8.97457E+04
 21.0 9.27072E+04
 21.5 9.55836E+04
 22.0 9.83570E+04
 22.5 1.01010E+05
 23.0 1.03528E+05
 23.5 1.05898E+05
 24.0 1.08108E+05
 24.5 1.10149E+05
 25.0 1.12015E+05
 25.5 1.13703E+05
 26.0 1.15208E+05
 26.5 1.16532E+05
 27.0 1.17675E+05
 27.5 1.18641E+05
 28.0 1.19433E+05
 28.5 1.20056E+05
 29.0 1.20518E+05
 29.5 1.20825E+05
 30.0 1.20983E+05
 30.5 1.21002E+05
 31.0 1.20889E+05
 31.5 1.20652E+05
 32.0 1.20299E+05
 32.5 1.19839E+05
 33.0 1.19280E+05
 33.5 1.18629E+05
 34.0 1.17893E+05
 34.5 1.17082E+05
 35.0 1.16200E+05
 35.5 1.15255E+05
 36.0 1.14253E+05
 36.5 1.13201E+05
 37.0 1.12103E+05
 37.5 1.10966E+05
 38.0 1.09793E+05
 38.5 1.08590E+05
 39.0 1.07362E+05
 39.5 1.06111E+05
 40.0 1.04842E+05
 40.5 1.03558E+05
 41.0 1.02263E+05
 41.5 1.00959E+05
 42.0 9.96482E+04
 42.5 9.83342E+04
 43.0 9.70187E+04
 43.5 9.57038E+04
 44.0 9.43912E+04
 44.5 9.30828E+04
 45.0 9.17799E+04
 45.5 9.04840E+04
 46.0 8.91961E+04
 46.5 8.79175E+04
 47.0 8.66490E+04
 47.5 8.53915E+04
 48.0 8.41458E+04
 48.5 8.29125E+04
 49.0 8.16921E+04
 49.5 8.04852E+04
 50.0 7.92922E+04
 50.5 7.81133E+04
 51.0 7.69489E+04
 51.5 7.57992E+04
 52.0 7.46644E+04
 52.5 7.35447E+04
 53.0 7.24400E+04
 53.5 7.13505E+04
 54.0 7.02761E+04
 54.5 6.92169E+04
 55.0 6.81727E+04
 55.5 6.71436E+04
 56.0 6.61294E+04
 56.5 6.51300E+04
 57.0 6.41453E+04
 57.5 6.31751E+04
 58.0 2.86506E+05
 58.5 6.12776E+04
 59.0 6.03500E+04
 59.5 4.53994E+05
 60.0 5.85359E+04
 60.5 5.76490E+04
 61.0 5.67753E+04
 61.5 5.59146E+04
 62.0 5.50665E+04
 62.5 5.42310E+04
 63.0 5.34077E+04
 63.5 5.25964E+04
 64.0 5.17969E+04
 64.5 5.10090E+04
 65.0 5.02324E+04
 65.5 4.94669E+04
 66.0 4.87123E+04
 66.5 4.79683E+04
 67.0 1.81560E+05
 67.5 4.65112E+04
 68.0 4.57978E+04
 68.5 4.50940E+04
 69.0 7.99682E+04
 69.5 4.22362E+04
 70.0 3.43296E+04
 70.5 3.39801E+04
 71.0 3.36292E+04
 71.5 3.32769E+04
 72.0 3.29233E+04
 72.5 3.25684E+04
 73.0 3.22125E+04
 73.5 3.18555E+04
 74.0 3.14975E+04
 74.5 3.11386E+04
 75.0 3.07788E+04
 75.5 3.04183E+04
 76.0 3.00570E+04
 76.5 2.96951E+04
 77.0 2.93325E+04
 77.5 2.89694E+04
 78.0 2.86058E+04
 78.5 2.82418E+04
 79.0 2.78773E+04
 79.5 2.75125E+04
 80.0 2.71474E+04
 80.5 2.67819E+04
 81.0 2.64163E+04
 81.5 2.60505E+04
 82.0 2.56845E+04
 82.5 2.53184E+04
 83.0 2.49523E+04
 83.5 2.45861E+04
 84.0 2.42199E+04
 84.5 2.38537E+04
 85.0 2.34876E+04
 85.5 2.31216E+04
 86.0 2.27557E+04
 86.5 2.23900E+04
 87.0 2.20244E+04
 87.5 2.16590E+04
 88.0 2.12939E+04
 88.5 2.09290E+04
 89.0 2.05644E+04
 89.5 2.02001E+04
 90.0 1.98362E+04
 90.5 1.94726E+04
 91.0 1.91093E+04
 91.5 1.87465E+04
 92.0 1.83841E+04
 92.5 1.80222E+04
 93.0 1.76607E+04
 93.5 1.72997E+04
 94.0 1.69392E+04
 94.5 1.65793E+04
 95.0 1.62199E+04
 95.5 1.58611E+04
 96.0 1.55028E+04
 96.5 1.51452E+04
 97.0 1.47882E+04
 97.5 1.44319E+04
 98.0 1.40762E+04
 98.5 1.37212E+04
 99.0 1.33670E+04
 99.5 1.30134E+04
100.0 1.26606E+04
100.5 1.23086E+04
101.0 1.19573E+04
101.5 1.16069E+04
102.0 1.12573E+04
102.5 1.09085E+04
103.0 1.05606E+04
103.5 1.02136E+04
104.0 9.86743E+03
104.5 9.52222E+03
105.0 9.17794E+03
105.5 8.83462E+03
106.0 8.49228E+03
106.5 8.15093E+03
107.0 7.81060E+03
107.5 7.47130E+03
108.0 7.13306E+03
108.5 6.79589E+03
109.0 6.45981E+03
109.5 6.12485E+03
110.0 5.79103E+03
110.5 5.45836E+03
111.0 5.12687E+03
111.5 4.79657E+03
112.0 4.46749E+03
112.5 4.13965E+03
113.0 3.81306E+03
113.5 3.48776E+03
114.0 3.16375E+03
114.5 2.84107E+03
115.0 2.51974E+03
115.5 2.19976E+03
116.0 1.88118E+03
116.5 1.56401E+03
117.0 1.24827E+03
117.5 9.33977E+02
118.0 6.21166E+02
118.5 3.09854E+02
119.0 2.57839E+01
