119K11D0W2
  0.5 0.00000E+00
  1.0 0.00000E+00
  1.5 0.00000E+00
  2.0 0.00000E+00
  2.5 0.00000E+00
  3.0 0.00000E+00
  3.5 1.61820E+04
  4.0 2.18168E+04
  4.5 2.76930E+04
  5.0 3.37908E+04
  5.5 4.01019E+04
  6.0 4.66228E+04
  6.5 5.33518E+04
  7.0 6.02893E+04
  7.5 6.74376E+04
  8.0 7.48021E+04
  8.5 5.24570E+05
  9.0 9.02187E+04
  9.5 6.35643E+05
 10.0 5.34568E+05
 10.5 4.23570E+04
 11.0 4.55071E+04
 11.5 6.98293E+04
 12.0 3.50841E+04
 12.5 3.27083E+04
 13.0 3.47335E+04
 13.5 3.67866E+04
 14.0 3.88677E+04
 14.5 4.09772E+04
 15.0 4.31153E+04
 15.5 4.52825E+04
 16.0 4.74791E+04
 16.5 4.97052E+04
 17.0 5.19608E+04
 17.5 5.42451E+04
 18.0 5.65568E+04
 18.5 5.88932E+04
 19.0 6.12507E+04
 19.5 6.36239E+04
 20.0 6.60060E+04
 20.5 6.83891E+04
 21.0 7.07634E+04
 21.5 7.31186E+04
 22.0 7.54432E+04
 22.5 7.77254E+04
 23.0 7.99533E+04
 23.5 8.21152E+04
 24.0 8.41999E+04
 24.5 8.61969E+04
 25.0 8.80969E+04
 25.5 8.98915E+04
 26.0 9.15737E+04
 26.5 9.31376E+04
 27.0 9.45791E+04
 27.5 9.58948E+04
 28.0 9.70830E+04
 28.5 9.81429E+04
 29.0 9.90749E+04
 29.5 9.98803E+04
 30.0 1.00561E+05
 30.5 1.01121E+05
 31.0 1.01562E+05
 31.5 1.01890E+05
 32.0 1.02107E+05
 32.5 1.02221E+05
 33.0 1.02234E+05
 33.5 1.02154E+05
 34.0 1.01984E+05
 34.5 1.01730E+05
 35.0 1.01397E+05
 35.5 1.00992E+05
 36.0 1.00518E+05
 36.5 9.99812E+04
 37.0 9.93862E+04
 37.5 9.87378E+04
 38.0 9.80404E+04
 38.5 9.72984E+04
 39.0 9.65159E+04
 39.5 9.56969E+04
 40.0 9.48449E+04
 40.5 9.39637E+04
 41.0 9.30565E+04
 41.5 9.21263E+04
 42.0 9.11762E+04
 42.5 9.02088E+04
 43.0 8.92265E+04
 43.5 8.82319E+04
 44.0 8.72272E+04
 44.5 8.62142E+04
 45.0 8.51950E+04
 45.5 8.41712E+04
 46.0 8.31444E+04
 46.5 8.21161E+04
 47.0 8.10877E+04
 47.5 8.00603E+04
 48.0 7.90352E+04
 48.5 7.80132E+04
 49.0 7.69954E+04
 49.5 7.59825E+04
 50.0 7.49753E+04
 50.5 7.39745E+04
 51.0 7.29807E+04
 51.5 7.19944E+04
 52.0 7.10161E+04
 52.5 7.00463E+04
 53.0 6.90852E+04
 53.5 6.81332E+04
 54.0 6.71905E+04
 54.5 6.62575E+04
 55.0 6.53343E+04
 55.5 6.44210E+04
 56.0 6.35178E+04
 56.5 6.26247E+04
 57.0 6.17419E+04
 57.5 6.08694E+04
 58.0 2.70321E+05
 58.5 5.91552E+04
 59.0 5.83135E+04
 59.5 4.28839E+05
 60.0 5.66609E+04
 60.5 5.58498E+04
 61.0 5.50488E+04
 61.5 5.42577E+04
 62.0 5.34765E+04
 62.5 5.27051E+04
 63.0 5.19433E+04
 63.5 5.11911E+04
 64.0 5.04482E+04
 64.5 4.97146E+04
 65.0 4.89902E+04
 65.5 4.82748E+04
 66.0 4.75682E+04
 66.5 4.68703E+04
 67.0 1.74736E+05
 67.5 4.55001E+04
 68.0 4.48274E+04
 68.5 4.41629E+04
 69.0 7.76590E+04
 69.5 4.10774E+04
 70.0 3.17233E+04
 70.5 3.14571E+04
 71.0 3.11874E+04
 71.5 3.09144E+04
 72.0 3.06382E+04
 72.5 3.03589E+04
 73.0 3.00765E+04
 73.5 2.97913E+04
 74.0 2.95032E+04
 74.5 2.92124E+04
 75.0 2.89190E+04
 75.5 2.86230E+04
 76.0 2.83246E+04
 76.5 2.80238E+04
 77.0 2.77208E+04
 77.5 2.74156E+04
 78.0 2.71082E+04
 78.5 2.67989E+04
 79.0 2.64876E+04
 79.5 2.61744E+04
 80.0 2.58594E+04
 80.5 2.55428E+04
 81.0 2.52244E+04
 81.5 2.49045E+04
 82.0 2.45831E+04
 82.5 2.42602E+04
 83.0 2.39360E+04
 83.5 2.36104E+04
 84.0 2.32836E+04
 84.5 2.29556E+04
 85.0 2.26265E+04
 85.5 2.22963E+04
 86.0 2.19650E+04
 86.5 2.16328E+04
 87.0 2.12997E+04
 87.5 2.09658E+04
 88.0 2.06310E+04
 88.5 2.02956E+04
 89.0 1.99594E+04
 89.5 1.96225E+04
 90.0 1.92851E+04
 90.5 1.89471E+04
 91.0 1.86086E+04
 91.5 1.82696E+04
 92.0 1.79302E+04
 92.5 1.75905E+04
 93.0 1.72504E+04
 93.5 1.69100E+04
 94.0 1.65694E+04
 94.5 1.62286E+04
 95.0 1.58876E+04
 95.5 1.55465E+04
 96.0 1.52052E+04
 96.5 1.48640E+04
 97.0 1.45227E+04
 97.5 1.41815E+04
 98.0 1.38403E+04
 98.5 1.34992E+04
 99.0 1.31582E+04
 99.5 1.28174E+04
100.0 1.24769E+04
100.5 1.21365E+04
101.0 1.17964E+04
101.5 1.14567E+04
102.0 1.11172E+04
102.5 1.07782E+04
103.0 1.04395E+04
103.5 1.01013E+04
104.0 9.76356E+03
104.5 9.42631E+03
105.0 9.08959E+03
105.5 8.75344E+03
106.0 8.41788E+03
106.5 8.08295E+03
107.0 7.74867E+03
107.5 7.41508E+03
108.0 7.08221E+03
108.5 6.75008E+03
109.0 6.41873E+03
109.5 6.08818E+03
110.0 5.75847E+03
110.5 5.42963E+03
111.0 5.10168E+03
111.5 4.77466E+03
112.0 4.44859E+03
112.5 4.12351E+03
113.0 3.79943E+03
113.5 3.47640E+03
114.0 3.15444E+03
114.5 2.83358E+03
115.0 2.51385E+03
115.5 2.19527E+03
116.0 1.87788E+03
116.5 1.56171E+03
117.0 1.24678E+03
117.5 9.33116E+02
118.0 6.20757E+02
118.5 3.09728E+02
119.0 2.57774E+01
