119K19D0W2
  0.5 0.00000E+00
  1.0 0.00000E+00
  1.5 0.00000E+00
  2.0 0.00000E+00
  2.5 0.00000E+00
  3.0 0.00000E+00
  3.5 3.30106E+04
  4.0 4.27279E+04
  4.5 5.29384E+04
  5.0 6.36416E+04
  5.5 7.48443E+04
  6.0 8.65606E+04
  6.5 9.88139E+04
  7.0 1.11642E+05
  7.5 1.25103E+05
  8.0 1.39271E+05
  8.5 2.33747E+06
  9.0 1.69978E+05
  9.5 1.85760E+06
 10.0 1.54799E+06
 10.5 7.83688E+04
 11.0 8.43101E+04
 11.5 2.38971E+05
 12.0 6.48476E+04
 12.5 6.04324E+04
 13.0 6.42128E+04
 13.5 6.80825E+04
 14.0 7.20440E+04
 14.5 7.60973E+04
 15.0 8.02397E+04
 15.5 8.44634E+04
 16.0 8.87557E+04
 16.5 9.30981E+04
 17.0 9.74666E+04
 17.5 1.01833E+05
 18.0 1.06164E+05
 18.5 1.10426E+05
 19.0 1.14585E+05
 19.5 1.18607E+05
 20.0 1.22458E+05
 20.5 1.26112E+05
 21.0 1.29542E+05
 21.5 1.32729E+05
 22.0 1.35655E+05
 22.5 1.38309E+05
 23.0 1.40685E+05
 23.5 1.42777E+05
 24.0 1.44587E+05
 24.5 1.46119E+05
 25.0 1.47378E+05
 25.5 1.48372E+05
 26.0 1.49112E+05
 26.5 1.49610E+05
 27.0 1.49878E+05
 27.5 1.49930E+05
 28.0 1.49779E+05
 28.5 1.49441E+05
 29.0 1.48927E+05
 29.5 1.48254E+05
 30.0 1.47434E+05
 30.5 1.46480E+05
 31.0 1.45405E+05
 31.5 1.44220E+05
 32.0 1.42938E+05
 32.5 1.41569E+05
 33.0 1.40124E+05
 33.5 1.38610E+05
 34.0 1.37039E+05
 34.5 1.35417E+05
 35.0 1.33752E+05
 35.5 1.32051E+05
 36.0 1.30321E+05
 36.5 1.28568E+05
 37.0 1.26796E+05
 37.5 1.25012E+05
 38.0 1.23219E+05
 38.5 1.21421E+05
 39.0 1.19622E+05
 39.5 1.17826E+05
 40.0 1.16035E+05
 40.5 1.14251E+05
 41.0 1.12479E+05
 41.5 1.10719E+05
 42.0 1.08973E+05
 42.5 1.07243E+05
 43.0 1.05530E+05
 43.5 1.03836E+05
 44.0 1.02162E+05
 44.5 1.00509E+05
 45.0 9.88764E+04
 45.5 9.72663E+04
 46.0 9.56788E+04
 46.5 9.41143E+04
 47.0 9.25731E+04
 47.5 9.10555E+04
 48.0 8.95617E+04
 48.5 8.80916E+04
 49.0 8.66454E+04
 49.5 8.52231E+04
 50.0 8.38244E+04
 50.5 8.24493E+04
 51.0 8.10977E+04
 51.5 7.97693E+04
 52.0 7.84639E+04
 52.5 7.71813E+04
 53.0 7.59211E+04
 53.5 7.46831E+04
 54.0 7.34669E+04
 54.5 7.22721E+04
 55.0 7.10985E+04
 55.5 6.99457E+04
 56.0 6.88133E+04
 56.5 6.77010E+04
 57.0 6.66083E+04
 57.5 6.55349E+04
 58.0 3.03300E+05
 58.5 6.34442E+04
 59.0 6.24263E+04
 59.5 4.80026E+05
 60.0 6.04431E+04
 60.5 5.94771E+04
 61.0 5.85277E+04
 61.5 5.75944E+04
 62.0 5.66770E+04
 62.5 5.57749E+04
 63.0 5.48880E+04
 63.5 5.40158E+04
 64.0 5.31578E+04
 64.5 5.23139E+04
 65.0 5.14837E+04
 65.5 5.06668E+04
 66.0 4.98629E+04
 66.5 4.90716E+04
 67.0 1.88499E+05
 67.5 4.75258E+04
 68.0 4.67707E+04
 68.5 4.60269E+04
 69.0 8.23011E+04
 69.5 4.34325E+04
 70.0 3.71508E+04
 70.5 3.67043E+04
 71.0 3.62591E+04
 71.5 3.58153E+04
 72.0 3.53727E+04
 72.5 3.49315E+04
 73.0 3.44917E+04
 73.5 3.40533E+04
 74.0 3.36163E+04
 74.5 3.31808E+04
 75.0 3.27467E+04
 75.5 3.23140E+04
 76.0 3.18827E+04
 76.5 3.14529E+04
 77.0 3.10246E+04
 77.5 3.05977E+04
 78.0 3.01723E+04
 78.5 2.97484E+04
 79.0 2.93259E+04
 79.5 2.89049E+04
 80.0 2.84854E+04
 80.5 2.80673E+04
 81.0 2.76506E+04
 81.5 2.72354E+04
 82.0 2.68217E+04
 82.5 2.64094E+04
 83.0 2.59985E+04
 83.5 2.55891E+04
 84.0 2.51811E+04
 84.5 2.47745E+04
 85.0 2.43693E+04
 85.5 2.39655E+04
 86.0 2.35632E+04
 86.5 2.31622E+04
 87.0 2.27626E+04
 87.5 2.23644E+04
 88.0 2.19675E+04
 88.5 2.15720E+04
 89.0 2.11779E+04
 89.5 2.07852E+04
 90.0 2.03938E+04
 90.5 2.00037E+04
 91.0 1.96150E+04
 91.5 1.92276E+04
 92.0 1.88415E+04
 92.5 1.84568E+04
 93.0 1.80734E+04
 93.5 1.76913E+04
 94.0 1.73106E+04
 94.5 1.69311E+04
 95.0 1.65530E+04
 95.5 1.61761E+04
 96.0 1.58006E+04
 96.5 1.54264E+04
 97.0 1.50535E+04
 97.5 1.46819E+04
 98.0 1.43115E+04
 98.5 1.39425E+04
 99.0 1.35749E+04
 99.5 1.32085E+04
100.0 1.28434E+04
100.5 1.24796E+04
101.0 1.21172E+04
101.5 1.17560E+04
102.0 1.13962E+04
102.5 1.10377E+04
103.0 1.06805E+04
103.5 1.03247E+04
104.0 9.97021E+03
104.5 9.61705E+03
105.0 9.26525E+03
105.5 8.91480E+03
106.0 8.56571E+03
106.5 8.21799E+03
107.0 7.87166E+03
107.5 7.52670E+03
108.0 7.18314E+03
108.5 6.84099E+03
109.0 6.50024E+03
109.5 6.16092E+03
110.0 5.82303E+03
110.5 5.48659E+03
111.0 5.15160E+03
111.5 4.81808E+03
112.0 4.48603E+03
112.5 4.15548E+03
113.0 3.82642E+03
113.5 3.49889E+03
114.0 3.17288E+03
114.5 2.84841E+03
115.0 2.52550E+03
115.5 2.20416E+03
116.0 1.88441E+03
116.5 1.56626E+03
117.0 1.24972E+03
117.5 9.34819E+02
118.0 6.21566E+02
118.5 3.09977E+02
119.0 2.57904E+01
