119K22D0W2
  0.5 0.00000E+00
  1.0 0.00000E+00
  1.5 0.00000E+00
  2.0 0.00000E+00
  2.5 0.00000E+00
  3.0 0.00000E+00
  3.5 3.98006E+04
  4.0 5.11470E+04
  4.5 6.31096E+04
  5.0 7.56961E+04
  5.5 8.89236E+04
  6.0 1.02822E+05
  6.5 1.17439E+05
  7.0 1.32851E+05
  7.5 1.49158E+05
  8.0 1.66470E+05
  8.5 3.14926E+06
  9.0 2.04205E+05
  9.5 2.30111E+06
 10.0 1.91637E+06
 10.5 9.32760E+04
 11.0 1.00473E+05
 11.5 3.21205E+05
 12.0 7.71336E+04
 12.5 7.18605E+04
 13.0 7.64185E+04
 13.5 8.10993E+04
 14.0 8.59018E+04
 14.5 9.08190E+04
 15.0 9.58371E+04
 15.5 1.00934E+05
 16.0 1.06079E+05
 16.5 1.11236E+05
 17.0 1.16362E+05
 17.5 1.21412E+05
 18.0 1.26339E+05
 18.5 1.31098E+05
 19.0 1.35647E+05
 19.5 1.39948E+05
 20.0 1.43969E+05
 20.5 1.47684E+05
 21.0 1.51072E+05
 21.5 1.54119E+05
 22.0 1.56819E+05
 22.5 1.59169E+05
 23.0 1.61170E+05
 23.5 1.62830E+05
 24.0 1.64157E+05
 24.5 1.65165E+05
 25.0 1.65867E+05
 25.5 1.66281E+05
 26.0 1.66423E+05
 26.5 1.66312E+05
 27.0 1.65965E+05
 27.5 1.65402E+05
 28.0 1.64639E+05
 28.5 1.63696E+05
 29.0 1.62587E+05
 29.5 1.61331E+05
 30.0 1.59942E+05
 30.5 1.58435E+05
 31.0 1.56824E+05
 31.5 1.55121E+05
 32.0 1.53339E+05
 32.5 1.51489E+05
 33.0 1.49580E+05
 33.5 1.47623E+05
 34.0 1.45626E+05
 34.5 1.43597E+05
 35.0 1.41543E+05
 35.5 1.39470E+05
 36.0 1.37386E+05
 36.5 1.35294E+05
 37.0 1.33200E+05
 37.5 1.31109E+05
 38.0 1.29023E+05
 38.5 1.26947E+05
 39.0 1.24884E+05
 39.5 1.22836E+05
 40.0 1.20806E+05
 40.5 1.18796E+05
 41.0 1.16807E+05
 41.5 1.14842E+05
 42.0 1.12901E+05
 42.5 1.10986E+05
 43.0 1.09097E+05
 43.5 1.07236E+05
 44.0 1.05403E+05
 44.5 1.03598E+05
 45.0 1.01823E+05
 45.5 1.00076E+05
 46.0 9.83590E+04
 46.5 9.66713E+04
 47.0 9.50130E+04
 47.5 9.33840E+04
 48.0 9.17842E+04
 48.5 9.02135E+04
 49.0 8.86714E+04
 49.5 8.71578E+04
 50.0 8.56724E+04
 50.5 8.42147E+04
 51.0 8.27845E+04
 51.5 8.13812E+04
 52.0 8.00045E+04
 52.5 7.86539E+04
 53.0 7.73290E+04
 53.5 7.60293E+04
 54.0 7.47543E+04
 54.5 7.35035E+04
 55.0 7.22765E+04
 55.5 7.10728E+04
 56.0 6.98917E+04
 56.5 6.87330E+04
 57.0 6.75960E+04
 57.5 6.64803E+04
 58.0 3.10091E+05
 58.5 6.43107E+04
 59.0 6.32560E+04
 59.5 4.90533E+05
 60.0 6.12040E+04
 60.5 6.02059E+04
 61.0 5.92257E+04
 61.5 5.82631E+04
 62.0 5.73176E+04
 62.5 5.63887E+04
 63.0 5.54760E+04
 63.5 5.45792E+04
 64.0 5.36978E+04
 64.5 5.28314E+04
 65.0 5.19796E+04
 65.5 5.11420E+04
 66.0 5.03183E+04
 66.5 4.95081E+04
 67.0 1.91267E+05
 67.5 4.79268E+04
 68.0 4.71550E+04
 68.5 4.63953E+04
 69.0 8.32274E+04
 69.5 4.39150E+04
 70.0 3.83256E+04
 70.5 3.78368E+04
 71.0 3.73506E+04
 71.5 3.68669E+04
 72.0 3.63859E+04
 72.5 3.59075E+04
 73.0 3.54316E+04
 73.5 3.49582E+04
 74.0 3.44874E+04
 74.5 3.40191E+04
 75.0 3.35533E+04
 75.5 3.30900E+04
 76.0 3.26291E+04
 76.5 3.21706E+04
 77.0 3.17145E+04
 77.5 3.12608E+04
 78.0 3.08095E+04
 78.5 3.03604E+04
 79.0 2.99137E+04
 79.5 2.94692E+04
 80.0 2.90270E+04
 80.5 2.85870E+04
 81.0 2.81492E+04
 81.5 2.77136E+04
 82.0 2.72801E+04
 82.5 2.68487E+04
 83.0 2.64194E+04
 83.5 2.59922E+04
 84.0 2.55670E+04
 84.5 2.51438E+04
 85.0 2.47227E+04
 85.5 2.43035E+04
 86.0 2.38862E+04
 86.5 2.34708E+04
 87.0 2.30574E+04
 87.5 2.26458E+04
 88.0 2.22361E+04
 88.5 2.18282E+04
 89.0 2.14222E+04
 89.5 2.10179E+04
 90.0 2.06154E+04
 90.5 2.02147E+04
 91.0 1.98157E+04
 91.5 1.94184E+04
 92.0 1.90229E+04
 92.5 1.86290E+04
 93.0 1.82368E+04
 93.5 1.78463E+04
 94.0 1.74574E+04
 94.5 1.70701E+04
 95.0 1.66845E+04
 95.5 1.63005E+04
 96.0 1.59181E+04
 96.5 1.55372E+04
 97.0 1.51580E+04
 97.5 1.47803E+04
 98.0 1.44042E+04
 98.5 1.40296E+04
 99.0 1.36566E+04
 99.5 1.32851E+04
100.0 1.29152E+04
100.5 1.25468E+04
101.0 1.21799E+04
101.5 1.18145E+04
102.0 1.14507E+04
102.5 1.10883E+04
103.0 1.07275E+04
103.5 1.03682E+04
104.0 1.00104E+04
104.5 9.65416E+03
105.0 9.29940E+03
105.5 8.94615E+03
106.0 8.59441E+03
106.5 8.24420E+03
107.0 7.89550E+03
107.5 7.54833E+03
108.0 7.20269E+03
108.5 6.85858E+03
109.0 6.51601E+03
109.5 6.17499E+03
110.0 5.83551E+03
110.5 5.49759E+03
111.0 5.16124E+03
111.5 4.82645E+03
112.0 4.49325E+03
112.5 4.16164E+03
113.0 3.83162E+03
113.5 3.50321E+03
114.0 3.17642E+03
114.5 2.85126E+03
115.0 2.52774E+03
115.5 2.20587E+03
116.0 1.88566E+03
116.5 1.56713E+03
117.0 1.25029E+03
117.5 9.35146E+02
118.0 6.21721E+02
118.5 3.10025E+02
119.0 2.57929E+01
