120K08D0W2
  0.5 0.00000E+00
  1.0 0.00000E+00
  1.5 0.00000E+00
  2.0 0.00000E+00
  2.5 0.00000E+00
  3.0 0.00000E+00
  3.5 1.02218E+04
  4.0 1.43350E+04
  4.5 1.86322E+04
  5.0 2.30796E+04
  5.5 2.76628E+04
  6.0 3.23749E+04
  6.5 3.72118E+04
  7.0 4.21708E+04
  7.5 4.72500E+04
  8.0 5.24485E+04
  8.5 1.60722E+05
  9.0 6.32047E+04
  9.5 2.60273E+05
 10.0 2.22984E+05
 10.5 2.96921E+04
 11.0 3.19323E+04
 11.5 3.65710E+04
 12.0 2.46003E+04
 12.5 2.29342E+04
 13.0 2.43804E+04
 13.5 2.58418E+04
 14.0 2.73183E+04
 14.5 2.88094E+04
 15.0 3.03153E+04
 15.5 3.18357E+04
 16.0 3.33705E+04
 16.5 3.49196E+04
 17.0 3.64828E+04
 17.5 3.80601E+04
 18.0 3.96514E+04
 18.5 4.12564E+04
 19.0 4.28749E+04
 19.5 4.45063E+04
 20.0 4.61496E+04
 20.5 4.78035E+04
 21.0 4.94662E+04
 21.5 5.11353E+04
 22.0 5.28077E+04
 22.5 5.44797E+04
 23.0 5.61470E+04
 23.5 5.78044E+04
 24.0 5.94468E+04
 24.5 6.10682E+04
 25.0 6.26626E+04
 25.5 6.42236E+04
 26.0 6.57453E+04
 26.5 6.72214E+04
 27.0 6.86464E+04
 27.5 7.00147E+04
 28.0 7.13215E+04
 28.5 7.25624E+04
 29.0 7.37336E+04
 29.5 7.48319E+04
 30.0 7.58547E+04
 30.5 7.68001E+04
 31.0 7.76666E+04
 31.5 7.84537E+04
 32.0 7.91610E+04
 32.5 7.97888E+04
 33.0 8.03379E+04
 33.5 8.08095E+04
 34.0 8.12050E+04
 34.5 8.15264E+04
 35.0 8.17758E+04
 35.5 8.19554E+04
 36.0 8.20679E+04
 36.5 8.21159E+04
 37.0 8.21023E+04
 37.5 8.20298E+04
 38.0 8.19016E+04
 38.5 8.17203E+04
 39.0 8.14890E+04
 39.5 8.12107E+04
 40.0 8.08881E+04
 40.5 8.05242E+04
 41.0 8.01216E+04
 41.5 7.96831E+04
 42.0 7.92112E+04
 42.5 7.87085E+04
 43.0 7.81773E+04
 43.5 7.76200E+04
 44.0 7.70387E+04
 44.5 7.64356E+04
 45.0 7.58127E+04
 45.5 7.51719E+04
 46.0 7.45149E+04
 46.5 7.38435E+04
 47.0 7.31593E+04
 47.5 7.24638E+04
 48.0 7.17583E+04
 48.5 7.10443E+04
 49.0 7.03229E+04
 49.5 6.95954E+04
 50.0 6.88627E+04
 50.5 6.81260E+04
 51.0 6.73861E+04
 51.5 6.66440E+04
 52.0 6.59003E+04
 52.5 6.51560E+04
 53.0 6.44116E+04
 53.5 6.36678E+04
 54.0 6.29251E+04
 54.5 6.21842E+04
 55.0 6.14454E+04
 55.5 6.07094E+04
 56.0 5.99763E+04
 56.5 5.92466E+04
 57.0 5.85206E+04
 57.5 5.77988E+04
 58.0 2.49876E+05
 58.5 5.63681E+04
 59.0 5.56597E+04
 59.5 3.97752E+05
 60.0 5.42580E+04
 60.5 5.35650E+04
 61.0 5.28773E+04
 61.5 5.21950E+04
 62.0 5.15184E+04
 62.5 5.08473E+04
 63.0 5.01819E+04
 63.5 4.95223E+04
 64.0 4.88684E+04
 64.5 4.82202E+04
 65.0 4.75779E+04
 65.5 4.69413E+04
 66.0 4.63104E+04
 66.5 4.56853E+04
 67.0 1.67487E+05
 67.5 4.44523E+04
 68.0 4.38442E+04
 68.5 4.32418E+04
 69.0 7.53684E+04
 69.5 3.97719E+04
 70.0 2.79978E+04
 70.5 2.78502E+04
 71.0 2.76972E+04
 71.5 2.75390E+04
 72.0 2.73755E+04
 72.5 2.72070E+04
 73.0 2.70334E+04
 73.5 2.68549E+04
 74.0 2.66715E+04
 74.5 2.64835E+04
 75.0 2.62907E+04
 75.5 2.60934E+04
 76.0 2.58916E+04
 76.5 2.56855E+04
 77.0 2.54751E+04
 77.5 2.52604E+04
 78.0 2.50417E+04
 78.5 2.48190E+04
 79.0 2.45924E+04
 79.5 2.43620E+04
 80.0 2.41279E+04
 80.5 2.38901E+04
 81.0 2.36488E+04
 81.5 2.34041E+04
 82.0 2.31560E+04
 82.5 2.29046E+04
 83.0 2.26501E+04
 83.5 2.23925E+04
 84.0 2.21319E+04
 84.5 2.18684E+04
 85.0 2.16020E+04
 85.5 2.13330E+04
 86.0 2.10612E+04
 86.5 2.07869E+04
 87.0 2.05101E+04
 87.5 2.02309E+04
 88.0 1.99493E+04
 88.5 1.96655E+04
 89.0 1.93795E+04
 89.5 1.90914E+04
 90.0 1.88013E+04
 90.5 1.85092E+04
 91.0 1.82153E+04
 91.5 1.79195E+04
 92.0 1.76221E+04
 92.5 1.73229E+04
 93.0 1.70222E+04
 93.5 1.67199E+04
 94.0 1.64162E+04
 94.5 1.61110E+04
 95.0 1.58046E+04
 95.5 1.54969E+04
 96.0 1.51880E+04
 96.5 1.48779E+04
 97.0 1.45668E+04
 97.5 1.42546E+04
 98.0 1.39415E+04
 98.5 1.36275E+04
 99.0 1.33127E+04
 99.5 1.29971E+04
100.0 1.26807E+04
100.5 1.23637E+04
101.0 1.20461E+04
101.5 1.17279E+04
102.0 1.14092E+04
102.5 1.10901E+04
103.0 1.07705E+04
103.5 1.04506E+04
104.0 1.01304E+04
104.5 9.80996E+03
105.0 9.48930E+03
105.5 9.16850E+03
106.0 8.84759E+03
106.5 8.52663E+03
107.0 8.20566E+03
107.5 7.88472E+03
108.0 7.56387E+03
108.5 7.24315E+03
109.0 6.92260E+03
109.5 6.60227E+03
110.0 6.28220E+03
110.5 5.96243E+03
111.0 5.64302E+03
111.5 5.32400E+03
112.0 5.00541E+03
112.5 4.68730E+03
113.0 4.36970E+03
113.5 4.05266E+03
114.0 3.73622E+03
114.5 3.42042E+03
115.0 3.10530E+03
115.5 2.79090E+03
116.0 2.47726E+03
116.5 2.16441E+03
117.0 1.85240E+03
117.5 1.54127E+03
118.0 1.23105E+03
118.5 9.21777E+02
119.0 6.13495E+02
119.5 3.06239E+02
120.0 2.54937E+01
