120K15D0W2
  0.5 0.00000E+00
  1.0 0.00000E+00
  1.5 0.00000E+00
  2.0 0.00000E+00
  2.5 0.00000E+00
  3.0 0.00000E+00
  3.5 2.42049E+04
  4.0 3.18008E+04
  4.5 3.97477E+04
  5.0 4.80359E+04
  5.5 5.66633E+04
  6.0 6.56318E+04
  6.5 7.49473E+04
  7.0 8.46204E+04
  7.5 9.46691E+04
  8.0 1.05121E+05
  8.5 1.30062E+06
  9.0 1.27388E+05
  9.5 1.22570E+06
 10.0 1.02372E+06
 10.5 5.94385E+04
 11.0 6.38749E+04
 11.5 1.39751E+05
 12.0 4.92286E+04
 12.5 4.58945E+04
 13.0 4.87354E+04
 13.5 5.16289E+04
 14.0 5.45767E+04
 14.5 5.75801E+04
 15.0 6.06405E+04
 15.5 6.37583E+04
 16.0 6.69325E+04
 16.5 7.01604E+04
 17.0 7.34363E+04
 17.5 7.67520E+04
 18.0 8.00957E+04
 18.5 8.34529E+04
 19.0 8.68063E+04
 19.5 9.01363E+04
 20.0 9.34218E+04
 20.5 9.66415E+04
 21.0 9.97734E+04
 21.5 1.02797E+05
 22.0 1.05692E+05
 22.5 1.08442E+05
 23.0 1.11031E+05
 23.5 1.13446E+05
 24.0 1.15678E+05
 24.5 1.17718E+05
 25.0 1.19561E+05
 25.5 1.21205E+05
 26.0 1.22649E+05
 26.5 1.23895E+05
 27.0 1.24946E+05
 27.5 1.25806E+05
 28.0 1.26482E+05
 28.5 1.26980E+05
 29.0 1.27309E+05
 29.5 1.27475E+05
 30.0 1.27489E+05
 30.5 1.27360E+05
 31.0 1.27095E+05
 31.5 1.26705E+05
 32.0 1.26199E+05
 32.5 1.25585E+05
 33.0 1.24872E+05
 33.5 1.24069E+05
 34.0 1.23183E+05
 34.5 1.22223E+05
 35.0 1.21196E+05
 35.5 1.20108E+05
 36.0 1.18966E+05
 36.5 1.17776E+05
 37.0 1.16545E+05
 37.5 1.15277E+05
 38.0 1.13978E+05
 38.5 1.12652E+05
 39.0 1.11303E+05
 39.5 1.09937E+05
 40.0 1.08555E+05
 40.5 1.07162E+05
 41.0 1.05761E+05
 41.5 1.04355E+05
 42.0 1.02946E+05
 42.5 1.01536E+05
 43.0 1.00128E+05
 43.5 9.87243E+04
 44.0 9.73257E+04
 44.5 9.59341E+04
 45.0 9.45510E+04
 45.5 9.31775E+04
 46.0 9.18149E+04
 46.5 9.04641E+04
 47.0 8.91261E+04
 47.5 8.78014E+04
 48.0 8.64909E+04
 48.5 8.51951E+04
 49.0 8.39144E+04
 49.5 8.26493E+04
 50.0 8.14002E+04
 50.5 8.01672E+04
 51.0 7.89506E+04
 51.5 7.77505E+04
 52.0 7.65672E+04
 52.5 7.54005E+04
 53.0 7.42506E+04
 53.5 7.31174E+04
 54.0 7.20009E+04
 54.5 7.09010E+04
 55.0 6.98177E+04
 55.5 6.87507E+04
 56.0 6.76999E+04
 56.5 6.66653E+04
 57.0 6.56465E+04
 57.5 6.46435E+04
 58.0 2.98158E+05
 58.5 6.26837E+04
 59.0 6.17265E+04
 59.5 4.73037E+05
 60.0 5.98564E+04
 60.5 5.89429E+04
 61.0 5.80436E+04
 61.5 5.71580E+04
 62.0 5.62861E+04
 62.5 5.54275E+04
 63.0 5.45819E+04
 63.5 5.37491E+04
 64.0 5.29288E+04
 64.5 5.21208E+04
 65.0 5.13249E+04
 65.5 5.05407E+04
 66.0 4.97680E+04
 66.5 4.90066E+04
 67.0 1.88186E+05
 67.5 4.75165E+04
 68.0 4.67874E+04
 68.5 4.60685E+04
 69.0 8.23903E+04
 69.5 4.32125E+04
 70.0 3.54407E+04
 70.5 3.50712E+04
 71.0 3.47007E+04
 71.5 3.43295E+04
 72.0 3.39575E+04
 72.5 3.35849E+04
 73.0 3.32117E+04
 73.5 3.28379E+04
 74.0 3.24637E+04
 74.5 3.20891E+04
 75.0 3.17141E+04
 75.5 3.13389E+04
 76.0 3.09634E+04
 76.5 3.05877E+04
 77.0 3.02118E+04
 77.5 2.98359E+04
 78.0 2.94599E+04
 78.5 2.90839E+04
 79.0 2.87079E+04
 79.5 2.83319E+04
 80.0 2.79561E+04
 80.5 2.75803E+04
 81.0 2.72048E+04
 81.5 2.68294E+04
 82.0 2.64542E+04
 82.5 2.60793E+04
 83.0 2.57047E+04
 83.5 2.53303E+04
 84.0 2.49563E+04
 84.5 2.45827E+04
 85.0 2.42094E+04
 85.5 2.38365E+04
 86.0 2.34640E+04
 86.5 2.30920E+04
 87.0 2.27204E+04
 87.5 2.23493E+04
 88.0 2.19787E+04
 88.5 2.16086E+04
 89.0 2.12391E+04
 89.5 2.08701E+04
 90.0 2.05016E+04
 90.5 2.01338E+04
 91.0 1.97665E+04
 91.5 1.93999E+04
 92.0 1.90339E+04
 92.5 1.86686E+04
 93.0 1.83039E+04
 93.5 1.79399E+04
 94.0 1.75765E+04
 94.5 1.72139E+04
 95.0 1.68520E+04
 95.5 1.64909E+04
 96.0 1.61305E+04
 96.5 1.57708E+04
 97.0 1.54119E+04
 97.5 1.50539E+04
 98.0 1.46966E+04
 98.5 1.43401E+04
 99.0 1.39845E+04
 99.5 1.36297E+04
100.0 1.32758E+04
100.5 1.29228E+04
101.0 1.25706E+04
101.5 1.22194E+04
102.0 1.18690E+04
102.5 1.15196E+04
103.0 1.11712E+04
103.5 1.08237E+04
104.0 1.04772E+04
104.5 1.01316E+04
105.0 9.78710E+03
105.5 9.44359E+03
106.0 9.10113E+03
106.5 8.75971E+03
107.0 8.41936E+03
107.5 8.08009E+03
108.0 7.74192E+03
108.5 7.40487E+03
109.0 7.06894E+03
109.5 6.73416E+03
110.0 6.40055E+03
110.5 6.06812E+03
111.0 5.73688E+03
111.5 5.40687E+03
112.0 5.07808E+03
112.5 4.75054E+03
113.0 4.42427E+03
113.5 4.09929E+03
114.0 3.77561E+03
114.5 3.45325E+03
115.0 3.13224E+03
115.5 2.81258E+03
116.0 2.49430E+03
116.5 2.17742E+03
117.0 1.86196E+03
117.5 1.54794E+03
118.0 1.23537E+03
118.5 9.24276E+02
119.0 6.14682E+02
119.5 3.06604E+02
120.0 2.55128E+01
