120K16D0W2
  0.5 0.00000E+00
  1.0 0.00000E+00
  1.5 0.00000E+00
  2.0 0.00000E+00
  2.5 0.00000E+00
  3.0 0.00000E+00
  3.5 2.63056E+04
  4.0 3.44090E+04
  4.5 4.28957E+04
  5.0 5.17580E+04
  5.5 6.09958E+04
  6.0 7.06129E+04
  6.5 8.06184E+04
  7.0 9.10276E+04
  7.5 1.01865E+05
  8.0 1.13168E+05
  8.5 1.53845E+06
  9.0 1.37361E+05
  9.5 1.38202E+06
 10.0 1.15334E+06
 10.5 6.39346E+04
 11.0 6.87204E+04
 11.5 1.61856E+05
 12.0 5.29454E+04
 12.5 4.93569E+04
 13.0 5.24177E+04
 13.5 5.55390E+04
 14.0 5.87229E+04
 14.5 6.19711E+04
 15.0 6.52846E+04
 15.5 6.86632E+04
 16.0 7.21044E+04
 16.5 7.56029E+04
 17.0 7.91499E+04
 17.5 8.27334E+04
 18.0 8.63370E+04
 18.5 8.99419E+04
 19.0 9.35261E+04
 19.5 9.70659E+04
 20.0 1.00537E+05
 20.5 1.03914E+05
 21.0 1.07175E+05
 21.5 1.10296E+05
 22.0 1.13258E+05
 22.5 1.16044E+05
 23.0 1.18638E+05
 23.5 1.21031E+05
 24.0 1.23212E+05
 24.5 1.25178E+05
 25.0 1.26925E+05
 25.5 1.28452E+05
 26.0 1.29763E+05
 26.5 1.30860E+05
 27.0 1.31749E+05
 27.5 1.32438E+05
 28.0 1.32933E+05
 28.5 1.33245E+05
 29.0 1.33382E+05
 29.5 1.33355E+05
 30.0 1.33173E+05
 30.5 1.32847E+05
 31.0 1.32388E+05
 31.5 1.31804E+05
 32.0 1.31107E+05
 32.5 1.30305E+05
 33.0 1.29408E+05
 33.5 1.28425E+05
 34.0 1.27364E+05
 34.5 1.26233E+05
 35.0 1.25040E+05
 35.5 1.23792E+05
 36.0 1.22496E+05
 36.5 1.21157E+05
 37.0 1.19781E+05
 37.5 1.18375E+05
 38.0 1.16942E+05
 38.5 1.15488E+05
 39.0 1.14016E+05
 39.5 1.12532E+05
 40.0 1.11037E+05
 40.5 1.09536E+05
 41.0 1.08031E+05
 41.5 1.06525E+05
 42.0 1.05021E+05
 42.5 1.03520E+05
 43.0 1.02026E+05
 43.5 1.00539E+05
 44.0 9.90605E+04
 44.5 9.75931E+04
 45.0 9.61376E+04
 45.5 9.46949E+04
 46.0 9.32662E+04
 46.5 9.18523E+04
 47.0 9.04540E+04
 47.5 8.90718E+04
 48.0 8.77064E+04
 48.5 8.63581E+04
 49.0 8.50273E+04
 49.5 8.37145E+04
 50.0 8.24196E+04
 50.5 8.11430E+04
 51.0 7.98848E+04
 51.5 7.86449E+04
 52.0 7.74235E+04
 52.5 7.62206E+04
 53.0 7.50360E+04
 53.5 7.38696E+04
 54.0 7.27215E+04
 54.5 7.15913E+04
 55.0 7.04790E+04
 55.5 6.93844E+04
 56.0 6.83072E+04
 56.5 6.72472E+04
 57.0 6.62043E+04
 57.5 6.51781E+04
 58.0 3.02015E+05
 58.5 6.31750E+04
 59.0 6.21975E+04
 59.5 4.79025E+05
 60.0 6.02894E+04
 60.5 5.93581E+04
 61.0 5.84418E+04
 61.5 5.75399E+04
 62.0 5.66523E+04
 62.5 5.57787E+04
 63.0 5.49188E+04
 63.5 5.40723E+04
 64.0 5.32389E+04
 64.5 5.24182E+04
 65.0 5.16102E+04
 65.5 5.08144E+04
 66.0 5.00306E+04
 66.5 4.92585E+04
 67.0 1.89786E+05
 67.5 4.77484E+04
 68.0 4.70098E+04
 68.5 4.62819E+04
 69.0 8.29275E+04
 69.5 4.34845E+04
 70.0 3.60759E+04
 70.5 3.56850E+04
 71.0 3.52939E+04
 71.5 3.49025E+04
 72.0 3.45109E+04
 72.5 3.41192E+04
 73.0 3.37274E+04
 73.5 3.33357E+04
 74.0 3.29440E+04
 74.5 3.25524E+04
 75.0 3.21609E+04
 75.5 3.17697E+04
 76.0 3.13786E+04
 76.5 3.09878E+04
 77.0 3.05974E+04
 77.5 3.02072E+04
 78.0 2.98174E+04
 78.5 2.94281E+04
 79.0 2.90391E+04
 79.5 2.86506E+04
 80.0 2.82626E+04
 80.5 2.78750E+04
 81.0 2.74880E+04
 81.5 2.71016E+04
 82.0 2.67157E+04
 82.5 2.63304E+04
 83.0 2.59457E+04
 83.5 2.55616E+04
 84.0 2.51782E+04
 84.5 2.47954E+04
 85.0 2.44133E+04
 85.5 2.40319E+04
 86.0 2.36512E+04
 86.5 2.32712E+04
 87.0 2.28919E+04
 87.5 2.25134E+04
 88.0 2.21356E+04
 88.5 2.17586E+04
 89.0 2.13823E+04
 89.5 2.10068E+04
 90.0 2.06322E+04
 90.5 2.02583E+04
 91.0 1.98852E+04
 91.5 1.95130E+04
 92.0 1.91416E+04
 92.5 1.87710E+04
 93.0 1.84013E+04
 93.5 1.80325E+04
 94.0 1.76645E+04
 94.5 1.72974E+04
 95.0 1.69312E+04
 95.5 1.65659E+04
 96.0 1.62015E+04
 96.5 1.58380E+04
 97.0 1.54755E+04
 97.5 1.51139E+04
 98.0 1.47532E+04
 98.5 1.43935E+04
 99.0 1.40348E+04
 99.5 1.36770E+04
100.0 1.33202E+04
100.5 1.29644E+04
101.0 1.26097E+04
101.5 1.22559E+04
102.0 1.19032E+04
102.5 1.15515E+04
103.0 1.12009E+04
103.5 1.08513E+04
104.0 1.05028E+04
104.5 1.01554E+04
105.0 9.80910E+03
105.5 9.46390E+03
106.0 9.11982E+03
106.5 8.77688E+03
107.0 8.43509E+03
107.5 8.09446E+03
108.0 7.75501E+03
108.5 7.41674E+03
109.0 7.07968E+03
109.5 6.74383E+03
110.0 6.40922E+03
110.5 6.07586E+03
111.0 5.74375E+03
111.5 5.41292E+03
112.0 5.08339E+03
112.5 4.75516E+03
113.0 4.42825E+03
113.5 4.10269E+03
114.0 3.77848E+03
114.5 3.45564E+03
115.0 3.13420E+03
115.5 2.81416E+03
116.0 2.49554E+03
116.5 2.17837E+03
117.0 1.86265E+03
117.5 1.54842E+03
118.0 1.23568E+03
118.5 9.24457E+02
119.0 6.14767E+02
119.5 3.06631E+02
120.0 2.55141E+01
