120K13D0W2
  0.5 0.00000E+00
  1.0 0.00000E+00
  1.5 0.00000E+00
  2.0 0.00000E+00
  2.5 0.00000E+00
  3.0 0.00000E+00
  3.5 2.00802E+04
  4.0 2.66735E+04
  4.5 3.35586E+04
  5.0 4.07212E+04
  5.5 4.81560E+04
  6.0 5.58616E+04
  6.5 6.38393E+04
  7.0 7.20934E+04
  7.5 8.06318E+04
  8.0 8.94679E+04
  8.5 8.67062E+05
  9.0 1.08120E+05
  9.5 9.16806E+05
 10.0 7.67661E+05
 10.5 5.06533E+04
 11.0 5.44212E+04
 11.5 1.00374E+05
 12.0 4.19614E+04
 12.5 3.91225E+04
 13.0 4.15412E+04
 13.5 4.39988E+04
 14.0 4.64962E+04
 14.5 4.90341E+04
 15.0 5.16136E+04
 15.5 5.42352E+04
 16.0 5.68995E+04
 16.5 5.96061E+04
 17.0 6.23536E+04
 17.5 6.51389E+04
 18.0 6.79572E+04
 18.5 7.08015E+04
 19.0 7.36625E+04
 19.5 7.65290E+04
 20.0 7.93875E+04
 20.5 8.22235E+04
 21.0 8.50209E+04
 21.5 8.77634E+04
 22.0 9.04346E+04
 22.5 9.30187E+04
 23.0 9.55006E+04
 23.5 9.78665E+04
 24.0 1.00105E+05
 24.5 1.02204E+05
 25.0 1.04157E+05
 25.5 1.05956E+05
 26.0 1.07597E+05
 26.5 1.09077E+05
 27.0 1.10394E+05
 27.5 1.11549E+05
 28.0 1.12543E+05
 28.5 1.13379E+05
 29.0 1.14062E+05
 29.5 1.14596E+05
 30.0 1.14986E+05
 30.5 1.15238E+05
 31.0 1.15360E+05
 31.5 1.15357E+05
 32.0 1.15237E+05
 32.5 1.15007E+05
 33.0 1.14673E+05
 33.5 1.14244E+05
 34.0 1.13726E+05
 34.5 1.13125E+05
 35.0 1.12449E+05
 35.5 1.11703E+05
 36.0 1.10894E+05
 36.5 1.10028E+05
 37.0 1.09109E+05
 37.5 1.08144E+05
 38.0 1.07138E+05
 38.5 1.06094E+05
 39.0 1.05018E+05
 39.5 1.03914E+05
 40.0 1.02784E+05
 40.5 1.01634E+05
 41.0 1.00466E+05
 41.5 9.92836E+04
 42.0 9.80891E+04
 42.5 9.68856E+04
 43.0 9.56752E+04
 43.5 9.44603E+04
 44.0 9.32429E+04
 44.5 9.20249E+04
 45.0 9.08079E+04
 45.5 8.95935E+04
 46.0 8.83832E+04
 46.5 8.71780E+04
 47.0 8.59793E+04
 47.5 8.47879E+04
 48.0 8.36049E+04
 48.5 8.24310E+04
 49.0 8.12670E+04
 49.5 8.01135E+04
 50.0 7.89710E+04
 50.5 7.78400E+04
 51.0 7.67210E+04
 51.5 7.56143E+04
 52.0 7.45202E+04
 52.5 7.34390E+04
 53.0 7.23708E+04
 53.5 7.13157E+04
 54.0 7.02740E+04
 54.5 6.92456E+04
 55.0 6.82307E+04
 55.5 6.72293E+04
 56.0 6.62412E+04
 56.5 6.52666E+04
 57.0 6.43053E+04
 57.5 6.33572E+04
 58.0 2.88927E+05
 58.5 6.15006E+04
 59.0 6.05917E+04
 59.5 4.58690E+05
 60.0 5.88122E+04
 60.5 5.79412E+04
 61.0 5.70825E+04
 61.5 5.62360E+04
 62.0 5.54014E+04
 62.5 5.45786E+04
 63.0 5.37673E+04
 63.5 5.29675E+04
 64.0 5.21789E+04
 64.5 5.14012E+04
 65.0 5.06343E+04
 65.5 4.98780E+04
 66.0 4.91320E+04
 66.5 4.83963E+04
 67.0 1.84325E+05
 67.5 4.69545E+04
 68.0 4.62480E+04
 68.5 4.55510E+04
 69.0 8.10912E+04
 69.5 4.25603E+04
 70.0 3.39451E+04
 70.5 3.36243E+04
 71.0 3.33014E+04
 71.5 3.29765E+04
 72.0 3.26497E+04
 72.5 3.23210E+04
 73.0 3.19905E+04
 73.5 3.16584E+04
 74.0 3.13247E+04
 74.5 3.09895E+04
 75.0 3.06529E+04
 75.5 3.03148E+04
 76.0 2.99756E+04
 76.5 2.96351E+04
 77.0 2.92934E+04
 77.5 2.89507E+04
 78.0 2.86069E+04
 78.5 2.82622E+04
 79.0 2.79166E+04
 79.5 2.75702E+04
 80.0 2.72230E+04
 80.5 2.68750E+04
 81.0 2.65264E+04
 81.5 2.61772E+04
 82.0 2.58273E+04
 82.5 2.54770E+04
 83.0 2.51261E+04
 83.5 2.47749E+04
 84.0 2.44232E+04
 84.5 2.40712E+04
 85.0 2.37188E+04
 85.5 2.33662E+04
 86.0 2.30133E+04
 86.5 2.26603E+04
 87.0 2.23071E+04
 87.5 2.19537E+04
 88.0 2.16003E+04
 88.5 2.12468E+04
 89.0 2.08933E+04
 89.5 2.05398E+04
 90.0 2.01863E+04
 90.5 1.98329E+04
 91.0 1.94796E+04
 91.5 1.91264E+04
 92.0 1.87734E+04
 92.5 1.84205E+04
 93.0 1.80679E+04
 93.5 1.77155E+04
 94.0 1.73634E+04
 94.5 1.70115E+04
 95.0 1.66600E+04
 95.5 1.63089E+04
 96.0 1.59581E+04
 96.5 1.56076E+04
 97.0 1.52577E+04
 97.5 1.49081E+04
 98.0 1.45590E+04
 98.5 1.42104E+04
 99.0 1.38623E+04
 99.5 1.35148E+04
100.0 1.31678E+04
100.5 1.28214E+04
101.0 1.24755E+04
101.5 1.21304E+04
102.0 1.17858E+04
102.5 1.14420E+04
103.0 1.10988E+04
103.5 1.07563E+04
104.0 1.04146E+04
104.5 1.00736E+04
105.0 9.73346E+03
105.5 9.39408E+03
106.0 9.05552E+03
106.5 8.71781E+03
107.0 8.38097E+03
107.5 8.04502E+03
108.0 7.70998E+03
108.5 7.37587E+03
109.0 7.04272E+03
109.5 6.71055E+03
110.0 6.37937E+03
110.5 6.04922E+03
111.0 5.72011E+03
111.5 5.39206E+03
112.0 5.06510E+03
112.5 4.73926E+03
113.0 4.41454E+03
113.5 4.09098E+03
114.0 3.76859E+03
114.5 3.44741E+03
115.0 3.12744E+03
115.5 2.80872E+03
116.0 2.49127E+03
116.5 2.17511E+03
117.0 1.86026E+03
117.5 1.54675E+03
118.0 1.23460E+03
118.5 9.23833E+02
119.0 6.14471E+02
119.5 3.06539E+02
120.0 2.55094E+01
