120K12D0W2
  0.5 0.00000E+00
  1.0 0.00000E+00
  1.5 0.00000E+00
  2.0 0.00000E+00
  2.5 0.00000E+00
  3.0 0.00000E+00
  3.5 1.80553E+04
  4.0 2.41520E+04
  4.5 3.05137E+04
  5.0 3.71234E+04
  5.5 4.39744E+04
  6.0 5.10642E+04
  6.5 5.83923E+04
  7.0 6.59608E+04
  7.5 7.37741E+04
  8.0 8.18410E+04
  8.5 6.77121E+05
  9.0 9.87949E+04
  9.5 7.67362E+05
 10.0 6.43794E+05
 10.5 4.63548E+04
 11.0 4.98021E+04
 11.5 8.34556E+04
 12.0 3.84035E+04
 12.5 3.58061E+04
 13.0 3.80215E+04
 13.5 4.02701E+04
 14.0 4.25523E+04
 14.5 4.48686E+04
 15.0 4.72196E+04
 15.5 4.96059E+04
 16.0 5.20279E+04
 16.5 5.44860E+04
 17.0 5.69794E+04
 17.5 5.95068E+04
 18.0 6.20655E+04
 18.5 6.46512E+04
 19.0 6.72580E+04
 19.5 6.98779E+04
 20.0 7.25015E+04
 20.5 7.51176E+04
 21.0 7.77136E+04
 21.5 8.02761E+04
 22.0 8.27912E+04
 22.5 8.52449E+04
 23.0 8.76234E+04
 23.5 8.99136E+04
 24.0 9.21035E+04
 24.5 9.41823E+04
 25.0 9.61407E+04
 25.5 9.79705E+04
 26.0 9.96656E+04
 26.5 1.01221E+05
 27.0 1.02634E+05
 27.5 1.03903E+05
 28.0 1.05027E+05
 28.5 1.06006E+05
 29.0 1.06844E+05
 29.5 1.07543E+05
 30.0 1.08106E+05
 30.5 1.08539E+05
 31.0 1.08845E+05
 31.5 1.09030E+05
 32.0 1.09101E+05
 32.5 1.09063E+05
 33.0 1.08921E+05
 33.5 1.08683E+05
 34.0 1.08354E+05
 34.5 1.07941E+05
 35.0 1.07449E+05
 35.5 1.06884E+05
 36.0 1.06253E+05
 36.5 1.05560E+05
 37.0 1.04811E+05
 37.5 1.04011E+05
 38.0 1.03164E+05
 38.5 1.02276E+05
 39.0 1.01350E+05
 39.5 1.00391E+05
 40.0 9.94023E+04
 40.5 9.83879E+04
 41.0 9.73508E+04
 41.5 9.62944E+04
 42.0 9.52215E+04
 42.5 9.41349E+04
 43.0 9.30370E+04
 43.5 9.19302E+04
 44.0 9.08167E+04
 44.5 8.96985E+04
 45.0 8.85773E+04
 45.5 8.74548E+04
 46.0 8.63326E+04
 46.5 8.52121E+04
 47.0 8.40944E+04
 47.5 8.29808E+04
 48.0 8.18723E+04
 48.5 8.07699E+04
 49.0 7.96743E+04
 49.5 7.85864E+04
 50.0 7.75067E+04
 50.5 7.64359E+04
 51.0 7.53746E+04
 51.5 7.43231E+04
 52.0 7.32819E+04
 52.5 7.22514E+04
 53.0 7.12317E+04
 53.5 7.02232E+04
 54.0 6.92260E+04
 54.5 6.82404E+04
 55.0 6.72664E+04
 55.5 6.63041E+04
 56.0 6.53536E+04
 56.5 6.44149E+04
 57.0 6.34881E+04
 57.5 6.25732E+04
 58.0 2.83335E+05
 58.5 6.07785E+04
 59.0 5.98987E+04
 59.5 4.49988E+05
 60.0 5.81738E+04
 60.5 5.73285E+04
 61.0 5.64944E+04
 61.5 5.56715E+04
 62.0 5.48596E+04
 62.5 5.40585E+04
 63.0 5.32681E+04
 63.5 5.24883E+04
 64.0 5.17188E+04
 64.5 5.09595E+04
 65.0 5.02103E+04
 65.5 4.94710E+04
 66.0 4.87413E+04
 66.5 4.80212E+04
 67.0 1.81965E+05
 67.5 4.66088E+04
 68.0 4.59162E+04
 68.5 4.52325E+04
 69.0 8.02948E+04
 69.5 4.21642E+04
 70.0 3.30557E+04
 70.5 3.27631E+04
 71.0 3.24676E+04
 71.5 3.21694E+04
 72.0 3.18687E+04
 72.5 3.15655E+04
 73.0 3.12599E+04
 73.5 3.09520E+04
 74.0 3.06419E+04
 74.5 3.03297E+04
 75.0 3.00155E+04
 75.5 2.96993E+04
 76.0 2.93813E+04
 76.5 2.90614E+04
 77.0 2.87399E+04
 77.5 2.84168E+04
 78.0 2.80921E+04
 78.5 2.77659E+04
 79.0 2.74383E+04
 79.5 2.71094E+04
 80.0 2.67792E+04
 80.5 2.64477E+04
 81.0 2.61152E+04
 81.5 2.57815E+04
 82.0 2.54468E+04
 82.5 2.51111E+04
 83.0 2.47745E+04
 83.5 2.44370E+04
 84.0 2.40987E+04
 84.5 2.37597E+04
 85.0 2.34199E+04
 85.5 2.30795E+04
 86.0 2.27384E+04
 86.5 2.23968E+04
 87.0 2.20546E+04
 87.5 2.17120E+04
 88.0 2.13689E+04
 88.5 2.10255E+04
 89.0 2.06817E+04
 89.5 2.03375E+04
 90.0 1.99931E+04
 90.5 1.96485E+04
 91.0 1.93036E+04
 91.5 1.89586E+04
 92.0 1.86135E+04
 92.5 1.82683E+04
 93.0 1.79230E+04
 93.5 1.75777E+04
 94.0 1.72324E+04
 94.5 1.68871E+04
 95.0 1.65419E+04
 95.5 1.61969E+04
 96.0 1.58519E+04
 96.5 1.55072E+04
 97.0 1.51626E+04
 97.5 1.48183E+04
 98.0 1.44742E+04
 98.5 1.41304E+04
 99.0 1.37870E+04
 99.5 1.34438E+04
100.0 1.31011E+04
100.5 1.27587E+04
101.0 1.24168E+04
101.5 1.20754E+04
102.0 1.17344E+04
102.5 1.13940E+04
103.0 1.10540E+04
103.5 1.07147E+04
104.0 1.03759E+04
104.5 1.00378E+04
105.0 9.70026E+03
105.5 9.36343E+03
106.0 9.02729E+03
106.5 8.69186E+03
107.0 8.35719E+03
107.5 8.02329E+03
108.0 7.69018E+03
108.5 7.35790E+03
109.0 7.02646E+03
109.5 6.69590E+03
110.0 6.36623E+03
110.5 6.03749E+03
111.0 5.70970E+03
111.5 5.38287E+03
112.0 5.05705E+03
112.5 4.73225E+03
113.0 4.40849E+03
113.5 4.08581E+03
114.0 3.76423E+03
114.5 3.44377E+03
115.0 3.12446E+03
115.5 2.80633E+03
116.0 2.48939E+03
116.5 2.17367E+03
117.0 1.85921E+03
117.5 1.54602E+03
118.0 1.23412E+03
118.5 9.23557E+02
119.0 6.14340E+02
119.5 3.06499E+02
120.0 2.55073E+01
