120K14D0W2
  0.5 0.00000E+00
  1.0 0.00000E+00
  1.5 0.00000E+00
  2.0 0.00000E+00
  2.5 0.00000E+00
  3.0 0.00000E+00
  3.5 2.21299E+04
  4.0 2.92228E+04
  4.5 3.66360E+04
  5.0 4.43579E+04
  5.5 5.23845E+04
  6.0 6.07161E+04
  6.5 6.93560E+04
  7.0 7.83112E+04
  7.5 8.75941E+04
  8.0 9.72242E+04
  8.5 1.07589E+06
  9.0 1.17646E+05
  9.5 1.07017E+06
 10.0 8.94782E+05
 10.5 5.50131E+04
 11.0 5.91104E+04
 11.5 1.19196E+05
 12.0 4.55685E+04
 12.5 4.24842E+04
 13.0 4.51112E+04
 13.5 4.77837E+04
 14.0 5.05028E+04
 14.5 5.32696E+04
 15.0 5.60853E+04
 15.5 5.89508E+04
 16.0 6.18659E+04
 16.5 6.48294E+04
 17.0 6.78381E+04
 17.5 7.08870E+04
 18.0 7.39679E+04
 18.5 7.70704E+04
 19.0 8.01816E+04
 19.5 8.32860E+04
 20.0 8.63665E+04
 20.5 8.94047E+04
 21.0 9.23817E+04
 21.5 9.52785E+04
 22.0 9.80769E+04
 22.5 1.00760E+05
 23.0 1.03312E+05
 23.5 1.05719E+05
 24.0 1.07970E+05
 24.5 1.10056E+05
 25.0 1.11969E+05
 25.5 1.13705E+05
 26.0 1.15261E+05
 26.5 1.16635E+05
 27.0 1.17830E+05
 27.5 1.18847E+05
 28.0 1.19691E+05
 28.5 1.20365E+05
 29.0 1.20876E+05
 29.5 1.21231E+05
 30.0 1.21437E+05
 30.5 1.21501E+05
 31.0 1.21431E+05
 31.5 1.21235E+05
 32.0 1.20922E+05
 32.5 1.20499E+05
 33.0 1.19975E+05
 33.5 1.19356E+05
 34.0 1.18652E+05
 34.5 1.17869E+05
 35.0 1.17013E+05
 35.5 1.16093E+05
 36.0 1.15114E+05
 36.5 1.14082E+05
 37.0 1.13003E+05
 37.5 1.11882E+05
 38.0 1.10725E+05
 38.5 1.09535E+05
 39.0 1.08318E+05
 39.5 1.07078E+05
 40.0 1.05818E+05
 40.5 1.04542E+05
 41.0 1.03253E+05
 41.5 1.01954E+05
 42.0 1.00648E+05
 42.5 9.93371E+04
 43.0 9.80238E+04
 43.5 9.67102E+04
 44.0 9.53981E+04
 44.5 9.40893E+04
 45.0 9.27854E+04
 45.5 9.14877E+04
 46.0 9.01976E+04
 46.5 8.89160E+04
 47.0 8.76442E+04
 47.5 8.63829E+04
 48.0 8.51329E+04
 48.5 8.38949E+04
 49.0 8.26695E+04
 49.5 8.14573E+04
 50.0 8.02586E+04
 50.5 7.90739E+04
 51.0 7.79035E+04
 51.5 7.67476E+04
 52.0 7.56064E+04
 52.5 7.44800E+04
 53.0 7.33687E+04
 53.5 7.22724E+04
 54.0 7.11911E+04
 54.5 7.01250E+04
 55.0 6.90739E+04
 55.5 6.80377E+04
 56.0 6.70165E+04
 56.5 6.60101E+04
 57.0 6.50184E+04
 57.5 6.40413E+04
 58.0 2.93827E+05
 58.5 6.21299E+04
 59.0 6.11955E+04
 59.5 4.66309E+05
 60.0 5.93679E+04
 60.5 5.84744E+04
 61.0 5.75941E+04
 61.5 5.67269E+04
 62.0 5.58725E+04
 62.5 5.50306E+04
 63.0 5.42012E+04
 63.5 5.33838E+04
 64.0 5.25784E+04
 64.5 5.17846E+04
 65.0 5.10023E+04
 65.5 5.02311E+04
 66.0 4.94710E+04
 66.5 4.87216E+04
 67.0 1.86380E+05
 67.5 4.72541E+04
 68.0 4.65356E+04
 68.5 4.58269E+04
 69.0 8.17831E+04
 69.5 4.29067E+04
 70.0 3.47347E+04
 70.5 3.43884E+04
 71.0 3.40407E+04
 71.5 3.36915E+04
 72.0 3.33410E+04
 72.5 3.29893E+04
 73.0 3.26364E+04
 73.5 3.22825E+04
 74.0 3.19275E+04
 74.5 3.15716E+04
 75.0 3.12148E+04
 75.5 3.08572E+04
 76.0 3.04989E+04
 76.5 3.01398E+04
 77.0 2.97802E+04
 77.5 2.94200E+04
 78.0 2.90592E+04
 78.5 2.86980E+04
 79.0 2.83364E+04
 79.5 2.79744E+04
 80.0 2.76120E+04
 80.5 2.72494E+04
 81.0 2.68866E+04
 81.5 2.65235E+04
 82.0 2.61603E+04
 82.5 2.57970E+04
 83.0 2.54335E+04
 83.5 2.50701E+04
 84.0 2.47066E+04
 84.5 2.43431E+04
 85.0 2.39797E+04
 85.5 2.36163E+04
 86.0 2.32530E+04
 86.5 2.28899E+04
 87.0 2.25270E+04
 87.5 2.21642E+04
 88.0 2.18017E+04
 88.5 2.14394E+04
 89.0 2.10774E+04
 89.5 2.07156E+04
 90.0 2.03542E+04
 90.5 1.99931E+04
 91.0 1.96324E+04
 91.5 1.92721E+04
 92.0 1.89122E+04
 92.5 1.85527E+04
 93.0 1.81936E+04
 93.5 1.78351E+04
 94.0 1.74770E+04
 94.5 1.71194E+04
 95.0 1.67624E+04
 95.5 1.64059E+04
 96.0 1.60500E+04
 96.5 1.56947E+04
 97.0 1.53399E+04
 97.5 1.49858E+04
 98.0 1.46324E+04
 98.5 1.42796E+04
 99.0 1.39275E+04
 99.5 1.35761E+04
100.0 1.32254E+04
100.5 1.28755E+04
101.0 1.25263E+04
101.5 1.21779E+04
102.0 1.18302E+04
102.5 1.14834E+04
103.0 1.11374E+04
103.5 1.07923E+04
104.0 1.04480E+04
104.5 1.01046E+04
105.0 9.76211E+03
105.5 9.42053E+03
106.0 9.07988E+03
106.5 8.74020E+03
107.0 8.40148E+03
107.5 8.06376E+03
108.0 7.72705E+03
108.5 7.39137E+03
109.0 7.05673E+03
109.5 6.72317E+03
110.0 6.39069E+03
110.5 6.05932E+03
111.0 5.72907E+03
111.5 5.39997E+03
112.0 5.07204E+03
112.5 4.74529E+03
113.0 4.41974E+03
113.5 4.09542E+03
114.0 3.77234E+03
114.5 3.45053E+03
115.0 3.13001E+03
115.5 2.81079E+03
116.0 2.49289E+03
116.5 2.17635E+03
117.0 1.86117E+03
117.5 1.54739E+03
118.0 1.23501E+03
118.5 9.24070E+02
119.0 6.14584E+02
119.5 3.06574E+02
120.0 2.55112E+01
