120K17D0W2
  0.5 0.00000E+00
  1.0 0.00000E+00
  1.5 0.00000E+00
  2.0 0.00000E+00
  2.5 0.00000E+00
  3.0 0.00000E+00
  3.5 2.84331E+04
  4.0 3.70491E+04
  4.5 4.60823E+04
  5.0 5.55272E+04
  5.5 6.53855E+04
  6.0 7.56639E+04
  6.5 8.63750E+04
  7.0 9.75399E+04
  7.5 1.09191E+05
  8.0 1.21378E+05
  8.5 1.78685E+06
  9.0 1.47579E+05
  9.5 1.53809E+06
 10.0 1.28279E+06
 10.5 6.85062E+04
 11.0 7.36529E+04
 11.5 1.85330E+05
 12.0 5.67231E+04
 12.5 5.28751E+04
 13.0 5.61623E+04
 13.5 5.95187E+04
 14.0 6.29467E+04
 14.5 6.64480E+04
 15.0 7.00233E+04
 15.5 7.36707E+04
 16.0 7.73855E+04
 16.5 8.11594E+04
 17.0 8.49795E+04
 17.5 8.88289E+04
 18.0 9.26868E+04
 18.5 9.65292E+04
 19.0 1.00330E+05
 19.5 1.04061E+05
 20.0 1.07695E+05
 20.5 1.11205E+05
 21.0 1.14567E+05
 21.5 1.17757E+05
 22.0 1.20755E+05
 22.5 1.23547E+05
 23.0 1.26118E+05
 23.5 1.28459E+05
 24.0 1.30564E+05
 24.5 1.32430E+05
 25.0 1.34057E+05
 25.5 1.35447E+05
 26.0 1.36605E+05
 26.5 1.37537E+05
 27.0 1.38251E+05
 27.5 1.38756E+05
 28.0 1.39062E+05
 28.5 1.39180E+05
 29.0 1.39121E+05
 29.5 1.38896E+05
 30.0 1.38517E+05
 30.5 1.37995E+05
 31.0 1.37341E+05
 31.5 1.36566E+05
 32.0 1.35681E+05
 32.5 1.34696E+05
 33.0 1.33620E+05
 33.5 1.32462E+05
 34.0 1.31232E+05
 34.5 1.29938E+05
 35.0 1.28587E+05
 35.5 1.27186E+05
 36.0 1.25742E+05
 36.5 1.24262E+05
 37.0 1.22750E+05
 37.5 1.21213E+05
 38.0 1.19655E+05
 38.5 1.18080E+05
 39.0 1.16493E+05
 39.5 1.14898E+05
 40.0 1.13298E+05
 40.5 1.11696E+05
 41.0 1.10095E+05
 41.5 1.08497E+05
 42.0 1.06905E+05
 42.5 1.05320E+05
 43.0 1.03745E+05
 43.5 1.02182E+05
 44.0 1.00631E+05
 44.5 9.90936E+04
 45.0 9.75715E+04
 45.5 9.60655E+04
 46.0 9.45763E+04
 46.5 9.31047E+04
 47.0 9.16514E+04
 47.5 9.02166E+04
 48.0 8.88011E+04
 48.5 8.74051E+04
 49.0 8.60287E+04
 49.5 8.46723E+04
 50.0 8.33360E+04
 50.5 8.20198E+04
 51.0 8.07238E+04
 51.5 7.94478E+04
 52.0 7.81920E+04
 52.5 7.69562E+04
 53.0 7.57402E+04
 53.5 7.45439E+04
 54.0 7.33671E+04
 54.5 7.22096E+04
 55.0 7.10712E+04
 55.5 6.99516E+04
 56.0 6.88506E+04
 56.5 6.77678E+04
 57.0 6.67031E+04
 57.5 6.56561E+04
 58.0 3.05473E+05
 58.5 6.36140E+04
 59.0 6.26183E+04
 59.5 4.84391E+05
 60.0 6.06760E+04
 60.5 5.97288E+04
 61.0 5.87971E+04
 61.5 5.78807E+04
 62.0 5.69791E+04
 62.5 5.60921E+04
 63.0 5.52193E+04
 63.5 5.43604E+04
 64.0 5.35152E+04
 64.5 5.26833E+04
 65.0 5.18644E+04
 65.5 5.10582E+04
 66.0 5.02645E+04
 66.5 4.94829E+04
 67.0 1.91216E+05
 67.5 4.79548E+04
 68.0 4.72078E+04
 68.5 4.64718E+04
 69.0 8.34066E+04
 69.5 4.37282E+04
 70.0 3.66507E+04
 70.5 3.62402E+04
 71.0 3.58300E+04
 71.5 3.54201E+04
 72.0 3.50105E+04
 72.5 3.46014E+04
 73.0 3.41927E+04
 73.5 3.37845E+04
 74.0 3.33769E+04
 74.5 3.29698E+04
 75.0 3.25633E+04
 75.5 3.21574E+04
 76.0 3.17522E+04
 76.5 3.13477E+04
 77.0 3.09440E+04
 77.5 3.05409E+04
 78.0 3.01386E+04
 78.5 2.97371E+04
 79.0 2.93364E+04
 79.5 2.89365E+04
 80.0 2.85375E+04
 80.5 2.81393E+04
 81.0 2.77420E+04
 81.5 2.73455E+04
 82.0 2.69499E+04
 82.5 2.65553E+04
 83.0 2.61615E+04
 83.5 2.57687E+04
 84.0 2.53767E+04
 84.5 2.49858E+04
 85.0 2.45957E+04
 85.5 2.42066E+04
 86.0 2.38185E+04
 86.5 2.34313E+04
 87.0 2.30451E+04
 87.5 2.26599E+04
 88.0 2.22757E+04
 88.5 2.18924E+04
 89.0 2.15102E+04
 89.5 2.11289E+04
 90.0 2.07486E+04
 90.5 2.03693E+04
 91.0 1.99911E+04
 91.5 1.96138E+04
 92.0 1.92376E+04
 92.5 1.88623E+04
 93.0 1.84881E+04
 93.5 1.81150E+04
 94.0 1.77428E+04
 94.5 1.73717E+04
 95.0 1.70017E+04
 95.5 1.66327E+04
 96.0 1.62647E+04
 96.5 1.58979E+04
 97.0 1.55320E+04
 97.5 1.51673E+04
 98.0 1.48036E+04
 98.5 1.44410E+04
 99.0 1.40795E+04
 99.5 1.37190E+04
100.0 1.33597E+04
100.5 1.30015E+04
101.0 1.26444E+04
101.5 1.22884E+04
102.0 1.19336E+04
102.5 1.15798E+04
103.0 1.12273E+04
103.5 1.08759E+04
104.0 1.05256E+04
104.5 1.01765E+04
105.0 9.82863E+03
105.5 9.48192E+03
106.0 9.13642E+03
106.5 8.79212E+03
107.0 8.44905E+03
107.5 8.10721E+03
108.0 7.76661E+03
108.5 7.42727E+03
109.0 7.08920E+03
109.5 6.75241E+03
110.0 6.41691E+03
110.5 6.08271E+03
111.0 5.74984E+03
111.5 5.41829E+03
112.0 5.08809E+03
112.5 4.75925E+03
113.0 4.43178E+03
113.5 4.10570E+03
114.0 3.78102E+03
114.5 3.45776E+03
115.0 3.13593E+03
115.5 2.81555E+03
116.0 2.49664E+03
116.5 2.17920E+03
117.0 1.86327E+03
117.5 1.54885E+03
118.0 1.23596E+03
118.5 9.24618E+02
119.0 6.14844E+02
119.5 3.06654E+02
120.0 2.55154E+01
