120K11D0W2
  0.5 0.00000E+00
  1.0 0.00000E+00
  1.5 0.00000E+00
  2.0 0.00000E+00
  2.5 0.00000E+00
  3.0 0.00000E+00
  3.5 1.60556E+04
  4.0 2.16573E+04
  4.5 2.74995E+04
  5.0 3.35621E+04
  5.5 3.98369E+04
  6.0 4.63202E+04
  6.5 5.30103E+04
  7.0 5.99074E+04
  7.5 6.70138E+04
  8.0 7.43342E+04
  8.5 5.09095E+05
  9.0 8.96550E+04
  9.5 6.24052E+05
 10.0 5.24994E+05
 10.5 4.21132E+04
 11.0 4.52481E+04
 11.5 6.85797E+04
 12.0 3.48916E+04
 12.5 3.25319E+04
 13.0 3.45488E+04
 13.5 3.65936E+04
 14.0 3.86666E+04
 14.5 4.07679E+04
 15.0 4.28979E+04
 15.5 4.50569E+04
 16.0 4.72453E+04
 16.5 4.94634E+04
 17.0 5.17111E+04
 17.5 5.39879E+04
 18.0 5.62925E+04
 18.5 5.86226E+04
 19.0 6.09747E+04
 19.5 6.33438E+04
 20.0 6.57238E+04
 20.5 6.81066E+04
 21.0 7.04832E+04
 21.5 7.28433E+04
 22.0 7.51758E+04
 22.5 7.74691E+04
 23.0 7.97113E+04
 23.5 8.18907E+04
 24.0 8.39961E+04
 24.5 8.60170E+04
 25.0 8.79437E+04
 25.5 8.97676E+04
 26.0 9.14815E+04
 26.5 9.30793E+04
 27.0 9.45563E+04
 27.5 9.59091E+04
 28.0 9.71354E+04
 28.5 9.82342E+04
 29.0 9.92055E+04
 29.5 1.00050E+05
 30.0 1.00771E+05
 30.5 1.01369E+05
 31.0 1.01849E+05
 31.5 1.02215E+05
 32.0 1.02469E+05
 32.5 1.02618E+05
 33.0 1.02667E+05
 33.5 1.02619E+05
 34.0 1.02481E+05
 34.5 1.02258E+05
 35.0 1.01954E+05
 35.5 1.01576E+05
 36.0 1.01128E+05
 36.5 1.00616E+05
 37.0 1.00044E+05
 37.5 9.94167E+04
 38.0 9.87392E+04
 38.5 9.80156E+04
 39.0 9.72502E+04
 39.5 9.64467E+04
 40.0 9.56092E+04
 40.5 9.47410E+04
 41.0 9.38457E+04
 41.5 9.29262E+04
 42.0 9.19855E+04
 42.5 9.10266E+04
 43.0 9.00518E+04
 43.5 8.90637E+04
 44.0 8.80646E+04
 44.5 8.70563E+04
 45.0 8.60410E+04
 45.5 8.50204E+04
 46.0 8.39961E+04
 46.5 8.29696E+04
 47.0 8.19423E+04
 47.5 8.09155E+04
 48.0 7.98904E+04
 48.5 7.88679E+04
 49.0 7.78492E+04
 49.5 7.68349E+04
 50.0 7.58260E+04
 50.5 7.48231E+04
 51.0 7.38268E+04
 51.5 7.28378E+04
 52.0 7.18565E+04
 52.5 7.08833E+04
 53.0 6.99187E+04
 53.5 6.89630E+04
 54.0 6.80165E+04
 54.5 6.70794E+04
 55.0 6.61520E+04
 55.5 6.52344E+04
 56.0 6.43268E+04
 56.5 6.34293E+04
 57.0 6.25419E+04
 57.5 6.16647E+04
 58.0 2.76890E+05
 58.5 5.99412E+04
 59.0 5.90948E+04
 59.5 4.39949E+05
 60.0 5.74327E+04
 60.5 5.66169E+04
 61.0 5.58111E+04
 61.5 5.50154E+04
 62.0 5.42295E+04
 62.5 5.34535E+04
 63.0 5.26871E+04
 63.5 5.19304E+04
 64.0 5.11831E+04
 64.5 5.04451E+04
 65.0 4.97163E+04
 65.5 4.89966E+04
 66.0 4.82858E+04
 66.5 4.75838E+04
 67.0 1.79225E+05
 67.5 4.62055E+04
 68.0 4.55290E+04
 68.5 4.48606E+04
 69.0 7.93678E+04
 69.5 4.17066E+04
 70.0 3.20464E+04
 70.5 3.17847E+04
 71.0 3.15196E+04
 71.5 3.12510E+04
 72.0 3.09793E+04
 72.5 3.07043E+04
 73.0 3.04264E+04
 73.5 3.01455E+04
 74.0 2.98617E+04
 74.5 2.95752E+04
 75.0 2.92861E+04
 75.5 2.89944E+04
 76.0 2.87002E+04
 76.5 2.84036E+04
 77.0 2.81048E+04
 77.5 2.78037E+04
 78.0 2.75005E+04
 78.5 2.71952E+04
 79.0 2.68880E+04
 79.5 2.65789E+04
 80.0 2.62679E+04
 80.5 2.59552E+04
 81.0 2.56409E+04
 81.5 2.53249E+04
 82.0 2.50074E+04
 82.5 2.46884E+04
 83.0 2.43680E+04
 83.5 2.40463E+04
 84.0 2.37233E+04
 84.5 2.33991E+04
 85.0 2.30737E+04
 85.5 2.27472E+04
 86.0 2.24197E+04
 86.5 2.20912E+04
 87.0 2.17618E+04
 87.5 2.14315E+04
 88.0 2.11003E+04
 88.5 2.07684E+04
 89.0 2.04358E+04
 89.5 2.01024E+04
 90.0 1.97685E+04
 90.5 1.94339E+04
 91.0 1.90989E+04
 91.5 1.87633E+04
 92.0 1.84273E+04
 92.5 1.80908E+04
 93.0 1.77541E+04
 93.5 1.74169E+04
 94.0 1.70796E+04
 94.5 1.67419E+04
 95.0 1.64041E+04
 95.5 1.60661E+04
 96.0 1.57280E+04
 96.5 1.53898E+04
 97.0 1.50515E+04
 97.5 1.47133E+04
 98.0 1.43751E+04
 98.5 1.40369E+04
 99.0 1.36988E+04
 99.5 1.33608E+04
100.0 1.30230E+04
100.5 1.26855E+04
101.0 1.23481E+04
101.5 1.20110E+04
102.0 1.16742E+04
102.5 1.13377E+04
103.0 1.10016E+04
103.5 1.06658E+04
104.0 1.03305E+04
104.5 9.99568E+03
105.0 9.66131E+03
105.5 9.32745E+03
106.0 8.99414E+03
106.5 8.66140E+03
107.0 8.32927E+03
107.5 7.99777E+03
108.0 7.66693E+03
108.5 7.33678E+03
109.0 7.00736E+03
109.5 6.67869E+03
110.0 6.35079E+03
110.5 6.02370E+03
111.0 5.69745E+03
111.5 5.37207E+03
112.0 5.04757E+03
112.5 4.72400E+03
113.0 4.40138E+03
113.5 4.07974E+03
114.0 3.75910E+03
114.5 3.43950E+03
115.0 3.12096E+03
115.5 2.80350E+03
116.0 2.48717E+03
116.5 2.17198E+03
117.0 1.85796E+03
117.5 1.54515E+03
118.0 1.23356E+03
118.5 9.23232E+02
119.0 6.14186E+02
119.5 3.06452E+02
120.0 2.55048E+01
