121K07D0W2
  0.5 0.00000E+00
  1.0 0.00000E+00
  1.5 0.00000E+00
  2.0 0.00000E+00
  2.5 0.00000E+00
  3.0 0.00000E+00
  3.5 8.27313E+03
  4.0 1.18599E+04
  4.5 1.56200E+04
  5.0 1.95120E+04
  5.5 2.35184E+04
  6.0 2.76307E+04
  6.5 3.18442E+04
  7.0 3.61556E+04
  7.5 4.05625E+04
  8.0 4.50632E+04
  8.5 9.56636E+04
  9.0 5.43420E+04
  9.5 1.67580E+05
 10.0 1.45716E+05
 10.5 2.54954E+04
 11.0 2.74412E+04
 11.5 2.93829E+04
 12.0 2.11265E+04
 12.5 1.96952E+04
 13.0 2.09538E+04
 13.5 2.22242E+04
 14.0 2.35063E+04
 14.5 2.47999E+04
 15.0 2.61046E+04
 15.5 2.74204E+04
 16.0 2.87471E+04
 16.5 3.00843E+04
 17.0 3.14321E+04
 17.5 3.27901E+04
 18.0 3.41583E+04
 18.5 3.55364E+04
 19.0 3.69244E+04
 19.5 3.83218E+04
 20.0 3.97284E+04
 20.5 4.11436E+04
 21.0 4.25666E+04
 21.5 4.39966E+04
 22.0 4.54320E+04
 22.5 4.68711E+04
 23.0 4.83117E+04
 23.5 4.97511E+04
 24.0 5.11862E+04
 24.5 5.26135E+04
 25.0 5.40289E+04
 25.5 5.54283E+04
 26.0 5.68072E+04
 26.5 5.81610E+04
 27.0 5.94850E+04
 27.5 6.07747E+04
 28.0 6.20254E+04
 28.5 6.32330E+04
 29.0 6.43935E+04
 29.5 6.55031E+04
 30.0 6.65586E+04
 30.5 6.75572E+04
 31.0 6.84964E+04
 31.5 6.93743E+04
 32.0 7.01893E+04
 32.5 7.09402E+04
 33.0 7.16266E+04
 33.5 7.22480E+04
 34.0 7.28047E+04
 34.5 7.32970E+04
 35.0 7.37257E+04
 35.5 7.40919E+04
 36.0 7.43969E+04
 36.5 7.46422E+04
 37.0 7.48295E+04
 37.5 7.49607E+04
 38.0 7.50377E+04
 38.5 7.50627E+04
 39.0 7.50378E+04
 39.5 7.49651E+04
 40.0 7.48470E+04
 40.5 7.46858E+04
 41.0 7.44836E+04
 41.5 7.42428E+04
 42.0 7.39655E+04
 42.5 7.36539E+04
 43.0 7.33102E+04
 43.5 7.29364E+04
 44.0 7.25346E+04
 44.5 7.21067E+04
 45.0 7.16546E+04
 45.5 7.11801E+04
 46.0 7.06850E+04
 46.5 7.01708E+04
 47.0 6.96392E+04
 47.5 6.90918E+04
 48.0 6.85300E+04
 48.5 6.79550E+04
 49.0 6.73683E+04
 49.5 6.67710E+04
 50.0 6.61643E+04
 50.5 6.55492E+04
 51.0 6.49269E+04
 51.5 6.42982E+04
 52.0 6.36641E+04
 52.5 6.30254E+04
 53.0 6.23829E+04
 53.5 6.17374E+04
 54.0 6.10894E+04
 54.5 6.04397E+04
 55.0 5.97888E+04
 55.5 5.91374E+04
 56.0 5.84858E+04
 56.5 5.78346E+04
 57.0 5.71842E+04
 57.5 5.65350E+04
 58.0 2.41764E+05
 58.5 5.52416E+04
 59.0 5.45981E+04
 59.5 3.85774E+05
 60.0 5.33187E+04
 60.5 5.26833E+04
 61.0 5.20512E+04
 61.5 5.14223E+04
 62.0 5.07970E+04
 62.5 5.01753E+04
 63.0 4.95575E+04
 63.5 4.89435E+04
 64.0 4.83336E+04
 64.5 4.77278E+04
 65.0 4.71261E+04
 65.5 4.65286E+04
 66.0 4.59355E+04
 66.5 4.53466E+04
 67.0 1.65400E+05
 67.5 4.41820E+04
 68.0 4.36063E+04
 68.5 4.30349E+04
 69.0 7.48287E+04
 69.5 3.93616E+04
 70.0 2.63169E+04
 70.5 2.62210E+04
 71.0 2.61193E+04
 71.5 2.60120E+04
 72.0 2.58989E+04
 72.5 2.57803E+04
 73.0 2.56561E+04
 73.5 2.55265E+04
 74.0 2.53915E+04
 74.5 2.52511E+04
 75.0 2.51055E+04
 75.5 2.49548E+04
 76.0 2.47989E+04
 76.5 2.46380E+04
 77.0 2.44721E+04
 77.5 2.43014E+04
 78.0 2.41260E+04
 78.5 2.39458E+04
 79.0 2.37611E+04
 79.5 2.35718E+04
 80.0 2.33781E+04
 80.5 2.31801E+04
 81.0 2.29778E+04
 81.5 2.27713E+04
 82.0 2.25608E+04
 82.5 2.23463E+04
 83.0 2.21279E+04
 83.5 2.19057E+04
 84.0 2.16798E+04
 84.5 2.14503E+04
 85.0 2.12172E+04
 85.5 2.09807E+04
 86.0 2.07408E+04
 86.5 2.04977E+04
 87.0 2.02514E+04
 87.5 2.00019E+04
 88.0 1.97495E+04
 88.5 1.94941E+04
 89.0 1.92359E+04
 89.5 1.89749E+04
 90.0 1.87112E+04
 90.5 1.84449E+04
 91.0 1.81761E+04
 91.5 1.79049E+04
 92.0 1.76313E+04
 92.5 1.73555E+04
 93.0 1.70774E+04
 93.5 1.67973E+04
 94.0 1.65150E+04
 94.5 1.62308E+04
 95.0 1.59447E+04
 95.5 1.56568E+04
 96.0 1.53671E+04
 96.5 1.50757E+04
 97.0 1.47828E+04
 97.5 1.44882E+04
 98.0 1.41922E+04
 98.5 1.38948E+04
 99.0 1.35961E+04
 99.5 1.32960E+04
100.0 1.29948E+04
100.5 1.26924E+04
101.0 1.23890E+04
101.5 1.20845E+04
102.0 1.17790E+04
102.5 1.14727E+04
103.0 1.11655E+04
103.5 1.08576E+04
104.0 1.05489E+04
104.5 1.02396E+04
105.0 9.92963E+03
105.5 9.61914E+03
106.0 9.30817E+03
106.5 8.99675E+03
107.0 8.68495E+03
107.5 8.37281E+03
108.0 8.06041E+03
108.5 7.74777E+03
109.0 7.43496E+03
109.5 7.12203E+03
110.0 6.80903E+03
110.5 6.49600E+03
111.0 6.18301E+03
111.5 5.87008E+03
112.0 5.55729E+03
112.5 5.24466E+03
113.0 4.93225E+03
113.5 4.62011E+03
114.0 4.30827E+03
114.5 3.99680E+03
115.0 3.68572E+03
115.5 3.37509E+03
116.0 3.06496E+03
116.5 2.75536E+03
117.0 2.44633E+03
117.5 2.13793E+03
118.0 1.83019E+03
118.5 1.52316E+03
119.0 1.21687E+03
119.5 9.11378E+02
120.0 6.06713E+02
120.5 3.02921E+02
121.0 2.52208E+01
