121K06D0W2
  0.5 0.00000E+00
  1.0 0.00000E+00
  1.5 0.00000E+00
  2.0 0.00000E+00
  2.5 0.00000E+00
  3.0 0.00000E+00
  3.5 6.45854E+03
  4.0 9.53236E+03
  4.5 1.27752E+04
  5.0 1.61362E+04
  5.5 1.95934E+04
  6.0 2.31366E+04
  6.5 2.67601E+04
  7.0 3.04601E+04
  7.5 3.42340E+04
  8.0 3.80796E+04
  8.5 5.88876E+04
  9.0 4.59793E+04
  9.5 1.03254E+05
 10.0 9.17477E+04
 10.5 2.15071E+04
 11.0 2.31736E+04
 11.5 2.39111E+04
 12.0 1.78183E+04
 12.5 1.66083E+04
 13.0 1.76877E+04
 13.5 1.87759E+04
 14.0 1.98728E+04
 14.5 2.09781E+04
 15.0 2.20916E+04
 15.5 2.32130E+04
 16.0 2.43422E+04
 16.5 2.54789E+04
 17.0 2.66229E+04
 17.5 2.77739E+04
 18.0 2.89319E+04
 18.5 3.00965E+04
 19.0 3.12675E+04
 19.5 3.24449E+04
 20.0 3.36282E+04
 20.5 3.48172E+04
 21.0 3.60117E+04
 21.5 3.72111E+04
 22.0 3.84149E+04
 22.5 3.96223E+04
 23.0 4.08324E+04
 23.5 4.20440E+04
 24.0 4.32556E+04
 24.5 4.44654E+04
 25.0 4.56714E+04
 25.5 4.68711E+04
 26.0 4.80619E+04
 26.5 4.92409E+04
 27.0 5.04051E+04
 27.5 5.15511E+04
 28.0 5.26758E+04
 28.5 5.37757E+04
 29.0 5.48475E+04
 29.5 5.58881E+04
 30.0 5.68942E+04
 30.5 5.78631E+04
 31.0 5.87919E+04
 31.5 5.96784E+04
 32.0 6.05202E+04
 32.5 6.13156E+04
 33.0 6.20631E+04
 33.5 6.27613E+04
 34.0 6.34094E+04
 34.5 6.40066E+04
 35.0 6.45527E+04
 35.5 6.50475E+04
 36.0 6.54912E+04
 36.5 6.58842E+04
 37.0 6.62272E+04
 37.5 6.65209E+04
 38.0 6.67664E+04
 38.5 6.69646E+04
 39.0 6.71170E+04
 39.5 6.72249E+04
 40.0 6.72897E+04
 40.5 6.73129E+04
 41.0 6.72962E+04
 41.5 6.72412E+04
 42.0 6.71495E+04
 42.5 6.70229E+04
 43.0 6.68629E+04
 43.5 6.66713E+04
 44.0 6.64497E+04
 44.5 6.61998E+04
 45.0 6.59231E+04
 45.5 6.56212E+04
 46.0 6.52958E+04
 46.5 6.49481E+04
 47.0 6.45797E+04
 47.5 6.41920E+04
 48.0 6.37863E+04
 48.5 6.33639E+04
 49.0 6.29261E+04
 49.5 6.24741E+04
 50.0 6.20089E+04
 50.5 6.15316E+04
 51.0 6.10433E+04
 51.5 6.05450E+04
 52.0 6.00376E+04
 52.5 5.95220E+04
 53.0 5.89989E+04
 53.5 5.84693E+04
 54.0 5.79337E+04
 54.5 5.73930E+04
 55.0 5.68478E+04
 55.5 5.62987E+04
 56.0 5.57463E+04
 56.5 5.51910E+04
 57.0 5.46336E+04
 57.5 5.40742E+04
 58.0 2.24950E+05
 58.5 5.29520E+04
 59.0 5.23899E+04
 59.5 3.59302E+05
 60.0 5.12652E+04
 60.5 5.07034E+04
 61.0 5.01422E+04
 61.5 4.95821E+04
 62.0 4.90231E+04
 62.5 4.84655E+04
 63.0 4.79096E+04
 63.5 4.73554E+04
 64.0 4.68032E+04
 64.5 4.62532E+04
 65.0 4.57054E+04
 65.5 4.51599E+04
 66.0 4.46170E+04
 66.5 4.40766E+04
 67.0 1.57698E+05
 67.5 4.30040E+04
 68.0 4.24719E+04
 68.5 4.19427E+04
 69.0 7.21661E+04
 69.5 3.81355E+04
 70.0 2.40664E+04
 70.5 2.40202E+04
 71.0 2.39681E+04
 71.5 2.39102E+04
 72.0 2.38463E+04
 72.5 2.37766E+04
 73.0 2.37010E+04
 73.5 2.36197E+04
 74.0 2.35325E+04
 74.5 2.34396E+04
 75.0 2.33411E+04
 75.5 2.32368E+04
 76.0 2.31270E+04
 76.5 2.30116E+04
 77.0 2.28907E+04
 77.5 2.27644E+04
 78.0 2.26328E+04
 78.5 2.24958E+04
 79.0 2.23536E+04
 79.5 2.22062E+04
 80.0 2.20537E+04
 80.5 2.18963E+04
 81.0 2.17339E+04
 81.5 2.15666E+04
 82.0 2.13945E+04
 82.5 2.12178E+04
 83.0 2.10365E+04
 83.5 2.08506E+04
 84.0 2.06603E+04
 84.5 2.04656E+04
 85.0 2.02667E+04
 85.5 2.00636E+04
 86.0 1.98564E+04
 86.5 1.96452E+04
 87.0 1.94301E+04
 87.5 1.92111E+04
 88.0 1.89884E+04
 88.5 1.87621E+04
 89.0 1.85322E+04
 89.5 1.82988E+04
 90.0 1.80620E+04
 90.5 1.78220E+04
 91.0 1.75787E+04
 91.5 1.73323E+04
 92.0 1.70829E+04
 92.5 1.68305E+04
 93.0 1.65752E+04
 93.5 1.63172E+04
 94.0 1.60565E+04
 94.5 1.57931E+04
 95.0 1.55273E+04
 95.5 1.52590E+04
 96.0 1.49883E+04
 96.5 1.47153E+04
 97.0 1.44401E+04
 97.5 1.41628E+04
 98.0 1.38835E+04
 98.5 1.36021E+04
 99.0 1.33189E+04
 99.5 1.30339E+04
100.0 1.27471E+04
100.5 1.24586E+04
101.0 1.21686E+04
101.5 1.18770E+04
102.0 1.15839E+04
102.5 1.12895E+04
103.0 1.09938E+04
103.5 1.06968E+04
104.0 1.03987E+04
104.5 1.00994E+04
105.0 9.79912E+03
105.5 9.49784E+03
106.0 9.19566E+03
106.5 8.89264E+03
107.0 8.58883E+03
107.5 8.28430E+03
108.0 7.97911E+03
108.5 7.67332E+03
109.0 7.36700E+03
109.5 7.06021E+03
110.0 6.75300E+03
110.5 6.44542E+03
111.0 6.13755E+03
111.5 5.82944E+03
112.0 5.52113E+03
112.5 5.21269E+03
113.0 4.90418E+03
113.5 4.59564E+03
114.0 4.28713E+03
114.5 3.97871E+03
115.0 3.67043E+03
115.5 3.36233E+03
116.0 3.05447E+03
116.5 2.74690E+03
117.0 2.43968E+03
117.5 2.13284E+03
118.0 1.82645E+03
118.5 1.52055E+03
119.0 1.21518E+03
119.5 9.10397E+02
120.0 6.06247E+02
120.5 3.02777E+02
121.0 2.52133E+01
