121K08D0W2
  0.5 0.00000E+00
  1.0 0.00000E+00
  1.5 0.00000E+00
  2.0 0.00000E+00
  2.5 0.00000E+00
  3.0 0.00000E+00
  3.5 1.01366E+04
  4.0 1.42255E+04
  4.5 1.84983E+04
  5.0 2.29207E+04
  5.5 2.74785E+04
  6.0 3.21646E+04
  6.5 3.69749E+04
  7.0 4.19067E+04
  7.5 4.69581E+04
  8.0 5.21280E+04
  8.5 1.55058E+05
  9.0 6.28247E+04
  9.5 2.53485E+05
 10.0 2.17373E+05
 10.5 2.95233E+04
 11.0 3.17535E+04
 11.5 3.61222E+04
 12.0 2.44667E+04
 12.5 2.28115E+04
 13.0 2.42523E+04
 13.5 2.57083E+04
 14.0 2.71795E+04
 14.5 2.86655E+04
 15.0 3.01663E+04
 15.5 3.16817E+04
 16.0 3.32115E+04
 16.5 3.47558E+04
 17.0 3.63143E+04
 17.5 3.78871E+04
 18.0 3.94739E+04
 18.5 4.10747E+04
 19.0 4.26891E+04
 19.5 4.43166E+04
 20.0 4.59564E+04
 20.5 4.76074E+04
 21.0 4.92677E+04
 21.5 5.09351E+04
 22.0 5.26068E+04
 22.5 5.42791E+04
 23.0 5.59479E+04
 23.5 5.76084E+04
 24.0 5.92554E+04
 24.5 6.08830E+04
 25.0 6.24855E+04
 25.5 6.40565E+04
 26.0 6.55899E+04
 26.5 6.70797E+04
 27.0 6.85202E+04
 27.5 6.99058E+04
 28.0 7.12316E+04
 28.5 7.24930E+04
 29.0 7.36861E+04
 29.5 7.48075E+04
 30.0 7.58545E+04
 30.5 7.68250E+04
 31.0 7.77174E+04
 31.5 7.85309E+04
 32.0 7.92650E+04
 32.5 7.99198E+04
 33.0 8.04960E+04
 33.5 8.09946E+04
 34.0 8.14170E+04
 34.5 8.17649E+04
 35.0 8.20403E+04
 35.5 8.22454E+04
 36.0 8.23828E+04
 36.5 8.24551E+04
 37.0 8.24649E+04
 37.5 8.24151E+04
 38.0 8.23086E+04
 38.5 8.21483E+04
 39.0 8.19371E+04
 39.5 8.16778E+04
 40.0 8.13734E+04
 40.5 8.10267E+04
 41.0 8.06405E+04
 41.5 8.02173E+04
 42.0 7.97599E+04
 42.5 7.92708E+04
 43.0 7.87523E+04
 43.5 7.82068E+04
 44.0 7.76366E+04
 44.5 7.70437E+04
 45.0 7.64302E+04
 45.5 7.57981E+04
 46.0 7.51491E+04
 46.5 7.44849E+04
 47.0 7.38073E+04
 47.5 7.31177E+04
 48.0 7.24176E+04
 48.5 7.17084E+04
 49.0 7.09913E+04
 49.5 7.02674E+04
 50.0 6.95380E+04
 50.5 6.88041E+04
 51.0 6.80665E+04
 51.5 6.73263E+04
 52.0 6.65843E+04
 52.5 6.58411E+04
 53.0 6.50976E+04
 53.5 6.43543E+04
 54.0 6.36119E+04
 54.5 6.28710E+04
 55.0 6.21320E+04
 55.5 6.13954E+04
 56.0 6.06616E+04
 56.5 5.99311E+04
 57.0 5.92040E+04
 57.5 5.84809E+04
 58.0 2.55279E+05
 58.5 5.70474E+04
 59.0 5.63374E+04
 59.5 4.06990E+05
 60.0 5.49322E+04
 60.5 5.42372E+04
 61.0 5.35475E+04
 61.5 5.28633E+04
 62.0 5.21845E+04
 62.5 5.15113E+04
 63.0 5.08438E+04
 63.5 5.01819E+04
 64.0 4.95258E+04
 64.5 4.88754E+04
 65.0 4.82308E+04
 65.5 4.75920E+04
 66.0 4.69589E+04
 66.5 4.63316E+04
 67.0 1.71455E+05
 67.5 4.50942E+04
 68.0 4.44839E+04
 68.5 4.38794E+04
 69.0 7.69063E+04
 69.5 4.03337E+04
 70.0 2.82032E+04
 70.5 2.80611E+04
 71.0 2.79137E+04
 71.5 2.77609E+04
 72.0 2.76030E+04
 72.5 2.74400E+04
 73.0 2.72719E+04
 73.5 2.70990E+04
 74.0 2.69212E+04
 74.5 2.67386E+04
 75.0 2.65514E+04
 75.5 2.63596E+04
 76.0 2.61633E+04
 76.5 2.59627E+04
 77.0 2.57578E+04
 77.5 2.55486E+04
 78.0 2.53354E+04
 78.5 2.51182E+04
 79.0 2.48970E+04
 79.5 2.46720E+04
 80.0 2.44433E+04
 80.5 2.42109E+04
 81.0 2.39750E+04
 81.5 2.37356E+04
 82.0 2.34928E+04
 82.5 2.32467E+04
 83.0 2.29975E+04
 83.5 2.27451E+04
 84.0 2.24897E+04
 84.5 2.22313E+04
 85.0 2.19701E+04
 85.5 2.17062E+04
 86.0 2.14395E+04
 86.5 2.11703E+04
 87.0 2.08985E+04
 87.5 2.06242E+04
 88.0 2.03476E+04
 88.5 2.00687E+04
 89.0 1.97876E+04
 89.5 1.95043E+04
 90.0 1.92190E+04
 90.5 1.89317E+04
 91.0 1.86425E+04
 91.5 1.83514E+04
 92.0 1.80585E+04
 92.5 1.77640E+04
 93.0 1.74678E+04
 93.5 1.71700E+04
 94.0 1.68707E+04
 94.5 1.65700E+04
 95.0 1.62679E+04
 95.5 1.59645E+04
 96.0 1.56599E+04
 96.5 1.53541E+04
 97.0 1.50471E+04
 97.5 1.47391E+04
 98.0 1.44301E+04
 98.5 1.41201E+04
 99.0 1.38092E+04
 99.5 1.34975E+04
100.0 1.31850E+04
100.5 1.28718E+04
101.0 1.25580E+04
101.5 1.22435E+04
102.0 1.19284E+04
102.5 1.16129E+04
103.0 1.12968E+04
103.5 1.09804E+04
104.0 1.06636E+04
104.5 1.03465E+04
105.0 1.00292E+04
105.5 9.71158E+03
106.0 9.39385E+03
106.5 9.07599E+03
107.0 8.75807E+03
107.5 8.44011E+03
108.0 8.12218E+03
108.5 7.80431E+03
109.0 7.48654E+03
109.5 7.16893E+03
110.0 6.85151E+03
110.5 6.53434E+03
111.0 6.21744E+03
111.5 5.90086E+03
112.0 5.58464E+03
112.5 5.26883E+03
113.0 4.95347E+03
113.5 4.63859E+03
114.0 4.32424E+03
114.5 4.01045E+03
115.0 3.69727E+03
115.5 3.38473E+03
116.0 3.07287E+03
116.5 2.76173E+03
117.0 2.45134E+03
117.5 2.14176E+03
118.0 1.83301E+03
118.5 1.52512E+03
119.0 1.21815E+03
119.5 9.12116E+02
120.0 6.07064E+02
120.5 3.03029E+02
121.0 2.52264E+01
