121K11D0W2
  0.5 0.00000E+00
  1.0 0.00000E+00
  1.5 0.00000E+00
  2.0 0.00000E+00
  2.5 0.00000E+00
  3.0 0.00000E+00
  3.5 1.59314E+04
  4.0 2.15005E+04
  4.5 2.73091E+04
  5.0 3.33372E+04
  5.5 3.95762E+04
  6.0 4.60226E+04
  6.5 5.26744E+04
  7.0 5.95318E+04
  7.5 6.65968E+04
  8.0 7.38739E+04
  8.5 4.94023E+05
  9.0 8.91006E+04
  9.5 6.12579E+05
 10.0 5.15518E+05
 10.5 4.18731E+04
 11.0 4.49930E+04
 11.5 6.73683E+04
 12.0 3.47017E+04
 12.5 3.23579E+04
 13.0 3.43666E+04
 13.5 3.64033E+04
 14.0 3.84682E+04
 14.5 4.05613E+04
 15.0 4.26832E+04
 15.5 4.48342E+04
 16.0 4.70145E+04
 16.5 4.92246E+04
 17.0 5.14645E+04
 17.5 5.37337E+04
 18.0 5.60311E+04
 18.5 5.83547E+04
 19.0 6.07012E+04
 19.5 6.30661E+04
 20.0 6.54434E+04
 20.5 6.78255E+04
 21.0 7.02038E+04
 21.5 7.25682E+04
 22.0 7.49078E+04
 22.5 7.72113E+04
 23.0 7.94668E+04
 23.5 8.16628E+04
 24.0 8.37880E+04
 24.5 8.58317E+04
 25.0 8.77841E+04
 25.5 8.96365E+04
 26.0 9.13812E+04
 26.5 9.30120E+04
 27.0 9.45238E+04
 27.5 9.59128E+04
 28.0 9.71766E+04
 28.5 9.83137E+04
 29.0 9.93240E+04
 29.5 1.00208E+05
 30.0 1.00968E+05
 30.5 1.01605E+05
 31.0 1.02123E+05
 31.5 1.02526E+05
 32.0 1.02818E+05
 32.5 1.03003E+05
 33.0 1.03086E+05
 33.5 1.03071E+05
 34.0 1.02966E+05
 34.5 1.02773E+05
 35.0 1.02499E+05
 35.5 1.02148E+05
 36.0 1.01727E+05
 36.5 1.01239E+05
 37.0 1.00690E+05
 37.5 1.00085E+05
 38.0 9.94278E+04
 38.5 9.87230E+04
 39.0 9.79750E+04
 39.5 9.71877E+04
 40.0 9.63648E+04
 40.5 9.55101E+04
 41.0 9.46270E+04
 41.5 9.37185E+04
 42.0 9.27878E+04
 42.5 9.18377E+04
 43.0 9.08708E+04
 43.5 8.98895E+04
 44.0 8.88963E+04
 44.5 8.78931E+04
 45.0 8.68820E+04
 45.5 8.58649E+04
 46.0 8.48433E+04
 46.5 8.38188E+04
 47.0 8.27930E+04
 47.5 8.17670E+04
 48.0 8.07421E+04
 48.5 7.97195E+04
 49.0 7.87000E+04
 49.5 7.76846E+04
 50.0 7.66741E+04
 50.5 7.56692E+04
 51.0 7.46707E+04
 51.5 7.36790E+04
 52.0 7.26949E+04
 52.5 7.17186E+04
 53.0 7.07506E+04
 53.5 6.97913E+04
 54.0 6.88410E+04
 54.5 6.79000E+04
 55.0 6.69685E+04
 55.5 6.60467E+04
 56.0 6.51347E+04
 56.5 6.42327E+04
 57.0 6.33409E+04
 57.5 6.24591E+04
 58.0 2.83473E+05
 58.5 6.07263E+04
 59.0 5.98752E+04
 59.5 4.51091E+05
 60.0 5.82036E+04
 60.5 5.73831E+04
 61.0 5.65726E+04
 61.5 5.57721E+04
 62.0 5.49816E+04
 62.5 5.42009E+04
 63.0 5.34300E+04
 63.5 5.26687E+04
 64.0 5.19168E+04
 64.5 5.11744E+04
 65.0 5.04412E+04
 65.5 4.97172E+04
 66.0 4.90021E+04
 66.5 4.82959E+04
 67.0 1.83736E+05
 67.5 4.69095E+04
 68.0 4.62290E+04
 68.5 4.55568E+04
 69.0 8.10816E+04
 69.5 4.23333E+04
 70.0 3.23637E+04
 70.5 3.21064E+04
 71.0 3.18457E+04
 71.5 3.15815E+04
 72.0 3.13141E+04
 72.5 3.10435E+04
 73.0 3.07699E+04
 73.5 3.04932E+04
 74.0 3.02138E+04
 74.5 2.99315E+04
 75.0 2.96465E+04
 75.5 2.93590E+04
 76.0 2.90689E+04
 76.5 2.87765E+04
 77.0 2.84817E+04
 77.5 2.81847E+04
 78.0 2.78855E+04
 78.5 2.75843E+04
 79.0 2.72810E+04
 79.5 2.69759E+04
 80.0 2.66689E+04
 80.5 2.63601E+04
 81.0 2.60496E+04
 81.5 2.57375E+04
 82.0 2.54239E+04
 82.5 2.51087E+04
 83.0 2.47921E+04
 83.5 2.44741E+04
 84.0 2.41549E+04
 84.5 2.38344E+04
 85.0 2.35127E+04
 85.5 2.31899E+04
 86.0 2.28660E+04
 86.5 2.25411E+04
 87.0 2.22153E+04
 87.5 2.18885E+04
 88.0 2.15609E+04
 88.5 2.12325E+04
 89.0 2.09033E+04
 89.5 2.05735E+04
 90.0 2.02429E+04
 90.5 1.99118E+04
 91.0 1.95801E+04
 91.5 1.92479E+04
 92.0 1.89152E+04
 92.5 1.85820E+04
 93.0 1.82485E+04
 93.5 1.79146E+04
 94.0 1.75804E+04
 94.5 1.72459E+04
 95.0 1.69112E+04
 95.5 1.65764E+04
 96.0 1.62413E+04
 96.5 1.59061E+04
 97.0 1.55709E+04
 97.5 1.52356E+04
 98.0 1.49003E+04
 98.5 1.45650E+04
 99.0 1.42298E+04
 99.5 1.38946E+04
100.0 1.35596E+04
100.5 1.32248E+04
101.0 1.28901E+04
101.5 1.25557E+04
102.0 1.22215E+04
102.5 1.18876E+04
103.0 1.15540E+04
103.5 1.12208E+04
104.0 1.08879E+04
104.5 1.05555E+04
105.0 1.02234E+04
105.5 9.89190E+03
106.0 9.56086E+03
106.5 9.23034E+03
107.0 8.90037E+03
107.5 8.57099E+03
108.0 8.24223E+03
108.5 7.91410E+03
109.0 7.58665E+03
109.5 7.25989E+03
110.0 6.93386E+03
110.5 6.60858E+03
111.0 6.28408E+03
111.5 5.96039E+03
112.0 5.63754E+03
112.5 5.31555E+03
113.0 4.99445E+03
113.5 4.67427E+03
114.0 4.35504E+03
114.5 4.03677E+03
115.0 3.71951E+03
115.5 3.40327E+03
116.0 3.08808E+03
116.5 2.77398E+03
117.0 2.46098E+03
117.5 2.14912E+03
118.0 1.83841E+03
118.5 1.52890E+03
119.0 1.22059E+03
119.5 9.13531E+02
120.0 6.07736E+02
120.5 3.03236E+02
121.0 2.52373E+01
