121K13D0W2
  0.5 0.00000E+00
  1.0 0.00000E+00
  1.5 0.00000E+00
  2.0 0.00000E+00
  2.5 0.00000E+00
  3.0 0.00000E+00
  3.5 1.99295E+04
  4.0 2.64845E+04
  4.5 3.33297E+04
  5.0 4.04508E+04
  5.5 4.78425E+04
  6.0 5.55033E+04
  6.5 6.34341E+04
  7.0 7.16390E+04
  7.5 8.01255E+04
  8.0 8.89064E+04
  8.5 8.45866E+05
  9.0 1.07435E+05
  9.5 9.03768E+05
 10.0 7.56881E+05
 10.5 5.03625E+04
 11.0 5.41115E+04
 11.5 9.85541E+04
 12.0 4.17318E+04
 12.5 3.89122E+04
 13.0 4.13206E+04
 13.5 4.37679E+04
 14.0 4.62548E+04
 14.5 4.87822E+04
 15.0 5.13511E+04
 15.5 5.39621E+04
 16.0 5.66157E+04
 16.5 5.93120E+04
 17.0 6.20495E+04
 17.5 6.48257E+04
 18.0 6.76361E+04
 18.5 7.04741E+04
 19.0 7.33311E+04
 19.5 7.61961E+04
 20.0 7.90565E+04
 20.5 8.18977E+04
 21.0 8.47043E+04
 21.5 8.74601E+04
 22.0 9.01488E+04
 22.5 9.27545E+04
 23.0 9.52621E+04
 23.5 9.76577E+04
 24.0 9.99289E+04
 24.5 1.02065E+05
 25.0 1.04057E+05
 25.5 1.05898E+05
 26.0 1.07582E+05
 26.5 1.09107E+05
 27.0 1.10470E+05
 27.5 1.11672E+05
 28.0 1.12714E+05
 28.5 1.13597E+05
 29.0 1.14327E+05
 29.5 1.14906E+05
 30.0 1.15341E+05
 30.5 1.15638E+05
 31.0 1.15801E+05
 31.5 1.15840E+05
 32.0 1.15759E+05
 32.5 1.15566E+05
 33.0 1.15269E+05
 33.5 1.14873E+05
 34.0 1.14387E+05
 34.5 1.13816E+05
 35.0 1.13168E+05
 35.5 1.12448E+05
 36.0 1.11664E+05
 36.5 1.10820E+05
 37.0 1.09922E+05
 37.5 1.08976E+05
 38.0 1.07987E+05
 38.5 1.06959E+05
 39.0 1.05898E+05
 39.5 1.04806E+05
 40.0 1.03688E+05
 40.5 1.02548E+05
 41.0 1.01388E+05
 41.5 1.00213E+05
 42.0 9.90250E+04
 42.5 9.78267E+04
 43.0 9.66206E+04
 43.5 9.54090E+04
 44.0 9.41941E+04
 44.5 9.29777E+04
 45.0 9.17616E+04
 45.5 9.05474E+04
 46.0 8.93364E+04
 46.5 8.81302E+04
 47.0 8.69297E+04
 47.5 8.57361E+04
 48.0 8.45504E+04
 48.5 8.33734E+04
 49.0 8.22058E+04
 49.5 8.10484E+04
 50.0 7.99017E+04
 50.5 7.87662E+04
 51.0 7.76424E+04
 51.5 7.65306E+04
 52.0 7.54313E+04
 52.5 7.43445E+04
 53.0 7.32707E+04
 53.5 7.22099E+04
 54.0 7.11623E+04
 54.5 7.01280E+04
 55.0 6.91070E+04
 55.5 6.80994E+04
 56.0 6.71052E+04
 56.5 6.61244E+04
 57.0 6.51568E+04
 57.5 6.42026E+04
 58.0 2.96056E+05
 58.5 6.23334E+04
 59.0 6.14183E+04
 59.5 4.70708E+05
 60.0 5.96264E+04
 60.5 5.87494E+04
 61.0 5.78847E+04
 61.5 5.70322E+04
 62.0 5.61917E+04
 62.5 5.53630E+04
 63.0 5.45461E+04
 63.5 5.37406E+04
 64.0 5.29463E+04
 64.5 5.21632E+04
 65.0 5.13909E+04
 65.5 5.06293E+04
 66.0 4.98781E+04
 66.5 4.91373E+04
 67.0 1.89077E+05
 67.5 4.76856E+04
 68.0 4.69744E+04
 68.5 4.62726E+04
 69.0 8.28825E+04
 69.5 4.32167E+04
 70.0 3.43199E+04
 70.5 3.40027E+04
 71.0 3.36834E+04
 71.5 3.33620E+04
 72.0 3.30386E+04
 72.5 3.27134E+04
 73.0 3.23864E+04
 73.5 3.20576E+04
 74.0 3.17273E+04
 74.5 3.13954E+04
 75.0 3.10621E+04
 75.5 3.07274E+04
 76.0 3.03913E+04
 76.5 3.00541E+04
 77.0 2.97157E+04
 77.5 2.93761E+04
 78.0 2.90356E+04
 78.5 2.86940E+04
 79.0 2.83516E+04
 79.5 2.80083E+04
 80.0 2.76642E+04
 80.5 2.73193E+04
 81.0 2.69737E+04
 81.5 2.66275E+04
 82.0 2.62808E+04
 82.5 2.59334E+04
 83.0 2.55856E+04
 83.5 2.52373E+04
 84.0 2.48886E+04
 84.5 2.45395E+04
 85.0 2.41901E+04
 85.5 2.38404E+04
 86.0 2.34904E+04
 86.5 2.31402E+04
 87.0 2.27899E+04
 87.5 2.24394E+04
 88.0 2.20888E+04
 88.5 2.17381E+04
 89.0 2.13874E+04
 89.5 2.10367E+04
 90.0 2.06860E+04
 90.5 2.03353E+04
 91.0 1.99847E+04
 91.5 1.96342E+04
 92.0 1.92839E+04
 92.5 1.89337E+04
 93.0 1.85838E+04
 93.5 1.82340E+04
 94.0 1.78845E+04
 94.5 1.75352E+04
 95.0 1.71863E+04
 95.5 1.68376E+04
 96.0 1.64893E+04
 96.5 1.61414E+04
 97.0 1.57939E+04
 97.5 1.54468E+04
 98.0 1.51001E+04
 98.5 1.47539E+04
 99.0 1.44081E+04
 99.5 1.40629E+04
100.0 1.37182E+04
100.5 1.33740E+04
101.0 1.30305E+04
101.5 1.26875E+04
102.0 1.23451E+04
102.5 1.20034E+04
103.0 1.16623E+04
103.5 1.13219E+04
104.0 1.09822E+04
104.5 1.06433E+04
105.0 1.03050E+04
105.5 9.96756E+03
106.0 9.63088E+03
106.5 9.29501E+03
107.0 8.95996E+03
107.5 8.62576E+03
108.0 8.29243E+03
108.5 7.95999E+03
109.0 7.62845E+03
109.5 7.29785E+03
110.0 6.96820E+03
110.5 6.63953E+03
111.0 6.31185E+03
111.5 5.98518E+03
112.0 5.65955E+03
112.5 5.33498E+03
113.0 5.01149E+03
113.5 4.68909E+03
114.0 4.36782E+03
114.5 4.04770E+03
115.0 3.72873E+03
115.5 3.41096E+03
116.0 3.09439E+03
116.5 2.77906E+03
117.0 2.46497E+03
117.5 2.15216E+03
118.0 1.84065E+03
118.5 1.53046E+03
119.0 1.22160E+03
119.5 9.14116E+02
120.0 6.08014E+02
120.5 3.03321E+02
121.0 2.52417E+01
