121K16D0W2
  0.5 0.00000E+00
  1.0 0.00000E+00
  1.5 0.00000E+00
  2.0 0.00000E+00
  2.5 0.00000E+00
  3.0 0.00000E+00
  3.5 2.61143E+04
  4.0 3.41701E+04
  4.5 4.26069E+04
  5.0 5.14170E+04
  5.5 6.05998E+04
  6.0 7.01590E+04
  6.5 8.01031E+04
  7.0 9.04468E+04
  7.5 1.01214E+05
  8.0 1.12439E+05
  8.5 1.51061E+06
  9.0 1.36455E+05
  9.5 1.36885E+06
 10.0 1.14242E+06
 10.5 6.35622E+04
 11.0 6.83219E+04
 11.5 1.59206E+05
 12.0 5.26520E+04
 12.5 4.90883E+04
 13.0 5.21351E+04
 13.5 5.52420E+04
 14.0 5.84113E+04
 14.5 6.16445E+04
 15.0 6.49431E+04
 15.5 6.83069E+04
 16.0 7.17340E+04
 16.5 7.52196E+04
 17.0 7.87557E+04
 17.5 8.23308E+04
 18.0 8.59296E+04
 18.5 8.95338E+04
 19.0 9.31221E+04
 19.5 9.66714E+04
 20.0 1.00157E+05
 20.5 1.03556E+05
 21.0 1.06843E+05
 21.5 1.09996E+05
 22.0 1.12996E+05
 22.5 1.15824E+05
 23.0 1.18465E+05
 23.5 1.20908E+05
 24.0 1.23143E+05
 24.5 1.25165E+05
 25.0 1.26969E+05
 25.5 1.28555E+05
 26.0 1.29925E+05
 26.5 1.31081E+05
 27.0 1.32029E+05
 27.5 1.32775E+05
 28.0 1.33327E+05
 28.5 1.33694E+05
 29.0 1.33884E+05
 29.5 1.33908E+05
 30.0 1.33775E+05
 30.5 1.33495E+05
 31.0 1.33079E+05
 31.5 1.32537E+05
 32.0 1.31879E+05
 32.5 1.31113E+05
 33.0 1.30250E+05
 33.5 1.29298E+05
 34.0 1.28266E+05
 34.5 1.27162E+05
 35.0 1.25993E+05
 35.5 1.24766E+05
 36.0 1.23489E+05
 36.5 1.22168E+05
 37.0 1.20808E+05
 37.5 1.19415E+05
 38.0 1.17995E+05
 38.5 1.16551E+05
 39.0 1.15088E+05
 39.5 1.13611E+05
 40.0 1.12122E+05
 40.5 1.10625E+05
 41.0 1.09124E+05
 41.5 1.07620E+05
 42.0 1.06117E+05
 42.5 1.04617E+05
 43.0 1.03122E+05
 43.5 1.01633E+05
 44.0 1.00153E+05
 44.5 9.86823E+04
 45.0 9.72231E+04
 45.5 9.57762E+04
 46.0 9.43427E+04
 46.5 9.29236E+04
 47.0 9.15195E+04
 47.5 9.01312E+04
 48.0 8.87593E+04
 48.5 8.74042E+04
 49.0 8.60664E+04
 49.5 8.47462E+04
 50.0 8.34439E+04
 50.5 8.21595E+04
 51.0 8.08934E+04
 51.5 7.96456E+04
 52.0 7.84160E+04
 52.5 7.72049E+04
 53.0 7.60120E+04
 53.5 7.48373E+04
 54.0 7.36808E+04
 54.5 7.25423E+04
 55.0 7.14216E+04
 55.5 7.03186E+04
 56.0 6.92331E+04
 56.5 6.81649E+04
 57.0 6.71137E+04
 57.5 6.60794E+04
 58.0 3.09749E+05
 58.5 6.40601E+04
 59.0 6.30747E+04
 59.5 4.92010E+05
 60.0 6.11510E+04
 60.5 6.02121E+04
 61.0 5.92882E+04
 61.5 5.83790E+04
 62.0 5.74841E+04
 62.5 5.66033E+04
 63.0 5.57364E+04
 63.5 5.48829E+04
 64.0 5.40427E+04
 64.5 5.32155E+04
 65.0 5.24009E+04
 65.5 5.15987E+04
 66.0 5.08087E+04
 66.5 5.00305E+04
 67.0 1.94801E+05
 67.5 4.85086E+04
 68.0 4.77643E+04
 68.5 4.70309E+04
 69.0 8.48024E+04
 69.5 4.41738E+04
 70.0 3.65190E+04
 70.5 3.61304E+04
 71.0 3.57415E+04
 71.5 3.53524E+04
 72.0 3.49631E+04
 72.5 3.45736E+04
 73.0 3.41841E+04
 73.5 3.37946E+04
 74.0 3.34050E+04
 74.5 3.30156E+04
 75.0 3.26263E+04
 75.5 3.22371E+04
 76.0 3.18482E+04
 76.5 3.14596E+04
 77.0 3.10712E+04
 77.5 3.06831E+04
 78.0 3.02955E+04
 78.5 2.99082E+04
 79.0 2.95213E+04
 79.5 2.91348E+04
 80.0 2.87489E+04
 80.5 2.83634E+04
 81.0 2.79785E+04
 81.5 2.75941E+04
 82.0 2.72102E+04
 82.5 2.68270E+04
 83.0 2.64444E+04
 83.5 2.60623E+04
 84.0 2.56809E+04
 84.5 2.53002E+04
 85.0 2.49202E+04
 85.5 2.45408E+04
 86.0 2.41621E+04
 86.5 2.37841E+04
 87.0 2.34069E+04
 87.5 2.30304E+04
 88.0 2.26546E+04
 88.5 2.22796E+04
 89.0 2.19053E+04
 89.5 2.15319E+04
 90.0 2.11592E+04
 90.5 2.07873E+04
 91.0 2.04163E+04
 91.5 2.00460E+04
 92.0 1.96766E+04
 92.5 1.93080E+04
 93.0 1.89403E+04
 93.5 1.85734E+04
 94.0 1.82073E+04
 94.5 1.78422E+04
 95.0 1.74779E+04
 95.5 1.71145E+04
 96.0 1.67520E+04
 96.5 1.63904E+04
 97.0 1.60297E+04
 97.5 1.56700E+04
 98.0 1.53112E+04
 98.5 1.49533E+04
 99.0 1.45963E+04
 99.5 1.42404E+04
100.0 1.38854E+04
100.5 1.35313E+04
101.0 1.31783E+04
101.5 1.28262E+04
102.0 1.24752E+04
102.5 1.21252E+04
103.0 1.17762E+04
103.5 1.14282E+04
104.0 1.10813E+04
104.5 1.07354E+04
105.0 1.03906E+04
105.5 1.00469E+04
106.0 9.70429E+03
106.5 9.36277E+03
107.0 9.02237E+03
107.5 8.68310E+03
108.0 8.34497E+03
108.5 8.00799E+03
109.0 7.67217E+03
109.5 7.33754E+03
110.0 7.00410E+03
110.5 6.67186E+03
111.0 6.34084E+03
111.5 6.01106E+03
112.0 5.68252E+03
112.5 5.35525E+03
113.0 5.02925E+03
113.5 4.70455E+03
114.0 4.38115E+03
114.5 4.05908E+03
115.0 3.73834E+03
115.5 3.41897E+03
116.0 3.10096E+03
116.5 2.78434E+03
117.0 2.46912E+03
117.5 2.15533E+03
118.0 1.84298E+03
118.5 1.53208E+03
119.0 1.22265E+03
119.5 9.14723E+02
120.0 6.08302E+02
120.5 3.03410E+02
121.0 2.52464E+01
