121K20D0W2
  0.5 0.00000E+00
  1.0 0.00000E+00
  1.5 0.00000E+00
  2.0 0.00000E+00
  2.5 0.00000E+00
  3.0 0.00000E+00
  3.5 3.47408E+04
  4.0 4.48708E+04
  4.5 5.55260E+04
  5.0 6.67077E+04
  5.5 7.84246E+04
  6.0 9.06935E+04
  6.5 1.03543E+05
  7.0 1.17016E+05
  7.5 1.31181E+05
  8.0 1.46121E+05
  8.5 2.54374E+06
  9.0 1.78585E+05
  9.5 1.98737E+06
 10.0 1.65564E+06
 10.5 8.22373E+04
 11.0 8.85044E+04
 11.5 2.58916E+05
 12.0 6.80772E+04
 12.5 6.34507E+04
 13.0 6.74402E+04
 13.5 7.15288E+04
 14.0 7.57189E+04
 14.5 8.00103E+04
 15.0 8.43990E+04
 15.5 8.88753E+04
 16.0 9.34239E+04
 16.5 9.80230E+04
 17.0 1.02645E+05
 17.5 1.07258E+05
 18.0 1.11826E+05
 18.5 1.16312E+05
 19.0 1.20678E+05
 19.5 1.24887E+05
 20.0 1.28907E+05
 20.5 1.32707E+05
 21.0 1.36262E+05
 21.5 1.39551E+05
 22.0 1.42559E+05
 22.5 1.45274E+05
 23.0 1.47691E+05
 23.5 1.49806E+05
 24.0 1.51622E+05
 24.5 1.53143E+05
 25.0 1.54377E+05
 25.5 1.55334E+05
 26.0 1.56025E+05
 26.5 1.56464E+05
 27.0 1.56664E+05
 27.5 1.56640E+05
 28.0 1.56408E+05
 28.5 1.55981E+05
 29.0 1.55376E+05
 29.5 1.54606E+05
 30.0 1.53687E+05
 30.5 1.52631E+05
 31.0 1.51453E+05
 31.5 1.50164E+05
 32.0 1.48776E+05
 32.5 1.47302E+05
 33.0 1.45750E+05
 33.5 1.44131E+05
 34.0 1.42455E+05
 34.5 1.40729E+05
 35.0 1.38961E+05
 35.5 1.37159E+05
 36.0 1.35328E+05
 36.5 1.33476E+05
 37.0 1.31607E+05
 37.5 1.29727E+05
 38.0 1.27839E+05
 38.5 1.25949E+05
 39.0 1.24060E+05
 39.5 1.22175E+05
 40.0 1.20297E+05
 40.5 1.18429E+05
 41.0 1.16573E+05
 41.5 1.14731E+05
 42.0 1.12906E+05
 42.5 1.11098E+05
 43.0 1.09310E+05
 43.5 1.07542E+05
 44.0 1.05796E+05
 44.5 1.04072E+05
 45.0 1.02371E+05
 45.5 1.00694E+05
 46.0 9.90407E+04
 46.5 9.74124E+04
 47.0 9.58091E+04
 47.5 9.42309E+04
 48.0 9.26780E+04
 48.5 9.11505E+04
 49.0 8.96482E+04
 49.5 8.81713E+04
 50.0 8.67195E+04
 50.5 8.52926E+04
 51.0 8.38906E+04
 51.5 8.25131E+04
 52.0 8.11600E+04
 52.5 7.98308E+04
 53.0 7.85253E+04
 53.5 7.72433E+04
 54.0 7.59842E+04
 54.5 7.47477E+04
 55.0 7.35335E+04
 55.5 7.23413E+04
 56.0 7.11705E+04
 56.5 7.00208E+04
 57.0 6.88917E+04
 57.5 6.77829E+04
 58.0 3.22306E+05
 58.5 6.56246E+04
 59.0 6.45742E+04
 59.5 5.11507E+05
 60.0 6.25287E+04
 60.5 6.15329E+04
 61.0 6.05546E+04
 61.5 5.95932E+04
 62.0 5.86484E+04
 62.5 5.77199E+04
 63.0 5.68072E+04
 63.5 5.59099E+04
 64.0 5.50277E+04
 64.5 5.41603E+04
 65.0 5.33072E+04
 65.5 5.24681E+04
 66.0 5.16427E+04
 66.5 5.08305E+04
 67.0 1.99973E+05
 67.5 4.92449E+04
 68.0 4.84708E+04
 68.5 4.77086E+04
 69.0 8.65290E+04
 69.5 4.50488E+04
 70.0 3.86005E+04
 70.5 3.81407E+04
 71.0 3.76826E+04
 71.5 3.72263E+04
 72.0 3.67717E+04
 72.5 3.63190E+04
 73.0 3.58680E+04
 73.5 3.54189E+04
 74.0 3.49716E+04
 74.5 3.45261E+04
 75.0 3.40824E+04
 75.5 3.36405E+04
 76.0 3.32005E+04
 76.5 3.27623E+04
 77.0 3.23259E+04
 77.5 3.18913E+04
 78.0 3.14585E+04
 78.5 3.10275E+04
 79.0 3.05983E+04
 79.5 3.01709E+04
 80.0 2.97453E+04
 80.5 2.93214E+04
 81.0 2.88992E+04
 81.5 2.84788E+04
 82.0 2.80602E+04
 82.5 2.76432E+04
 83.0 2.72279E+04
 83.5 2.68144E+04
 84.0 2.64025E+04
 84.5 2.59922E+04
 85.0 2.55836E+04
 85.5 2.51767E+04
 86.0 2.47714E+04
 86.5 2.43676E+04
 87.0 2.39655E+04
 87.5 2.35650E+04
 88.0 2.31660E+04
 88.5 2.27686E+04
 89.0 2.23727E+04
 89.5 2.19784E+04
 90.0 2.15856E+04
 90.5 2.11943E+04
 91.0 2.08045E+04
 91.5 2.04162E+04
 92.0 2.00293E+04
 92.5 1.96440E+04
 93.0 1.92601E+04
 93.5 1.88776E+04
 94.0 1.84966E+04
 94.5 1.81170E+04
 95.0 1.77388E+04
 95.5 1.73621E+04
 96.0 1.69868E+04
 96.5 1.66128E+04
 97.0 1.62403E+04
 97.5 1.58691E+04
 98.0 1.54994E+04
 98.5 1.51310E+04
 99.0 1.47640E+04
 99.5 1.43983E+04
100.0 1.40341E+04
100.5 1.36712E+04
101.0 1.33096E+04
101.5 1.29495E+04
102.0 1.25907E+04
102.5 1.22332E+04
103.0 1.18771E+04
103.5 1.15224E+04
104.0 1.11690E+04
104.5 1.08170E+04
105.0 1.04664E+04
105.5 1.01171E+04
106.0 9.76923E+03
106.5 9.42270E+03
107.0 9.07754E+03
107.5 8.73377E+03
108.0 8.39138E+03
108.5 8.05038E+03
109.0 7.71077E+03
109.5 7.37256E+03
110.0 7.03576E+03
110.5 6.70037E+03
111.0 6.36640E+03
111.5 6.03386E+03
112.0 5.70276E+03
112.5 5.37310E+03
113.0 5.04489E+03
113.5 4.71815E+03
114.0 4.39288E+03
114.5 4.06909E+03
115.0 3.74679E+03
115.5 3.42600E+03
116.0 3.10673E+03
116.5 2.78898E+03
117.0 2.47277E+03
117.5 2.15811E+03
118.0 1.84502E+03
118.5 1.53350E+03
119.0 1.22358E+03
119.5 9.15256E+02
120.0 6.08555E+02
120.5 3.03488E+02
121.0 2.52504E+01
