122K08D0W2
  0.5 0.00000E+00
  1.0 0.00000E+00
  1.5 0.00000E+00
  2.0 0.00000E+00
  2.5 0.00000E+00
  3.0 0.00000E+00
  3.5 1.00528E+04
  4.0 1.41179E+04
  4.5 1.83666E+04
  5.0 2.27645E+04
  5.5 2.72971E+04
  6.0 3.19576E+04
  6.5 3.67417E+04
  7.0 4.16468E+04
  7.5 4.66707E+04
  8.0 5.18126E+04
  8.5 1.49645E+05
  9.0 6.24506E+04
  9.5 2.46868E+05
 10.0 2.11902E+05
 10.5 2.93569E+04
 11.0 3.15773E+04
 11.5 3.56913E+04
 12.0 2.43348E+04
 12.5 2.26905E+04
 13.0 2.41259E+04
 13.5 2.55766E+04
 14.0 2.70425E+04
 14.5 2.85234E+04
 15.0 3.00191E+04
 15.5 3.15295E+04
 16.0 3.30545E+04
 16.5 3.45940E+04
 17.0 3.61478E+04
 17.5 3.77161E+04
 18.0 3.92985E+04
 18.5 4.08949E+04
 19.0 4.25052E+04
 19.5 4.41289E+04
 20.0 4.57652E+04
 20.5 4.74130E+04
 21.0 4.90707E+04
 21.5 5.07363E+04
 22.0 5.24070E+04
 22.5 5.40793E+04
 23.0 5.57494E+04
 23.5 5.74125E+04
 24.0 5.90636E+04
 24.5 6.06970E+04
 25.0 6.23070E+04
 25.5 6.38873E+04
 26.0 6.54320E+04
 26.5 6.69349E+04
 27.0 6.83902E+04
 27.5 6.97925E+04
 28.0 7.11366E+04
 28.5 7.24179E+04
 29.0 7.36323E+04
 29.5 7.47763E+04
 30.0 7.58470E+04
 30.5 7.68421E+04
 31.0 7.77600E+04
 31.5 7.85995E+04
 32.0 7.93600E+04
 32.5 8.00416E+04
 33.0 8.06446E+04
 33.5 8.11701E+04
 34.0 8.16191E+04
 34.5 8.19934E+04
 35.0 8.22948E+04
 35.5 8.25255E+04
 36.0 8.26879E+04
 36.5 8.27844E+04
 37.0 8.28177E+04
 37.5 8.27907E+04
 38.0 8.27061E+04
 38.5 8.25669E+04
 39.0 8.23759E+04
 39.5 8.21360E+04
 40.0 8.18499E+04
 40.5 8.15207E+04
 41.0 8.11510E+04
 41.5 8.07435E+04
 42.0 8.03008E+04
 42.5 7.98255E+04
 43.0 7.93200E+04
 43.5 7.87866E+04
 44.0 7.82276E+04
 44.5 7.76452E+04
 45.0 7.70414E+04
 45.5 7.64182E+04
 46.0 7.57774E+04
 46.5 7.51207E+04
 47.0 7.44499E+04
 47.5 7.37665E+04
 48.0 7.30720E+04
 48.5 7.23678E+04
 49.0 7.16551E+04
 49.5 7.09352E+04
 50.0 7.02092E+04
 50.5 6.94782E+04
 51.0 6.87432E+04
 51.5 6.80051E+04
 52.0 6.72647E+04
 52.5 6.65229E+04
 53.0 6.57804E+04
 53.5 6.50378E+04
 54.0 6.42959E+04
 54.5 6.35550E+04
 55.0 6.28159E+04
 55.5 6.20789E+04
 56.0 6.13445E+04
 56.5 6.06131E+04
 57.0 5.98851E+04
 57.5 5.91608E+04
 58.0 2.60669E+05
 58.5 5.77245E+04
 59.0 5.70130E+04
 59.5 4.16216E+05
 60.0 5.56042E+04
 60.5 5.49074E+04
 61.0 5.42157E+04
 61.5 5.35295E+04
 62.0 5.28486E+04
 62.5 5.21732E+04
 63.0 5.15035E+04
 63.5 5.08395E+04
 64.0 5.01811E+04
 64.5 4.95285E+04
 65.0 4.88816E+04
 65.5 4.82405E+04
 66.0 4.76052E+04
 66.5 4.69756E+04
 67.0 1.75430E+05
 67.5 4.57337E+04
 68.0 4.51213E+04
 68.5 4.45146E+04
 69.0 7.84452E+04
 69.5 4.08925E+04
 70.0 2.84031E+04
 70.5 2.82663E+04
 71.0 2.81243E+04
 71.5 2.79769E+04
 72.0 2.78244E+04
 72.5 2.76667E+04
 73.0 2.75041E+04
 73.5 2.73365E+04
 74.0 2.71641E+04
 74.5 2.69870E+04
 75.0 2.68052E+04
 75.5 2.66188E+04
 76.0 2.64280E+04
 76.5 2.62327E+04
 77.0 2.60332E+04
 77.5 2.58294E+04
 78.0 2.56215E+04
 78.5 2.54096E+04
 79.0 2.51938E+04
 79.5 2.49741E+04
 80.0 2.47507E+04
 80.5 2.45236E+04
 81.0 2.42929E+04
 81.5 2.40587E+04
 82.0 2.38212E+04
 82.5 2.35803E+04
 83.0 2.33362E+04
 83.5 2.30890E+04
 84.0 2.28387E+04
 84.5 2.25854E+04
 85.0 2.23293E+04
 85.5 2.20704E+04
 86.0 2.18087E+04
 86.5 2.15444E+04
 87.0 2.12776E+04
 87.5 2.10082E+04
 88.0 2.07365E+04
 88.5 2.04624E+04
 89.0 2.01861E+04
 89.5 1.99076E+04
 90.0 1.96270E+04
 90.5 1.93444E+04
 91.0 1.90598E+04
 91.5 1.87733E+04
 92.0 1.84851E+04
 92.5 1.81950E+04
 93.0 1.79033E+04
 93.5 1.76100E+04
 94.0 1.73151E+04
 94.5 1.70188E+04
 95.0 1.67210E+04
 95.5 1.64219E+04
 96.0 1.61215E+04
 96.5 1.58198E+04
 97.0 1.55170E+04
 97.5 1.52131E+04
 98.0 1.49081E+04
 98.5 1.46021E+04
 99.0 1.42952E+04
 99.5 1.39874E+04
100.0 1.36787E+04
100.5 1.33693E+04
101.0 1.30592E+04
101.5 1.27484E+04
102.0 1.24370E+04
102.5 1.21250E+04
103.0 1.18125E+04
103.5 1.14996E+04
104.0 1.11862E+04
104.5 1.08725E+04
105.0 1.05584E+04
105.5 1.02441E+04
106.0 9.92954E+03
106.5 9.61481E+03
107.0 9.29996E+03
107.5 8.98501E+03
108.0 8.67003E+03
108.5 8.35504E+03
109.0 8.04010E+03
109.5 7.72526E+03
110.0 7.41054E+03
110.5 7.09599E+03
111.0 6.78166E+03
111.5 6.46758E+03
112.0 6.15380E+03
112.5 5.84036E+03
113.0 5.52730E+03
113.5 5.21465E+03
114.0 4.90245E+03
114.5 4.59076E+03
115.0 4.27959E+03
115.5 3.96900E+03
116.0 3.65901E+03
116.5 3.34967E+03
117.0 3.04101E+03
117.5 2.73308E+03
118.0 2.42590E+03
118.5 2.11952E+03
119.0 1.81396E+03
119.5 1.50927E+03
120.0 1.20548E+03
120.5 9.02632E+02
121.0 6.00751E+02
121.5 2.99877E+02
122.0 2.49641E+01
