122K07D0W2
  0.5 0.00000E+00
  1.0 0.00000E+00
  1.5 0.00000E+00
  2.0 0.00000E+00
  2.5 0.00000E+00
  3.0 0.00000E+00
  3.5 8.20207E+03
  4.0 1.17677E+04
  4.5 1.55065E+04
  5.0 1.93770E+04
  5.5 2.33614E+04
  6.0 2.74515E+04
  6.5 3.16424E+04
  7.0 3.59308E+04
  7.5 4.03142E+04
  8.0 4.47910E+04
  8.5 9.25622E+04
  9.0 5.40205E+04
  9.5 1.62882E+05
 10.0 1.41824E+05
 10.5 2.53515E+04
 11.0 2.72888E+04
 11.5 2.91072E+04
 12.0 2.10124E+04
 12.5 1.95904E+04
 13.0 2.08444E+04
 13.5 2.21103E+04
 14.0 2.33879E+04
 14.5 2.46771E+04
 15.0 2.59776E+04
 15.5 2.72893E+04
 16.0 2.86119E+04
 16.5 2.99452E+04
 17.0 3.12891E+04
 17.5 3.26435E+04
 18.0 3.40081E+04
 18.5 3.53828E+04
 19.0 3.67674E+04
 19.5 3.81617E+04
 20.0 3.95654E+04
 20.5 4.09779E+04
 21.0 4.23986E+04
 21.5 4.38266E+04
 22.0 4.52605E+04
 22.5 4.66986E+04
 23.0 4.81390E+04
 23.5 4.95790E+04
 24.0 5.10157E+04
 24.5 5.24455E+04
 25.0 5.38648E+04
 25.5 5.52693E+04
 26.0 5.66547E+04
 26.5 5.80163E+04
 27.0 5.93497E+04
 27.5 6.06502E+04
 28.0 6.19132E+04
 28.5 6.31345E+04
 29.0 6.43100E+04
 29.5 6.54360E+04
 30.0 6.65091E+04
 30.5 6.75263E+04
 31.0 6.84851E+04
 31.5 6.93835E+04
 32.0 7.02196E+04
 32.5 7.09924E+04
 33.0 7.17009E+04
 33.5 7.23450E+04
 34.0 7.29244E+04
 34.5 7.34396E+04
 35.0 7.38911E+04
 35.5 7.42801E+04
 36.0 7.46076E+04
 36.5 7.48751E+04
 37.0 7.50842E+04
 37.5 7.52367E+04
 38.0 7.53346E+04
 38.5 7.53798E+04
 39.0 7.53746E+04
 39.5 7.53210E+04
 40.0 7.52212E+04
 40.5 7.50776E+04
 41.0 7.48923E+04
 41.5 7.46677E+04
 42.0 7.44058E+04
 42.5 7.41089E+04
 43.0 7.37792E+04
 43.5 7.34187E+04
 44.0 7.30293E+04
 44.5 7.26132E+04
 45.0 7.21722E+04
 45.5 7.17081E+04
 46.0 7.12227E+04
 46.5 7.07176E+04
 47.0 7.01945E+04
 47.5 6.96549E+04
 48.0 6.91003E+04
 48.5 6.85320E+04
 49.0 6.79515E+04
 49.5 6.73598E+04
 50.0 6.67582E+04
 50.5 6.61478E+04
 51.0 6.55297E+04
 51.5 6.49049E+04
 52.0 6.42742E+04
 52.5 6.36385E+04
 53.0 6.29987E+04
 53.5 6.23554E+04
 54.0 6.17095E+04
 54.5 6.10614E+04
 55.0 6.04120E+04
 55.5 5.97617E+04
 56.0 5.91110E+04
 56.5 5.84605E+04
 57.0 5.78105E+04
 57.5 5.71616E+04
 58.0 2.46601E+05
 58.5 5.58682E+04
 59.0 5.52244E+04
 59.5 3.94098E+05
 60.0 5.39441E+04
 60.5 5.33081E+04
 61.0 5.26752E+04
 61.5 5.20455E+04
 62.0 5.14192E+04
 62.5 5.07966E+04
 63.0 5.01776E+04
 63.5 4.95625E+04
 64.0 4.89514E+04
 64.5 4.83443E+04
 65.0 4.77414E+04
 65.5 4.71426E+04
 66.0 4.65482E+04
 66.5 4.59579E+04
 67.0 1.69109E+05
 67.5 4.47906E+04
 68.0 4.42135E+04
 68.5 4.36408E+04
 69.0 7.62802E+04
 69.5 3.98897E+04
 70.0 2.64716E+04
 70.5 2.63811E+04
 71.0 2.62850E+04
 71.5 2.61831E+04
 72.0 2.60757E+04
 72.5 2.59626E+04
 73.0 2.58441E+04
 73.5 2.57202E+04
 74.0 2.55908E+04
 74.5 2.54562E+04
 75.0 2.53163E+04
 75.5 2.51713E+04
 76.0 2.50212E+04
 76.5 2.48660E+04
 77.0 2.47060E+04
 77.5 2.45411E+04
 78.0 2.43714E+04
 78.5 2.41970E+04
 79.0 2.40181E+04
 79.5 2.38346E+04
 80.0 2.36467E+04
 80.5 2.34544E+04
 81.0 2.32579E+04
 81.5 2.30572E+04
 82.0 2.28524E+04
 82.5 2.26437E+04
 83.0 2.24310E+04
 83.5 2.22145E+04
 84.0 2.19942E+04
 84.5 2.17703E+04
 85.0 2.15429E+04
 85.5 2.13120E+04
 86.0 2.10777E+04
 86.5 2.08400E+04
 87.0 2.05992E+04
 87.5 2.03553E+04
 88.0 2.01083E+04
 88.5 1.98583E+04
 89.0 1.96054E+04
 89.5 1.93498E+04
 90.0 1.90914E+04
 90.5 1.88304E+04
 91.0 1.85669E+04
 91.5 1.83008E+04
 92.0 1.80324E+04
 92.5 1.77617E+04
 93.0 1.74887E+04
 93.5 1.72135E+04
 94.0 1.69362E+04
 94.5 1.66570E+04
 95.0 1.63757E+04
 95.5 1.60926E+04
 96.0 1.58077E+04
 96.5 1.55211E+04
 97.0 1.52328E+04
 97.5 1.49429E+04
 98.0 1.46515E+04
 98.5 1.43586E+04
 99.0 1.40643E+04
 99.5 1.37687E+04
100.0 1.34718E+04
100.5 1.31737E+04
101.0 1.28745E+04
101.5 1.25742E+04
102.0 1.22729E+04
102.5 1.19706E+04
103.0 1.16675E+04
103.5 1.13635E+04
104.0 1.10587E+04
104.5 1.07532E+04
105.0 1.04470E+04
105.5 1.01402E+04
106.0 9.83286E+03
106.5 9.52502E+03
107.0 9.21672E+03
107.5 8.90803E+03
108.0 8.59899E+03
108.5 8.28965E+03
109.0 7.98008E+03
109.5 7.67032E+03
110.0 7.36041E+03
110.5 7.05041E+03
111.0 6.74037E+03
111.5 6.43033E+03
112.0 6.12034E+03
112.5 5.81045E+03
113.0 5.50070E+03
113.5 5.19114E+03
114.0 4.88182E+03
114.5 4.57278E+03
115.0 4.26406E+03
115.5 3.95572E+03
116.0 3.64778E+03
116.5 3.34030E+03
117.0 3.03332E+03
117.5 2.72688E+03
118.0 2.42102E+03
118.5 2.11579E+03
119.0 1.81122E+03
119.5 1.50736E+03
120.0 1.20424E+03
120.5 9.01914E+02
121.0 6.00410E+02
121.5 2.99772E+02
122.0 2.49586E+01
