122K09D0W2
  0.5 0.00000E+00
  1.0 0.00000E+00
  1.5 0.00000E+00
  2.0 0.00000E+00
  2.5 0.00000E+00
  3.0 0.00000E+00
  3.5 1.19414E+04
  4.0 1.64997E+04
  4.5 2.12565E+04
  5.0 2.61832E+04
  5.5 3.12678E+04
  6.0 3.65044E+04
  6.5 4.18896E+04
  7.0 4.74212E+04
  7.5 5.30980E+04
  8.0 5.89203E+04
  8.5 2.32509E+05
  9.0 7.10089E+04
  9.5 3.50094E+05
 10.0 2.97756E+05
 10.5 3.34042E+04
 11.0 3.59131E+04
 11.5 4.38983E+04
 12.0 2.76910E+04
 12.5 2.58217E+04
 13.0 2.74418E+04
 13.5 2.90810E+04
 14.0 3.07392E+04
 14.5 3.24163E+04
 15.0 3.41124E+04
 15.5 3.58272E+04
 16.0 3.75609E+04
 16.5 3.93135E+04
 17.0 4.10849E+04
 17.5 4.28753E+04
 18.0 4.46845E+04
 18.5 4.65122E+04
 19.0 4.83578E+04
 19.5 5.02203E+04
 20.0 5.20979E+04
 20.5 5.39883E+04
 21.0 5.58883E+04
 21.5 5.77939E+04
 22.0 5.97002E+04
 22.5 6.16014E+04
 23.0 6.34910E+04
 23.5 6.53621E+04
 24.0 6.72072E+04
 24.5 6.90186E+04
 25.0 7.07884E+04
 25.5 7.25091E+04
 26.0 7.41731E+04
 26.5 7.57737E+04
 27.0 7.73043E+04
 27.5 7.87594E+04
 28.0 8.01339E+04
 28.5 8.14236E+04
 29.0 8.26251E+04
 29.5 8.37358E+04
 30.0 8.47538E+04
 30.5 8.56781E+04
 31.0 8.65083E+04
 31.5 8.72447E+04
 32.0 8.78880E+04
 32.5 8.84397E+04
 33.0 8.89018E+04
 33.5 8.92764E+04
 34.0 8.95660E+04
 34.5 8.97738E+04
 35.0 8.99026E+04
 35.5 8.99559E+04
 36.0 8.99371E+04
 36.5 8.98496E+04
 37.0 8.96971E+04
 37.5 8.94832E+04
 38.0 8.92114E+04
 38.5 8.88852E+04
 39.0 8.85083E+04
 39.5 8.80839E+04
 40.0 8.76155E+04
 40.5 8.71061E+04
 41.0 8.65590E+04
 41.5 8.59772E+04
 42.0 8.53635E+04
 42.5 8.47206E+04
 43.0 8.40513E+04
 43.5 8.33579E+04
 44.0 8.26428E+04
 44.5 8.19083E+04
 45.0 8.11565E+04
 45.5 8.03893E+04
 46.0 7.96087E+04
 46.5 7.88164E+04
 47.0 7.80139E+04
 47.5 7.72029E+04
 48.0 7.63848E+04
 48.5 7.55610E+04
 49.0 7.47325E+04
 49.5 7.39007E+04
 50.0 7.30664E+04
 50.5 7.22309E+04
 51.0 7.13949E+04
 51.5 7.05592E+04
 52.0 6.97247E+04
 52.5 6.88921E+04
 53.0 6.80619E+04
 53.5 6.72347E+04
 54.0 6.64112E+04
 54.5 6.55918E+04
 55.0 6.47768E+04
 55.5 6.39668E+04
 56.0 6.31620E+04
 56.5 6.23629E+04
 57.0 6.15695E+04
 57.5 6.07822E+04
 58.0 2.72224E+05
 58.5 5.92268E+04
 59.0 5.84590E+04
 59.5 4.34342E+05
 60.0 5.69438E+04
 60.5 5.61967E+04
 61.0 5.54567E+04
 61.5 5.47237E+04
 62.0 5.39979E+04
 62.5 5.32794E+04
 63.0 5.25680E+04
 63.5 5.18638E+04
 64.0 5.11668E+04
 64.5 5.04770E+04
 65.0 4.97943E+04
 65.5 4.91187E+04
 66.0 4.84502E+04
 66.5 4.77886E+04
 67.0 1.80533E+05
 67.5 4.64862E+04
 68.0 4.58451E+04
 68.5 4.52108E+04
 69.0 8.01828E+04
 69.5 4.17085E+04
 70.0 3.00439E+04
 70.5 2.98647E+04
 71.0 2.96807E+04
 71.5 2.94920E+04
 72.0 2.92987E+04
 72.5 2.91009E+04
 73.0 2.88986E+04
 73.5 2.86921E+04
 74.0 2.84813E+04
 74.5 2.82664E+04
 75.0 2.80475E+04
 75.5 2.78247E+04
 76.0 2.75981E+04
 76.5 2.73677E+04
 77.0 2.71337E+04
 77.5 2.68961E+04
 78.0 2.66551E+04
 78.5 2.64108E+04
 79.0 2.61632E+04
 79.5 2.59124E+04
 80.0 2.56585E+04
 80.5 2.54016E+04
 81.0 2.51418E+04
 81.5 2.48791E+04
 82.0 2.46137E+04
 82.5 2.43457E+04
 83.0 2.40750E+04
 83.5 2.38019E+04
 84.0 2.35263E+04
 84.5 2.32484E+04
 85.0 2.29683E+04
 85.5 2.26859E+04
 86.0 2.24014E+04
 86.5 2.21149E+04
 87.0 2.18264E+04
 87.5 2.15360E+04
 88.0 2.12438E+04
 88.5 2.09498E+04
 89.0 2.06541E+04
 89.5 2.03568E+04
 90.0 2.00579E+04
 90.5 1.97575E+04
 91.0 1.94557E+04
 91.5 1.91525E+04
 92.0 1.88480E+04
 92.5 1.85422E+04
 93.0 1.82353E+04
 93.5 1.79272E+04
 94.0 1.76180E+04
 94.5 1.73078E+04
 95.0 1.69966E+04
 95.5 1.66845E+04
 96.0 1.63716E+04
 96.5 1.60578E+04
 97.0 1.57432E+04
 97.5 1.54280E+04
 98.0 1.51121E+04
 98.5 1.47956E+04
 99.0 1.44785E+04
 99.5 1.41609E+04
100.0 1.38428E+04
100.5 1.35244E+04
101.0 1.32055E+04
101.5 1.28863E+04
102.0 1.25668E+04
102.5 1.22471E+04
103.0 1.19272E+04
103.5 1.16071E+04
104.0 1.12869E+04
104.5 1.09666E+04
105.0 1.06463E+04
105.5 1.03260E+04
106.0 1.00057E+04
106.5 9.68554E+03
107.0 9.36548E+03
107.5 9.04559E+03
108.0 8.72590E+03
108.5 8.40645E+03
109.0 8.08727E+03
109.5 7.76841E+03
110.0 7.44990E+03
110.5 7.13176E+03
111.0 6.81405E+03
111.5 6.49680E+03
112.0 6.18004E+03
112.5 5.86381E+03
113.0 5.54813E+03
113.5 5.23306E+03
114.0 4.91861E+03
114.5 4.60482E+03
115.0 4.29174E+03
115.5 3.97938E+03
116.0 3.66779E+03
116.5 3.35699E+03
117.0 3.04702E+03
117.5 2.73792E+03
118.0 2.42971E+03
118.5 2.12242E+03
119.0 1.81610E+03
119.5 1.51076E+03
120.0 1.20645E+03
120.5 9.03191E+02
121.0 6.01017E+02
121.5 2.99959E+02
122.0 2.49684E+01
