122K06D0W2
  0.5 0.00000E+00
  1.0 0.00000E+00
  1.5 0.00000E+00
  2.0 0.00000E+00
  2.5 0.00000E+00
  3.0 0.00000E+00
  3.5 6.40014E+03
  4.0 9.45539E+03
  4.5 1.26797E+04
  5.0 1.60221E+04
  5.5 1.94606E+04
  6.0 2.29848E+04
  6.5 2.65891E+04
  7.0 3.02697E+04
  7.5 3.40239E+04
  8.0 3.78495E+04
  8.5 5.74064E+04
  9.0 4.57085E+04
  9.5 1.00366E+05
 10.0 8.93451E+04
 10.5 2.13850E+04
 11.0 2.30445E+04
 11.5 2.37370E+04
 12.0 1.77215E+04
 12.5 1.65193E+04
 13.0 1.75949E+04
 13.5 1.86793E+04
 14.0 1.97725E+04
 14.5 2.08742E+04
 15.0 2.19842E+04
 15.5 2.31022E+04
 16.0 2.42281E+04
 16.5 2.53616E+04
 17.0 2.65025E+04
 17.5 2.76507E+04
 18.0 2.88058E+04
 18.5 2.99677E+04
 19.0 3.11362E+04
 19.5 3.23111E+04
 20.0 3.34922E+04
 20.5 3.46792E+04
 21.0 3.58717E+04
 21.5 3.70694E+04
 22.0 3.82718E+04
 22.5 3.94781E+04
 23.0 4.06875E+04
 23.5 4.18987E+04
 24.0 4.31105E+04
 24.5 4.43211E+04
 25.0 4.55286E+04
 25.5 4.67305E+04
 26.0 4.79244E+04
 26.5 4.91074E+04
 27.0 5.02766E+04
 27.5 5.14287E+04
 28.0 5.25605E+04
 28.5 5.36686E+04
 29.0 5.47498E+04
 29.5 5.58009E+04
 30.0 5.68185E+04
 30.5 5.77999E+04
 31.0 5.87423E+04
 31.5 5.96432E+04
 32.0 6.05004E+04
 32.5 6.13118E+04
 33.0 6.20760E+04
 33.5 6.27916E+04
 34.0 6.34574E+04
 34.5 6.40729E+04
 35.0 6.46375E+04
 35.5 6.51510E+04
 36.0 6.56135E+04
 36.5 6.60254E+04
 37.0 6.63872E+04
 37.5 6.66997E+04
 38.0 6.69637E+04
 38.5 6.71802E+04
 39.0 6.73506E+04
 39.5 6.74761E+04
 40.0 6.75582E+04
 40.5 6.75983E+04
 41.0 6.75979E+04
 41.5 6.75588E+04
 42.0 6.74825E+04
 42.5 6.73706E+04
 43.0 6.72249E+04
 43.5 6.70470E+04
 44.0 6.68386E+04
 44.5 6.66012E+04
 45.0 6.63365E+04
 45.5 6.60461E+04
 46.0 6.57315E+04
 46.5 6.53941E+04
 47.0 6.50355E+04
 47.5 6.46571E+04
 48.0 6.42602E+04
 48.5 6.38460E+04
 49.0 6.34159E+04
 49.5 6.29711E+04
 50.0 6.25127E+04
 50.5 6.20417E+04
 51.0 6.15594E+04
 51.5 6.10666E+04
 52.0 6.05643E+04
 52.5 6.00533E+04
 53.0 5.95347E+04
 53.5 5.90090E+04
 54.0 5.84772E+04
 54.5 5.79399E+04
 55.0 5.73977E+04
 55.5 5.68514E+04
 56.0 5.63015E+04
 56.5 5.57486E+04
 57.0 5.51931E+04
 57.5 5.46357E+04
 58.0 2.29121E+05
 58.5 5.35165E+04
 59.0 5.29555E+04
 59.5 3.66538E+05
 60.0 5.18329E+04
 60.5 5.12719E+04
 61.0 5.07114E+04
 61.5 5.01517E+04
 62.0 4.95931E+04
 62.5 4.90359E+04
 63.0 4.84801E+04
 63.5 4.79261E+04
 64.0 4.73740E+04
 64.5 4.68239E+04
 65.0 4.62760E+04
 65.5 4.57304E+04
 66.0 4.51872E+04
 66.5 4.46466E+04
 67.0 1.61075E+05
 67.5 4.35734E+04
 68.0 4.30409E+04
 68.5 4.25113E+04
 69.0 7.35080E+04
 69.5 3.86260E+04
 70.0 2.41721E+04
 70.5 2.41312E+04
 71.0 2.40845E+04
 71.5 2.40319E+04
 72.0 2.39736E+04
 72.5 2.39095E+04
 73.0 2.38396E+04
 73.5 2.37639E+04
 74.0 2.36826E+04
 74.5 2.35955E+04
 75.0 2.35028E+04
 75.5 2.34045E+04
 76.0 2.33007E+04
 76.5 2.31913E+04
 77.0 2.30765E+04
 77.5 2.29563E+04
 78.0 2.28307E+04
 78.5 2.26999E+04
 79.0 2.25638E+04
 79.5 2.24226E+04
 80.0 2.22764E+04
 80.5 2.21251E+04
 81.0 2.19689E+04
 81.5 2.18079E+04
 82.0 2.16421E+04
 82.5 2.14716E+04
 83.0 2.12965E+04
 83.5 2.11168E+04
 84.0 2.09327E+04
 84.5 2.07443E+04
 85.0 2.05516E+04
 85.5 2.03546E+04
 86.0 2.01536E+04
 86.5 1.99485E+04
 87.0 1.97395E+04
 87.5 1.95267E+04
 88.0 1.93101E+04
 88.5 1.90898E+04
 89.0 1.88659E+04
 89.5 1.86385E+04
 90.0 1.84077E+04
 90.5 1.81736E+04
 91.0 1.79362E+04
 91.5 1.76956E+04
 92.0 1.74520E+04
 92.5 1.72054E+04
 93.0 1.69559E+04
 93.5 1.67035E+04
 94.0 1.64484E+04
 94.5 1.61907E+04
 95.0 1.59303E+04
 95.5 1.56675E+04
 96.0 1.54023E+04
 96.5 1.51347E+04
 97.0 1.48648E+04
 97.5 1.45928E+04
 98.0 1.43187E+04
 98.5 1.40425E+04
 99.0 1.37644E+04
 99.5 1.34844E+04
100.0 1.32026E+04
100.5 1.29191E+04
101.0 1.26339E+04
101.5 1.23471E+04
102.0 1.20588E+04
102.5 1.17690E+04
103.0 1.14779E+04
103.5 1.11855E+04
104.0 1.08918E+04
104.5 1.05970E+04
105.0 1.03010E+04
105.5 1.00040E+04
106.0 9.70605E+03
106.5 9.40715E+03
107.0 9.10740E+03
107.5 8.80685E+03
108.0 8.50558E+03
108.5 8.20363E+03
109.0 7.90107E+03
109.5 7.59796E+03
110.0 7.29436E+03
110.5 6.99032E+03
111.0 6.68590E+03
111.5 6.38116E+03
112.0 6.07615E+03
112.5 5.77093E+03
113.0 5.46555E+03
113.5 5.16006E+03
114.0 4.85452E+03
114.5 4.54899E+03
115.0 4.24351E+03
115.5 3.93813E+03
116.0 3.63290E+03
116.5 3.32789E+03
117.0 3.02312E+03
117.5 2.71866E+03
118.0 2.41455E+03
118.5 2.11084E+03
119.0 1.80758E+03
119.5 1.50482E+03
120.0 1.20259E+03
120.5 9.00959E+02
121.0 5.99956E+02
121.5 2.99632E+02
122.0 2.49513E+01
