122K15D0W2
  0.5 0.00000E+00
  1.0 0.00000E+00
  1.5 0.00000E+00
  2.0 0.00000E+00
  2.5 0.00000E+00
  3.0 0.00000E+00
  3.5 2.38527E+04
  4.0 3.13603E+04
  4.5 3.92150E+04
  5.0 4.74069E+04
  5.5 5.59333E+04
  6.0 6.47959E+04
  6.5 7.39996E+04
  7.0 8.35543E+04
  7.5 9.34763E+04
  8.0 1.03791E+05
  8.5 1.24886E+06
  9.0 1.25745E+05
  9.5 1.19889E+06
 10.0 1.00151E+06
 10.5 5.87551E+04
 11.0 6.31448E+04
 11.5 1.35003E+05
 12.0 4.86896E+04
 12.5 4.54009E+04
 13.0 4.82165E+04
 13.5 5.10843E+04
 14.0 5.40059E+04
 14.5 5.69827E+04
 15.0 6.00163E+04
 15.5 6.31073E+04
 16.0 6.62555E+04
 16.5 6.94586E+04
 17.0 7.27122E+04
 17.5 7.60093E+04
 18.0 7.93393E+04
 18.5 8.26892E+04
 19.0 8.60428E+04
 19.5 8.93818E+04
 20.0 9.26859E+04
 20.5 9.59342E+04
 21.0 9.91053E+04
 21.5 1.02178E+05
 22.0 1.05133E+05
 22.5 1.07952E+05
 23.0 1.10619E+05
 23.5 1.13120E+05
 24.0 1.15444E+05
 24.5 1.17582E+05
 25.0 1.19528E+05
 25.5 1.21278E+05
 26.0 1.22831E+05
 26.5 1.24186E+05
 27.0 1.25347E+05
 27.5 1.26317E+05
 28.0 1.27100E+05
 28.5 1.27704E+05
 29.0 1.28136E+05
 29.5 1.28402E+05
 30.0 1.28512E+05
 30.5 1.28475E+05
 31.0 1.28299E+05
 31.5 1.27992E+05
 32.0 1.27565E+05
 32.5 1.27026E+05
 33.0 1.26383E+05
 33.5 1.25645E+05
 34.0 1.24820E+05
 34.5 1.23916E+05
 35.0 1.22940E+05
 35.5 1.21899E+05
 36.0 1.20801E+05
 36.5 1.19651E+05
 37.0 1.18455E+05
 37.5 1.17219E+05
 38.0 1.15948E+05
 38.5 1.14646E+05
 39.0 1.13320E+05
 39.5 1.11972E+05
 40.0 1.10606E+05
 40.5 1.09226E+05
 41.0 1.07836E+05
 41.5 1.06438E+05
 42.0 1.05035E+05
 42.5 1.03630E+05
 43.0 1.02224E+05
 43.5 1.00820E+05
 44.0 9.94206E+04
 44.5 9.80263E+04
 45.0 9.66390E+04
 45.5 9.52601E+04
 46.0 9.38909E+04
 46.5 9.25324E+04
 47.0 9.11856E+04
 47.5 8.98514E+04
 48.0 8.85305E+04
 48.5 8.72237E+04
 49.0 8.59312E+04
 49.5 8.46538E+04
 50.0 8.33918E+04
 50.5 8.21455E+04
 51.0 8.09151E+04
 51.5 7.97010E+04
 52.0 7.85033E+04
 52.5 7.73220E+04
 53.0 7.61572E+04
 53.5 7.50090E+04
 54.0 7.38774E+04
 54.5 7.27623E+04
 55.0 7.16637E+04
 55.5 7.05814E+04
 56.0 6.95153E+04
 56.5 6.84654E+04
 57.0 6.74314E+04
 57.5 6.64133E+04
 58.0 3.13303E+05
 58.5 6.44234E+04
 59.0 6.34514E+04
 59.5 4.98503E+05
 60.0 6.15520E+04
 60.5 6.06242E+04
 61.0 5.97106E+04
 61.5 5.88111E+04
 62.0 5.79254E+04
 62.5 5.70532E+04
 63.0 5.61942E+04
 63.5 5.53483E+04
 64.0 5.45151E+04
 64.5 5.36945E+04
 65.0 5.28861E+04
 65.5 5.20897E+04
 66.0 5.13051E+04
 66.5 5.05320E+04
 67.0 1.98092E+05
 67.5 4.90194E+04
 68.0 4.82793E+04
 68.5 4.75498E+04
 69.0 8.60993E+04
 69.5 4.45701E+04
 70.0 3.62803E+04
 70.5 3.59162E+04
 71.0 3.55511E+04
 71.5 3.51851E+04
 72.0 3.48184E+04
 72.5 3.44509E+04
 73.0 3.40829E+04
 73.5 3.37142E+04
 74.0 3.33450E+04
 74.5 3.29754E+04
 75.0 3.26054E+04
 75.5 3.22351E+04
 76.0 3.18645E+04
 76.5 3.14937E+04
 77.0 3.11227E+04
 77.5 3.07516E+04
 78.0 3.03803E+04
 78.5 3.00091E+04
 79.0 2.96378E+04
 79.5 2.92666E+04
 80.0 2.88954E+04
 80.5 2.85244E+04
 81.0 2.81535E+04
 81.5 2.77828E+04
 82.0 2.74123E+04
 82.5 2.70420E+04
 83.0 2.66719E+04
 83.5 2.63022E+04
 84.0 2.59328E+04
 84.5 2.55637E+04
 85.0 2.51949E+04
 85.5 2.48266E+04
 86.0 2.44586E+04
 86.5 2.40911E+04
 87.0 2.37240E+04
 87.5 2.33574E+04
 88.0 2.29913E+04
 88.5 2.26257E+04
 89.0 2.22606E+04
 89.5 2.18960E+04
 90.0 2.15320E+04
 90.5 2.11685E+04
 91.0 2.08056E+04
 91.5 2.04434E+04
 92.0 2.00817E+04
 92.5 1.97206E+04
 93.0 1.93602E+04
 93.5 1.90005E+04
 94.0 1.86414E+04
 94.5 1.82830E+04
 95.0 1.79253E+04
 95.5 1.75683E+04
 96.0 1.72120E+04
 96.5 1.68564E+04
 97.0 1.65016E+04
 97.5 1.61476E+04
 98.0 1.57943E+04
 98.5 1.54418E+04
 99.0 1.50901E+04
 99.5 1.47391E+04
100.0 1.43890E+04
100.5 1.40398E+04
101.0 1.36914E+04
101.5 1.33438E+04
102.0 1.29971E+04
102.5 1.26513E+04
103.0 1.23064E+04
103.5 1.19623E+04
104.0 1.16192E+04
104.5 1.12771E+04
105.0 1.09358E+04
105.5 1.05956E+04
106.0 1.02563E+04
106.5 9.91797E+03
107.0 9.58066E+03
107.5 9.24436E+03
108.0 8.90908E+03
108.5 8.57485E+03
109.0 8.24167E+03
109.5 7.90955E+03
110.0 7.57852E+03
110.5 7.24859E+03
111.0 6.91977E+03
111.5 6.59209E+03
112.0 6.26554E+03
112.5 5.94015E+03
113.0 5.61594E+03
113.5 5.29292E+03
114.0 4.97110E+03
114.5 4.65051E+03
115.0 4.33116E+03
115.5 4.01306E+03
116.0 3.69624E+03
116.5 3.38071E+03
117.0 3.06648E+03
117.5 2.75358E+03
118.0 2.44202E+03
118.5 2.13182E+03
119.0 1.82300E+03
119.5 1.51558E+03
120.0 1.20957E+03
120.5 9.04998E+02
121.0 6.01875E+02
121.5 3.00224E+02
122.0 2.49822E+01
