122K13D0W2
  0.5 0.00000E+00
  1.0 0.00000E+00
  1.5 0.00000E+00
  2.0 0.00000E+00
  2.5 0.00000E+00
  3.0 0.00000E+00
  3.5 1.97814E+04
  4.0 2.62985E+04
  4.5 3.31045E+04
  5.0 4.01849E+04
  5.5 4.75342E+04
  6.0 5.51507E+04
  6.5 6.30354E+04
  7.0 7.11919E+04
  7.5 7.96275E+04
  8.0 8.83542E+04
  8.5 8.25054E+05
  9.0 1.06762E+05
  9.5 8.90772E+05
 10.0 7.46136E+05
 10.5 5.00761E+04
 11.0 5.38064E+04
 11.5 9.67775E+04
 12.0 4.15055E+04
 12.5 3.87048E+04
 13.0 4.11030E+04
 13.5 4.35401E+04
 14.0 4.60167E+04
 14.5 4.85337E+04
 15.0 5.10920E+04
 15.5 5.36925E+04
 16.0 5.63356E+04
 16.5 5.90215E+04
 17.0 6.17490E+04
 17.5 6.45160E+04
 18.0 6.73182E+04
 18.5 7.01497E+04
 19.0 7.30021E+04
 19.5 7.58652E+04
 20.0 7.87266E+04
 20.5 8.15723E+04
 21.0 8.43872E+04
 21.5 8.71552E+04
 22.0 8.98603E+04
 22.5 9.24865E+04
 23.0 9.50187E+04
 23.5 9.74426E+04
 24.0 9.97458E+04
 24.5 1.01917E+05
 25.0 1.03947E+05
 25.5 1.05829E+05
 26.0 1.07556E+05
 26.5 1.09125E+05
 27.0 1.10534E+05
 27.5 1.11782E+05
 28.0 1.12870E+05
 28.5 1.13800E+05
 29.0 1.14576E+05
 29.5 1.15202E+05
 30.0 1.15682E+05
 30.5 1.16022E+05
 31.0 1.16228E+05
 31.5 1.16308E+05
 32.0 1.16266E+05
 32.5 1.16111E+05
 33.0 1.15850E+05
 33.5 1.15488E+05
 34.0 1.15034E+05
 34.5 1.14494E+05
 35.0 1.13874E+05
 35.5 1.13182E+05
 36.0 1.12422E+05
 36.5 1.11601E+05
 37.0 1.10725E+05
 37.5 1.09798E+05
 38.0 1.08827E+05
 38.5 1.07815E+05
 39.0 1.06768E+05
 39.5 1.05689E+05
 40.0 1.04583E+05
 40.5 1.03453E+05
 41.0 1.02303E+05
 41.5 1.01136E+05
 42.0 9.99545E+04
 42.5 9.87618E+04
 43.0 9.75604E+04
 43.5 9.63525E+04
 44.0 9.51405E+04
 44.5 9.39260E+04
 45.0 9.27111E+04
 45.5 9.14973E+04
 46.0 9.02861E+04
 46.5 8.90790E+04
 47.0 8.78771E+04
 47.5 8.66815E+04
 48.0 8.54934E+04
 48.5 8.43135E+04
 49.0 8.31426E+04
 49.5 8.19814E+04
 50.0 8.08306E+04
 50.5 7.96908E+04
 51.0 7.85623E+04
 51.5 7.74457E+04
 52.0 7.63412E+04
 52.5 7.52491E+04
 53.0 7.41698E+04
 53.5 7.31034E+04
 54.0 7.20500E+04
 54.5 7.10098E+04
 55.0 6.99828E+04
 55.5 6.89692E+04
 56.0 6.79688E+04
 56.5 6.69818E+04
 57.0 6.60081E+04
 57.5 6.50476E+04
 58.0 3.03210E+05
 58.5 6.31660E+04
 59.0 6.22447E+04
 59.5 4.82777E+05
 60.0 6.04405E+04
 60.5 5.95573E+04
 61.0 5.86866E+04
 61.5 5.78281E+04
 62.0 5.69817E+04
 62.5 5.61472E+04
 63.0 5.53244E+04
 63.5 5.45132E+04
 64.0 5.37133E+04
 64.5 5.29247E+04
 65.0 5.21469E+04
 65.5 5.13800E+04
 66.0 5.06235E+04
 66.5 4.98775E+04
 67.0 1.93857E+05
 67.5 4.84158E+04
 68.0 4.76998E+04
 68.5 4.69933E+04
 69.0 8.46806E+04
 69.5 4.38713E+04
 70.0 3.46893E+04
 70.5 3.43756E+04
 71.0 3.40598E+04
 71.5 3.37419E+04
 72.0 3.34219E+04
 72.5 3.31001E+04
 73.0 3.27764E+04
 73.5 3.24510E+04
 74.0 3.21239E+04
 74.5 3.17953E+04
 75.0 3.14653E+04
 75.5 3.11338E+04
 76.0 3.08009E+04
 76.5 3.04669E+04
 77.0 3.01316E+04
 77.5 2.97952E+04
 78.0 2.94577E+04
 78.5 2.91193E+04
 79.0 2.87799E+04
 79.5 2.84396E+04
 80.0 2.80986E+04
 80.5 2.77567E+04
 81.0 2.74142E+04
 81.5 2.70709E+04
 82.0 2.67271E+04
 82.5 2.63827E+04
 83.0 2.60378E+04
 83.5 2.56924E+04
 84.0 2.53466E+04
 84.5 2.50004E+04
 85.0 2.46539E+04
 85.5 2.43070E+04
 86.0 2.39599E+04
 86.5 2.36125E+04
 87.0 2.32650E+04
 87.5 2.29173E+04
 88.0 2.25695E+04
 88.5 2.22215E+04
 89.0 2.18736E+04
 89.5 2.15256E+04
 90.0 2.11776E+04
 90.5 2.08296E+04
 91.0 2.04817E+04
 91.5 2.01339E+04
 92.0 1.97862E+04
 92.5 1.94386E+04
 93.0 1.90912E+04
 93.5 1.87440E+04
 94.0 1.83971E+04
 94.5 1.80504E+04
 95.0 1.77039E+04
 95.5 1.73578E+04
 96.0 1.70120E+04
 96.5 1.66665E+04
 97.0 1.63214E+04
 97.5 1.59767E+04
 98.0 1.56324E+04
 98.5 1.52885E+04
 99.0 1.49451E+04
 99.5 1.46022E+04
100.0 1.42598E+04
100.5 1.39179E+04
101.0 1.35765E+04
101.5 1.32357E+04
102.0 1.28955E+04
102.5 1.25559E+04
103.0 1.22169E+04
103.5 1.18786E+04
104.0 1.15409E+04
104.5 1.12040E+04
105.0 1.08677E+04
105.5 1.05322E+04
106.0 1.01974E+04
106.5 9.86336E+03
107.0 9.53013E+03
107.5 9.19770E+03
108.0 8.86611E+03
108.5 8.53536E+03
109.0 8.20548E+03
109.5 7.87648E+03
110.0 7.54840E+03
110.5 7.22125E+03
111.0 6.89504E+03
111.5 6.56980E+03
112.0 6.24555E+03
112.5 5.92231E+03
113.0 5.60010E+03
113.5 5.27894E+03
114.0 4.95885E+03
114.5 4.63985E+03
115.0 4.32196E+03
115.5 4.00521E+03
116.0 3.68961E+03
116.5 3.37518E+03
117.0 3.06195E+03
117.5 2.74993E+03
118.0 2.43916E+03
118.5 2.12964E+03
119.0 1.82140E+03
119.5 1.51446E+03
120.0 1.20885E+03
120.5 9.04578E+02
121.0 6.01676E+02
121.5 3.00162E+02
122.0 2.49790E+01
