122K16D0W2
  0.5 0.00000E+00
  1.0 0.00000E+00
  1.5 0.00000E+00
  2.0 0.00000E+00
  2.5 0.00000E+00
  3.0 0.00000E+00
  3.5 2.59263E+04
  4.0 3.39352E+04
  4.5 4.23229E+04
  5.0 5.10816E+04
  5.5 6.02103E+04
  6.0 6.97125E+04
  6.5 7.95963E+04
  7.0 8.98756E+04
  7.5 1.00573E+05
  8.0 1.11723E+05
  8.5 1.48301E+06
  9.0 1.35565E+05
  9.5 1.35559E+06
 10.0 1.13142E+06
 10.5 6.31955E+04
 11.0 6.79296E+04
 11.5 1.56595E+05
 12.0 5.23629E+04
 12.5 4.88236E+04
 13.0 5.18565E+04
 13.5 5.49492E+04
 14.0 5.81040E+04
 14.5 6.13225E+04
 15.0 6.46062E+04
 15.5 6.79553E+04
 16.0 7.13683E+04
 16.5 7.48408E+04
 17.0 7.83656E+04
 17.5 8.19319E+04
 18.0 8.55252E+04
 18.5 8.91278E+04
 19.0 9.27193E+04
 19.5 9.62769E+04
 20.0 9.97767E+04
 20.5 1.03195E+05
 21.0 1.06507E+05
 21.5 1.09691E+05
 22.0 1.12727E+05
 22.5 1.15596E+05
 23.0 1.18282E+05
 23.5 1.20774E+05
 24.0 1.23062E+05
 24.5 1.25138E+05
 25.0 1.26999E+05
 25.5 1.28643E+05
 26.0 1.30071E+05
 26.5 1.31285E+05
 27.0 1.32292E+05
 27.5 1.33095E+05
 28.0 1.33704E+05
 28.5 1.34125E+05
 29.0 1.34369E+05
 29.5 1.34443E+05
 30.0 1.34359E+05
 30.5 1.34126E+05
 31.0 1.33755E+05
 31.5 1.33254E+05
 32.0 1.32635E+05
 32.5 1.31906E+05
 33.0 1.31077E+05
 33.5 1.30157E+05
 34.0 1.29154E+05
 34.5 1.28077E+05
 35.0 1.26932E+05
 35.5 1.25728E+05
 36.0 1.24472E+05
 36.5 1.23169E+05
 37.0 1.21825E+05
 37.5 1.20447E+05
 38.0 1.19039E+05
 38.5 1.17606E+05
 39.0 1.16152E+05
 39.5 1.14682E+05
 40.0 1.13200E+05
 40.5 1.11708E+05
 41.0 1.10211E+05
 41.5 1.08710E+05
 42.0 1.07209E+05
 42.5 1.05709E+05
 43.0 1.04213E+05
 43.5 1.02724E+05
 44.0 1.01241E+05
 44.5 9.97683E+04
 45.0 9.83057E+04
 45.5 9.68549E+04
 46.0 9.54170E+04
 46.5 9.39928E+04
 47.0 9.25833E+04
 47.5 9.11891E+04
 48.0 8.98110E+04
 48.5 8.84493E+04
 49.0 8.71046E+04
 49.5 8.57773E+04
 50.0 8.44676E+04
 50.5 8.31756E+04
 51.0 8.19018E+04
 51.5 8.06461E+04
 52.0 7.94085E+04
 52.5 7.81892E+04
 53.0 7.69882E+04
 53.5 7.58053E+04
 54.0 7.46405E+04
 54.5 7.34936E+04
 55.0 7.23647E+04
 55.5 7.12534E+04
 56.0 7.01596E+04
 56.5 6.90831E+04
 57.0 6.80237E+04
 57.5 6.69812E+04
 58.0 3.17524E+05
 58.5 6.49458E+04
 59.0 6.39525E+04
 59.5 5.05073E+05
 60.0 6.20131E+04
 60.5 6.10666E+04
 61.0 6.01351E+04
 61.5 5.92184E+04
 62.0 5.83162E+04
 62.5 5.74282E+04
 63.0 5.65542E+04
 63.5 5.56938E+04
 64.0 5.48468E+04
 64.5 5.40128E+04
 65.0 5.31916E+04
 65.5 5.23830E+04
 66.0 5.15867E+04
 66.5 5.08023E+04
 67.0 1.99849E+05
 67.5 4.92684E+04
 68.0 4.85184E+04
 68.5 4.77793E+04
 69.0 8.66863E+04
 69.5 4.48617E+04
 70.0 3.69571E+04
 70.5 3.65709E+04
 71.0 3.61842E+04
 71.5 3.57973E+04
 72.0 3.54102E+04
 72.5 3.50229E+04
 73.0 3.46356E+04
 73.5 3.42481E+04
 74.0 3.38607E+04
 74.5 3.34734E+04
 75.0 3.30862E+04
 75.5 3.26991E+04
 76.0 3.23123E+04
 76.5 3.19256E+04
 77.0 3.15393E+04
 77.5 3.11533E+04
 78.0 3.07676E+04
 78.5 3.03823E+04
 79.0 2.99974E+04
 79.5 2.96130E+04
 80.0 2.92291E+04
 80.5 2.88456E+04
 81.0 2.84626E+04
 81.5 2.80802E+04
 82.0 2.76984E+04
 82.5 2.73171E+04
 83.0 2.69365E+04
 83.5 2.65564E+04
 84.0 2.61770E+04
 84.5 2.57982E+04
 85.0 2.54202E+04
 85.5 2.50427E+04
 86.0 2.46660E+04
 86.5 2.42900E+04
 87.0 2.39148E+04
 87.5 2.35402E+04
 88.0 2.31664E+04
 88.5 2.27933E+04
 89.0 2.24211E+04
 89.5 2.20495E+04
 90.0 2.16788E+04
 90.5 2.13089E+04
 91.0 2.09398E+04
 91.5 2.05714E+04
 92.0 2.02039E+04
 92.5 1.98373E+04
 93.0 1.94714E+04
 93.5 1.91065E+04
 94.0 1.87423E+04
 94.5 1.83791E+04
 95.0 1.80167E+04
 95.5 1.76551E+04
 96.0 1.72945E+04
 96.5 1.69348E+04
 97.0 1.65759E+04
 97.5 1.62180E+04
 98.0 1.58610E+04
 98.5 1.55049E+04
 99.0 1.51497E+04
 99.5 1.47955E+04
100.0 1.44422E+04
100.5 1.40899E+04
101.0 1.37386E+04
101.5 1.33882E+04
102.0 1.30389E+04
102.5 1.26905E+04
103.0 1.23431E+04
103.5 1.19967E+04
104.0 1.16514E+04
104.5 1.13071E+04
105.0 1.09638E+04
105.5 1.06216E+04
106.0 1.02804E+04
106.5 9.94037E+03
107.0 9.60138E+03
107.5 9.26348E+03
108.0 8.92670E+03
108.5 8.59103E+03
109.0 8.25649E+03
109.5 7.92310E+03
110.0 7.59086E+03
110.5 7.25979E+03
111.0 6.92990E+03
111.5 6.60121E+03
112.0 6.27372E+03
112.5 5.94745E+03
113.0 5.62242E+03
113.5 5.29864E+03
114.0 4.97612E+03
114.5 4.65487E+03
115.0 4.33492E+03
115.5 4.01627E+03
116.0 3.69895E+03
116.5 3.38297E+03
117.0 3.06833E+03
117.5 2.75507E+03
118.0 2.44319E+03
118.5 2.13272E+03
119.0 1.82366E+03
119.5 1.51604E+03
120.0 1.20987E+03
120.5 9.05169E+02
121.0 6.01956E+02
121.5 3.00249E+02
122.0 2.49835E+01
