122K18D0W2
  0.5 0.00000E+00
  1.0 0.00000E+00
  1.5 0.00000E+00
  2.0 0.00000E+00
  2.5 0.00000E+00
  3.0 0.00000E+00
  3.5 3.01539E+04
  4.0 3.91810E+04
  4.5 4.86552E+04
  5.0 5.85726E+04
  5.5 6.89366E+04
  6.0 7.97558E+04
  6.5 9.10459E+04
  7.0 1.02833E+05
  7.5 1.15156E+05
  8.0 1.28072E+05
  8.5 1.98333E+06
  9.0 1.55935E+05
  9.5 1.66869E+06
 10.0 1.39111E+06
 10.5 7.23032E+04
 11.0 7.77596E+04
 11.5 2.03878E+05
 12.0 5.98922E+04
 12.5 5.58369E+04
 13.0 5.93234E+04
 13.5 6.28877E+04
 14.0 6.65325E+04
 14.5 7.02596E+04
 15.0 7.40694E+04
 15.5 7.79591E+04
 16.0 8.19225E+04
 16.5 8.59489E+04
 17.0 9.00226E+04
 17.5 9.41238E+04
 18.0 9.82279E+04
 18.5 1.02308E+05
 19.0 1.06334E+05
 19.5 1.10275E+05
 20.0 1.14103E+05
 20.5 1.17787E+05
 21.0 1.21302E+05
 21.5 1.24623E+05
 22.0 1.27732E+05
 22.5 1.30612E+05
 23.0 1.33251E+05
 23.5 1.35640E+05
 24.0 1.37773E+05
 24.5 1.39650E+05
 25.0 1.41271E+05
 25.5 1.42639E+05
 26.0 1.43762E+05
 26.5 1.44647E+05
 27.0 1.45302E+05
 27.5 1.45739E+05
 28.0 1.45969E+05
 28.5 1.46002E+05
 29.0 1.45853E+05
 29.5 1.45533E+05
 30.0 1.45054E+05
 30.5 1.44429E+05
 31.0 1.43669E+05
 31.5 1.42786E+05
 32.0 1.41791E+05
 32.5 1.40695E+05
 33.0 1.39508E+05
 33.5 1.38240E+05
 34.0 1.36899E+05
 34.5 1.35494E+05
 35.0 1.34034E+05
 35.5 1.32524E+05
 36.0 1.30973E+05
 36.5 1.29387E+05
 37.0 1.27771E+05
 37.5 1.26131E+05
 38.0 1.24473E+05
 38.5 1.22799E+05
 39.0 1.21116E+05
 39.5 1.19425E+05
 40.0 1.17732E+05
 40.5 1.16039E+05
 41.0 1.14349E+05
 41.5 1.12664E+05
 42.0 1.10986E+05
 42.5 1.09319E+05
 43.0 1.07663E+05
 43.5 1.06020E+05
 44.0 1.04392E+05
 44.5 1.02779E+05
 45.0 1.01184E+05
 45.5 9.96061E+04
 46.0 9.80471E+04
 46.5 9.65076E+04
 47.0 9.49879E+04
 47.5 9.34888E+04
 48.0 9.20105E+04
 48.5 9.05533E+04
 49.0 8.91174E+04
 49.5 8.77030E+04
 50.0 8.63102E+04
 50.5 8.49391E+04
 51.0 8.35897E+04
 51.5 8.22618E+04
 52.0 8.09553E+04
 52.5 7.96703E+04
 53.0 7.84064E+04
 53.5 7.71636E+04
 54.0 7.59415E+04
 54.5 7.47399E+04
 55.0 7.35586E+04
 55.5 7.23974E+04
 56.0 7.12558E+04
 56.5 7.01337E+04
 57.0 6.90307E+04
 57.5 6.79464E+04
 58.0 3.24729E+05
 58.5 6.58330E+04
 59.0 6.48031E+04
 59.5 5.16278E+05
 60.0 6.27954E+04
 60.5 6.18169E+04
 61.0 6.08548E+04
 61.5 5.99088E+04
 62.0 5.89785E+04
 62.5 5.80636E+04
 63.0 5.71637E+04
 63.5 5.62786E+04
 64.0 5.54079E+04
 64.5 5.45513E+04
 65.0 5.37084E+04
 65.5 5.28789E+04
 66.0 5.20626E+04
 66.5 5.12590E+04
 67.0 2.02830E+05
 67.5 4.96892E+04
 68.0 4.89222E+04
 68.5 4.81669E+04
 69.0 8.76802E+04
 69.5 4.53590E+04
 70.0 3.81281E+04
 70.5 3.77027E+04
 71.0 3.72780E+04
 71.5 3.68541E+04
 72.0 3.64310E+04
 72.5 3.60089E+04
 73.0 3.55876E+04
 73.5 3.51672E+04
 74.0 3.47478E+04
 74.5 3.43294E+04
 75.0 3.39121E+04
 75.5 3.34958E+04
 76.0 3.30805E+04
 76.5 3.26664E+04
 77.0 3.22533E+04
 77.5 3.18414E+04
 78.0 3.14306E+04
 78.5 3.10210E+04
 79.0 3.06125E+04
 79.5 3.02051E+04
 80.0 2.97990E+04
 80.5 2.93940E+04
 81.0 2.89903E+04
 81.5 2.85877E+04
 82.0 2.81863E+04
 82.5 2.77861E+04
 83.0 2.73871E+04
 83.5 2.69893E+04
 84.0 2.65927E+04
 84.5 2.61974E+04
 85.0 2.58032E+04
 85.5 2.54102E+04
 86.0 2.50185E+04
 86.5 2.46279E+04
 87.0 2.42386E+04
 87.5 2.38504E+04
 88.0 2.34635E+04
 88.5 2.30777E+04
 89.0 2.26932E+04
 89.5 2.23098E+04
 90.0 2.19276E+04
 90.5 2.15467E+04
 91.0 2.11669E+04
 91.5 2.07883E+04
 92.0 2.04108E+04
 92.5 2.00346E+04
 93.0 1.96595E+04
 93.5 1.92856E+04
 94.0 1.89129E+04
 94.5 1.85414E+04
 95.0 1.81710E+04
 95.5 1.78019E+04
 96.0 1.74338E+04
 96.5 1.70670E+04
 97.0 1.67013E+04
 97.5 1.63368E+04
 98.0 1.59735E+04
 98.5 1.56113E+04
 99.0 1.52503E+04
 99.5 1.48905E+04
100.0 1.45319E+04
100.5 1.41745E+04
101.0 1.38182E+04
101.5 1.34631E+04
102.0 1.31092E+04
102.5 1.27565E+04
103.0 1.24049E+04
103.5 1.20546E+04
104.0 1.17055E+04
104.5 1.13576E+04
105.0 1.10109E+04
105.5 1.06654E+04
106.0 1.03211E+04
106.5 9.97803E+03
107.0 9.63622E+03
107.5 9.29564E+03
108.0 8.95630E+03
108.5 8.61822E+03
109.0 8.28140E+03
109.5 7.94586E+03
110.0 7.61159E+03
110.5 7.27860E+03
111.0 6.94691E+03
111.5 6.61652E+03
112.0 6.28745E+03
112.5 5.95971E+03
113.0 5.63330E+03
113.5 5.30823E+03
114.0 4.98452E+03
114.5 4.66219E+03
115.0 4.34123E+03
115.5 4.02166E+03
116.0 3.70350E+03
116.5 3.38675E+03
117.0 3.07144E+03
117.5 2.75757E+03
118.0 2.44516E+03
118.5 2.13422E+03
119.0 1.82476E+03
119.5 1.51681E+03
120.0 1.21037E+03
120.5 9.05456E+02
121.0 6.02093E+02
121.5 3.00291E+02
122.0 2.49857E+01
