122K11D0W2
  0.5 0.00000E+00
  1.0 0.00000E+00
  1.5 0.00000E+00
  2.0 0.00000E+00
  2.5 0.00000E+00
  3.0 0.00000E+00
  3.5 1.58093E+04
  4.0 2.13463E+04
  4.5 2.71220E+04
  5.0 3.31159E+04
  5.5 3.93198E+04
  6.0 4.57297E+04
  6.5 5.23439E+04
  7.0 5.91622E+04
  7.5 6.61865E+04
  8.0 7.34211E+04
  8.5 4.79349E+05
  9.0 8.85554E+04
  9.5 6.01227E+05
 10.0 5.06143E+05
 10.5 4.16364E+04
 11.0 4.47415E+04
 11.5 6.61944E+04
 12.0 3.45146E+04
 12.5 3.21863E+04
 13.0 3.41869E+04
 13.5 3.62156E+04
 14.0 3.82724E+04
 14.5 4.03575E+04
 15.0 4.24714E+04
 15.5 4.46143E+04
 16.0 4.67866E+04
 16.5 4.89888E+04
 17.0 5.12208E+04
 17.5 5.34824E+04
 18.0 5.57726E+04
 18.5 5.80895E+04
 19.0 6.04304E+04
 19.5 6.27907E+04
 20.0 6.51650E+04
 20.5 6.75460E+04
 21.0 6.99253E+04
 21.5 7.22933E+04
 22.0 7.46393E+04
 22.5 7.69522E+04
 23.0 7.92202E+04
 23.5 8.14319E+04
 24.0 8.35759E+04
 24.5 8.56414E+04
 25.0 8.76186E+04
 25.5 8.94984E+04
 26.0 9.12731E+04
 26.5 9.29360E+04
 27.0 9.44818E+04
 27.5 9.59064E+04
 28.0 9.72071E+04
 28.5 9.83819E+04
 29.0 9.94306E+04
 29.5 1.00353E+05
 30.0 1.01152E+05
 30.5 1.01828E+05
 31.0 1.02384E+05
 31.5 1.02825E+05
 32.0 1.03153E+05
 32.5 1.03374E+05
 33.0 1.03492E+05
 33.5 1.03511E+05
 34.0 1.03437E+05
 34.5 1.03276E+05
 35.0 1.03031E+05
 35.5 1.02709E+05
 36.0 1.02314E+05
 36.5 1.01851E+05
 37.0 1.01326E+05
 37.5 1.00743E+05
 38.0 1.00106E+05
 38.5 9.94206E+04
 39.0 9.86903E+04
 39.5 9.79195E+04
 40.0 9.71118E+04
 40.5 9.62709E+04
 41.0 9.54004E+04
 41.5 9.45034E+04
 42.0 9.35829E+04
 42.5 9.26420E+04
 43.0 9.16833E+04
 43.5 9.07092E+04
 44.0 8.97222E+04
 44.5 8.87245E+04
 45.0 8.77179E+04
 45.5 8.67045E+04
 46.0 8.56860E+04
 46.5 8.46639E+04
 47.0 8.36397E+04
 47.5 8.26148E+04
 48.0 8.15905E+04
 48.5 8.05678E+04
 49.0 7.95478E+04
 49.5 7.85315E+04
 50.0 7.75196E+04
 50.5 7.65130E+04
 51.0 7.55123E+04
 51.5 7.45183E+04
 52.0 7.35313E+04
 52.5 7.25520E+04
 53.0 7.15808E+04
 53.5 7.06181E+04
 54.0 6.96641E+04
 54.5 6.87192E+04
 55.0 6.77837E+04
 55.5 6.68577E+04
 56.0 6.59415E+04
 56.5 6.50352E+04
 57.0 6.41388E+04
 57.5 6.32525E+04
 58.0 2.90069E+05
 58.5 6.15104E+04
 59.0 6.06547E+04
 59.5 4.62264E+05
 60.0 5.89737E+04
 60.5 5.81484E+04
 61.0 5.73332E+04
 61.5 5.65280E+04
 62.0 5.57328E+04
 62.5 5.49475E+04
 63.0 5.41719E+04
 63.5 5.34060E+04
 64.0 5.26496E+04
 64.5 5.19027E+04
 65.0 5.11651E+04
 65.5 5.04367E+04
 66.0 4.97173E+04
 66.5 4.90069E+04
 67.0 1.88267E+05
 67.5 4.76122E+04
 68.0 4.69277E+04
 68.5 4.62515E+04
 69.0 8.28003E+04
 69.5 4.29577E+04
 70.0 3.26753E+04
 70.5 3.24224E+04
 71.0 3.21660E+04
 71.5 3.19061E+04
 72.0 3.16430E+04
 72.5 3.13766E+04
 73.0 3.11072E+04
 73.5 3.08348E+04
 74.0 3.05595E+04
 74.5 3.02813E+04
 75.0 3.00005E+04
 75.5 2.97170E+04
 76.0 2.94310E+04
 76.5 2.91426E+04
 77.0 2.88519E+04
 77.5 2.85588E+04
 78.0 2.82636E+04
 78.5 2.79663E+04
 79.0 2.76670E+04
 79.5 2.73657E+04
 80.0 2.70626E+04
 80.5 2.67576E+04
 81.0 2.64510E+04
 81.5 2.61426E+04
 82.0 2.58327E+04
 82.5 2.55213E+04
 83.0 2.52084E+04
 83.5 2.48942E+04
 84.0 2.45786E+04
 84.5 2.42617E+04
 85.0 2.39437E+04
 85.5 2.36244E+04
 86.0 2.33041E+04
 86.5 2.29828E+04
 87.0 2.26605E+04
 87.5 2.23372E+04
 88.0 2.20131E+04
 88.5 2.16881E+04
 89.0 2.13624E+04
 89.5 2.10359E+04
 90.0 2.07087E+04
 90.5 2.03810E+04
 91.0 2.00526E+04
 91.5 1.97236E+04
 92.0 1.93942E+04
 92.5 1.90643E+04
 93.0 1.87340E+04
 93.5 1.84033E+04
 94.0 1.80722E+04
 94.5 1.77409E+04
 95.0 1.74093E+04
 95.5 1.70774E+04
 96.0 1.67454E+04
 96.5 1.64133E+04
 97.0 1.60810E+04
 97.5 1.57486E+04
 98.0 1.54162E+04
 98.5 1.50838E+04
 99.0 1.47514E+04
 99.5 1.44191E+04
100.0 1.40868E+04
100.5 1.37547E+04
101.0 1.34227E+04
101.5 1.30909E+04
102.0 1.27594E+04
102.5 1.24280E+04
103.0 1.20970E+04
103.5 1.17662E+04
104.0 1.14358E+04
104.5 1.11058E+04
105.0 1.07762E+04
105.5 1.04470E+04
106.0 1.01182E+04
106.5 9.78991E+03
107.0 9.46214E+03
107.5 9.13491E+03
108.0 8.80825E+03
108.5 8.48217E+03
109.0 8.15672E+03
109.5 7.83192E+03
110.0 7.50779E+03
110.5 7.18437E+03
111.0 6.86167E+03
111.5 6.53973E+03
112.0 6.21857E+03
112.5 5.89822E+03
113.0 5.57871E+03
113.5 5.26006E+03
114.0 4.94229E+03
114.5 4.62544E+03
115.0 4.30953E+03
115.5 3.99459E+03
116.0 3.68064E+03
116.5 3.36770E+03
117.0 3.05582E+03
117.5 2.74500E+03
118.0 2.43527E+03
118.5 2.12667E+03
119.0 1.81922E+03
119.5 1.51294E+03
120.0 1.20786E+03
120.5 9.04009E+02
121.0 6.01405E+02
121.5 3.00079E+02
122.0 2.49747E+01
