122K19D0W2
  0.5 0.00000E+00
  1.0 0.00000E+00
  1.5 0.00000E+00
  2.0 0.00000E+00
  2.5 0.00000E+00
  3.0 0.00000E+00
  3.5 3.23104E+04
  4.0 4.18556E+04
  4.5 5.18844E+04
  5.0 6.23953E+04
  5.5 7.33938E+04
  6.0 8.48921E+04
  6.5 9.69109E+04
  7.0 1.09484E+05
  7.5 1.22662E+05
  8.0 1.36514E+05
  8.5 2.24529E+06
  9.0 1.66511E+05
  9.5 1.82358E+06
 10.0 1.51964E+06
 10.5 7.69815E+04
 11.0 8.28176E+04
 11.5 2.29242E+05
 12.0 6.37569E+04
 12.5 5.94354E+04
 13.0 6.31594E+04
 13.5 6.69712E+04
 14.0 7.08737E+04
 14.5 7.48681E+04
 15.0 7.89534E+04
 15.5 8.31244E+04
 16.0 8.73711E+04
 16.5 9.16783E+04
 17.0 9.60254E+04
 17.5 1.00387E+05
 18.0 1.04733E+05
 18.5 1.09032E+05
 19.0 1.13250E+05
 19.5 1.17353E+05
 20.0 1.21309E+05
 20.5 1.25087E+05
 21.0 1.28663E+05
 21.5 1.32011E+05
 22.0 1.35115E+05
 22.5 1.37959E+05
 23.0 1.40534E+05
 23.5 1.42834E+05
 24.0 1.44855E+05
 24.5 1.46600E+05
 25.0 1.48073E+05
 25.5 1.49279E+05
 26.0 1.50227E+05
 26.5 1.50928E+05
 27.0 1.51393E+05
 27.5 1.51634E+05
 28.0 1.51665E+05
 28.5 1.51498E+05
 29.0 1.51149E+05
 29.5 1.50629E+05
 30.0 1.49953E+05
 30.5 1.49133E+05
 31.0 1.48183E+05
 31.5 1.47114E+05
 32.0 1.45937E+05
 32.5 1.44665E+05
 33.0 1.43307E+05
 33.5 1.41874E+05
 34.0 1.40373E+05
 34.5 1.38814E+05
 35.0 1.37206E+05
 35.5 1.35554E+05
 36.0 1.33867E+05
 36.5 1.32149E+05
 37.0 1.30408E+05
 37.5 1.28648E+05
 38.0 1.26875E+05
 38.5 1.25092E+05
 39.0 1.23303E+05
 39.5 1.21513E+05
 40.0 1.19725E+05
 40.5 1.17940E+05
 41.0 1.16163E+05
 41.5 1.14395E+05
 42.0 1.12639E+05
 42.5 1.10897E+05
 43.0 1.09169E+05
 43.5 1.07458E+05
 44.0 1.05765E+05
 44.5 1.04090E+05
 45.0 1.02436E+05
 45.5 1.00802E+05
 46.0 9.91895E+04
 46.5 9.75989E+04
 47.0 9.60308E+04
 47.5 9.44854E+04
 48.0 9.29629E+04
 48.5 9.14637E+04
 49.0 8.99878E+04
 49.5 8.85353E+04
 50.0 8.71062E+04
 50.5 8.57004E+04
 51.0 8.43179E+04
 51.5 8.29585E+04
 52.0 8.16220E+04
 52.5 8.03083E+04
 53.0 7.90171E+04
 53.5 7.77481E+04
 54.0 7.65011E+04
 54.5 7.52758E+04
 55.0 7.40718E+04
 55.5 7.28889E+04
 56.0 7.17266E+04
 56.5 7.05847E+04
 57.0 6.94628E+04
 57.5 6.83605E+04
 58.0 3.27832E+05
 58.5 6.62133E+04
 59.0 6.51677E+04
 59.5 5.21099E+05
 60.0 6.31305E+04
 60.5 6.21381E+04
 61.0 6.11628E+04
 61.5 6.02041E+04
 62.0 5.92617E+04
 62.5 5.83352E+04
 63.0 5.74243E+04
 63.5 5.65286E+04
 64.0 5.56477E+04
 64.5 5.47813E+04
 65.0 5.39291E+04
 65.5 5.30907E+04
 66.0 5.22657E+04
 66.5 5.14540E+04
 67.0 2.04107E+05
 67.5 4.98686E+04
 68.0 4.90945E+04
 68.5 4.83322E+04
 69.0 8.81050E+04
 69.5 4.55729E+04
 70.0 3.86384E+04
 70.5 3.81956E+04
 71.0 3.77540E+04
 71.5 3.73137E+04
 72.0 3.68748E+04
 72.5 3.64371E+04
 73.0 3.60008E+04
 73.5 3.55660E+04
 74.0 3.51325E+04
 74.5 3.47004E+04
 75.0 3.42698E+04
 75.5 3.38406E+04
 76.0 3.34129E+04
 76.5 3.29867E+04
 77.0 3.25619E+04
 77.5 3.21386E+04
 78.0 3.17169E+04
 78.5 3.12966E+04
 79.0 3.08778E+04
 79.5 3.04604E+04
 80.0 3.00446E+04
 80.5 2.96303E+04
 81.0 2.92174E+04
 81.5 2.88061E+04
 82.0 2.83962E+04
 82.5 2.79878E+04
 83.0 2.75808E+04
 83.5 2.71753E+04
 84.0 2.67713E+04
 84.5 2.63687E+04
 85.0 2.59676E+04
 85.5 2.55679E+04
 86.0 2.51696E+04
 86.5 2.47728E+04
 87.0 2.43774E+04
 87.5 2.39834E+04
 88.0 2.35907E+04
 88.5 2.31995E+04
 89.0 2.28097E+04
 89.5 2.24212E+04
 90.0 2.20341E+04
 90.5 2.16484E+04
 91.0 2.12640E+04
 91.5 2.08810E+04
 92.0 2.04993E+04
 92.5 2.01189E+04
 93.0 1.97399E+04
 93.5 1.93622E+04
 94.0 1.89858E+04
 94.5 1.86107E+04
 95.0 1.82369E+04
 95.5 1.78644E+04
 96.0 1.74933E+04
 96.5 1.71234E+04
 97.0 1.67548E+04
 97.5 1.63875E+04
 98.0 1.60214E+04
 98.5 1.56567E+04
 99.0 1.52932E+04
 99.5 1.49310E+04
100.0 1.45701E+04
100.5 1.42104E+04
101.0 1.38521E+04
101.5 1.34950E+04
102.0 1.31391E+04
102.5 1.27845E+04
103.0 1.24313E+04
103.5 1.20792E+04
104.0 1.17285E+04
104.5 1.13790E+04
105.0 1.10309E+04
105.5 1.06840E+04
106.0 1.03384E+04
106.5 9.99404E+03
107.0 9.65101E+03
107.5 9.30929E+03
108.0 8.96888E+03
108.5 8.62977E+03
109.0 8.29198E+03
109.5 7.95552E+03
110.0 7.62038E+03
110.5 7.28658E+03
111.0 6.95413E+03
111.5 6.62302E+03
112.0 6.29328E+03
112.5 5.96491E+03
113.0 5.63791E+03
113.5 5.31230E+03
114.0 4.98809E+03
114.5 4.66529E+03
115.0 4.34390E+03
115.5 4.02394E+03
116.0 3.70543E+03
116.5 3.38836E+03
117.0 3.07276E+03
117.5 2.75863E+03
118.0 2.44599E+03
118.5 2.13485E+03
119.0 1.82523E+03
119.5 1.51713E+03
120.0 1.21058E+03
120.5 9.05578E+02
121.0 6.02150E+02
121.5 3.00308E+02
122.0 2.49866E+01
