122K22D0W2
  0.5 0.00000E+00
  1.0 0.00000E+00
  1.5 0.00000E+00
  2.0 0.00000E+00
  2.5 0.00000E+00
  3.0 0.00000E+00
  3.5 3.89687E+04
  4.0 5.01118E+04
  4.5 6.18580E+04
  5.0 7.42134E+04
  5.5 8.71930E+04
  6.0 1.00823E+05
  6.5 1.15146E+05
  7.0 1.30229E+05
  7.5 1.46166E+05
  8.0 1.63065E+05
  8.5 3.05866E+06
  9.0 1.99934E+05
  9.5 2.27634E+06
 10.0 1.89558E+06
 10.5 9.15872E+04
 11.0 9.86469E+04
 11.5 3.10533E+05
 12.0 7.58093E+04
 12.5 7.06514E+04
 13.0 7.51364E+04
 13.5 7.97428E+04
 14.0 8.44716E+04
 14.5 8.93186E+04
 15.0 9.42740E+04
 15.5 9.93195E+04
 16.0 1.04430E+05
 16.5 1.09572E+05
 17.0 1.14707E+05
 17.5 1.19793E+05
 18.0 1.24785E+05
 18.5 1.29637E+05
 19.0 1.34307E+05
 19.5 1.38756E+05
 20.0 1.42949E+05
 20.5 1.46857E+05
 21.0 1.50456E+05
 21.5 1.53730E+05
 22.0 1.56667E+05
 22.5 1.59261E+05
 23.0 1.61511E+05
 23.5 1.63421E+05
 24.0 1.64998E+05
 24.5 1.66251E+05
 25.0 1.67194E+05
 25.5 1.67841E+05
 26.0 1.68208E+05
 26.5 1.68311E+05
 27.0 1.68169E+05
 27.5 1.67798E+05
 28.0 1.67217E+05
 28.5 1.66442E+05
 29.0 1.65492E+05
 29.5 1.64381E+05
 30.0 1.63126E+05
 30.5 1.61742E+05
 31.0 1.60242E+05
 31.5 1.58640E+05
 32.0 1.56949E+05
 32.5 1.55179E+05
 33.0 1.53342E+05
 33.5 1.51448E+05
 34.0 1.49505E+05
 34.5 1.47522E+05
 35.0 1.45507E+05
 35.5 1.43467E+05
 36.0 1.41408E+05
 36.5 1.39336E+05
 37.0 1.37256E+05
 37.5 1.35174E+05
 38.0 1.33092E+05
 38.5 1.31016E+05
 39.0 1.28949E+05
 39.5 1.26893E+05
 40.0 1.24851E+05
 40.5 1.22826E+05
 41.0 1.20820E+05
 41.5 1.18834E+05
 42.0 1.16871E+05
 42.5 1.14931E+05
 43.0 1.13016E+05
 43.5 1.11127E+05
 44.0 1.09265E+05
 44.5 1.07429E+05
 45.0 1.05622E+05
 45.5 1.03842E+05
 46.0 1.02091E+05
 46.5 1.00369E+05
 47.0 9.86755E+04
 47.5 9.70108E+04
 48.0 9.53750E+04
 48.5 9.37678E+04
 49.0 9.21891E+04
 49.5 9.06388E+04
 50.0 8.91165E+04
 50.5 8.76220E+04
 51.0 8.61550E+04
 51.5 8.47151E+04
 52.0 8.33019E+04
 52.5 8.19151E+04
 53.0 8.05542E+04
 53.5 7.92188E+04
 54.0 7.79085E+04
 54.5 7.66227E+04
 55.0 7.53611E+04
 55.5 7.41232E+04
 56.0 7.29084E+04
 56.5 7.17164E+04
 57.0 7.05467E+04
 57.5 6.93987E+04
 58.0 3.35642E+05
 58.5 6.71662E+04
 59.0 6.60807E+04
 59.5 5.33227E+05
 60.0 6.39690E+04
 60.5 6.29418E+04
 61.0 6.19333E+04
 61.5 6.09427E+04
 62.0 5.99699E+04
 62.5 5.90143E+04
 63.0 5.80754E+04
 63.5 5.71530E+04
 64.0 5.62465E+04
 64.5 5.53557E+04
 65.0 5.44800E+04
 65.5 5.36191E+04
 66.0 5.27727E+04
 66.5 5.19403E+04
 67.0 2.07302E+05
 67.5 5.03162E+04
 68.0 4.95239E+04
 68.5 4.87442E+04
 69.0 8.91664E+04
 69.5 4.61109E+04
 70.0 3.99394E+04
 70.5 3.94513E+04
 71.0 3.89658E+04
 71.5 3.84830E+04
 72.0 3.80027E+04
 72.5 3.75251E+04
 73.0 3.70501E+04
 73.5 3.65777E+04
 74.0 3.61078E+04
 74.5 3.56405E+04
 75.0 3.51757E+04
 75.5 3.47135E+04
 76.0 3.42538E+04
 76.5 3.37965E+04
 77.0 3.33417E+04
 77.5 3.28894E+04
 78.0 3.24395E+04
 78.5 3.19919E+04
 79.0 3.15468E+04
 79.5 3.11039E+04
 80.0 3.06634E+04
 80.5 3.02252E+04
 81.0 2.97893E+04
 81.5 2.93555E+04
 82.0 2.89241E+04
 82.5 2.84947E+04
 83.0 2.80676E+04
 83.5 2.76426E+04
 84.0 2.72197E+04
 84.5 2.67989E+04
 85.0 2.63801E+04
 85.5 2.59634E+04
 86.0 2.55487E+04
 86.5 2.51359E+04
 87.0 2.47251E+04
 87.5 2.43163E+04
 88.0 2.39094E+04
 88.5 2.35043E+04
 89.0 2.31012E+04
 89.5 2.26998E+04
 90.0 2.23003E+04
 90.5 2.19026E+04
 91.0 2.15067E+04
 91.5 2.11125E+04
 92.0 2.07201E+04
 92.5 2.03294E+04
 93.0 1.99404E+04
 93.5 1.95531E+04
 94.0 1.91675E+04
 94.5 1.87835E+04
 95.0 1.84012E+04
 95.5 1.80205E+04
 96.0 1.76414E+04
 96.5 1.72639E+04
 97.0 1.68880E+04
 97.5 1.65136E+04
 98.0 1.61408E+04
 98.5 1.57696E+04
 99.0 1.53999E+04
 99.5 1.50317E+04
100.0 1.46651E+04
100.5 1.43000E+04
101.0 1.39363E+04
101.5 1.35742E+04
102.0 1.32135E+04
102.5 1.28543E+04
103.0 1.24966E+04
103.5 1.21404E+04
104.0 1.17857E+04
104.5 1.14324E+04
105.0 1.10805E+04
105.5 1.07302E+04
106.0 1.03812E+04
106.5 1.00338E+04
107.0 9.68775E+03
107.5 9.34319E+03
108.0 9.00008E+03
108.5 8.65842E+03
109.0 8.31822E+03
109.5 7.97948E+03
110.0 7.64220E+03
110.5 7.30638E+03
111.0 6.97202E+03
111.5 6.63914E+03
112.0 6.30772E+03
112.5 5.97779E+03
113.0 5.64934E+03
113.5 5.32239E+03
114.0 4.99693E+03
114.5 4.67297E+03
115.0 4.35052E+03
115.5 4.02960E+03
116.0 3.71020E+03
116.5 3.39233E+03
117.0 3.07601E+03
117.5 2.76125E+03
118.0 2.44805E+03
118.5 2.13642E+03
119.0 1.82638E+03
119.5 1.51793E+03
120.0 1.21110E+03
120.5 9.05878E+02
121.0 6.02293E+02
121.5 3.00352E+02
122.0 2.49889E+01
