122K21D0W2
  0.5 0.00000E+00
  1.0 0.00000E+00
  1.5 0.00000E+00
  2.0 0.00000E+00
  2.5 0.00000E+00
  3.0 0.00000E+00
  3.5 3.67161E+04
  4.0 4.73187E+04
  4.5 5.84829E+04
  5.0 7.02120E+04
  5.5 8.25174E+04
  6.0 9.54200E+04
  6.5 1.08954E+05
  7.0 1.23172E+05
  7.5 1.38155E+05
  8.0 1.53997E+05
  8.5 2.78429E+06
  9.0 1.88501E+05
  9.5 2.12770E+06
 10.0 1.77212E+06
 10.5 8.66169E+04
 11.0 9.32539E+04
 11.5 2.82693E+05
 12.0 7.17102E+04
 12.5 6.68379E+04
 13.0 7.10606E+04
 13.5 7.53932E+04
 14.0 7.98376E+04
 14.5 8.43924E+04
 15.0 8.90512E+04
 15.5 9.38014E+04
 16.0 9.86233E+04
 16.5 1.03491E+05
 17.0 1.08371E+05
 17.5 1.13227E+05
 18.0 1.18019E+05
 18.5 1.22705E+05
 19.0 1.27247E+05
 19.5 1.31604E+05
 20.0 1.35743E+05
 20.5 1.39633E+05
 21.0 1.43249E+05
 21.5 1.46573E+05
 22.0 1.49589E+05
 22.5 1.52289E+05
 23.0 1.54667E+05
 23.5 1.56725E+05
 24.0 1.58466E+05
 24.5 1.59897E+05
 25.0 1.61028E+05
 25.5 1.61871E+05
 26.0 1.62440E+05
 26.5 1.62748E+05
 27.0 1.62812E+05
 27.5 1.62648E+05
 28.0 1.62272E+05
 28.5 1.61701E+05
 29.0 1.60949E+05
 29.5 1.60034E+05
 30.0 1.58969E+05
 30.5 1.57769E+05
 31.0 1.56448E+05
 31.5 1.55020E+05
 32.0 1.53495E+05
 32.5 1.51886E+05
 33.0 1.50203E+05
 33.5 1.48456E+05
 34.0 1.46655E+05
 34.5 1.44807E+05
 35.0 1.42922E+05
 35.5 1.41005E+05
 36.0 1.39064E+05
 36.5 1.37104E+05
 37.0 1.35131E+05
 37.5 1.33151E+05
 38.0 1.31166E+05
 38.5 1.29182E+05
 39.0 1.27202E+05
 39.5 1.25230E+05
 40.0 1.23267E+05
 40.5 1.21318E+05
 41.0 1.19383E+05
 41.5 1.17466E+05
 42.0 1.15567E+05
 42.5 1.13689E+05
 43.0 1.11832E+05
 43.5 1.09998E+05
 44.0 1.08188E+05
 44.5 1.06403E+05
 45.0 1.04643E+05
 45.5 1.02909E+05
 46.0 1.01201E+05
 46.5 9.95191E+04
 47.0 9.78643E+04
 47.5 9.62365E+04
 48.0 9.46357E+04
 48.5 9.30619E+04
 49.0 9.15149E+04
 49.5 8.99948E+04
 50.0 8.85012E+04
 50.5 8.70340E+04
 51.0 8.55931E+04
 51.5 8.41779E+04
 52.0 8.27883E+04
 52.5 8.14240E+04
 53.0 8.00845E+04
 53.5 7.87695E+04
 54.0 7.74786E+04
 54.5 7.62114E+04
 55.0 7.49675E+04
 55.5 7.37464E+04
 56.0 7.25478E+04
 56.5 7.13711E+04
 57.0 7.02160E+04
 57.5 6.90820E+04
 58.0 3.33255E+05
 58.5 6.68757E+04
 59.0 6.58024E+04
 59.5 5.29522E+05
 60.0 6.37135E+04
 60.5 6.26970E+04
 61.0 6.16985E+04
 61.5 6.07177E+04
 62.0 5.97542E+04
 62.5 5.88075E+04
 63.0 5.78772E+04
 63.5 5.69629E+04
 64.0 5.60643E+04
 64.5 5.51809E+04
 65.0 5.43124E+04
 65.5 5.34583E+04
 66.0 5.26184E+04
 66.5 5.17923E+04
 67.0 2.06329E+05
 67.5 5.01801E+04
 68.0 4.93933E+04
 68.5 4.86189E+04
 69.0 8.88432E+04
 69.5 4.59465E+04
 70.0 3.95394E+04
 70.5 3.90653E+04
 71.0 3.85935E+04
 71.5 3.81238E+04
 72.0 3.76564E+04
 72.5 3.71911E+04
 73.0 3.67281E+04
 73.5 3.62673E+04
 74.0 3.58087E+04
 74.5 3.53523E+04
 75.0 3.48981E+04
 75.5 3.44460E+04
 76.0 3.39962E+04
 76.5 3.35485E+04
 77.0 3.31030E+04
 77.5 3.26596E+04
 78.0 3.22183E+04
 78.5 3.17792E+04
 79.0 3.13421E+04
 79.5 3.09072E+04
 80.0 3.04742E+04
 80.5 3.00434E+04
 81.0 2.96145E+04
 81.5 2.91877E+04
 82.0 2.87628E+04
 82.5 2.83399E+04
 83.0 2.79190E+04
 83.5 2.75000E+04
 84.0 2.70828E+04
 84.5 2.66676E+04
 85.0 2.62543E+04
 85.5 2.58427E+04
 86.0 2.54331E+04
 86.5 2.50252E+04
 87.0 2.46191E+04
 87.5 2.42148E+04
 88.0 2.38123E+04
 88.5 2.34114E+04
 89.0 2.30123E+04
 89.5 2.26149E+04
 90.0 2.22192E+04
 90.5 2.18252E+04
 91.0 2.14328E+04
 91.5 2.10420E+04
 92.0 2.06529E+04
 92.5 2.02653E+04
 93.0 1.98794E+04
 93.5 1.94950E+04
 94.0 1.91122E+04
 94.5 1.87309E+04
 95.0 1.83512E+04
 95.5 1.79730E+04
 96.0 1.75963E+04
 96.5 1.72212E+04
 97.0 1.68475E+04
 97.5 1.64753E+04
 98.0 1.61046E+04
 98.5 1.57353E+04
 99.0 1.53675E+04
 99.5 1.50011E+04
100.0 1.46362E+04
100.5 1.42728E+04
101.0 1.39107E+04
101.5 1.35501E+04
102.0 1.31909E+04
102.5 1.28331E+04
103.0 1.24768E+04
103.5 1.21218E+04
104.0 1.17683E+04
104.5 1.14162E+04
105.0 1.10655E+04
105.5 1.07161E+04
106.0 1.03682E+04
106.5 1.00217E+04
107.0 9.67660E+03
107.5 9.33290E+03
108.0 8.99061E+03
108.5 8.64973E+03
109.0 8.31026E+03
109.5 7.97221E+03
110.0 7.63558E+03
110.5 7.30037E+03
111.0 6.96659E+03
111.5 6.63425E+03
112.0 6.30334E+03
112.5 5.97388E+03
113.0 5.64588E+03
113.5 5.31933E+03
114.0 4.99425E+03
114.5 4.67064E+03
115.0 4.34852E+03
115.5 4.02788E+03
116.0 3.70875E+03
116.5 3.39113E+03
117.0 3.07503E+03
117.5 2.76045E+03
118.0 2.44742E+03
118.5 2.13594E+03
119.0 1.82603E+03
119.5 1.51769E+03
120.0 1.21094E+03
120.5 9.05787E+02
121.0 6.02250E+02
121.5 3.00339E+02
122.0 2.49882E+01
