123K08D0W2
  0.5 0.00000E+00
  1.0 0.00000E+00
  1.5 0.00000E+00
  2.0 0.00000E+00
  2.5 0.00000E+00
  3.0 0.00000E+00
  3.5 9.97055E+03
  4.0 1.40122E+04
  4.5 1.82371E+04
  5.0 2.26107E+04
  5.5 2.71187E+04
  6.0 3.17539E+04
  6.5 3.65123E+04
  7.0 4.13909E+04
  7.5 4.63879E+04
  8.0 5.15021E+04
  8.5 1.44471E+05
  9.0 6.20824E+04
  9.5 2.40422E+05
 10.0 2.06571E+05
 10.5 2.91929E+04
 11.0 3.14035E+04
 11.5 3.52775E+04
 12.0 2.42048E+04
 12.5 2.25712E+04
 13.0 2.40012E+04
 13.5 2.54466E+04
 14.0 2.69073E+04
 14.5 2.83830E+04
 15.0 2.98737E+04
 15.5 3.13792E+04
 16.0 3.28993E+04
 16.5 3.44341E+04
 17.0 3.59833E+04
 17.5 3.75469E+04
 18.0 3.91249E+04
 18.5 4.07171E+04
 19.0 4.23232E+04
 19.5 4.39430E+04
 20.0 4.55757E+04
 20.5 4.72203E+04
 21.0 4.88754E+04
 21.5 5.05389E+04
 22.0 5.22083E+04
 22.5 5.38805E+04
 23.0 5.55514E+04
 23.5 5.72168E+04
 24.0 5.88716E+04
 24.5 6.05103E+04
 25.0 6.21273E+04
 25.5 6.37164E+04
 26.0 6.52716E+04
 26.5 6.67870E+04
 27.0 6.82566E+04
 27.5 6.96749E+04
 28.0 7.10368E+04
 28.5 7.23373E+04
 29.0 7.35725E+04
 29.5 7.47385E+04
 30.0 7.58324E+04
 30.5 7.68517E+04
 31.0 7.77945E+04
 31.5 7.86597E+04
 32.0 7.94464E+04
 32.5 8.01544E+04
 33.0 8.07840E+04
 33.5 8.13361E+04
 34.0 8.18117E+04
 34.5 8.22123E+04
 35.0 8.25396E+04
 35.5 8.27957E+04
 36.0 8.29830E+04
 36.5 8.31038E+04
 37.0 8.31608E+04
 37.5 8.31567E+04
 38.0 8.30942E+04
 38.5 8.29762E+04
 39.0 8.28056E+04
 39.5 8.25851E+04
 40.0 8.23177E+04
 40.5 8.20061E+04
 41.0 8.16532E+04
 41.5 8.12615E+04
 42.0 8.08338E+04
 42.5 8.03726E+04
 43.0 7.98803E+04
 43.5 7.93593E+04
 44.0 7.88118E+04
 44.5 7.82401E+04
 45.0 7.76462E+04
 45.5 7.70322E+04
 46.0 7.63998E+04
 46.5 7.57509E+04
 47.0 7.50872E+04
 47.5 7.44102E+04
 48.0 7.37215E+04
 48.5 7.30224E+04
 49.0 7.23144E+04
 49.5 7.15986E+04
 50.0 7.08763E+04
 50.5 7.01484E+04
 51.0 6.94161E+04
 51.5 6.86802E+04
 52.0 6.79417E+04
 52.5 6.72014E+04
 53.0 6.64601E+04
 53.5 6.57183E+04
 54.0 6.49768E+04
 54.5 6.42362E+04
 55.0 6.34970E+04
 55.5 6.27598E+04
 56.0 6.20248E+04
 56.5 6.12927E+04
 57.0 6.05638E+04
 57.5 5.98384E+04
 58.0 2.66046E+05
 58.5 5.83994E+04
 59.0 5.76864E+04
 59.5 4.25427E+05
 60.0 5.62742E+04
 60.5 5.55755E+04
 61.0 5.48819E+04
 61.5 5.41936E+04
 62.0 5.35107E+04
 62.5 5.28333E+04
 63.0 5.21614E+04
 63.5 5.14951E+04
 64.0 5.08345E+04
 64.5 5.01796E+04
 65.0 4.95304E+04
 65.5 4.88871E+04
 66.0 4.82494E+04
 66.5 4.76176E+04
 67.0 1.79413E+05
 67.5 4.63711E+04
 68.0 4.57565E+04
 68.5 4.51475E+04
 69.0 7.99849E+04
 69.5 4.14485E+04
 70.0 2.85976E+04
 70.5 2.84661E+04
 71.0 2.83292E+04
 71.5 2.81871E+04
 72.0 2.80399E+04
 72.5 2.78875E+04
 73.0 2.77302E+04
 73.5 2.75679E+04
 74.0 2.74008E+04
 74.5 2.72290E+04
 75.0 2.70524E+04
 75.5 2.68713E+04
 76.0 2.66858E+04
 76.5 2.64958E+04
 77.0 2.63015E+04
 77.5 2.61030E+04
 78.0 2.59004E+04
 78.5 2.56937E+04
 79.0 2.54831E+04
 79.5 2.52687E+04
 80.0 2.50504E+04
 80.5 2.48285E+04
 81.0 2.46030E+04
 81.5 2.43739E+04
 82.0 2.41415E+04
 82.5 2.39057E+04
 83.0 2.36667E+04
 83.5 2.34245E+04
 84.0 2.31792E+04
 84.5 2.29310E+04
 85.0 2.26798E+04
 85.5 2.24258E+04
 86.0 2.21691E+04
 86.5 2.19097E+04
 87.0 2.16477E+04
 87.5 2.13832E+04
 88.0 2.11162E+04
 88.5 2.08469E+04
 89.0 2.05753E+04
 89.5 2.03015E+04
 90.0 2.00256E+04
 90.5 1.97476E+04
 91.0 1.94676E+04
 91.5 1.91857E+04
 92.0 1.89019E+04
 92.5 1.86163E+04
 93.0 1.83291E+04
 93.5 1.80401E+04
 94.0 1.77496E+04
 94.5 1.74576E+04
 95.0 1.71641E+04
 95.5 1.68692E+04
 96.0 1.65730E+04
 96.5 1.62755E+04
 97.0 1.59768E+04
 97.5 1.56769E+04
 98.0 1.53759E+04
 98.5 1.50739E+04
 99.0 1.47709E+04
 99.5 1.44669E+04
100.0 1.41621E+04
100.5 1.38565E+04
101.0 1.35501E+04
101.5 1.32430E+04
102.0 1.29352E+04
102.5 1.26268E+04
103.0 1.23178E+04
103.5 1.20083E+04
104.0 1.16984E+04
104.5 1.13880E+04
105.0 1.10773E+04
105.5 1.07662E+04
106.0 1.04549E+04
106.5 1.01433E+04
107.0 9.83152E+03
107.5 9.51961E+03
108.0 9.20760E+03
108.5 8.89552E+03
109.0 8.58344E+03
109.5 8.27139E+03
110.0 7.95941E+03
110.5 7.64754E+03
111.0 7.33582E+03
111.5 7.02429E+03
112.0 6.71300E+03
112.5 6.40198E+03
113.0 6.09127E+03
113.5 5.78092E+03
114.0 5.47095E+03
114.5 5.16141E+03
115.0 4.85234E+03
115.5 4.54376E+03
116.0 4.23573E+03
116.5 3.92828E+03
117.0 3.62143E+03
117.5 3.31524E+03
118.0 3.00973E+03
118.5 2.70495E+03
119.0 2.40092E+03
119.5 2.09768E+03
120.0 1.79526E+03
120.5 1.49371E+03
121.0 1.19305E+03
121.5 8.93320E+02
122.0 5.94553E+02
122.5 2.96784E+02
123.0 2.47066E+01
