123K07D0W2
  0.5 0.00000E+00
  1.0 0.00000E+00
  1.5 0.00000E+00
  2.0 0.00000E+00
  2.5 0.00000E+00
  3.0 0.00000E+00
  3.5 8.13225E+03
  4.0 1.16770E+04
  4.5 1.53949E+04
  5.0 1.92441E+04
  5.5 2.32070E+04
  6.0 2.72752E+04
  6.5 3.14437E+04
  7.0 3.57094E+04
  7.5 4.00698E+04
  8.0 4.45230E+04
  8.5 8.96223E+04
  9.0 5.37039E+04
  9.5 1.58336E+05
 10.0 1.38058E+05
 10.5 2.52095E+04
 11.0 2.71385E+04
 11.5 2.88421E+04
 12.0 2.08997E+04
 12.5 1.94870E+04
 13.0 2.07364E+04
 13.5 2.19978E+04
 14.0 2.32710E+04
 14.5 2.45559E+04
 15.0 2.58522E+04
 15.5 2.71597E+04
 16.0 2.84783E+04
 16.5 2.98077E+04
 17.0 3.11478E+04
 17.5 3.24985E+04
 18.0 3.38595E+04
 18.5 3.52308E+04
 19.0 3.66121E+04
 19.5 3.80032E+04
 20.0 3.94039E+04
 20.5 4.08137E+04
 21.0 4.22320E+04
 21.5 4.36578E+04
 22.0 4.50901E+04
 22.5 4.65272E+04
 23.0 4.79672E+04
 23.5 4.94075E+04
 24.0 5.08455E+04
 24.5 5.22776E+04
 25.0 5.37003E+04
 25.5 5.51095E+04
 26.0 5.65009E+04
 26.5 5.78700E+04
 27.0 5.92123E+04
 27.5 6.05231E+04
 28.0 6.17979E+04
 28.5 6.30324E+04
 29.0 6.42224E+04
 29.5 6.53643E+04
 30.0 6.64544E+04
 30.5 6.74898E+04
 31.0 6.84678E+04
 31.5 6.93862E+04
 32.0 7.02431E+04
 32.5 7.10373E+04
 33.0 7.17678E+04
 33.5 7.24341E+04
 34.0 7.30361E+04
 34.5 7.35739E+04
 35.0 7.40482E+04
 35.5 7.44597E+04
 36.0 7.48096E+04
 36.5 7.50993E+04
 37.0 7.53301E+04
 37.5 7.55041E+04
 38.0 7.56228E+04
 38.5 7.56884E+04
 39.0 7.57029E+04
 39.5 7.56684E+04
 40.0 7.55871E+04
 40.5 7.54613E+04
 41.0 7.52931E+04
 41.5 7.50847E+04
 42.0 7.48385E+04
 42.5 7.45565E+04
 43.0 7.42409E+04
 43.5 7.38938E+04
 44.0 7.35171E+04
 44.5 7.31130E+04
 45.0 7.26833E+04
 45.5 7.22298E+04
 46.0 7.17543E+04
 46.5 7.12585E+04
 47.0 7.07440E+04
 47.5 7.02125E+04
 48.0 6.96653E+04
 48.5 6.91039E+04
 49.0 6.85297E+04
 49.5 6.79438E+04
 50.0 6.73476E+04
 50.5 6.67421E+04
 51.0 6.61284E+04
 51.5 6.55075E+04
 52.0 6.48803E+04
 52.5 6.42478E+04
 53.0 6.36108E+04
 53.5 6.29699E+04
 54.0 6.23261E+04
 54.5 6.16799E+04
 55.0 6.10319E+04
 55.5 6.03829E+04
 56.0 5.97332E+04
 56.5 5.90834E+04
 57.0 5.84340E+04
 57.5 5.77854E+04
 58.0 2.51413E+05
 58.5 5.64921E+04
 59.0 5.58481E+04
 59.5 4.02391E+05
 60.0 5.45669E+04
 60.5 5.39304E+04
 61.0 5.32967E+04
 61.5 5.26662E+04
 62.0 5.20390E+04
 62.5 5.14153E+04
 63.0 5.07953E+04
 63.5 5.01791E+04
 64.0 4.95667E+04
 64.5 4.89584E+04
 65.0 4.83542E+04
 65.5 4.77541E+04
 66.0 4.71583E+04
 66.5 4.65667E+04
 67.0 1.72818E+05
 67.5 4.53966E+04
 68.0 4.48181E+04
 68.5 4.42440E+04
 69.0 7.77308E+04
 69.5 4.04147E+04
 70.0 2.66212E+04
 70.5 2.65361E+04
 71.0 2.64453E+04
 71.5 2.63488E+04
 72.0 2.62467E+04
 72.5 2.61392E+04
 73.0 2.60261E+04
 73.5 2.59077E+04
 74.0 2.57839E+04
 74.5 2.56549E+04
 75.0 2.55206E+04
 75.5 2.53812E+04
 76.0 2.52367E+04
 76.5 2.50872E+04
 77.0 2.49328E+04
 77.5 2.47735E+04
 78.0 2.46095E+04
 78.5 2.44408E+04
 79.0 2.42675E+04
 79.5 2.40897E+04
 80.0 2.39074E+04
 80.5 2.37208E+04
 81.0 2.35299E+04
 81.5 2.33349E+04
 82.0 2.31357E+04
 82.5 2.29326E+04
 83.0 2.27255E+04
 83.5 2.25146E+04
 84.0 2.22999E+04
 84.5 2.20815E+04
 85.0 2.18596E+04
 85.5 2.16342E+04
 86.0 2.14053E+04
 86.5 2.11732E+04
 87.0 2.09377E+04
 87.5 2.06992E+04
 88.0 2.04575E+04
 88.5 2.02129E+04
 89.0 1.99653E+04
 89.5 1.97150E+04
 90.0 1.94618E+04
 90.5 1.92060E+04
 91.0 1.89476E+04
 91.5 1.86867E+04
 92.0 1.84233E+04
 92.5 1.81576E+04
 93.0 1.78896E+04
 93.5 1.76194E+04
 94.0 1.73471E+04
 94.5 1.70727E+04
 95.0 1.67963E+04
 95.5 1.65179E+04
 96.0 1.62378E+04
 96.5 1.59558E+04
 97.0 1.56721E+04
 97.5 1.53868E+04
 98.0 1.50999E+04
 98.5 1.48115E+04
 99.0 1.45217E+04
 99.5 1.42305E+04
100.0 1.39379E+04
100.5 1.36441E+04
101.0 1.33491E+04
101.5 1.30530E+04
102.0 1.27558E+04
102.5 1.24576E+04
103.0 1.21584E+04
103.5 1.18584E+04
104.0 1.15575E+04
104.5 1.12558E+04
105.0 1.09534E+04
105.5 1.06503E+04
106.0 1.03466E+04
106.5 1.00424E+04
107.0 9.73759E+03
107.5 9.43236E+03
108.0 9.12671E+03
108.5 8.82071E+03
109.0 8.51441E+03
109.5 8.20784E+03
110.0 7.90107E+03
110.5 7.59414E+03
111.0 7.28710E+03
111.5 6.97999E+03
112.0 6.67286E+03
112.5 6.36576E+03
113.0 6.05874E+03
113.5 5.75183E+03
114.0 5.44509E+03
114.5 5.13855E+03
115.0 4.83227E+03
115.5 4.52628E+03
116.0 4.22063E+03
116.5 3.91536E+03
117.0 3.61051E+03
117.5 3.30613E+03
118.0 3.00225E+03
118.5 2.69892E+03
119.0 2.39617E+03
119.5 2.09405E+03
120.0 1.79260E+03
120.5 1.49185E+03
121.0 1.19184E+03
121.5 8.92621E+02
122.0 5.94221E+02
122.5 2.96681E+02
123.0 2.47012E+01
