123K13D0W2
  0.5 0.00000E+00
  1.0 0.00000E+00
  1.5 0.00000E+00
  2.0 0.00000E+00
  2.5 0.00000E+00
  3.0 0.00000E+00
  3.5 1.96358E+04
  4.0 2.61157E+04
  4.5 3.28831E+04
  5.0 3.99233E+04
  5.5 4.72308E+04
  6.0 5.48039E+04
  6.5 6.26432E+04
  7.0 7.07521E+04
  7.5 7.91375E+04
  8.0 8.78110E+04
  8.5 8.04628E+05
  9.0 1.06100E+05
  9.5 8.77824E+05
 10.0 7.35434E+05
 10.5 4.97939E+04
 11.0 5.35057E+04
 11.5 9.50440E+04
 12.0 4.12824E+04
 12.5 3.85003E+04
 13.0 4.08884E+04
 13.5 4.33154E+04
 14.0 4.57818E+04
 14.5 4.82885E+04
 15.0 5.08364E+04
 15.5 5.34263E+04
 16.0 5.60590E+04
 16.5 5.87346E+04
 17.0 6.14521E+04
 17.5 6.42098E+04
 18.0 6.70037E+04
 18.5 6.98283E+04
 19.0 7.26758E+04
 19.5 7.55364E+04
 20.0 7.83981E+04
 20.5 8.12475E+04
 21.0 8.40697E+04
 21.5 8.68489E+04
 22.0 8.95693E+04
 22.5 9.22149E+04
 23.0 9.47704E+04
 23.5 9.72216E+04
 24.0 9.95557E+04
 24.5 1.01761E+05
 25.0 1.03828E+05
 25.5 1.05750E+05
 26.0 1.07519E+05
 26.5 1.09131E+05
 27.0 1.10585E+05
 27.5 1.11879E+05
 28.0 1.13013E+05
 28.5 1.13990E+05
 29.0 1.14812E+05
 29.5 1.15483E+05
 30.0 1.16007E+05
 30.5 1.16391E+05
 31.0 1.16640E+05
 31.5 1.16761E+05
 32.0 1.16759E+05
 32.5 1.16642E+05
 33.0 1.16417E+05
 33.5 1.16090E+05
 34.0 1.15669E+05
 34.5 1.15159E+05
 35.0 1.14568E+05
 35.5 1.13903E+05
 36.0 1.13168E+05
 36.5 1.12371E+05
 37.0 1.11516E+05
 37.5 1.10609E+05
 38.0 1.09656E+05
 38.5 1.08661E+05
 39.0 1.07629E+05
 39.5 1.06564E+05
 40.0 1.05470E+05
 40.5 1.04351E+05
 41.0 1.03211E+05
 41.5 1.02052E+05
 42.0 1.00878E+05
 42.5 9.96910E+04
 43.0 9.84946E+04
 43.5 9.72908E+04
 44.0 9.60819E+04
 44.5 9.48697E+04
 45.0 9.36563E+04
 45.5 9.24433E+04
 46.0 9.12322E+04
 46.5 9.00245E+04
 47.0 8.88214E+04
 47.5 8.76242E+04
 48.0 8.64338E+04
 48.5 8.52511E+04
 49.0 8.40771E+04
 49.5 8.29125E+04
 50.0 8.17578E+04
 50.5 8.06138E+04
 51.0 7.94809E+04
 51.5 7.83595E+04
 52.0 7.72500E+04
 52.5 7.61527E+04
 53.0 7.50680E+04
 53.5 7.39960E+04
 54.0 7.29370E+04
 54.5 7.18910E+04
 55.0 7.08581E+04
 55.5 6.98385E+04
 56.0 6.88321E+04
 56.5 6.78389E+04
 57.0 6.68590E+04
 57.5 6.58923E+04
 58.0 3.10388E+05
 58.5 6.39984E+04
 59.0 6.30709E+04
 59.5 4.94895E+05
 60.0 6.12544E+04
 60.5 6.03651E+04
 61.0 5.94883E+04
 61.5 5.86238E+04
 62.0 5.77715E+04
 62.5 5.69311E+04
 63.0 5.61025E+04
 63.5 5.52855E+04
 64.0 5.44800E+04
 64.5 5.36857E+04
 65.0 5.29025E+04
 65.5 5.21301E+04
 66.0 5.13684E+04
 66.5 5.06172E+04
 67.0 1.98662E+05
 67.5 4.91453E+04
 68.0 4.84243E+04
 68.5 4.77130E+04
 69.0 8.64855E+04
 69.5 4.45240E+04
 70.0 3.50535E+04
 70.5 3.47433E+04
 71.0 3.44309E+04
 71.5 3.41163E+04
 72.0 3.37998E+04
 72.5 3.34812E+04
 73.0 3.31608E+04
 73.5 3.28387E+04
 74.0 3.25149E+04
 74.5 3.21895E+04
 75.0 3.18626E+04
 75.5 3.15342E+04
 76.0 3.12046E+04
 76.5 3.08736E+04
 77.0 3.05414E+04
 77.5 3.02080E+04
 78.0 2.98736E+04
 78.5 2.95382E+04
 79.0 2.92018E+04
 79.5 2.88645E+04
 80.0 2.85264E+04
 80.5 2.81875E+04
 81.0 2.78479E+04
 81.5 2.75076E+04
 82.0 2.71666E+04
 82.5 2.68251E+04
 83.0 2.64831E+04
 83.5 2.61405E+04
 84.0 2.57975E+04
 84.5 2.54542E+04
 85.0 2.51104E+04
 85.5 2.47664E+04
 86.0 2.44220E+04
 86.5 2.40774E+04
 87.0 2.37326E+04
 87.5 2.33876E+04
 88.0 2.30425E+04
 88.5 2.26973E+04
 89.0 2.23520E+04
 89.5 2.20067E+04
 90.0 2.16613E+04
 90.5 2.13160E+04
 91.0 2.09707E+04
 91.5 2.06255E+04
 92.0 2.02804E+04
 92.5 1.99354E+04
 93.0 1.95905E+04
 93.5 1.92459E+04
 94.0 1.89014E+04
 94.5 1.85572E+04
 95.0 1.82133E+04
 95.5 1.78696E+04
 96.0 1.75262E+04
 96.5 1.71832E+04
 97.0 1.68405E+04
 97.5 1.64981E+04
 98.0 1.61562E+04
 98.5 1.58146E+04
 99.0 1.54735E+04
 99.5 1.51329E+04
100.0 1.47927E+04
100.5 1.44531E+04
101.0 1.41139E+04
101.5 1.37753E+04
102.0 1.34372E+04
102.5 1.30997E+04
103.0 1.27629E+04
103.5 1.24266E+04
104.0 1.20910E+04
104.5 1.17560E+04
105.0 1.14217E+04
105.5 1.10881E+04
106.0 1.07552E+04
106.5 1.04230E+04
107.0 1.00916E+04
107.5 9.76100E+03
108.0 9.43115E+03
108.5 9.10212E+03
109.0 8.77392E+03
109.5 8.44656E+03
110.0 8.12008E+03
110.5 7.79448E+03
111.0 7.46978E+03
111.5 7.14601E+03
112.0 6.82319E+03
112.5 6.50133E+03
113.0 6.18045E+03
113.5 5.86058E+03
114.0 5.54173E+03
114.5 5.22392E+03
115.0 4.90717E+03
115.5 4.59150E+03
116.0 4.27694E+03
116.5 3.96350E+03
117.0 3.65120E+03
117.5 3.34006E+03
118.0 3.03010E+03
118.5 2.72134E+03
119.0 2.41381E+03
119.5 2.10752E+03
120.0 1.80250E+03
120.5 1.49876E+03
121.0 1.19632E+03
121.5 8.95214E+02
122.0 5.95453E+02
122.5 2.97061E+02
123.0 2.47211E+01
