123K10D0W2
  0.5 0.00000E+00
  1.0 0.00000E+00
  1.5 0.00000E+00
  2.0 0.00000E+00
  2.5 0.00000E+00
  3.0 0.00000E+00
  3.5 1.37541E+04
  4.0 1.87734E+04
  4.5 2.40093E+04
  5.0 2.94373E+04
  5.5 3.50474E+04
  6.0 4.08347E+04
  6.5 4.67964E+04
  7.0 5.29311E+04
  7.5 5.92389E+04
  8.0 6.57214E+04
  8.5 3.31528E+05
  9.0 7.92285E+04
  9.5 4.59451E+05
 10.0 3.88590E+05
 10.5 3.72866E+04
 11.0 4.00774E+04
 11.5 5.31553E+04
 12.0 3.09174E+04
 12.5 2.88338E+04
 13.0 3.06352E+04
 13.5 3.24599E+04
 14.0 3.43080E+04
 14.5 3.61794E+04
 15.0 3.80745E+04
 15.5 3.99931E+04
 16.0 4.19355E+04
 16.5 4.39021E+04
 17.0 4.58927E+04
 17.5 4.79076E+04
 18.0 4.99465E+04
 18.5 5.20087E+04
 19.0 5.40928E+04
 19.5 5.61969E+04
 20.0 5.83177E+04
 20.5 6.04514E+04
 21.0 6.25924E+04
 21.5 6.47346E+04
 22.0 6.68705E+04
 22.5 6.89920E+04
 23.0 7.10901E+04
 23.5 7.31555E+04
 24.0 7.51788E+04
 24.5 7.71502E+04
 25.0 7.90609E+04
 25.5 8.09017E+04
 26.0 8.26648E+04
 26.5 8.43428E+04
 27.0 8.59294E+04
 27.5 8.74190E+04
 28.0 8.88074E+04
 28.5 9.00910E+04
 29.0 9.12673E+04
 29.5 9.23350E+04
 30.0 9.32934E+04
 30.5 9.41427E+04
 31.0 9.48838E+04
 31.5 9.55184E+04
 32.0 9.60487E+04
 32.5 9.64774E+04
 33.0 9.68077E+04
 33.5 9.70430E+04
 34.0 9.71870E+04
 34.5 9.72439E+04
 35.0 9.72177E+04
 35.5 9.71125E+04
 36.0 9.69329E+04
 36.5 9.66830E+04
 37.0 9.63671E+04
 37.5 9.59896E+04
 38.0 9.55544E+04
 38.5 9.50657E+04
 39.0 9.45275E+04
 39.5 9.39435E+04
 40.0 9.33174E+04
 40.5 9.26528E+04
 41.0 9.19530E+04
 41.5 9.12212E+04
 42.0 9.04604E+04
 42.5 8.96736E+04
 43.0 8.88636E+04
 43.5 8.80327E+04
 44.0 8.71836E+04
 44.5 8.63184E+04
 45.0 8.54394E+04
 45.5 8.45484E+04
 46.0 8.36475E+04
 46.5 8.27381E+04
 47.0 8.18222E+04
 47.5 8.09010E+04
 48.0 7.99760E+04
 48.5 7.90485E+04
 49.0 7.81196E+04
 49.5 7.71904E+04
 50.0 7.62620E+04
 50.5 7.53352E+04
 51.0 7.44109E+04
 51.5 7.34898E+04
 52.0 7.25727E+04
 52.5 7.16601E+04
 53.0 7.07526E+04
 53.5 6.98507E+04
 54.0 6.89550E+04
 54.5 6.80657E+04
 55.0 6.71833E+04
 55.5 6.63081E+04
 56.0 6.54403E+04
 56.5 6.45802E+04
 57.0 6.37280E+04
 57.5 6.28840E+04
 58.0 2.88138E+05
 58.5 6.12207E+04
 59.0 6.04017E+04
 59.5 4.60098E+05
 60.0 5.87894E+04
 60.5 5.79961E+04
 61.0 5.72116E+04
 61.5 5.64356E+04
 62.0 5.56684E+04
 62.5 5.49097E+04
 63.0 5.41596E+04
 63.5 5.34181E+04
 64.0 5.26850E+04
 64.5 5.19604E+04
 65.0 5.12441E+04
 65.5 5.05360E+04
 66.0 4.98361E+04
 66.5 4.91443E+04
 67.0 1.89132E+05
 67.5 4.77845E+04
 68.0 4.71163E+04
 68.5 4.64557E+04
 69.0 8.32815E+04
 69.5 4.29895E+04
 70.0 3.17256E+04
 70.5 3.15124E+04
 71.0 3.12950E+04
 71.5 3.10736E+04
 72.0 3.08481E+04
 72.5 3.06188E+04
 73.0 3.03857E+04
 73.5 3.01489E+04
 74.0 2.99085E+04
 74.5 2.96646E+04
 75.0 2.94174E+04
 75.5 2.91669E+04
 76.0 2.89132E+04
 76.5 2.86564E+04
 77.0 2.83966E+04
 77.5 2.81339E+04
 78.0 2.78683E+04
 78.5 2.76000E+04
 79.0 2.73291E+04
 79.5 2.70556E+04
 80.0 2.67796E+04
 80.5 2.65012E+04
 81.0 2.62205E+04
 81.5 2.59376E+04
 82.0 2.56525E+04
 82.5 2.53653E+04
 83.0 2.50760E+04
 83.5 2.47849E+04
 84.0 2.44918E+04
 84.5 2.41970E+04
 85.0 2.39004E+04
 85.5 2.36022E+04
 86.0 2.33023E+04
 86.5 2.30009E+04
 87.0 2.26981E+04
 87.5 2.23938E+04
 88.0 2.20882E+04
 88.5 2.17812E+04
 89.0 2.14731E+04
 89.5 2.11637E+04
 90.0 2.08532E+04
 90.5 2.05417E+04
 91.0 2.02292E+04
 91.5 1.99156E+04
 92.0 1.96012E+04
 92.5 1.92859E+04
 93.0 1.89698E+04
 93.5 1.86530E+04
 94.0 1.83354E+04
 94.5 1.80171E+04
 95.0 1.76982E+04
 95.5 1.73788E+04
 96.0 1.70588E+04
 96.5 1.67383E+04
 97.0 1.64174E+04
 97.5 1.60961E+04
 98.0 1.57744E+04
 98.5 1.54524E+04
 99.0 1.51301E+04
 99.5 1.48075E+04
100.0 1.44848E+04
100.5 1.41619E+04
101.0 1.38388E+04
101.5 1.35157E+04
102.0 1.31925E+04
102.5 1.28693E+04
103.0 1.25461E+04
103.5 1.22230E+04
104.0 1.18999E+04
104.5 1.15770E+04
105.0 1.12542E+04
105.5 1.09316E+04
106.0 1.06093E+04
106.5 1.02872E+04
107.0 9.96534E+03
107.5 9.64384E+03
108.0 9.32269E+03
108.5 9.00192E+03
109.0 8.68157E+03
109.5 8.36166E+03
110.0 8.04223E+03
110.5 7.72330E+03
111.0 7.40491E+03
111.5 7.08709E+03
112.0 6.76987E+03
112.5 6.45327E+03
113.0 6.13732E+03
113.5 5.82206E+03
114.0 5.50751E+03
114.5 5.19371E+03
115.0 4.88068E+03
115.5 4.56845E+03
116.0 4.25704E+03
116.5 3.94650E+03
117.0 3.63683E+03
117.5 3.32808E+03
118.0 3.02028E+03
118.5 2.71344E+03
119.0 2.40759E+03
119.5 2.10278E+03
120.0 1.79901E+03
120.5 1.49632E+03
121.0 1.19475E+03
121.5 8.94301E+02
122.0 5.95020E+02
122.5 2.96927E+02
123.0 2.47141E+01
