123K11D0W2
  0.5 0.00000E+00
  1.0 0.00000E+00
  1.5 0.00000E+00
  2.0 0.00000E+00
  2.5 0.00000E+00
  3.0 0.00000E+00
  3.5 1.56892E+04
  4.0 2.11947E+04
  4.5 2.69378E+04
  5.0 3.28982E+04
  5.5 3.90675E+04
  6.0 4.54416E+04
  6.5 5.20186E+04
  7.0 5.87985E+04
  7.5 6.57827E+04
  8.0 7.29755E+04
  8.5 4.65069E+05
  9.0 8.80190E+04
  9.5 5.90001E+05
 10.0 4.96871E+05
 10.5 4.14032E+04
 11.0 4.44937E+04
 11.5 6.50569E+04
 12.0 3.43300E+04
 12.5 3.20170E+04
 13.0 3.40096E+04
 13.5 3.60303E+04
 14.0 3.80791E+04
 14.5 4.01563E+04
 15.0 4.22622E+04
 15.5 4.43972E+04
 16.0 4.65616E+04
 16.5 4.87559E+04
 17.0 5.09800E+04
 17.5 5.32340E+04
 18.0 5.55170E+04
 18.5 5.78272E+04
 19.0 6.01621E+04
 19.5 6.25177E+04
 20.0 6.48886E+04
 20.5 6.72680E+04
 21.0 6.96479E+04
 21.5 7.20189E+04
 22.0 7.43706E+04
 22.5 7.66920E+04
 23.0 7.89717E+04
 23.5 8.11981E+04
 24.0 8.33600E+04
 24.5 8.54464E+04
 25.0 8.74474E+04
 25.5 8.93538E+04
 26.0 9.11575E+04
 26.5 9.28517E+04
 27.0 9.44308E+04
 27.5 9.58902E+04
 28.0 9.72271E+04
 28.5 9.84391E+04
 29.0 9.95257E+04
 29.5 1.00487E+05
 30.0 1.01324E+05
 30.5 1.02038E+05
 31.0 1.02633E+05
 31.5 1.03111E+05
 32.0 1.03476E+05
 32.5 1.03732E+05
 33.0 1.03885E+05
 33.5 1.03938E+05
 34.0 1.03897E+05
 34.5 1.03766E+05
 35.0 1.03551E+05
 35.5 1.03257E+05
 36.0 1.02889E+05
 36.5 1.02452E+05
 37.0 1.01951E+05
 37.5 1.01390E+05
 38.0 1.00774E+05
 38.5 1.00108E+05
 39.0 9.93962E+04
 39.5 9.86422E+04
 40.0 9.78500E+04
 40.5 9.70233E+04
 41.0 9.61658E+04
 41.5 9.52805E+04
 42.0 9.43708E+04
 42.5 9.34394E+04
 43.0 9.24893E+04
 43.5 9.15228E+04
 44.0 9.05424E+04
 44.5 8.95503E+04
 45.0 8.85487E+04
 45.5 8.75393E+04
 46.0 8.65241E+04
 46.5 8.55046E+04
 47.0 8.44824E+04
 47.5 8.34589E+04
 48.0 8.24353E+04
 48.5 8.14128E+04
 49.0 8.03926E+04
 49.5 7.93755E+04
 50.0 7.83624E+04
 50.5 7.73542E+04
 51.0 7.63517E+04
 51.5 7.53553E+04
 52.0 7.43658E+04
 52.5 7.33836E+04
 53.0 7.24093E+04
 53.5 7.14432E+04
 54.0 7.04857E+04
 54.5 6.95371E+04
 55.0 6.85976E+04
 55.5 6.76676E+04
 56.0 6.67472E+04
 56.5 6.58365E+04
 57.0 6.49358E+04
 57.5 6.40450E+04
 58.0 2.96676E+05
 58.5 6.22937E+04
 59.0 6.14333E+04
 59.5 4.73465E+05
 60.0 5.97429E+04
 60.5 5.89129E+04
 61.0 5.80930E+04
 61.5 5.72832E+04
 62.0 5.64833E+04
 62.5 5.56932E+04
 63.0 5.49130E+04
 63.5 5.41425E+04
 64.0 5.33815E+04
 64.5 5.26301E+04
 65.0 5.18880E+04
 65.5 5.11551E+04
 66.0 5.04314E+04
 66.5 4.97167E+04
 67.0 1.92819E+05
 67.5 4.83137E+04
 68.0 4.76251E+04
 68.5 4.69449E+04
 69.0 8.45240E+04
 69.5 4.35800E+04
 70.0 3.29814E+04
 70.5 3.27328E+04
 71.0 3.24806E+04
 71.5 3.22250E+04
 72.0 3.19661E+04
 72.5 3.17039E+04
 73.0 3.14387E+04
 73.5 3.11703E+04
 74.0 3.08991E+04
 74.5 3.06250E+04
 75.0 3.03482E+04
 75.5 3.00688E+04
 76.0 2.97868E+04
 76.5 2.95023E+04
 77.0 2.92155E+04
 77.5 2.89264E+04
 78.0 2.86350E+04
 78.5 2.83416E+04
 79.0 2.80461E+04
 79.5 2.77486E+04
 80.0 2.74492E+04
 80.5 2.71481E+04
 81.0 2.68451E+04
 81.5 2.65405E+04
 82.0 2.62343E+04
 82.5 2.59266E+04
 83.0 2.56173E+04
 83.5 2.53067E+04
 84.0 2.49947E+04
 84.5 2.46814E+04
 85.0 2.43669E+04
 85.5 2.40512E+04
 86.0 2.37344E+04
 86.5 2.34165E+04
 87.0 2.30977E+04
 87.5 2.27779E+04
 88.0 2.24571E+04
 88.5 2.21356E+04
 89.0 2.18132E+04
 89.5 2.14900E+04
 90.0 2.11662E+04
 90.5 2.08417E+04
 91.0 2.05166E+04
 91.5 2.01909E+04
 92.0 1.98646E+04
 92.5 1.95379E+04
 93.0 1.92108E+04
 93.5 1.88832E+04
 94.0 1.85553E+04
 94.5 1.82270E+04
 95.0 1.78984E+04
 95.5 1.75696E+04
 96.0 1.72406E+04
 96.5 1.69114E+04
 97.0 1.65821E+04
 97.5 1.62526E+04
 98.0 1.59231E+04
 98.5 1.55935E+04
 99.0 1.52639E+04
 99.5 1.49343E+04
100.0 1.46048E+04
100.5 1.42754E+04
101.0 1.39461E+04
101.5 1.36170E+04
102.0 1.32880E+04
102.5 1.29593E+04
103.0 1.26307E+04
103.5 1.23025E+04
104.0 1.19746E+04
104.5 1.16469E+04
105.0 1.13197E+04
105.5 1.09928E+04
106.0 1.06663E+04
106.5 1.03403E+04
107.0 1.00147E+04
107.5 9.68968E+03
108.0 9.36514E+03
108.5 9.04114E+03
109.0 8.71772E+03
109.5 8.39490E+03
110.0 8.07272E+03
110.5 7.75118E+03
111.0 7.43033E+03
111.5 7.11018E+03
112.0 6.79076E+03
112.5 6.47210E+03
113.0 6.15423E+03
113.5 5.83716E+03
114.0 5.52093E+03
114.5 5.20556E+03
115.0 4.89107E+03
115.5 4.57749E+03
116.0 4.26485E+03
116.5 3.95317E+03
117.0 3.64247E+03
117.5 3.33278E+03
118.0 3.02413E+03
118.5 2.71654E+03
119.0 2.41004E+03
119.5 2.10464E+03
120.0 1.80038E+03
120.5 1.49728E+03
121.0 1.19536E+03
121.5 8.94660E+02
122.0 5.95190E+02
122.5 2.96980E+02
123.0 2.47168E+01
