123K18D0W2
  0.5 0.00000E+00
  1.0 0.00000E+00
  1.5 0.00000E+00
  2.0 0.00000E+00
  2.5 0.00000E+00
  3.0 0.00000E+00
  3.5 2.99421E+04
  4.0 3.89169E+04
  4.5 4.83359E+04
  5.0 5.81952E+04
  5.5 6.84977E+04
  6.0 7.92516E+04
  6.5 9.04720E+04
  7.0 1.02183E+05
  7.5 1.14424E+05
  8.0 1.27249E+05
  8.5 1.95334E+06
  9.0 1.54903E+05
  9.5 1.65623E+06
 10.0 1.38075E+06
 10.5 7.18853E+04
 11.0 7.73108E+04
 11.5 2.00866E+05
 12.0 5.95628E+04
 12.5 5.55355E+04
 13.0 5.90053E+04
 13.5 6.25524E+04
 14.0 6.61797E+04
 14.5 6.98891E+04
 15.0 7.36812E+04
 15.5 7.75539E+04
 16.0 8.15017E+04
 16.5 8.55146E+04
 17.0 8.95780E+04
 17.5 9.36729E+04
 18.0 9.77759E+04
 18.5 1.01860E+05
 19.0 1.05897E+05
 19.5 1.09856E+05
 20.0 1.13708E+05
 20.5 1.17423E+05
 21.0 1.20975E+05
 21.5 1.24340E+05
 22.0 1.27498E+05
 22.5 1.30432E+05
 23.0 1.33128E+05
 23.5 1.35577E+05
 24.0 1.37773E+05
 24.5 1.39715E+05
 25.0 1.41401E+05
 25.5 1.42836E+05
 26.0 1.44024E+05
 26.5 1.44974E+05
 27.0 1.45693E+05
 27.5 1.46191E+05
 28.0 1.46481E+05
 28.5 1.46572E+05
 29.0 1.46478E+05
 29.5 1.46210E+05
 30.0 1.45780E+05
 30.5 1.45201E+05
 31.0 1.44485E+05
 31.5 1.43643E+05
 32.0 1.42686E+05
 32.5 1.41625E+05
 33.0 1.40471E+05
 33.5 1.39232E+05
 34.0 1.37918E+05
 34.5 1.36537E+05
 35.0 1.35098E+05
 35.5 1.33608E+05
 36.0 1.32075E+05
 36.5 1.30504E+05
 37.0 1.28901E+05
 37.5 1.27273E+05
 38.0 1.25623E+05
 38.5 1.23958E+05
 39.0 1.22280E+05
 39.5 1.20595E+05
 40.0 1.18905E+05
 40.5 1.17214E+05
 41.0 1.15525E+05
 41.5 1.13840E+05
 42.0 1.12161E+05
 42.5 1.10492E+05
 43.0 1.08833E+05
 43.5 1.07186E+05
 44.0 1.05554E+05
 44.5 1.03936E+05
 45.0 1.02335E+05
 45.5 1.00751E+05
 46.0 9.91857E+04
 46.5 9.76390E+04
 47.0 9.61119E+04
 47.5 9.46049E+04
 48.0 9.31184E+04
 48.5 9.16528E+04
 49.0 9.02082E+04
 49.5 8.87850E+04
 50.0 8.73832E+04
 50.5 8.60028E+04
 51.0 8.46440E+04
 51.5 8.33068E+04
 52.0 8.19909E+04
 52.5 8.06963E+04
 53.0 7.94229E+04
 53.5 7.81704E+04
 54.0 7.69388E+04
 54.5 7.57277E+04
 55.0 7.45369E+04
 55.5 7.33662E+04
 56.0 7.22152E+04
 56.5 7.10838E+04
 57.0 6.99714E+04
 57.5 6.88780E+04
 58.0 3.32869E+05
 58.5 6.67466E+04
 59.0 6.57078E+04
 59.5 5.29934E+05
 60.0 6.36827E+04
 60.5 6.26957E+04
 61.0 6.17252E+04
 61.5 6.07709E+04
 62.0 5.98325E+04
 62.5 5.89097E+04
 63.0 5.80020E+04
 63.5 5.71092E+04
 64.0 5.62310E+04
 64.5 5.53670E+04
 65.0 5.45168E+04
 65.5 5.36803E+04
 66.0 5.28570E+04
 66.5 5.20467E+04
 67.0 2.08052E+05
 67.5 5.04637E+04
 68.0 4.96905E+04
 68.5 4.89290E+04
 69.0 8.96168E+04
 69.5 4.60629E+04
 70.0 3.85988E+04
 70.5 3.81749E+04
 71.0 3.77516E+04
 71.5 3.73292E+04
 72.0 3.69075E+04
 72.5 3.64868E+04
 73.0 3.60669E+04
 73.5 3.56479E+04
 74.0 3.52299E+04
 74.5 3.48128E+04
 75.0 3.43968E+04
 75.5 3.39819E+04
 76.0 3.35680E+04
 76.5 3.31552E+04
 77.0 3.27435E+04
 77.5 3.23329E+04
 78.0 3.19234E+04
 78.5 3.15151E+04
 79.0 3.11080E+04
 79.5 3.07020E+04
 80.0 3.02972E+04
 80.5 2.98936E+04
 81.0 2.94912E+04
 81.5 2.90900E+04
 82.0 2.86900E+04
 82.5 2.82912E+04
 83.0 2.78936E+04
 83.5 2.74972E+04
 84.0 2.71021E+04
 84.5 2.67081E+04
 85.0 2.63154E+04
 85.5 2.59239E+04
 86.0 2.55335E+04
 86.5 2.51444E+04
 87.0 2.47565E+04
 87.5 2.43699E+04
 88.0 2.39844E+04
 88.5 2.36001E+04
 89.0 2.32170E+04
 89.5 2.28352E+04
 90.0 2.24545E+04
 90.5 2.20750E+04
 91.0 2.16967E+04
 91.5 2.13196E+04
 92.0 2.09437E+04
 92.5 2.05689E+04
 93.0 2.01954E+04
 93.5 1.98230E+04
 94.0 1.94518E+04
 94.5 1.90818E+04
 95.0 1.87129E+04
 95.5 1.83452E+04
 96.0 1.79787E+04
 96.5 1.76134E+04
 97.0 1.72492E+04
 97.5 1.68862E+04
 98.0 1.65243E+04
 98.5 1.61637E+04
 99.0 1.58041E+04
 99.5 1.54458E+04
100.0 1.50886E+04
100.5 1.47326E+04
101.0 1.43778E+04
101.5 1.40241E+04
102.0 1.36716E+04
102.5 1.33203E+04
103.0 1.29701E+04
103.5 1.26211E+04
104.0 1.22734E+04
104.5 1.19268E+04
105.0 1.15814E+04
105.5 1.12371E+04
106.0 1.08941E+04
106.5 1.05523E+04
107.0 1.02117E+04
107.5 9.87232E+03
108.0 9.53415E+03
108.5 9.19721E+03
109.0 8.86150E+03
109.5 8.52704E+03
110.0 8.19382E+03
110.5 7.86186E+03
111.0 7.53116E+03
111.5 7.20173E+03
112.0 6.87358E+03
112.5 6.54673E+03
113.0 6.22117E+03
113.5 5.89692E+03
114.0 5.57399E+03
114.5 5.25239E+03
115.0 4.93213E+03
115.5 4.61322E+03
116.0 4.29567E+03
116.5 3.97949E+03
117.0 3.66470E+03
117.5 3.35131E+03
118.0 3.03933E+03
118.5 2.72877E+03
119.0 2.41965E+03
119.5 2.11198E+03
120.0 1.80577E+03
120.5 1.50104E+03
121.0 1.19780E+03
121.5 8.96068E+02
122.0 5.95859E+02
122.5 2.97186E+02
123.0 2.47276E+01
