123K16D0W2
  0.5 0.00000E+00
  1.0 0.00000E+00
  1.5 0.00000E+00
  2.0 0.00000E+00
  2.5 0.00000E+00
  3.0 0.00000E+00
  3.5 2.57414E+04
  4.0 3.37042E+04
  4.5 4.20436E+04
  5.0 5.07516E+04
  5.5 5.98271E+04
  6.0 6.92733E+04
  6.5 7.90977E+04
  7.0 8.93139E+04
  7.5 9.99433E+04
  8.0 1.11019E+05
  8.5 1.45566E+06
  9.0 1.34691E+05
  9.5 1.34225E+06
 10.0 1.12036E+06
 10.5 6.28344E+04
 11.0 6.75432E+04
 11.5 1.54025E+05
 12.0 5.20779E+04
 12.5 4.85627E+04
 13.0 5.15818E+04
 13.5 5.46605E+04
 14.0 5.78009E+04
 14.5 6.10048E+04
 15.0 6.42739E+04
 15.5 6.76084E+04
 16.0 7.10071E+04
 16.5 7.44665E+04
 17.0 7.79798E+04
 17.5 8.15368E+04
 18.0 8.51240E+04
 18.5 8.87242E+04
 19.0 9.23178E+04
 19.5 9.58824E+04
 20.0 9.93948E+04
 20.5 1.02831E+05
 21.0 1.06167E+05
 21.5 1.09381E+05
 22.0 1.12451E+05
 22.5 1.15359E+05
 23.0 1.18090E+05
 23.5 1.20629E+05
 24.0 1.22968E+05
 24.5 1.25097E+05
 25.0 1.27014E+05
 25.5 1.28715E+05
 26.0 1.30200E+05
 26.5 1.31473E+05
 27.0 1.32537E+05
 27.5 1.33398E+05
 28.0 1.34063E+05
 28.5 1.34539E+05
 29.0 1.34836E+05
 29.5 1.34962E+05
 30.0 1.34927E+05
 30.5 1.34741E+05
 31.0 1.34414E+05
 31.5 1.33956E+05
 32.0 1.33376E+05
 32.5 1.32684E+05
 33.0 1.31890E+05
 33.5 1.31002E+05
 34.0 1.30029E+05
 34.5 1.28979E+05
 35.0 1.27860E+05
 35.5 1.26679E+05
 36.0 1.25443E+05
 36.5 1.24159E+05
 37.0 1.22832E+05
 37.5 1.21468E+05
 38.0 1.20073E+05
 38.5 1.18652E+05
 39.0 1.17208E+05
 39.5 1.15747E+05
 40.0 1.14271E+05
 40.5 1.12785E+05
 41.0 1.11292E+05
 41.5 1.09794E+05
 42.0 1.08295E+05
 42.5 1.06796E+05
 43.0 1.05301E+05
 43.5 1.03810E+05
 44.0 1.02326E+05
 44.5 1.00851E+05
 45.0 9.93855E+04
 45.5 9.79310E+04
 46.0 9.64889E+04
 46.5 9.50600E+04
 47.0 9.36453E+04
 47.5 9.22455E+04
 48.0 9.08613E+04
 48.5 8.94933E+04
 49.0 8.81419E+04
 49.5 8.68076E+04
 50.0 8.54906E+04
 50.5 8.41913E+04
 51.0 8.29098E+04
 51.5 8.16464E+04
 52.0 8.04010E+04
 52.5 7.91737E+04
 53.0 7.79645E+04
 53.5 7.67734E+04
 54.0 7.56004E+04
 54.5 7.44453E+04
 55.0 7.33081E+04
 55.5 7.21885E+04
 56.0 7.10865E+04
 56.5 7.00018E+04
 57.0 6.89342E+04
 57.5 6.78835E+04
 58.0 3.25338E+05
 58.5 6.58321E+04
 59.0 6.48308E+04
 59.5 5.18209E+05
 60.0 6.28758E+04
 60.5 6.19216E+04
 61.0 6.09825E+04
 61.5 6.00584E+04
 62.0 5.91488E+04
 62.5 5.82535E+04
 63.0 5.73724E+04
 63.5 5.65049E+04
 64.0 5.56510E+04
 64.5 5.48103E+04
 65.0 5.39825E+04
 65.5 5.31673E+04
 66.0 5.23646E+04
 66.5 5.15740E+04
 67.0 2.04932E+05
 67.5 5.00280E+04
 68.0 4.92721E+04
 68.5 4.85273E+04
 69.0 8.85790E+04
 69.5 4.55484E+04
 70.0 3.73905E+04
 70.5 3.70065E+04
 71.0 3.66221E+04
 71.5 3.62374E+04
 72.0 3.58524E+04
 72.5 3.54672E+04
 73.0 3.50820E+04
 73.5 3.46966E+04
 74.0 3.43113E+04
 74.5 3.39260E+04
 75.0 3.35408E+04
 75.5 3.31557E+04
 76.0 3.27709E+04
 76.5 3.23862E+04
 77.0 3.20019E+04
 77.5 3.16178E+04
 78.0 3.12341E+04
 78.5 3.08508E+04
 79.0 3.04679E+04
 79.5 3.00854E+04
 80.0 2.97033E+04
 80.5 2.93218E+04
 81.0 2.89408E+04
 81.5 2.85603E+04
 82.0 2.81803E+04
 82.5 2.78010E+04
 83.0 2.74222E+04
 83.5 2.70441E+04
 84.0 2.66666E+04
 84.5 2.62898E+04
 85.0 2.59136E+04
 85.5 2.55381E+04
 86.0 2.51633E+04
 86.5 2.47892E+04
 87.0 2.44158E+04
 87.5 2.40431E+04
 88.0 2.36712E+04
 88.5 2.33001E+04
 89.0 2.29297E+04
 89.5 2.25601E+04
 90.0 2.21912E+04
 90.5 2.18232E+04
 91.0 2.14559E+04
 91.5 2.10895E+04
 92.0 2.07239E+04
 92.5 2.03591E+04
 93.0 1.99951E+04
 93.5 1.96320E+04
 94.0 1.92697E+04
 94.5 1.89083E+04
 95.0 1.85477E+04
 95.5 1.81880E+04
 96.0 1.78292E+04
 96.5 1.74713E+04
 97.0 1.71142E+04
 97.5 1.67581E+04
 98.0 1.64028E+04
 98.5 1.60485E+04
 99.0 1.56951E+04
 99.5 1.53426E+04
100.0 1.49911E+04
100.5 1.46405E+04
101.0 1.42908E+04
101.5 1.39421E+04
102.0 1.35944E+04
102.5 1.32477E+04
103.0 1.29019E+04
103.5 1.25571E+04
104.0 1.22134E+04
104.5 1.18706E+04
105.0 1.15289E+04
105.5 1.11881E+04
106.0 1.08485E+04
106.5 1.05098E+04
107.0 1.01723E+04
107.5 9.83576E+03
108.0 9.50033E+03
108.5 9.16599E+03
109.0 8.83275E+03
109.5 8.50063E+03
110.0 8.16962E+03
110.5 7.83975E+03
111.0 7.51103E+03
111.5 7.18346E+03
112.0 6.85706E+03
112.5 6.53184E+03
113.0 6.20782E+03
113.5 5.88501E+03
114.0 5.56342E+03
114.5 5.24306E+03
115.0 4.92395E+03
115.5 4.60611E+03
116.0 4.28954E+03
116.5 3.97426E+03
117.0 3.66028E+03
117.5 3.34763E+03
118.0 3.03631E+03
118.5 2.72634E+03
119.0 2.41774E+03
119.5 2.11052E+03
120.0 1.80470E+03
120.5 1.50029E+03
121.0 1.19732E+03
121.5 8.95789E+02
122.0 5.95726E+02
122.5 2.97145E+02
123.0 2.47255E+01
