123K17D0W2
  0.5 0.00000E+00
  1.0 0.00000E+00
  1.5 0.00000E+00
  2.0 0.00000E+00
  2.5 0.00000E+00
  3.0 0.00000E+00
  3.5 2.78281E+04
  4.0 3.62941E+04
  4.5 4.51697E+04
  5.0 5.44490E+04
  5.5 6.41326E+04
  6.0 7.42263E+04
  6.5 8.47407E+04
  7.0 9.56945E+04
  7.5 1.07117E+05
  8.0 1.19051E+05
  8.5 1.69971E+06
  9.0 1.44672E+05
  9.5 1.49948E+06
 10.0 1.25074E+06
 10.5 6.73208E+04
 11.0 7.23821E+04
 11.5 1.76804E+05
 12.0 5.57889E+04
 12.5 5.20201E+04
 13.0 5.52613E+04
 13.5 5.85705E+04
 14.0 6.19503E+04
 14.5 6.54026E+04
 15.0 6.89289E+04
 15.5 7.25285E+04
 16.0 7.61985E+04
 16.5 7.99325E+04
 17.0 8.37202E+04
 17.5 8.75473E+04
 18.0 9.13955E+04
 18.5 9.52431E+04
 19.0 9.90656E+04
 19.5 1.02837E+05
 20.0 1.06530E+05
 20.5 1.10118E+05
 21.0 1.13575E+05
 21.5 1.16879E+05
 22.0 1.20007E+05
 22.5 1.22942E+05
 23.0 1.25670E+05
 23.5 1.28178E+05
 24.0 1.30458E+05
 24.5 1.32505E+05
 25.0 1.34317E+05
 25.5 1.35895E+05
 26.0 1.37240E+05
 26.5 1.38359E+05
 27.0 1.39257E+05
 27.5 1.39942E+05
 28.0 1.40423E+05
 28.5 1.40710E+05
 29.0 1.40813E+05
 29.5 1.40743E+05
 30.0 1.40512E+05
 30.5 1.40129E+05
 31.0 1.39607E+05
 31.5 1.38956E+05
 32.0 1.38186E+05
 32.5 1.37307E+05
 33.0 1.36330E+05
 33.5 1.35264E+05
 34.0 1.34118E+05
 34.5 1.32899E+05
 35.0 1.31617E+05
 35.5 1.30278E+05
 36.0 1.28890E+05
 36.5 1.27458E+05
 37.0 1.25990E+05
 37.5 1.24490E+05
 38.0 1.22964E+05
 38.5 1.21417E+05
 39.0 1.19853E+05
 39.5 1.18276E+05
 40.0 1.16690E+05
 40.5 1.15097E+05
 41.0 1.13503E+05
 41.5 1.11908E+05
 42.0 1.10316E+05
 42.5 1.08729E+05
 43.0 1.07148E+05
 43.5 1.05577E+05
 44.0 1.04016E+05
 44.5 1.02466E+05
 45.0 1.00930E+05
 45.5 9.94085E+04
 46.0 9.79020E+04
 46.5 9.64118E+04
 47.0 9.49385E+04
 47.5 9.34828E+04
 48.0 9.20452E+04
 48.5 9.06263E+04
 49.0 8.92262E+04
 49.5 8.78455E+04
 50.0 8.64842E+04
 50.5 8.51425E+04
 51.0 8.38207E+04
 51.5 8.25185E+04
 52.0 8.12363E+04
 52.5 7.99738E+04
 53.0 7.87310E+04
 53.5 7.75077E+04
 54.0 7.63040E+04
 54.5 7.51196E+04
 55.0 7.39543E+04
 55.5 7.28079E+04
 56.0 7.16802E+04
 56.5 7.05710E+04
 57.0 6.94799E+04
 57.5 6.84068E+04
 58.0 3.29296E+05
 58.5 6.63134E+04
 59.0 6.52925E+04
 59.5 5.24372E+05
 60.0 6.33007E+04
 60.5 6.23292E+04
 61.0 6.13736E+04
 61.5 6.04336E+04
 62.0 5.95089E+04
 62.5 5.85992E+04
 63.0 5.77041E+04
 63.5 5.68233E+04
 64.0 5.59566E+04
 64.5 5.51036E+04
 65.0 5.42641E+04
 65.5 5.34377E+04
 66.0 5.26241E+04
 66.5 5.18232E+04
 67.0 2.06574E+05
 67.5 5.02577E+04
 68.0 4.94927E+04
 68.5 4.87391E+04
 69.0 8.91258E+04
 69.5 4.58189E+04
 70.0 3.80229E+04
 70.5 3.76181E+04
 71.0 3.72136E+04
 71.5 3.68092E+04
 72.0 3.64051E+04
 72.5 3.60014E+04
 73.0 3.55981E+04
 73.5 3.51953E+04
 74.0 3.47929E+04
 74.5 3.43910E+04
 75.0 3.39898E+04
 75.5 3.35891E+04
 76.0 3.31891E+04
 76.5 3.27898E+04
 77.0 3.23911E+04
 77.5 3.19932E+04
 78.0 3.15960E+04
 78.5 3.11997E+04
 79.0 3.08041E+04
 79.5 3.04093E+04
 80.0 3.00154E+04
 80.5 2.96223E+04
 81.0 2.92300E+04
 81.5 2.88387E+04
 82.0 2.84483E+04
 82.5 2.80587E+04
 83.0 2.76701E+04
 83.5 2.72824E+04
 84.0 2.68956E+04
 84.5 2.65098E+04
 85.0 2.61250E+04
 85.5 2.57411E+04
 86.0 2.53581E+04
 86.5 2.49761E+04
 87.0 2.45951E+04
 87.5 2.42151E+04
 88.0 2.38361E+04
 88.5 2.34580E+04
 89.0 2.30810E+04
 89.5 2.27049E+04
 90.0 2.23299E+04
 90.5 2.19558E+04
 91.0 2.15828E+04
 91.5 2.12107E+04
 92.0 2.08397E+04
 92.5 2.04696E+04
 93.0 2.01006E+04
 93.5 1.97326E+04
 94.0 1.93657E+04
 94.5 1.89997E+04
 95.0 1.86348E+04
 95.5 1.82709E+04
 96.0 1.79080E+04
 96.5 1.75462E+04
 97.0 1.71854E+04
 97.5 1.68256E+04
 98.0 1.64669E+04
 98.5 1.61092E+04
 99.0 1.57526E+04
 99.5 1.53971E+04
100.0 1.50425E+04
100.5 1.46891E+04
101.0 1.43367E+04
101.5 1.39854E+04
102.0 1.36351E+04
102.5 1.32860E+04
103.0 1.29379E+04
103.5 1.25909E+04
104.0 1.22450E+04
104.5 1.19002E+04
105.0 1.15566E+04
105.5 1.12140E+04
106.0 1.08726E+04
106.5 1.05323E+04
107.0 1.01931E+04
107.5 9.85506E+03
108.0 9.51819E+03
108.5 9.18247E+03
109.0 8.84793E+03
109.5 8.51457E+03
110.0 8.18240E+03
110.5 7.85143E+03
111.0 7.52166E+03
111.5 7.19311E+03
112.0 6.86579E+03
112.5 6.53971E+03
113.0 6.21487E+03
113.5 5.89130E+03
114.0 5.56900E+03
114.5 5.24799E+03
115.0 4.92827E+03
115.5 4.60986E+03
116.0 4.29277E+03
116.5 3.97702E+03
117.0 3.66262E+03
117.5 3.34957E+03
118.0 3.03790E+03
118.5 2.72762E+03
119.0 2.41875E+03
119.5 2.11129E+03
120.0 1.80526E+03
120.5 1.50069E+03
121.0 1.19757E+03
121.5 8.95937E+02
122.0 5.95796E+02
122.5 2.97167E+02
123.0 2.47266E+01
