123K21D0W2
  0.5 0.00000E+00
  1.0 0.00000E+00
  1.5 0.00000E+00
  2.0 0.00000E+00
  2.5 0.00000E+00
  3.0 0.00000E+00
  3.5 3.64624E+04
  4.0 4.70029E+04
  4.5 5.81011E+04
  5.0 6.97600E+04
  5.5 8.19904E+04
  6.0 9.48123E+04
  6.5 1.08258E+05
  7.0 1.22380E+05
  7.5 1.37254E+05
  8.0 1.52975E+05
  8.5 2.75327E+06
  9.0 1.87213E+05
  9.5 2.11777E+06
 10.0 1.76381E+06
 10.5 8.61056E+04
 11.0 9.27020E+04
 11.5 2.79239E+05
 12.0 7.13082E+04
 12.5 6.64705E+04
 13.0 7.06714E+04
 13.5 7.49815E+04
 14.0 7.94033E+04
 14.5 8.39358E+04
 15.0 8.85737E+04
 15.5 9.33054E+04
 16.0 9.81125E+04
 16.5 1.02970E+05
 17.0 1.07847E+05
 17.5 1.12706E+05
 18.0 1.17510E+05
 18.5 1.22217E+05
 19.0 1.26787E+05
 19.5 1.31182E+05
 20.0 1.35366E+05
 20.5 1.39309E+05
 21.0 1.42985E+05
 21.5 1.46374E+05
 22.0 1.49459E+05
 22.5 1.52232E+05
 23.0 1.54686E+05
 23.5 1.56821E+05
 24.0 1.58640E+05
 24.5 1.60149E+05
 25.0 1.61357E+05
 25.5 1.62275E+05
 26.0 1.62917E+05
 26.5 1.63296E+05
 27.0 1.63428E+05
 27.5 1.63329E+05
 28.0 1.63014E+05
 28.5 1.62501E+05
 29.0 1.61804E+05
 29.5 1.60939E+05
 30.0 1.59922E+05
 30.5 1.58766E+05
 31.0 1.57485E+05
 31.5 1.56093E+05
 32.0 1.54602E+05
 32.5 1.53023E+05
 33.0 1.51368E+05
 33.5 1.49645E+05
 34.0 1.47865E+05
 34.5 1.46037E+05
 35.0 1.44168E+05
 35.5 1.42265E+05
 36.0 1.40336E+05
 36.5 1.38386E+05
 37.0 1.36421E+05
 37.5 1.34446E+05
 38.0 1.32466E+05
 38.5 1.30484E+05
 39.0 1.28506E+05
 39.5 1.26533E+05
 40.0 1.24569E+05
 40.5 1.22617E+05
 41.0 1.20679E+05
 41.5 1.18757E+05
 42.0 1.16853E+05
 42.5 1.14969E+05
 43.0 1.13105E+05
 43.5 1.11264E+05
 44.0 1.09446E+05
 44.5 1.07652E+05
 45.0 1.05883E+05
 45.5 1.04139E+05
 46.0 1.02421E+05
 46.5 1.00729E+05
 47.0 9.90640E+04
 47.5 9.74255E+04
 48.0 9.58138E+04
 48.5 9.42289E+04
 49.0 9.26708E+04
 49.5 9.11393E+04
 50.0 8.96344E+04
 50.5 8.81558E+04
 51.0 8.67034E+04
 51.5 8.52768E+04
 52.0 8.38758E+04
 52.5 8.25000E+04
 53.0 8.11491E+04
 53.5 7.98229E+04
 54.0 7.85207E+04
 54.5 7.72424E+04
 55.0 7.59874E+04
 55.5 7.47554E+04
 56.0 7.35459E+04
 56.5 7.23585E+04
 57.0 7.11928E+04
 57.5 7.00484E+04
 58.0 3.41784E+05
 58.5 6.78216E+04
 59.0 6.67383E+04
 59.5 5.43799E+05
 60.0 6.46299E+04
 60.5 6.36039E+04
 61.0 6.25962E+04
 61.5 6.16062E+04
 62.0 6.06337E+04
 62.5 5.96781E+04
 63.0 5.87392E+04
 63.5 5.78165E+04
 64.0 5.69095E+04
 64.5 5.60180E+04
 65.0 5.51416E+04
 65.5 5.42798E+04
 66.0 5.34323E+04
 66.5 5.25988E+04
 67.0 2.11714E+05
 67.5 5.09723E+04
 68.0 5.01786E+04
 68.5 4.93975E+04
 69.0 9.08318E+04
 69.5 4.66712E+04
 70.0 4.00563E+04
 70.5 3.95827E+04
 71.0 3.91113E+04
 71.5 3.86421E+04
 72.0 3.81751E+04
 72.5 3.77103E+04
 73.0 3.72478E+04
 73.5 3.67874E+04
 74.0 3.63293E+04
 74.5 3.58733E+04
 75.0 3.54196E+04
 75.5 3.49681E+04
 76.0 3.45187E+04
 76.5 3.40716E+04
 77.0 3.36265E+04
 77.5 3.31837E+04
 78.0 3.27430E+04
 78.5 3.23045E+04
 79.0 3.18680E+04
 79.5 3.14336E+04
 80.0 3.10014E+04
 80.5 3.05711E+04
 81.0 3.01430E+04
 81.5 2.97168E+04
 82.0 2.92927E+04
 82.5 2.88705E+04
 83.0 2.84503E+04
 83.5 2.80321E+04
 84.0 2.76158E+04
 84.5 2.72013E+04
 85.0 2.67888E+04
 85.5 2.63782E+04
 86.0 2.59693E+04
 86.5 2.55624E+04
 87.0 2.51572E+04
 87.5 2.47538E+04
 88.0 2.43522E+04
 88.5 2.39524E+04
 89.0 2.35542E+04
 89.5 2.31578E+04
 90.0 2.27631E+04
 90.5 2.23701E+04
 91.0 2.19787E+04
 91.5 2.15890E+04
 92.0 2.12009E+04
 92.5 2.08144E+04
 93.0 2.04296E+04
 93.5 2.00463E+04
 94.0 1.96646E+04
 94.5 1.92844E+04
 95.0 1.89058E+04
 95.5 1.85287E+04
 96.0 1.81532E+04
 96.5 1.77791E+04
 97.0 1.74066E+04
 97.5 1.70355E+04
 98.0 1.66659E+04
 98.5 1.62978E+04
 99.0 1.59311E+04
 99.5 1.55659E+04
100.0 1.52021E+04
100.5 1.48398E+04
101.0 1.44789E+04
101.5 1.41194E+04
102.0 1.37613E+04
102.5 1.34046E+04
103.0 1.30494E+04
103.5 1.26955E+04
104.0 1.23430E+04
104.5 1.19920E+04
105.0 1.16423E+04
105.5 1.12940E+04
106.0 1.09471E+04
106.5 1.06016E+04
107.0 1.02574E+04
107.5 9.91470E+03
108.0 9.57335E+03
108.5 9.23338E+03
109.0 8.89481E+03
109.5 8.55763E+03
110.0 8.22184E+03
110.5 7.88745E+03
111.0 7.55446E+03
111.5 7.22288E+03
112.0 6.89271E+03
112.5 6.56395E+03
113.0 6.23661E+03
113.5 5.91070E+03
114.0 5.58622E+03
114.5 5.26317E+03
115.0 4.94158E+03
115.5 4.62144E+03
116.0 4.30275E+03
116.5 3.98554E+03
117.0 3.66981E+03
117.5 3.35557E+03
118.0 3.04282E+03
118.5 2.73158E+03
119.0 2.42185E+03
119.5 2.11366E+03
120.0 1.80700E+03
120.5 1.50190E+03
121.0 1.19836E+03
121.5 8.96391E+02
122.0 5.96012E+02
122.5 2.97233E+02
123.0 2.47301E+01
