124K09D0W2
  0.5 0.00000E+00
  1.0 0.00000E+00
  1.5 0.00000E+00
  2.0 0.00000E+00
  2.5 0.00000E+00
  3.0 0.00000E+00
  3.5 1.17534E+04
  4.0 1.62598E+04
  4.5 2.09638E+04
  5.0 2.58364E+04
  5.5 3.08656E+04
  6.0 3.60453E+04
  6.5 4.13721E+04
  7.0 4.68436E+04
  7.5 5.24587E+04
  8.0 5.82173E+04
  8.5 2.16918E+05
  9.0 7.01716E+04
  9.5 3.33715E+05
 10.0 2.84226E+05
 10.5 3.30338E+04
 11.0 3.55203E+04
 11.5 4.26918E+04
 12.0 2.73974E+04
 12.5 2.55522E+04
 13.0 2.71600E+04
 13.5 2.87870E+04
 14.0 3.04331E+04
 14.5 3.20983E+04
 15.0 3.37826E+04
 15.5 3.54858E+04
 16.0 3.72079E+04
 16.5 3.89491E+04
 17.0 4.07094E+04
 17.5 4.24887E+04
 18.0 4.42872E+04
 18.5 4.61045E+04
 19.0 4.79402E+04
 19.5 4.97935E+04
 20.0 5.16630E+04
 20.5 5.35466E+04
 21.0 5.54416E+04
 21.5 5.73443E+04
 22.0 5.92503E+04
 22.5 6.11543E+04
 23.0 6.30503E+04
 23.5 6.49314E+04
 24.0 6.67907E+04
 24.5 6.86205E+04
 25.0 7.04132E+04
 25.5 7.21612E+04
 26.0 7.38570E+04
 26.5 7.54936E+04
 27.0 7.70644E+04
 27.5 7.85634E+04
 28.0 7.99853E+04
 28.5 8.13255E+04
 29.0 8.25802E+04
 29.5 8.37465E+04
 30.0 8.48220E+04
 30.5 8.58052E+04
 31.0 8.66953E+04
 31.5 8.74923E+04
 32.0 8.81966E+04
 32.5 8.88092E+04
 33.0 8.93316E+04
 33.5 8.97660E+04
 34.0 9.01145E+04
 34.5 9.03798E+04
 35.0 9.05648E+04
 35.5 9.06727E+04
 36.0 9.07068E+04
 36.5 9.06703E+04
 37.0 9.05668E+04
 37.5 9.03999E+04
 38.0 9.01730E+04
 38.5 8.98896E+04
 39.0 8.95533E+04
 39.5 8.91673E+04
 40.0 8.87351E+04
 40.5 8.82599E+04
 41.0 8.77448E+04
 41.5 8.71929E+04
 42.0 8.66070E+04
 42.5 8.59901E+04
 43.0 8.53447E+04
 43.5 8.46734E+04
 44.0 8.39787E+04
 44.5 8.32627E+04
 45.0 8.25279E+04
 45.5 8.17760E+04
 46.0 8.10092E+04
 46.5 8.02292E+04
 47.0 7.94377E+04
 47.5 7.86364E+04
 48.0 7.78267E+04
 48.5 7.70100E+04
 49.0 7.61877E+04
 49.5 7.53609E+04
 50.0 7.45307E+04
 50.5 7.36983E+04
 51.0 7.28646E+04
 51.5 7.20304E+04
 52.0 7.11966E+04
 52.5 7.03639E+04
 53.0 6.95331E+04
 53.5 6.87047E+04
 54.0 6.78793E+04
 54.5 6.70576E+04
 55.0 6.62398E+04
 55.5 6.54265E+04
 56.0 6.46181E+04
 56.5 6.38148E+04
 57.0 6.30171E+04
 57.5 6.22252E+04
 58.0 2.83923E+05
 58.5 6.06597E+04
 59.0 5.98865E+04
 59.5 4.54305E+05
 60.0 5.83601E+04
 60.5 5.76071E+04
 61.0 5.68611E+04
 61.5 5.61221E+04
 62.0 5.53902E+04
 62.5 5.46654E+04
 63.0 5.39478E+04
 63.5 5.32374E+04
 64.0 5.25341E+04
 64.5 5.18380E+04
 65.0 5.11490E+04
 65.5 5.04672E+04
 66.0 4.97924E+04
 66.5 4.91247E+04
 67.0 1.88957E+05
 67.5 4.78101E+04
 68.0 4.71631E+04
 68.5 4.65230E+04
 69.0 8.34100E+04
 69.5 4.28695E+04
 70.0 3.05095E+04
 70.5 3.03402E+04
 71.0 3.01661E+04
 71.5 2.99873E+04
 72.0 2.98038E+04
 72.5 2.96158E+04
 73.0 2.94234E+04
 73.5 2.92266E+04
 74.0 2.90256E+04
 74.5 2.88205E+04
 75.0 2.86113E+04
 75.5 2.83982E+04
 76.0 2.81812E+04
 76.5 2.79604E+04
 77.0 2.77360E+04
 77.5 2.75079E+04
 78.0 2.72764E+04
 78.5 2.70415E+04
 79.0 2.68033E+04
 79.5 2.65619E+04
 80.0 2.63173E+04
 80.5 2.60697E+04
 81.0 2.58191E+04
 81.5 2.55657E+04
 82.0 2.53094E+04
 82.5 2.50505E+04
 83.0 2.47889E+04
 83.5 2.45247E+04
 84.0 2.42581E+04
 84.5 2.39891E+04
 85.0 2.37178E+04
 85.5 2.34442E+04
 86.0 2.31684E+04
 86.5 2.28906E+04
 87.0 2.26107E+04
 87.5 2.23288E+04
 88.0 2.20451E+04
 88.5 2.17595E+04
 89.0 2.14722E+04
 89.5 2.11832E+04
 90.0 2.08926E+04
 90.5 2.06004E+04
 91.0 2.03067E+04
 91.5 2.00115E+04
 92.0 1.97150E+04
 92.5 1.94172E+04
 93.0 1.91180E+04
 93.5 1.88177E+04
 94.0 1.85162E+04
 94.5 1.82137E+04
 95.0 1.79100E+04
 95.5 1.76054E+04
 96.0 1.72999E+04
 96.5 1.69934E+04
 97.0 1.66862E+04
 97.5 1.63781E+04
 98.0 1.60693E+04
 98.5 1.57598E+04
 99.0 1.54497E+04
 99.5 1.51390E+04
100.0 1.48277E+04
100.5 1.45159E+04
101.0 1.42036E+04
101.5 1.38910E+04
102.0 1.35779E+04
102.5 1.32645E+04
103.0 1.29509E+04
103.5 1.26369E+04
104.0 1.23228E+04
104.5 1.20085E+04
105.0 1.16941E+04
105.5 1.13796E+04
106.0 1.10650E+04
106.5 1.07504E+04
107.0 1.04358E+04
107.5 1.01213E+04
108.0 9.80695E+03
108.5 9.49268E+03
109.0 9.17858E+03
109.5 8.86469E+03
110.0 8.55104E+03
110.5 8.23767E+03
111.0 7.92460E+03
111.5 7.61188E+03
112.0 7.29954E+03
112.5 6.98761E+03
113.0 6.67613E+03
113.5 6.36512E+03
114.0 6.05462E+03
114.5 5.74466E+03
115.0 5.43528E+03
115.5 5.12651E+03
116.0 4.81837E+03
116.5 4.51090E+03
117.0 4.20414E+03
117.5 3.89810E+03
118.0 3.59283E+03
118.5 3.28835E+03
119.0 2.98470E+03
119.5 2.68190E+03
120.0 2.37998E+03
120.5 2.07898E+03
121.0 1.77892E+03
121.5 1.47984E+03
122.0 1.18175E+03
122.5 8.84706E+02
123.0 5.88719E+02
123.5 2.93823E+02
124.0 2.44577E+01
