124K06D0W2
  0.5 0.00000E+00
  1.0 0.00000E+00
  1.5 0.00000E+00
  2.0 0.00000E+00
  2.5 0.00000E+00
  3.0 0.00000E+00
  3.5 6.28646E+03
  4.0 9.30539E+03
  4.5 1.24935E+04
  5.0 1.57996E+04
  5.5 1.92014E+04
  6.0 2.26885E+04
  6.5 2.62551E+04
  7.0 2.98976E+04
  7.5 3.36132E+04
  8.0 3.73998E+04
  8.5 5.47021E+04
  9.0 4.51791E+04
  9.5 9.49355E+04
 10.0 8.48235E+04
 10.5 2.11462E+04
 11.0 2.27918E+04
 11.5 2.34049E+04
 12.0 1.75317E+04
 12.5 1.63450E+04
 13.0 1.74129E+04
 13.5 1.84899E+04
 14.0 1.95757E+04
 14.5 2.06703E+04
 15.0 2.17733E+04
 15.5 2.28846E+04
 16.0 2.40039E+04
 16.5 2.51311E+04
 17.0 2.62659E+04
 17.5 2.74082E+04
 18.0 2.85577E+04
 18.5 2.97142E+04
 19.0 3.08776E+04
 19.5 3.20476E+04
 20.0 3.32240E+04
 20.5 3.44067E+04
 21.0 3.55953E+04
 21.5 3.67895E+04
 22.0 3.79888E+04
 22.5 3.91926E+04
 23.0 4.04002E+04
 23.5 4.16104E+04
 24.0 4.28222E+04
 24.5 4.40338E+04
 25.0 4.52436E+04
 25.5 4.64493E+04
 26.0 4.76486E+04
 26.5 4.88388E+04
 27.0 5.00170E+04
 27.5 5.11802E+04
 28.0 5.23252E+04
 28.5 5.34487E+04
 29.0 5.45474E+04
 29.5 5.56181E+04
 30.0 5.66576E+04
 30.5 5.76629E+04
 31.0 5.86311E+04
 31.5 5.95598E+04
 32.0 6.04464E+04
 32.5 6.12890E+04
 33.0 6.20856E+04
 33.5 6.28349E+04
 34.0 6.35354E+04
 34.5 6.41865E+04
 35.0 6.47874E+04
 35.5 6.53377E+04
 36.0 6.58374E+04
 36.5 6.62866E+04
 37.0 6.66857E+04
 37.5 6.70353E+04
 38.0 6.73362E+04
 38.5 6.75892E+04
 39.0 6.77955E+04
 39.5 6.79563E+04
 40.0 6.80729E+04
 40.5 6.81468E+04
 41.0 6.81793E+04
 41.5 6.81722E+04
 42.0 6.81268E+04
 42.5 6.80449E+04
 43.0 6.79281E+04
 43.5 6.77779E+04
 44.0 6.75961E+04
 44.5 6.73843E+04
 45.0 6.71441E+04
 45.5 6.68769E+04
 46.0 6.65845E+04
 46.5 6.62683E+04
 47.0 6.59297E+04
 47.5 6.55702E+04
 48.0 6.51912E+04
 48.5 6.47939E+04
 49.0 6.43797E+04
 49.5 6.39498E+04
 50.0 6.35054E+04
 50.5 6.30476E+04
 51.0 6.25775E+04
 51.5 6.20960E+04
 52.0 6.16043E+04
 52.5 6.11032E+04
 53.0 6.05936E+04
 53.5 6.00764E+04
 54.0 5.95522E+04
 54.5 5.90220E+04
 55.0 5.84863E+04
 55.5 5.79458E+04
 56.0 5.74013E+04
 56.5 5.68531E+04
 57.0 5.63020E+04
 57.5 5.57484E+04
 58.0 2.37358E+05
 58.5 5.46357E+04
 59.0 5.40775E+04
 59.5 3.80856E+05
 60.0 5.29591E+04
 60.5 5.23997E+04
 61.0 5.18406E+04
 61.5 5.12820E+04
 62.0 5.07243E+04
 62.5 5.01677E+04
 63.0 4.96124E+04
 63.5 4.90586E+04
 64.0 4.85066E+04
 64.5 4.79564E+04
 65.0 4.74083E+04
 65.5 4.68623E+04
 66.0 4.63187E+04
 66.5 4.57776E+04
 67.0 1.67810E+05
 67.5 4.47030E+04
 68.0 4.41697E+04
 68.5 4.36393E+04
 69.0 7.61824E+04
 69.5 3.95967E+04
 70.0 2.43702E+04
 70.5 2.43394E+04
 71.0 2.43028E+04
 71.5 2.42606E+04
 72.0 2.42128E+04
 72.5 2.41593E+04
 73.0 2.41002E+04
 73.5 2.40355E+04
 74.0 2.39652E+04
 74.5 2.38893E+04
 75.0 2.38079E+04
 75.5 2.37210E+04
 76.0 2.36286E+04
 76.5 2.35308E+04
 77.0 2.34276E+04
 77.5 2.33190E+04
 78.0 2.32053E+04
 78.5 2.30862E+04
 79.0 2.29621E+04
 79.5 2.28328E+04
 80.0 2.26985E+04
 80.5 2.25592E+04
 81.0 2.24150E+04
 81.5 2.22660E+04
 82.0 2.21123E+04
 82.5 2.19538E+04
 83.0 2.17908E+04
 83.5 2.16232E+04
 84.0 2.14512E+04
 84.5 2.12748E+04
 85.0 2.10940E+04
 85.5 2.09091E+04
 86.0 2.07201E+04
 86.5 2.05269E+04
 87.0 2.03299E+04
 87.5 2.01289E+04
 88.0 1.99241E+04
 88.5 1.97156E+04
 89.0 1.95035E+04
 89.5 1.92878E+04
 90.0 1.90686E+04
 90.5 1.88460E+04
 91.0 1.86201E+04
 91.5 1.83910E+04
 92.0 1.81587E+04
 92.5 1.79234E+04
 93.0 1.76851E+04
 93.5 1.74439E+04
 94.0 1.71998E+04
 94.5 1.69530E+04
 95.0 1.67036E+04
 95.5 1.64515E+04
 96.0 1.61970E+04
 96.5 1.59400E+04
 97.0 1.56807E+04
 97.5 1.54190E+04
 98.0 1.51552E+04
 98.5 1.48893E+04
 99.0 1.46212E+04
 99.5 1.43512E+04
100.0 1.40793E+04
100.5 1.38055E+04
101.0 1.35300E+04
101.5 1.32528E+04
102.0 1.29739E+04
102.5 1.26935E+04
103.0 1.24115E+04
103.5 1.21281E+04
104.0 1.18434E+04
104.5 1.15574E+04
105.0 1.12701E+04
105.5 1.09817E+04
106.0 1.06921E+04
106.5 1.04015E+04
107.0 1.01099E+04
107.5 9.81737E+03
108.0 9.52398E+03
108.5 9.22978E+03
109.0 8.93483E+03
109.5 8.63919E+03
110.0 8.34291E+03
110.5 8.04606E+03
111.0 7.74867E+03
111.5 7.45082E+03
112.0 7.15255E+03
112.5 6.85392E+03
113.0 6.55498E+03
113.5 6.25579E+03
114.0 5.95639E+03
114.5 5.65683E+03
115.0 5.35718E+03
115.5 5.05747E+03
116.0 4.75775E+03
116.5 4.45808E+03
117.0 4.15850E+03
117.5 3.85907E+03
118.0 3.55982E+03
118.5 3.26080E+03
119.0 2.96207E+03
119.5 2.66366E+03
120.0 2.36563E+03
120.5 2.06801E+03
121.0 1.77086E+03
121.5 1.47420E+03
122.0 1.17810E+03
122.5 8.82590E+02
123.0 5.87713E+02
123.5 2.93513E+02
124.0 2.44415E+01
