124K10D0W2
  0.5 0.00000E+00
  1.0 0.00000E+00
  1.5 0.00000E+00
  2.0 0.00000E+00
  2.5 0.00000E+00
  3.0 0.00000E+00
  3.5 1.36485E+04
  4.0 1.86395E+04
  4.5 2.38462E+04
  5.0 2.92443E+04
  5.5 3.48236E+04
  6.0 4.05793E+04
  6.5 4.65083E+04
  7.0 5.26093E+04
  7.5 5.88822E+04
  8.0 6.53285E+04
  8.5 3.20833E+05
  9.0 7.87582E+04
  9.5 4.49714E+05
 10.0 3.80549E+05
 10.5 3.70801E+04
 11.0 3.98581E+04
 11.5 5.23250E+04
 12.0 3.07537E+04
 12.5 2.86836E+04
 13.0 3.04779E+04
 13.5 3.22957E+04
 14.0 3.41369E+04
 14.5 3.60015E+04
 15.0 3.78896E+04
 15.5 3.98015E+04
 16.0 4.17372E+04
 16.5 4.36970E+04
 17.0 4.56810E+04
 17.5 4.76894E+04
 18.0 4.97219E+04
 18.5 5.17779E+04
 19.0 5.38565E+04
 19.5 5.59555E+04
 20.0 5.80721E+04
 20.5 6.02027E+04
 21.0 6.23420E+04
 21.5 6.44841E+04
 22.0 6.66219E+04
 22.5 6.87473E+04
 23.0 7.08518E+04
 23.5 7.29260E+04
 24.0 7.49606E+04
 24.5 7.69462E+04
 25.0 7.88734E+04
 25.5 8.07335E+04
 26.0 8.25183E+04
 26.5 8.42203E+04
 27.0 8.58329E+04
 27.5 8.73506E+04
 28.0 8.87686E+04
 28.5 9.00831E+04
 29.0 9.12917E+04
 29.5 9.23924E+04
 30.0 9.33844E+04
 30.5 9.42678E+04
 31.0 9.50431E+04
 31.5 9.57119E+04
 32.0 9.62762E+04
 32.5 9.67384E+04
 33.0 9.71016E+04
 33.5 9.73691E+04
 34.0 9.75446E+04
 34.5 9.76319E+04
 35.0 9.76351E+04
 35.5 9.75582E+04
 36.0 9.74058E+04
 36.5 9.71818E+04
 37.0 9.68906E+04
 37.5 9.65366E+04
 38.0 9.61236E+04
 38.5 9.56559E+04
 39.0 9.51374E+04
 39.5 9.45718E+04
 40.0 9.39630E+04
 40.5 9.33144E+04
 41.0 9.26295E+04
 41.5 9.19114E+04
 42.0 9.11633E+04
 42.5 9.03881E+04
 43.0 8.95886E+04
 43.5 8.87674E+04
 44.0 8.79269E+04
 44.5 8.70695E+04
 45.0 8.61974E+04
 45.5 8.53125E+04
 46.0 8.44169E+04
 46.5 8.35121E+04
 47.0 8.26000E+04
 47.5 8.16821E+04
 48.0 8.07598E+04
 48.5 7.98343E+04
 49.0 7.89069E+04
 49.5 7.79788E+04
 50.0 7.70509E+04
 50.5 7.61242E+04
 51.0 7.51995E+04
 51.5 7.42778E+04
 52.0 7.33596E+04
 52.5 7.24456E+04
 53.0 7.15364E+04
 53.5 7.06326E+04
 54.0 6.97346E+04
 54.5 6.88429E+04
 55.0 6.79579E+04
 55.5 6.70798E+04
 56.0 6.62090E+04
 56.5 6.53458E+04
 57.0 6.44903E+04
 57.5 6.36428E+04
 58.0 2.94398E+05
 58.5 6.19724E+04
 59.0 6.11497E+04
 59.5 4.70748E+05
 60.0 5.95298E+04
 60.5 5.87327E+04
 61.0 5.79442E+04
 61.5 5.71643E+04
 62.0 5.63931E+04
 62.5 5.56305E+04
 63.0 5.48765E+04
 63.5 5.41310E+04
 64.0 5.33940E+04
 64.5 5.26655E+04
 65.0 5.19453E+04
 65.5 5.12334E+04
 66.0 5.05297E+04
 66.5 4.98341E+04
 67.0 1.93541E+05
 67.5 4.84669E+04
 68.0 4.77951E+04
 68.5 4.71310E+04
 69.0 8.49579E+04
 69.5 4.35908E+04
 70.0 3.19928E+04
 70.5 3.17843E+04
 71.0 3.15714E+04
 71.5 3.13545E+04
 72.0 3.11336E+04
 72.5 3.09088E+04
 73.0 3.06801E+04
 73.5 3.04478E+04
 74.0 3.02119E+04
 74.5 2.99724E+04
 75.0 2.97296E+04
 75.5 2.94834E+04
 76.0 2.92340E+04
 76.5 2.89815E+04
 77.0 2.87260E+04
 77.5 2.84676E+04
 78.0 2.82063E+04
 78.5 2.79422E+04
 79.0 2.76755E+04
 79.5 2.74062E+04
 80.0 2.71344E+04
 80.5 2.68601E+04
 81.0 2.65835E+04
 81.5 2.63046E+04
 82.0 2.60236E+04
 82.5 2.57404E+04
 83.0 2.54552E+04
 83.5 2.51680E+04
 84.0 2.48789E+04
 84.5 2.45880E+04
 85.0 2.42954E+04
 85.5 2.40010E+04
 86.0 2.37050E+04
 86.5 2.34075E+04
 87.0 2.31084E+04
 87.5 2.28079E+04
 88.0 2.25060E+04
 88.5 2.22028E+04
 89.0 2.18984E+04
 89.5 2.15927E+04
 90.0 2.12859E+04
 90.5 2.09780E+04
 91.0 2.06690E+04
 91.5 2.03591E+04
 92.0 2.00482E+04
 92.5 1.97364E+04
 93.0 1.94238E+04
 93.5 1.91103E+04
 94.0 1.87962E+04
 94.5 1.84813E+04
 95.0 1.81658E+04
 95.5 1.78497E+04
 96.0 1.75330E+04
 96.5 1.72158E+04
 97.0 1.68981E+04
 97.5 1.65799E+04
 98.0 1.62614E+04
 98.5 1.59425E+04
 99.0 1.56233E+04
 99.5 1.53038E+04
100.0 1.49841E+04
100.5 1.46642E+04
101.0 1.43441E+04
101.5 1.40239E+04
102.0 1.37035E+04
102.5 1.33832E+04
103.0 1.30628E+04
103.5 1.27424E+04
104.0 1.24221E+04
104.5 1.21018E+04
105.0 1.17817E+04
105.5 1.14617E+04
106.0 1.11419E+04
106.5 1.08223E+04
107.0 1.05029E+04
107.5 1.01838E+04
108.0 9.86507E+03
108.5 9.54663E+03
109.0 9.22856E+03
109.5 8.91088E+03
110.0 8.59364E+03
110.5 8.27685E+03
111.0 7.96055E+03
111.5 7.64476E+03
112.0 7.32952E+03
112.5 7.01486E+03
113.0 6.70079E+03
113.5 6.38736E+03
114.0 6.07459E+03
114.5 5.76251E+03
115.0 5.45114E+03
115.5 5.14051E+03
116.0 4.83066E+03
116.5 4.52160E+03
117.0 4.21337E+03
117.5 3.90600E+03
118.0 3.59950E+03
118.5 3.29392E+03
119.0 2.98927E+03
119.5 2.68558E+03
120.0 2.38288E+03
120.5 2.08119E+03
121.0 1.78054E+03
121.5 1.48097E+03
122.0 1.18249E+03
122.5 8.85131E+02
123.0 5.88921E+02
123.5 2.93886E+02
124.0 2.44610E+01
