124K12D0W2
  0.5 0.00000E+00
  1.0 0.00000E+00
  1.5 0.00000E+00
  2.0 0.00000E+00
  2.5 0.00000E+00
  3.0 0.00000E+00
  3.5 1.75196E+04
  4.0 2.34776E+04
  4.5 2.96960E+04
  5.0 3.61573E+04
  5.5 4.28545E+04
  6.0 4.97847E+04
  6.5 5.69468E+04
  7.0 6.43421E+04
  7.5 7.19743E+04
  8.0 7.98502E+04
  8.5 6.06513E+05
  9.0 9.63838E+04
  9.5 7.18211E+05
 10.0 6.03187E+05
 10.5 4.53174E+04
 11.0 4.86985E+04
 11.5 7.76417E+04
 12.0 3.75832E+04
 12.5 3.50541E+04
 13.0 3.72333E+04
 13.5 3.94456E+04
 14.0 4.16915E+04
 14.5 4.39712E+04
 15.0 4.62855E+04
 15.5 4.86350E+04
 16.0 5.10203E+04
 16.5 5.34417E+04
 17.0 5.58994E+04
 17.5 5.83926E+04
 18.0 6.09197E+04
 18.5 6.34777E+04
 19.0 6.60621E+04
 19.5 6.86668E+04
 20.0 7.12837E+04
 20.5 7.39034E+04
 21.0 7.65148E+04
 21.5 7.91055E+04
 22.0 8.16626E+04
 22.5 8.41726E+04
 23.0 8.66218E+04
 23.5 8.89971E+04
 24.0 9.12860E+04
 24.5 9.34767E+04
 25.0 9.55589E+04
 25.5 9.75234E+04
 26.0 9.93625E+04
 26.5 1.01070E+05
 27.0 1.02642E+05
 27.5 1.04074E+05
 28.0 1.05365E+05
 28.5 1.06514E+05
 29.0 1.07522E+05
 29.5 1.08391E+05
 30.0 1.09123E+05
 30.5 1.09721E+05
 31.0 1.10190E+05
 31.5 1.10535E+05
 32.0 1.10759E+05
 32.5 1.10870E+05
 33.0 1.10871E+05
 33.5 1.10770E+05
 34.0 1.10572E+05
 34.5 1.10283E+05
 35.0 1.09909E+05
 35.5 1.09455E+05
 36.0 1.08928E+05
 36.5 1.08333E+05
 37.0 1.07674E+05
 37.5 1.06959E+05
 38.0 1.06190E+05
 38.5 1.05374E+05
 39.0 1.04514E+05
 39.5 1.03616E+05
 40.0 1.02682E+05
 40.5 1.01717E+05
 41.0 1.00724E+05
 41.5 9.97071E+04
 42.0 9.86691E+04
 42.5 9.76130E+04
 43.0 9.65415E+04
 43.5 9.54572E+04
 44.0 9.43625E+04
 44.5 9.32595E+04
 45.0 9.21503E+04
 45.5 9.10368E+04
 46.0 8.99206E+04
 46.5 8.88034E+04
 47.0 8.76867E+04
 47.5 8.65717E+04
 48.0 8.54596E+04
 48.5 8.43516E+04
 49.0 8.32486E+04
 49.5 8.21515E+04
 50.0 8.10612E+04
 50.5 7.99783E+04
 51.0 7.89036E+04
 51.5 7.78376E+04
 52.0 7.67808E+04
 52.5 7.57336E+04
 53.0 7.46965E+04
 53.5 7.36698E+04
 54.0 7.26537E+04
 54.5 7.16486E+04
 55.0 7.06546E+04
 55.5 6.96718E+04
 56.0 6.87005E+04
 56.5 6.77407E+04
 57.0 6.67925E+04
 57.5 6.58559E+04
 58.0 3.10941E+05
 58.5 6.40177E+04
 59.0 6.31160E+04
 59.5 4.96664E+05
 60.0 6.13474E+04
 60.5 6.04802E+04
 61.0 5.96245E+04
 61.5 5.87800E+04
 62.0 5.79466E+04
 62.5 5.71243E+04
 63.0 5.63129E+04
 63.5 5.55123E+04
 64.0 5.47223E+04
 64.5 5.39428E+04
 65.0 5.31736E+04
 65.5 5.24145E+04
 66.0 5.16656E+04
 66.5 5.09264E+04
 67.0 2.00667E+05
 67.5 4.94770E+04
 68.0 4.87664E+04
 68.5 4.80651E+04
 69.0 8.73517E+04
 69.5 4.47226E+04
 70.0 3.44131E+04
 70.5 3.41361E+04
 71.0 3.38561E+04
 71.5 3.35734E+04
 72.0 3.32879E+04
 72.5 3.29998E+04
 73.0 3.27092E+04
 73.5 3.24162E+04
 74.0 3.21209E+04
 74.5 3.18233E+04
 75.0 3.15237E+04
 75.5 3.12219E+04
 76.0 3.09182E+04
 76.5 3.06127E+04
 77.0 3.03053E+04
 77.5 2.99962E+04
 78.0 2.96854E+04
 78.5 2.93731E+04
 79.0 2.90593E+04
 79.5 2.87440E+04
 80.0 2.84274E+04
 80.5 2.81094E+04
 81.0 2.77903E+04
 81.5 2.74699E+04
 82.0 2.71485E+04
 82.5 2.68260E+04
 83.0 2.65024E+04
 83.5 2.61780E+04
 84.0 2.58526E+04
 84.5 2.55264E+04
 85.0 2.51994E+04
 85.5 2.48716E+04
 86.0 2.45432E+04
 86.5 2.42141E+04
 87.0 2.38844E+04
 87.5 2.35542E+04
 88.0 2.32234E+04
 88.5 2.28922E+04
 89.0 2.25605E+04
 89.5 2.22284E+04
 90.0 2.18960E+04
 90.5 2.15632E+04
 91.0 2.12301E+04
 91.5 2.08968E+04
 92.0 2.05633E+04
 92.5 2.02296E+04
 93.0 1.98958E+04
 93.5 1.95618E+04
 94.0 1.92278E+04
 94.5 1.88937E+04
 95.0 1.85596E+04
 95.5 1.82255E+04
 96.0 1.78914E+04
 96.5 1.75574E+04
 97.0 1.72235E+04
 97.5 1.68897E+04
 98.0 1.65561E+04
 98.5 1.62226E+04
 99.0 1.58893E+04
 99.5 1.55563E+04
100.0 1.52235E+04
100.5 1.48910E+04
101.0 1.45588E+04
101.5 1.42270E+04
102.0 1.38954E+04
102.5 1.35643E+04
103.0 1.32336E+04
103.5 1.29033E+04
104.0 1.25734E+04
104.5 1.22440E+04
105.0 1.19151E+04
105.5 1.15867E+04
106.0 1.12589E+04
106.5 1.09316E+04
107.0 1.06049E+04
107.5 1.02788E+04
108.0 9.95336E+03
108.5 9.62855E+03
109.0 9.30441E+03
109.5 8.98097E+03
110.0 8.65825E+03
110.5 8.33626E+03
111.0 8.01503E+03
111.5 7.69458E+03
112.0 7.37493E+03
112.5 7.05611E+03
113.0 6.73813E+03
113.5 6.42102E+03
114.0 6.10480E+03
114.5 5.78949E+03
115.0 5.47511E+03
115.5 5.16168E+03
116.0 4.84923E+03
116.5 4.53777E+03
117.0 4.22732E+03
117.5 3.91792E+03
118.0 3.60958E+03
118.5 3.30232E+03
119.0 2.99616E+03
119.5 2.69112E+03
120.0 2.38724E+03
120.5 2.08452E+03
121.0 1.78299E+03
121.5 1.48268E+03
122.0 1.18360E+03
122.5 8.85772E+02
123.0 5.89225E+02
123.5 2.93979E+02
124.0 2.44659E+01
