124K14D0W2
  0.5 0.00000E+00
  1.0 0.00000E+00
  1.5 0.00000E+00
  2.0 0.00000E+00
  2.5 0.00000E+00
  3.0 0.00000E+00
  3.5 2.14902E+04
  4.0 2.84211E+04
  4.5 3.56658E+04
  5.0 4.32120E+04
  5.5 5.10554E+04
  6.0 5.91953E+04
  6.5 6.76342E+04
  7.0 7.63776E+04
  7.5 8.54357E+04
  8.0 9.48251E+04
  8.5 9.82770E+05
  9.0 1.14703E+05
  9.5 1.01679E+06
 10.0 8.50615E+05
 10.5 5.37726E+04
 11.0 5.77871E+04
 11.5 1.10993E+05
 12.0 4.45888E+04
 12.5 4.15865E+04
 13.0 4.41684E+04
 13.5 4.67953E+04
 14.0 4.94682E+04
 14.5 5.21882E+04
 15.0 5.49567E+04
 15.5 5.77745E+04
 16.0 6.06425E+04
 16.5 6.35601E+04
 17.0 6.65257E+04
 17.5 6.95358E+04
 18.0 7.25845E+04
 18.5 7.56637E+04
 19.0 7.87625E+04
 19.5 8.18678E+04
 20.0 8.49644E+04
 20.5 8.80354E+04
 21.0 9.10630E+04
 21.5 9.40288E+04
 22.0 9.69147E+04
 22.5 9.97031E+04
 23.0 1.02378E+05
 23.5 1.04924E+05
 24.0 1.07328E+05
 24.5 1.09579E+05
 25.0 1.11669E+05
 25.5 1.13590E+05
 26.0 1.15339E+05
 26.5 1.16911E+05
 27.0 1.18306E+05
 27.5 1.19525E+05
 28.0 1.20570E+05
 28.5 1.21444E+05
 29.0 1.22152E+05
 29.5 1.22699E+05
 30.0 1.23092E+05
 30.5 1.23338E+05
 31.0 1.23442E+05
 31.5 1.23414E+05
 32.0 1.23261E+05
 32.5 1.22990E+05
 33.0 1.22610E+05
 33.5 1.22127E+05
 34.0 1.21550E+05
 34.5 1.20886E+05
 35.0 1.20141E+05
 35.5 1.19323E+05
 36.0 1.18439E+05
 36.5 1.17494E+05
 37.0 1.16494E+05
 37.5 1.15446E+05
 38.0 1.14354E+05
 38.5 1.13224E+05
 39.0 1.12060E+05
 39.5 1.10866E+05
 40.0 1.09647E+05
 40.5 1.08406E+05
 41.0 1.07147E+05
 41.5 1.05874E+05
 42.0 1.04588E+05
 42.5 1.03294E+05
 43.0 1.01993E+05
 43.5 1.00689E+05
 44.0 9.93818E+04
 44.5 9.80751E+04
 45.0 9.67702E+04
 45.5 9.54688E+04
 46.0 9.41723E+04
 46.5 9.28821E+04
 47.0 9.15993E+04
 47.5 9.03250E+04
 48.0 8.90602E+04
 48.5 8.78058E+04
 49.0 8.65625E+04
 49.5 8.53309E+04
 50.0 8.41116E+04
 50.5 8.29051E+04
 51.0 8.17120E+04
 51.5 8.05324E+04
 52.0 7.93668E+04
 52.5 7.82154E+04
 53.0 7.70784E+04
 53.5 7.59559E+04
 54.0 7.48481E+04
 54.5 7.37550E+04
 55.0 7.26767E+04
 55.5 7.16132E+04
 56.0 7.05644E+04
 56.5 6.95304E+04
 57.0 6.85110E+04
 57.5 6.75062E+04
 58.0 3.23423E+05
 58.5 6.55399E+04
 59.0 6.45780E+04
 59.5 5.16175E+05
 60.0 6.26963E+04
 60.5 6.17761E+04
 61.0 6.08693E+04
 61.5 5.99760E+04
 62.0 5.90957E+04
 62.5 5.82284E+04
 63.0 5.73737E+04
 63.5 5.65316E+04
 64.0 5.57018E+04
 64.5 5.48841E+04
 65.0 5.40781E+04
 65.5 5.32838E+04
 66.0 5.25010E+04
 66.5 5.17293E+04
 67.0 2.05957E+05
 67.5 5.02186E+04
 68.0 4.94792E+04
 68.5 4.87501E+04
 69.0 8.91193E+04
 69.5 4.55717E+04
 70.0 3.63027E+04
 70.5 3.59687E+04
 71.0 3.56331E+04
 71.5 3.52959E+04
 72.0 3.49573E+04
 72.5 3.46173E+04
 73.0 3.42761E+04
 73.5 3.39337E+04
 74.0 3.35901E+04
 74.5 3.32455E+04
 75.0 3.29000E+04
 75.5 3.25535E+04
 76.0 3.22062E+04
 76.5 3.18582E+04
 77.0 3.15094E+04
 77.5 3.11600E+04
 78.0 3.08101E+04
 78.5 3.04596E+04
 79.0 3.01085E+04
 79.5 2.97571E+04
 80.0 2.94053E+04
 80.5 2.90531E+04
 81.0 2.87007E+04
 81.5 2.83480E+04
 82.0 2.79951E+04
 82.5 2.76420E+04
 83.0 2.72888E+04
 83.5 2.69355E+04
 84.0 2.65821E+04
 84.5 2.62287E+04
 85.0 2.58753E+04
 85.5 2.55219E+04
 86.0 2.51686E+04
 86.5 2.48154E+04
 87.0 2.44623E+04
 87.5 2.41094E+04
 88.0 2.37566E+04
 88.5 2.34041E+04
 89.0 2.30518E+04
 89.5 2.26997E+04
 90.0 2.23478E+04
 90.5 2.19963E+04
 91.0 2.16451E+04
 91.5 2.12942E+04
 92.0 2.09437E+04
 92.5 2.05935E+04
 93.0 2.02438E+04
 93.5 1.98944E+04
 94.0 1.95455E+04
 94.5 1.91971E+04
 95.0 1.88491E+04
 95.5 1.85016E+04
 96.0 1.81545E+04
 96.5 1.78081E+04
 97.0 1.74621E+04
 97.5 1.71167E+04
 98.0 1.67718E+04
 98.5 1.64276E+04
 99.0 1.60839E+04
 99.5 1.57409E+04
100.0 1.53984E+04
100.5 1.50567E+04
101.0 1.47155E+04
101.5 1.43751E+04
102.0 1.40353E+04
102.5 1.36963E+04
103.0 1.33579E+04
103.5 1.30203E+04
104.0 1.26835E+04
104.5 1.23474E+04
105.0 1.20121E+04
105.5 1.16776E+04
106.0 1.13439E+04
106.5 1.10110E+04
107.0 1.06789E+04
107.5 1.03477E+04
108.0 1.00174E+04
108.5 9.68792E+03
109.0 9.35937E+03
109.5 9.03172E+03
110.0 8.70501E+03
110.5 8.37924E+03
111.0 8.05443E+03
111.5 7.73060E+03
112.0 7.40775E+03
112.5 7.08592E+03
113.0 6.76510E+03
113.5 6.44533E+03
114.0 6.12661E+03
114.5 5.80896E+03
115.0 5.49240E+03
115.5 5.17694E+03
116.0 4.86261E+03
116.5 4.54941E+03
117.0 4.23737E+03
117.5 3.92651E+03
118.0 3.61683E+03
118.5 3.30836E+03
119.0 3.00112E+03
119.5 2.69512E+03
120.0 2.39038E+03
120.5 2.08692E+03
121.0 1.78475E+03
121.5 1.48391E+03
122.0 1.18439E+03
122.5 8.86232E+02
123.0 5.89444E+02
123.5 2.94047E+02
124.0 2.44694E+01
