124K18D0W2
  0.5 0.00000E+00
  1.0 0.00000E+00
  1.5 0.00000E+00
  2.0 0.00000E+00
  2.5 0.00000E+00
  3.0 0.00000E+00
  3.5 2.97338E+04
  4.0 3.86570E+04
  4.5 4.80217E+04
  5.0 5.78239E+04
  5.5 6.80659E+04
  6.0 7.87557E+04
  6.5 8.99075E+04
  7.0 1.01545E+05
  7.5 1.13705E+05
  8.0 1.26441E+05
  8.5 1.92347E+06
  9.0 1.53888E+05
  9.5 1.64362E+06
 10.0 1.37027E+06
 10.5 7.14737E+04
 11.0 7.68689E+04
 11.5 1.97887E+05
 12.0 5.92382E+04
 12.5 5.52383E+04
 13.0 5.86917E+04
 13.5 6.22219E+04
 14.0 6.58319E+04
 14.5 6.95237E+04
 15.0 7.32983E+04
 15.5 7.71540E+04
 16.0 8.10859E+04
 16.5 8.50851E+04
 17.0 8.91376E+04
 17.5 9.32256E+04
 18.0 9.73263E+04
 18.5 1.01414E+05
 19.0 1.05460E+05
 19.5 1.09435E+05
 20.0 1.13310E+05
 20.5 1.17054E+05
 21.0 1.20642E+05
 21.5 1.24049E+05
 22.0 1.27254E+05
 22.5 1.30240E+05
 23.0 1.32992E+05
 23.5 1.35500E+05
 24.0 1.37759E+05
 24.5 1.39764E+05
 25.0 1.41515E+05
 25.5 1.43015E+05
 26.0 1.44269E+05
 26.5 1.45283E+05
 27.0 1.46065E+05
 27.5 1.46625E+05
 28.0 1.46974E+05
 28.5 1.47123E+05
 29.0 1.47084E+05
 29.5 1.46868E+05
 30.0 1.46489E+05
 30.5 1.45957E+05
 31.0 1.45285E+05
 31.5 1.44484E+05
 32.0 1.43566E+05
 32.5 1.42540E+05
 33.0 1.41418E+05
 33.5 1.40210E+05
 34.0 1.38923E+05
 34.5 1.37567E+05
 35.0 1.36151E+05
 35.5 1.34681E+05
 36.0 1.33166E+05
 36.5 1.31610E+05
 37.0 1.30021E+05
 37.5 1.28405E+05
 38.0 1.26766E+05
 38.5 1.25108E+05
 39.0 1.23438E+05
 39.5 1.21758E+05
 40.0 1.20072E+05
 40.5 1.18384E+05
 41.0 1.16696E+05
 41.5 1.15011E+05
 42.0 1.13332E+05
 42.5 1.11661E+05
 43.0 1.09999E+05
 43.5 1.08350E+05
 44.0 1.06713E+05
 44.5 1.05091E+05
 45.0 1.03484E+05
 45.5 1.01895E+05
 46.0 1.00323E+05
 46.5 9.87690E+04
 47.0 9.72346E+04
 47.5 9.57200E+04
 48.0 9.42255E+04
 48.5 9.27517E+04
 49.0 9.12986E+04
 49.5 8.98667E+04
 50.0 8.84560E+04
 50.5 8.70667E+04
 51.0 8.56987E+04
 51.5 8.43521E+04
 52.0 8.30269E+04
 52.5 8.17229E+04
 53.0 8.04400E+04
 53.5 7.91780E+04
 54.0 7.79369E+04
 54.5 7.67163E+04
 55.0 7.55160E+04
 55.5 7.43359E+04
 56.0 7.31756E+04
 56.5 7.20348E+04
 57.0 7.09132E+04
 57.5 6.98106E+04
 58.0 3.41054E+05
 58.5 6.76611E+04
 59.0 6.66135E+04
 59.5 5.43675E+05
 60.0 6.45710E+04
 60.5 6.35754E+04
 61.0 6.25965E+04
 61.5 6.16339E+04
 62.0 6.06874E+04
 62.5 5.97565E+04
 63.0 5.88410E+04
 63.5 5.79405E+04
 64.0 5.70546E+04
 64.5 5.61832E+04
 65.0 5.53258E+04
 65.5 5.44821E+04
 66.0 5.36518E+04
 66.5 5.28346E+04
 67.0 2.13309E+05
 67.5 5.12384E+04
 68.0 5.04587E+04
 68.5 4.96910E+04
 69.0 9.15634E+04
 69.5 4.67660E+04
 70.0 3.90653E+04
 70.5 3.86428E+04
 71.0 3.82210E+04
 71.5 3.77999E+04
 72.0 3.73796E+04
 72.5 3.69602E+04
 73.0 3.65417E+04
 73.5 3.61240E+04
 74.0 3.57073E+04
 74.5 3.52916E+04
 75.0 3.48769E+04
 75.5 3.44632E+04
 76.0 3.40506E+04
 76.5 3.36391E+04
 77.0 3.32287E+04
 77.5 3.28194E+04
 78.0 3.24112E+04
 78.5 3.20042E+04
 79.0 3.15983E+04
 79.5 3.11936E+04
 80.0 3.07901E+04
 80.5 3.03878E+04
 81.0 2.99867E+04
 81.5 2.95868E+04
 82.0 2.91882E+04
 82.5 2.87907E+04
 83.0 2.83944E+04
 83.5 2.79994E+04
 84.0 2.76055E+04
 84.5 2.72130E+04
 85.0 2.68216E+04
 85.5 2.64314E+04
 86.0 2.60425E+04
 86.5 2.56548E+04
 87.0 2.52683E+04
 87.5 2.48830E+04
 88.0 2.44989E+04
 88.5 2.41160E+04
 89.0 2.37344E+04
 89.5 2.33539E+04
 90.0 2.29747E+04
 90.5 2.25966E+04
 91.0 2.22198E+04
 91.5 2.18441E+04
 92.0 2.14696E+04
 92.5 2.10963E+04
 93.0 2.07242E+04
 93.5 2.03533E+04
 94.0 1.99836E+04
 94.5 1.96150E+04
 95.0 1.92476E+04
 95.5 1.88814E+04
 96.0 1.85164E+04
 96.5 1.81525E+04
 97.0 1.77897E+04
 97.5 1.74282E+04
 98.0 1.70678E+04
 98.5 1.67085E+04
 99.0 1.63505E+04
 99.5 1.59936E+04
100.0 1.56378E+04
100.5 1.52832E+04
101.0 1.49298E+04
101.5 1.45775E+04
102.0 1.42264E+04
102.5 1.38764E+04
103.0 1.35276E+04
103.5 1.31800E+04
104.0 1.28335E+04
104.5 1.24882E+04
105.0 1.21441E+04
105.5 1.18012E+04
106.0 1.14594E+04
106.5 1.11189E+04
107.0 1.07795E+04
107.5 1.04413E+04
108.0 1.01043E+04
108.5 9.76851E+03
109.0 9.43393E+03
109.5 9.10057E+03
110.0 8.76842E+03
110.5 8.43750E+03
111.0 8.10782E+03
111.5 7.77938E+03
112.0 7.45219E+03
112.5 7.12626E+03
113.0 6.80159E+03
113.5 6.47820E+03
114.0 6.15609E+03
114.5 5.83528E+03
115.0 5.51577E+03
115.5 5.19756E+03
116.0 4.88069E+03
116.5 4.56514E+03
117.0 4.25094E+03
117.5 3.93809E+03
118.0 3.62661E+03
118.5 3.31651E+03
119.0 3.00780E+03
119.5 2.70050E+03
120.0 2.39461E+03
120.5 2.09014E+03
121.0 1.78712E+03
121.5 1.48556E+03
122.0 1.18546E+03
122.5 8.86851E+02
123.0 5.89738E+02
123.5 2.94137E+02
124.0 2.44741E+01
