124K15D0W2
  0.5 0.00000E+00
  1.0 0.00000E+00
  1.5 0.00000E+00
  2.0 0.00000E+00
  2.5 0.00000E+00
  3.0 0.00000E+00
  3.5 2.35123E+04
  4.0 3.09343E+04
  4.5 3.86997E+04
  5.0 4.67982E+04
  5.5 5.52269E+04
  6.0 6.39868E+04
  6.5 7.30825E+04
  7.0 8.25228E+04
  7.5 9.23226E+04
  8.0 1.02505E+05
  8.5 1.19831E+06
  9.0 1.24158E+05
  9.5 1.17191E+06
 10.0 9.79176E+05
 10.5 5.80921E+04
 11.0 6.24364E+04
 11.5 1.30426E+05
 12.0 4.81658E+04
 12.5 4.49210E+04
 13.0 4.77119E+04
 13.5 5.05546E+04
 14.0 5.34507E+04
 14.5 5.64015E+04
 15.0 5.94088E+04
 15.5 6.24734E+04
 16.0 6.55955E+04
 16.5 6.87737E+04
 17.0 7.20044E+04
 17.5 7.52816E+04
 18.0 7.85962E+04
 18.5 8.19363E+04
 19.0 8.52871E+04
 19.5 8.86312E+04
 20.0 9.19496E+04
 20.5 9.52218E+04
 21.0 9.84268E+04
 21.5 1.01544E+05
 22.0 1.04553E+05
 22.5 1.07436E+05
 23.0 1.10175E+05
 23.5 1.12757E+05
 24.0 1.15168E+05
 24.5 1.17400E+05
 25.0 1.19445E+05
 25.5 1.21297E+05
 26.0 1.22955E+05
 26.5 1.24417E+05
 27.0 1.25686E+05
 27.5 1.26763E+05
 28.0 1.27653E+05
 28.5 1.28362E+05
 29.0 1.28896E+05
 29.5 1.29263E+05
 30.0 1.29470E+05
 30.5 1.29525E+05
 31.0 1.29438E+05
 31.5 1.29217E+05
 32.0 1.28870E+05
 32.5 1.28407E+05
 33.0 1.27835E+05
 33.5 1.27165E+05
 34.0 1.26402E+05
 34.5 1.25556E+05
 35.0 1.24634E+05
 35.5 1.23643E+05
 36.0 1.22590E+05
 36.5 1.21481E+05
 37.0 1.20323E+05
 37.5 1.19121E+05
 38.0 1.17880E+05
 38.5 1.16606E+05
 39.0 1.15303E+05
 39.5 1.13975E+05
 40.0 1.12628E+05
 40.5 1.11263E+05
 41.0 1.09885E+05
 41.5 1.08497E+05
 42.0 1.07102E+05
 42.5 1.05702E+05
 43.0 1.04301E+05
 43.5 1.02899E+05
 44.0 1.01499E+05
 44.5 1.00104E+05
 45.0 9.87135E+04
 45.5 9.73305E+04
 46.0 9.59558E+04
 46.5 9.45908E+04
 47.0 9.32364E+04
 47.5 9.18936E+04
 48.0 9.05633E+04
 48.5 8.92461E+04
 49.0 8.79427E+04
 49.5 8.66537E+04
 50.0 8.53795E+04
 50.5 8.41205E+04
 51.0 8.28770E+04
 51.5 8.16494E+04
 52.0 8.04377E+04
 52.5 7.92423E+04
 53.0 7.80631E+04
 53.5 7.69003E+04
 54.0 7.57539E+04
 54.5 7.46239E+04
 55.0 7.35102E+04
 55.5 7.24128E+04
 56.0 7.13317E+04
 56.5 7.02666E+04
 57.0 6.92175E+04
 57.5 6.81842E+04
 58.0 3.28587E+05
 58.5 6.61644E+04
 59.0 6.51776E+04
 59.5 5.24235E+05
 60.0 6.32489E+04
 60.5 6.23066E+04
 61.0 6.13788E+04
 61.5 6.04652E+04
 62.0 5.95655E+04
 62.5 5.86796E+04
 63.0 5.78071E+04
 63.5 5.69479E+04
 64.0 5.61016E+04
 64.5 5.52681E+04
 65.0 5.44471E+04
 65.5 5.36383E+04
 66.0 5.28415E+04
 66.5 5.20564E+04
 67.0 2.08124E+05
 67.5 5.05205E+04
 68.0 4.97692E+04
 68.5 4.90288E+04
 69.0 8.98412E+04
 69.5 4.59219E+04
 70.0 3.71003E+04
 70.5 3.67414E+04
 71.0 3.63814E+04
 71.5 3.60206E+04
 72.0 3.56589E+04
 72.5 3.52964E+04
 73.0 3.49332E+04
 73.5 3.45694E+04
 74.0 3.42051E+04
 74.5 3.38402E+04
 75.0 3.34749E+04
 75.5 3.31093E+04
 76.0 3.27433E+04
 76.5 3.23771E+04
 77.0 3.20107E+04
 77.5 3.16441E+04
 78.0 3.12774E+04
 78.5 3.09107E+04
 79.0 3.05439E+04
 79.5 3.01771E+04
 80.0 2.98104E+04
 80.5 2.94438E+04
 81.0 2.90773E+04
 81.5 2.87109E+04
 82.0 2.83448E+04
 82.5 2.79788E+04
 83.0 2.76132E+04
 83.5 2.72477E+04
 84.0 2.68826E+04
 84.5 2.65178E+04
 85.0 2.61534E+04
 85.5 2.57893E+04
 86.0 2.54257E+04
 86.5 2.50624E+04
 87.0 2.46996E+04
 87.5 2.43372E+04
 88.0 2.39753E+04
 88.5 2.36139E+04
 89.0 2.32530E+04
 89.5 2.28926E+04
 90.0 2.25327E+04
 90.5 2.21735E+04
 91.0 2.18147E+04
 91.5 2.14566E+04
 92.0 2.10991E+04
 92.5 2.07421E+04
 93.0 2.03858E+04
 93.5 2.00301E+04
 94.0 1.96751E+04
 94.5 1.93207E+04
 95.0 1.89670E+04
 95.5 1.86140E+04
 96.0 1.82617E+04
 96.5 1.79100E+04
 97.0 1.75591E+04
 97.5 1.72090E+04
 98.0 1.68595E+04
 98.5 1.65109E+04
 99.0 1.61629E+04
 99.5 1.58158E+04
100.0 1.54694E+04
100.5 1.51239E+04
101.0 1.47791E+04
101.5 1.44352E+04
102.0 1.40921E+04
102.5 1.37498E+04
103.0 1.34083E+04
103.5 1.30678E+04
104.0 1.27281E+04
104.5 1.23893E+04
105.0 1.20513E+04
105.5 1.17143E+04
106.0 1.13782E+04
106.5 1.10430E+04
107.0 1.07088E+04
107.5 1.03755E+04
108.0 1.00432E+04
108.5 9.71190E+03
109.0 9.38156E+03
109.5 9.05222E+03
110.0 8.72389E+03
110.5 8.39659E+03
111.0 8.07033E+03
111.5 7.74513E+03
112.0 7.42099E+03
112.5 7.09794E+03
113.0 6.77598E+03
113.5 6.45513E+03
114.0 6.13540E+03
114.5 5.81681E+03
115.0 5.49937E+03
115.5 5.18309E+03
116.0 4.86800E+03
116.5 4.55410E+03
117.0 4.24142E+03
117.5 3.92996E+03
118.0 3.61975E+03
118.5 3.31079E+03
119.0 3.00311E+03
119.5 2.69672E+03
120.0 2.39164E+03
120.5 2.08788E+03
121.0 1.78546E+03
121.5 1.48440E+03
122.0 1.18471E+03
122.5 8.86417E+02
123.0 5.89532E+02
123.5 2.94074E+02
124.0 2.44708E+01
