125K09D0W2
  0.5 0.00000E+00
  1.0 0.00000E+00
  1.5 0.00000E+00
  2.0 0.00000E+00
  2.5 0.00000E+00
  3.0 0.00000E+00
  3.5 1.16618E+04
  4.0 1.61429E+04
  4.5 2.08210E+04
  5.0 2.56672E+04
  5.5 3.06692E+04
  6.0 3.58211E+04
  6.5 4.11193E+04
  7.0 4.65616E+04
  7.5 5.21465E+04
  8.0 5.78740E+04
  8.5 2.09568E+05
  9.0 6.97627E+04
  9.5 3.25779E+05
 10.0 2.77670E+05
 10.5 3.28525E+04
 11.0 3.53280E+04
 11.5 4.21226E+04
 12.0 2.72536E+04
 12.5 2.54201E+04
 13.0 2.70218E+04
 13.5 2.86428E+04
 14.0 3.02830E+04
 14.5 3.19423E+04
 15.0 3.36207E+04
 15.5 3.53182E+04
 16.0 3.70346E+04
 16.5 3.87702E+04
 17.0 4.05249E+04
 17.5 4.22988E+04
 18.0 4.40918E+04
 18.5 4.59039E+04
 19.0 4.77346E+04
 19.5 4.95833E+04
 20.0 5.14485E+04
 20.5 5.33286E+04
 21.0 5.52207E+04
 21.5 5.71216E+04
 22.0 5.90270E+04
 22.5 6.09319E+04
 23.0 6.28302E+04
 23.5 6.47156E+04
 24.0 6.65811E+04
 24.5 6.84192E+04
 25.0 7.02224E+04
 25.5 7.19830E+04
 26.0 7.36937E+04
 26.5 7.53472E+04
 27.0 7.69370E+04
 27.5 7.84570E+04
 28.0 7.99016E+04
 28.5 8.12661E+04
 29.0 8.25465E+04
 29.5 8.37398E+04
 30.0 8.48432E+04
 30.5 8.58552E+04
 31.0 8.67747E+04
 31.5 8.76015E+04
 32.0 8.83358E+04
 32.5 8.89785E+04
 33.0 8.95309E+04
 33.5 8.99949E+04
 34.0 9.03727E+04
 34.5 9.06668E+04
 35.0 9.08799E+04
 35.5 9.10151E+04
 36.0 9.10758E+04
 36.5 9.10650E+04
 37.0 9.09863E+04
 37.5 9.08431E+04
 38.0 9.06390E+04
 38.5 9.03773E+04
 39.0 9.00615E+04
 39.5 8.96952E+04
 40.0 8.92815E+04
 40.5 8.88238E+04
 41.0 8.83251E+04
 41.5 8.77885E+04
 42.0 8.72171E+04
 42.5 8.66135E+04
 43.0 8.59805E+04
 43.5 8.53208E+04
 44.0 8.46366E+04
 44.5 8.39304E+04
 45.0 8.32044E+04
 45.5 8.24606E+04
 46.0 8.17011E+04
 46.5 8.09276E+04
 47.0 8.01420E+04
 47.5 7.93459E+04
 48.0 7.85407E+04
 48.5 7.77280E+04
 49.0 7.69091E+04
 49.5 7.60851E+04
 50.0 7.52573E+04
 50.5 7.44268E+04
 51.0 7.35944E+04
 51.5 7.27613E+04
 52.0 7.19280E+04
 52.5 7.10956E+04
 53.0 7.02647E+04
 53.5 6.94358E+04
 54.0 6.86098E+04
 54.5 6.77870E+04
 55.0 6.69680E+04
 55.5 6.61532E+04
 56.0 6.53431E+04
 56.5 6.45380E+04
 57.0 6.37382E+04
 57.5 6.29441E+04
 58.0 2.89762E+05
 58.5 6.13737E+04
 59.0 6.05979E+04
 59.5 4.64282E+05
 60.0 5.90660E+04
 60.5 5.83101E+04
 61.0 5.75611E+04
 61.5 5.68191E+04
 62.0 5.60842E+04
 62.5 5.53563E+04
 63.0 5.46356E+04
 63.5 5.39220E+04
 64.0 5.32156E+04
 64.5 5.25163E+04
 65.0 5.18242E+04
 65.5 5.11392E+04
 66.0 5.04613E+04
 66.5 4.97904E+04
 67.0 1.93185E+05
 67.5 4.84697E+04
 68.0 4.78197E+04
 68.5 4.71765E+04
 69.0 8.50269E+04
 69.5 4.34466E+04
 70.0 3.07347E+04
 70.5 3.05701E+04
 71.0 3.04008E+04
 71.5 3.02268E+04
 72.0 3.00481E+04
 72.5 2.98648E+04
 73.0 2.96772E+04
 73.5 2.94852E+04
 74.0 2.92889E+04
 74.5 2.90885E+04
 75.0 2.88840E+04
 75.5 2.86756E+04
 76.0 2.84633E+04
 76.5 2.82472E+04
 77.0 2.80274E+04
 77.5 2.78040E+04
 78.0 2.75771E+04
 78.5 2.73468E+04
 79.0 2.71131E+04
 79.5 2.68763E+04
 80.0 2.66362E+04
 80.5 2.63931E+04
 81.0 2.61470E+04
 81.5 2.58981E+04
 82.0 2.56463E+04
 82.5 2.53917E+04
 83.0 2.51345E+04
 83.5 2.48747E+04
 84.0 2.46125E+04
 84.5 2.43478E+04
 85.0 2.40808E+04
 85.5 2.38114E+04
 86.0 2.35399E+04
 86.5 2.32663E+04
 87.0 2.29906E+04
 87.5 2.27129E+04
 88.0 2.24333E+04
 88.5 2.21519E+04
 89.0 2.18687E+04
 89.5 2.15837E+04
 90.0 2.12971E+04
 90.5 2.10089E+04
 91.0 2.07191E+04
 91.5 2.04279E+04
 92.0 2.01353E+04
 92.5 1.98413E+04
 93.0 1.95461E+04
 93.5 1.92495E+04
 94.0 1.89518E+04
 94.5 1.86530E+04
 95.0 1.83531E+04
 95.5 1.80522E+04
 96.0 1.77503E+04
 96.5 1.74474E+04
 97.0 1.71437E+04
 97.5 1.68392E+04
 98.0 1.65339E+04
 98.5 1.62279E+04
 99.0 1.59212E+04
 99.5 1.56138E+04
100.0 1.53059E+04
100.5 1.49974E+04
101.0 1.46884E+04
101.5 1.43790E+04
102.0 1.40691E+04
102.5 1.37589E+04
103.0 1.34484E+04
103.5 1.31375E+04
104.0 1.28264E+04
104.5 1.25151E+04
105.0 1.22036E+04
105.5 1.18920E+04
106.0 1.15803E+04
106.5 1.12685E+04
107.0 1.09567E+04
107.5 1.06449E+04
108.0 1.03332E+04
108.5 1.00215E+04
109.0 9.70999E+03
109.5 9.39863E+03
110.0 9.08744E+03
110.5 8.77649E+03
111.0 8.46580E+03
111.5 8.15540E+03
112.0 7.84532E+03
112.5 7.53561E+03
113.0 7.22628E+03
113.5 6.91738E+03
114.0 6.60893E+03
114.5 6.30097E+03
115.0 5.99353E+03
115.5 5.68664E+03
116.0 5.38032E+03
116.5 5.07462E+03
117.0 4.76956E+03
117.5 4.46518E+03
118.0 4.16149E+03
118.5 3.85854E+03
119.0 3.55634E+03
119.5 3.25494E+03
120.0 2.95436E+03
120.5 2.65463E+03
121.0 2.35578E+03
121.5 2.05784E+03
122.0 1.76083E+03
122.5 1.46479E+03
123.0 1.16974E+03
123.5 8.75711E+02
124.0 5.82735E+02
124.5 2.90838E+02
125.0 2.42093E+01
