125K17D0W2
  0.5 0.00000E+00
  1.0 0.00000E+00
  1.5 0.00000E+00
  2.0 0.00000E+00
  2.5 0.00000E+00
  3.0 0.00000E+00
  3.5 2.74413E+04
  4.0 3.58112E+04
  4.5 4.45859E+04
  5.0 5.37590E+04
  5.5 6.33309E+04
  6.0 7.33063E+04
  6.5 8.36952E+04
  7.0 9.45146E+04
  7.5 1.05791E+05
  8.0 1.17565E+05
  8.5 1.64253E+06
  9.0 1.42818E+05
  9.5 1.47315E+06
 10.0 1.22889E+06
 10.5 6.65603E+04
 11.0 7.15670E+04
 11.5 1.71308E+05
 12.0 5.51884E+04
 12.5 5.14701E+04
 13.0 5.46816E+04
 13.5 5.79604E+04
 14.0 6.13090E+04
 14.5 6.47295E+04
 15.0 6.82238E+04
 15.5 7.17918E+04
 16.0 7.54315E+04
 16.5 7.91378E+04
 17.0 8.29019E+04
 17.5 8.67113E+04
 18.0 9.05491E+04
 18.5 9.43951E+04
 19.0 9.82264E+04
 19.5 1.02018E+05
 20.0 1.05743E+05
 20.5 1.09375E+05
 21.0 1.12888E+05
 21.5 1.16260E+05
 22.0 1.19467E+05
 22.5 1.22491E+05
 23.0 1.25315E+05
 23.5 1.27928E+05
 24.0 1.30319E+05
 24.5 1.32482E+05
 25.0 1.34413E+05
 25.5 1.36112E+05
 26.0 1.37580E+05
 26.5 1.38820E+05
 27.0 1.39839E+05
 27.5 1.40643E+05
 28.0 1.41240E+05
 28.5 1.41640E+05
 29.0 1.41852E+05
 29.5 1.41887E+05
 30.0 1.41755E+05
 30.5 1.41467E+05
 31.0 1.41035E+05
 31.5 1.40468E+05
 32.0 1.39777E+05
 32.5 1.38973E+05
 33.0 1.38065E+05
 33.5 1.37062E+05
 34.0 1.35974E+05
 34.5 1.34809E+05
 35.0 1.33576E+05
 35.5 1.32281E+05
 36.0 1.30933E+05
 36.5 1.29537E+05
 37.0 1.28100E+05
 37.5 1.26629E+05
 38.0 1.25127E+05
 38.5 1.23601E+05
 39.0 1.22054E+05
 39.5 1.20492E+05
 40.0 1.18917E+05
 40.5 1.17335E+05
 41.0 1.15746E+05
 41.5 1.14156E+05
 42.0 1.12566E+05
 42.5 1.10979E+05
 43.0 1.09397E+05
 43.5 1.07822E+05
 44.0 1.06256E+05
 44.5 1.04700E+05
 45.0 1.03156E+05
 45.5 1.01626E+05
 46.0 1.00109E+05
 46.5 9.86077E+04
 47.0 9.71224E+04
 47.5 9.56538E+04
 48.0 9.42027E+04
 48.5 9.27694E+04
 49.0 9.13546E+04
 49.5 8.99584E+04
 50.0 8.85814E+04
 50.5 8.72235E+04
 51.0 8.58851E+04
 51.5 8.45661E+04
 52.0 8.32667E+04
 52.5 8.19870E+04
 53.0 8.07267E+04
 53.5 7.94860E+04
 54.0 7.82647E+04
 54.5 7.70626E+04
 55.0 7.58796E+04
 55.5 7.47156E+04
 56.0 7.35703E+04
 56.5 7.24436E+04
 57.0 7.13351E+04
 57.5 7.02447E+04
 58.0 3.45390E+05
 58.5 6.81170E+04
 59.0 6.70792E+04
 59.5 5.51424E+05
 60.0 6.50542E+04
 60.5 6.40665E+04
 61.0 6.30948E+04
 61.5 6.21390E+04
 62.0 6.11987E+04
 62.5 6.02735E+04
 63.0 5.93633E+04
 63.5 5.84677E+04
 64.0 5.75863E+04
 64.5 5.67190E+04
 65.0 5.58654E+04
 65.5 5.50252E+04
 66.0 5.41981E+04
 66.5 5.33838E+04
 67.0 2.16989E+05
 67.5 5.17926E+04
 68.0 5.10152E+04
 68.5 5.02495E+04
 69.0 9.29855E+04
 69.5 4.72074E+04
 70.0 3.89156E+04
 70.5 3.85144E+04
 71.0 3.81133E+04
 71.5 3.77124E+04
 72.0 3.73117E+04
 72.5 3.69114E+04
 73.0 3.65114E+04
 73.5 3.61118E+04
 74.0 3.57127E+04
 74.5 3.53141E+04
 75.0 3.49160E+04
 75.5 3.45185E+04
 76.0 3.41217E+04
 76.5 3.37254E+04
 77.0 3.33299E+04
 77.5 3.29351E+04
 78.0 3.25410E+04
 78.5 3.21477E+04
 79.0 3.17552E+04
 79.5 3.13635E+04
 80.0 3.09727E+04
 80.5 3.05827E+04
 81.0 3.01935E+04
 81.5 2.98053E+04
 82.0 2.94179E+04
 82.5 2.90315E+04
 83.0 2.86459E+04
 83.5 2.82613E+04
 84.0 2.78777E+04
 84.5 2.74950E+04
 85.0 2.71132E+04
 85.5 2.67324E+04
 86.0 2.63526E+04
 86.5 2.59738E+04
 87.0 2.55960E+04
 87.5 2.52191E+04
 88.0 2.48432E+04
 88.5 2.44683E+04
 89.0 2.40945E+04
 89.5 2.37216E+04
 90.0 2.33497E+04
 90.5 2.29788E+04
 91.0 2.26090E+04
 91.5 2.22401E+04
 92.0 2.18723E+04
 92.5 2.15055E+04
 93.0 2.11397E+04
 93.5 2.07749E+04
 94.0 2.04111E+04
 94.5 2.00483E+04
 95.0 1.96866E+04
 95.5 1.93259E+04
 96.0 1.89662E+04
 96.5 1.86075E+04
 97.0 1.82499E+04
 97.5 1.78933E+04
 98.0 1.75377E+04
 98.5 1.71831E+04
 99.0 1.68296E+04
 99.5 1.64771E+04
100.0 1.61257E+04
100.5 1.57753E+04
101.0 1.54259E+04
101.5 1.50776E+04
102.0 1.47304E+04
102.5 1.43842E+04
103.0 1.40390E+04
103.5 1.36949E+04
104.0 1.33519E+04
104.5 1.30099E+04
105.0 1.26691E+04
105.5 1.23292E+04
106.0 1.19905E+04
106.5 1.16529E+04
107.0 1.13164E+04
107.5 1.09809E+04
108.0 1.06466E+04
108.5 1.03134E+04
109.0 9.98127E+03
109.5 9.65030E+03
110.0 9.32046E+03
110.5 8.99177E+03
111.0 8.66422E+03
111.5 8.33783E+03
112.0 8.01260E+03
112.5 7.68856E+03
113.0 7.36569E+03
113.5 7.04401E+03
114.0 6.72354E+03
114.5 6.40428E+03
115.0 6.08625E+03
115.5 5.76944E+03
116.0 5.45388E+03
116.5 5.13957E+03
117.0 4.82653E+03
117.5 4.51476E+03
118.0 4.20428E+03
118.5 3.89511E+03
119.0 3.58724E+03
119.5 3.28070E+03
120.0 2.97550E+03
120.5 2.67165E+03
121.0 2.36916E+03
121.5 2.06805E+03
122.0 1.76834E+03
122.5 1.47002E+03
123.0 1.17313E+03
123.5 8.77675E+02
124.0 5.83668E+02
124.5 2.91125E+02
125.0 2.42243E+01
