125K18D0W2
  0.5 0.00000E+00
  1.0 0.00000E+00
  1.5 0.00000E+00
  2.0 0.00000E+00
  2.5 0.00000E+00
  3.0 0.00000E+00
  3.5 2.95289E+04
  4.0 3.84014E+04
  4.5 4.77127E+04
  5.0 5.74586E+04
  5.5 6.76411E+04
  6.0 7.82677E+04
  6.5 8.93522E+04
  7.0 1.00917E+05
  7.5 1.12998E+05
  8.0 1.25646E+05
  8.5 1.89373E+06
  9.0 1.52892E+05
  9.5 1.63086E+06
 10.0 1.35968E+06
 10.5 7.10684E+04
 11.0 7.64338E+04
 11.5 1.94942E+05
 12.0 5.89182E+04
 12.5 5.49453E+04
 13.0 5.83825E+04
 13.5 6.18961E+04
 14.0 6.54889E+04
 14.5 6.91633E+04
 15.0 7.29205E+04
 15.5 7.67592E+04
 16.0 8.06752E+04
 16.5 8.46603E+04
 17.0 8.87015E+04
 17.5 9.27818E+04
 18.0 9.68794E+04
 18.5 1.00969E+05
 19.0 1.05024E+05
 19.5 1.09013E+05
 20.0 1.12909E+05
 20.5 1.16681E+05
 21.0 1.20303E+05
 21.5 1.23750E+05
 22.0 1.27001E+05
 22.5 1.30037E+05
 23.0 1.32844E+05
 23.5 1.35410E+05
 24.0 1.37729E+05
 24.5 1.39797E+05
 25.0 1.41613E+05
 25.5 1.43177E+05
 26.0 1.44495E+05
 26.5 1.45573E+05
 27.0 1.46418E+05
 27.5 1.47040E+05
 28.0 1.47449E+05
 28.5 1.47656E+05
 29.0 1.47672E+05
 29.5 1.47509E+05
 30.0 1.47180E+05
 30.5 1.46695E+05
 31.0 1.46068E+05
 31.5 1.45309E+05
 32.0 1.44429E+05
 32.5 1.43440E+05
 33.0 1.42352E+05
 33.5 1.41173E+05
 34.0 1.39915E+05
 34.5 1.38585E+05
 35.0 1.37192E+05
 35.5 1.35743E+05
 36.0 1.34246E+05
 36.5 1.32707E+05
 37.0 1.31132E+05
 37.5 1.29528E+05
 38.0 1.27899E+05
 38.5 1.26251E+05
 39.0 1.24588E+05
 39.5 1.22914E+05
 40.0 1.21232E+05
 40.5 1.19547E+05
 41.0 1.17861E+05
 41.5 1.16177E+05
 42.0 1.14498E+05
 42.5 1.12826E+05
 43.0 1.11162E+05
 43.5 1.09509E+05
 44.0 1.07869E+05
 44.5 1.06242E+05
 45.0 1.04631E+05
 45.5 1.03036E+05
 46.0 1.01458E+05
 46.5 9.98975E+04
 47.0 9.83561E+04
 47.5 9.68340E+04
 48.0 9.53319E+04
 48.5 9.38500E+04
 49.0 9.23887E+04
 49.5 9.09482E+04
 50.0 8.95288E+04
 50.5 8.81306E+04
 51.0 8.67535E+04
 51.5 8.53978E+04
 52.0 8.40633E+04
 52.5 8.27500E+04
 53.0 8.14577E+04
 53.5 8.01863E+04
 54.0 7.89357E+04
 54.5 7.77057E+04
 55.0 7.64960E+04
 55.5 7.53065E+04
 56.0 7.41368E+04
 56.5 7.29868E+04
 57.0 7.18560E+04
 57.5 7.07443E+04
 58.0 3.49284E+05
 58.5 6.85767E+04
 59.0 6.75202E+04
 59.5 5.57498E+05
 60.0 6.54602E+04
 60.5 6.44561E+04
 61.0 6.34687E+04
 61.5 6.24979E+04
 62.0 6.15431E+04
 62.5 6.06042E+04
 63.0 5.96808E+04
 63.5 5.87725E+04
 64.0 5.78790E+04
 64.5 5.70000E+04
 65.0 5.61353E+04
 65.5 5.52844E+04
 66.0 5.44470E+04
 66.5 5.36229E+04
 67.0 2.18603E+05
 67.5 5.20133E+04
 68.0 5.12271E+04
 68.5 5.04530E+04
 69.0 9.35198E+04
 69.5 4.74683E+04
 70.0 3.95277E+04
 70.5 3.91066E+04
 71.0 3.86862E+04
 71.5 3.82665E+04
 72.0 3.78475E+04
 72.5 3.74294E+04
 73.0 3.70121E+04
 73.5 3.65958E+04
 74.0 3.61803E+04
 74.5 3.57659E+04
 75.0 3.53524E+04
 75.5 3.49400E+04
 76.0 3.45286E+04
 76.5 3.41183E+04
 77.0 3.37091E+04
 77.5 3.33010E+04
 78.0 3.28941E+04
 78.5 3.24883E+04
 79.0 3.20836E+04
 79.5 3.16802E+04
 80.0 3.12779E+04
 80.5 3.08769E+04
 81.0 3.04770E+04
 81.5 3.00783E+04
 82.0 2.96809E+04
 82.5 2.92847E+04
 83.0 2.88897E+04
 83.5 2.84959E+04
 84.0 2.81034E+04
 84.5 2.77121E+04
 85.0 2.73220E+04
 85.5 2.69331E+04
 86.0 2.65455E+04
 86.5 2.61591E+04
 87.0 2.57739E+04
 87.5 2.53900E+04
 88.0 2.50072E+04
 88.5 2.46257E+04
 89.0 2.42454E+04
 89.5 2.38663E+04
 90.0 2.34885E+04
 90.5 2.31118E+04
 91.0 2.27363E+04
 91.5 2.23621E+04
 92.0 2.19890E+04
 92.5 2.16171E+04
 93.0 2.12464E+04
 93.5 2.08769E+04
 94.0 2.05085E+04
 94.5 2.01414E+04
 95.0 1.97754E+04
 95.5 1.94106E+04
 96.0 1.90470E+04
 96.5 1.86845E+04
 97.0 1.83232E+04
 97.5 1.79630E+04
 98.0 1.76040E+04
 98.5 1.72462E+04
 99.0 1.68895E+04
 99.5 1.65340E+04
100.0 1.61796E+04
100.5 1.58264E+04
101.0 1.54744E+04
101.5 1.51234E+04
102.0 1.47737E+04
102.5 1.44251E+04
103.0 1.40776E+04
103.5 1.37313E+04
104.0 1.33862E+04
104.5 1.30422E+04
105.0 1.26994E+04
105.5 1.23577E+04
106.0 1.20172E+04
106.5 1.16779E+04
107.0 1.13397E+04
107.5 1.10027E+04
108.0 1.06669E+04
108.5 1.03323E+04
109.0 9.99882E+03
109.5 9.66657E+03
110.0 9.33551E+03
110.5 9.00566E+03
111.0 8.67702E+03
111.5 8.34959E+03
112.0 8.02338E+03
112.5 7.69840E+03
113.0 7.37466E+03
113.5 7.05216E+03
114.0 6.73091E+03
114.5 6.41092E+03
115.0 6.09220E+03
115.5 5.77475E+03
116.0 5.45859E+03
116.5 5.14373E+03
117.0 4.83018E+03
117.5 4.51794E+03
118.0 4.20702E+03
118.5 3.89744E+03
119.0 3.58921E+03
119.5 3.28235E+03
120.0 2.97685E+03
120.5 2.67273E+03
121.0 2.37001E+03
121.5 2.06870E+03
122.0 1.76881E+03
122.5 1.47036E+03
123.0 1.17335E+03
123.5 8.77800E+02
124.0 5.83727E+02
124.5 2.91143E+02
125.0 2.42253E+01
