125K21D0W2
  0.5 0.00000E+00
  1.0 0.00000E+00
  1.5 0.00000E+00
  2.0 0.00000E+00
  2.5 0.00000E+00
  3.0 0.00000E+00
  3.5 3.59675E+04
  4.0 4.63866E+04
  4.5 5.73559E+04
  5.0 6.88779E+04
  5.5 8.09621E+04
  6.0 9.36269E+04
  6.5 1.06902E+05
  7.0 1.20837E+05
  7.5 1.35500E+05
  8.0 1.50985E+05
  8.5 2.69091E+06
  9.0 1.84701E+05
  9.5 2.09714E+06
 10.0 1.74659E+06
 10.5 8.51073E+04
 11.0 9.16245E+04
 11.5 2.72383E+05
 12.0 7.05222E+04
 12.5 6.57517E+04
 13.0 6.99099E+04
 13.5 7.41759E+04
 14.0 7.85531E+04
 14.5 8.30414E+04
 15.0 8.76372E+04
 15.5 9.23309E+04
 16.0 9.71067E+04
 16.5 1.01942E+05
 17.0 1.06808E+05
 17.5 1.11672E+05
 18.0 1.16494E+05
 18.5 1.21237E+05
 19.0 1.25859E+05
 19.5 1.30322E+05
 20.0 1.34592E+05
 20.5 1.38634E+05
 21.0 1.42424E+05
 21.5 1.45937E+05
 22.0 1.49156E+05
 22.5 1.52071E+05
 23.0 1.54673E+05
 23.5 1.56959E+05
 24.0 1.58931E+05
 24.5 1.60593E+05
 25.0 1.61953E+05
 25.5 1.63020E+05
 26.0 1.63808E+05
 26.5 1.64329E+05
 27.0 1.64597E+05
 27.5 1.64629E+05
 28.0 1.64438E+05
 28.5 1.64042E+05
 29.0 1.63456E+05
 29.5 1.62695E+05
 30.0 1.61774E+05
 30.5 1.60707E+05
 31.0 1.59509E+05
 31.5 1.58193E+05
 32.0 1.56771E+05
 32.5 1.55255E+05
 33.0 1.53656E+05
 33.5 1.51984E+05
 34.0 1.50249E+05
 34.5 1.48461E+05
 35.0 1.46626E+05
 35.5 1.44754E+05
 36.0 1.42850E+05
 36.5 1.40921E+05
 37.0 1.38974E+05
 37.5 1.37013E+05
 38.0 1.35043E+05
 38.5 1.33069E+05
 39.0 1.31094E+05
 39.5 1.29123E+05
 40.0 1.27158E+05
 40.5 1.25202E+05
 41.0 1.23258E+05
 41.5 1.21329E+05
 42.0 1.19415E+05
 42.5 1.17519E+05
 43.0 1.15643E+05
 43.5 1.13788E+05
 44.0 1.11955E+05
 44.5 1.10145E+05
 45.0 1.08358E+05
 45.5 1.06596E+05
 46.0 1.04859E+05
 46.5 1.03148E+05
 47.0 1.01463E+05
 47.5 9.98033E+04
 48.0 9.81704E+04
 48.5 9.65639E+04
 49.0 9.49839E+04
 49.5 9.34303E+04
 50.0 9.19031E+04
 50.5 9.04021E+04
 51.0 8.89271E+04
 51.5 8.74779E+04
 52.0 8.60542E+04
 52.5 8.46559E+04
 53.0 8.32824E+04
 53.5 8.19337E+04
 54.0 8.06092E+04
 54.5 7.93087E+04
 55.0 7.80317E+04
 55.5 7.67778E+04
 56.0 7.55467E+04
 56.5 7.43380E+04
 57.0 7.31511E+04
 57.5 7.19859E+04
 58.0 3.59009E+05
 58.5 6.97181E+04
 59.0 6.86147E+04
 59.5 5.72654E+05
 60.0 6.64672E+04
 60.5 6.54220E+04
 61.0 6.43955E+04
 61.5 6.33871E+04
 62.0 6.23964E+04
 62.5 6.14231E+04
 63.0 6.04667E+04
 63.5 5.95268E+04
 64.0 5.86031E+04
 64.5 5.76951E+04
 65.0 5.68026E+04
 65.5 5.59251E+04
 66.0 5.50622E+04
 66.5 5.42136E+04
 67.0 2.22607E+05
 67.5 5.25580E+04
 68.0 5.17502E+04
 68.5 5.09554E+04
 69.0 9.48422E+04
 69.5 4.81190E+04
 70.0 4.10791E+04
 70.5 4.06064E+04
 71.0 4.01357E+04
 71.5 3.96673E+04
 72.0 3.92011E+04
 72.5 3.87370E+04
 73.0 3.82752E+04
 73.5 3.78156E+04
 74.0 3.73582E+04
 74.5 3.69031E+04
 75.0 3.64501E+04
 75.5 3.59994E+04
 76.0 3.55509E+04
 76.5 3.51046E+04
 77.0 3.46605E+04
 77.5 3.42185E+04
 78.0 3.37788E+04
 78.5 3.33412E+04
 79.0 3.29057E+04
 79.5 3.24724E+04
 80.0 3.20412E+04
 80.5 3.16121E+04
 81.0 3.11850E+04
 81.5 3.07601E+04
 82.0 3.03372E+04
 82.5 2.99163E+04
 83.0 2.94974E+04
 83.5 2.90805E+04
 84.0 2.86655E+04
 84.5 2.82525E+04
 85.0 2.78415E+04
 85.5 2.74323E+04
 86.0 2.70250E+04
 86.5 2.66196E+04
 87.0 2.62161E+04
 87.5 2.58143E+04
 88.0 2.54144E+04
 88.5 2.50163E+04
 89.0 2.46199E+04
 89.5 2.42253E+04
 90.0 2.38324E+04
 90.5 2.34412E+04
 91.0 2.30518E+04
 91.5 2.26640E+04
 92.0 2.22778E+04
 92.5 2.18933E+04
 93.0 2.15104E+04
 93.5 2.11292E+04
 94.0 2.07495E+04
 94.5 2.03714E+04
 95.0 1.99949E+04
 95.5 1.96199E+04
 96.0 1.92464E+04
 96.5 1.88745E+04
 97.0 1.85041E+04
 97.5 1.81352E+04
 98.0 1.77677E+04
 98.5 1.74018E+04
 99.0 1.70373E+04
 99.5 1.66742E+04
100.0 1.63126E+04
100.5 1.59524E+04
101.0 1.55937E+04
101.5 1.52363E+04
102.0 1.48804E+04
102.5 1.45258E+04
103.0 1.41727E+04
103.5 1.38209E+04
104.0 1.34706E+04
104.5 1.31216E+04
105.0 1.27739E+04
105.5 1.24277E+04
106.0 1.20828E+04
106.5 1.17393E+04
107.0 1.13971E+04
107.5 1.10563E+04
108.0 1.07168E+04
108.5 1.03787E+04
109.0 1.00419E+04
109.5 9.70653E+03
110.0 9.37248E+03
110.5 9.03978E+03
111.0 8.70843E+03
111.5 8.37845E+03
112.0 8.04982E+03
112.5 7.72256E+03
113.0 7.39666E+03
113.5 7.07212E+03
114.0 6.74897E+03
114.5 6.42718E+03
115.0 6.10678E+03
115.5 5.78777E+03
116.0 5.47015E+03
116.5 5.15393E+03
117.0 4.83911E+03
117.5 4.52571E+03
118.0 4.21372E+03
118.5 3.90317E+03
119.0 3.59405E+03
119.5 3.28637E+03
120.0 2.98015E+03
120.5 2.67539E+03
121.0 2.37210E+03
121.5 2.07030E+03
122.0 1.76998E+03
122.5 1.47117E+03
123.0 1.17388E+03
123.5 8.78106E+02
124.0 5.83872E+02
124.5 2.91188E+02
125.0 2.42276E+01
