125K20D0W2
  0.5 0.00000E+00
  1.0 0.00000E+00
  1.5 0.00000E+00
  2.0 0.00000E+00
  2.5 0.00000E+00
  3.0 0.00000E+00
  3.5 3.37905E+04
  4.0 4.36869E+04
  4.5 5.40950E+04
  5.0 6.50146E+04
  5.5 7.64525E+04
  6.0 8.84228E+04
  6.5 1.00949E+05
  7.0 1.14070E+05
  7.5 1.27842E+05
  8.0 1.42343E+05
  8.5 2.41954E+06
  9.0 1.73821E+05
  9.5 1.94333E+06
 10.0 1.61891E+06
 10.5 8.03360E+04
 11.0 8.64557E+04
 11.5 2.45616E+05
 12.0 6.65804E+04
 12.5 6.20817E+04
 13.0 6.59918E+04
 13.5 6.99986E+04
 14.0 7.41054E+04
 14.5 7.83136E+04
 15.0 8.26219E+04
 15.5 8.70244E+04
 16.0 9.15099E+04
 16.5 9.60613E+04
 17.0 1.00656E+05
 17.5 1.05265E+05
 18.0 1.09858E+05
 18.5 1.14398E+05
 19.0 1.18850E+05
 19.5 1.23177E+05
 20.0 1.27345E+05
 20.5 1.31323E+05
 21.0 1.35083E+05
 21.5 1.38600E+05
 22.0 1.41856E+05
 22.5 1.44835E+05
 23.0 1.47529E+05
 23.5 1.49930E+05
 24.0 1.52037E+05
 24.5 1.53852E+05
 25.0 1.55379E+05
 25.5 1.56626E+05
 26.0 1.57602E+05
 26.5 1.58317E+05
 27.0 1.58785E+05
 27.5 1.59019E+05
 28.0 1.59032E+05
 28.5 1.58839E+05
 29.0 1.58455E+05
 29.5 1.57893E+05
 30.0 1.57168E+05
 30.5 1.56293E+05
 31.0 1.55282E+05
 31.5 1.54148E+05
 32.0 1.52902E+05
 32.5 1.51557E+05
 33.0 1.50123E+05
 33.5 1.48610E+05
 34.0 1.47028E+05
 34.5 1.45386E+05
 35.0 1.43693E+05
 35.5 1.41955E+05
 36.0 1.40180E+05
 36.5 1.38375E+05
 37.0 1.36546E+05
 37.5 1.34697E+05
 38.0 1.32835E+05
 38.5 1.30963E+05
 39.0 1.29087E+05
 39.5 1.27208E+05
 40.0 1.25332E+05
 40.5 1.23461E+05
 41.0 1.21598E+05
 41.5 1.19745E+05
 42.0 1.17905E+05
 42.5 1.16078E+05
 43.0 1.14268E+05
 43.5 1.12476E+05
 44.0 1.10703E+05
 44.5 1.08949E+05
 45.0 1.07217E+05
 45.5 1.05507E+05
 46.0 1.03819E+05
 46.5 1.02154E+05
 47.0 1.00513E+05
 47.5 9.88963E+04
 48.0 9.73037E+04
 48.5 9.57356E+04
 49.0 9.41921E+04
 49.5 9.26733E+04
 50.0 9.11792E+04
 50.5 8.97098E+04
 51.0 8.82648E+04
 51.5 8.68443E+04
 52.0 8.54480E+04
 52.5 8.40757E+04
 53.0 8.27272E+04
 53.5 8.14021E+04
 54.0 8.01003E+04
 54.5 7.88213E+04
 55.0 7.75649E+04
 55.5 7.63307E+04
 56.0 7.51184E+04
 56.5 7.39275E+04
 57.0 7.27578E+04
 57.5 7.16089E+04
 58.0 3.56049E+05
 58.5 6.93716E+04
 59.0 6.82826E+04
 59.5 5.68043E+05
 60.0 6.61617E+04
 60.5 6.51291E+04
 61.0 6.41144E+04
 61.5 6.31175E+04
 62.0 6.21377E+04
 62.5 6.11749E+04
 63.0 6.02285E+04
 63.5 5.92982E+04
 64.0 5.83837E+04
 64.5 5.74846E+04
 65.0 5.66005E+04
 65.5 5.57311E+04
 66.0 5.48760E+04
 66.5 5.40348E+04
 67.0 2.21393E+05
 67.5 5.23931E+04
 68.0 5.15919E+04
 68.5 5.08034E+04
 69.0 9.44415E+04
 69.5 4.79210E+04
 70.0 4.06035E+04
 70.5 4.01468E+04
 71.0 3.96917E+04
 71.5 3.92383E+04
 72.0 3.87868E+04
 72.5 3.83369E+04
 73.0 3.78889E+04
 73.5 3.74426E+04
 74.0 3.69982E+04
 74.5 3.65556E+04
 75.0 3.61148E+04
 75.5 3.56759E+04
 76.0 3.52388E+04
 76.5 3.48036E+04
 77.0 3.43702E+04
 77.5 3.39387E+04
 78.0 3.35090E+04
 78.5 3.30812E+04
 79.0 3.26552E+04
 79.5 3.22311E+04
 80.0 3.18087E+04
 80.5 3.13882E+04
 81.0 3.09695E+04
 81.5 3.05526E+04
 82.0 3.01375E+04
 82.5 2.97241E+04
 83.0 2.93126E+04
 83.5 2.89027E+04
 84.0 2.84946E+04
 84.5 2.80883E+04
 85.0 2.76836E+04
 85.5 2.72807E+04
 86.0 2.68794E+04
 86.5 2.64798E+04
 87.0 2.60818E+04
 87.5 2.56855E+04
 88.0 2.52909E+04
 88.5 2.48978E+04
 89.0 2.45063E+04
 89.5 2.41164E+04
 90.0 2.37281E+04
 90.5 2.33414E+04
 91.0 2.29561E+04
 91.5 2.25725E+04
 92.0 2.21903E+04
 92.5 2.18096E+04
 93.0 2.14305E+04
 93.5 2.10528E+04
 94.0 2.06765E+04
 94.5 2.03018E+04
 95.0 1.99284E+04
 95.5 1.95565E+04
 96.0 1.91861E+04
 96.5 1.88170E+04
 97.0 1.84493E+04
 97.5 1.80831E+04
 98.0 1.77182E+04
 98.5 1.73547E+04
 99.0 1.69926E+04
 99.5 1.66318E+04
100.0 1.62724E+04
100.5 1.59143E+04
101.0 1.55576E+04
101.5 1.52022E+04
102.0 1.48481E+04
102.5 1.44954E+04
103.0 1.41440E+04
103.5 1.37939E+04
104.0 1.34451E+04
104.5 1.30976E+04
105.0 1.27514E+04
105.5 1.24065E+04
106.0 1.20630E+04
106.5 1.17207E+04
107.0 1.13798E+04
107.5 1.10401E+04
108.0 1.07017E+04
108.5 1.03647E+04
109.0 1.00289E+04
109.5 9.69447E+03
110.0 9.36132E+03
110.5 9.02948E+03
111.0 8.69895E+03
111.5 8.36974E+03
112.0 8.04184E+03
112.5 7.71527E+03
113.0 7.39002E+03
113.5 7.06610E+03
114.0 6.74352E+03
114.5 6.42228E+03
115.0 6.10238E+03
115.5 5.78384E+03
116.0 5.46666E+03
116.5 5.15085E+03
117.0 4.83642E+03
117.5 4.52336E+03
118.0 4.21170E+03
118.5 3.90144E+03
119.0 3.59259E+03
119.5 3.28516E+03
120.0 2.97916E+03
120.5 2.67459E+03
121.0 2.37147E+03
121.5 2.06982E+03
122.0 1.76963E+03
122.5 1.47093E+03
123.0 1.17372E+03
123.5 8.78014E+02
124.0 5.83829E+02
124.5 2.91175E+02
125.0 2.42269E+01
