126K08D0W2
  0.5 0.00000E+00
  1.0 0.00000E+00
  1.5 0.00000E+00
  2.0 0.00000E+00
  2.5 0.00000E+00
  3.0 0.00000E+00
  3.5 9.73205E+03
  4.0 1.37053E+04
  4.5 1.78610E+04
  5.0 2.21642E+04
  5.5 2.66002E+04
  6.0 3.11619E+04
  6.5 3.58451E+04
  7.0 4.06469E+04
  7.5 4.55652E+04
  8.0 5.05988E+04
  8.5 1.30305E+05
  9.0 6.10111E+04
  9.5 2.22079E+05
 10.0 1.91401E+05
 10.5 2.87148E+04
 11.0 3.08968E+04
 11.5 3.41308E+04
 12.0 2.38251E+04
 12.5 2.22225E+04
 13.0 2.36367E+04
 13.5 2.50665E+04
 14.0 2.65118E+04
 14.5 2.79724E+04
 15.0 2.94482E+04
 15.5 3.09390E+04
 16.0 3.24448E+04
 16.5 3.39654E+04
 17.0 3.55007E+04
 17.5 3.70508E+04
 18.0 3.86155E+04
 18.5 4.01948E+04
 19.0 4.17885E+04
 19.5 4.33964E+04
 20.0 4.50179E+04
 20.5 4.66525E+04
 21.0 4.82988E+04
 21.5 4.99553E+04
 22.0 5.16200E+04
 22.5 5.32899E+04
 23.0 5.49618E+04
 23.5 5.66318E+04
 24.0 5.82952E+04
 24.5 5.99471E+04
 25.0 6.15821E+04
 25.5 6.31944E+04
 26.0 6.47781E+04
 26.5 6.63274E+04
 27.0 6.78362E+04
 27.5 6.92990E+04
 28.0 7.07103E+04
 28.5 7.20652E+04
 29.0 7.33591E+04
 29.5 7.45880E+04
 30.0 7.57483E+04
 30.5 7.68373E+04
 31.0 7.78524E+04
 31.5 7.87921E+04
 32.0 7.96550E+04
 32.5 8.04405E+04
 33.0 8.11484E+04
 33.5 8.17791E+04
 34.0 8.23332E+04
 34.5 8.28119E+04
 35.0 8.32165E+04
 35.5 8.35487E+04
 36.0 8.38107E+04
 36.5 8.40046E+04
 37.0 8.41328E+04
 37.5 8.41978E+04
 38.0 8.42022E+04
 38.5 8.41487E+04
 39.0 8.40401E+04
 39.5 8.38791E+04
 40.0 8.36686E+04
 40.5 8.34113E+04
 41.0 8.31100E+04
 41.5 8.27673E+04
 42.0 8.23858E+04
 42.5 8.19682E+04
 43.0 8.15170E+04
 43.5 8.10345E+04
 44.0 8.05231E+04
 44.5 7.99850E+04
 45.0 7.94224E+04
 45.5 7.88373E+04
 46.0 7.82316E+04
 46.5 7.76074E+04
 47.0 7.69662E+04
 47.5 7.63098E+04
 48.0 7.56398E+04
 48.5 7.49577E+04
 49.0 7.42649E+04
 49.5 7.35627E+04
 50.0 7.28523E+04
 50.5 7.21350E+04
 51.0 7.14118E+04
 51.5 7.06838E+04
 52.0 6.99518E+04
 52.5 6.92169E+04
 53.0 6.84798E+04
 53.5 6.77413E+04
 54.0 6.70021E+04
 54.5 6.62629E+04
 55.0 6.55243E+04
 55.5 6.47868E+04
 56.0 6.40509E+04
 56.5 6.33172E+04
 57.0 6.25860E+04
 57.5 6.18578E+04
 58.0 2.82082E+05
 58.5 6.04116E+04
 59.0 5.96942E+04
 59.5 4.52951E+05
 60.0 5.82724E+04
 60.5 5.75684E+04
 61.0 5.68691E+04
 61.5 5.61749E+04
 62.0 5.54859E+04
 62.5 5.48021E+04
 63.0 5.41237E+04
 63.5 5.34508E+04
 64.0 5.27835E+04
 64.5 5.21218E+04
 65.0 5.14657E+04
 65.5 5.08154E+04
 66.0 5.01708E+04
 66.5 4.95319E+04
 67.0 1.91394E+05
 67.5 4.82715E+04
 68.0 4.76498E+04
 68.5 4.70340E+04
 69.0 8.46085E+04
 69.5 4.31007E+04
 70.0 2.91512E+04
 70.5 2.90347E+04
 71.0 2.89129E+04
 71.5 2.87858E+04
 72.0 2.86537E+04
 72.5 2.85165E+04
 73.0 2.83743E+04
 73.5 2.82272E+04
 74.0 2.80753E+04
 74.5 2.79187E+04
 75.0 2.77573E+04
 75.5 2.75914E+04
 76.0 2.74211E+04
 76.5 2.72463E+04
 77.0 2.70671E+04
 77.5 2.68838E+04
 78.0 2.66963E+04
 78.5 2.65047E+04
 79.0 2.63091E+04
 79.5 2.61097E+04
 80.0 2.59064E+04
 80.5 2.56994E+04
 81.0 2.54887E+04
 81.5 2.52745E+04
 82.0 2.50569E+04
 82.5 2.48358E+04
 83.0 2.46114E+04
 83.5 2.43839E+04
 84.0 2.41531E+04
 84.5 2.39193E+04
 85.0 2.36825E+04
 85.5 2.34429E+04
 86.0 2.32003E+04
 86.5 2.29551E+04
 87.0 2.27072E+04
 87.5 2.24566E+04
 88.0 2.22036E+04
 88.5 2.19481E+04
 89.0 2.16903E+04
 89.5 2.14301E+04
 90.0 2.11677E+04
 90.5 2.09032E+04
 91.0 2.06365E+04
 91.5 2.03679E+04
 92.0 2.00973E+04
 92.5 1.98248E+04
 93.0 1.95505E+04
 93.5 1.92744E+04
 94.0 1.89966E+04
 94.5 1.87172E+04
 95.0 1.84362E+04
 95.5 1.81537E+04
 96.0 1.78698E+04
 96.5 1.75845E+04
 97.0 1.72978E+04
 97.5 1.70099E+04
 98.0 1.67207E+04
 98.5 1.64304E+04
 99.0 1.61389E+04
 99.5 1.58464E+04
100.0 1.55529E+04
100.5 1.52585E+04
101.0 1.49631E+04
101.5 1.46669E+04
102.0 1.43699E+04
102.5 1.40721E+04
103.0 1.37737E+04
103.5 1.34745E+04
104.0 1.31748E+04
104.5 1.28745E+04
105.0 1.25737E+04
105.5 1.22724E+04
106.0 1.19707E+04
106.5 1.16686E+04
107.0 1.13662E+04
107.5 1.10634E+04
108.0 1.07604E+04
108.5 1.04572E+04
109.0 1.01538E+04
109.5 9.85032E+03
110.0 9.54670E+03
110.5 9.24304E+03
111.0 8.93936E+03
111.5 8.63571E+03
112.0 8.33211E+03
112.5 8.02862E+03
113.0 7.72526E+03
113.5 7.42208E+03
114.0 7.11910E+03
114.5 6.81638E+03
115.0 6.51393E+03
115.5 6.21180E+03
116.0 5.91003E+03
116.5 5.60864E+03
117.0 5.30768E+03
117.5 5.00717E+03
118.0 4.70715E+03
118.5 4.40765E+03
119.0 4.10871E+03
119.5 3.81036E+03
120.0 3.51263E+03
120.5 3.21556E+03
121.0 2.91917E+03
121.5 2.62351E+03
122.0 2.32859E+03
122.5 2.03446E+03
123.0 1.74114E+03
123.5 1.44866E+03
124.0 1.15706E+03
124.5 8.66373E+02
125.0 5.76618E+02
125.5 2.87831E+02
126.0 2.39614E+01
