126K06D0W2
  0.5 0.00000E+00
  1.0 0.00000E+00
  1.5 0.00000E+00
  2.0 0.00000E+00
  2.5 0.00000E+00
  3.0 0.00000E+00
  3.5 6.17675E+03
  4.0 9.16042E+03
  4.5 1.23134E+04
  5.0 1.55842E+04
  5.5 1.89503E+04
  6.0 2.24013E+04
  6.5 2.59314E+04
  7.0 2.95369E+04
  7.5 3.32150E+04
  8.0 3.69636E+04
  8.5 5.23082E+04
  9.0 4.46654E+04
  9.5 8.99383E+04
 10.0 8.06591E+04
 10.5 2.09139E+04
 11.0 2.25460E+04
 11.5 2.30926E+04
 12.0 1.73470E+04
 12.5 1.61753E+04
 13.0 1.72356E+04
 13.5 1.83052E+04
 14.0 1.93838E+04
 14.5 2.04713E+04
 15.0 2.15674E+04
 15.5 2.26720E+04
 16.0 2.37849E+04
 16.5 2.49058E+04
 17.0 2.60345E+04
 17.5 2.71709E+04
 18.0 2.83148E+04
 18.5 2.94658E+04
 19.0 3.06240E+04
 19.5 3.17891E+04
 20.0 3.29609E+04
 20.5 3.41391E+04
 21.0 3.53237E+04
 21.5 3.65141E+04
 22.0 3.77101E+04
 22.5 3.89112E+04
 23.0 4.01166E+04
 23.5 4.13254E+04
 24.0 4.25365E+04
 24.5 4.37486E+04
 25.0 4.49599E+04
 25.5 4.61685E+04
 26.0 4.73722E+04
 26.5 4.85685E+04
 27.0 4.97546E+04
 27.5 5.09276E+04
 28.0 5.20843E+04
 28.5 5.32217E+04
 29.0 5.43364E+04
 29.5 5.54252E+04
 30.0 5.64849E+04
 30.5 5.75126E+04
 31.0 5.85051E+04
 31.5 5.94600E+04
 32.0 6.03746E+04
 32.5 6.12468E+04
 33.0 6.20746E+04
 33.5 6.28562E+04
 34.0 6.35904E+04
 34.5 6.42760E+04
 35.0 6.49122E+04
 35.5 6.54984E+04
 36.0 6.60345E+04
 36.5 6.65204E+04
 37.0 6.69562E+04
 37.5 6.73426E+04
 38.0 6.76799E+04
 38.5 6.79692E+04
 39.0 6.82113E+04
 39.5 6.84074E+04
 40.0 6.85586E+04
 40.5 6.86663E+04
 41.0 6.87319E+04
 41.5 6.87569E+04
 42.0 6.87428E+04
 42.5 6.86912E+04
 43.0 6.86036E+04
 43.5 6.84817E+04
 44.0 6.83270E+04
 44.5 6.81412E+04
 45.0 6.79260E+04
 45.5 6.76827E+04
 46.0 6.74131E+04
 46.5 6.71185E+04
 47.0 6.68005E+04
 47.5 6.64606E+04
 48.0 6.61000E+04
 48.5 6.57203E+04
 49.0 6.53226E+04
 49.5 6.49082E+04
 50.0 6.44784E+04
 50.5 6.40342E+04
 51.0 6.35769E+04
 51.5 6.31074E+04
 52.0 6.26268E+04
 52.5 6.21360E+04
 53.0 6.16360E+04
 53.5 6.11275E+04
 54.0 6.06116E+04
 54.5 6.00888E+04
 55.0 5.95600E+04
 55.5 5.90258E+04
 56.0 5.84869E+04
 56.5 5.79439E+04
 57.0 5.73975E+04
 57.5 5.68481E+04
 58.0 2.45452E+05
 58.5 5.57423E+04
 59.0 5.51869E+04
 59.5 3.94958E+05
 60.0 5.40733E+04
 60.5 5.35157E+04
 61.0 5.29581E+04
 61.5 5.24008E+04
 62.0 5.18440E+04
 62.5 5.12882E+04
 63.0 5.07334E+04
 63.5 5.01799E+04
 64.0 4.96279E+04
 64.5 4.90777E+04
 65.0 4.85293E+04
 65.5 4.79830E+04
 66.0 4.74389E+04
 66.5 4.68972E+04
 67.0 1.74516E+05
 67.5 4.58211E+04
 68.0 4.52870E+04
 68.5 4.47556E+04
 69.0 7.88439E+04
 69.5 4.05550E+04
 70.0 2.45523E+04
 70.5 2.45308E+04
 71.0 2.45038E+04
 71.5 2.44713E+04
 72.0 2.44333E+04
 72.5 2.43898E+04
 73.0 2.43409E+04
 73.5 2.42864E+04
 74.0 2.42265E+04
 74.5 2.41611E+04
 75.0 2.40903E+04
 75.5 2.40141E+04
 76.0 2.39326E+04
 76.5 2.38457E+04
 77.0 2.37535E+04
 77.5 2.36561E+04
 78.0 2.35534E+04
 78.5 2.34456E+04
 79.0 2.33327E+04
 79.5 2.32148E+04
 80.0 2.30919E+04
 80.5 2.29640E+04
 81.0 2.28313E+04
 81.5 2.26938E+04
 82.0 2.25515E+04
 82.5 2.24046E+04
 83.0 2.22531E+04
 83.5 2.20970E+04
 84.0 2.19366E+04
 84.5 2.17717E+04
 85.0 2.16025E+04
 85.5 2.14291E+04
 86.0 2.12516E+04
 86.5 2.10699E+04
 87.0 2.08843E+04
 87.5 2.06948E+04
 88.0 2.05014E+04
 88.5 2.03043E+04
 89.0 2.01034E+04
 89.5 1.98990E+04
 90.0 1.96911E+04
 90.5 1.94797E+04
 91.0 1.92649E+04
 91.5 1.90469E+04
 92.0 1.88257E+04
 92.5 1.86013E+04
 93.0 1.83739E+04
 93.5 1.81435E+04
 94.0 1.79102E+04
 94.5 1.76741E+04
 95.0 1.74352E+04
 95.5 1.71937E+04
 96.0 1.69496E+04
 96.5 1.67030E+04
 97.0 1.64539E+04
 97.5 1.62025E+04
 98.0 1.59487E+04
 98.5 1.56928E+04
 99.0 1.54347E+04
 99.5 1.51745E+04
100.0 1.49123E+04
100.5 1.46482E+04
101.0 1.43821E+04
101.5 1.41143E+04
102.0 1.38448E+04
102.5 1.35735E+04
103.0 1.33007E+04
103.5 1.30263E+04
104.0 1.27504E+04
104.5 1.24732E+04
105.0 1.21945E+04
105.5 1.19146E+04
106.0 1.16335E+04
106.5 1.13512E+04
107.0 1.10677E+04
107.5 1.07833E+04
108.0 1.04978E+04
108.5 1.02114E+04
109.0 9.92415E+03
109.5 9.63605E+03
110.0 9.34720E+03
110.5 9.05762E+03
111.0 8.76740E+03
111.5 8.47658E+03
112.0 8.18520E+03
112.5 7.89333E+03
113.0 7.60101E+03
113.5 7.30829E+03
114.0 7.01523E+03
114.5 6.72188E+03
115.0 6.42828E+03
115.5 6.13448E+03
116.0 5.84054E+03
116.5 5.54649E+03
117.0 5.25239E+03
117.5 4.95829E+03
118.0 4.66422E+03
118.5 4.37023E+03
119.0 4.07638E+03
119.5 3.78269E+03
120.0 3.48923E+03
120.5 3.19603E+03
121.0 2.90313E+03
121.5 2.61057E+03
122.0 2.31841E+03
122.5 2.02667E+03
123.0 1.73541E+03
123.5 1.44466E+03
124.0 1.15447E+03
124.5 8.64870E+02
125.0 5.75903E+02
125.5 2.87611E+02
126.0 2.39499E+01
