126K12D0W2
  0.5 0.00000E+00
  1.0 0.00000E+00
  1.5 0.00000E+00
  2.0 0.00000E+00
  2.5 0.00000E+00
  3.0 0.00000E+00
  3.5 1.72651E+04
  4.0 2.31568E+04
  4.5 2.93067E+04
  5.0 3.56972E+04
  5.5 4.23210E+04
  6.0 4.91749E+04
  6.5 5.62579E+04
  7.0 6.35708E+04
  7.5 7.11167E+04
  8.0 7.89019E+04
  8.5 5.73595E+05
  9.0 9.52367E+04
  9.5 6.94211E+05
 10.0 5.83363E+05
 10.5 4.48211E+04
 11.0 4.81704E+04
 11.5 7.49725E+04
 12.0 3.71899E+04
 12.5 3.46932E+04
 13.0 3.68549E+04
 13.5 3.90496E+04
 14.0 4.12778E+04
 14.5 4.35399E+04
 15.0 4.58364E+04
 15.5 4.81679E+04
 16.0 5.05352E+04
 16.5 5.29387E+04
 17.0 5.53786E+04
 17.5 5.78546E+04
 18.0 6.03654E+04
 18.5 6.29086E+04
 19.0 6.54804E+04
 19.5 6.80753E+04
 20.0 7.06862E+04
 20.5 7.33043E+04
 21.0 7.59193E+04
 21.5 7.85195E+04
 22.0 8.10925E+04
 22.5 8.36250E+04
 23.0 8.61037E+04
 23.5 8.85155E+04
 24.0 9.08476E+04
 24.5 9.30881E+04
 25.0 9.52262E+04
 25.5 9.72522E+04
 26.0 9.91580E+04
 26.5 1.00937E+05
 27.0 1.02583E+05
 27.5 1.04093E+05
 28.0 1.05464E+05
 28.5 1.06694E+05
 29.0 1.07785E+05
 29.5 1.08737E+05
 30.0 1.09551E+05
 30.5 1.10232E+05
 31.0 1.10781E+05
 31.5 1.11205E+05
 32.0 1.11507E+05
 32.5 1.11692E+05
 33.0 1.11766E+05
 33.5 1.11734E+05
 34.0 1.11603E+05
 34.5 1.11378E+05
 35.0 1.11064E+05
 35.5 1.10668E+05
 36.0 1.10195E+05
 36.5 1.09650E+05
 37.0 1.09040E+05
 37.5 1.08369E+05
 38.0 1.07642E+05
 38.5 1.06864E+05
 39.0 1.06040E+05
 39.5 1.05174E+05
 40.0 1.04270E+05
 40.5 1.03332E+05
 41.0 1.02364E+05
 41.5 1.01369E+05
 42.0 1.00351E+05
 42.5 9.93127E+04
 43.0 9.82567E+04
 43.5 9.71858E+04
 44.0 9.61025E+04
 44.5 9.50091E+04
 45.0 9.39079E+04
 45.5 9.28007E+04
 46.0 9.16894E+04
 46.5 9.05756E+04
 47.0 8.94609E+04
 47.5 8.83467E+04
 48.0 8.72344E+04
 48.5 8.61250E+04
 49.0 8.50195E+04
 49.5 8.39192E+04
 50.0 8.28248E+04
 50.5 8.17370E+04
 51.0 8.06567E+04
 51.5 7.95844E+04
 52.0 7.85206E+04
 52.5 7.74660E+04
 53.0 7.64210E+04
 53.5 7.53858E+04
 54.0 7.43610E+04
 54.5 7.33467E+04
 55.0 7.23433E+04
 55.5 7.13508E+04
 56.0 7.03695E+04
 56.5 6.93995E+04
 57.0 6.84410E+04
 57.5 6.74939E+04
 58.0 3.24841E+05
 58.5 6.56343E+04
 59.0 6.47219E+04
 59.5 5.20216E+05
 60.0 6.29315E+04
 60.5 6.20536E+04
 61.0 6.11870E+04
 61.5 6.03317E+04
 62.0 5.94875E+04
 62.5 5.86545E+04
 63.0 5.78325E+04
 63.5 5.70213E+04
 64.0 5.62209E+04
 64.5 5.54310E+04
 65.0 5.46516E+04
 65.5 5.38825E+04
 66.0 5.31236E+04
 66.5 5.23746E+04
 67.0 2.10154E+05
 67.5 5.09061E+04
 68.0 5.01862E+04
 68.5 4.94756E+04
 69.0 9.09148E+04
 69.5 4.59913E+04
 70.0 3.50612E+04
 70.5 3.47916E+04
 71.0 3.45191E+04
 71.5 3.42436E+04
 72.0 3.39654E+04
 72.5 3.36845E+04
 73.0 3.34010E+04
 73.5 3.31150E+04
 74.0 3.28267E+04
 74.5 3.25361E+04
 75.0 3.22432E+04
 75.5 3.19483E+04
 76.0 3.16514E+04
 76.5 3.13525E+04
 77.0 3.10518E+04
 77.5 3.07493E+04
 78.0 3.04451E+04
 78.5 3.01392E+04
 79.0 2.98319E+04
 79.5 2.95230E+04
 80.0 2.92128E+04
 80.5 2.89012E+04
 81.0 2.85883E+04
 81.5 2.82742E+04
 82.0 2.79590E+04
 82.5 2.76426E+04
 83.0 2.73252E+04
 83.5 2.70068E+04
 84.0 2.66875E+04
 84.5 2.63674E+04
 85.0 2.60463E+04
 85.5 2.57246E+04
 86.0 2.54020E+04
 86.5 2.50788E+04
 87.0 2.47550E+04
 87.5 2.44306E+04
 88.0 2.41056E+04
 88.5 2.37801E+04
 89.0 2.34541E+04
 89.5 2.31277E+04
 90.0 2.28009E+04
 90.5 2.24737E+04
 91.0 2.21462E+04
 91.5 2.18185E+04
 92.0 2.14905E+04
 92.5 2.11622E+04
 93.0 2.08338E+04
 93.5 2.05053E+04
 94.0 2.01766E+04
 94.5 1.98478E+04
 95.0 1.95189E+04
 95.5 1.91901E+04
 96.0 1.88612E+04
 96.5 1.85323E+04
 97.0 1.82035E+04
 97.5 1.78748E+04
 98.0 1.75462E+04
 98.5 1.72177E+04
 99.0 1.68894E+04
 99.5 1.65612E+04
100.0 1.62333E+04
100.5 1.59056E+04
101.0 1.55781E+04
101.5 1.52509E+04
102.0 1.49240E+04
102.5 1.45975E+04
103.0 1.42713E+04
103.5 1.39454E+04
104.0 1.36200E+04
104.5 1.32949E+04
105.0 1.29703E+04
105.5 1.26462E+04
106.0 1.23225E+04
106.5 1.19993E+04
107.0 1.16767E+04
107.5 1.13546E+04
108.0 1.10330E+04
108.5 1.07121E+04
109.0 1.03917E+04
109.5 1.00719E+04
110.0 9.75283E+03
110.5 9.43439E+03
111.0 9.11663E+03
111.5 8.79957E+03
112.0 8.48324E+03
112.5 8.16764E+03
113.0 7.85281E+03
113.5 7.53876E+03
114.0 7.22552E+03
114.5 6.91309E+03
115.0 6.60151E+03
115.5 6.29079E+03
116.0 5.98095E+03
116.5 5.67201E+03
117.0 5.36400E+03
117.5 5.05692E+03
118.0 4.75081E+03
118.5 4.44567E+03
119.0 4.14154E+03
119.5 3.83843E+03
120.0 3.53636E+03
120.5 3.23535E+03
121.0 2.93542E+03
121.5 2.63659E+03
122.0 2.33888E+03
122.5 2.04232E+03
123.0 1.74692E+03
123.5 1.45270E+03
124.0 1.15968E+03
124.5 8.67887E+02
125.0 5.77338E+02
125.5 2.88053E+02
126.0 2.39730E+01
