126K13D0W2
  0.5 0.00000E+00
  1.0 0.00000E+00
  1.5 0.00000E+00
  2.0 0.00000E+00
  2.5 0.00000E+00
  3.0 0.00000E+00
  3.5 1.92134E+04
  4.0 2.55849E+04
  4.5 3.22398E+04
  5.0 3.91633E+04
  5.5 4.63494E+04
  6.0 5.37960E+04
  6.5 6.15033E+04
  7.0 6.94741E+04
  7.5 7.77141E+04
  8.0 8.62335E+04
  8.5 7.45678E+05
  9.0 1.04180E+05
  9.5 8.39333E+05
 10.0 7.03623E+05
 10.5 4.89718E+04
 11.0 5.26299E+04
 11.5 9.00961E+04
 12.0 4.06315E+04
 12.5 3.79033E+04
 13.0 4.02619E+04
 13.5 4.26591E+04
 14.0 4.50956E+04
 14.5 4.75719E+04
 15.0 5.00893E+04
 15.5 5.26484E+04
 16.0 5.52501E+04
 16.5 5.78950E+04
 17.0 6.05826E+04
 17.5 6.33118E+04
 18.0 6.60799E+04
 18.5 6.88823E+04
 19.0 7.17129E+04
 19.5 7.45629E+04
 20.0 7.74220E+04
 20.5 8.02780E+04
 21.0 8.31171E+04
 21.5 8.59243E+04
 22.0 8.86843E+04
 22.5 9.13814E+04
 23.0 9.40003E+04
 23.5 9.65264E+04
 24.0 9.89464E+04
 24.5 1.01248E+05
 25.0 1.03420E+05
 25.5 1.05455E+05
 26.0 1.07344E+05
 26.5 1.09082E+05
 27.0 1.10666E+05
 27.5 1.12093E+05
 28.0 1.13363E+05
 28.5 1.14475E+05
 29.0 1.15434E+05
 29.5 1.16240E+05
 30.0 1.16898E+05
 30.5 1.17413E+05
 31.0 1.17789E+05
 31.5 1.18034E+05
 32.0 1.18152E+05
 32.5 1.18150E+05
 33.0 1.18035E+05
 33.5 1.17813E+05
 34.0 1.17491E+05
 34.5 1.17076E+05
 35.0 1.16575E+05
 35.5 1.15992E+05
 36.0 1.15336E+05
 36.5 1.14611E+05
 37.0 1.13824E+05
 37.5 1.12980E+05
 38.0 1.12085E+05
 38.5 1.11143E+05
 39.0 1.10158E+05
 39.5 1.09137E+05
 40.0 1.08082E+05
 40.5 1.06998E+05
 41.0 1.05889E+05
 41.5 1.04757E+05
 42.0 1.03607E+05
 42.5 1.02441E+05
 43.0 1.01262E+05
 43.5 1.00073E+05
 44.0 9.88756E+04
 44.5 9.76725E+04
 45.0 9.64655E+04
 45.5 9.52567E+04
 46.0 9.40477E+04
 46.5 9.28400E+04
 47.0 9.16350E+04
 47.5 9.04342E+04
 48.0 8.92386E+04
 48.5 8.80493E+04
 49.0 8.68673E+04
 49.5 8.56933E+04
 50.0 8.45283E+04
 50.5 8.33727E+04
 51.0 8.22274E+04
 51.5 8.10927E+04
 52.0 7.99691E+04
 52.5 7.88572E+04
 53.0 7.77570E+04
 53.5 7.66691E+04
 54.0 7.55936E+04
 54.5 7.45308E+04
 55.0 7.34807E+04
 55.5 7.24435E+04
 56.0 7.14194E+04
 56.5 7.04083E+04
 57.0 6.94102E+04
 57.5 6.84253E+04
 58.0 3.32053E+05
 58.5 6.64945E+04
 59.0 6.55486E+04
 59.5 5.31520E+05
 60.0 6.36953E+04
 60.5 6.27877E+04
 61.0 6.18927E+04
 61.5 6.10101E+04
 62.0 6.01398E+04
 62.5 5.92817E+04
 63.0 5.84355E+04
 63.5 5.76011E+04
 64.0 5.67784E+04
 64.5 5.59671E+04
 65.0 5.51671E+04
 65.5 5.43783E+04
 66.0 5.36004E+04
 66.5 5.28331E+04
 67.0 2.13231E+05
 67.5 5.13302E+04
 68.0 5.05940E+04
 68.5 4.98679E+04
 69.0 9.19400E+04
 69.5 4.64733E+04
 70.0 3.61166E+04
 70.5 3.58165E+04
 71.0 3.55141E+04
 71.5 3.52093E+04
 72.0 3.49025E+04
 72.5 3.45935E+04
 73.0 3.42827E+04
 73.5 3.39700E+04
 74.0 3.36555E+04
 74.5 3.33393E+04
 75.0 3.30216E+04
 75.5 3.27023E+04
 76.0 3.23816E+04
 76.5 3.20596E+04
 77.0 3.17362E+04
 77.5 3.14117E+04
 78.0 3.10860E+04
 78.5 3.07592E+04
 79.0 3.04314E+04
 79.5 3.01027E+04
 80.0 2.97731E+04
 80.5 2.94426E+04
 81.0 2.91114E+04
 81.5 2.87794E+04
 82.0 2.84467E+04
 82.5 2.81135E+04
 83.0 2.77796E+04
 83.5 2.74452E+04
 84.0 2.71103E+04
 84.5 2.67750E+04
 85.0 2.64393E+04
 85.5 2.61032E+04
 86.0 2.57668E+04
 86.5 2.54301E+04
 87.0 2.50931E+04
 87.5 2.47560E+04
 88.0 2.44186E+04
 88.5 2.40811E+04
 89.0 2.37435E+04
 89.5 2.34059E+04
 90.0 2.30681E+04
 90.5 2.27304E+04
 91.0 2.23926E+04
 91.5 2.20549E+04
 92.0 2.17172E+04
 92.5 2.13796E+04
 93.0 2.10421E+04
 93.5 2.07048E+04
 94.0 2.03676E+04
 94.5 2.00306E+04
 95.0 1.96938E+04
 95.5 1.93573E+04
 96.0 1.90210E+04
 96.5 1.86849E+04
 97.0 1.83492E+04
 97.5 1.80138E+04
 98.0 1.76787E+04
 98.5 1.73439E+04
 99.0 1.70096E+04
 99.5 1.66756E+04
100.0 1.63420E+04
100.5 1.60089E+04
101.0 1.56762E+04
101.5 1.53440E+04
102.0 1.50123E+04
102.5 1.46811E+04
103.0 1.43504E+04
103.5 1.40202E+04
104.0 1.36906E+04
104.5 1.33616E+04
105.0 1.30332E+04
105.5 1.27054E+04
106.0 1.23782E+04
106.5 1.20516E+04
107.0 1.17257E+04
107.5 1.14005E+04
108.0 1.10760E+04
108.5 1.07522E+04
109.0 1.04291E+04
109.5 1.01068E+04
110.0 9.78526E+03
110.5 9.46447E+03
111.0 9.14448E+03
111.5 8.82530E+03
112.0 8.50695E+03
112.5 8.18944E+03
113.0 7.87280E+03
113.5 7.55704E+03
114.0 7.24217E+03
114.5 6.92822E+03
115.0 6.61521E+03
115.5 6.30313E+03
116.0 5.99203E+03
116.5 5.68191E+03
117.0 5.37278E+03
117.5 5.06468E+03
118.0 4.75761E+03
118.5 4.45160E+03
119.0 4.14665E+03
119.5 3.84280E+03
120.0 3.54005E+03
120.5 3.23842E+03
121.0 2.93794E+03
121.5 2.63862E+03
122.0 2.34048E+03
122.5 2.04354E+03
123.0 1.74781E+03
123.5 1.45332E+03
124.0 1.16009E+03
124.5 8.68122E+02
125.0 5.77449E+02
125.5 2.88088E+02
126.0 2.39748E+01
