126K15D0W2
  0.5 0.00000E+00
  1.0 0.00000E+00
  1.5 0.00000E+00
  2.0 0.00000E+00
  2.5 0.00000E+00
  3.0 0.00000E+00
  3.5 2.31830E+04
  4.0 3.05221E+04
  4.5 3.82009E+04
  5.0 4.62088E+04
  5.5 5.45428E+04
  6.0 6.32034E+04
  6.5 7.21945E+04
  7.0 8.15242E+04
  7.5 9.12061E+04
  8.0 1.01262E+05
  8.5 1.14905E+06
  9.0 1.22625E+05
  9.5 1.14485E+06
 10.0 9.56776E+05
 10.5 5.74486E+04
 11.0 6.17489E+04
 11.5 1.26021E+05
 12.0 4.76567E+04
 12.5 4.44542E+04
 13.0 4.72210E+04
 13.5 5.00393E+04
 14.0 5.29104E+04
 14.5 5.58358E+04
 15.0 5.88173E+04
 15.5 6.18559E+04
 16.0 6.49523E+04
 16.5 6.81055E+04
 17.0 7.13128E+04
 17.5 7.45692E+04
 18.0 7.78668E+04
 18.5 8.11949E+04
 19.0 8.45401E+04
 19.5 8.78861E+04
 20.0 9.12147E+04
 20.5 9.45063E+04
 21.0 9.77404E+04
 21.5 1.00896E+05
 22.0 1.03954E+05
 22.5 1.06895E+05
 23.0 1.09702E+05
 23.5 1.12359E+05
 24.0 1.14853E+05
 24.5 1.17174E+05
 25.0 1.19313E+05
 25.5 1.21265E+05
 26.0 1.23024E+05
 26.5 1.24591E+05
 27.0 1.25965E+05
 27.5 1.27148E+05
 28.0 1.28143E+05
 28.5 1.28956E+05
 29.0 1.29593E+05
 29.5 1.30059E+05
 30.0 1.30363E+05
 30.5 1.30512E+05
 31.0 1.30514E+05
 31.5 1.30379E+05
 32.0 1.30114E+05
 32.5 1.29728E+05
 33.0 1.29230E+05
 33.5 1.28628E+05
 34.0 1.27930E+05
 34.5 1.27144E+05
 35.0 1.26278E+05
 35.5 1.25339E+05
 36.0 1.24333E+05
 36.5 1.23268E+05
 37.0 1.22149E+05
 37.5 1.20983E+05
 38.0 1.19774E+05
 38.5 1.18529E+05
 39.0 1.17252E+05
 39.5 1.15947E+05
 40.0 1.14619E+05
 40.5 1.13271E+05
 41.0 1.11908E+05
 41.5 1.10532E+05
 42.0 1.09146E+05
 42.5 1.07754E+05
 43.0 1.06357E+05
 43.5 1.04959E+05
 44.0 1.03561E+05
 44.5 1.02165E+05
 45.0 1.00774E+05
 45.5 9.93878E+04
 46.0 9.80090E+04
 46.5 9.66385E+04
 47.0 9.52775E+04
 47.5 9.39272E+04
 48.0 9.25883E+04
 48.5 9.12618E+04
 49.0 8.99483E+04
 49.5 8.86485E+04
 50.0 8.73628E+04
 50.5 8.60918E+04
 51.0 8.48358E+04
 51.5 8.35952E+04
 52.0 8.23703E+04
 52.5 8.11611E+04
 53.0 7.99680E+04
 53.5 7.87909E+04
 54.0 7.76301E+04
 54.5 7.64855E+04
 55.0 7.53571E+04
 55.5 7.42449E+04
 56.0 7.31488E+04
 56.5 7.20688E+04
 57.0 7.10048E+04
 57.5 6.99565E+04
 58.0 3.43998E+05
 58.5 6.79069E+04
 59.0 6.69053E+04
 59.5 5.50215E+05
 60.0 6.49473E+04
 60.5 6.39906E+04
 61.0 6.30485E+04
 61.5 6.21207E+04
 62.0 6.12070E+04
 62.5 6.03072E+04
 63.0 5.94211E+04
 63.5 5.85484E+04
 64.0 5.76888E+04
 64.5 5.68422E+04
 65.0 5.60084E+04
 65.5 5.51869E+04
 66.0 5.43777E+04
 66.5 5.35804E+04
 67.0 2.18277E+05
 67.5 5.20209E+04
 68.0 5.12581E+04
 68.5 5.05064E+04
 69.0 9.36155E+04
 69.5 4.72692E+04
 70.0 3.79021E+04
 70.5 3.75482E+04
 71.0 3.71933E+04
 71.5 3.68373E+04
 72.0 3.64804E+04
 72.5 3.61227E+04
 73.0 3.57642E+04
 73.5 3.54050E+04
 74.0 3.50453E+04
 74.5 3.46850E+04
 75.0 3.43242E+04
 75.5 3.39630E+04
 76.0 3.36014E+04
 76.5 3.32396E+04
 77.0 3.28775E+04
 77.5 3.25153E+04
 78.0 3.21528E+04
 78.5 3.17903E+04
 79.0 3.14278E+04
 79.5 3.10652E+04
 80.0 3.07027E+04
 80.5 3.03402E+04
 81.0 2.99779E+04
 81.5 2.96157E+04
 82.0 2.92536E+04
 82.5 2.88918E+04
 83.0 2.85302E+04
 83.5 2.81688E+04
 84.0 2.78078E+04
 84.5 2.74470E+04
 85.0 2.70866E+04
 85.5 2.67266E+04
 86.0 2.63670E+04
 86.5 2.60077E+04
 87.0 2.56489E+04
 87.5 2.52905E+04
 88.0 2.49326E+04
 88.5 2.45752E+04
 89.0 2.42182E+04
 89.5 2.38618E+04
 90.0 2.35059E+04
 90.5 2.31505E+04
 91.0 2.27958E+04
 91.5 2.24415E+04
 92.0 2.20879E+04
 92.5 2.17349E+04
 93.0 2.13824E+04
 93.5 2.10306E+04
 94.0 2.06794E+04
 94.5 2.03289E+04
 95.0 1.99790E+04
 95.5 1.96298E+04
 96.0 1.92813E+04
 96.5 1.89335E+04
 97.0 1.85863E+04
 97.5 1.82399E+04
 98.0 1.78942E+04
 98.5 1.75492E+04
 99.0 1.72049E+04
 99.5 1.68614E+04
100.0 1.65187E+04
100.5 1.61767E+04
101.0 1.58355E+04
101.5 1.54951E+04
102.0 1.51555E+04
102.5 1.48166E+04
103.0 1.44786E+04
103.5 1.41415E+04
104.0 1.38051E+04
104.5 1.34696E+04
105.0 1.31350E+04
105.5 1.28012E+04
106.0 1.24683E+04
106.5 1.21362E+04
107.0 1.18051E+04
107.5 1.14749E+04
108.0 1.11455E+04
108.5 1.08172E+04
109.0 1.04897E+04
109.5 1.01632E+04
110.0 9.83763E+03
110.5 9.51305E+03
111.0 9.18944E+03
111.5 8.86683E+03
112.0 8.54521E+03
112.5 8.22462E+03
113.0 7.90505E+03
113.5 7.58652E+03
114.0 7.26904E+03
114.5 6.95262E+03
115.0 6.63728E+03
115.5 6.32303E+03
116.0 6.00988E+03
116.5 5.69785E+03
117.0 5.38694E+03
117.5 5.07718E+03
118.0 4.76857E+03
118.5 4.46113E+03
119.0 4.15488E+03
119.5 3.84983E+03
120.0 3.54599E+03
120.5 3.24338E+03
121.0 2.94201E+03
121.5 2.64189E+03
122.0 2.34305E+03
122.5 2.04550E+03
123.0 1.74926E+03
123.5 1.45433E+03
124.0 1.16074E+03
124.5 8.68499E+02
125.0 5.77628E+02
125.5 2.88143E+02
126.0 2.39776E+01
