127K09D0W2
  0.5 0.00000E+00
  1.0 0.00000E+00
  1.5 0.00000E+00
  2.0 0.00000E+00
  2.5 0.00000E+00
  3.0 0.00000E+00
  3.5 1.14832E+04
  4.0 1.59146E+04
  4.5 2.05422E+04
  5.0 2.53367E+04
  5.5 3.02857E+04
  6.0 3.53832E+04
  6.5 4.06255E+04
  7.0 4.60104E+04
  7.5 5.15363E+04
  8.0 5.72029E+04
  8.5 1.95711E+05
  9.0 6.89635E+04
  9.5 3.10412E+05
 10.0 2.64972E+05
 10.5 3.24976E+04
 11.0 3.49515E+04
 11.5 4.10477E+04
 12.0 2.69717E+04
 12.5 2.51612E+04
 13.0 2.67509E+04
 13.5 2.83600E+04
 14.0 2.99885E+04
 14.5 3.16361E+04
 15.0 3.33030E+04
 15.5 3.49890E+04
 16.0 3.66942E+04
 16.5 3.84186E+04
 17.0 4.01622E+04
 17.5 4.19252E+04
 18.0 4.37075E+04
 18.5 4.55092E+04
 19.0 4.73299E+04
 19.5 4.91690E+04
 20.0 5.10256E+04
 20.5 5.28980E+04
 21.0 5.47841E+04
 21.5 5.66806E+04
 22.0 5.85840E+04
 22.5 6.04894E+04
 23.0 6.23914E+04
 23.5 6.42838E+04
 24.0 6.61602E+04
 24.5 6.80131E+04
 25.0 6.98353E+04
 25.5 7.16193E+04
 26.0 7.33575E+04
 26.5 7.50429E+04
 27.0 7.66686E+04
 27.5 7.82284E+04
 28.0 7.97164E+04
 28.5 8.11276E+04
 29.0 8.24578E+04
 29.5 8.37032E+04
 30.0 8.48610E+04
 30.5 8.59292E+04
 31.0 8.69063E+04
 31.5 8.77916E+04
 32.0 8.85850E+04
 32.5 8.92871E+04
 33.0 8.98988E+04
 33.5 9.04218E+04
 34.0 9.08578E+04
 34.5 9.12092E+04
 35.0 9.14786E+04
 35.5 9.16686E+04
 36.0 9.17825E+04
 36.5 9.18235E+04
 37.0 9.17946E+04
 37.5 9.16994E+04
 38.0 9.15413E+04
 38.5 9.13236E+04
 39.0 9.10499E+04
 39.5 9.07234E+04
 40.0 9.03475E+04
 40.5 8.99254E+04
 41.0 8.94604E+04
 41.5 8.89555E+04
 42.0 8.84136E+04
 42.5 8.78376E+04
 43.0 8.72304E+04
 43.5 8.65944E+04
 44.0 8.59323E+04
 44.5 8.52463E+04
 45.0 8.45389E+04
 45.5 8.38121E+04
 46.0 8.30680E+04
 46.5 8.23084E+04
 47.0 8.15353E+04
 47.5 8.07502E+04
 48.0 7.99549E+04
 48.5 7.91508E+04
 49.0 7.83393E+04
 49.5 7.75217E+04
 50.0 7.66992E+04
 50.5 7.58729E+04
 51.0 7.50439E+04
 51.5 7.42133E+04
 52.0 7.33818E+04
 52.5 7.25503E+04
 53.0 7.17196E+04
 53.5 7.08904E+04
 54.0 7.00632E+04
 54.5 6.92389E+04
 55.0 6.84177E+04
 55.5 6.76003E+04
 56.0 6.67871E+04
 56.5 6.59785E+04
 57.0 6.51749E+04
 57.5 6.43765E+04
 58.0 3.01414E+05
 58.5 6.27968E+04
 59.0 6.20160E+04
 59.5 4.84217E+05
 60.0 6.04733E+04
 60.5 5.97118E+04
 61.0 5.89570E+04
 61.5 5.82091E+04
 62.0 5.74681E+04
 62.5 5.67340E+04
 63.0 5.60071E+04
 63.5 5.52872E+04
 64.0 5.45745E+04
 64.5 5.38689E+04
 65.0 5.31704E+04
 65.5 5.24791E+04
 66.0 5.17948E+04
 66.5 5.11177E+04
 67.0 2.01670E+05
 67.5 4.97844E+04
 68.0 4.91282E+04
 68.5 4.84789E+04
 69.0 8.82672E+04
 69.5 4.45942E+04
 70.0 3.11705E+04
 70.5 3.10153E+04
 71.0 3.08553E+04
 71.5 3.06905E+04
 72.0 3.05211E+04
 72.5 3.03472E+04
 73.0 3.01687E+04
 73.5 2.99860E+04
 74.0 2.97989E+04
 74.5 2.96077E+04
 75.0 2.94123E+04
 75.5 2.92130E+04
 76.0 2.90098E+04
 76.5 2.88027E+04
 77.0 2.85920E+04
 77.5 2.83776E+04
 78.0 2.81597E+04
 78.5 2.79383E+04
 79.0 2.77135E+04
 79.5 2.74855E+04
 80.0 2.72542E+04
 80.5 2.70199E+04
 81.0 2.67825E+04
 81.5 2.65422E+04
 82.0 2.62991E+04
 82.5 2.60531E+04
 83.0 2.58045E+04
 83.5 2.55533E+04
 84.0 2.52994E+04
 84.5 2.50432E+04
 85.0 2.47845E+04
 85.5 2.45235E+04
 86.0 2.42603E+04
 86.5 2.39949E+04
 87.0 2.37273E+04
 87.5 2.34578E+04
 88.0 2.31863E+04
 88.5 2.29128E+04
 89.0 2.26376E+04
 89.5 2.23605E+04
 90.0 2.20818E+04
 90.5 2.18013E+04
 91.0 2.15194E+04
 91.5 2.12358E+04
 92.0 2.09508E+04
 92.5 2.06644E+04
 93.0 2.03767E+04
 93.5 2.00876E+04
 94.0 1.97973E+04
 94.5 1.95058E+04
 95.0 1.92132E+04
 95.5 1.89195E+04
 96.0 1.86247E+04
 96.5 1.83290E+04
 97.0 1.80323E+04
 97.5 1.77347E+04
 98.0 1.74363E+04
 98.5 1.71371E+04
 99.0 1.68371E+04
 99.5 1.65365E+04
100.0 1.62352E+04
100.5 1.59332E+04
101.0 1.56307E+04
101.5 1.53277E+04
102.0 1.50241E+04
102.5 1.47202E+04
103.0 1.44158E+04
103.5 1.41110E+04
104.0 1.38059E+04
104.5 1.35006E+04
105.0 1.31949E+04
105.5 1.28891E+04
106.0 1.25831E+04
106.5 1.22769E+04
107.0 1.19706E+04
107.5 1.16643E+04
108.0 1.13579E+04
108.5 1.10515E+04
109.0 1.07452E+04
109.5 1.04389E+04
110.0 1.01327E+04
110.5 9.82665E+03
111.0 9.52077E+03
111.5 9.21508E+03
112.0 8.90962E+03
112.5 8.60443E+03
113.0 8.29953E+03
113.5 7.99495E+03
114.0 7.69072E+03
114.5 7.38688E+03
115.0 7.08345E+03
115.5 6.78046E+03
116.0 6.47795E+03
116.5 6.17595E+03
117.0 5.87447E+03
117.5 5.57356E+03
118.0 5.27324E+03
118.5 4.97353E+03
119.0 4.67448E+03
119.5 4.37610E+03
120.0 4.07842E+03
120.5 3.78147E+03
121.0 3.48528E+03
121.5 3.18987E+03
122.0 2.89528E+03
122.5 2.60153E+03
123.0 2.30865E+03
123.5 2.01666E+03
124.0 1.72560E+03
124.5 1.43548E+03
125.0 1.14634E+03
125.5 8.58197E+02
126.0 5.71083E+02
126.5 2.85024E+02
127.0 2.37255E+01
