127K08D0W2
  0.5 0.00000E+00
  1.0 0.00000E+00
  1.5 0.00000E+00
  2.0 0.00000E+00
  2.5 0.00000E+00
  3.0 0.00000E+00
  3.5 9.65523E+03
  4.0 1.36063E+04
  4.5 1.77396E+04
  5.0 2.20200E+04
  5.5 2.64327E+04
  6.0 3.09706E+04
  6.5 3.56295E+04
  7.0 4.04064E+04
  7.5 4.52993E+04
  8.0 5.03068E+04
  8.5 1.26006E+05
  9.0 6.06648E+04
  9.5 2.16290E+05
 10.0 1.86612E+05
 10.5 2.85598E+04
 11.0 3.07325E+04
 11.5 3.37778E+04
 12.0 2.37020E+04
 12.5 2.21093E+04
 13.0 2.35183E+04
 13.5 2.49430E+04
 14.0 2.63833E+04
 14.5 2.78389E+04
 15.0 2.93098E+04
 15.5 3.07958E+04
 16.0 3.22968E+04
 16.5 3.38128E+04
 17.0 3.53435E+04
 17.5 3.68891E+04
 18.0 3.84494E+04
 18.5 4.00243E+04
 19.0 4.16139E+04
 19.5 4.32178E+04
 20.0 4.48356E+04
 20.5 4.64666E+04
 21.0 4.81098E+04
 21.5 4.97638E+04
 22.0 5.14264E+04
 22.5 5.30952E+04
 23.0 5.47669E+04
 23.5 5.64377E+04
 24.0 5.81033E+04
 24.5 5.97588E+04
 25.0 6.13989E+04
 25.5 6.30179E+04
 26.0 6.46101E+04
 26.5 6.61694E+04
 27.0 6.76902E+04
 27.5 6.91666E+04
 28.0 7.05933E+04
 28.5 7.19651E+04
 29.0 7.32774E+04
 29.5 7.45262E+04
 30.0 7.57077E+04
 30.5 7.68188E+04
 31.0 7.78572E+04
 31.5 7.88209E+04
 32.0 7.97085E+04
 32.5 8.05192E+04
 33.0 8.12526E+04
 33.5 8.19090E+04
 34.0 8.24888E+04
 34.5 8.29932E+04
 35.0 8.34234E+04
 35.5 8.37808E+04
 36.0 8.40677E+04
 36.5 8.42860E+04
 37.0 8.44379E+04
 37.5 8.45261E+04
 38.0 8.45530E+04
 38.5 8.45212E+04
 39.0 8.44335E+04
 39.5 8.42928E+04
 40.0 8.41015E+04
 40.5 8.38627E+04
 41.0 8.35790E+04
 41.5 8.32530E+04
 42.0 8.28874E+04
 42.5 8.24849E+04
 43.0 8.20478E+04
 43.5 8.15786E+04
 44.0 8.10797E+04
 44.5 8.05532E+04
 45.0 8.00016E+04
 45.5 7.94266E+04
 46.0 7.88304E+04
 46.5 7.82147E+04
 47.0 7.75815E+04
 47.5 7.69325E+04
 48.0 7.62692E+04
 48.5 7.55931E+04
 49.0 7.49058E+04
 49.5 7.42085E+04
 50.0 7.35025E+04
 50.5 7.27891E+04
 51.0 7.20693E+04
 51.5 7.13442E+04
 52.0 7.06148E+04
 52.5 6.98820E+04
 53.0 6.91466E+04
 53.5 6.84095E+04
 54.0 6.76713E+04
 54.5 6.69329E+04
 55.0 6.61946E+04
 55.5 6.54573E+04
 56.0 6.47213E+04
 56.5 6.39872E+04
 57.0 6.32554E+04
 57.5 6.25264E+04
 58.0 2.87392E+05
 58.5 6.10782E+04
 59.0 6.03595E+04
 59.5 4.62082E+05
 60.0 5.89346E+04
 60.5 5.82289E+04
 61.0 5.75279E+04
 61.5 5.68318E+04
 62.0 5.61407E+04
 62.5 5.54549E+04
 63.0 5.47743E+04
 63.5 5.40993E+04
 64.0 5.34297E+04
 64.5 5.27657E+04
 65.0 5.21073E+04
 65.5 5.14547E+04
 66.0 5.08077E+04
 66.5 5.01665E+04
 67.0 1.95397E+05
 67.5 4.89013E+04
 68.0 4.82773E+04
 68.5 4.76590E+04
 69.0 8.61508E+04
 69.5 4.36467E+04
 70.0 2.93265E+04
 70.5 2.92147E+04
 71.0 2.90977E+04
 71.5 2.89755E+04
 72.0 2.88481E+04
 72.5 2.87158E+04
 73.0 2.85784E+04
 73.5 2.84362E+04
 74.0 2.82891E+04
 74.5 2.81373E+04
 75.0 2.79809E+04
 75.5 2.78198E+04
 76.0 2.76543E+04
 76.5 2.74843E+04
 77.0 2.73100E+04
 77.5 2.71315E+04
 78.0 2.69489E+04
 78.5 2.67621E+04
 79.0 2.65713E+04
 79.5 2.63767E+04
 80.0 2.61782E+04
 80.5 2.59760E+04
 81.0 2.57701E+04
 81.5 2.55607E+04
 82.0 2.53477E+04
 82.5 2.51314E+04
 83.0 2.49117E+04
 83.5 2.46888E+04
 84.0 2.44627E+04
 84.5 2.42336E+04
 85.0 2.40014E+04
 85.5 2.37664E+04
 86.0 2.35284E+04
 86.5 2.32877E+04
 87.0 2.30443E+04
 87.5 2.27983E+04
 88.0 2.25498E+04
 88.5 2.22988E+04
 89.0 2.20453E+04
 89.5 2.17896E+04
 90.0 2.15316E+04
 90.5 2.12714E+04
 91.0 2.10090E+04
 91.5 2.07447E+04
 92.0 2.04783E+04
 92.5 2.02101E+04
 93.0 1.99399E+04
 93.5 1.96680E+04
 94.0 1.93944E+04
 94.5 1.91191E+04
 95.0 1.88422E+04
 95.5 1.85637E+04
 96.0 1.82838E+04
 96.5 1.80024E+04
 97.0 1.77197E+04
 97.5 1.74356E+04
 98.0 1.71503E+04
 98.5 1.68638E+04
 99.0 1.65761E+04
 99.5 1.62874E+04
100.0 1.59976E+04
100.5 1.57068E+04
101.0 1.54151E+04
101.5 1.51224E+04
102.0 1.48290E+04
102.5 1.45347E+04
103.0 1.42397E+04
103.5 1.39440E+04
104.0 1.36477E+04
104.5 1.33507E+04
105.0 1.30532E+04
105.5 1.27551E+04
106.0 1.24566E+04
106.5 1.21577E+04
107.0 1.18584E+04
107.5 1.15587E+04
108.0 1.12587E+04
108.5 1.09585E+04
109.0 1.06580E+04
109.5 1.03574E+04
110.0 1.00566E+04
110.5 9.75570E+03
111.0 9.45475E+03
111.5 9.15377E+03
112.0 8.85280E+03
112.5 8.55188E+03
113.0 8.25104E+03
113.5 7.95032E+03
114.0 7.64976E+03
114.5 7.34939E+03
115.0 7.04925E+03
115.5 6.74937E+03
116.0 6.44979E+03
116.5 6.15054E+03
117.0 5.85165E+03
117.5 5.55316E+03
118.0 5.25510E+03
118.5 4.95750E+03
119.0 4.66041E+03
119.5 4.36384E+03
120.0 4.06783E+03
120.5 3.77241E+03
121.0 3.47762E+03
121.5 3.18349E+03
122.0 2.89004E+03
122.5 2.59731E+03
123.0 2.30532E+03
123.5 2.01412E+03
124.0 1.72373E+03
124.5 1.43418E+03
125.0 1.14549E+03
125.5 8.57706E+02
126.0 5.70850E+02
126.5 2.84953E+02
127.0 2.37217E+01
