127K17D0W2
  0.5 0.00000E+00
  1.0 0.00000E+00
  1.5 0.00000E+00
  2.0 0.00000E+00
  2.5 0.00000E+00
  3.0 0.00000E+00
  3.5 2.70671E+04
  4.0 3.53437E+04
  4.5 4.40205E+04
  5.0 5.30908E+04
  5.5 6.25544E+04
  6.0 7.24155E+04
  6.5 8.26829E+04
  7.0 9.33725E+04
  7.5 1.04509E+05
  8.0 1.16129E+05
  8.5 1.58621E+06
  9.0 1.41027E+05
  9.5 1.44643E+06
 10.0 1.20673E+06
 10.5 6.58224E+04
 11.0 7.07762E+04
 11.5 1.65964E+05
 12.0 5.46049E+04
 12.5 5.09354E+04
 13.0 5.41179E+04
 13.5 5.73670E+04
 14.0 6.06851E+04
 14.5 6.40746E+04
 15.0 6.75374E+04
 15.5 7.10740E+04
 16.0 7.46834E+04
 16.5 7.83615E+04
 17.0 8.21009E+04
 17.5 8.58905E+04
 18.0 8.97152E+04
 18.5 9.35564E+04
 19.0 9.73923E+04
 19.5 1.01199E+05
 20.0 1.04950E+05
 20.5 1.08621E+05
 21.0 1.12185E+05
 21.5 1.15618E+05
 22.0 1.18898E+05
 22.5 1.22004E+05
 23.0 1.24920E+05
 23.5 1.27633E+05
 24.0 1.30130E+05
 24.5 1.32404E+05
 25.0 1.34451E+05
 25.5 1.36267E+05
 26.0 1.37855E+05
 26.5 1.39215E+05
 27.0 1.40353E+05
 27.5 1.41275E+05
 28.0 1.41987E+05
 28.5 1.42500E+05
 29.0 1.42821E+05
 29.5 1.42961E+05
 30.0 1.42930E+05
 30.5 1.42738E+05
 31.0 1.42397E+05
 31.5 1.41916E+05
 32.0 1.41306E+05
 32.5 1.40578E+05
 33.0 1.39741E+05
 33.5 1.38804E+05
 34.0 1.37777E+05
 34.5 1.36668E+05
 35.0 1.35485E+05
 35.5 1.34237E+05
 36.0 1.32931E+05
 36.5 1.31574E+05
 37.0 1.30171E+05
 37.5 1.28729E+05
 38.0 1.27254E+05
 38.5 1.25751E+05
 39.0 1.24224E+05
 39.5 1.22679E+05
 40.0 1.21118E+05
 40.5 1.19546E+05
 41.0 1.17966E+05
 41.5 1.16382E+05
 42.0 1.14796E+05
 42.5 1.13211E+05
 43.0 1.11629E+05
 43.5 1.10052E+05
 44.0 1.08482E+05
 44.5 1.06921E+05
 45.0 1.05371E+05
 45.5 1.03833E+05
 46.0 1.02307E+05
 46.5 1.00796E+05
 47.0 9.92994E+04
 47.5 9.78189E+04
 48.0 9.63551E+04
 48.5 9.49085E+04
 49.0 9.34796E+04
 49.5 9.20689E+04
 50.0 9.06766E+04
 50.5 8.93032E+04
 51.0 8.79487E+04
 51.5 8.66135E+04
 52.0 8.52976E+04
 52.5 8.40010E+04
 53.0 8.27237E+04
 53.5 8.14658E+04
 54.0 8.02272E+04
 54.5 7.90078E+04
 55.0 7.78074E+04
 55.5 7.66260E+04
 56.0 7.54633E+04
 56.5 7.43192E+04
 57.0 7.31934E+04
 57.5 7.20858E+04
 58.0 3.61642E+05
 58.5 6.99240E+04
 59.0 6.88693E+04
 59.5 5.78771E+05
 60.0 6.68111E+04
 60.5 6.58070E+04
 61.0 6.48192E+04
 61.5 6.38474E+04
 62.0 6.28914E+04
 62.5 6.19507E+04
 63.0 6.10252E+04
 63.5 6.01146E+04
 64.0 5.92184E+04
 64.5 5.83365E+04
 65.0 5.74686E+04
 65.5 5.66144E+04
 66.0 5.57735E+04
 66.5 5.49457E+04
 67.0 2.27537E+05
 67.5 5.33283E+04
 68.0 5.25382E+04
 68.5 5.17599E+04
 69.0 9.68821E+04
 69.5 4.85928E+04
 70.0 3.97918E+04
 70.5 3.93941E+04
 71.0 3.89964E+04
 71.5 3.85988E+04
 72.0 3.82014E+04
 72.5 3.78042E+04
 73.0 3.74074E+04
 73.5 3.70109E+04
 74.0 3.66148E+04
 74.5 3.62192E+04
 75.0 3.58241E+04
 75.5 3.54296E+04
 76.0 3.50357E+04
 76.5 3.46424E+04
 77.0 3.42497E+04
 77.5 3.38578E+04
 78.0 3.34666E+04
 78.5 3.30762E+04
 79.0 3.26865E+04
 79.5 3.22977E+04
 80.0 3.19096E+04
 80.5 3.15224E+04
 81.0 3.11361E+04
 81.5 3.07507E+04
 82.0 3.03662E+04
 82.5 2.99826E+04
 83.0 2.95999E+04
 83.5 2.92181E+04
 84.0 2.88373E+04
 84.5 2.84575E+04
 85.0 2.80786E+04
 85.5 2.77007E+04
 86.0 2.73238E+04
 86.5 2.69478E+04
 87.0 2.65729E+04
 87.5 2.61989E+04
 88.0 2.58260E+04
 88.5 2.54540E+04
 89.0 2.50831E+04
 89.5 2.47132E+04
 90.0 2.43442E+04
 90.5 2.39763E+04
 91.0 2.36094E+04
 91.5 2.32436E+04
 92.0 2.28787E+04
 92.5 2.25149E+04
 93.0 2.21520E+04
 93.5 2.17902E+04
 94.0 2.14294E+04
 94.5 2.10697E+04
 95.0 2.07109E+04
 95.5 2.03532E+04
 96.0 1.99965E+04
 96.5 1.96408E+04
 97.0 1.92862E+04
 97.5 1.89326E+04
 98.0 1.85800E+04
 98.5 1.82284E+04
 99.0 1.78778E+04
 99.5 1.75283E+04
100.0 1.71798E+04
100.5 1.68323E+04
101.0 1.64859E+04
101.5 1.61405E+04
102.0 1.57961E+04
102.5 1.54527E+04
103.0 1.51104E+04
103.5 1.47691E+04
104.0 1.44289E+04
104.5 1.40897E+04
105.0 1.37516E+04
105.5 1.34145E+04
106.0 1.30784E+04
106.5 1.27435E+04
107.0 1.24095E+04
107.5 1.20767E+04
108.0 1.17449E+04
108.5 1.14142E+04
109.0 1.10845E+04
109.5 1.07560E+04
110.0 1.04285E+04
110.5 1.01022E+04
111.0 9.77690E+03
111.5 9.45274E+03
112.0 9.12970E+03
112.5 8.80778E+03
113.0 8.48699E+03
113.5 8.16733E+03
114.0 7.84881E+03
114.5 7.53145E+03
115.0 7.21524E+03
115.5 6.90020E+03
116.0 6.58634E+03
116.5 6.27367E+03
117.0 5.96218E+03
117.5 5.65191E+03
118.0 5.34284E+03
118.5 5.03500E+03
119.0 4.72840E+03
119.5 4.42304E+03
120.0 4.11894E+03
120.5 3.81610E+03
121.0 3.51454E+03
121.5 3.21428E+03
122.0 2.91531E+03
122.5 2.61766E+03
123.0 2.32133E+03
123.5 2.02635E+03
124.0 1.73272E+03
124.5 1.44045E+03
125.0 1.14956E+03
125.5 8.60060E+02
126.0 5.71969E+02
126.5 2.85297E+02
127.0 2.37398E+01
