127K14D0W2
  0.5 0.00000E+00
  1.0 0.00000E+00
  1.5 0.00000E+00
  2.0 0.00000E+00
  2.5 0.00000E+00
  3.0 0.00000E+00
  3.5 2.10377E+04
  4.0 2.78535E+04
  4.5 3.49785E+04
  5.0 4.24000E+04
  5.5 5.01132E+04
  6.0 5.81171E+04
  6.5 6.64135E+04
  7.0 7.50071E+04
  7.5 8.39066E+04
  8.0 9.31265E+04
  8.5 9.16707E+05
  9.0 1.12623E+05
  9.5 9.76921E+05
 10.0 8.17651E+05
 10.5 5.28895E+04
 11.0 5.68449E+04
 11.5 1.05295E+05
 12.0 4.38894E+04
 12.5 4.09450E+04
 13.0 4.34945E+04
 13.5 4.60886E+04
 14.0 4.87282E+04
 14.5 5.14144E+04
 15.0 5.41486E+04
 15.5 5.69319E+04
 16.0 5.97651E+04
 16.5 6.26486E+04
 17.0 6.55813E+04
 17.5 6.85609E+04
 18.0 7.15828E+04
 18.5 7.46403E+04
 19.0 7.77243E+04
 19.5 8.08232E+04
 20.0 8.39234E+04
 20.5 8.70092E+04
 21.0 9.00638E+04
 21.5 9.30695E+04
 22.0 9.60085E+04
 22.5 9.88631E+04
 23.0 1.01617E+05
 23.5 1.04254E+05
 24.0 1.06760E+05
 24.5 1.09124E+05
 25.0 1.11336E+05
 25.5 1.13386E+05
 26.0 1.15269E+05
 26.5 1.16981E+05
 27.0 1.18520E+05
 27.5 1.19884E+05
 28.0 1.21076E+05
 28.5 1.22096E+05
 29.0 1.22949E+05
 29.5 1.23640E+05
 30.0 1.24173E+05
 30.5 1.24554E+05
 31.0 1.24791E+05
 31.5 1.24891E+05
 32.0 1.24860E+05
 32.5 1.24706E+05
 33.0 1.24436E+05
 33.5 1.24059E+05
 34.0 1.23581E+05
 34.5 1.23011E+05
 35.0 1.22354E+05
 35.5 1.21618E+05
 36.0 1.20809E+05
 36.5 1.19935E+05
 37.0 1.19000E+05
 37.5 1.18011E+05
 38.0 1.16974E+05
 38.5 1.15893E+05
 39.0 1.14773E+05
 39.5 1.13619E+05
 40.0 1.12435E+05
 40.5 1.11226E+05
 41.0 1.09994E+05
 41.5 1.08744E+05
 42.0 1.07479E+05
 42.5 1.06201E+05
 43.0 1.04914E+05
 43.5 1.03620E+05
 44.0 1.02321E+05
 44.5 1.01019E+05
 45.0 9.97173E+04
 45.5 9.84164E+04
 46.0 9.71183E+04
 46.5 9.58245E+04
 47.0 9.45363E+04
 47.5 9.32551E+04
 48.0 9.19817E+04
 48.5 9.07174E+04
 49.0 8.94627E+04
 49.5 8.82188E+04
 50.0 8.69860E+04
 50.5 8.57651E+04
 51.0 8.45566E+04
 51.5 8.33609E+04
 52.0 8.21784E+04
 52.5 8.10096E+04
 53.0 7.98546E+04
 53.5 7.87136E+04
 54.0 7.75869E+04
 54.5 7.64745E+04
 55.0 7.53766E+04
 55.5 7.42933E+04
 56.0 7.32245E+04
 56.5 7.21703E+04
 57.0 7.11307E+04
 57.5 7.01055E+04
 58.0 3.45907E+05
 58.5 6.80984E+04
 59.0 6.71162E+04
 59.5 5.54144E+05
 60.0 6.51940E+04
 60.5 6.42537E+04
 61.0 6.33271E+04
 61.5 6.24139E+04
 62.0 6.15141E+04
 62.5 6.06274E+04
 63.0 5.97536E+04
 63.5 5.88925E+04
 64.0 5.80440E+04
 64.5 5.72078E+04
 65.0 5.63837E+04
 65.5 5.55716E+04
 66.0 5.47711E+04
 66.5 5.39821E+04
 67.0 2.20934E+05
 67.5 5.24377E+04
 68.0 5.16819E+04
 68.5 5.09367E+04
 69.0 9.46992E+04
 69.5 4.75561E+04
 70.0 3.74285E+04
 70.5 3.71032E+04
 71.0 3.67762E+04
 71.5 3.64475E+04
 72.0 3.61173E+04
 72.5 3.57855E+04
 73.0 3.54524E+04
 73.5 3.51181E+04
 74.0 3.47825E+04
 74.5 3.44458E+04
 75.0 3.41080E+04
 75.5 3.37693E+04
 76.0 3.34297E+04
 76.5 3.30892E+04
 77.0 3.27480E+04
 77.5 3.24060E+04
 78.0 3.20635E+04
 78.5 3.17203E+04
 79.0 3.13766E+04
 79.5 3.10324E+04
 80.0 3.06878E+04
 80.5 3.03428E+04
 81.0 2.99975E+04
 81.5 2.96519E+04
 82.0 2.93060E+04
 82.5 2.89599E+04
 83.0 2.86137E+04
 83.5 2.82673E+04
 84.0 2.79209E+04
 84.5 2.75744E+04
 85.0 2.72278E+04
 85.5 2.68813E+04
 86.0 2.65348E+04
 86.5 2.61884E+04
 87.0 2.58420E+04
 87.5 2.54958E+04
 88.0 2.51498E+04
 88.5 2.48039E+04
 89.0 2.44582E+04
 89.5 2.41127E+04
 90.0 2.37675E+04
 90.5 2.34226E+04
 91.0 2.30779E+04
 91.5 2.27335E+04
 92.0 2.23895E+04
 92.5 2.20458E+04
 93.0 2.17025E+04
 93.5 2.13596E+04
 94.0 2.10170E+04
 94.5 2.06749E+04
 95.0 2.03332E+04
 95.5 1.99920E+04
 96.0 1.96513E+04
 96.5 1.93110E+04
 97.0 1.89712E+04
 97.5 1.86319E+04
 98.0 1.82932E+04
 98.5 1.79549E+04
 99.0 1.76173E+04
 99.5 1.72802E+04
100.0 1.69437E+04
100.5 1.66078E+04
101.0 1.62725E+04
101.5 1.59378E+04
102.0 1.56037E+04
102.5 1.52703E+04
103.0 1.49376E+04
103.5 1.46055E+04
104.0 1.42741E+04
104.5 1.39434E+04
105.0 1.36135E+04
105.5 1.32842E+04
106.0 1.29557E+04
106.5 1.26279E+04
107.0 1.23009E+04
107.5 1.19747E+04
108.0 1.16492E+04
108.5 1.13246E+04
109.0 1.10008E+04
109.5 1.06777E+04
110.0 1.03556E+04
110.5 1.00343E+04
111.0 9.71380E+03
111.5 9.39422E+03
112.0 9.07554E+03
112.5 8.75776E+03
113.0 8.44090E+03
113.5 8.12497E+03
114.0 7.80998E+03
114.5 7.49595E+03
115.0 7.18290E+03
115.5 6.87084E+03
116.0 6.55977E+03
116.5 6.24972E+03
117.0 5.94070E+03
117.5 5.63273E+03
118.0 5.32581E+03
118.5 5.01997E+03
119.0 4.71521E+03
119.5 4.41157E+03
120.0 4.10904E+03
120.5 3.80764E+03
121.0 3.50740E+03
121.5 3.20832E+03
122.0 2.91042E+03
122.5 2.61373E+03
123.0 2.31824E+03
123.5 2.02399E+03
124.0 1.73098E+03
124.5 1.43924E+03
125.0 1.14877E+03
125.5 8.59606E+02
126.0 5.71753E+02
126.5 2.85231E+02
127.0 2.37363E+01
