127K11D0W2
  0.5 0.00000E+00
  1.0 0.00000E+00
  1.5 0.00000E+00
  2.0 0.00000E+00
  2.5 0.00000E+00
  3.0 0.00000E+00
  3.5 1.52289E+04
  4.0 2.06126E+04
  4.5 2.62306E+04
  5.0 3.20618E+04
  5.5 3.80975E+04
  6.0 4.43336E+04
  6.5 5.07679E+04
  7.0 5.73997E+04
  7.5 6.42300E+04
  8.0 7.12620E+04
  8.5 4.11783E+05
  9.0 8.59580E+04
  9.5 5.46415E+05
 10.0 4.60880E+05
 10.5 4.05036E+04
 11.0 4.35375E+04
 11.5 6.08546E+04
 12.0 3.36167E+04
 12.5 3.13623E+04
 13.0 3.33237E+04
 13.5 3.53132E+04
 14.0 3.73309E+04
 14.5 3.93770E+04
 15.0 4.14518E+04
 15.5 4.35556E+04
 16.0 4.56888E+04
 16.5 4.78520E+04
 17.0 5.00453E+04
 17.5 5.22690E+04
 18.0 5.45227E+04
 18.5 5.68054E+04
 19.0 5.91154E+04
 19.5 6.14497E+04
 20.0 6.38043E+04
 20.5 6.61737E+04
 21.0 6.85510E+04
 21.5 7.09282E+04
 22.0 7.32961E+04
 22.5 7.56445E+04
 23.0 7.79627E+04
 23.5 8.02395E+04
 24.0 8.24640E+04
 24.5 8.46250E+04
 25.0 8.67122E+04
 25.5 8.87157E+04
 26.0 9.06269E+04
 26.5 9.24378E+04
 27.0 9.41419E+04
 27.5 9.57335E+04
 28.0 9.72084E+04
 28.5 9.85632E+04
 29.0 9.97961E+04
 29.5 1.00906E+05
 30.0 1.01893E+05
 30.5 1.02758E+05
 31.0 1.03502E+05
 31.5 1.04129E+05
 32.0 1.04640E+05
 32.5 1.05039E+05
 33.0 1.05331E+05
 33.5 1.05520E+05
 34.0 1.05610E+05
 34.5 1.05605E+05
 35.0 1.05511E+05
 35.5 1.05333E+05
 36.0 1.05075E+05
 36.5 1.04742E+05
 37.0 1.04339E+05
 37.5 1.03872E+05
 38.0 1.03344E+05
 38.5 1.02760E+05
 39.0 1.02124E+05
 39.5 1.01441E+05
 40.0 1.00715E+05
 40.5 9.99486E+04
 41.0 9.91466E+04
 41.5 9.83123E+04
 42.0 9.74489E+04
 42.5 9.65594E+04
 43.0 9.56468E+04
 43.5 9.47140E+04
 44.0 9.37633E+04
 44.5 9.27973E+04
 45.0 9.18183E+04
 45.5 9.08284E+04
 46.0 8.98294E+04
 46.5 8.88232E+04
 47.0 8.78115E+04
 47.5 8.67960E+04
 48.0 8.57780E+04
 48.5 8.47588E+04
 49.0 8.37397E+04
 49.5 8.27218E+04
 50.0 8.17061E+04
 50.5 8.06936E+04
 51.0 7.96851E+04
 51.5 7.86814E+04
 52.0 7.76831E+04
 52.5 7.66910E+04
 53.0 7.57056E+04
 53.5 7.47274E+04
 54.0 7.37568E+04
 54.5 7.27944E+04
 55.0 7.18403E+04
 55.5 7.08949E+04
 56.0 6.99586E+04
 56.5 6.90315E+04
 57.0 6.81137E+04
 57.5 6.72056E+04
 58.0 3.23189E+05
 58.5 6.54187E+04
 59.0 6.45400E+04
 59.5 5.18495E+05
 60.0 6.28126E+04
 60.5 6.19639E+04
 61.0 6.11252E+04
 61.5 6.02966E+04
 62.0 5.94779E+04
 62.5 5.86691E+04
 63.0 5.78702E+04
 63.5 5.70810E+04
 64.0 5.63016E+04
 64.5 5.55318E+04
 65.0 5.47716E+04
 65.5 5.40207E+04
 66.0 5.32792E+04
 66.5 5.25469E+04
 67.0 2.11213E+05
 67.5 5.11094E+04
 68.0 5.04040E+04
 68.5 4.97073E+04
 69.0 9.14658E+04
 69.5 4.60507E+04
 70.0 3.41553E+04
 70.5 3.39232E+04
 71.0 3.36873E+04
 71.5 3.34480E+04
 72.0 3.32051E+04
 72.5 3.29589E+04
 73.0 3.27095E+04
 73.5 3.24569E+04
 74.0 3.22013E+04
 74.5 3.19427E+04
 75.0 3.16813E+04
 75.5 3.14172E+04
 76.0 3.11504E+04
 76.5 3.08810E+04
 77.0 3.06092E+04
 77.5 3.03350E+04
 78.0 3.00584E+04
 78.5 2.97796E+04
 79.0 2.94987E+04
 79.5 2.92158E+04
 80.0 2.89308E+04
 80.5 2.86439E+04
 81.0 2.83552E+04
 81.5 2.80648E+04
 82.0 2.77726E+04
 82.5 2.74788E+04
 83.0 2.71835E+04
 83.5 2.68866E+04
 84.0 2.65883E+04
 84.5 2.62886E+04
 85.0 2.59876E+04
 85.5 2.56854E+04
 86.0 2.53819E+04
 86.5 2.50773E+04
 87.0 2.47717E+04
 87.5 2.44650E+04
 88.0 2.41572E+04
 88.5 2.38486E+04
 89.0 2.35391E+04
 89.5 2.32287E+04
 90.0 2.29175E+04
 90.5 2.26056E+04
 91.0 2.22930E+04
 91.5 2.19797E+04
 92.0 2.16658E+04
 92.5 2.13513E+04
 93.0 2.10363E+04
 93.5 2.07208E+04
 94.0 2.04048E+04
 94.5 2.00884E+04
 95.0 1.97716E+04
 95.5 1.94544E+04
 96.0 1.91370E+04
 96.5 1.88192E+04
 97.0 1.85012E+04
 97.5 1.81830E+04
 98.0 1.78647E+04
 98.5 1.75461E+04
 99.0 1.72275E+04
 99.5 1.69088E+04
100.0 1.65900E+04
100.5 1.62712E+04
101.0 1.59523E+04
101.5 1.56336E+04
102.0 1.53148E+04
102.5 1.49962E+04
103.0 1.46777E+04
103.5 1.43593E+04
104.0 1.40411E+04
104.5 1.37231E+04
105.0 1.34053E+04
105.5 1.30877E+04
106.0 1.27705E+04
106.5 1.24535E+04
107.0 1.21368E+04
107.5 1.18205E+04
108.0 1.15046E+04
108.5 1.11891E+04
109.0 1.08739E+04
109.5 1.05593E+04
110.0 1.02451E+04
110.5 9.93134E+03
111.0 9.61814E+03
111.5 9.30547E+03
112.0 8.99336E+03
112.5 8.68183E+03
113.0 8.37091E+03
113.5 8.06061E+03
114.0 7.75097E+03
114.5 7.44199E+03
115.0 7.13371E+03
115.5 6.82615E+03
116.0 6.51933E+03
116.5 6.21326E+03
117.0 5.90798E+03
117.5 5.60350E+03
118.0 5.29984E+03
118.5 4.99704E+03
119.0 4.69510E+03
119.5 4.39406E+03
120.0 4.09392E+03
120.5 3.79473E+03
121.0 3.49649E+03
121.5 3.19922E+03
122.0 2.90296E+03
122.5 2.60771E+03
123.0 2.31351E+03
123.5 2.02038E+03
124.0 1.72833E+03
124.5 1.43739E+03
125.0 1.14757E+03
125.5 8.58912E+02
126.0 5.71423E+02
126.5 2.85129E+02
127.0 2.37310E+01
