127K15D0W2
  0.5 0.00000E+00
  1.0 0.00000E+00
  1.5 0.00000E+00
  2.0 0.00000E+00
  2.5 0.00000E+00
  3.0 0.00000E+00
  3.5 2.30224E+04
  4.0 3.03209E+04
  4.5 3.79574E+04
  5.0 4.59211E+04
  5.5 5.42087E+04
  6.0 6.28208E+04
  6.5 7.17609E+04
  7.0 8.10367E+04
  7.5 9.06612E+04
  8.0 1.00655E+05
  8.5 1.12491E+06
  9.0 1.21878E+05
  9.5 1.13130E+06
 10.0 9.45566E+05
 10.5 5.71339E+04
 11.0 6.14127E+04
 11.5 1.23882E+05
 12.0 4.74074E+04
 12.5 4.42256E+04
 13.0 4.69806E+04
 13.5 4.97868E+04
 14.0 5.26456E+04
 14.5 5.55586E+04
 15.0 5.85274E+04
 15.5 6.15532E+04
 16.0 6.46368E+04
 16.5 6.77775E+04
 17.0 7.09729E+04
 17.5 7.42187E+04
 18.0 7.75073E+04
 18.5 8.08288E+04
 19.0 8.41702E+04
 19.5 8.75159E+04
 20.0 9.08483E+04
 20.5 9.41481E+04
 21.0 9.73950E+04
 21.5 1.00569E+05
 22.0 1.03649E+05
 22.5 1.06617E+05
 23.0 1.09456E+05
 23.5 1.12148E+05
 24.0 1.14682E+05
 24.5 1.17046E+05
 25.0 1.19231E+05
 25.5 1.21230E+05
 26.0 1.23040E+05
 26.5 1.24657E+05
 27.0 1.26083E+05
 27.5 1.27318E+05
 28.0 1.28366E+05
 28.5 1.29230E+05
 29.0 1.29917E+05
 29.5 1.30433E+05
 30.0 1.30786E+05
 30.5 1.30981E+05
 31.0 1.31029E+05
 31.5 1.30937E+05
 32.0 1.30713E+05
 32.5 1.30367E+05
 33.0 1.29906E+05
 33.5 1.29339E+05
 34.0 1.28674E+05
 34.5 1.27919E+05
 35.0 1.27081E+05
 35.5 1.26168E+05
 36.0 1.25187E+05
 36.5 1.24144E+05
 37.0 1.23046E+05
 37.5 1.21898E+05
 38.0 1.20707E+05
 38.5 1.19477E+05
 39.0 1.18213E+05
 39.5 1.16921E+05
 40.0 1.15603E+05
 40.5 1.14265E+05
 41.0 1.12909E+05
 41.5 1.11539E+05
 42.0 1.10159E+05
 42.5 1.08771E+05
 43.0 1.07378E+05
 43.5 1.05982E+05
 44.0 1.04585E+05
 44.5 1.03190E+05
 45.0 1.01798E+05
 45.5 1.00411E+05
 46.0 9.90308E+04
 46.5 9.76581E+04
 47.0 9.62943E+04
 47.5 9.49405E+04
 48.0 9.35978E+04
 48.5 9.22669E+04
 49.0 9.09487E+04
 49.5 8.96437E+04
 50.0 8.83526E+04
 50.5 8.70759E+04
 51.0 8.58139E+04
 51.5 8.45670E+04
 52.0 8.33357E+04
 52.5 8.21198E+04
 53.0 8.09199E+04
 53.5 7.97359E+04
 54.0 7.85680E+04
 54.5 7.74162E+04
 55.0 7.62806E+04
 55.5 7.51611E+04
 56.0 7.40576E+04
 56.5 7.29702E+04
 57.0 7.18988E+04
 57.5 7.08431E+04
 58.0 3.51747E+05
 58.5 6.87788E+04
 59.0 6.77698E+04
 59.5 5.63292E+05
 60.0 6.57972E+04
 60.5 6.48333E+04
 61.0 6.38840E+04
 61.5 6.29491E+04
 62.0 6.20283E+04
 62.5 6.11216E+04
 63.0 6.02286E+04
 63.5 5.93491E+04
 64.0 5.84829E+04
 64.5 5.76297E+04
 65.0 5.67893E+04
 65.5 5.59615E+04
 66.0 5.51460E+04
 66.5 5.43425E+04
 67.0 2.23397E+05
 67.5 5.27710E+04
 68.0 5.20023E+04
 68.5 5.12449E+04
 69.0 9.55146E+04
 69.5 4.79413E+04
 70.0 3.82965E+04
 70.5 3.79451E+04
 71.0 3.75926E+04
 71.5 3.72390E+04
 72.0 3.68844E+04
 72.5 3.65290E+04
 73.0 3.61728E+04
 73.5 3.58159E+04
 74.0 3.54584E+04
 74.5 3.51003E+04
 75.0 3.47416E+04
 75.5 3.43826E+04
 76.0 3.40232E+04
 76.5 3.36635E+04
 77.0 3.33035E+04
 77.5 3.29433E+04
 78.0 3.25829E+04
 78.5 3.22225E+04
 79.0 3.18619E+04
 79.5 3.15014E+04
 80.0 3.11408E+04
 80.5 3.07804E+04
 81.0 3.04200E+04
 81.5 3.00598E+04
 82.0 2.96997E+04
 82.5 2.93398E+04
 83.0 2.89801E+04
 83.5 2.86208E+04
 84.0 2.82616E+04
 84.5 2.79028E+04
 85.0 2.75444E+04
 85.5 2.71862E+04
 86.0 2.68285E+04
 86.5 2.64712E+04
 87.0 2.61143E+04
 87.5 2.57578E+04
 88.0 2.54018E+04
 88.5 2.50463E+04
 89.0 2.46912E+04
 89.5 2.43367E+04
 90.0 2.39827E+04
 90.5 2.36292E+04
 91.0 2.32763E+04
 91.5 2.29240E+04
 92.0 2.25722E+04
 92.5 2.22210E+04
 93.0 2.18705E+04
 93.5 2.15205E+04
 94.0 2.11712E+04
 94.5 2.08225E+04
 95.0 2.04745E+04
 95.5 2.01271E+04
 96.0 1.97804E+04
 96.5 1.94344E+04
 97.0 1.90891E+04
 97.5 1.87444E+04
 98.0 1.84005E+04
 98.5 1.80573E+04
 99.0 1.77149E+04
 99.5 1.73731E+04
100.0 1.70321E+04
100.5 1.66919E+04
101.0 1.63524E+04
101.5 1.60137E+04
102.0 1.56758E+04
102.5 1.53387E+04
103.0 1.50024E+04
103.5 1.46669E+04
104.0 1.43322E+04
104.5 1.39983E+04
105.0 1.36653E+04
105.5 1.33331E+04
106.0 1.30018E+04
106.5 1.26713E+04
107.0 1.23417E+04
107.5 1.20130E+04
108.0 1.16851E+04
108.5 1.13582E+04
109.0 1.10322E+04
109.5 1.07071E+04
110.0 1.03830E+04
110.5 1.00598E+04
111.0 9.73751E+03
111.5 9.41621E+03
112.0 9.09589E+03
112.5 8.77656E+03
113.0 8.45822E+03
113.5 8.14089E+03
114.0 7.82458E+03
114.5 7.50930E+03
115.0 7.19506E+03
115.5 6.88188E+03
116.0 6.56976E+03
116.5 6.25873E+03
117.0 5.94878E+03
117.5 5.63994E+03
118.0 5.33222E+03
118.5 5.02563E+03
119.0 4.72018E+03
119.5 4.41588E+03
120.0 4.11276E+03
120.5 3.81083E+03
121.0 3.51009E+03
121.5 3.21056E+03
122.0 2.91226E+03
122.5 2.61521E+03
123.0 2.31941E+03
123.5 2.02488E+03
124.0 1.73163E+03
124.5 1.43969E+03
125.0 1.14907E+03
125.5 8.59777E+02
126.0 5.71834E+02
126.5 2.85256E+02
127.0 2.37376E+01
