127K21D0W2
  0.5 0.00000E+00
  1.0 0.00000E+00
  1.5 0.00000E+00
  2.0 0.00000E+00
  2.5 0.00000E+00
  3.0 0.00000E+00
  3.5 3.54886E+04
  4.0 4.57900E+04
  4.5 5.66346E+04
  5.0 6.80239E+04
  5.5 7.99666E+04
  6.0 9.24796E+04
  6.5 1.05591E+05
  7.0 1.19344E+05
  7.5 1.33806E+05
  8.0 1.49065E+05
  8.5 2.62823E+06
  9.0 1.82273E+05
  9.5 2.07556E+06
 10.0 1.72858E+06
 10.5 8.41398E+04
 11.0 9.05804E+04
 11.5 2.65605E+05
 12.0 6.97591E+04
 12.5 6.50534E+04
 13.0 6.91701E+04
 13.5 7.33933E+04
 14.0 7.77266E+04
 14.5 8.21712E+04
 15.0 8.67247E+04
 15.5 9.13796E+04
 16.0 9.61223E+04
 16.5 1.00933E+05
 17.0 1.05785E+05
 17.5 1.10646E+05
 18.0 1.15482E+05
 18.5 1.20253E+05
 19.0 1.24920E+05
 19.5 1.29445E+05
 20.0 1.33791E+05
 20.5 1.37926E+05
 21.0 1.41821E+05
 21.5 1.45452E+05
 22.0 1.48799E+05
 22.5 1.51849E+05
 23.0 1.54593E+05
 23.5 1.57026E+05
 24.0 1.59147E+05
 24.5 1.60960E+05
 25.0 1.62470E+05
 25.5 1.63686E+05
 26.0 1.64619E+05
 26.5 1.65281E+05
 27.0 1.65685E+05
 27.5 1.65848E+05
 28.0 1.65783E+05
 28.5 1.65505E+05
 29.0 1.65031E+05
 29.5 1.64376E+05
 30.0 1.63553E+05
 30.5 1.62579E+05
 31.0 1.61466E+05
 31.5 1.60228E+05
 32.0 1.58878E+05
 32.5 1.57427E+05
 33.0 1.55888E+05
 33.5 1.54270E+05
 34.0 1.52583E+05
 34.5 1.50837E+05
 35.0 1.49040E+05
 35.5 1.47201E+05
 36.0 1.45325E+05
 36.5 1.43420E+05
 37.0 1.41493E+05
 37.5 1.39548E+05
 38.0 1.37590E+05
 38.5 1.35625E+05
 39.0 1.33657E+05
 39.5 1.31689E+05
 40.0 1.29725E+05
 40.5 1.27768E+05
 41.0 1.25820E+05
 41.5 1.23885E+05
 42.0 1.21963E+05
 42.5 1.20058E+05
 43.0 1.18171E+05
 43.5 1.16303E+05
 44.0 1.14456E+05
 44.5 1.12631E+05
 45.0 1.10828E+05
 45.5 1.09049E+05
 46.0 1.07294E+05
 46.5 1.05564E+05
 47.0 1.03859E+05
 47.5 1.02180E+05
 48.0 1.00527E+05
 48.5 9.88997E+04
 49.0 9.72985E+04
 49.5 9.57234E+04
 50.0 9.41744E+04
 50.5 9.26514E+04
 51.0 9.11543E+04
 51.5 8.96829E+04
 52.0 8.82370E+04
 52.5 8.68165E+04
 53.0 8.54208E+04
 53.5 8.40499E+04
 54.0 8.27033E+04
 54.5 8.13808E+04
 55.0 8.00819E+04
 55.5 7.88064E+04
 56.0 7.75537E+04
 56.5 7.63236E+04
 57.0 7.51157E+04
 57.5 7.39295E+04
 58.0 3.76447E+05
 58.5 7.16207E+04
 59.0 7.04973E+04
 59.5 6.01897E+05
 60.0 6.83104E+04
 60.5 6.72460E+04
 61.0 6.62005E+04
 61.5 6.51734E+04
 62.0 6.41645E+04
 62.5 6.31731E+04
 63.0 6.21990E+04
 63.5 6.12418E+04
 64.0 6.03011E+04
 64.5 5.93765E+04
 65.0 5.84676E+04
 65.5 5.75740E+04
 66.0 5.66954E+04
 66.5 5.58315E+04
 67.0 2.33660E+05
 67.5 5.41461E+04
 68.0 5.33240E+04
 68.5 5.25151E+04
 69.0 9.88970E+04
 69.5 4.95654E+04
 70.0 4.20881E+04
 70.5 4.16160E+04
 71.0 4.11461E+04
 71.5 4.06782E+04
 72.0 4.02126E+04
 72.5 3.97491E+04
 73.0 3.92879E+04
 73.5 3.88289E+04
 74.0 3.83720E+04
 74.5 3.79175E+04
 75.0 3.74651E+04
 75.5 3.70150E+04
 76.0 3.65671E+04
 76.5 3.61214E+04
 77.0 3.56779E+04
 77.5 3.52366E+04
 78.0 3.47976E+04
 78.5 3.43607E+04
 79.0 3.39260E+04
 79.5 3.34935E+04
 80.0 3.30631E+04
 80.5 3.26348E+04
 81.0 3.22087E+04
 81.5 3.17846E+04
 82.0 3.13627E+04
 82.5 3.09428E+04
 83.0 3.05249E+04
 83.5 3.01091E+04
 84.0 2.96952E+04
 84.5 2.92834E+04
 85.0 2.88735E+04
 85.5 2.84656E+04
 86.0 2.80596E+04
 86.5 2.76555E+04
 87.0 2.72533E+04
 87.5 2.68530E+04
 88.0 2.64545E+04
 88.5 2.60578E+04
 89.0 2.56630E+04
 89.5 2.52699E+04
 90.0 2.48786E+04
 90.5 2.44890E+04
 91.0 2.41012E+04
 91.5 2.37151E+04
 92.0 2.33306E+04
 92.5 2.29479E+04
 93.0 2.25668E+04
 93.5 2.21873E+04
 94.0 2.18094E+04
 94.5 2.14332E+04
 95.0 2.10585E+04
 95.5 2.06854E+04
 96.0 2.03139E+04
 96.5 1.99439E+04
 97.0 1.95754E+04
 97.5 1.92085E+04
 98.0 1.88430E+04
 98.5 1.84790E+04
 99.0 1.81165E+04
 99.5 1.77555E+04
100.0 1.73959E+04
100.5 1.70377E+04
101.0 1.66810E+04
101.5 1.63257E+04
102.0 1.59718E+04
102.5 1.56193E+04
103.0 1.52681E+04
103.5 1.49184E+04
104.0 1.45700E+04
104.5 1.42230E+04
105.0 1.38774E+04
105.5 1.35331E+04
106.0 1.31902E+04
106.5 1.28486E+04
107.0 1.25083E+04
107.5 1.21694E+04
108.0 1.18318E+04
108.5 1.14956E+04
109.0 1.11606E+04
109.5 1.08270E+04
110.0 1.04947E+04
110.5 1.01638E+04
111.0 9.83413E+03
111.5 9.50580E+03
112.0 9.17879E+03
112.5 8.85310E+03
113.0 8.52873E+03
113.5 8.20569E+03
114.0 7.88396E+03
114.5 7.56357E+03
115.0 7.24450E+03
115.5 6.92677E+03
116.0 6.61037E+03
116.5 6.29531E+03
117.0 5.98160E+03
117.5 5.66924E+03
118.0 5.35823E+03
118.5 5.04859E+03
119.0 4.74031E+03
119.5 4.43340E+03
120.0 4.12787E+03
120.5 3.82373E+03
121.0 3.52099E+03
121.5 3.21965E+03
122.0 2.91972E+03
122.5 2.62121E+03
123.0 2.32412E+03
123.5 2.02848E+03
124.0 1.73428E+03
124.5 1.44154E+03
125.0 1.15026E+03
125.5 8.60468E+02
126.0 5.72162E+02
126.5 2.85357E+02
127.0 2.37429E+01
