127K22D0W2
  0.5 0.00000E+00
  1.0 0.00000E+00
  1.5 0.00000E+00
  2.0 0.00000E+00
  2.5 0.00000E+00
  3.0 0.00000E+00
  3.5 3.76716E+04
  4.0 4.84969E+04
  4.5 5.99052E+04
  5.0 7.19001E+04
  5.5 8.44937E+04
  6.0 9.77072E+04
  6.5 1.11576E+05
  7.0 1.26154E+05
  7.5 1.41524E+05
  8.0 1.57786E+05
  8.5 2.90361E+06
  9.0 1.93274E+05
  9.5 2.22929E+06
 10.0 1.85619E+06
 10.5 8.89486E+04
 11.0 9.57945E+04
 11.5 2.92947E+05
 12.0 7.37327E+04
 12.5 6.87529E+04
 13.0 7.31225E+04
 13.5 7.76104E+04
 14.0 8.22197E+04
 14.5 8.69500E+04
 15.0 9.17963E+04
 15.5 9.67470E+04
 16.0 1.01783E+05
 16.5 1.06879E+05
 17.0 1.12003E+05
 17.5 1.17116E+05
 18.0 1.22177E+05
 18.5 1.27144E+05
 19.0 1.31974E+05
 19.5 1.36626E+05
 20.0 1.41064E+05
 20.5 1.45253E+05
 21.0 1.49166E+05
 21.5 1.52782E+05
 22.0 1.56083E+05
 22.5 1.59058E+05
 23.0 1.61701E+05
 23.5 1.64010E+05
 24.0 1.65987E+05
 24.5 1.67640E+05
 25.0 1.68976E+05
 25.5 1.70008E+05
 26.0 1.70748E+05
 26.5 1.71211E+05
 27.0 1.71414E+05
 27.5 1.71371E+05
 28.0 1.71101E+05
 28.5 1.70620E+05
 29.0 1.69943E+05
 29.5 1.69088E+05
 30.0 1.68070E+05
 30.5 1.66905E+05
 31.0 1.65606E+05
 31.5 1.64188E+05
 32.0 1.62663E+05
 32.5 1.61043E+05
 33.0 1.59341E+05
 33.5 1.57566E+05
 34.0 1.55729E+05
 34.5 1.53838E+05
 35.0 1.51903E+05
 35.5 1.49930E+05
 36.0 1.47928E+05
 36.5 1.45902E+05
 37.0 1.43858E+05
 37.5 1.41803E+05
 38.0 1.39740E+05
 38.5 1.37675E+05
 39.0 1.35611E+05
 39.5 1.33552E+05
 40.0 1.31501E+05
 40.5 1.29461E+05
 41.0 1.27435E+05
 41.5 1.25424E+05
 42.0 1.23432E+05
 42.5 1.21459E+05
 43.0 1.19507E+05
 43.5 1.17578E+05
 44.0 1.15673E+05
 44.5 1.13792E+05
 45.0 1.11937E+05
 45.5 1.10108E+05
 46.0 1.08305E+05
 46.5 1.06530E+05
 47.0 1.04782E+05
 47.5 1.03062E+05
 48.0 1.01369E+05
 48.5 9.97046E+04
 49.0 9.80679E+04
 49.5 9.64590E+04
 50.0 9.48778E+04
 50.5 9.33242E+04
 51.0 9.17979E+04
 51.5 9.02987E+04
 52.0 8.88263E+04
 52.5 8.73804E+04
 53.0 8.59607E+04
 53.5 8.45668E+04
 54.0 8.31983E+04
 54.5 8.18548E+04
 55.0 8.05360E+04
 55.5 7.92414E+04
 56.0 7.79705E+04
 56.5 7.67231E+04
 57.0 7.54986E+04
 57.5 7.42966E+04
 58.0 3.79412E+05
 58.5 7.19582E+04
 59.0 7.08209E+04
 59.5 6.06523E+05
 60.0 6.86081E+04
 60.5 6.75316E+04
 61.0 6.64746E+04
 61.5 6.54364E+04
 62.0 6.44169E+04
 62.5 6.34154E+04
 63.0 6.24316E+04
 63.5 6.14651E+04
 64.0 6.05155E+04
 64.5 5.95823E+04
 65.0 5.86652E+04
 65.5 5.77638E+04
 66.0 5.68777E+04
 66.5 5.60066E+04
 67.0 2.34876E+05
 67.5 5.43077E+04
 68.0 5.34792E+04
 68.5 5.26642E+04
 69.0 9.92961E+04
 69.5 4.97599E+04
 70.0 4.25565E+04
 70.5 4.20688E+04
 71.0 4.15836E+04
 71.5 4.11011E+04
 72.0 4.06212E+04
 72.5 4.01439E+04
 73.0 3.96693E+04
 73.5 3.91972E+04
 74.0 3.87278E+04
 74.5 3.82610E+04
 75.0 3.77968E+04
 75.5 3.73351E+04
 76.0 3.68761E+04
 76.5 3.64196E+04
 77.0 3.59657E+04
 77.5 3.55143E+04
 78.0 3.50654E+04
 78.5 3.46190E+04
 79.0 3.41750E+04
 79.5 3.37336E+04
 80.0 3.32945E+04
 80.5 3.28579E+04
 81.0 3.24236E+04
 81.5 3.19917E+04
 82.0 3.15621E+04
 82.5 3.11348E+04
 83.0 3.07098E+04
 83.5 3.02871E+04
 84.0 2.98666E+04
 84.5 2.94483E+04
 85.0 2.90321E+04
 85.5 2.86181E+04
 86.0 2.82063E+04
 86.5 2.77965E+04
 87.0 2.73888E+04
 87.5 2.69831E+04
 88.0 2.65795E+04
 88.5 2.61779E+04
 89.0 2.57782E+04
 89.5 2.53805E+04
 90.0 2.49847E+04
 90.5 2.45908E+04
 91.0 2.41988E+04
 91.5 2.38086E+04
 92.0 2.34202E+04
 92.5 2.30337E+04
 93.0 2.26489E+04
 93.5 2.22659E+04
 94.0 2.18846E+04
 94.5 2.15051E+04
 95.0 2.11273E+04
 95.5 2.07511E+04
 96.0 2.03766E+04
 96.5 2.00038E+04
 97.0 1.96325E+04
 97.5 1.92629E+04
 98.0 1.88949E+04
 98.5 1.85285E+04
 99.0 1.81636E+04
 99.5 1.78003E+04
100.0 1.74385E+04
100.5 1.70782E+04
101.0 1.67194E+04
101.5 1.63622E+04
102.0 1.60064E+04
102.5 1.56520E+04
103.0 1.52992E+04
103.5 1.49478E+04
104.0 1.45978E+04
104.5 1.42493E+04
105.0 1.39021E+04
105.5 1.35564E+04
106.0 1.32122E+04
106.5 1.28693E+04
107.0 1.25278E+04
107.5 1.21876E+04
108.0 1.18489E+04
108.5 1.15116E+04
109.0 1.11756E+04
109.5 1.08410E+04
110.0 1.05077E+04
110.5 1.01759E+04
111.0 9.84536E+03
111.5 9.51621E+03
112.0 9.18842E+03
112.5 8.86199E+03
113.0 8.53692E+03
113.5 8.21320E+03
114.0 7.89085E+03
114.5 7.56986E+03
115.0 7.25023E+03
115.5 6.93197E+03
116.0 6.61508E+03
116.5 6.29955E+03
117.0 5.98540E+03
117.5 5.67263E+03
118.0 5.36124E+03
118.5 5.05124E+03
119.0 4.74264E+03
119.5 4.43543E+03
120.0 4.12962E+03
120.5 3.82523E+03
121.0 3.52225E+03
121.5 3.22070E+03
122.0 2.92058E+03
122.5 2.62190E+03
123.0 2.32467E+03
123.5 2.02889E+03
124.0 1.73458E+03
124.5 1.44175E+03
125.0 1.15040E+03
125.5 8.60548E+02
126.0 5.72200E+02
126.5 2.85369E+02
127.0 2.37435E+01
