128K06D0W2
  0.5 0.00000E+00
  1.0 0.00000E+00
  1.5 0.00000E+00
  2.0 0.00000E+00
  2.5 0.00000E+00
  3.0 0.00000E+00
  3.5 6.07083E+03
  4.0 9.02023E+03
  4.5 1.21391E+04
  5.0 1.53755E+04
  5.5 1.87070E+04
  6.0 2.21229E+04
  6.5 2.56174E+04
  7.0 2.91869E+04
  7.5 3.28286E+04
  8.0 3.65402E+04
  8.5 5.01876E+04
  9.0 4.41666E+04
  9.5 8.53450E+04
 10.0 7.68271E+04
 10.5 2.06881E+04
 11.0 2.23068E+04
 11.5 2.27977E+04
 12.0 1.71672E+04
 12.5 1.60099E+04
 13.0 1.70628E+04
 13.5 1.81251E+04
 14.0 1.91966E+04
 14.5 2.02771E+04
 15.0 2.13665E+04
 15.5 2.24645E+04
 16.0 2.35709E+04
 16.5 2.46855E+04
 17.0 2.58082E+04
 17.5 2.69387E+04
 18.0 2.80769E+04
 18.5 2.92225E+04
 19.0 3.03755E+04
 19.5 3.15356E+04
 20.0 3.27026E+04
 20.5 3.38764E+04
 21.0 3.50567E+04
 21.5 3.62433E+04
 22.0 3.74358E+04
 22.5 3.86338E+04
 23.0 3.98367E+04
 23.5 4.10436E+04
 24.0 4.22537E+04
 24.5 4.34656E+04
 25.0 4.46779E+04
 25.5 4.58886E+04
 26.0 4.70958E+04
 26.5 4.82971E+04
 27.0 4.94900E+04
 27.5 5.06715E+04
 28.0 5.18387E+04
 28.5 5.29886E+04
 29.0 5.41178E+04
 29.5 5.52233E+04
 30.0 5.63018E+04
 30.5 5.73502E+04
 31.0 5.83656E+04
 31.5 5.93452E+04
 32.0 6.02863E+04
 32.5 6.11866E+04
 33.0 6.20441E+04
 33.5 6.28569E+04
 34.0 6.36235E+04
 34.5 6.43425E+04
 35.0 6.50130E+04
 35.5 6.56343E+04
 36.0 6.62059E+04
 36.5 6.67277E+04
 37.0 6.71997E+04
 37.5 6.76223E+04
 38.0 6.79958E+04
 38.5 6.83209E+04
 39.0 6.85987E+04
 39.5 6.88299E+04
 40.0 6.90156E+04
 40.5 6.91573E+04
 41.0 6.92561E+04
 41.5 6.93134E+04
 42.0 6.93309E+04
 42.5 6.93098E+04
 43.0 6.92518E+04
 43.5 6.91585E+04
 44.0 6.90314E+04
 44.5 6.88722E+04
 45.0 6.86824E+04
 45.5 6.84635E+04
 46.0 6.82172E+04
 46.5 6.79449E+04
 47.0 6.76481E+04
 47.5 6.73282E+04
 48.0 6.69868E+04
 48.5 6.66251E+04
 49.0 6.62445E+04
 49.5 6.58463E+04
 50.0 6.54316E+04
 50.5 6.50016E+04
 51.0 6.45577E+04
 51.5 6.41006E+04
 52.0 6.36317E+04
 52.5 6.31517E+04
 53.0 6.26617E+04
 53.5 6.21626E+04
 54.0 6.16553E+04
 54.5 6.11404E+04
 55.0 6.06189E+04
 55.5 6.00914E+04
 56.0 5.95586E+04
 56.5 5.90211E+04
 57.0 5.84797E+04
 57.5 5.79347E+04
 58.0 2.53395E+05
 58.5 5.68366E+04
 59.0 5.62843E+04
 59.5 4.08833E+05
 60.0 5.51758E+04
 60.5 5.46202E+04
 61.0 5.40643E+04
 61.5 5.35084E+04
 62.0 5.29528E+04
 62.5 5.23977E+04
 63.0 5.18435E+04
 63.5 5.12904E+04
 64.0 5.07386E+04
 64.5 5.01884E+04
 65.0 4.96399E+04
 65.5 4.90932E+04
 66.0 4.85486E+04
 66.5 4.80062E+04
 67.0 1.81190E+05
 67.5 4.69286E+04
 68.0 4.63935E+04
 68.5 4.58611E+04
 69.0 8.14919E+04
 69.5 4.15017E+04
 70.0 2.47201E+04
 70.5 2.47073E+04
 71.0 2.46892E+04
 71.5 2.46658E+04
 72.0 2.46370E+04
 72.5 2.46029E+04
 73.0 2.45635E+04
 73.5 2.45187E+04
 74.0 2.44685E+04
 74.5 2.44131E+04
 75.0 2.43523E+04
 75.5 2.42862E+04
 76.0 2.42149E+04
 76.5 2.41384E+04
 77.0 2.40566E+04
 77.5 2.39696E+04
 78.0 2.38776E+04
 78.5 2.37804E+04
 79.0 2.36783E+04
 79.5 2.35711E+04
 80.0 2.34590E+04
 80.5 2.33420E+04
 81.0 2.32202E+04
 81.5 2.30936E+04
 82.0 2.29623E+04
 82.5 2.28264E+04
 83.0 2.26859E+04
 83.5 2.25409E+04
 84.0 2.23915E+04
 84.5 2.22377E+04
 85.0 2.20795E+04
 85.5 2.19172E+04
 86.0 2.17507E+04
 86.5 2.15801E+04
 87.0 2.14055E+04
 87.5 2.12270E+04
 88.0 2.10446E+04
 88.5 2.08584E+04
 89.0 2.06685E+04
 89.5 2.04750E+04
 90.0 2.02779E+04
 90.5 2.00773E+04
 91.0 1.98733E+04
 91.5 1.96660E+04
 92.0 1.94554E+04
 92.5 1.92417E+04
 93.0 1.90248E+04
 93.5 1.88049E+04
 94.0 1.85821E+04
 94.5 1.83563E+04
 95.0 1.81278E+04
 95.5 1.78965E+04
 96.0 1.76626E+04
 96.5 1.74261E+04
 97.0 1.71870E+04
 97.5 1.69456E+04
 98.0 1.67017E+04
 98.5 1.64555E+04
 99.0 1.62071E+04
 99.5 1.59566E+04
100.0 1.57039E+04
100.5 1.54492E+04
101.0 1.51926E+04
101.5 1.49340E+04
102.0 1.46736E+04
102.5 1.44115E+04
103.0 1.41476E+04
103.5 1.38821E+04
104.0 1.36150E+04
104.5 1.33464E+04
105.0 1.30764E+04
105.5 1.28049E+04
106.0 1.25322E+04
106.5 1.22581E+04
107.0 1.19828E+04
107.5 1.17064E+04
108.0 1.14289E+04
108.5 1.11503E+04
109.0 1.08707E+04
109.5 1.05902E+04
110.0 1.03088E+04
110.5 1.00266E+04
111.0 9.74361E+03
111.5 9.45989E+03
112.0 9.17550E+03
112.5 8.89049E+03
113.0 8.60491E+03
113.5 8.31881E+03
114.0 8.03224E+03
114.5 7.74525E+03
115.0 7.45788E+03
115.5 7.17019E+03
116.0 6.88221E+03
116.5 6.59400E+03
117.0 6.30560E+03
117.5 6.01707E+03
118.0 5.72843E+03
118.5 5.43974E+03
119.0 5.15104E+03
119.5 4.86237E+03
120.0 4.57378E+03
120.5 4.28531E+03
121.0 3.99700E+03
121.5 3.70889E+03
122.0 3.42102E+03
122.5 3.13344E+03
123.0 2.84618E+03
123.5 2.55929E+03
124.0 2.27280E+03
124.5 1.98676E+03
125.0 1.70119E+03
125.5 1.41614E+03
126.0 1.13166E+03
126.5 8.47765E+02
127.0 5.64505E+02
127.5 2.81915E+02
128.0 2.34754E+01
