128K09D0W2
  0.5 0.00000E+00
  1.0 0.00000E+00
  1.5 0.00000E+00
  2.0 0.00000E+00
  2.5 0.00000E+00
  3.0 0.00000E+00
  3.5 1.13961E+04
  4.0 1.58033E+04
  4.5 2.04061E+04
  5.0 2.51753E+04
  5.5 3.00983E+04
  6.0 3.51692E+04
  6.5 4.03842E+04
  7.0 4.57410E+04
  7.5 5.12381E+04
  8.0 5.68750E+04
  8.5 1.89188E+05
  9.0 6.85730E+04
  9.5 3.02978E+05
 10.0 2.58830E+05
 10.5 3.23239E+04
 11.0 3.47672E+04
 11.5 4.05403E+04
 12.0 2.68335E+04
 12.5 2.50343E+04
 13.0 2.66180E+04
 13.5 2.82213E+04
 14.0 2.98440E+04
 14.5 3.14859E+04
 15.0 3.31470E+04
 15.5 3.48274E+04
 16.0 3.65270E+04
 16.5 3.82458E+04
 17.0 3.99840E+04
 17.5 4.17416E+04
 18.0 4.35186E+04
 18.5 4.53150E+04
 19.0 4.71307E+04
 19.5 4.89650E+04
 20.0 5.08171E+04
 20.5 5.26856E+04
 21.0 5.45683E+04
 21.5 5.64624E+04
 22.0 5.83643E+04
 22.5 6.02695E+04
 23.0 6.21727E+04
 23.5 6.40681E+04
 24.0 6.59490E+04
 24.5 6.78086E+04
 25.0 6.96394E+04
 25.5 7.14340E+04
 26.0 7.31851E+04
 26.5 7.48854E+04
 27.0 7.65281E+04
 27.5 7.81068E+04
 28.0 7.96155E+04
 28.5 8.10492E+04
 29.0 8.24032E+04
 29.5 8.36739E+04
 30.0 8.48582E+04
 30.5 8.59537E+04
 31.0 8.69589E+04
 31.5 8.78730E+04
 32.0 8.86954E+04
 32.5 8.94268E+04
 33.0 9.00679E+04
 33.5 9.06200E+04
 34.0 9.10850E+04
 34.5 9.14650E+04
 35.0 9.17624E+04
 35.5 9.19799E+04
 36.0 9.21205E+04
 36.5 9.21874E+04
 37.0 9.21836E+04
 37.5 9.21126E+04
 38.0 9.19778E+04
 38.5 9.17824E+04
 39.0 9.15299E+04
 39.5 9.12237E+04
 40.0 9.08671E+04
 40.5 9.04632E+04
 41.0 9.00154E+04
 41.5 8.95267E+04
 42.0 8.90000E+04
 42.5 8.84383E+04
 43.0 8.78443E+04
 43.5 8.72206E+04
 44.0 8.65699E+04
 44.5 8.58945E+04
 45.0 8.51968E+04
 45.5 8.44789E+04
 46.0 8.37428E+04
 46.5 8.29906E+04
 47.0 8.22241E+04
 47.5 8.14450E+04
 48.0 8.06550E+04
 48.5 7.98555E+04
 49.0 7.90480E+04
 49.5 7.82339E+04
 50.0 7.74143E+04
 50.5 7.65905E+04
 51.0 7.57636E+04
 51.5 7.49344E+04
 52.0 7.41040E+04
 52.5 7.32732E+04
 53.0 7.24429E+04
 53.5 7.16137E+04
 54.0 7.07862E+04
 54.5 6.99612E+04
 55.0 6.91392E+04
 55.5 6.83207E+04
 56.0 6.75061E+04
 56.5 6.66959E+04
 57.0 6.58905E+04
 57.5 6.50901E+04
 58.0 3.07224E+05
 58.5 6.35060E+04
 59.0 6.27227E+04
 59.5 4.94170E+05
 60.0 6.11748E+04
 60.5 6.04106E+04
 61.0 5.96529E+04
 61.5 5.89020E+04
 62.0 5.81581E+04
 62.5 5.74210E+04
 63.0 5.66910E+04
 63.5 5.59680E+04
 64.0 5.52521E+04
 64.5 5.45433E+04
 65.0 5.38417E+04
 65.5 5.31471E+04
 66.0 5.24597E+04
 66.5 5.17793E+04
 67.0 2.05926E+05
 67.5 5.04397E+04
 68.0 4.97804E+04
 68.5 4.91280E+04
 69.0 8.98903E+04
 69.5 4.51651E+04
 70.0 3.13815E+04
 70.5 3.12309E+04
 71.0 3.10754E+04
 71.5 3.09152E+04
 72.0 3.07503E+04
 72.5 3.05808E+04
 73.0 3.04069E+04
 73.5 3.02286E+04
 74.0 3.00460E+04
 74.5 2.98592E+04
 75.0 2.96684E+04
 75.5 2.94735E+04
 76.0 2.92747E+04
 76.5 2.90720E+04
 77.0 2.88656E+04
 77.5 2.86556E+04
 78.0 2.84420E+04
 78.5 2.82250E+04
 79.0 2.80045E+04
 79.5 2.77808E+04
 80.0 2.75538E+04
 80.5 2.73238E+04
 81.0 2.70906E+04
 81.5 2.68546E+04
 82.0 2.66156E+04
 82.5 2.63738E+04
 83.0 2.61294E+04
 83.5 2.58822E+04
 84.0 2.56325E+04
 84.5 2.53804E+04
 85.0 2.51258E+04
 85.5 2.48688E+04
 86.0 2.46096E+04
 86.5 2.43482E+04
 87.0 2.40847E+04
 87.5 2.38191E+04
 88.0 2.35515E+04
 88.5 2.32819E+04
 89.0 2.30106E+04
 89.5 2.27374E+04
 90.0 2.24625E+04
 90.5 2.21859E+04
 91.0 2.19077E+04
 91.5 2.16279E+04
 92.0 2.13466E+04
 92.5 2.10639E+04
 93.0 2.07798E+04
 93.5 2.04944E+04
 94.0 2.02077E+04
 94.5 1.99198E+04
 95.0 1.96308E+04
 95.5 1.93406E+04
 96.0 1.90493E+04
 96.5 1.87570E+04
 97.0 1.84638E+04
 97.5 1.81696E+04
 98.0 1.78746E+04
 98.5 1.75788E+04
 99.0 1.72821E+04
 99.5 1.69848E+04
100.0 1.66867E+04
100.5 1.63880E+04
101.0 1.60887E+04
101.5 1.57888E+04
102.0 1.54884E+04
102.5 1.51875E+04
103.0 1.48861E+04
103.5 1.45844E+04
104.0 1.42823E+04
104.5 1.39799E+04
105.0 1.36771E+04
105.5 1.33742E+04
106.0 1.30710E+04
106.5 1.27676E+04
107.0 1.24641E+04
107.5 1.21605E+04
108.0 1.18568E+04
108.5 1.15530E+04
109.0 1.12493E+04
109.5 1.09455E+04
110.0 1.06419E+04
110.5 1.03383E+04
111.0 1.00348E+04
111.5 9.73155E+03
112.0 9.42843E+03
112.5 9.12553E+03
113.0 8.82288E+03
113.5 8.52050E+03
114.0 8.21843E+03
114.5 7.91670E+03
115.0 7.61533E+03
115.5 7.31436E+03
116.0 7.01382E+03
116.5 6.71373E+03
117.0 6.41412E+03
117.5 6.11502E+03
118.0 5.81646E+03
118.5 5.51846E+03
119.0 5.22106E+03
119.5 4.92428E+03
120.0 4.62815E+03
120.5 4.33270E+03
121.0 4.03795E+03
121.5 3.74393E+03
122.0 3.45067E+03
122.5 3.15818E+03
123.0 2.86651E+03
123.5 2.57568E+03
124.0 2.28570E+03
124.5 1.99662E+03
125.0 1.70844E+03
125.5 1.42121E+03
126.0 1.13494E+03
126.5 8.49669E+02
127.0 5.65410E+02
127.5 2.82194E+02
128.0 2.34900E+01
