128K07D0W2
  0.5 0.00000E+00
  1.0 0.00000E+00
  1.5 0.00000E+00
  2.0 0.00000E+00
  2.5 0.00000E+00
  3.0 0.00000E+00
  3.5 7.80086E+03
  4.0 1.12458E+04
  4.5 1.48633E+04
  5.0 1.86110E+04
  5.5 2.24707E+04
  6.0 2.64339E+04
  6.5 3.04956E+04
  7.0 3.46526E+04
  7.5 3.89022E+04
  8.0 4.32427E+04
  8.5 7.70822E+04
  9.0 5.21911E+04
  9.5 1.37764E+05
 10.0 1.20999E+05
 10.5 2.45293E+04
 11.0 2.64180E+04
 11.5 2.76561E+04
 12.0 2.03589E+04
 12.5 1.89900E+04
 13.0 2.02170E+04
 13.5 2.14565E+04
 14.0 2.27081E+04
 14.5 2.39718E+04
 15.0 2.52474E+04
 15.5 2.65346E+04
 16.0 2.78334E+04
 16.5 2.91435E+04
 17.0 3.04647E+04
 17.5 3.17970E+04
 18.0 3.31402E+04
 18.5 3.44942E+04
 19.0 3.58588E+04
 19.5 3.72340E+04
 20.0 3.86194E+04
 20.5 4.00150E+04
 21.0 4.14202E+04
 21.5 4.28344E+04
 22.0 4.42569E+04
 22.5 4.56866E+04
 23.0 4.71219E+04
 23.5 4.85611E+04
 24.0 5.00018E+04
 24.5 5.14412E+04
 25.0 5.28764E+04
 25.5 5.43037E+04
 26.0 5.57194E+04
 26.5 5.71193E+04
 27.0 5.84991E+04
 27.5 5.98544E+04
 28.0 6.11808E+04
 28.5 6.24738E+04
 29.0 6.37293E+04
 29.5 6.49430E+04
 30.0 6.61113E+04
 30.5 6.72306E+04
 31.0 6.82978E+04
 31.5 6.93101E+04
 32.0 7.02651E+04
 32.5 7.11610E+04
 33.0 7.19962E+04
 33.5 7.27696E+04
 34.0 7.34803E+04
 34.5 7.41282E+04
 35.0 7.47131E+04
 35.5 7.52353E+04
 36.0 7.56955E+04
 36.5 7.60946E+04
 37.0 7.64336E+04
 37.5 7.67140E+04
 38.0 7.69372E+04
 38.5 7.71049E+04
 39.0 7.72189E+04
 39.5 7.72812E+04
 40.0 7.72936E+04
 40.5 7.72584E+04
 41.0 7.71775E+04
 41.5 7.70530E+04
 42.0 7.68872E+04
 42.5 7.66821E+04
 43.0 7.64398E+04
 43.5 7.61625E+04
 44.0 7.58522E+04
 44.5 7.55109E+04
 45.0 7.51405E+04
 45.5 7.47430E+04
 46.0 7.43201E+04
 46.5 7.38736E+04
 47.0 7.34054E+04
 47.5 7.29170E+04
 48.0 7.24100E+04
 48.5 7.18859E+04
 49.0 7.13461E+04
 49.5 7.07921E+04
 50.0 7.02251E+04
 50.5 6.96463E+04
 51.0 6.90570E+04
 51.5 6.84582E+04
 52.0 6.78511E+04
 52.5 6.72366E+04
 53.0 6.66155E+04
 53.5 6.59889E+04
 54.0 6.53575E+04
 54.5 6.47221E+04
 55.0 6.40834E+04
 55.5 6.34422E+04
 56.0 6.27989E+04
 56.5 6.21543E+04
 57.0 6.15088E+04
 57.5 6.08630E+04
 58.0 2.75085E+05
 58.5 5.95723E+04
 59.0 5.89282E+04
 59.5 4.43309E+05
 60.0 5.76445E+04
 60.5 5.70054E+04
 61.0 5.63687E+04
 61.5 5.57345E+04
 62.0 5.51031E+04
 62.5 5.44748E+04
 63.0 5.38496E+04
 63.5 5.32278E+04
 64.0 5.26096E+04
 64.5 5.19951E+04
 65.0 5.13844E+04
 65.5 5.07776E+04
 66.0 5.01749E+04
 66.5 4.95762E+04
 67.0 1.91359E+05
 67.5 4.83916E+04
 68.0 4.78057E+04
 68.5 4.72241E+04
 69.0 8.49668E+04
 69.5 4.29976E+04
 70.0 2.73016E+04
 70.5 2.72408E+04
 71.0 2.71747E+04
 71.5 2.71031E+04
 72.0 2.70261E+04
 72.5 2.69438E+04
 73.0 2.68562E+04
 73.5 2.67634E+04
 74.0 2.66653E+04
 74.5 2.65621E+04
 75.0 2.64538E+04
 75.5 2.63405E+04
 76.0 2.62222E+04
 76.5 2.60990E+04
 77.0 2.59709E+04
 77.5 2.58380E+04
 78.0 2.57004E+04
 78.5 2.55582E+04
 79.0 2.54114E+04
 79.5 2.52601E+04
 80.0 2.51044E+04
 80.5 2.49443E+04
 81.0 2.47799E+04
 81.5 2.46113E+04
 82.0 2.44386E+04
 82.5 2.42619E+04
 83.0 2.40811E+04
 83.5 2.38965E+04
 84.0 2.37080E+04
 84.5 2.35158E+04
 85.0 2.33200E+04
 85.5 2.31206E+04
 86.0 2.29176E+04
 86.5 2.27112E+04
 87.0 2.25015E+04
 87.5 2.22885E+04
 88.0 2.20724E+04
 88.5 2.18530E+04
 89.0 2.16307E+04
 89.5 2.14054E+04
 90.0 2.11772E+04
 90.5 2.09461E+04
 91.0 2.07124E+04
 91.5 2.04759E+04
 92.0 2.02369E+04
 92.5 1.99953E+04
 93.0 1.97513E+04
 93.5 1.95049E+04
 94.0 1.92561E+04
 94.5 1.90052E+04
 95.0 1.87520E+04
 95.5 1.84968E+04
 96.0 1.82395E+04
 96.5 1.79802E+04
 97.0 1.77190E+04
 97.5 1.74559E+04
 98.0 1.71911E+04
 98.5 1.69245E+04
 99.0 1.66563E+04
 99.5 1.63864E+04
100.0 1.61151E+04
100.5 1.58422E+04
101.0 1.55679E+04
101.5 1.52923E+04
102.0 1.50153E+04
102.5 1.47371E+04
103.0 1.44577E+04
103.5 1.41772E+04
104.0 1.38956E+04
104.5 1.36129E+04
105.0 1.33292E+04
105.5 1.30446E+04
106.0 1.27592E+04
106.5 1.24729E+04
107.0 1.21858E+04
107.5 1.18980E+04
108.0 1.16095E+04
108.5 1.13204E+04
109.0 1.10307E+04
109.5 1.07404E+04
110.0 1.04497E+04
110.5 1.01585E+04
111.0 9.86690E+03
111.5 9.57494E+03
112.0 9.28267E+03
112.5 8.99012E+03
113.0 8.69734E+03
113.5 8.40437E+03
114.0 8.11126E+03
114.5 7.81804E+03
115.0 7.52475E+03
115.5 7.23144E+03
116.0 6.93815E+03
116.5 6.64491E+03
117.0 6.35176E+03
117.5 6.05874E+03
118.0 5.76589E+03
118.5 5.47326E+03
119.0 5.18086E+03
119.5 4.88875E+03
120.0 4.59695E+03
120.5 4.30551E+03
121.0 4.01446E+03
121.5 3.72383E+03
122.0 3.43367E+03
122.5 3.14400E+03
123.0 2.85486E+03
123.5 2.56629E+03
124.0 2.27831E+03
124.5 1.99097E+03
125.0 1.70429E+03
125.5 1.41831E+03
126.0 1.13306E+03
126.5 8.48579E+02
127.0 5.64892E+02
127.5 2.82034E+02
128.0 2.34816E+01
