128K08D0W2
  0.5 0.00000E+00
  1.0 0.00000E+00
  1.5 0.00000E+00
  2.0 0.00000E+00
  2.5 0.00000E+00
  3.0 0.00000E+00
  3.5 9.57969E+03
  4.0 1.35090E+04
  4.5 1.76202E+04
  5.0 2.18781E+04
  5.5 2.62678E+04
  6.0 3.07823E+04
  6.5 3.54171E+04
  7.0 4.01695E+04
  7.5 4.50373E+04
  8.0 5.00191E+04
  8.5 1.21903E+05
  9.0 6.03236E+04
  9.5 2.10659E+05
 10.0 1.81953E+05
 10.5 2.84070E+04
 11.0 3.05705E+04
 11.5 3.34382E+04
 12.0 2.35804E+04
 12.5 2.19975E+04
 13.0 2.34014E+04
 13.5 2.48211E+04
 14.0 2.62563E+04
 14.5 2.77070E+04
 15.0 2.91731E+04
 15.5 3.06543E+04
 16.0 3.21506E+04
 16.5 3.36619E+04
 17.0 3.51881E+04
 17.5 3.67292E+04
 18.0 3.82851E+04
 18.5 3.98557E+04
 19.0 4.14411E+04
 19.5 4.30410E+04
 20.0 4.46549E+04
 20.5 4.62824E+04
 21.0 4.79225E+04
 21.5 4.95737E+04
 22.0 5.12343E+04
 22.5 5.29017E+04
 23.0 5.45729E+04
 23.5 5.62443E+04
 24.0 5.79117E+04
 24.5 5.95704E+04
 25.0 6.12151E+04
 25.5 6.28404E+04
 26.0 6.44404E+04
 26.5 6.60094E+04
 27.0 6.75415E+04
 27.5 6.90310E+04
 28.0 7.04724E+04
 28.5 7.18606E+04
 29.0 7.31909E+04
 29.5 7.44589E+04
 30.0 7.56610E+04
 30.5 7.67939E+04
 31.0 7.78551E+04
 31.5 7.88424E+04
 32.0 7.97542E+04
 32.5 8.05897E+04
 33.0 8.13484E+04
 33.5 8.20302E+04
 34.0 8.26357E+04
 34.5 8.31656E+04
 35.0 8.36212E+04
 35.5 8.40038E+04
 36.0 8.43155E+04
 36.5 8.45580E+04
 37.0 8.47338E+04
 37.5 8.48452E+04
 38.0 8.48946E+04
 38.5 8.48846E+04
 39.0 8.48181E+04
 39.5 8.46976E+04
 40.0 8.45258E+04
 40.5 8.43056E+04
 41.0 8.40397E+04
 41.5 8.37307E+04
 42.0 8.33812E+04
 42.5 8.29938E+04
 43.0 8.25711E+04
 43.5 8.21155E+04
 44.0 8.16293E+04
 44.5 8.11148E+04
 45.0 8.05742E+04
 45.5 8.00096E+04
 46.0 7.94230E+04
 46.5 7.88163E+04
 47.0 7.81913E+04
 47.5 7.75498E+04
 48.0 7.68934E+04
 48.5 7.62236E+04
 49.0 7.55420E+04
 49.5 7.48498E+04
 50.0 7.41484E+04
 50.5 7.34390E+04
 51.0 7.27229E+04
 51.5 7.20009E+04
 52.0 7.12742E+04
 52.5 7.05436E+04
 53.0 6.98101E+04
 53.5 6.90746E+04
 54.0 6.83375E+04
 54.5 6.75999E+04
 55.0 6.68622E+04
 55.5 6.61251E+04
 56.0 6.53892E+04
 56.5 6.46548E+04
 57.0 6.39226E+04
 57.5 6.31929E+04
 58.0 2.92682E+05
 58.5 6.17427E+04
 59.0 6.10228E+04
 59.5 4.71188E+05
 60.0 5.95950E+04
 60.5 5.88876E+04
 61.0 5.81848E+04
 61.5 5.74868E+04
 62.0 5.67938E+04
 62.5 5.61060E+04
 63.0 5.54233E+04
 63.5 5.47461E+04
 64.0 5.40743E+04
 64.5 5.34080E+04
 65.0 5.27473E+04
 65.5 5.20923E+04
 66.0 5.14430E+04
 66.5 5.07994E+04
 67.0 1.99404E+05
 67.5 4.95294E+04
 68.0 4.89030E+04
 68.5 4.82823E+04
 69.0 8.76936E+04
 69.5 4.41905E+04
 70.0 2.94974E+04
 70.5 2.93904E+04
 71.0 2.92780E+04
 71.5 2.91605E+04
 72.0 2.90379E+04
 72.5 2.89102E+04
 73.0 2.87776E+04
 73.5 2.86401E+04
 74.0 2.84978E+04
 74.5 2.83507E+04
 75.0 2.81990E+04
 75.5 2.80427E+04
 76.0 2.78819E+04
 76.5 2.77168E+04
 77.0 2.75472E+04
 77.5 2.73734E+04
 78.0 2.71955E+04
 78.5 2.70135E+04
 79.0 2.68274E+04
 79.5 2.66375E+04
 80.0 2.64437E+04
 80.5 2.62462E+04
 81.0 2.60450E+04
 81.5 2.58402E+04
 82.0 2.56319E+04
 82.5 2.54202E+04
 83.0 2.52051E+04
 83.5 2.49868E+04
 84.0 2.47653E+04
 84.5 2.45407E+04
 85.0 2.43131E+04
 85.5 2.40826E+04
 86.0 2.38491E+04
 86.5 2.36129E+04
 87.0 2.33740E+04
 87.5 2.31324E+04
 88.0 2.28883E+04
 88.5 2.26416E+04
 89.0 2.23925E+04
 89.5 2.21411E+04
 90.0 2.18874E+04
 90.5 2.16315E+04
 91.0 2.13734E+04
 91.5 2.11133E+04
 92.0 2.08511E+04
 92.5 2.05870E+04
 93.0 2.03210E+04
 93.5 2.00532E+04
 94.0 1.97837E+04
 94.5 1.95124E+04
 95.0 1.92395E+04
 95.5 1.89650E+04
 96.0 1.86890E+04
 96.5 1.84116E+04
 97.0 1.81327E+04
 97.5 1.78525E+04
 98.0 1.75710E+04
 98.5 1.72883E+04
 99.0 1.70044E+04
 99.5 1.67193E+04
100.0 1.64332E+04
100.5 1.61460E+04
101.0 1.58579E+04
101.5 1.55688E+04
102.0 1.52789E+04
102.5 1.49881E+04
103.0 1.46965E+04
103.5 1.44042E+04
104.0 1.41112E+04
104.5 1.38176E+04
105.0 1.35234E+04
105.5 1.32286E+04
106.0 1.29332E+04
106.5 1.26374E+04
107.0 1.23412E+04
107.5 1.20446E+04
108.0 1.17477E+04
108.5 1.14504E+04
109.0 1.11529E+04
109.5 1.08551E+04
110.0 1.05572E+04
110.5 1.02591E+04
111.0 9.96085E+03
111.5 9.66256E+03
112.0 9.36424E+03
112.5 9.06591E+03
113.0 8.76761E+03
113.5 8.46939E+03
114.0 8.17127E+03
114.5 7.87330E+03
115.0 7.57549E+03
115.5 7.27790E+03
116.0 6.98055E+03
116.5 6.68348E+03
117.0 6.38671E+03
117.5 6.09029E+03
118.0 5.79424E+03
118.5 5.49861E+03
119.0 5.20341E+03
119.5 4.90868E+03
120.0 4.61446E+03
120.5 4.32077E+03
121.0 4.02764E+03
121.5 3.73511E+03
122.0 3.44321E+03
122.5 3.15196E+03
123.0 2.86140E+03
123.5 2.57156E+03
124.0 2.28246E+03
124.5 1.99414E+03
125.0 1.70662E+03
125.5 1.41994E+03
126.0 1.13412E+03
126.5 8.49191E+02
127.0 5.65183E+02
127.5 2.82124E+02
128.0 2.34863E+01
