128K16D0W2
  0.5 0.00000E+00
  1.0 0.00000E+00
  1.5 0.00000E+00
  2.0 0.00000E+00
  2.5 0.00000E+00
  3.0 0.00000E+00
  3.5 2.48616E+04
  4.0 3.26041E+04
  4.5 4.07129E+04
  5.0 4.91792E+04
  5.5 5.80009E+04
  6.0 6.71801E+04
  6.5 7.67223E+04
  7.0 8.66383E+04
  7.5 9.69456E+04
  8.0 1.07671E+05
  8.5 1.32289E+06
  9.0 1.30539E+05
  9.5 1.27459E+06
 10.0 1.06431E+06
 10.5 6.11082E+04
 11.0 6.56961E+04
 11.5 1.41791E+05
 12.0 5.07125E+04
 12.5 4.73111E+04
 13.0 5.02640E+04
 13.5 5.32753E+04
 14.0 5.63466E+04
 14.5 5.94801E+04
 15.0 6.26776E+04
 15.5 6.59404E+04
 16.0 6.92688E+04
 16.5 7.26612E+04
 17.0 7.61135E+04
 17.5 7.96191E+04
 18.0 8.31675E+04
 18.5 8.67455E+04
 19.0 9.03364E+04
 19.5 9.39211E+04
 20.0 9.74784E+04
 20.5 1.00986E+05
 21.0 1.04420E+05
 21.5 1.07759E+05
 22.0 1.10981E+05
 22.5 1.14065E+05
 23.0 1.16995E+05
 23.5 1.19753E+05
 24.0 1.22328E+05
 24.5 1.24709E+05
 25.0 1.26889E+05
 25.5 1.28862E+05
 26.0 1.30625E+05
 26.5 1.32180E+05
 27.0 1.33526E+05
 27.5 1.34667E+05
 28.0 1.35609E+05
 28.5 1.36357E+05
 29.0 1.36919E+05
 29.5 1.37302E+05
 30.0 1.37514E+05
 30.5 1.37566E+05
 31.0 1.37466E+05
 31.5 1.37224E+05
 32.0 1.36848E+05
 32.5 1.36349E+05
 33.0 1.35735E+05
 33.5 1.35016E+05
 34.0 1.34200E+05
 34.5 1.33295E+05
 35.0 1.32310E+05
 35.5 1.31252E+05
 36.0 1.30128E+05
 36.5 1.28946E+05
 37.0 1.27711E+05
 37.5 1.26430E+05
 38.0 1.25109E+05
 38.5 1.23753E+05
 39.0 1.22366E+05
 39.5 1.20953E+05
 40.0 1.19520E+05
 40.5 1.18069E+05
 41.0 1.16604E+05
 41.5 1.15128E+05
 42.0 1.13646E+05
 42.5 1.12158E+05
 43.0 1.10669E+05
 43.5 1.09180E+05
 44.0 1.07694E+05
 44.5 1.06212E+05
 45.0 1.04737E+05
 45.5 1.03269E+05
 46.0 1.01810E+05
 46.5 1.00361E+05
 47.0 9.89245E+04
 47.5 9.75003E+04
 48.0 9.60895E+04
 48.5 9.46928E+04
 49.0 9.33111E+04
 49.5 9.19448E+04
 50.0 9.05945E+04
 50.5 8.92606E+04
 51.0 8.79434E+04
 51.5 8.66431E+04
 52.0 8.53602E+04
 52.5 8.40947E+04
 53.0 8.28466E+04
 53.5 8.16162E+04
 54.0 8.04035E+04
 54.5 7.92083E+04
 55.0 7.80308E+04
 55.5 7.68708E+04
 56.0 7.57282E+04
 56.5 7.46030E+04
 57.0 7.34950E+04
 57.5 7.24041E+04
 58.0 3.64949E+05
 58.5 7.02726E+04
 59.0 6.92316E+04
 59.5 5.84920E+05
 60.0 6.71984E+04
 60.5 6.62056E+04
 61.0 6.52283E+04
 61.5 6.42664E+04
 62.0 6.33196E+04
 62.5 6.23876E+04
 63.0 6.14702E+04
 63.5 6.05670E+04
 64.0 5.96779E+04
 64.5 5.88026E+04
 65.0 5.79408E+04
 65.5 5.70923E+04
 66.0 5.62567E+04
 66.5 5.54339E+04
 67.0 2.30823E+05
 67.5 5.38254E+04
 68.0 5.30392E+04
 68.5 5.22647E+04
 69.0 9.81731E+04
 69.5 4.89668E+04
 70.0 3.94925E+04
 70.5 3.91190E+04
 71.0 3.87450E+04
 71.5 3.83705E+04
 72.0 3.79956E+04
 72.5 3.76203E+04
 73.0 3.72448E+04
 73.5 3.68691E+04
 74.0 3.64933E+04
 74.5 3.61174E+04
 75.0 3.57415E+04
 75.5 3.53657E+04
 76.0 3.49900E+04
 76.5 3.46144E+04
 77.0 3.42391E+04
 77.5 3.38640E+04
 78.0 3.34891E+04
 78.5 3.31147E+04
 79.0 3.27405E+04
 79.5 3.23668E+04
 80.0 3.19935E+04
 80.5 3.16206E+04
 81.0 3.12483E+04
 81.5 3.08765E+04
 82.0 3.05052E+04
 82.5 3.01344E+04
 83.0 2.97643E+04
 83.5 2.93948E+04
 84.0 2.90259E+04
 84.5 2.86576E+04
 85.0 2.82900E+04
 85.5 2.79231E+04
 86.0 2.75569E+04
 86.5 2.71914E+04
 87.0 2.68266E+04
 87.5 2.64625E+04
 88.0 2.60992E+04
 88.5 2.57366E+04
 89.0 2.53748E+04
 89.5 2.50138E+04
 90.0 2.46535E+04
 90.5 2.42940E+04
 91.0 2.39353E+04
 91.5 2.35775E+04
 92.0 2.32204E+04
 92.5 2.28642E+04
 93.0 2.25088E+04
 93.5 2.21542E+04
 94.0 2.18004E+04
 94.5 2.14475E+04
 95.0 2.10954E+04
 95.5 2.07442E+04
 96.0 2.03938E+04
 96.5 2.00443E+04
 97.0 1.96956E+04
 97.5 1.93478E+04
 98.0 1.90009E+04
 98.5 1.86549E+04
 99.0 1.83097E+04
 99.5 1.79654E+04
100.0 1.76220E+04
100.5 1.72795E+04
101.0 1.69379E+04
101.5 1.65972E+04
102.0 1.62574E+04
102.5 1.59185E+04
103.0 1.55805E+04
103.5 1.52435E+04
104.0 1.49073E+04
104.5 1.45721E+04
105.0 1.42379E+04
105.5 1.39045E+04
106.0 1.35721E+04
106.5 1.32407E+04
107.0 1.29102E+04
107.5 1.25807E+04
108.0 1.22521E+04
108.5 1.19246E+04
109.0 1.15980E+04
109.5 1.12724E+04
110.0 1.09478E+04
110.5 1.06241E+04
111.0 1.03015E+04
111.5 9.97996E+03
112.0 9.65939E+03
112.5 9.33986E+03
113.0 9.02138E+03
113.5 8.70394E+03
114.0 8.38755E+03
114.5 8.07224E+03
115.0 7.75800E+03
115.5 7.44484E+03
116.0 7.13278E+03
116.5 6.82182E+03
117.0 6.51197E+03
117.5 6.20325E+03
118.0 5.89567E+03
118.5 5.58922E+03
119.0 5.28394E+03
119.5 4.97982E+03
120.0 4.67688E+03
120.5 4.37512E+03
121.0 4.07457E+03
121.5 3.77523E+03
122.0 3.47712E+03
122.5 3.18024E+03
123.0 2.88462E+03
123.5 2.59026E+03
124.0 2.29717E+03
124.5 2.00537E+03
125.0 1.71488E+03
125.5 1.42570E+03
126.0 1.13786E+03
126.5 8.51355E+02
127.0 5.66211E+02
127.5 2.82441E+02
128.0 2.35029E+01
