128K14D0W2
  0.5 0.00000E+00
  1.0 0.00000E+00
  1.5 0.00000E+00
  2.0 0.00000E+00
  2.5 0.00000E+00
  3.0 0.00000E+00
  3.5 2.08917E+04
  4.0 2.76703E+04
  4.5 3.47566E+04
  5.0 4.21377E+04
  5.5 4.98089E+04
  6.0 5.77689E+04
  6.5 6.60192E+04
  7.0 7.45644E+04
  7.5 8.34128E+04
  8.0 9.25783E+04
  8.5 8.95422E+05
  9.0 1.11952E+05
  9.5 9.63702E+05
 10.0 8.06724E+05
 10.5 5.26035E+04
 11.0 5.65399E+04
 11.5 1.03480E+05
 12.0 4.36626E+04
 12.5 4.07369E+04
 13.0 4.32759E+04
 13.5 4.58592E+04
 14.0 4.84880E+04
 14.5 5.11632E+04
 15.0 5.38862E+04
 15.5 5.66582E+04
 16.0 5.94801E+04
 16.5 6.23522E+04
 17.0 6.52739E+04
 17.5 6.82431E+04
 18.0 7.12557E+04
 18.5 7.43054E+04
 19.0 7.73836E+04
 19.5 8.04793E+04
 20.0 8.35792E+04
 20.5 8.66683E+04
 21.0 8.97300E+04
 21.5 9.27469E+04
 22.0 9.57014E+04
 22.5 9.85758E+04
 23.0 1.01353E+05
 23.5 1.04018E+05
 24.0 1.06557E+05
 24.5 1.08956E+05
 25.0 1.11206E+05
 25.5 1.13297E+05
 26.0 1.15224E+05
 26.5 1.16981E+05
 27.0 1.18566E+05
 27.5 1.19978E+05
 28.0 1.21217E+05
 28.5 1.22285E+05
 29.0 1.23186E+05
 29.5 1.23924E+05
 30.0 1.24503E+05
 30.5 1.24930E+05
 31.0 1.25211E+05
 31.5 1.25353E+05
 32.0 1.25363E+05
 32.5 1.25249E+05
 33.0 1.25017E+05
 33.5 1.24676E+05
 34.0 1.24232E+05
 34.5 1.23693E+05
 35.0 1.23066E+05
 35.5 1.22358E+05
 36.0 1.21576E+05
 36.5 1.20726E+05
 37.0 1.19814E+05
 37.5 1.18846E+05
 38.0 1.17827E+05
 38.5 1.16763E+05
 39.0 1.15659E+05
 39.5 1.14519E+05
 40.0 1.13348E+05
 40.5 1.12150E+05
 41.0 1.10929E+05
 41.5 1.09688E+05
 42.0 1.08430E+05
 42.5 1.07158E+05
 43.0 1.05876E+05
 43.5 1.04586E+05
 44.0 1.03291E+05
 44.5 1.01992E+05
 45.0 1.00691E+05
 45.5 9.93910E+04
 46.0 9.80930E+04
 46.5 9.67986E+04
 47.0 9.55093E+04
 47.5 9.42262E+04
 48.0 9.29505E+04
 48.5 9.16833E+04
 49.0 9.04254E+04
 49.5 8.91777E+04
 50.0 8.79408E+04
 50.5 8.67155E+04
 51.0 8.55022E+04
 51.5 8.43015E+04
 52.0 8.31137E+04
 52.5 8.19393E+04
 53.0 8.07786E+04
 53.5 7.96317E+04
 54.0 7.84989E+04
 54.5 7.73803E+04
 55.0 7.62761E+04
 55.5 7.51863E+04
 56.0 7.41110E+04
 56.5 7.30502E+04
 57.0 7.20039E+04
 57.5 7.09721E+04
 58.0 3.53448E+05
 58.5 6.89515E+04
 59.0 6.79626E+04
 59.5 5.66897E+05
 60.0 6.60270E+04
 60.5 6.50800E+04
 61.0 6.41468E+04
 61.5 6.32270E+04
 62.0 6.23206E+04
 62.5 6.14274E+04
 63.0 6.05472E+04
 63.5 5.96798E+04
 64.0 5.88250E+04
 64.5 5.79826E+04
 65.0 5.71524E+04
 65.5 5.63341E+04
 66.0 5.55277E+04
 66.5 5.47329E+04
 67.0 2.25978E+05
 67.5 5.31771E+04
 68.0 5.24157E+04
 68.5 5.16650E+04
 69.0 9.65735E+04
 69.5 4.82154E+04
 70.0 3.77951E+04
 70.5 3.74726E+04
 71.0 3.71484E+04
 71.5 3.68224E+04
 72.0 3.64948E+04
 72.5 3.61658E+04
 73.0 3.58353E+04
 73.5 3.55035E+04
 74.0 3.51705E+04
 74.5 3.48363E+04
 75.0 3.45011E+04
 75.5 3.41648E+04
 76.0 3.38276E+04
 76.5 3.34896E+04
 77.0 3.31508E+04
 77.5 3.28112E+04
 78.0 3.24710E+04
 78.5 3.21301E+04
 79.0 3.17887E+04
 79.5 3.14469E+04
 80.0 3.11045E+04
 80.5 3.07618E+04
 81.0 3.04187E+04
 81.5 3.00754E+04
 82.0 2.97317E+04
 82.5 2.93879E+04
 83.0 2.90438E+04
 83.5 2.86997E+04
 84.0 2.83554E+04
 84.5 2.80111E+04
 85.0 2.76667E+04
 85.5 2.73223E+04
 86.0 2.69780E+04
 86.5 2.66337E+04
 87.0 2.62895E+04
 87.5 2.59454E+04
 88.0 2.56014E+04
 88.5 2.52577E+04
 89.0 2.49141E+04
 89.5 2.45707E+04
 90.0 2.42276E+04
 90.5 2.38847E+04
 91.0 2.35421E+04
 91.5 2.31998E+04
 92.0 2.28579E+04
 92.5 2.25162E+04
 93.0 2.21750E+04
 93.5 2.18341E+04
 94.0 2.14936E+04
 94.5 2.11535E+04
 95.0 2.08138E+04
 95.5 2.04746E+04
 96.0 2.01358E+04
 96.5 1.97975E+04
 97.0 1.94597E+04
 97.5 1.91224E+04
 98.0 1.87856E+04
 98.5 1.84493E+04
 99.0 1.81136E+04
 99.5 1.77784E+04
100.0 1.74438E+04
100.5 1.71098E+04
101.0 1.67763E+04
101.5 1.64435E+04
102.0 1.61113E+04
102.5 1.57798E+04
103.0 1.54488E+04
103.5 1.51186E+04
104.0 1.47890E+04
104.5 1.44600E+04
105.0 1.41318E+04
105.5 1.38043E+04
106.0 1.34775E+04
106.5 1.31514E+04
107.0 1.28261E+04
107.5 1.25015E+04
108.0 1.21777E+04
108.5 1.18546E+04
109.0 1.15324E+04
109.5 1.12109E+04
110.0 1.08903E+04
110.5 1.05704E+04
111.0 1.02515E+04
111.5 9.93334E+03
112.0 9.61607E+03
112.5 9.29969E+03
113.0 8.98418E+03
113.5 8.66958E+03
114.0 8.35590E+03
114.5 8.04314E+03
115.0 7.73132E+03
115.5 7.42045E+03
116.0 7.11055E+03
116.5 6.80163E+03
117.0 6.49371E+03
117.5 6.18679E+03
118.0 5.88089E+03
118.5 5.57603E+03
119.0 5.27222E+03
119.5 4.96947E+03
120.0 4.66780E+03
120.5 4.36723E+03
121.0 4.06776E+03
121.5 3.76941E+03
122.0 3.47220E+03
122.5 3.17614E+03
123.0 2.88125E+03
123.5 2.58755E+03
124.0 2.29504E+03
124.5 2.00375E+03
125.0 1.71369E+03
125.5 1.42487E+03
126.0 1.13732E+03
126.5 8.51042E+02
127.0 5.66063E+02
127.5 2.82395E+02
128.0 2.35005E+01
