128K17D0W2
  0.5 0.00000E+00
  1.0 0.00000E+00
  1.5 0.00000E+00
  2.0 0.00000E+00
  2.5 0.00000E+00
  3.0 0.00000E+00
  3.5 2.68845E+04
  4.0 3.51155E+04
  4.5 4.37445E+04
  5.0 5.27646E+04
  5.5 6.21753E+04
  6.0 7.19805E+04
  6.5 8.21888E+04
  7.0 9.28150E+04
  7.5 1.03883E+05
  8.0 1.15429E+05
  8.5 1.55840E+06
  9.0 1.40154E+05
  9.5 1.43294E+06
 10.0 1.19555E+06
 10.5 6.54616E+04
 11.0 7.03896E+04
 11.5 1.63351E+05
 12.0 5.43192E+04
 12.5 5.06735E+04
 13.0 5.38418E+04
 13.5 5.70763E+04
 14.0 6.03796E+04
 14.5 6.37537E+04
 15.0 6.72010E+04
 15.5 7.07221E+04
 16.0 7.43164E+04
 16.5 7.79802E+04
 17.0 8.17068E+04
 17.5 8.54859E+04
 18.0 8.93032E+04
 18.5 9.31408E+04
 19.0 9.69775E+04
 19.5 1.00790E+05
 20.0 1.04553E+05
 20.5 1.08241E+05
 21.0 1.11827E+05
 21.5 1.15289E+05
 22.0 1.18603E+05
 22.5 1.21749E+05
 23.0 1.24709E+05
 23.5 1.27469E+05
 24.0 1.30017E+05
 24.5 1.32346E+05
 25.0 1.34448E+05
 25.5 1.36323E+05
 26.0 1.37969E+05
 26.5 1.39388E+05
 27.0 1.40585E+05
 27.5 1.41565E+05
 28.0 1.42336E+05
 28.5 1.42904E+05
 29.0 1.43280E+05
 29.5 1.43472E+05
 30.0 1.43492E+05
 30.5 1.43349E+05
 31.0 1.43053E+05
 31.5 1.42616E+05
 32.0 1.42048E+05
 32.5 1.41358E+05
 33.0 1.40557E+05
 33.5 1.39654E+05
 34.0 1.38658E+05
 34.5 1.37577E+05
 35.0 1.36422E+05
 35.5 1.35198E+05
 36.0 1.33914E+05
 36.5 1.32576E+05
 37.0 1.31191E+05
 37.5 1.29765E+05
 38.0 1.28304E+05
 38.5 1.26813E+05
 39.0 1.25297E+05
 39.5 1.23761E+05
 40.0 1.22208E+05
 40.5 1.20642E+05
 41.0 1.19067E+05
 41.5 1.17487E+05
 42.0 1.15903E+05
 42.5 1.14320E+05
 43.0 1.12738E+05
 43.5 1.11161E+05
 44.0 1.09590E+05
 44.5 1.08027E+05
 45.0 1.06474E+05
 45.5 1.04932E+05
 46.0 1.03402E+05
 46.5 1.01886E+05
 47.0 1.00385E+05
 47.5 9.88991E+04
 48.0 9.74293E+04
 48.5 9.59762E+04
 49.0 9.45406E+04
 49.5 9.31228E+04
 50.0 9.17233E+04
 50.5 9.03423E+04
 51.0 8.89802E+04
 51.5 8.76370E+04
 52.0 8.63129E+04
 52.5 8.50081E+04
 53.0 8.37226E+04
 53.5 8.24562E+04
 54.0 8.12091E+04
 54.5 7.99811E+04
 55.0 7.87721E+04
 55.5 7.75821E+04
 56.0 7.64108E+04
 56.5 7.52581E+04
 57.0 7.41237E+04
 57.5 7.30075E+04
 58.0 3.69823E+05
 58.5 7.08288E+04
 59.0 6.97657E+04
 59.5 5.92550E+05
 60.0 6.76909E+04
 60.5 6.66786E+04
 61.0 6.56827E+04
 61.5 6.47029E+04
 62.0 6.37389E+04
 62.5 6.27905E+04
 63.0 6.18573E+04
 63.5 6.09391E+04
 64.0 6.00355E+04
 64.5 5.91463E+04
 65.0 5.82711E+04
 65.5 5.74098E+04
 66.0 5.65620E+04
 66.5 5.57273E+04
 67.0 2.32860E+05
 67.5 5.40966E+04
 68.0 5.33000E+04
 68.5 5.25155E+04
 69.0 9.88441E+04
 69.5 4.92846E+04
 70.0 4.02242E+04
 70.5 3.98281E+04
 71.0 3.94320E+04
 71.5 3.90360E+04
 72.0 3.86402E+04
 72.5 3.82446E+04
 73.0 3.78492E+04
 73.5 3.74542E+04
 74.0 3.70596E+04
 74.5 3.66655E+04
 75.0 3.62718E+04
 75.5 3.58787E+04
 76.0 3.54861E+04
 76.5 3.50942E+04
 77.0 3.47030E+04
 77.5 3.43124E+04
 78.0 3.39226E+04
 78.5 3.35335E+04
 79.0 3.31451E+04
 79.5 3.27576E+04
 80.0 3.23709E+04
 80.5 3.19851E+04
 81.0 3.16001E+04
 81.5 3.12160E+04
 82.0 3.08328E+04
 82.5 3.04505E+04
 83.0 3.00692E+04
 83.5 2.96887E+04
 84.0 2.93093E+04
 84.5 2.89308E+04
 85.0 2.85532E+04
 85.5 2.81767E+04
 86.0 2.78011E+04
 86.5 2.74265E+04
 87.0 2.70529E+04
 87.5 2.66804E+04
 88.0 2.63088E+04
 88.5 2.59382E+04
 89.0 2.55686E+04
 89.5 2.52001E+04
 90.0 2.48325E+04
 90.5 2.44660E+04
 91.0 2.41005E+04
 91.5 2.37361E+04
 92.0 2.33726E+04
 92.5 2.30102E+04
 93.0 2.26488E+04
 93.5 2.22884E+04
 94.0 2.19290E+04
 94.5 2.15707E+04
 95.0 2.12134E+04
 95.5 2.08571E+04
 96.0 2.05018E+04
 96.5 2.01475E+04
 97.0 1.97943E+04
 97.5 1.94421E+04
 98.0 1.90909E+04
 98.5 1.87408E+04
 99.0 1.83917E+04
 99.5 1.80435E+04
100.0 1.76965E+04
100.5 1.73504E+04
101.0 1.70053E+04
101.5 1.66613E+04
102.0 1.63183E+04
102.5 1.59764E+04
103.0 1.56354E+04
103.5 1.52955E+04
104.0 1.49567E+04
104.5 1.46188E+04
105.0 1.42820E+04
105.5 1.39463E+04
106.0 1.36116E+04
106.5 1.32779E+04
107.0 1.29452E+04
107.5 1.26137E+04
108.0 1.22831E+04
108.5 1.19537E+04
109.0 1.16253E+04
109.5 1.12979E+04
110.0 1.09717E+04
110.5 1.06465E+04
111.0 1.03224E+04
111.5 9.99933E+03
112.0 9.67739E+03
112.5 9.35656E+03
113.0 9.03682E+03
113.5 8.71820E+03
114.0 8.40070E+03
114.5 8.08432E+03
115.0 7.76907E+03
115.5 7.45496E+03
116.0 7.14200E+03
116.5 6.83019E+03
117.0 6.51955E+03
117.5 6.21008E+03
118.0 5.90179E+03
118.5 5.59469E+03
119.0 5.28879E+03
119.5 4.98411E+03
120.0 4.68064E+03
120.5 4.37839E+03
121.0 4.07739E+03
121.5 3.77764E+03
122.0 3.47916E+03
122.5 3.18194E+03
123.0 2.88601E+03
123.5 2.59138E+03
124.0 2.29805E+03
124.5 2.00605E+03
125.0 1.71538E+03
125.5 1.42605E+03
126.0 1.13808E+03
126.5 8.51484E+02
127.0 5.66273E+02
127.5 2.82460E+02
128.0 2.35038E+01
