128K13D0W2
  0.5 0.00000E+00
  1.0 0.00000E+00
  1.5 0.00000E+00
  2.0 0.00000E+00
  2.5 0.00000E+00
  3.0 0.00000E+00
  3.5 1.89433E+04
  4.0 2.52451E+04
  4.5 3.18279E+04
  5.0 3.86764E+04
  5.5 4.57846E+04
  6.0 5.31500E+04
  6.5 6.07728E+04
  7.0 6.86550E+04
  7.5 7.68020E+04
  8.0 8.52230E+04
  8.5 7.08317E+05
  9.0 1.02951E+05
  9.5 8.14022E+05
 10.0 6.82711E+05
 10.5 4.84433E+04
 11.0 5.20667E+04
 11.5 8.70022E+04
 12.0 4.02123E+04
 12.5 3.75185E+04
 13.0 3.98580E+04
 13.5 4.22359E+04
 14.0 4.46529E+04
 14.5 4.71096E+04
 15.0 4.96071E+04
 15.5 5.21461E+04
 16.0 5.47277E+04
 16.5 5.73523E+04
 17.0 6.00201E+04
 17.5 6.27302E+04
 18.0 6.54804E+04
 18.5 6.82670E+04
 19.0 7.10847E+04
 19.5 7.39256E+04
 20.0 7.67803E+04
 20.5 7.96373E+04
 21.0 8.24837E+04
 21.5 8.53051E+04
 22.0 8.80867E+04
 22.5 9.08131E+04
 23.0 9.34689E+04
 23.5 9.60396E+04
 24.0 9.85113E+04
 24.5 1.00871E+05
 25.0 1.03109E+05
 25.5 1.05214E+05
 26.0 1.07178E+05
 26.5 1.08996E+05
 27.0 1.10663E+05
 27.5 1.12176E+05
 28.0 1.13533E+05
 28.5 1.14734E+05
 29.0 1.15781E+05
 29.5 1.16676E+05
 30.0 1.17422E+05
 30.5 1.18023E+05
 31.0 1.18485E+05
 31.5 1.18812E+05
 32.0 1.19010E+05
 32.5 1.19086E+05
 33.0 1.19045E+05
 33.5 1.18894E+05
 34.0 1.18641E+05
 34.5 1.18290E+05
 35.0 1.17849E+05
 35.5 1.17325E+05
 36.0 1.16722E+05
 36.5 1.16048E+05
 37.0 1.15308E+05
 37.5 1.14508E+05
 38.0 1.13653E+05
 38.5 1.12748E+05
 39.0 1.11798E+05
 39.5 1.10808E+05
 40.0 1.09781E+05
 40.5 1.08723E+05
 41.0 1.07637E+05
 41.5 1.06526E+05
 42.0 1.05393E+05
 42.5 1.04243E+05
 43.0 1.03078E+05
 43.5 1.01900E+05
 44.0 1.00712E+05
 44.5 9.95164E+04
 45.0 9.83155E+04
 45.5 9.71110E+04
 46.0 9.59049E+04
 46.5 9.46986E+04
 47.0 9.34938E+04
 47.5 9.22920E+04
 48.0 9.10942E+04
 48.5 8.99016E+04
 49.0 8.87154E+04
 49.5 8.75363E+04
 50.0 8.63653E+04
 50.5 8.52030E+04
 51.0 8.40503E+04
 51.5 8.29075E+04
 52.0 8.17754E+04
 52.5 8.06543E+04
 53.0 7.95446E+04
 53.5 7.84467E+04
 54.0 7.73609E+04
 54.5 7.62873E+04
 55.0 7.52262E+04
 55.5 7.41778E+04
 56.0 7.31422E+04
 56.5 7.21194E+04
 57.0 7.11095E+04
 57.5 7.01127E+04
 58.0 3.46592E+05
 58.5 6.81578E+04
 59.0 6.71998E+04
 59.5 5.56138E+05
 60.0 6.53222E+04
 60.5 6.44025E+04
 61.0 6.34954E+04
 61.5 6.26008E+04
 62.0 6.17185E+04
 62.5 6.08484E+04
 63.0 5.99904E+04
 63.5 5.91443E+04
 64.0 5.83100E+04
 64.5 5.74873E+04
 65.0 5.66760E+04
 65.5 5.58759E+04
 66.0 5.50870E+04
 66.5 5.43089E+04
 67.0 2.23064E+05
 67.5 5.27847E+04
 68.0 5.20382E+04
 68.5 5.13019E+04
 69.0 9.56086E+04
 69.5 4.77664E+04
 70.0 3.68025E+04
 70.5 3.65088E+04
 71.0 3.62127E+04
 71.5 3.59143E+04
 72.0 3.56137E+04
 72.5 3.53109E+04
 73.0 3.50061E+04
 73.5 3.46994E+04
 74.0 3.43909E+04
 74.5 3.40806E+04
 75.0 3.37687E+04
 75.5 3.34552E+04
 76.0 3.31402E+04
 76.5 3.28238E+04
 77.0 3.25061E+04
 77.5 3.21871E+04
 78.0 3.18669E+04
 78.5 3.15456E+04
 79.0 3.12232E+04
 79.5 3.08999E+04
 80.0 3.05756E+04
 80.5 3.02504E+04
 81.0 2.99245E+04
 81.5 2.95977E+04
 82.0 2.92703E+04
 82.5 2.89422E+04
 83.0 2.86135E+04
 83.5 2.82842E+04
 84.0 2.79544E+04
 84.5 2.76242E+04
 85.0 2.72935E+04
 85.5 2.69624E+04
 86.0 2.66310E+04
 86.5 2.62992E+04
 87.0 2.59672E+04
 87.5 2.56350E+04
 88.0 2.53025E+04
 88.5 2.49699E+04
 89.0 2.46371E+04
 89.5 2.43042E+04
 90.0 2.39713E+04
 90.5 2.36383E+04
 91.0 2.33053E+04
 91.5 2.29723E+04
 92.0 2.26393E+04
 92.5 2.23064E+04
 93.0 2.19736E+04
 93.5 2.16409E+04
 94.0 2.13083E+04
 94.5 2.09759E+04
 95.0 2.06436E+04
 95.5 2.03116E+04
 96.0 1.99798E+04
 96.5 1.96482E+04
 97.0 1.93169E+04
 97.5 1.89859E+04
 98.0 1.86552E+04
 98.5 1.83248E+04
 99.0 1.79947E+04
 99.5 1.76650E+04
100.0 1.73357E+04
100.5 1.70068E+04
101.0 1.66783E+04
101.5 1.63503E+04
102.0 1.60227E+04
102.5 1.56955E+04
103.0 1.53688E+04
103.5 1.50427E+04
104.0 1.47170E+04
104.5 1.43919E+04
105.0 1.40673E+04
105.5 1.37433E+04
106.0 1.34199E+04
106.5 1.30971E+04
107.0 1.27748E+04
107.5 1.24533E+04
108.0 1.21323E+04
108.5 1.18120E+04
109.0 1.14924E+04
109.5 1.11735E+04
110.0 1.08552E+04
110.5 1.05377E+04
111.0 1.02209E+04
111.5 9.90491E+03
112.0 9.58965E+03
112.5 9.27518E+03
113.0 8.96149E+03
113.5 8.64862E+03
114.0 8.33658E+03
114.5 8.02537E+03
115.0 7.71503E+03
115.5 7.40556E+03
116.0 7.09698E+03
116.5 6.78930E+03
117.0 6.48255E+03
117.5 6.17673E+03
118.0 5.87187E+03
118.5 5.56797E+03
119.0 5.26506E+03
119.5 4.96315E+03
120.0 4.66226E+03
120.5 4.36240E+03
121.0 4.06359E+03
121.5 3.76585E+03
122.0 3.46919E+03
122.5 3.17364E+03
123.0 2.87920E+03
123.5 2.58589E+03
124.0 2.29374E+03
124.5 2.00275E+03
125.0 1.71296E+03
125.5 1.42436E+03
126.0 1.13699E+03
126.5 8.50851E+02
127.0 5.65972E+02
127.5 2.82367E+02
128.0 2.34990E+01
