128K22D0W2
  0.5 0.00000E+00
  1.0 0.00000E+00
  1.5 0.00000E+00
  2.0 0.00000E+00
  2.5 0.00000E+00
  3.0 0.00000E+00
  3.5 3.74246E+04
  4.0 4.81893E+04
  4.5 5.95331E+04
  5.0 7.14594E+04
  5.5 8.39796E+04
  6.0 9.71141E+04
  6.5 1.10896E+05
  7.0 1.25380E+05
  7.5 1.40643E+05
  8.0 1.56786E+05
  8.5 2.87217E+06
  9.0 1.92007E+05
  9.5 2.21910E+06
 10.0 1.84767E+06
 10.5 8.84454E+04
 11.0 9.52506E+04
 11.5 2.89473E+05
 12.0 7.33356E+04
 12.5 6.83895E+04
 13.0 7.27370E+04
 13.5 7.72021E+04
 14.0 8.17881E+04
 14.5 8.64953E+04
 15.0 9.13195E+04
 15.5 9.62502E+04
 16.0 1.01270E+05
 16.5 1.06354E+05
 17.0 1.11472E+05
 17.5 1.16586E+05
 18.0 1.21656E+05
 18.5 1.26641E+05
 19.0 1.31497E+05
 19.5 1.36183E+05
 20.0 1.40664E+05
 20.5 1.44903E+05
 21.0 1.48874E+05
 21.5 1.52553E+05
 22.0 1.55922E+05
 22.5 1.58969E+05
 23.0 1.61686E+05
 23.5 1.64072E+05
 24.0 1.66127E+05
 24.5 1.67858E+05
 25.0 1.69271E+05
 25.5 1.70379E+05
 26.0 1.71193E+05
 26.5 1.71729E+05
 27.0 1.72001E+05
 27.5 1.72025E+05
 28.0 1.71818E+05
 28.5 1.71396E+05
 29.0 1.70776E+05
 29.5 1.69974E+05
 30.0 1.69005E+05
 30.5 1.67885E+05
 31.0 1.66629E+05
 31.5 1.65249E+05
 32.0 1.63760E+05
 32.5 1.62172E+05
 33.0 1.60499E+05
 33.5 1.58750E+05
 34.0 1.56936E+05
 34.5 1.55066E+05
 35.0 1.53149E+05
 35.5 1.51192E+05
 36.0 1.49203E+05
 36.5 1.47188E+05
 37.0 1.45154E+05
 37.5 1.43105E+05
 38.0 1.41048E+05
 38.5 1.38987E+05
 39.0 1.36925E+05
 39.5 1.34867E+05
 40.0 1.32816E+05
 40.5 1.30774E+05
 41.0 1.28745E+05
 41.5 1.26731E+05
 42.0 1.24734E+05
 42.5 1.22756E+05
 43.0 1.20798E+05
 43.5 1.18862E+05
 44.0 1.16949E+05
 44.5 1.15060E+05
 45.0 1.13196E+05
 45.5 1.11358E+05
 46.0 1.09546E+05
 46.5 1.07761E+05
 47.0 1.06003E+05
 47.5 1.04272E+05
 48.0 1.02569E+05
 48.5 1.00893E+05
 49.0 9.92453E+04
 49.5 9.76252E+04
 50.0 9.60327E+04
 50.5 9.44675E+04
 51.0 9.29297E+04
 51.5 9.14190E+04
 52.0 8.99350E+04
 52.5 8.84776E+04
 53.0 8.70463E+04
 53.5 8.56409E+04
 54.0 8.42609E+04
 54.5 8.29060E+04
 55.0 8.15759E+04
 55.5 8.02700E+04
 56.0 7.89880E+04
 56.5 7.77296E+04
 57.0 7.64941E+04
 57.5 7.52813E+04
 58.0 3.88333E+05
 58.5 7.29217E+04
 59.0 7.17740E+04
 59.5 6.21483E+05
 60.0 6.95408E+04
 60.5 6.84544E+04
 61.0 6.73875E+04
 61.5 6.63397E+04
 62.0 6.53107E+04
 62.5 6.42999E+04
 63.0 6.33070E+04
 63.5 6.23315E+04
 64.0 6.13730E+04
 64.5 6.04312E+04
 65.0 5.95056E+04
 65.5 5.85959E+04
 66.0 5.77017E+04
 66.5 5.68226E+04
 67.0 2.40513E+05
 67.5 5.51082E+04
 68.0 5.42723E+04
 68.5 5.34500E+04
 69.0 1.01356E+05
 69.5 5.04891E+04
 70.0 4.30703E+04
 70.5 4.25825E+04
 71.0 4.20974E+04
 71.5 4.16148E+04
 72.0 4.11348E+04
 72.5 4.06575E+04
 73.0 4.01827E+04
 73.5 3.97106E+04
 74.0 3.92412E+04
 74.5 3.87743E+04
 75.0 3.83100E+04
 75.5 3.78484E+04
 76.0 3.73893E+04
 76.5 3.69328E+04
 77.0 3.64789E+04
 77.5 3.60275E+04
 78.0 3.55786E+04
 78.5 3.51323E+04
 79.0 3.46884E+04
 79.5 3.42470E+04
 80.0 3.38080E+04
 80.5 3.33715E+04
 81.0 3.29374E+04
 81.5 3.25056E+04
 82.0 3.20762E+04
 82.5 3.16492E+04
 83.0 3.12244E+04
 83.5 3.08019E+04
 84.0 3.03817E+04
 84.5 2.99637E+04
 85.0 2.95479E+04
 85.5 2.91342E+04
 86.0 2.87227E+04
 86.5 2.83134E+04
 87.0 2.79061E+04
 87.5 2.75009E+04
 88.0 2.70977E+04
 88.5 2.66966E+04
 89.0 2.62974E+04
 89.5 2.59002E+04
 90.0 2.55050E+04
 90.5 2.51116E+04
 91.0 2.47202E+04
 91.5 2.43306E+04
 92.0 2.39429E+04
 92.5 2.35570E+04
 93.0 2.31729E+04
 93.5 2.27906E+04
 94.0 2.24101E+04
 94.5 2.20312E+04
 95.0 2.16542E+04
 95.5 2.12787E+04
 96.0 2.09050E+04
 96.5 2.05330E+04
 97.0 2.01625E+04
 97.5 1.97937E+04
 98.0 1.94265E+04
 98.5 1.90609E+04
 99.0 1.86969E+04
 99.5 1.83344E+04
100.0 1.79735E+04
100.5 1.76140E+04
101.0 1.72561E+04
101.5 1.68997E+04
102.0 1.65448E+04
102.5 1.61914E+04
103.0 1.58394E+04
103.5 1.54889E+04
104.0 1.51398E+04
104.5 1.47921E+04
105.0 1.44459E+04
105.5 1.41011E+04
106.0 1.37577E+04
106.5 1.34157E+04
107.0 1.30750E+04
107.5 1.27358E+04
108.0 1.23979E+04
108.5 1.20614E+04
109.0 1.17263E+04
109.5 1.13925E+04
110.0 1.10601E+04
110.5 1.07290E+04
111.0 1.03993E+04
111.5 1.00709E+04
112.0 9.74391E+03
112.5 9.41823E+03
113.0 9.09389E+03
113.5 8.77089E+03
114.0 8.44923E+03
114.5 8.12892E+03
115.0 7.80994E+03
115.5 7.49231E+03
116.0 7.17603E+03
116.5 6.86109E+03
117.0 6.54750E+03
117.5 6.23526E+03
118.0 5.92438E+03
118.5 5.61486E+03
119.0 5.30670E+03
119.5 4.99991E+03
120.0 4.69449E+03
120.5 4.39045E+03
121.0 4.08779E+03
121.5 3.78653E+03
122.0 3.48666E+03
122.5 3.18819E+03
123.0 2.89114E+03
123.5 2.59551E+03
124.0 2.30130E+03
124.5 2.00852E+03
125.0 1.71719E+03
125.5 1.42732E+03
126.0 1.13890E+03
126.5 8.51960E+02
127.0 5.66499E+02
127.5 2.82529E+02
128.0 2.35075E+01
