129K09D0W2
  0.5 0.00000E+00
  1.0 0.00000E+00
  1.5 0.00000E+00
  2.0 0.00000E+00
  2.5 0.00000E+00
  3.0 0.00000E+00
  3.5 1.13104E+04
  4.0 1.56937E+04
  4.5 2.02722E+04
  5.0 2.50164E+04
  5.5 2.99138E+04
  6.0 3.49585E+04
  6.5 4.01466E+04
  7.0 4.54757E+04
  7.5 5.09443E+04
  8.0 5.65520E+04
  8.5 1.82923E+05
  9.0 6.81883E+04
  9.5 2.95710E+05
 10.0 2.52824E+05
 10.5 3.21526E+04
 11.0 3.45854E+04
 11.5 4.00519E+04
 12.0 2.66972E+04
 12.5 2.49090E+04
 13.0 2.64869E+04
 13.5 2.80843E+04
 14.0 2.97012E+04
 14.5 3.13374E+04
 15.0 3.29930E+04
 15.5 3.46677E+04
 16.0 3.63617E+04
 16.5 3.80751E+04
 17.0 3.98078E+04
 17.5 4.15600E+04
 18.0 4.33317E+04
 18.5 4.51229E+04
 19.0 4.69335E+04
 19.5 4.87630E+04
 20.0 5.06106E+04
 20.5 5.24751E+04
 21.0 5.43543E+04
 21.5 5.62458E+04
 22.0 5.81459E+04
 22.5 6.00506E+04
 23.0 6.19547E+04
 23.5 6.38525E+04
 24.0 6.57377E+04
 24.5 6.76032E+04
 25.0 6.94421E+04
 25.5 7.12469E+04
 26.0 7.30101E+04
 26.5 7.47247E+04
 27.0 7.63836E+04
 27.5 7.79806E+04
 28.0 7.95094E+04
 28.5 8.09648E+04
 29.0 8.23422E+04
 29.5 8.36376E+04
 30.0 8.48477E+04
 30.5 8.59702E+04
 31.0 8.70031E+04
 31.5 8.79454E+04
 32.0 8.87967E+04
 32.5 8.95571E+04
 33.0 9.02272E+04
 33.5 9.08084E+04
 34.0 9.13022E+04
 34.5 9.17106E+04
 35.0 9.20360E+04
 35.5 9.22809E+04
 36.0 9.24484E+04
 36.5 9.25412E+04
 37.0 9.25627E+04
 37.5 9.25160E+04
 38.0 9.24046E+04
 38.5 9.22316E+04
 39.0 9.20006E+04
 39.5 9.17149E+04
 40.0 9.13777E+04
 40.5 9.09924E+04
 41.0 9.05620E+04
 41.5 9.00897E+04
 42.0 8.95785E+04
 42.5 8.90312E+04
 43.0 8.84508E+04
 43.5 8.78397E+04
 44.0 8.72007E+04
 44.5 8.65361E+04
 45.0 8.58484E+04
 45.5 8.51396E+04
 46.0 8.44119E+04
 46.5 8.36673E+04
 47.0 8.29077E+04
 47.5 8.21347E+04
 48.0 8.13502E+04
 48.5 8.05556E+04
 49.0 7.97524E+04
 49.5 7.89420E+04
 50.0 7.81256E+04
 50.5 7.73044E+04
 51.0 7.64797E+04
 51.5 7.56522E+04
 52.0 7.48231E+04
 52.5 7.39933E+04
 53.0 7.31634E+04
 53.5 7.23343E+04
 54.0 7.15067E+04
 54.5 7.06812E+04
 55.0 6.98584E+04
 55.5 6.90389E+04
 56.0 6.82230E+04
 56.5 6.74114E+04
 57.0 6.66042E+04
 57.5 6.58020E+04
 58.0 3.13022E+05
 58.5 6.42136E+04
 59.0 6.34280E+04
 59.5 5.04111E+05
 60.0 6.18750E+04
 60.5 6.11080E+04
 61.0 6.03475E+04
 61.5 5.95938E+04
 62.0 5.88468E+04
 62.5 5.81067E+04
 63.0 5.73736E+04
 63.5 5.66475E+04
 64.0 5.59285E+04
 64.5 5.52166E+04
 65.0 5.45117E+04
 65.5 5.38140E+04
 66.0 5.31234E+04
 66.5 5.24398E+04
 67.0 2.10189E+05
 67.5 5.10938E+04
 68.0 5.04313E+04
 68.5 4.97757E+04
 69.0 9.15152E+04
 69.5 4.57341E+04
 70.0 3.15883E+04
 70.5 3.14421E+04
 71.0 3.12911E+04
 71.5 3.11353E+04
 72.0 3.09748E+04
 72.5 3.08098E+04
 73.0 3.06403E+04
 73.5 3.04664E+04
 74.0 3.02882E+04
 74.5 3.01057E+04
 75.0 2.99192E+04
 75.5 2.97287E+04
 76.0 2.95342E+04
 76.5 2.93359E+04
 77.0 2.91338E+04
 77.5 2.89280E+04
 78.0 2.87187E+04
 78.5 2.85059E+04
 79.0 2.82897E+04
 79.5 2.80702E+04
 80.0 2.78475E+04
 80.5 2.76216E+04
 81.0 2.73926E+04
 81.5 2.71607E+04
 82.0 2.69258E+04
 82.5 2.66882E+04
 83.0 2.64478E+04
 83.5 2.62047E+04
 84.0 2.59591E+04
 84.5 2.57109E+04
 85.0 2.54603E+04
 85.5 2.52073E+04
 86.0 2.49521E+04
 86.5 2.46946E+04
 87.0 2.44350E+04
 87.5 2.41733E+04
 88.0 2.39095E+04
 88.5 2.36438E+04
 89.0 2.33763E+04
 89.5 2.31069E+04
 90.0 2.28357E+04
 90.5 2.25629E+04
 91.0 2.22884E+04
 91.5 2.20123E+04
 92.0 2.17347E+04
 92.5 2.14557E+04
 93.0 2.11752E+04
 93.5 2.08934E+04
 94.0 2.06102E+04
 94.5 2.03259E+04
 95.0 2.00403E+04
 95.5 1.97536E+04
 96.0 1.94658E+04
 96.5 1.91770E+04
 97.0 1.88871E+04
 97.5 1.85963E+04
 98.0 1.83046E+04
 98.5 1.80121E+04
 99.0 1.77188E+04
 99.5 1.74246E+04
100.0 1.71298E+04
100.5 1.68343E+04
101.0 1.65381E+04
101.5 1.62413E+04
102.0 1.59440E+04
102.5 1.56462E+04
103.0 1.53479E+04
103.5 1.50492E+04
104.0 1.47500E+04
104.5 1.44505E+04
105.0 1.41507E+04
105.5 1.38506E+04
106.0 1.35502E+04
106.5 1.32496E+04
107.0 1.29488E+04
107.5 1.26479E+04
108.0 1.23469E+04
108.5 1.20458E+04
109.0 1.17446E+04
109.5 1.14435E+04
110.0 1.11423E+04
110.5 1.08412E+04
111.0 1.05402E+04
111.5 1.02393E+04
112.0 9.93854E+03
112.5 9.63795E+03
113.0 9.33757E+03
113.5 9.03741E+03
114.0 8.73752E+03
114.5 8.43793E+03
115.0 8.13865E+03
115.5 7.83973E+03
116.0 7.54118E+03
116.5 7.24305E+03
117.0 6.94534E+03
117.5 6.64810E+03
118.0 6.35134E+03
118.5 6.05511E+03
119.0 5.75942E+03
119.5 5.46429E+03
120.0 5.16977E+03
120.5 4.87587E+03
121.0 4.58262E+03
121.5 4.29005E+03
122.0 3.99818E+03
122.5 3.70703E+03
123.0 3.41665E+03
123.5 3.12704E+03
124.0 2.83824E+03
124.5 2.55026E+03
125.0 2.26315E+03
125.5 1.97691E+03
126.0 1.69159E+03
126.5 1.40719E+03
127.0 1.12375E+03
127.5 8.41289E+02
128.0 5.59836E+02
128.5 2.79413E+02
129.0 2.32585E+01
