129K07D0W2
  0.5 0.00000E+00
  1.0 0.00000E+00
  1.5 0.00000E+00
  2.0 0.00000E+00
  2.5 0.00000E+00
  3.0 0.00000E+00
  3.5 7.73792E+03
  4.0 1.11637E+04
  4.5 1.47621E+04
  5.0 1.84903E+04
  5.5 2.23302E+04
  6.0 2.62733E+04
  6.5 3.03145E+04
  7.0 3.44506E+04
  7.5 3.86791E+04
  8.0 4.29979E+04
  8.5 7.49577E+04
  9.0 5.19018E+04
  9.5 1.34057E+05
 10.0 1.17923E+05
 10.5 2.43988E+04
 11.0 2.62798E+04
 11.5 2.74434E+04
 12.0 2.02550E+04
 12.5 1.88945E+04
 13.0 2.01171E+04
 13.5 2.13523E+04
 14.0 2.25997E+04
 14.5 2.38592E+04
 15.0 2.51307E+04
 15.5 2.64140E+04
 16.0 2.77088E+04
 16.5 2.90151E+04
 17.0 3.03326E+04
 17.5 3.16613E+04
 18.0 3.30009E+04
 18.5 3.43514E+04
 19.0 3.57127E+04
 19.5 3.70846E+04
 20.0 3.84670E+04
 20.5 3.98596E+04
 21.0 4.12620E+04
 21.5 4.26738E+04
 22.0 4.40941E+04
 22.5 4.55219E+04
 23.0 4.69559E+04
 23.5 4.83943E+04
 24.0 4.98349E+04
 24.5 5.12751E+04
 25.0 5.27119E+04
 25.5 5.41419E+04
 26.0 5.55613E+04
 26.5 5.69662E+04
 27.0 5.83522E+04
 27.5 5.97151E+04
 28.0 6.10505E+04
 28.5 6.23538E+04
 29.0 6.36208E+04
 29.5 6.48475E+04
 30.0 6.60300E+04
 30.5 6.71647E+04
 31.0 6.82484E+04
 31.5 6.92782E+04
 32.0 7.02517E+04
 32.5 7.11669E+04
 33.0 7.20219E+04
 33.5 7.28158E+04
 34.0 7.35475E+04
 34.5 7.42166E+04
 35.0 7.48230E+04
 35.5 7.53668E+04
 36.0 7.58487E+04
 36.5 7.62694E+04
 37.0 7.66298E+04
 37.5 7.69313E+04
 38.0 7.71754E+04
 38.5 7.73635E+04
 39.0 7.74975E+04
 39.5 7.75793E+04
 40.0 7.76108E+04
 40.5 7.75939E+04
 41.0 7.75308E+04
 41.5 7.74235E+04
 42.0 7.72742E+04
 42.5 7.70849E+04
 43.0 7.68578E+04
 43.5 7.65950E+04
 44.0 7.62985E+04
 44.5 7.59702E+04
 45.0 7.56123E+04
 45.5 7.52265E+04
 46.0 7.48147E+04
 46.5 7.43788E+04
 47.0 7.39203E+04
 47.5 7.34411E+04
 48.0 7.29427E+04
 48.5 7.24266E+04
 49.0 7.18943E+04
 49.5 7.13472E+04
 50.0 7.07865E+04
 50.5 7.02136E+04
 51.0 6.96297E+04
 51.5 6.90359E+04
 52.0 6.84332E+04
 52.5 6.78227E+04
 53.0 6.72053E+04
 53.5 6.65819E+04
 54.0 6.59534E+04
 54.5 6.53206E+04
 55.0 6.46841E+04
 55.5 6.40447E+04
 56.0 6.34031E+04
 56.5 6.27598E+04
 57.0 6.21154E+04
 57.5 6.14704E+04
 58.0 2.79733E+05
 58.5 6.01807E+04
 59.0 5.95368E+04
 59.5 4.51370E+05
 60.0 5.82528E+04
 60.5 5.76135E+04
 61.0 5.69762E+04
 61.5 5.63415E+04
 62.0 5.57093E+04
 62.5 5.50801E+04
 63.0 5.44540E+04
 63.5 5.38312E+04
 64.0 5.32119E+04
 64.5 5.25961E+04
 65.0 5.19842E+04
 65.5 5.13760E+04
 66.0 5.07719E+04
 66.5 5.01718E+04
 67.0 1.95061E+05
 67.5 4.89842E+04
 68.0 4.83968E+04
 68.5 4.78137E+04
 69.0 8.64100E+04
 69.5 4.35067E+04
 70.0 2.74256E+04
 70.5 2.73693E+04
 71.0 2.73077E+04
 71.5 2.72407E+04
 72.0 2.71684E+04
 72.5 2.70907E+04
 73.0 2.70078E+04
 73.5 2.69197E+04
 74.0 2.68265E+04
 74.5 2.67281E+04
 75.0 2.66246E+04
 75.5 2.65161E+04
 76.0 2.64027E+04
 76.5 2.62843E+04
 77.0 2.61612E+04
 77.5 2.60332E+04
 78.0 2.59006E+04
 78.5 2.57633E+04
 79.0 2.56215E+04
 79.5 2.54751E+04
 80.0 2.53243E+04
 80.5 2.51692E+04
 81.0 2.50098E+04
 81.5 2.48462E+04
 82.0 2.46785E+04
 82.5 2.45067E+04
 83.0 2.43309E+04
 83.5 2.41512E+04
 84.0 2.39677E+04
 84.5 2.37804E+04
 85.0 2.35895E+04
 85.5 2.33950E+04
 86.0 2.31969E+04
 86.5 2.29954E+04
 87.0 2.27906E+04
 87.5 2.25824E+04
 88.0 2.23711E+04
 88.5 2.21566E+04
 89.0 2.19390E+04
 89.5 2.17185E+04
 90.0 2.14950E+04
 90.5 2.12687E+04
 91.0 2.10396E+04
 91.5 2.08078E+04
 92.0 2.05734E+04
 92.5 2.03365E+04
 93.0 2.00970E+04
 93.5 1.98552E+04
 94.0 1.96110E+04
 94.5 1.93645E+04
 95.0 1.91158E+04
 95.5 1.88650E+04
 96.0 1.86121E+04
 96.5 1.83572E+04
 97.0 1.81003E+04
 97.5 1.78416E+04
 98.0 1.75810E+04
 98.5 1.73187E+04
 99.0 1.70546E+04
 99.5 1.67889E+04
100.0 1.65217E+04
100.5 1.62529E+04
101.0 1.59827E+04
101.5 1.57110E+04
102.0 1.54380E+04
102.5 1.51637E+04
103.0 1.48882E+04
103.5 1.46115E+04
104.0 1.43337E+04
104.5 1.40547E+04
105.0 1.37748E+04
105.5 1.34939E+04
106.0 1.32120E+04
106.5 1.29293E+04
107.0 1.26457E+04
107.5 1.23614E+04
108.0 1.20764E+04
108.5 1.17906E+04
109.0 1.15042E+04
109.5 1.12173E+04
110.0 1.09298E+04
110.5 1.06418E+04
111.0 1.03533E+04
111.5 1.00644E+04
112.0 9.77520E+03
112.5 9.48563E+03
113.0 9.19578E+03
113.5 8.90570E+03
114.0 8.61541E+03
114.5 8.32496E+03
115.0 8.03439E+03
115.5 7.74374E+03
116.0 7.45305E+03
116.5 7.16236E+03
117.0 6.87170E+03
117.5 6.58112E+03
118.0 6.29065E+03
118.5 6.00033E+03
119.0 5.71020E+03
119.5 5.42029E+03
120.0 5.13063E+03
120.5 4.84127E+03
121.0 4.55224E+03
121.5 4.26357E+03
122.0 3.97530E+03
122.5 3.68746E+03
123.0 3.40009E+03
123.5 3.11322E+03
124.0 2.82689E+03
124.5 2.54112E+03
125.0 2.25595E+03
125.5 1.97141E+03
126.0 1.68754E+03
126.5 1.40436E+03
127.0 1.12192E+03
127.5 8.40227E+02
128.0 5.59331E+02
128.5 2.79257E+02
129.0 2.32504E+01
