129K10D0W2
  0.5 0.00000E+00
  1.0 0.00000E+00
  1.5 0.00000E+00
  2.0 0.00000E+00
  2.5 0.00000E+00
  3.0 0.00000E+00
  3.5 1.31465E+04
  4.0 1.80016E+04
  4.5 2.30692E+04
  5.0 2.83243E+04
  5.5 3.37564E+04
  6.0 3.93604E+04
  6.5 4.51331E+04
  7.0 5.10729E+04
  7.5 5.71792E+04
  8.0 6.34527E+04
  8.5 2.72431E+05
  9.0 7.65140E+04
  9.5 4.03398E+05
 10.0 3.42301E+05
 10.5 3.60903E+04
 11.0 3.88070E+04
 11.5 4.85901E+04
 12.0 2.99676E+04
 12.5 2.79617E+04
 13.0 2.97220E+04
 13.5 3.15060E+04
 14.0 3.33135E+04
 14.5 3.51446E+04
 15.0 3.69994E+04
 15.5 3.88781E+04
 16.0 4.07807E+04
 16.5 4.27076E+04
 17.0 4.46590E+04
 17.5 4.66350E+04
 18.0 4.86358E+04
 18.5 5.06612E+04
 19.0 5.27106E+04
 19.5 5.47830E+04
 20.0 5.68764E+04
 20.5 5.89882E+04
 21.0 6.11145E+04
 21.5 6.32507E+04
 22.0 6.53910E+04
 22.5 6.75285E+04
 23.0 6.96558E+04
 23.5 7.17643E+04
 24.0 7.38454E+04
 24.5 7.58900E+04
 25.0 7.78891E+04
 25.5 7.98336E+04
 26.0 8.17150E+04
 26.5 8.35251E+04
 27.0 8.52568E+04
 27.5 8.69034E+04
 28.0 8.84591E+04
 28.5 8.99190E+04
 29.0 9.12795E+04
 29.5 9.25375E+04
 30.0 9.36908E+04
 30.5 9.47384E+04
 31.0 9.56798E+04
 31.5 9.65153E+04
 32.0 9.72459E+04
 32.5 9.78734E+04
 33.0 9.83998E+04
 33.5 9.88277E+04
 34.0 9.91600E+04
 34.5 9.94003E+04
 35.0 9.95518E+04
 35.5 9.96184E+04
 36.0 9.96041E+04
 36.5 9.95128E+04
 37.0 9.93485E+04
 37.5 9.91153E+04
 38.0 9.88173E+04
 38.5 9.84585E+04
 39.0 9.80428E+04
 39.5 9.75741E+04
 40.0 9.70561E+04
 40.5 9.64925E+04
 41.0 9.58867E+04
 41.5 9.52423E+04
 42.0 9.45622E+04
 42.5 9.38499E+04
 43.0 9.31080E+04
 43.5 9.23395E+04
 44.0 9.15470E+04
 44.5 9.07330E+04
 45.0 8.98999E+04
 45.5 8.90499E+04
 46.0 8.81851E+04
 46.5 8.73075E+04
 47.0 8.64189E+04
 47.5 8.55210E+04
 48.0 8.46156E+04
 48.5 8.37040E+04
 49.0 8.27876E+04
 49.5 8.18678E+04
 50.0 8.09457E+04
 50.5 8.00224E+04
 51.0 7.90990E+04
 51.5 7.81764E+04
 52.0 7.72555E+04
 52.5 7.63370E+04
 53.0 7.54217E+04
 53.5 7.45102E+04
 54.0 7.36031E+04
 54.5 7.27011E+04
 55.0 7.18044E+04
 55.5 7.09137E+04
 56.0 7.00293E+04
 56.5 6.91516E+04
 57.0 6.82808E+04
 57.5 6.74172E+04
 58.0 3.25687E+05
 58.5 6.57129E+04
 59.0 6.48724E+04
 59.5 5.24107E+05
 60.0 6.32158E+04
 60.5 6.23998E+04
 61.0 6.15922E+04
 61.5 6.07930E+04
 62.0 6.00023E+04
 62.5 5.92201E+04
 63.0 5.84463E+04
 63.5 5.76811E+04
 64.0 5.69244E+04
 64.5 5.61762E+04
 65.0 5.54364E+04
 65.5 5.47049E+04
 66.0 5.39818E+04
 66.5 5.32670E+04
 67.0 2.15796E+05
 67.5 5.18618E+04
 68.0 5.11714E+04
 68.5 5.04888E+04
 69.0 9.33914E+04
 69.5 4.65692E+04
 70.0 3.32562E+04
 70.5 3.30694E+04
 71.0 3.28783E+04
 71.5 3.26829E+04
 72.0 3.24834E+04
 72.5 3.22799E+04
 73.0 3.20725E+04
 73.5 3.18613E+04
 74.0 3.16464E+04
 74.5 3.14278E+04
 75.0 3.12057E+04
 75.5 3.09802E+04
 76.0 3.07514E+04
 76.5 3.05193E+04
 77.0 3.02841E+04
 77.5 3.00459E+04
 78.0 2.98047E+04
 78.5 2.95606E+04
 79.0 2.93137E+04
 79.5 2.90641E+04
 80.0 2.88119E+04
 80.5 2.85572E+04
 81.0 2.83000E+04
 81.5 2.80404E+04
 82.0 2.77785E+04
 82.5 2.75144E+04
 83.0 2.72482E+04
 83.5 2.69798E+04
 84.0 2.67095E+04
 84.5 2.64372E+04
 85.0 2.61630E+04
 85.5 2.58870E+04
 86.0 2.56093E+04
 86.5 2.53299E+04
 87.0 2.50489E+04
 87.5 2.47663E+04
 88.0 2.44822E+04
 88.5 2.41967E+04
 89.0 2.39098E+04
 89.5 2.36216E+04
 90.0 2.33321E+04
 90.5 2.30414E+04
 91.0 2.27495E+04
 91.5 2.24565E+04
 92.0 2.21625E+04
 92.5 2.18674E+04
 93.0 2.15714E+04
 93.5 2.12745E+04
 94.0 2.09766E+04
 94.5 2.06780E+04
 95.0 2.03785E+04
 95.5 2.00784E+04
 96.0 1.97775E+04
 96.5 1.94760E+04
 97.0 1.91738E+04
 97.5 1.88711E+04
 98.0 1.85678E+04
 98.5 1.82640E+04
 99.0 1.79598E+04
 99.5 1.76551E+04
100.0 1.73501E+04
100.5 1.70447E+04
101.0 1.67390E+04
101.5 1.64330E+04
102.0 1.61267E+04
102.5 1.58203E+04
103.0 1.55136E+04
103.5 1.52068E+04
104.0 1.48999E+04
104.5 1.45928E+04
105.0 1.42858E+04
105.5 1.39787E+04
106.0 1.36716E+04
106.5 1.33645E+04
107.0 1.30575E+04
107.5 1.27505E+04
108.0 1.24437E+04
108.5 1.21371E+04
109.0 1.18306E+04
109.5 1.15243E+04
110.0 1.12182E+04
110.5 1.09124E+04
111.0 1.06068E+04
111.5 1.03016E+04
112.0 9.99671E+03
112.5 9.69216E+03
113.0 9.38800E+03
113.5 9.08425E+03
114.0 8.78092E+03
114.5 8.47805E+03
115.0 8.17567E+03
115.5 7.87379E+03
116.0 7.57244E+03
116.5 7.27165E+03
117.0 6.97143E+03
117.5 6.67181E+03
118.0 6.37283E+03
118.5 6.07449E+03
119.0 5.77682E+03
119.5 5.47985E+03
120.0 5.18360E+03
120.5 4.88809E+03
121.0 4.59334E+03
121.5 4.29939E+03
122.0 4.00624E+03
122.5 3.71393E+03
123.0 3.42248E+03
123.5 3.13190E+03
124.0 2.84223E+03
124.5 2.55348E+03
125.0 2.26568E+03
125.5 1.97885E+03
126.0 1.69301E+03
126.5 1.40818E+03
127.0 1.12439E+03
127.5 8.41663E+02
128.0 5.60013E+02
128.5 2.79468E+02
129.0 2.32614E+01
