129K19D0W2
  0.5 0.00000E+00
  1.0 0.00000E+00
  1.5 0.00000E+00
  2.0 0.00000E+00
  2.5 0.00000E+00
  3.0 0.00000E+00
  3.5 3.08066E+04
  4.0 3.99805E+04
  4.5 4.96175E+04
  5.0 5.97143E+04
  5.5 7.02738E+04
  6.0 8.13047E+04
  6.5 9.28224E+04
  7.0 1.04852E+05
  7.5 1.17433E+05
  8.0 1.30622E+05
  8.5 2.03177E+06
  9.0 1.59095E+05
  9.5 1.73762E+06
 10.0 1.44815E+06
 10.5 7.39864E+04
 11.0 7.95966E+04
 11.5 2.07543E+05
 12.0 6.13925E+04
 12.5 5.72705E+04
 13.0 6.08717E+04
 13.5 6.45568E+04
 14.0 6.83293E+04
 14.5 7.21920E+04
 15.0 7.61464E+04
 15.5 8.01914E+04
 16.0 8.43228E+04
 16.5 8.85316E+04
 17.0 9.28043E+04
 17.5 9.71223E+04
 18.0 1.01462E+05
 18.5 1.05798E+05
 19.0 1.10099E+05
 19.5 1.14334E+05
 20.0 1.18471E+05
 20.5 1.22480E+05
 21.0 1.26332E+05
 21.5 1.29999E+05
 22.0 1.33460E+05
 22.5 1.36695E+05
 23.0 1.39688E+05
 23.5 1.42427E+05
 24.0 1.44906E+05
 24.5 1.47118E+05
 25.0 1.49064E+05
 25.5 1.50744E+05
 26.0 1.52164E+05
 26.5 1.53330E+05
 27.0 1.54250E+05
 27.5 1.54933E+05
 28.0 1.55391E+05
 28.5 1.55635E+05
 29.0 1.55677E+05
 29.5 1.55529E+05
 30.0 1.55205E+05
 30.5 1.54717E+05
 31.0 1.54076E+05
 31.5 1.53296E+05
 32.0 1.52388E+05
 32.5 1.51364E+05
 33.0 1.50234E+05
 33.5 1.49008E+05
 34.0 1.47697E+05
 34.5 1.46310E+05
 35.0 1.44855E+05
 35.5 1.43341E+05
 36.0 1.41775E+05
 36.5 1.40164E+05
 37.0 1.38515E+05
 37.5 1.36834E+05
 38.0 1.35127E+05
 38.5 1.33398E+05
 39.0 1.31653E+05
 39.5 1.29896E+05
 40.0 1.28130E+05
 40.5 1.26360E+05
 41.0 1.24589E+05
 41.5 1.22819E+05
 42.0 1.21053E+05
 42.5 1.19295E+05
 43.0 1.17546E+05
 43.5 1.15807E+05
 44.0 1.14081E+05
 44.5 1.12370E+05
 45.0 1.10674E+05
 45.5 1.08995E+05
 46.0 1.07333E+05
 46.5 1.05691E+05
 47.0 1.04068E+05
 47.5 1.02465E+05
 48.0 1.00884E+05
 48.5 9.93230E+04
 49.0 9.77839E+04
 49.5 9.62669E+04
 50.0 9.47719E+04
 50.5 9.32992E+04
 51.0 9.18490E+04
 51.5 9.04211E+04
 52.0 8.90157E+04
 52.5 8.76326E+04
 53.0 8.62717E+04
 53.5 8.49331E+04
 54.0 8.36163E+04
 54.5 8.23214E+04
 55.0 8.10479E+04
 55.5 7.97959E+04
 56.0 7.85648E+04
 56.5 7.73547E+04
 57.0 7.61650E+04
 57.5 7.49955E+04
 58.0 3.86791E+05
 58.5 7.27160E+04
 59.0 7.16053E+04
 59.5 6.20096E+05
 60.0 6.94403E+04
 60.5 6.83854E+04
 61.0 6.73484E+04
 61.5 6.63290E+04
 62.0 6.53269E+04
 62.5 6.43416E+04
 63.0 6.33728E+04
 63.5 6.24203E+04
 64.0 6.14836E+04
 64.5 6.05625E+04
 65.0 5.96566E+04
 65.5 5.87655E+04
 66.0 5.78890E+04
 66.5 5.70267E+04
 67.0 2.41854E+05
 67.5 5.53434E+04
 68.0 5.45219E+04
 68.5 5.37133E+04
 69.0 1.02009E+05
 69.5 5.05407E+04
 70.0 4.19690E+04
 70.5 4.15333E+04
 71.0 4.10987E+04
 71.5 4.06653E+04
 72.0 4.02330E+04
 72.5 3.98019E+04
 73.0 3.93721E+04
 73.5 3.89436E+04
 74.0 3.85164E+04
 74.5 3.80907E+04
 75.0 3.76663E+04
 75.5 3.72433E+04
 76.0 3.68218E+04
 76.5 3.64017E+04
 77.0 3.59832E+04
 77.5 3.55661E+04
 78.0 3.51506E+04
 78.5 3.47366E+04
 79.0 3.43240E+04
 79.5 3.39131E+04
 80.0 3.35036E+04
 80.5 3.30958E+04
 81.0 3.26895E+04
 81.5 3.22847E+04
 82.0 3.18815E+04
 82.5 3.14798E+04
 83.0 3.10796E+04
 83.5 3.06811E+04
 84.0 3.02840E+04
 84.5 2.98885E+04
 85.0 2.94945E+04
 85.5 2.91020E+04
 86.0 2.87111E+04
 86.5 2.83216E+04
 87.0 2.79337E+04
 87.5 2.75472E+04
 88.0 2.71622E+04
 88.5 2.67787E+04
 89.0 2.63967E+04
 89.5 2.60161E+04
 90.0 2.56369E+04
 90.5 2.52592E+04
 91.0 2.48829E+04
 91.5 2.45080E+04
 92.0 2.41345E+04
 92.5 2.37625E+04
 93.0 2.33918E+04
 93.5 2.30224E+04
 94.0 2.26545E+04
 94.5 2.22879E+04
 95.0 2.19226E+04
 95.5 2.15587E+04
 96.0 2.11961E+04
 96.5 2.08348E+04
 97.0 2.04748E+04
 97.5 2.01161E+04
 98.0 1.97588E+04
 98.5 1.94027E+04
 99.0 1.90478E+04
 99.5 1.86943E+04
100.0 1.83420E+04
100.5 1.79910E+04
101.0 1.76412E+04
101.5 1.72926E+04
102.0 1.69453E+04
102.5 1.65992E+04
103.0 1.62543E+04
103.5 1.59107E+04
104.0 1.55683E+04
104.5 1.52271E+04
105.0 1.48871E+04
105.5 1.45483E+04
106.0 1.42107E+04
106.5 1.38743E+04
107.0 1.35390E+04
107.5 1.32050E+04
108.0 1.28722E+04
108.5 1.25406E+04
109.0 1.22101E+04
109.5 1.18808E+04
110.0 1.15528E+04
110.5 1.12259E+04
111.0 1.09002E+04
111.5 1.05757E+04
112.0 1.02524E+04
112.5 9.93025E+03
113.0 9.60933E+03
113.5 9.28959E+03
114.0 8.97106E+03
114.5 8.65374E+03
115.0 8.33761E+03
115.5 8.02270E+03
116.0 7.70900E+03
116.5 7.39652E+03
117.0 7.08526E+03
117.5 6.77523E+03
118.0 6.46644E+03
118.5 6.15888E+03
119.0 5.85257E+03
119.5 5.54751E+03
120.0 5.24371E+03
120.5 4.94117E+03
121.0 4.63991E+03
121.5 4.33993E+03
122.0 4.04124E+03
122.5 3.74384E+03
123.0 3.44775E+03
123.5 3.15298E+03
124.0 2.85953E+03
124.5 2.56741E+03
125.0 2.27663E+03
125.5 1.98721E+03
126.0 1.69916E+03
126.5 1.41247E+03
127.0 1.12717E+03
127.5 8.43272E+02
128.0 5.60778E+02
128.5 2.79703E+02
129.0 2.32737E+01
