129K17D0W2
  0.5 0.00000E+00
  1.0 0.00000E+00
  1.5 0.00000E+00
  2.0 0.00000E+00
  2.5 0.00000E+00
  3.0 0.00000E+00
  3.5 2.67048E+04
  4.0 3.48909E+04
  4.5 4.34729E+04
  5.0 5.24434E+04
  5.5 6.18020E+04
  6.0 7.15523E+04
  6.5 8.17023E+04
  7.0 9.22663E+04
  7.5 1.03267E+05
  8.0 1.14740E+05
  8.5 1.53083E+06
  9.0 1.39296E+05
  9.5 1.41938E+06
 10.0 1.18432E+06
 10.5 6.51061E+04
 11.0 7.00086E+04
 11.5 1.60778E+05
 12.0 5.40375E+04
 12.5 5.04151E+04
 13.0 5.35694E+04
 13.5 5.67896E+04
 14.0 6.00781E+04
 14.5 6.34372E+04
 15.0 6.68691E+04
 15.5 7.03748E+04
 16.0 7.39539E+04
 16.5 7.76034E+04
 17.0 8.13170E+04
 17.5 8.50853E+04
 18.0 8.88946E+04
 18.5 9.27278E+04
 19.0 9.65646E+04
 19.5 1.00382E+05
 20.0 1.04155E+05
 20.5 1.07859E+05
 21.0 1.11467E+05
 21.5 1.14956E+05
 22.0 1.18303E+05
 22.5 1.21486E+05
 23.0 1.24489E+05
 23.5 1.27295E+05
 24.0 1.29894E+05
 24.5 1.32275E+05
 25.0 1.34433E+05
 25.5 1.36364E+05
 26.0 1.38068E+05
 26.5 1.39546E+05
 27.0 1.40802E+05
 27.5 1.41840E+05
 28.0 1.42667E+05
 28.5 1.43292E+05
 29.0 1.43722E+05
 29.5 1.43967E+05
 30.0 1.44037E+05
 30.5 1.43943E+05
 31.0 1.43694E+05
 31.5 1.43301E+05
 32.0 1.42774E+05
 32.5 1.42123E+05
 33.0 1.41358E+05
 33.5 1.40489E+05
 34.0 1.39525E+05
 34.5 1.38474E+05
 35.0 1.37345E+05
 35.5 1.36146E+05
 36.0 1.34885E+05
 36.5 1.33567E+05
 37.0 1.32201E+05
 37.5 1.30791E+05
 38.0 1.29345E+05
 38.5 1.27867E+05
 39.0 1.26362E+05
 39.5 1.24835E+05
 40.0 1.23290E+05
 40.5 1.21731E+05
 41.0 1.20162E+05
 41.5 1.18586E+05
 42.0 1.17005E+05
 42.5 1.15423E+05
 43.0 1.13843E+05
 43.5 1.12265E+05
 44.0 1.10694E+05
 44.5 1.09129E+05
 45.0 1.07574E+05
 45.5 1.06029E+05
 46.0 1.04495E+05
 46.5 1.02975E+05
 47.0 1.01469E+05
 47.5 9.99774E+04
 48.0 9.85018E+04
 48.5 9.70427E+04
 49.0 9.56005E+04
 49.5 9.41760E+04
 50.0 9.27693E+04
 50.5 9.13810E+04
 51.0 9.00112E+04
 51.5 8.86603E+04
 52.0 8.73283E+04
 52.5 8.60154E+04
 53.0 8.47215E+04
 53.5 8.34469E+04
 54.0 8.21914E+04
 54.5 8.09549E+04
 55.0 7.97374E+04
 55.5 7.85388E+04
 56.0 7.73590E+04
 56.5 7.61977E+04
 57.0 7.50548E+04
 57.5 7.39301E+04
 58.0 3.78040E+05
 58.5 7.17344E+04
 59.0 7.06629E+04
 59.5 6.06396E+05
 60.0 6.85715E+04
 60.5 6.75511E+04
 61.0 6.65471E+04
 61.5 6.55593E+04
 62.0 6.45874E+04
 62.5 6.36312E+04
 63.0 6.26902E+04
 63.5 6.17644E+04
 64.0 6.08533E+04
 64.5 5.99567E+04
 65.0 5.90743E+04
 65.5 5.82059E+04
 66.0 5.73510E+04
 66.5 5.65095E+04
 67.0 2.38215E+05
 67.5 5.48654E+04
 68.0 5.40622E+04
 68.5 5.32713E+04
 69.0 1.00815E+05
 69.5 4.99759E+04
 70.0 4.06528E+04
 70.5 4.02584E+04
 71.0 3.98639E+04
 71.5 3.94695E+04
 72.0 3.90752E+04
 72.5 3.86811E+04
 73.0 3.82872E+04
 73.5 3.78937E+04
 74.0 3.75005E+04
 74.5 3.71077E+04
 75.0 3.67154E+04
 75.5 3.63237E+04
 76.0 3.59325E+04
 76.5 3.55419E+04
 77.0 3.51520E+04
 77.5 3.47627E+04
 78.0 3.43742E+04
 78.5 3.39864E+04
 79.0 3.35993E+04
 79.5 3.32131E+04
 80.0 3.28277E+04
 80.5 3.24431E+04
 81.0 3.20594E+04
 81.5 3.16766E+04
 82.0 3.12947E+04
 82.5 3.09137E+04
 83.0 3.05336E+04
 83.5 3.01544E+04
 84.0 2.97762E+04
 84.5 2.93990E+04
 85.0 2.90228E+04
 85.5 2.86475E+04
 86.0 2.82732E+04
 86.5 2.78999E+04
 87.0 2.75276E+04
 87.5 2.71563E+04
 88.0 2.67861E+04
 88.5 2.64168E+04
 89.0 2.60486E+04
 89.5 2.56814E+04
 90.0 2.53152E+04
 90.5 2.49500E+04
 91.0 2.45858E+04
 91.5 2.42227E+04
 92.0 2.38606E+04
 92.5 2.34995E+04
 93.0 2.31395E+04
 93.5 2.27804E+04
 94.0 2.24225E+04
 94.5 2.20655E+04
 95.0 2.17096E+04
 95.5 2.13546E+04
 96.0 2.10007E+04
 96.5 2.06479E+04
 97.0 2.02960E+04
 97.5 1.99452E+04
 98.0 1.95954E+04
 98.5 1.92466E+04
 99.0 1.88989E+04
 99.5 1.85521E+04
100.0 1.82064E+04
100.5 1.78617E+04
101.0 1.75181E+04
101.5 1.71754E+04
102.0 1.68338E+04
102.5 1.64932E+04
103.0 1.61536E+04
103.5 1.58151E+04
104.0 1.54775E+04
104.5 1.51410E+04
105.0 1.48055E+04
105.5 1.44711E+04
106.0 1.41377E+04
106.5 1.38053E+04
107.0 1.34739E+04
107.5 1.31436E+04
108.0 1.28143E+04
108.5 1.24861E+04
109.0 1.21589E+04
109.5 1.18328E+04
110.0 1.15077E+04
110.5 1.11837E+04
111.0 1.08607E+04
111.5 1.05388E+04
112.0 1.02180E+04
112.5 9.89827E+03
113.0 9.57961E+03
113.5 9.26204E+03
114.0 8.94556E+03
114.5 8.63018E+03
115.0 8.31592E+03
115.5 8.00276E+03
116.0 7.69072E+03
116.5 7.37981E+03
117.0 7.07004E+03
117.5 6.76141E+03
118.0 6.45393E+03
118.5 6.14761E+03
119.0 5.84246E+03
119.5 5.53848E+03
120.0 5.23569E+03
120.5 4.93410E+03
121.0 4.63371E+03
121.5 4.33453E+03
122.0 4.03658E+03
122.5 3.73986E+03
123.0 3.44439E+03
123.5 3.15018E+03
124.0 2.85723E+03
124.5 2.56556E+03
125.0 2.27518E+03
125.5 1.98610E+03
126.0 1.69834E+03
126.5 1.41190E+03
127.0 1.12680E+03
127.5 8.43058E+02
128.0 5.60676E+02
128.5 2.79672E+02
129.0 2.32720E+01
