129K22D0W2
  0.5 0.00000E+00
  1.0 0.00000E+00
  1.5 0.00000E+00
  2.0 0.00000E+00
  2.5 0.00000E+00
  3.0 0.00000E+00
  3.5 3.71816E+04
  4.0 4.78866E+04
  4.5 5.91669E+04
  5.0 7.10256E+04
  5.5 8.34735E+04
  6.0 9.65303E+04
  6.5 1.10228E+05
  7.0 1.24618E+05
  7.5 1.39777E+05
  8.0 1.55802E+05
  8.5 2.84064E+06
  9.0 1.90761E+05
  9.5 2.20866E+06
 10.0 1.83895E+06
 10.5 8.79499E+04
 11.0 9.47151E+04
 11.5 2.86016E+05
 12.0 7.29443E+04
 12.5 6.80313E+04
 13.0 7.23570E+04
 13.5 7.67995E+04
 14.0 8.13625E+04
 14.5 8.60467E+04
 15.0 9.08488E+04
 15.5 9.57593E+04
 16.0 1.00762E+05
 16.5 1.05834E+05
 17.0 1.10944E+05
 17.5 1.16058E+05
 18.0 1.21136E+05
 18.5 1.26136E+05
 19.0 1.31016E+05
 19.5 1.35736E+05
 20.0 1.40257E+05
 20.5 1.44545E+05
 21.0 1.48571E+05
 21.5 1.52311E+05
 22.0 1.55747E+05
 22.5 1.58864E+05
 23.0 1.61655E+05
 23.5 1.64117E+05
 24.0 1.66249E+05
 24.5 1.68056E+05
 25.0 1.69547E+05
 25.5 1.70730E+05
 26.0 1.71619E+05
 26.5 1.72226E+05
 27.0 1.72567E+05
 27.5 1.72658E+05
 28.0 1.72514E+05
 28.5 1.72153E+05
 29.0 1.71590E+05
 29.5 1.70841E+05
 30.0 1.69922E+05
 30.5 1.68849E+05
 31.0 1.67635E+05
 31.5 1.66295E+05
 32.0 1.64841E+05
 32.5 1.63287E+05
 33.0 1.61643E+05
 33.5 1.59922E+05
 34.0 1.58132E+05
 34.5 1.56283E+05
 35.0 1.54384E+05
 35.5 1.52443E+05
 36.0 1.50468E+05
 36.5 1.48465E+05
 37.0 1.46441E+05
 37.5 1.44400E+05
 38.0 1.42349E+05
 38.5 1.40292E+05
 39.0 1.38233E+05
 39.5 1.36177E+05
 40.0 1.34126E+05
 40.5 1.32083E+05
 41.0 1.30052E+05
 41.5 1.28035E+05
 42.0 1.26033E+05
 42.5 1.24050E+05
 43.0 1.22086E+05
 43.5 1.20144E+05
 44.0 1.18223E+05
 44.5 1.16327E+05
 45.0 1.14454E+05
 45.5 1.12607E+05
 46.0 1.10786E+05
 46.5 1.08991E+05
 47.0 1.07223E+05
 47.5 1.05482E+05
 48.0 1.03768E+05
 48.5 1.02082E+05
 49.0 1.00423E+05
 49.5 9.87918E+04
 50.0 9.71881E+04
 50.5 9.56117E+04
 51.0 9.40625E+04
 51.5 9.25404E+04
 52.0 9.10450E+04
 52.5 8.95760E+04
 53.0 8.81332E+04
 53.5 8.67163E+04
 54.0 8.53250E+04
 54.5 8.39588E+04
 55.0 8.26173E+04
 55.5 8.13002E+04
 56.0 8.00072E+04
 56.5 7.87377E+04
 57.0 7.74913E+04
 57.5 7.62677E+04
 58.0 3.97305E+05
 58.5 7.38869E+04
 59.0 7.27288E+04
 59.5 6.36538E+05
 60.0 7.04752E+04
 60.5 6.93788E+04
 61.0 6.83021E+04
 61.5 6.72447E+04
 62.0 6.62061E+04
 62.5 6.51859E+04
 63.0 6.41838E+04
 63.5 6.31993E+04
 64.0 6.22319E+04
 64.5 6.12814E+04
 65.0 6.03473E+04
 65.5 5.94292E+04
 66.0 5.85268E+04
 66.5 5.76396E+04
 67.0 2.46189E+05
 67.5 5.59097E+04
 68.0 5.50662E+04
 68.5 5.42366E+04
 69.0 1.03428E+05
 69.5 5.12184E+04
 70.0 4.35811E+04
 70.5 4.30933E+04
 71.0 4.26080E+04
 71.5 4.21254E+04
 72.0 4.16453E+04
 72.5 4.11679E+04
 73.0 4.06931E+04
 73.5 4.02209E+04
 74.0 3.97513E+04
 74.5 3.92843E+04
 75.0 3.88200E+04
 75.5 3.83582E+04
 76.0 3.78991E+04
 76.5 3.74425E+04
 77.0 3.69885E+04
 77.5 3.65371E+04
 78.0 3.60882E+04
 78.5 3.56419E+04
 79.0 3.51980E+04
 79.5 3.47566E+04
 80.0 3.43177E+04
 80.5 3.38813E+04
 81.0 3.34472E+04
 81.5 3.30156E+04
 82.0 3.25863E+04
 82.5 3.21594E+04
 83.0 3.17348E+04
 83.5 3.13125E+04
 84.0 3.08925E+04
 84.5 3.04747E+04
 85.0 3.00592E+04
 85.5 2.96458E+04
 86.0 2.92346E+04
 86.5 2.88256E+04
 87.0 2.84187E+04
 87.5 2.80138E+04
 88.0 2.76111E+04
 88.5 2.72104E+04
 89.0 2.68117E+04
 89.5 2.64149E+04
 90.0 2.60202E+04
 90.5 2.56274E+04
 91.0 2.52365E+04
 91.5 2.48475E+04
 92.0 2.44603E+04
 92.5 2.40750E+04
 93.0 2.36915E+04
 93.5 2.33099E+04
 94.0 2.29299E+04
 94.5 2.25518E+04
 95.0 2.21754E+04
 95.5 2.18007E+04
 96.0 2.14277E+04
 96.5 2.10563E+04
 97.0 2.06867E+04
 97.5 2.03186E+04
 98.0 1.99522E+04
 98.5 1.95874E+04
 99.0 1.92241E+04
 99.5 1.88624E+04
100.0 1.85023E+04
100.5 1.81437E+04
101.0 1.77866E+04
101.5 1.74311E+04
102.0 1.70770E+04
102.5 1.67244E+04
103.0 1.63733E+04
103.5 1.60236E+04
104.0 1.56754E+04
104.5 1.53286E+04
105.0 1.49832E+04
105.5 1.46393E+04
106.0 1.42967E+04
106.5 1.39555E+04
107.0 1.36158E+04
107.5 1.32774E+04
108.0 1.29403E+04
108.5 1.26047E+04
109.0 1.22704E+04
109.5 1.19374E+04
110.0 1.16058E+04
110.5 1.12755E+04
111.0 1.09466E+04
111.5 1.06190E+04
112.0 1.02928E+04
112.5 9.96785E+03
113.0 9.64425E+03
113.5 9.32198E+03
114.0 9.00103E+03
114.5 8.68140E+03
115.0 8.36310E+03
115.5 8.04612E+03
116.0 7.73047E+03
116.5 7.41614E+03
117.0 7.10313E+03
117.5 6.79146E+03
118.0 6.48111E+03
118.5 6.17211E+03
119.0 5.86443E+03
119.5 5.55810E+03
120.0 5.25311E+03
120.5 4.94947E+03
121.0 4.64719E+03
121.5 4.34626E+03
122.0 4.04670E+03
122.5 3.74851E+03
123.0 3.45169E+03
123.5 3.15626E+03
124.0 2.86222E+03
124.5 2.56958E+03
125.0 2.27834E+03
125.5 1.98851E+03
126.0 1.70011E+03
126.5 1.41314E+03
127.0 1.12761E+03
127.5 8.43522E+02
128.0 5.60896E+02
128.5 2.79740E+02
129.0 2.32756E+01
