130K08D0W2
  0.5 0.00000E+00
  1.0 0.00000E+00
  1.5 0.00000E+00
  2.0 0.00000E+00
  2.5 0.00000E+00
  3.0 0.00000E+00
  3.5 9.43233E+03
  4.0 1.33189E+04
  4.5 1.73869E+04
  5.0 2.16008E+04
  5.5 2.59456E+04
  6.0 3.04141E+04
  6.5 3.50020E+04
  7.0 3.97063E+04
  7.5 4.45250E+04
  8.0 4.94565E+04
  8.5 1.14259E+05
  9.0 5.96563E+04
  9.5 1.99864E+05
 10.0 1.73019E+05
 10.5 2.81077E+04
 11.0 3.02531E+04
 11.5 3.27969E+04
 12.0 2.33420E+04
 12.5 2.17784E+04
 13.0 2.31721E+04
 13.5 2.45818E+04
 14.0 2.60072E+04
 14.5 2.74481E+04
 15.0 2.89045E+04
 15.5 3.03762E+04
 16.0 3.18632E+04
 16.5 3.33653E+04
 17.0 3.48824E+04
 17.5 3.64146E+04
 18.0 3.79617E+04
 18.5 3.95238E+04
 19.0 4.11009E+04
 19.5 4.26926E+04
 20.0 4.42989E+04
 20.5 4.59192E+04
 21.0 4.75526E+04
 21.5 4.91981E+04
 22.0 5.08540E+04
 22.5 5.25182E+04
 23.0 5.41878E+04
 23.5 5.58596E+04
 24.0 5.75297E+04
 24.5 5.91935E+04
 25.0 6.08464E+04
 25.5 6.24827E+04
 26.0 6.40971E+04
 26.5 6.56838E+04
 27.0 6.72370E+04
 27.5 6.87510E+04
 28.0 7.02202E+04
 28.5 7.16395E+04
 29.0 7.30039E+04
 29.5 7.43090E+04
 30.0 7.55506E+04
 30.5 7.67256E+04
 31.0 7.78308E+04
 31.5 7.88641E+04
 32.0 7.98234E+04
 32.5 8.07075E+04
 33.0 8.15157E+04
 33.5 8.22477E+04
 34.0 8.29036E+04
 34.5 8.34841E+04
 35.0 8.39899E+04
 35.5 8.44226E+04
 36.0 8.47836E+04
 36.5 8.50747E+04
 37.0 8.52981E+04
 37.5 8.54560E+04
 38.0 8.55507E+04
 38.5 8.55846E+04
 39.0 8.55605E+04
 39.5 8.54810E+04
 40.0 8.53487E+04
 40.5 8.51663E+04
 41.0 8.49364E+04
 41.5 8.46618E+04
 42.0 8.43451E+04
 42.5 8.39888E+04
 43.0 8.35956E+04
 43.5 8.31677E+04
 44.0 8.27076E+04
 44.5 8.22176E+04
 45.0 8.17000E+04
 45.5 8.11569E+04
 46.0 8.05902E+04
 46.5 8.00020E+04
 47.0 7.93941E+04
 47.5 7.87683E+04
 48.0 7.81264E+04
 48.5 7.74698E+04
 49.0 7.68001E+04
 49.5 7.61188E+04
 50.0 7.54272E+04
 50.5 7.47266E+04
 51.0 7.40181E+04
 51.5 7.33029E+04
 52.0 7.25821E+04
 52.5 7.18566E+04
 53.0 7.11274E+04
 53.5 7.03953E+04
 54.0 6.96610E+04
 54.5 6.89255E+04
 55.0 6.81893E+04
 55.5 6.74531E+04
 56.0 6.67174E+04
 56.5 6.59829E+04
 57.0 6.52500E+04
 57.5 6.45192E+04
 58.0 3.03200E+05
 58.5 6.30656E+04
 59.0 6.23434E+04
 59.5 4.89318E+05
 60.0 6.09102E+04
 60.5 6.01997E+04
 61.0 5.94935E+04
 61.5 5.87919E+04
 62.0 5.80951E+04
 62.5 5.74033E+04
 63.0 5.67165E+04
 63.5 5.60349E+04
 64.0 5.53587E+04
 64.5 5.46880E+04
 65.0 5.40227E+04
 65.5 5.33630E+04
 66.0 5.27089E+04
 66.5 5.20605E+04
 67.0 2.07426E+05
 67.5 5.07809E+04
 68.0 5.01497E+04
 68.5 4.95242E+04
 69.0 9.07799E+04
 69.5 4.52719E+04
 70.0 2.98271E+04
 70.5 2.97291E+04
 71.0 2.96258E+04
 71.5 2.95174E+04
 72.0 2.94039E+04
 72.5 2.92854E+04
 73.0 2.91620E+04
 73.5 2.90337E+04
 74.0 2.89005E+04
 74.5 2.87627E+04
 75.0 2.86202E+04
 75.5 2.84731E+04
 76.0 2.83215E+04
 76.5 2.81655E+04
 77.0 2.80052E+04
 77.5 2.78406E+04
 78.0 2.76719E+04
 78.5 2.74990E+04
 79.0 2.73221E+04
 79.5 2.71413E+04
 80.0 2.69567E+04
 80.5 2.67682E+04
 81.0 2.65761E+04
 81.5 2.63804E+04
 82.0 2.61811E+04
 82.5 2.59784E+04
 83.0 2.57723E+04
 83.5 2.55630E+04
 84.0 2.53504E+04
 84.5 2.51346E+04
 85.0 2.49159E+04
 85.5 2.46941E+04
 86.0 2.44694E+04
 86.5 2.42419E+04
 87.0 2.40117E+04
 87.5 2.37787E+04
 88.0 2.35431E+04
 88.5 2.33050E+04
 89.0 2.30645E+04
 89.5 2.28215E+04
 90.0 2.25762E+04
 90.5 2.23286E+04
 91.0 2.20788E+04
 91.5 2.18270E+04
 92.0 2.15730E+04
 92.5 2.13170E+04
 93.0 2.10591E+04
 93.5 2.07993E+04
 94.0 2.05377E+04
 94.5 2.02744E+04
 95.0 2.00094E+04
 95.5 1.97427E+04
 96.0 1.94744E+04
 96.5 1.92046E+04
 97.0 1.89334E+04
 97.5 1.86607E+04
 98.0 1.83867E+04
 98.5 1.81114E+04
 99.0 1.78349E+04
 99.5 1.75571E+04
100.0 1.72782E+04
100.5 1.69982E+04
101.0 1.67171E+04
101.5 1.64351E+04
102.0 1.61521E+04
102.5 1.58682E+04
103.0 1.55834E+04
103.5 1.52978E+04
104.0 1.50115E+04
104.5 1.47244E+04
105.0 1.44367E+04
105.5 1.41483E+04
106.0 1.38593E+04
106.5 1.35698E+04
107.0 1.32798E+04
107.5 1.29893E+04
108.0 1.26983E+04
108.5 1.24070E+04
109.0 1.21153E+04
109.5 1.18233E+04
110.0 1.15311E+04
110.5 1.12386E+04
111.0 1.09459E+04
111.5 1.06530E+04
112.0 1.03600E+04
112.5 1.00669E+04
113.0 9.77374E+03
113.5 9.48057E+03
114.0 9.18741E+03
114.5 8.89429E+03
115.0 8.60125E+03
115.5 8.30832E+03
116.0 8.01554E+03
116.5 7.72293E+03
117.0 7.43053E+03
117.5 7.13837E+03
118.0 6.84648E+03
118.5 6.55490E+03
119.0 6.26365E+03
119.5 5.97277E+03
120.0 5.68228E+03
120.5 5.39221E+03
121.0 5.10260E+03
121.5 4.81348E+03
122.0 4.52487E+03
122.5 4.23680E+03
123.0 3.94930E+03
123.5 3.66240E+03
124.0 3.37613E+03
124.5 3.09052E+03
125.0 2.80559E+03
125.5 2.52138E+03
126.0 2.23791E+03
126.5 1.95520E+03
127.0 1.67329E+03
127.5 1.39220E+03
128.0 1.11196E+03
128.5 8.32601E+02
129.0 5.54142E+02
129.5 2.76613E+02
130.0 2.30276E+01
