130K06D0W2
  0.5 0.00000E+00
  1.0 0.00000E+00
  1.5 0.00000E+00
  2.0 0.00000E+00
  2.5 0.00000E+00
  3.0 0.00000E+00
  3.5 5.96849E+03
  4.0 8.88459E+03
  4.5 1.19703E+04
  5.0 1.51734E+04
  5.5 1.84711E+04
  6.0 2.18529E+04
  6.5 2.53128E+04
  7.0 2.88473E+04
  7.5 3.24535E+04
  8.0 3.61292E+04
  8.5 4.83072E+04
  9.0 4.36822E+04
  9.5 8.11269E+04
 10.0 7.33042E+04
 10.5 2.04684E+04
 11.0 2.20741E+04
 11.5 2.25185E+04
 12.0 1.69920E+04
 12.5 1.58488E+04
 13.0 1.68943E+04
 13.5 1.79494E+04
 14.0 1.90139E+04
 14.5 2.00876E+04
 15.0 2.11702E+04
 15.5 2.22617E+04
 16.0 2.33617E+04
 16.5 2.44701E+04
 17.0 2.55868E+04
 17.5 2.67115E+04
 18.0 2.78440E+04
 18.5 2.89842E+04
 19.0 3.01319E+04
 19.5 3.12869E+04
 20.0 3.24491E+04
 20.5 3.36184E+04
 21.0 3.47944E+04
 21.5 3.59770E+04
 22.0 3.71658E+04
 22.5 3.83606E+04
 23.0 3.95607E+04
 23.5 4.07654E+04
 24.0 4.19740E+04
 24.5 4.31852E+04
 25.0 4.43978E+04
 25.5 4.56099E+04
 26.0 4.68198E+04
 26.5 4.80253E+04
 27.0 4.92238E+04
 27.5 5.04128E+04
 28.0 5.15893E+04
 28.5 5.27503E+04
 29.0 5.38927E+04
 29.5 5.50134E+04
 30.0 5.61091E+04
 30.5 5.71769E+04
 31.0 5.82136E+04
 31.5 5.92164E+04
 32.0 6.01826E+04
 32.5 6.11097E+04
 33.0 6.19956E+04
 33.5 6.28382E+04
 34.0 6.36359E+04
 34.5 6.43872E+04
 35.0 6.50910E+04
 35.5 6.57463E+04
 36.0 6.63526E+04
 36.5 6.69096E+04
 37.0 6.74171E+04
 37.5 6.78754E+04
 38.0 6.82846E+04
 38.5 6.86453E+04
 39.0 6.89583E+04
 39.5 6.92245E+04
 40.0 6.94447E+04
 40.5 6.96203E+04
 41.0 6.97523E+04
 41.5 6.98422E+04
 42.0 6.98913E+04
 42.5 6.99011E+04
 43.0 6.98730E+04
 43.5 6.98087E+04
 44.0 6.97096E+04
 44.5 6.95773E+04
 45.0 6.94134E+04
 45.5 6.92194E+04
 46.0 6.89969E+04
 46.5 6.87474E+04
 47.0 6.84724E+04
 47.5 6.81732E+04
 48.0 6.78514E+04
 48.5 6.75084E+04
 49.0 6.71454E+04
 49.5 6.67639E+04
 50.0 6.63649E+04
 50.5 6.59498E+04
 51.0 6.55197E+04
 51.5 6.50757E+04
 52.0 6.46189E+04
 52.5 6.41503E+04
 53.0 6.36710E+04
 53.5 6.31817E+04
 54.0 6.26834E+04
 54.5 6.21769E+04
 55.0 6.16632E+04
 55.5 6.11427E+04
 56.0 6.06164E+04
 56.5 6.00849E+04
 57.0 5.95487E+04
 57.5 5.90086E+04
 58.0 2.61182E+05
 58.5 5.79186E+04
 59.0 5.73698E+04
 59.5 4.22469E+05
 60.0 5.62669E+04
 60.5 5.57136E+04
 61.0 5.51596E+04
 61.5 5.46052E+04
 62.0 5.40509E+04
 62.5 5.34969E+04
 63.0 5.29434E+04
 63.5 5.23908E+04
 64.0 5.18393E+04
 64.5 5.12890E+04
 65.0 5.07404E+04
 65.5 5.01934E+04
 66.0 4.96484E+04
 66.5 4.91053E+04
 67.0 1.87826E+05
 67.5 4.80261E+04
 68.0 4.74901E+04
 68.5 4.69566E+04
 69.0 8.41259E+04
 69.5 4.24379E+04
 70.0 2.48751E+04
 70.5 2.48705E+04
 71.0 2.48608E+04
 71.5 2.48458E+04
 72.0 2.48257E+04
 72.5 2.48004E+04
 73.0 2.47699E+04
 73.5 2.47342E+04
 74.0 2.46933E+04
 74.5 2.46471E+04
 75.0 2.45958E+04
 75.5 2.45393E+04
 76.0 2.44776E+04
 76.5 2.44108E+04
 77.0 2.43389E+04
 77.5 2.42619E+04
 78.0 2.41799E+04
 78.5 2.40928E+04
 79.0 2.40008E+04
 79.5 2.39039E+04
 80.0 2.38020E+04
 80.5 2.36954E+04
 81.0 2.35840E+04
 81.5 2.34678E+04
 82.0 2.33470E+04
 82.5 2.32216E+04
 83.0 2.30916E+04
 83.5 2.29572E+04
 84.0 2.28183E+04
 84.5 2.26751E+04
 85.0 2.25275E+04
 85.5 2.23758E+04
 86.0 2.22199E+04
 86.5 2.20599E+04
 87.0 2.18959E+04
 87.5 2.17279E+04
 88.0 2.15561E+04
 88.5 2.13804E+04
 89.0 2.12010E+04
 89.5 2.10180E+04
 90.0 2.08314E+04
 90.5 2.06412E+04
 91.0 2.04476E+04
 91.5 2.02507E+04
 92.0 2.00504E+04
 92.5 1.98469E+04
 93.0 1.96403E+04
 93.5 1.94306E+04
 94.0 1.92179E+04
 94.5 1.90022E+04
 95.0 1.87837E+04
 95.5 1.85624E+04
 96.0 1.83384E+04
 96.5 1.81117E+04
 97.0 1.78824E+04
 97.5 1.76506E+04
 98.0 1.74164E+04
 98.5 1.71798E+04
 99.0 1.69409E+04
 99.5 1.66998E+04
100.0 1.64564E+04
100.5 1.62110E+04
101.0 1.59635E+04
101.5 1.57141E+04
102.0 1.54627E+04
102.5 1.52094E+04
103.0 1.49544E+04
103.5 1.46977E+04
104.0 1.44393E+04
104.5 1.41792E+04
105.0 1.39177E+04
105.5 1.36546E+04
106.0 1.33901E+04
106.5 1.31242E+04
107.0 1.28571E+04
107.5 1.25886E+04
108.0 1.23190E+04
108.5 1.20482E+04
109.0 1.17763E+04
109.5 1.15034E+04
110.0 1.12295E+04
110.5 1.09546E+04
111.0 1.06789E+04
111.5 1.04023E+04
112.0 1.01250E+04
112.5 9.84688E+03
113.0 9.56812E+03
113.5 9.28872E+03
114.0 9.00873E+03
114.5 8.72821E+03
115.0 8.44719E+03
115.5 8.16573E+03
116.0 7.88386E+03
116.5 7.60165E+03
117.0 7.31912E+03
117.5 7.03633E+03
118.0 6.75331E+03
118.5 6.47012E+03
119.0 6.18679E+03
119.5 5.90337E+03
120.0 5.61989E+03
120.5 5.33641E+03
121.0 5.05295E+03
121.5 4.76957E+03
122.0 4.48629E+03
122.5 4.20317E+03
123.0 3.92023E+03
123.5 3.63752E+03
124.0 3.35508E+03
124.5 3.07295E+03
125.0 2.79115E+03
125.5 2.50974E+03
126.0 2.22874E+03
126.5 1.94819E+03
127.0 1.66813E+03
127.5 1.38860E+03
128.0 1.10962E+03
128.5 8.31245E+02
129.0 5.53497E+02
129.5 2.76414E+02
130.0 2.30172E+01
