130K09D0W2
  0.5 0.00000E+00
  1.0 0.00000E+00
  1.5 0.00000E+00
  2.0 0.00000E+00
  2.5 0.00000E+00
  3.0 0.00000E+00
  3.5 1.12262E+04
  4.0 1.55858E+04
  4.5 2.01403E+04
  5.0 2.48599E+04
  5.5 2.97322E+04
  6.0 3.47509E+04
  6.5 3.99125E+04
  7.0 4.52143E+04
  7.5 5.06549E+04
  8.0 5.62337E+04
  8.5 1.76909E+05
  9.0 6.78093E+04
  9.5 2.88606E+05
 10.0 2.46953E+05
 10.5 3.19836E+04
 11.0 3.44060E+04
 11.5 3.95818E+04
 12.0 2.65627E+04
 12.5 2.47853E+04
 13.0 2.63574E+04
 13.5 2.79491E+04
 14.0 2.95603E+04
 14.5 3.11908E+04
 15.0 3.28407E+04
 15.5 3.45099E+04
 16.0 3.61984E+04
 16.5 3.79063E+04
 17.0 3.96336E+04
 17.5 4.13804E+04
 18.0 4.31469E+04
 18.5 4.49329E+04
 19.0 4.67384E+04
 19.5 4.85631E+04
 20.0 5.04061E+04
 20.5 5.22664E+04
 21.0 5.41421E+04
 21.5 5.60307E+04
 22.0 5.79290E+04
 22.5 5.98328E+04
 23.0 6.17375E+04
 23.5 6.36373E+04
 24.0 6.55262E+04
 24.5 6.73973E+04
 25.0 6.92436E+04
 25.5 7.10579E+04
 26.0 7.28327E+04
 26.5 7.45609E+04
 27.0 7.62355E+04
 27.5 7.78500E+04
 28.0 7.93983E+04
 28.5 8.08748E+04
 29.0 8.22750E+04
 29.5 8.35945E+04
 30.0 8.48300E+04
 30.5 8.59788E+04
 31.0 8.70390E+04
 31.5 8.80093E+04
 32.0 8.88890E+04
 32.5 8.96781E+04
 33.0 9.03771E+04
 33.5 9.09871E+04
 34.0 9.15095E+04
 34.5 9.19463E+04
 35.0 9.22996E+04
 35.5 9.25719E+04
 36.0 9.27661E+04
 36.5 9.28850E+04
 37.0 9.29318E+04
 37.5 9.29096E+04
 38.0 9.28216E+04
 38.5 9.26713E+04
 39.0 9.24620E+04
 39.5 9.21970E+04
 40.0 9.18795E+04
 40.5 9.15129E+04
 41.0 9.11001E+04
 41.5 9.06446E+04
 42.0 9.01491E+04
 42.5 8.96166E+04
 43.0 8.90499E+04
 43.5 8.84518E+04
 44.0 8.78247E+04
 44.5 8.71712E+04
 45.0 8.64937E+04
 45.5 8.57943E+04
 46.0 8.50753E+04
 46.5 8.43385E+04
 47.0 8.35860E+04
 47.5 8.28194E+04
 48.0 8.20406E+04
 48.5 8.12511E+04
 49.0 8.04524E+04
 49.5 7.96459E+04
 50.0 7.88329E+04
 50.5 7.80146E+04
 51.0 7.71922E+04
 51.5 7.63667E+04
 52.0 7.55390E+04
 52.5 7.47102E+04
 53.0 7.38810E+04
 53.5 7.30523E+04
 54.0 7.22247E+04
 54.5 7.13988E+04
 55.0 7.05754E+04
 55.5 6.97549E+04
 56.0 6.89379E+04
 56.5 6.81249E+04
 57.0 6.73161E+04
 57.5 6.65121E+04
 58.0 3.18807E+05
 58.5 6.49196E+04
 59.0 6.41317E+04
 59.5 5.14038E+05
 60.0 6.25736E+04
 60.5 6.18040E+04
 61.0 6.10408E+04
 61.5 6.02842E+04
 62.0 5.95344E+04
 62.5 5.87913E+04
 63.0 5.80551E+04
 63.5 5.73260E+04
 64.0 5.66038E+04
 64.5 5.58887E+04
 65.0 5.51807E+04
 65.5 5.44797E+04
 66.0 5.37859E+04
 66.5 5.30991E+04
 67.0 2.14460E+05
 67.5 5.17468E+04
 68.0 5.10811E+04
 68.5 5.04223E+04
 69.0 9.31419E+04
 69.5 4.63013E+04
 70.0 3.17909E+04
 70.5 3.16491E+04
 71.0 3.15024E+04
 71.5 3.13510E+04
 72.0 3.11948E+04
 72.5 3.10341E+04
 73.0 3.08690E+04
 73.5 3.06994E+04
 74.0 3.05255E+04
 74.5 3.03474E+04
 75.0 3.01651E+04
 75.5 2.99788E+04
 76.0 2.97886E+04
 76.5 2.95945E+04
 77.0 2.93967E+04
 77.5 2.91951E+04
 78.0 2.89900E+04
 78.5 2.87814E+04
 79.0 2.85693E+04
 79.5 2.83540E+04
 80.0 2.81353E+04
 80.5 2.79135E+04
 81.0 2.76887E+04
 81.5 2.74608E+04
 82.0 2.72300E+04
 82.5 2.69964E+04
 83.0 2.67600E+04
 83.5 2.65209E+04
 84.0 2.62792E+04
 84.5 2.60350E+04
 85.0 2.57883E+04
 85.5 2.55393E+04
 86.0 2.52879E+04
 86.5 2.50343E+04
 87.0 2.47785E+04
 87.5 2.45206E+04
 88.0 2.42607E+04
 88.5 2.39988E+04
 89.0 2.37349E+04
 89.5 2.34693E+04
 90.0 2.32018E+04
 90.5 2.29326E+04
 91.0 2.26618E+04
 91.5 2.23894E+04
 92.0 2.21154E+04
 92.5 2.18399E+04
 93.0 2.15630E+04
 93.5 2.12847E+04
 94.0 2.10051E+04
 94.5 2.07242E+04
 95.0 2.04421E+04
 95.5 2.01588E+04
 96.0 1.98744E+04
 96.5 1.95890E+04
 97.0 1.93025E+04
 97.5 1.90150E+04
 98.0 1.87266E+04
 98.5 1.84374E+04
 99.0 1.81473E+04
 99.5 1.78564E+04
100.0 1.75647E+04
100.5 1.72723E+04
101.0 1.69793E+04
101.5 1.66856E+04
102.0 1.63914E+04
102.5 1.60966E+04
103.0 1.58013E+04
103.5 1.55055E+04
104.0 1.52093E+04
104.5 1.49127E+04
105.0 1.46157E+04
105.5 1.43185E+04
106.0 1.40209E+04
106.5 1.37231E+04
107.0 1.34251E+04
107.5 1.31268E+04
108.0 1.28285E+04
108.5 1.25300E+04
109.0 1.22315E+04
109.5 1.19328E+04
110.0 1.16342E+04
110.5 1.13356E+04
111.0 1.10370E+04
111.5 1.07385E+04
112.0 1.04401E+04
112.5 1.01418E+04
113.0 9.84374E+03
113.5 9.54583E+03
114.0 9.24814E+03
114.5 8.95070E+03
115.0 8.65355E+03
115.5 8.35669E+03
116.0 8.06017E+03
116.5 7.76402E+03
117.0 7.46825E+03
117.5 7.17290E+03
118.0 6.87799E+03
118.5 6.58355E+03
119.0 6.28961E+03
119.5 5.99620E+03
120.0 5.70333E+03
120.5 5.41103E+03
121.0 5.11934E+03
121.5 4.82827E+03
122.0 4.53785E+03
122.5 4.24811E+03
123.0 3.95908E+03
123.5 3.67076E+03
124.0 3.38321E+03
124.5 3.09642E+03
125.0 2.81044E+03
125.5 2.52529E+03
126.0 2.24098E+03
126.5 1.95755E+03
127.0 1.67502E+03
127.5 1.39341E+03
128.0 1.11275E+03
128.5 8.33054E+02
129.0 5.54357E+02
129.5 2.76680E+02
130.0 2.30310E+01
