130K17D0W2
  0.5 0.00000E+00
  1.0 0.00000E+00
  1.5 0.00000E+00
  2.0 0.00000E+00
  2.5 0.00000E+00
  3.0 0.00000E+00
  3.5 2.65279E+04
  4.0 3.46698E+04
  4.5 4.32054E+04
  5.0 5.21272E+04
  5.5 6.14345E+04
  6.0 7.11306E+04
  6.5 8.12233E+04
  7.0 9.17262E+04
  7.5 1.02661E+05
  8.0 1.14062E+05
  8.5 1.50352E+06
  9.0 1.38452E+05
  9.5 1.40575E+06
 10.0 1.17303E+06
 10.5 6.47557E+04
 11.0 6.96332E+04
 11.5 1.58244E+05
 12.0 5.37597E+04
 12.5 5.01603E+04
 13.0 5.33008E+04
 13.5 5.65067E+04
 14.0 5.97807E+04
 14.5 6.31248E+04
 15.0 6.65415E+04
 15.5 7.00319E+04
 16.0 7.35959E+04
 16.5 7.72310E+04
 17.0 8.09315E+04
 17.5 8.46886E+04
 18.0 8.84895E+04
 18.5 9.23176E+04
 19.0 9.61535E+04
 19.5 9.99747E+04
 20.0 1.03757E+05
 20.5 1.07475E+05
 21.0 1.11104E+05
 21.5 1.14619E+05
 22.0 1.17996E+05
 22.5 1.21216E+05
 23.0 1.24260E+05
 23.5 1.27112E+05
 24.0 1.29759E+05
 24.5 1.32192E+05
 25.0 1.34404E+05
 25.5 1.36392E+05
 26.0 1.38153E+05
 26.5 1.39689E+05
 27.0 1.41002E+05
 27.5 1.42098E+05
 28.0 1.42982E+05
 28.5 1.43663E+05
 29.0 1.44147E+05
 29.5 1.44446E+05
 30.0 1.44567E+05
 30.5 1.44521E+05
 31.0 1.44318E+05
 31.5 1.43970E+05
 32.0 1.43485E+05
 32.5 1.42873E+05
 33.0 1.42146E+05
 33.5 1.41311E+05
 34.0 1.40379E+05
 34.5 1.39358E+05
 35.0 1.38257E+05
 35.5 1.37083E+05
 36.0 1.35844E+05
 36.5 1.34548E+05
 37.0 1.33200E+05
 37.5 1.31808E+05
 38.0 1.30376E+05
 38.5 1.28912E+05
 39.0 1.27419E+05
 39.5 1.25902E+05
 40.0 1.24365E+05
 40.5 1.22814E+05
 41.0 1.21250E+05
 41.5 1.19678E+05
 42.0 1.18101E+05
 42.5 1.16522E+05
 43.0 1.14943E+05
 43.5 1.13366E+05
 44.0 1.11793E+05
 44.5 1.10228E+05
 45.0 1.08670E+05
 45.5 1.07122E+05
 46.0 1.05585E+05
 46.5 1.04061E+05
 47.0 1.02550E+05
 47.5 1.01054E+05
 48.0 9.95728E+04
 48.5 9.81078E+04
 49.0 9.66594E+04
 49.5 9.52281E+04
 50.0 9.38145E+04
 50.5 9.24190E+04
 51.0 9.10418E+04
 51.5 8.96833E+04
 52.0 8.83434E+04
 52.5 8.70226E+04
 53.0 8.57206E+04
 53.5 8.44378E+04
 54.0 8.31739E+04
 54.5 8.19291E+04
 55.0 8.07032E+04
 55.5 7.94961E+04
 56.0 7.83078E+04
 56.5 7.71380E+04
 57.0 7.59866E+04
 57.5 7.48534E+04
 58.0 3.86291E+05
 58.5 7.26408E+04
 59.0 7.15610E+04
 59.5 6.20308E+05
 60.0 6.94530E+04
 60.5 6.84244E+04
 61.0 6.74123E+04
 61.5 6.64165E+04
 62.0 6.54367E+04
 62.5 6.44727E+04
 63.0 6.35240E+04
 63.5 6.25905E+04
 64.0 6.16719E+04
 64.5 6.07679E+04
 65.0 5.98782E+04
 65.5 5.90026E+04
 66.0 5.81407E+04
 66.5 5.72922E+04
 67.0 2.43601E+05
 67.5 5.56346E+04
 68.0 5.48249E+04
 68.5 5.40275E+04
 69.0 1.02795E+05
 69.5 5.06669E+04
 70.0 4.10779E+04
 70.5 4.06851E+04
 71.0 4.02922E+04
 71.5 3.98993E+04
 72.0 3.95065E+04
 72.5 3.91138E+04
 73.0 3.87214E+04
 73.5 3.83293E+04
 74.0 3.79375E+04
 74.5 3.75461E+04
 75.0 3.71551E+04
 75.5 3.67647E+04
 76.0 3.63748E+04
 76.5 3.59855E+04
 77.0 3.55969E+04
 77.5 3.52089E+04
 78.0 3.48216E+04
 78.5 3.44350E+04
 79.0 3.40492E+04
 79.5 3.36642E+04
 80.0 3.32801E+04
 80.5 3.28967E+04
 81.0 3.25142E+04
 81.5 3.21326E+04
 82.0 3.17519E+04
 82.5 3.13721E+04
 83.0 3.09932E+04
 83.5 3.06153E+04
 84.0 3.02384E+04
 84.5 2.98624E+04
 85.0 2.94874E+04
 85.5 2.91133E+04
 86.0 2.87403E+04
 86.5 2.83682E+04
 87.0 2.79972E+04
 87.5 2.76271E+04
 88.0 2.72581E+04
 88.5 2.68901E+04
 89.0 2.65232E+04
 89.5 2.61572E+04
 90.0 2.57923E+04
 90.5 2.54284E+04
 91.0 2.50655E+04
 91.5 2.47037E+04
 92.0 2.43429E+04
 92.5 2.39831E+04
 93.0 2.36244E+04
 93.5 2.32667E+04
 94.0 2.29100E+04
 94.5 2.25543E+04
 95.0 2.21997E+04
 95.5 2.18461E+04
 96.0 2.14936E+04
 96.5 2.11420E+04
 97.0 2.07915E+04
 97.5 2.04420E+04
 98.0 2.00936E+04
 98.5 1.97461E+04
 99.0 1.93997E+04
 99.5 1.90543E+04
100.0 1.87099E+04
100.5 1.83666E+04
101.0 1.80243E+04
101.5 1.76829E+04
102.0 1.73426E+04
102.5 1.70034E+04
103.0 1.66651E+04
103.5 1.63279E+04
104.0 1.59916E+04
104.5 1.56564E+04
105.0 1.53222E+04
105.5 1.49891E+04
106.0 1.46569E+04
106.5 1.43258E+04
107.0 1.39957E+04
107.5 1.36667E+04
108.0 1.33386E+04
108.5 1.30116E+04
109.0 1.26856E+04
109.5 1.23607E+04
110.0 1.20368E+04
110.5 1.17140E+04
111.0 1.13921E+04
111.5 1.10714E+04
112.0 1.07517E+04
112.5 1.04330E+04
113.0 1.01155E+04
113.5 9.79895E+03
114.0 9.48351E+03
114.5 9.16915E+03
115.0 8.85588E+03
115.5 8.54369E+03
116.0 8.23260E+03
116.5 7.92261E+03
117.0 7.61373E+03
117.5 7.30597E+03
118.0 6.99933E+03
118.5 6.69382E+03
119.0 6.38945E+03
119.5 6.08622E+03
120.0 5.78415E+03
120.5 5.48325E+03
121.0 5.18351E+03
121.5 4.88496E+03
122.0 4.58759E+03
122.5 4.29143E+03
123.0 3.99647E+03
123.5 3.70273E+03
124.0 3.41023E+03
124.5 3.11896E+03
125.0 2.82894E+03
125.5 2.54019E+03
126.0 2.25270E+03
126.5 1.96650E+03
127.0 1.68160E+03
127.5 1.39800E+03
128.0 1.11572E+03
128.5 8.34778E+02
129.0 5.55177E+02
129.5 2.76932E+02
130.0 2.30442E+01
