130K13D0W2
  0.5 0.00000E+00
  1.0 0.00000E+00
  1.5 0.00000E+00
  2.0 0.00000E+00
  2.5 0.00000E+00
  3.0 0.00000E+00
  3.5 1.86817E+04
  4.0 2.49159E+04
  4.5 3.14287E+04
  5.0 3.82044E+04
  5.5 4.52369E+04
  6.0 5.25237E+04
  6.5 6.00644E+04
  7.0 6.78608E+04
  7.5 7.59178E+04
  8.0 8.42435E+04
  8.5 6.72500E+05
  9.0 1.01761E+05
  9.5 7.89040E+05
 10.0 6.62074E+05
 10.5 4.79296E+04
 11.0 5.15193E+04
 11.5 8.40663E+04
 12.0 3.98043E+04
 12.5 3.71439E+04
 13.0 3.94646E+04
 13.5 4.18236E+04
 14.0 4.42216E+04
 14.5 4.66591E+04
 15.0 4.91371E+04
 15.5 5.16564E+04
 16.0 5.42181E+04
 16.5 5.68228E+04
 17.0 5.94708E+04
 17.5 6.21617E+04
 18.0 6.48938E+04
 18.5 6.76641E+04
 19.0 7.04678E+04
 19.5 7.32982E+04
 20.0 7.61465E+04
 20.5 7.90022E+04
 21.0 8.18531E+04
 21.5 8.46856E+04
 22.0 8.74853E+04
 22.5 9.02371E+04
 23.0 9.29258E+04
 23.5 9.55368E+04
 24.0 9.80561E+04
 24.5 1.00471E+05
 25.0 1.02769E+05
 25.5 1.04941E+05
 26.0 1.06977E+05
 26.5 1.08871E+05
 27.0 1.10618E+05
 27.5 1.12213E+05
 28.0 1.13655E+05
 28.5 1.14943E+05
 29.0 1.16077E+05
 29.5 1.17060E+05
 30.0 1.17892E+05
 30.5 1.18580E+05
 31.0 1.19126E+05
 31.5 1.19535E+05
 32.0 1.19813E+05
 32.5 1.19967E+05
 33.0 1.20001E+05
 33.5 1.19923E+05
 34.0 1.19738E+05
 34.5 1.19453E+05
 35.0 1.19074E+05
 35.5 1.18608E+05
 36.0 1.18062E+05
 36.5 1.17440E+05
 37.0 1.16748E+05
 37.5 1.15994E+05
 38.0 1.15181E+05
 38.5 1.14315E+05
 39.0 1.13401E+05
 39.5 1.12443E+05
 40.0 1.11447E+05
 40.5 1.10415E+05
 41.0 1.09353E+05
 41.5 1.08264E+05
 42.0 1.07152E+05
 42.5 1.06019E+05
 43.0 1.04868E+05
 43.5 1.03703E+05
 44.0 1.02526E+05
 44.5 1.01340E+05
 45.0 1.00146E+05
 45.5 9.89474E+04
 46.0 9.77454E+04
 46.5 9.65418E+04
 47.0 9.53384E+04
 47.5 9.41364E+04
 48.0 9.29375E+04
 48.5 9.17427E+04
 49.0 9.05531E+04
 49.5 8.93698E+04
 50.0 8.81937E+04
 50.5 8.70255E+04
 51.0 8.58662E+04
 51.5 8.47161E+04
 52.0 8.35760E+04
 52.5 8.24464E+04
 53.0 8.13277E+04
 53.5 8.02203E+04
 54.0 7.91246E+04
 54.5 7.80407E+04
 55.0 7.69691E+04
 55.5 7.59098E+04
 56.0 7.48631E+04
 56.5 7.38290E+04
 57.0 7.28077E+04
 57.5 7.17991E+04
 58.0 3.61193E+05
 58.5 6.98206E+04
 59.0 6.88506E+04
 59.5 5.80895E+05
 60.0 6.69490E+04
 60.5 6.60172E+04
 61.0 6.50981E+04
 61.5 6.41915E+04
 62.0 6.32972E+04
 62.5 6.24152E+04
 63.0 6.15454E+04
 63.5 6.06876E+04
 64.0 5.98416E+04
 64.5 5.90074E+04
 65.0 5.81847E+04
 65.5 5.73733E+04
 66.0 5.65732E+04
 66.5 5.57841E+04
 67.0 2.32987E+05
 67.5 5.42384E+04
 68.0 5.34814E+04
 68.5 5.27347E+04
 69.0 9.93020E+04
 69.5 4.90553E+04
 70.0 3.74713E+04
 70.5 3.71840E+04
 71.0 3.68941E+04
 71.5 3.66018E+04
 72.0 3.63072E+04
 72.5 3.60104E+04
 73.0 3.57115E+04
 73.5 3.54106E+04
 74.0 3.51079E+04
 74.5 3.48033E+04
 75.0 3.44969E+04
 75.5 3.41890E+04
 76.0 3.38795E+04
 76.5 3.35686E+04
 77.0 3.32562E+04
 77.5 3.29426E+04
 78.0 3.26277E+04
 78.5 3.23116E+04
 79.0 3.19945E+04
 79.5 3.16763E+04
 80.0 3.13571E+04
 80.5 3.10370E+04
 81.0 3.07161E+04
 81.5 3.03944E+04
 82.0 3.00719E+04
 82.5 2.97487E+04
 83.0 2.94249E+04
 83.5 2.91006E+04
 84.0 2.87756E+04
 84.5 2.84502E+04
 85.0 2.81243E+04
 85.5 2.77980E+04
 86.0 2.74713E+04
 86.5 2.71443E+04
 87.0 2.68170E+04
 87.5 2.64894E+04
 88.0 2.61616E+04
 88.5 2.58336E+04
 89.0 2.55055E+04
 89.5 2.51772E+04
 90.0 2.48488E+04
 90.5 2.45204E+04
 91.0 2.41919E+04
 91.5 2.38634E+04
 92.0 2.35349E+04
 92.5 2.32065E+04
 93.0 2.28781E+04
 93.5 2.25498E+04
 94.0 2.22216E+04
 94.5 2.18936E+04
 95.0 2.15657E+04
 95.5 2.12380E+04
 96.0 2.09105E+04
 96.5 2.05832E+04
 97.0 2.02562E+04
 97.5 1.99294E+04
 98.0 1.96029E+04
 98.5 1.92767E+04
 99.0 1.89508E+04
 99.5 1.86253E+04
100.0 1.83001E+04
100.5 1.79753E+04
101.0 1.76508E+04
101.5 1.73268E+04
102.0 1.70032E+04
102.5 1.66800E+04
103.0 1.63572E+04
103.5 1.60349E+04
104.0 1.57132E+04
104.5 1.53919E+04
105.0 1.50711E+04
105.5 1.47508E+04
106.0 1.44311E+04
106.5 1.41119E+04
107.0 1.37933E+04
107.5 1.34753E+04
108.0 1.31579E+04
108.5 1.28411E+04
109.0 1.25249E+04
109.5 1.22093E+04
110.0 1.18945E+04
110.5 1.15802E+04
111.0 1.12667E+04
111.5 1.09539E+04
112.0 1.06417E+04
112.5 1.03303E+04
113.0 1.00197E+04
113.5 9.70974E+03
114.0 9.40060E+03
114.5 9.09223E+03
115.0 8.78466E+03
115.5 8.47790E+03
116.0 8.17196E+03
116.5 7.86686E+03
117.0 7.56261E+03
117.5 7.25923E+03
118.0 6.95672E+03
118.5 6.65511E+03
119.0 6.35442E+03
119.5 6.05465E+03
120.0 5.75581E+03
120.5 5.45793E+03
121.0 5.16103E+03
121.5 4.86510E+03
122.0 4.57018E+03
122.5 4.27627E+03
123.0 3.98338E+03
123.5 3.69155E+03
124.0 3.40078E+03
124.5 3.11108E+03
125.0 2.82248E+03
125.5 2.53498E+03
126.0 2.24861E+03
126.5 1.96338E+03
127.0 1.67930E+03
127.5 1.39640E+03
128.0 1.11468E+03
128.5 8.34177E+02
129.0 5.54891E+02
129.5 2.76844E+02
130.0 2.30396E+01
