130K19D0W2
  0.5 0.00000E+00
  1.0 0.00000E+00
  1.5 0.00000E+00
  2.0 0.00000E+00
  2.5 0.00000E+00
  3.0 0.00000E+00
  3.5 3.06054E+04
  4.0 3.97294E+04
  4.5 4.93138E+04
  5.0 5.93549E+04
  5.5 6.98556E+04
  6.0 8.08240E+04
  6.5 9.22749E+04
  7.0 1.04233E+05
  7.5 1.16735E+05
  8.0 1.29836E+05
  8.5 2.00167E+06
  9.0 1.58106E+05
  9.5 1.72472E+06
 10.0 1.43743E+06
 10.5 7.35838E+04
 11.0 7.91639E+04
 11.5 2.04570E+05
 12.0 6.10737E+04
 12.5 5.69782E+04
 13.0 6.05628E+04
 13.5 6.42308E+04
 14.0 6.79856E+04
 14.5 7.18302E+04
 15.0 7.57664E+04
 15.5 7.97935E+04
 16.0 8.39078E+04
 16.5 8.81014E+04
 17.0 9.23613E+04
 17.5 9.66702E+04
 18.0 1.01006E+05
 18.5 1.05342E+05
 19.0 1.09649E+05
 19.5 1.13897E+05
 20.0 1.18054E+05
 20.5 1.22089E+05
 21.0 1.25974E+05
 21.5 1.29680E+05
 22.0 1.33186E+05
 22.5 1.36470E+05
 23.0 1.39518E+05
 23.5 1.42315E+05
 24.0 1.44854E+05
 24.5 1.47129E+05
 25.0 1.49139E+05
 25.5 1.50885E+05
 26.0 1.52370E+05
 26.5 1.53601E+05
 27.0 1.54585E+05
 27.5 1.55331E+05
 28.0 1.55850E+05
 28.5 1.56152E+05
 29.0 1.56251E+05
 29.5 1.56158E+05
 30.0 1.55885E+05
 30.5 1.55446E+05
 31.0 1.54852E+05
 31.5 1.54115E+05
 32.0 1.53248E+05
 32.5 1.52261E+05
 33.0 1.51166E+05
 33.5 1.49972E+05
 34.0 1.48691E+05
 34.5 1.47331E+05
 35.0 1.45900E+05
 35.5 1.44408E+05
 36.0 1.42862E+05
 36.5 1.41269E+05
 37.0 1.39635E+05
 37.5 1.37968E+05
 38.0 1.36272E+05
 38.5 1.34553E+05
 39.0 1.32817E+05
 39.5 1.31066E+05
 40.0 1.29306E+05
 40.5 1.27539E+05
 41.0 1.25771E+05
 41.5 1.24003E+05
 42.0 1.22238E+05
 42.5 1.20478E+05
 43.0 1.18727E+05
 43.5 1.16986E+05
 44.0 1.15257E+05
 44.5 1.13542E+05
 45.0 1.11841E+05
 45.5 1.10157E+05
 46.0 1.08490E+05
 46.5 1.06841E+05
 47.0 1.05211E+05
 47.5 1.03601E+05
 48.0 1.02012E+05
 48.5 1.00443E+05
 49.0 9.88961E+04
 49.5 9.73706E+04
 50.0 9.58669E+04
 50.5 9.43853E+04
 51.0 9.29259E+04
 51.5 9.14888E+04
 52.0 9.00740E+04
 52.5 8.86814E+04
 53.0 8.73110E+04
 53.5 8.59627E+04
 54.0 8.46363E+04
 54.5 8.33317E+04
 55.0 8.20486E+04
 55.5 8.07869E+04
 56.0 7.95462E+04
 56.5 7.83264E+04
 57.0 7.71271E+04
 57.5 7.59482E+04
 58.0 3.95391E+05
 58.5 7.36499E+04
 59.0 7.25298E+04
 59.5 6.34566E+05
 60.0 7.03466E+04
 60.5 6.92827E+04
 61.0 6.82369E+04
 61.5 6.72087E+04
 62.0 6.61978E+04
 62.5 6.52040E+04
 63.0 6.42269E+04
 63.5 6.32661E+04
 64.0 6.23213E+04
 64.5 6.13921E+04
 65.0 6.04783E+04
 65.5 5.95795E+04
 66.0 5.86953E+04
 66.5 5.78256E+04
 67.0 2.47389E+05
 67.5 5.61279E+04
 68.0 5.52992E+04
 68.5 5.44838E+04
 69.0 1.04036E+05
 69.5 5.12491E+04
 70.0 4.24307E+04
 70.5 4.19959E+04
 71.0 4.15622E+04
 71.5 4.11296E+04
 72.0 4.06981E+04
 72.5 4.02678E+04
 73.0 3.98388E+04
 73.5 3.94111E+04
 74.0 3.89846E+04
 74.5 3.85596E+04
 75.0 3.81359E+04
 75.5 3.77136E+04
 76.0 3.72928E+04
 76.5 3.68735E+04
 77.0 3.64556E+04
 77.5 3.60392E+04
 78.0 3.56243E+04
 78.5 3.52110E+04
 79.0 3.47991E+04
 79.5 3.43889E+04
 80.0 3.39801E+04
 80.5 3.35729E+04
 81.0 3.31673E+04
 81.5 3.27633E+04
 82.0 3.23607E+04
 82.5 3.19598E+04
 83.0 3.15604E+04
 83.5 3.11625E+04
 84.0 3.07662E+04
 84.5 3.03715E+04
 85.0 2.99783E+04
 85.5 2.95866E+04
 86.0 2.91964E+04
 86.5 2.88078E+04
 87.0 2.84206E+04
 87.5 2.80350E+04
 88.0 2.76509E+04
 88.5 2.72682E+04
 89.0 2.68871E+04
 89.5 2.65074E+04
 90.0 2.61291E+04
 90.5 2.57523E+04
 91.0 2.53769E+04
 91.5 2.50030E+04
 92.0 2.46305E+04
 92.5 2.42593E+04
 93.0 2.38896E+04
 93.5 2.35213E+04
 94.0 2.31543E+04
 94.5 2.27887E+04
 95.0 2.24244E+04
 95.5 2.20615E+04
 96.0 2.17000E+04
 96.5 2.13397E+04
 97.0 2.09808E+04
 97.5 2.06232E+04
 98.0 2.02668E+04
 98.5 1.99118E+04
 99.0 1.95581E+04
 99.5 1.92056E+04
100.0 1.88544E+04
100.5 1.85044E+04
101.0 1.81557E+04
101.5 1.78083E+04
102.0 1.74620E+04
102.5 1.71170E+04
103.0 1.67733E+04
103.5 1.64307E+04
104.0 1.60894E+04
104.5 1.57493E+04
105.0 1.54103E+04
105.5 1.50726E+04
106.0 1.47361E+04
106.5 1.44007E+04
107.0 1.40666E+04
107.5 1.37336E+04
108.0 1.34018E+04
108.5 1.30712E+04
109.0 1.27418E+04
109.5 1.24136E+04
110.0 1.20865E+04
110.5 1.17606E+04
111.0 1.14359E+04
111.5 1.11124E+04
112.0 1.07900E+04
112.5 1.04689E+04
113.0 1.01489E+04
113.5 9.83004E+03
114.0 9.51240E+03
114.5 9.19594E+03
115.0 8.88067E+03
115.5 8.56659E+03
116.0 8.25370E+03
116.5 7.94200E+03
117.0 7.63151E+03
117.5 7.32222E+03
118.0 7.01414E+03
118.5 6.70727E+03
119.0 6.40162E+03
119.5 6.09719E+03
120.0 5.79399E+03
120.5 5.49203E+03
121.0 5.19131E+03
121.5 4.89185E+03
122.0 4.59363E+03
122.5 4.29669E+03
123.0 4.00101E+03
123.5 3.70661E+03
124.0 3.41350E+03
124.5 3.12169E+03
125.0 2.83118E+03
125.5 2.54199E+03
126.0 2.25412E+03
126.5 1.96758E+03
127.0 1.68239E+03
127.5 1.39856E+03
128.0 1.11608E+03
128.5 8.34986E+02
129.0 5.55275E+02
129.5 2.76963E+02
130.0 2.30458E+01
