130K15D0W2
  0.5 0.00000E+00
  1.0 0.00000E+00
  1.5 0.00000E+00
  2.0 0.00000E+00
  2.5 0.00000E+00
  3.0 0.00000E+00
  3.5 2.25558E+04
  4.0 2.97362E+04
  4.5 3.72494E+04
  5.0 4.50844E+04
  5.5 5.32374E+04
  6.0 6.17084E+04
  6.5 7.05001E+04
  7.0 7.96193E+04
  7.5 8.90772E+04
  8.0 9.88920E+04
  8.5 1.05453E+06
  9.0 1.19709E+05
  9.5 1.09067E+06
 10.0 9.11962E+05
 10.5 5.62167E+04
 11.0 6.04328E+04
 11.5 1.17718E+05
 12.0 4.66799E+04
 12.5 4.35580E+04
 13.0 4.62783E+04
 13.5 4.90492E+04
 14.0 5.18722E+04
 14.5 5.47485E+04
 15.0 5.76800E+04
 15.5 6.06681E+04
 16.0 6.37138E+04
 16.5 6.68172E+04
 17.0 6.99769E+04
 17.5 7.31897E+04
 18.0 7.64499E+04
 18.5 7.97489E+04
 19.0 8.30758E+04
 19.5 8.64166E+04
 20.0 8.97552E+04
 20.5 9.30736E+04
 21.0 9.63526E+04
 21.5 9.95723E+04
 22.0 1.02713E+05
 22.5 1.05755E+05
 23.0 1.08681E+05
 23.5 1.11474E+05
 24.0 1.14120E+05
 24.5 1.16605E+05
 25.0 1.18921E+05
 25.5 1.21058E+05
 26.0 1.23012E+05
 26.5 1.24778E+05
 27.0 1.26355E+05
 27.5 1.27743E+05
 28.0 1.28945E+05
 28.5 1.29962E+05
 29.0 1.30800E+05
 29.5 1.31465E+05
 30.0 1.31962E+05
 30.5 1.32298E+05
 31.0 1.32482E+05
 31.5 1.32521E+05
 32.0 1.32422E+05
 32.5 1.32195E+05
 33.0 1.31848E+05
 33.5 1.31388E+05
 34.0 1.30824E+05
 34.5 1.30163E+05
 35.0 1.29414E+05
 35.5 1.28583E+05
 36.0 1.27678E+05
 36.5 1.26706E+05
 37.0 1.25672E+05
 37.5 1.24584E+05
 38.0 1.23446E+05
 38.5 1.22265E+05
 39.0 1.21045E+05
 39.5 1.19791E+05
 40.0 1.18508E+05
 40.5 1.17200E+05
 41.0 1.15870E+05
 41.5 1.14523E+05
 42.0 1.13162E+05
 42.5 1.11789E+05
 43.0 1.10408E+05
 43.5 1.09021E+05
 44.0 1.07631E+05
 44.5 1.06239E+05
 45.0 1.04848E+05
 45.5 1.03460E+05
 46.0 1.02077E+05
 46.5 1.00699E+05
 47.0 9.93281E+04
 47.5 9.79657E+04
 48.0 9.66128E+04
 48.5 9.52704E+04
 49.0 9.39392E+04
 49.5 9.26202E+04
 50.0 9.13140E+04
 50.5 9.00212E+04
 51.0 8.87422E+04
 51.5 8.74776E+04
 52.0 8.62277E+04
 52.5 8.49928E+04
 53.0 8.37732E+04
 53.5 8.25691E+04
 54.0 8.13807E+04
 54.5 8.02080E+04
 55.0 7.90511E+04
 55.5 7.79102E+04
 56.0 7.67851E+04
 56.5 7.56760E+04
 57.0 7.45826E+04
 57.5 7.35050E+04
 58.0 3.75158E+05
 58.5 7.13968E+04
 59.0 7.03658E+04
 59.5 6.02840E+05
 60.0 6.83496E+04
 60.5 6.73641E+04
 61.0 6.63932E+04
 61.5 6.54370E+04
 62.0 6.44952E+04
 62.5 6.35675E+04
 63.0 6.26538E+04
 63.5 6.17538E+04
 64.0 6.08674E+04
 64.5 5.99943E+04
 65.0 5.91342E+04
 65.5 5.82870E+04
 66.0 5.74524E+04
 66.5 5.66301E+04
 67.0 2.38923E+05
 67.5 5.50219E+04
 68.0 5.42354E+04
 68.5 5.34604E+04
 69.0 1.01259E+05
 69.5 4.99532E+04
 70.0 3.94555E+04
 70.5 3.91114E+04
 71.0 3.87659E+04
 71.5 3.84192E+04
 72.0 3.80715E+04
 72.5 3.77228E+04
 73.0 3.73732E+04
 73.5 3.70228E+04
 74.0 3.66717E+04
 74.5 3.63199E+04
 75.0 3.59675E+04
 75.5 3.56146E+04
 76.0 3.52613E+04
 76.5 3.49076E+04
 77.0 3.45536E+04
 77.5 3.41993E+04
 78.0 3.38448E+04
 78.5 3.34901E+04
 79.0 3.31353E+04
 79.5 3.27805E+04
 80.0 3.24256E+04
 80.5 3.20708E+04
 81.0 3.17160E+04
 81.5 3.13614E+04
 82.0 3.10069E+04
 82.5 3.06525E+04
 83.0 3.02983E+04
 83.5 2.99444E+04
 84.0 2.95908E+04
 84.5 2.92374E+04
 85.0 2.88844E+04
 85.5 2.85317E+04
 86.0 2.81794E+04
 86.5 2.78274E+04
 87.0 2.74759E+04
 87.5 2.71248E+04
 88.0 2.67742E+04
 88.5 2.64240E+04
 89.0 2.60743E+04
 89.5 2.57251E+04
 90.0 2.53764E+04
 90.5 2.50283E+04
 91.0 2.46807E+04
 91.5 2.43337E+04
 92.0 2.39872E+04
 92.5 2.36413E+04
 93.0 2.32961E+04
 93.5 2.29514E+04
 94.0 2.26073E+04
 94.5 2.22639E+04
 95.0 2.19211E+04
 95.5 2.15790E+04
 96.0 2.12375E+04
 96.5 2.08967E+04
 97.0 2.05565E+04
 97.5 2.02171E+04
 98.0 1.98783E+04
 98.5 1.95402E+04
 99.0 1.92029E+04
 99.5 1.88662E+04
100.0 1.85303E+04
100.5 1.81951E+04
101.0 1.78606E+04
101.5 1.75269E+04
102.0 1.71940E+04
102.5 1.68617E+04
103.0 1.65303E+04
103.5 1.61996E+04
104.0 1.58698E+04
104.5 1.55407E+04
105.0 1.52124E+04
105.5 1.48849E+04
106.0 1.45582E+04
106.5 1.42323E+04
107.0 1.39072E+04
107.5 1.35830E+04
108.0 1.32596E+04
108.5 1.29371E+04
109.0 1.26154E+04
109.5 1.22946E+04
110.0 1.19746E+04
110.5 1.16556E+04
111.0 1.13374E+04
111.5 1.10201E+04
112.0 1.07037E+04
112.5 1.03882E+04
113.0 1.00737E+04
113.5 9.76003E+03
114.0 9.44734E+03
114.5 9.13560E+03
115.0 8.82482E+03
115.5 8.51500E+03
116.0 8.20616E+03
116.5 7.89830E+03
117.0 7.59145E+03
117.5 7.28560E+03
118.0 6.98076E+03
118.5 6.67695E+03
119.0 6.37418E+03
119.5 6.07247E+03
120.0 5.77181E+03
120.5 5.47222E+03
121.0 5.17372E+03
121.5 4.87631E+03
122.0 4.58001E+03
122.5 4.28483E+03
123.0 3.99077E+03
123.5 3.69787E+03
124.0 3.40611E+03
124.5 3.11553E+03
125.0 2.82613E+03
125.5 2.53792E+03
126.0 2.25092E+03
126.5 1.96514E+03
127.0 1.68060E+03
127.5 1.39730E+03
128.0 1.11527E+03
128.5 8.34517E+02
129.0 5.55052E+02
129.5 2.76894E+02
130.0 2.30422E+01
