130K21D0W2
  0.5 0.00000E+00
  1.0 0.00000E+00
  1.5 0.00000E+00
  2.0 0.00000E+00
  2.5 0.00000E+00
  3.0 0.00000E+00
  3.5 3.47985E+04
  4.0 4.49300E+04
  4.5 5.55945E+04
  5.0 6.67925E+04
  5.5 7.85314E+04
  6.0 9.08261E+04
  6.5 1.03701E+05
  7.0 1.17196E+05
  7.5 1.31371E+05
  8.0 1.46307E+05
  8.5 2.53393E+06
  9.0 1.78782E+05
  9.5 2.04155E+06
 10.0 1.70022E+06
 10.5 8.27432E+04
 11.0 8.90737E+04
 11.5 2.55605E+05
 12.0 6.86555E+04
 12.5 6.40427E+04
 13.0 6.80993E+04
 13.5 7.22602E+04
 14.0 7.65296E+04
 14.5 8.09097E+04
 15.0 8.54001E+04
 15.5 8.99957E+04
 16.0 9.46861E+04
 16.5 9.94547E+04
 17.0 1.04279E+05
 17.5 1.09129E+05
 18.0 1.13974E+05
 18.5 1.18776E+05
 19.0 1.23498E+05
 19.5 1.28101E+05
 20.0 1.32549E+05
 20.5 1.36809E+05
 21.0 1.40849E+05
 21.5 1.44643E+05
 22.0 1.48170E+05
 22.5 1.51413E+05
 23.0 1.54360E+05
 23.5 1.57005E+05
 24.0 1.59343E+05
 24.5 1.61375E+05
 25.0 1.63105E+05
 25.5 1.64540E+05
 26.0 1.65688E+05
 26.5 1.66560E+05
 27.0 1.67170E+05
 27.5 1.67529E+05
 28.0 1.67653E+05
 28.5 1.67556E+05
 29.0 1.67254E+05
 29.5 1.66759E+05
 30.0 1.66089E+05
 30.5 1.65256E+05
 31.0 1.64275E+05
 31.5 1.63160E+05
 32.0 1.61922E+05
 32.5 1.60575E+05
 33.0 1.59130E+05
 33.5 1.57598E+05
 34.0 1.55988E+05
 34.5 1.54311E+05
 35.0 1.52576E+05
 35.5 1.50790E+05
 36.0 1.48961E+05
 36.5 1.47097E+05
 37.0 1.45204E+05
 37.5 1.43288E+05
 38.0 1.41354E+05
 38.5 1.39407E+05
 39.0 1.37452E+05
 39.5 1.35493E+05
 40.0 1.33534E+05
 40.5 1.31578E+05
 41.0 1.29628E+05
 41.5 1.27687E+05
 42.0 1.25757E+05
 42.5 1.23840E+05
 43.0 1.21939E+05
 43.5 1.20055E+05
 44.0 1.18190E+05
 44.5 1.16345E+05
 45.0 1.14520E+05
 45.5 1.12718E+05
 46.0 1.10938E+05
 46.5 1.09182E+05
 47.0 1.07450E+05
 47.5 1.05743E+05
 48.0 1.04060E+05
 48.5 1.02403E+05
 49.0 1.00772E+05
 49.5 9.91654E+04
 50.0 9.75850E+04
 50.5 9.60301E+04
 51.0 9.45009E+04
 51.5 9.29971E+04
 52.0 9.15186E+04
 52.5 9.00654E+04
 53.0 8.86370E+04
 53.5 8.72334E+04
 54.0 8.58542E+04
 54.5 8.44991E+04
 55.0 8.31678E+04
 55.5 8.18600E+04
 56.0 8.05754E+04
 56.5 7.93135E+04
 57.0 7.80740E+04
 57.5 7.68567E+04
 58.0 4.02982E+05
 58.5 7.44864E+04
 59.0 7.33328E+04
 59.5 6.46450E+05
 60.0 7.10866E+04
 60.5 6.99932E+04
 61.0 6.89191E+04
 61.5 6.78639E+04
 62.0 6.68272E+04
 62.5 6.58086E+04
 63.0 6.48077E+04
 63.5 6.38241E+04
 64.0 6.28574E+04
 64.5 6.19074E+04
 65.0 6.09735E+04
 65.5 6.00554E+04
 66.0 5.91529E+04
 66.5 5.82654E+04
 67.0 2.50527E+05
 67.5 5.65344E+04
 68.0 5.56901E+04
 68.5 5.48597E+04
 69.0 1.05061E+05
 69.5 5.17341E+04
 70.0 4.35778E+04
 70.5 4.31065E+04
 71.0 4.26373E+04
 71.5 4.21702E+04
 72.0 4.17052E+04
 72.5 4.12423E+04
 73.0 4.07816E+04
 73.5 4.03231E+04
 74.0 3.98669E+04
 74.5 3.94128E+04
 75.0 3.89610E+04
 75.5 3.85114E+04
 76.0 3.80640E+04
 76.5 3.76189E+04
 77.0 3.71760E+04
 77.5 3.67354E+04
 78.0 3.62970E+04
 78.5 3.58608E+04
 79.0 3.54268E+04
 79.5 3.49950E+04
 80.0 3.45654E+04
 80.5 3.41379E+04
 81.0 3.37127E+04
 81.5 3.32896E+04
 82.0 3.28686E+04
 82.5 3.24497E+04
 83.0 3.20330E+04
 83.5 3.16183E+04
 84.0 3.12057E+04
 84.5 3.07951E+04
 85.0 3.03866E+04
 85.5 2.99800E+04
 86.0 2.95755E+04
 86.5 2.91729E+04
 87.0 2.87722E+04
 87.5 2.83735E+04
 88.0 2.79767E+04
 88.5 2.75818E+04
 89.0 2.71887E+04
 89.5 2.67975E+04
 90.0 2.64081E+04
 90.5 2.60205E+04
 91.0 2.56347E+04
 91.5 2.52506E+04
 92.0 2.48683E+04
 92.5 2.44877E+04
 93.0 2.41088E+04
 93.5 2.37316E+04
 94.0 2.33561E+04
 94.5 2.29822E+04
 95.0 2.26099E+04
 95.5 2.22393E+04
 96.0 2.18702E+04
 96.5 2.15028E+04
 97.0 2.11368E+04
 97.5 2.07725E+04
 98.0 2.04096E+04
 98.5 2.00483E+04
 99.0 1.96885E+04
 99.5 1.93301E+04
100.0 1.89733E+04
100.5 1.86178E+04
101.0 1.82639E+04
101.5 1.79113E+04
102.0 1.75602E+04
102.5 1.72105E+04
103.0 1.68622E+04
103.5 1.65152E+04
104.0 1.61697E+04
104.5 1.58255E+04
105.0 1.54827E+04
105.5 1.51412E+04
106.0 1.48010E+04
106.5 1.44622E+04
107.0 1.41247E+04
107.5 1.37886E+04
108.0 1.34537E+04
108.5 1.31202E+04
109.0 1.27879E+04
109.5 1.24570E+04
110.0 1.21273E+04
110.5 1.17989E+04
111.0 1.14718E+04
111.5 1.11460E+04
112.0 1.08215E+04
112.5 1.04982E+04
113.0 1.01762E+04
113.5 9.85550E+03
114.0 9.53605E+03
114.5 9.21787E+03
115.0 8.90096E+03
115.5 8.58533E+03
116.0 8.27096E+03
116.5 7.95787E+03
117.0 7.64605E+03
117.5 7.33551E+03
118.0 7.02625E+03
118.5 6.71827E+03
119.0 6.41157E+03
119.5 6.10616E+03
120.0 5.80204E+03
120.5 5.49921E+03
121.0 5.19769E+03
121.5 4.89748E+03
122.0 4.59857E+03
122.5 4.30098E+03
123.0 4.00471E+03
123.5 3.70978E+03
124.0 3.41618E+03
124.5 3.12392E+03
125.0 2.83301E+03
125.5 2.54346E+03
126.0 2.25528E+03
126.5 1.96847E+03
127.0 1.68304E+03
127.5 1.39901E+03
128.0 1.11638E+03
128.5 8.35156E+02
129.0 5.55356E+02
129.5 2.76987E+02
130.0 2.30471E+01
