130K20D0W2
  0.5 0.00000E+00
  1.0 0.00000E+00
  1.5 0.00000E+00
  2.0 0.00000E+00
  2.5 0.00000E+00
  3.0 0.00000E+00
  3.5 3.26867E+04
  4.0 4.23110E+04
  4.5 5.24313E+04
  5.0 6.30458E+04
  5.5 7.41597E+04
  6.0 8.57840E+04
  6.5 9.79381E+04
  7.0 1.10653E+05
  7.5 1.23977E+05
  8.0 1.37978E+05
  8.5 2.26436E+06
  9.0 1.68310E+05
  9.5 1.88367E+06
 10.0 1.56925E+06
 10.5 7.81193E+04
 11.0 8.40681E+04
 11.5 2.29564E+05
 12.0 6.48288E+04
 12.5 6.04776E+04
 13.0 6.42944E+04
 13.5 6.82047E+04
 14.0 7.22124E+04
 14.5 7.63203E+04
 15.0 8.05293E+04
 15.5 8.48370E+04
 16.0 8.92367E+04
 16.5 9.37164E+04
 17.0 9.82587E+04
 17.5 1.02841E+05
 18.0 1.07435E+05
 18.5 1.12011E+05
 19.0 1.16533E+05
 19.5 1.20969E+05
 20.0 1.25283E+05
 20.5 1.29442E+05
 21.0 1.33417E+05
 21.5 1.37180E+05
 22.0 1.40709E+05
 22.5 1.43986E+05
 23.0 1.46995E+05
 23.5 1.49727E+05
 24.0 1.52176E+05
 24.5 1.54339E+05
 25.0 1.56218E+05
 25.5 1.57816E+05
 26.0 1.59139E+05
 26.5 1.60196E+05
 27.0 1.60997E+05
 27.5 1.61553E+05
 28.0 1.61877E+05
 28.5 1.61982E+05
 29.0 1.61881E+05
 29.5 1.61588E+05
 30.0 1.61116E+05
 30.5 1.60480E+05
 31.0 1.59691E+05
 31.5 1.58764E+05
 32.0 1.57709E+05
 32.5 1.56540E+05
 33.0 1.55268E+05
 33.5 1.53902E+05
 34.0 1.52454E+05
 34.5 1.50933E+05
 35.0 1.49347E+05
 35.5 1.47705E+05
 36.0 1.46014E+05
 36.5 1.44283E+05
 37.0 1.42516E+05
 37.5 1.40721E+05
 38.0 1.38903E+05
 38.5 1.37068E+05
 39.0 1.35219E+05
 39.5 1.33361E+05
 40.0 1.31499E+05
 40.5 1.29635E+05
 41.0 1.27772E+05
 41.5 1.25915E+05
 42.0 1.24065E+05
 42.5 1.22225E+05
 43.0 1.20396E+05
 43.5 1.18581E+05
 44.0 1.16782E+05
 44.5 1.14999E+05
 45.0 1.13235E+05
 45.5 1.11489E+05
 46.0 1.09764E+05
 46.5 1.08059E+05
 47.0 1.06377E+05
 47.5 1.04716E+05
 48.0 1.03079E+05
 48.5 1.01464E+05
 49.0 9.98731E+04
 49.5 9.83057E+04
 50.0 9.67621E+04
 50.5 9.52425E+04
 51.0 9.37469E+04
 51.5 9.22751E+04
 52.0 9.08272E+04
 52.5 8.94031E+04
 53.0 8.80026E+04
 53.5 8.66255E+04
 54.0 8.52716E+04
 54.5 8.39407E+04
 55.0 8.26326E+04
 55.5 8.13469E+04
 56.0 8.00833E+04
 56.5 7.88416E+04
 57.0 7.76214E+04
 57.5 7.64224E+04
 58.0 3.99349E+05
 58.5 7.40867E+04
 59.0 7.29492E+04
 59.5 6.40765E+05
 60.0 7.07331E+04
 60.5 6.96539E+04
 61.0 6.85933E+04
 61.5 6.75510E+04
 62.0 6.65266E+04
 62.5 6.55199E+04
 63.0 6.45304E+04
 63.5 6.35577E+04
 64.0 6.26015E+04
 64.5 6.16614E+04
 65.0 6.07371E+04
 65.5 5.98283E+04
 66.0 5.89345E+04
 66.5 5.80555E+04
 67.0 2.49028E+05
 67.5 5.63404E+04
 68.0 5.55036E+04
 68.5 5.46803E+04
 69.0 1.04571E+05
 69.5 5.15021E+04
 70.0 4.30268E+04
 70.5 4.25732E+04
 71.0 4.21211E+04
 71.5 4.16706E+04
 72.0 4.12218E+04
 72.5 4.07747E+04
 73.0 4.03293E+04
 73.5 3.98856E+04
 74.0 3.94437E+04
 74.5 3.90036E+04
 75.0 3.85654E+04
 75.5 3.81290E+04
 76.0 3.76944E+04
 76.5 3.72617E+04
 77.0 3.68308E+04
 77.5 3.64018E+04
 78.0 3.59747E+04
 78.5 3.55495E+04
 79.0 3.51262E+04
 79.5 3.47048E+04
 80.0 3.42852E+04
 80.5 3.38675E+04
 81.0 3.34517E+04
 81.5 3.30377E+04
 82.0 3.26256E+04
 82.5 3.22153E+04
 83.0 3.18069E+04
 83.5 3.14003E+04
 84.0 3.09955E+04
 84.5 3.05925E+04
 85.0 3.01913E+04
 85.5 2.97919E+04
 86.0 2.93942E+04
 86.5 2.89983E+04
 87.0 2.86042E+04
 87.5 2.82117E+04
 88.0 2.78210E+04
 88.5 2.74320E+04
 89.0 2.70446E+04
 89.5 2.66589E+04
 90.0 2.62748E+04
 90.5 2.58924E+04
 91.0 2.55116E+04
 91.5 2.51323E+04
 92.0 2.47547E+04
 92.5 2.43787E+04
 93.0 2.40042E+04
 93.5 2.36312E+04
 94.0 2.32598E+04
 94.5 2.28898E+04
 95.0 2.25214E+04
 95.5 2.21544E+04
 96.0 2.17890E+04
 96.5 2.14250E+04
 97.0 2.10624E+04
 97.5 2.07012E+04
 98.0 2.03415E+04
 98.5 1.99832E+04
 99.0 1.96263E+04
 99.5 1.92707E+04
100.0 1.89166E+04
100.5 1.85637E+04
101.0 1.82123E+04
101.5 1.78622E+04
102.0 1.75134E+04
102.5 1.71659E+04
103.0 1.68198E+04
103.5 1.64749E+04
104.0 1.61314E+04
104.5 1.57891E+04
105.0 1.54482E+04
105.5 1.51085E+04
106.0 1.47701E+04
106.5 1.44329E+04
107.0 1.40970E+04
107.5 1.37624E+04
108.0 1.34290E+04
108.5 1.30968E+04
109.0 1.27660E+04
109.5 1.24363E+04
110.0 1.21079E+04
110.5 1.17807E+04
111.0 1.14547E+04
111.5 1.11300E+04
112.0 1.08065E+04
112.5 1.04842E+04
113.0 1.01632E+04
113.5 9.84337E+03
114.0 9.52478E+03
114.5 9.20742E+03
115.0 8.89130E+03
115.5 8.57640E+03
116.0 8.26274E+03
116.5 7.95031E+03
117.0 7.63913E+03
117.5 7.32918E+03
118.0 7.02048E+03
118.5 6.71303E+03
119.0 6.40683E+03
119.5 6.10189E+03
120.0 5.79821E+03
120.5 5.49579E+03
121.0 5.19466E+03
121.5 4.89479E+03
122.0 4.59622E+03
122.5 4.29894E+03
123.0 4.00295E+03
123.5 3.70827E+03
124.0 3.41490E+03
124.5 3.12286E+03
125.0 2.83214E+03
125.5 2.54276E+03
126.0 2.25473E+03
126.5 1.96805E+03
127.0 1.68273E+03
127.5 1.39879E+03
128.0 1.11624E+03
128.5 8.35075E+02
129.0 5.55318E+02
129.5 2.76976E+02
130.0 2.30465E+01
