131K06D0W2
  0.5 0.00000E+00
  1.0 0.00000E+00
  1.5 0.00000E+00
  2.0 0.00000E+00
  2.5 0.00000E+00
  3.0 0.00000E+00
  3.5 5.91862E+03
  4.0 8.81842E+03
  4.5 1.18879E+04
  5.0 1.50746E+04
  5.5 1.83558E+04
  6.0 2.17209E+04
  6.5 2.51639E+04
  7.0 2.86812E+04
  7.5 3.22700E+04
  8.0 3.59281E+04
  8.5 4.74478E+04
  9.0 4.34452E+04
  9.5 7.91499E+04
 10.0 7.16515E+04
 10.5 2.03607E+04
 11.0 2.19601E+04
 11.5 2.23841E+04
 12.0 1.69061E+04
 12.5 1.57697E+04
 13.0 1.68117E+04
 13.5 1.78632E+04
 14.0 1.89243E+04
 14.5 1.99945E+04
 15.0 2.10738E+04
 15.5 2.21620E+04
 16.0 2.32589E+04
 16.5 2.43642E+04
 17.0 2.54779E+04
 17.5 2.65996E+04
 18.0 2.77293E+04
 18.5 2.88668E+04
 19.0 3.00119E+04
 19.5 3.11644E+04
 20.0 3.23242E+04
 20.5 3.34911E+04
 21.0 3.46649E+04
 21.5 3.58455E+04
 22.0 3.70325E+04
 22.5 3.82255E+04
 23.0 3.94241E+04
 23.5 4.06277E+04
 24.0 4.18353E+04
 24.5 4.30460E+04
 25.0 4.42585E+04
 25.5 4.54711E+04
 26.0 4.66821E+04
 26.5 4.78893E+04
 27.0 4.90903E+04
 27.5 5.02826E+04
 28.0 5.14633E+04
 28.5 5.26295E+04
 29.0 5.37780E+04
 29.5 5.49058E+04
 30.0 5.60096E+04
 30.5 5.70865E+04
 31.0 5.81332E+04
 31.5 5.91471E+04
 32.0 6.01253E+04
 32.5 6.10653E+04
 33.0 6.19649E+04
 33.5 6.28219E+04
 34.0 6.36347E+04
 34.5 6.44017E+04
 35.0 6.51217E+04
 35.5 6.57937E+04
 36.0 6.64171E+04
 36.5 6.69914E+04
 37.0 6.75164E+04
 37.5 6.79922E+04
 38.0 6.84191E+04
 38.5 6.87974E+04
 39.0 6.91280E+04
 39.5 6.94115E+04
 40.0 6.96490E+04
 40.5 6.98414E+04
 41.0 6.99901E+04
 41.5 7.00963E+04
 42.0 7.01613E+04
 42.5 7.01866E+04
 43.0 7.01736E+04
 43.5 7.01238E+04
 44.0 7.00389E+04
 44.5 6.99202E+04
 45.0 6.97695E+04
 45.5 6.95881E+04
 46.0 6.93777E+04
 46.5 6.91398E+04
 47.0 6.88758E+04
 47.5 6.85872E+04
 48.0 6.82755E+04
 48.5 6.79420E+04
 49.0 6.75881E+04
 49.5 6.72150E+04
 50.0 6.68242E+04
 50.5 6.64167E+04
 51.0 6.59937E+04
 51.5 6.55565E+04
 52.0 6.51059E+04
 52.5 6.46433E+04
 53.0 6.41693E+04
 53.5 6.36852E+04
 54.0 6.31916E+04
 54.5 6.26895E+04
 55.0 6.21798E+04
 55.5 6.16630E+04
 56.0 6.11401E+04
 56.5 6.06117E+04
 57.0 6.00784E+04
 57.5 5.95408E+04
 58.0 2.65016E+05
 58.5 5.84552E+04
 59.0 5.79082E+04
 59.5 4.29195E+05
 60.0 5.68082E+04
 60.5 5.62562E+04
 61.0 5.57032E+04
 61.5 5.51497E+04
 62.0 5.45961E+04
 62.5 5.40426E+04
 63.0 5.34896E+04
 63.5 5.29373E+04
 64.0 5.23859E+04
 64.5 5.18358E+04
 65.0 5.12870E+04
 65.5 5.07400E+04
 66.0 5.01947E+04
 66.5 4.96514E+04
 67.0 1.91129E+05
 67.5 4.85713E+04
 68.0 4.80348E+04
 68.5 4.75008E+04
 69.0 8.54374E+04
 69.5 4.29023E+04
 70.0 2.49484E+04
 70.5 2.49476E+04
 71.0 2.49418E+04
 71.5 2.49309E+04
 72.0 2.49149E+04
 72.5 2.48938E+04
 73.0 2.48676E+04
 73.5 2.48362E+04
 74.0 2.47997E+04
 74.5 2.47580E+04
 75.0 2.47112E+04
 75.5 2.46592E+04
 76.0 2.46022E+04
 76.5 2.45401E+04
 77.0 2.44729E+04
 77.5 2.44007E+04
 78.0 2.43234E+04
 78.5 2.42412E+04
 79.0 2.41541E+04
 79.5 2.40621E+04
 80.0 2.39652E+04
 80.5 2.38635E+04
 81.0 2.37571E+04
 81.5 2.36460E+04
 82.0 2.35303E+04
 82.5 2.34099E+04
 83.0 2.32850E+04
 83.5 2.31557E+04
 84.0 2.30219E+04
 84.5 2.28838E+04
 85.0 2.27414E+04
 85.5 2.25948E+04
 86.0 2.24440E+04
 86.5 2.22891E+04
 87.0 2.21302E+04
 87.5 2.19674E+04
 88.0 2.18007E+04
 88.5 2.16301E+04
 89.0 2.14559E+04
 89.5 2.12779E+04
 90.0 2.10964E+04
 90.5 2.09113E+04
 91.0 2.07228E+04
 91.5 2.05309E+04
 92.0 2.03357E+04
 92.5 2.01372E+04
 93.0 1.99355E+04
 93.5 1.97308E+04
 94.0 1.95230E+04
 94.5 1.93123E+04
 95.0 1.90987E+04
 95.5 1.88822E+04
 96.0 1.86630E+04
 96.5 1.84412E+04
 97.0 1.82167E+04
 97.5 1.79897E+04
 98.0 1.77602E+04
 98.5 1.75282E+04
 99.0 1.72940E+04
 99.5 1.70575E+04
100.0 1.68187E+04
100.5 1.65778E+04
101.0 1.63349E+04
101.5 1.60899E+04
102.0 1.58430E+04
102.5 1.55941E+04
103.0 1.53435E+04
103.5 1.50910E+04
104.0 1.48369E+04
104.5 1.45811E+04
105.0 1.43237E+04
105.5 1.40648E+04
106.0 1.38044E+04
106.5 1.35426E+04
107.0 1.32795E+04
107.5 1.30150E+04
108.0 1.27493E+04
108.5 1.24823E+04
109.0 1.22143E+04
109.5 1.19451E+04
110.0 1.16750E+04
110.5 1.14038E+04
111.0 1.11317E+04
111.5 1.08587E+04
112.0 1.05849E+04
112.5 1.03103E+04
113.0 1.00349E+04
113.5 9.75888E+03
114.0 9.48221E+03
114.5 9.20495E+03
115.0 8.92714E+03
115.5 8.64883E+03
116.0 8.37006E+03
116.5 8.09088E+03
117.0 7.81134E+03
117.5 7.53147E+03
118.0 7.25132E+03
118.5 6.97094E+03
119.0 6.69036E+03
119.5 6.40962E+03
120.0 6.12878E+03
120.5 5.84786E+03
121.0 5.56692E+03
121.5 5.28598E+03
122.0 5.00509E+03
122.5 4.72429E+03
123.0 4.44361E+03
123.5 4.16310E+03
124.0 3.88279E+03
124.5 3.60272E+03
125.0 3.32293E+03
125.5 3.04345E+03
126.0 2.76432E+03
126.5 2.48558E+03
127.0 2.20726E+03
127.5 1.92939E+03
128.0 1.65202E+03
128.5 1.37517E+03
129.0 1.09889E+03
129.5 8.23196E+02
130.0 5.48134E+02
130.5 2.73734E+02
131.0 2.27940E+01
