131K14D0W2
  0.5 0.00000E+00
  1.0 0.00000E+00
  1.5 0.00000E+00
  2.0 0.00000E+00
  2.5 0.00000E+00
  3.0 0.00000E+00
  3.5 2.04677E+04
  4.0 2.71378E+04
  4.5 3.41114E+04
  5.0 4.13750E+04
  5.5 4.89236E+04
  6.0 5.67557E+04
  6.5 6.48722E+04
  7.0 7.32768E+04
  7.5 8.19767E+04
  8.0 9.09842E+04
  8.5 8.33800E+05
  9.0 1.10004E+05
  9.5 9.24338E+05
 10.0 7.74191E+05
 10.5 5.17698E+04
 11.0 5.56503E+04
 11.5 9.82818E+04
 12.0 4.30006E+04
 12.5 4.01291E+04
 13.0 4.26370E+04
 13.5 4.51889E+04
 14.0 4.77859E+04
 14.5 5.04288E+04
 15.0 5.31190E+04
 15.5 5.58577E+04
 16.0 5.86460E+04
 16.5 6.14846E+04
 17.0 6.43734E+04
 17.5 6.73112E+04
 18.0 7.02950E+04
 18.5 7.33197E+04
 19.0 7.63784E+04
 19.5 7.94614E+04
 20.0 8.25569E+04
 20.5 8.56514E+04
 21.0 8.87293E+04
 21.5 9.17742E+04
 22.0 9.47689E+04
 22.5 9.76961E+04
 23.0 1.00539E+05
 23.5 1.03281E+05
 24.0 1.05909E+05
 24.5 1.08407E+05
 25.0 1.10766E+05
 25.5 1.12974E+05
 26.0 1.15025E+05
 26.5 1.16913E+05
 27.0 1.18633E+05
 27.5 1.20182E+05
 28.0 1.21562E+05
 28.5 1.22772E+05
 29.0 1.23814E+05
 29.5 1.24691E+05
 30.0 1.25409E+05
 30.5 1.25971E+05
 31.0 1.26385E+05
 31.5 1.26655E+05
 32.0 1.26789E+05
 32.5 1.26794E+05
 33.0 1.26676E+05
 33.5 1.26444E+05
 34.0 1.26103E+05
 34.5 1.25662E+05
 35.0 1.25128E+05
 35.5 1.24506E+05
 36.0 1.23805E+05
 36.5 1.23030E+05
 37.0 1.22188E+05
 37.5 1.21285E+05
 38.0 1.20326E+05
 38.5 1.19317E+05
 39.0 1.18263E+05
 39.5 1.17169E+05
 40.0 1.16038E+05
 40.5 1.14877E+05
 41.0 1.13688E+05
 41.5 1.12475E+05
 42.0 1.11242E+05
 42.5 1.09992E+05
 43.0 1.08728E+05
 43.5 1.07453E+05
 44.0 1.06170E+05
 44.5 1.04880E+05
 45.0 1.03586E+05
 45.5 1.02291E+05
 46.0 1.00995E+05
 46.5 9.97002E+04
 47.0 9.84089E+04
 47.5 9.71220E+04
 48.0 9.58408E+04
 48.5 9.45665E+04
 49.0 9.33001E+04
 49.5 9.20426E+04
 50.0 9.07946E+04
 50.5 8.95571E+04
 51.0 8.83307E+04
 51.5 8.71158E+04
 52.0 8.59131E+04
 52.5 8.47230E+04
 53.0 8.35458E+04
 53.5 8.23820E+04
 54.0 8.12316E+04
 54.5 8.00950E+04
 55.0 7.89724E+04
 55.5 7.78638E+04
 56.0 7.67695E+04
 56.5 7.56894E+04
 57.0 7.46235E+04
 57.5 7.35720E+04
 58.0 3.76197E+05
 58.5 7.15117E+04
 59.0 7.05029E+04
 59.5 6.05409E+05
 60.0 6.85274E+04
 60.5 6.75605E+04
 61.0 6.66074E+04
 61.5 6.56679E+04
 62.0 6.47419E+04
 62.5 6.38293E+04
 63.0 6.29297E+04
 63.5 6.20432E+04
 64.0 6.11694E+04
 64.5 6.03082E+04
 65.0 5.94595E+04
 65.5 5.86230E+04
 66.0 5.77985E+04
 66.5 5.69859E+04
 67.0 2.41261E+05
 67.5 5.53953E+04
 68.0 5.46169E+04
 68.5 5.38495E+04
 69.0 1.02238E+05
 69.5 5.01886E+04
 70.0 3.88705E+04
 70.5 3.85563E+04
 71.0 3.82402E+04
 71.5 3.79222E+04
 72.0 3.76025E+04
 72.5 3.72812E+04
 73.0 3.69584E+04
 73.5 3.66341E+04
 74.0 3.63085E+04
 74.5 3.59816E+04
 75.0 3.56536E+04
 75.5 3.53244E+04
 76.0 3.49943E+04
 76.5 3.46632E+04
 77.0 3.43313E+04
 77.5 3.39985E+04
 78.0 3.36651E+04
 78.5 3.33309E+04
 79.0 3.29962E+04
 79.5 3.26609E+04
 80.0 3.23251E+04
 80.5 3.19888E+04
 81.0 3.16522E+04
 81.5 3.13152E+04
 82.0 3.09779E+04
 82.5 3.06404E+04
 83.0 3.03026E+04
 83.5 2.99647E+04
 84.0 2.96266E+04
 84.5 2.92885E+04
 85.0 2.89502E+04
 85.5 2.86120E+04
 86.0 2.82737E+04
 86.5 2.79355E+04
 87.0 2.75974E+04
 87.5 2.72593E+04
 88.0 2.69214E+04
 88.5 2.65836E+04
 89.0 2.62460E+04
 89.5 2.59086E+04
 90.0 2.55714E+04
 90.5 2.52344E+04
 91.0 2.48977E+04
 91.5 2.45613E+04
 92.0 2.42252E+04
 92.5 2.38894E+04
 93.0 2.35540E+04
 93.5 2.32189E+04
 94.0 2.28842E+04
 94.5 2.25498E+04
 95.0 2.22159E+04
 95.5 2.18824E+04
 96.0 2.15493E+04
 96.5 2.12167E+04
 97.0 2.08846E+04
 97.5 2.05529E+04
 98.0 2.02217E+04
 98.5 1.98910E+04
 99.0 1.95608E+04
 99.5 1.92312E+04
100.0 1.89021E+04
100.5 1.85735E+04
101.0 1.82455E+04
101.5 1.79181E+04
102.0 1.75913E+04
102.5 1.72650E+04
103.0 1.69394E+04
103.5 1.66144E+04
104.0 1.62900E+04
104.5 1.59662E+04
105.0 1.56431E+04
105.5 1.53206E+04
106.0 1.49989E+04
106.5 1.46778E+04
107.0 1.43573E+04
107.5 1.40376E+04
108.0 1.37186E+04
108.5 1.34003E+04
109.0 1.30828E+04
109.5 1.27660E+04
110.0 1.24499E+04
110.5 1.21346E+04
111.0 1.18200E+04
111.5 1.15063E+04
112.0 1.11933E+04
112.5 1.08811E+04
113.0 1.05698E+04
113.5 1.02593E+04
114.0 9.94956E+03
114.5 9.64071E+03
115.0 9.33272E+03
115.5 9.02558E+03
116.0 8.71933E+03
116.5 8.41396E+03
117.0 8.10950E+03
117.5 7.80595E+03
118.0 7.50332E+03
118.5 7.20162E+03
119.0 6.90087E+03
119.5 6.60108E+03
120.0 6.30227E+03
120.5 6.00443E+03
121.0 5.70759E+03
121.5 5.41176E+03
122.0 5.11695E+03
122.5 4.82317E+03
123.0 4.53044E+03
123.5 4.23876E+03
124.0 3.94816E+03
124.5 3.65864E+03
125.0 3.37023E+03
125.5 3.08292E+03
126.0 2.79675E+03
126.5 2.51171E+03
127.0 2.22783E+03
127.5 1.94511E+03
128.0 1.66358E+03
128.5 1.38325E+03
129.0 1.10413E+03
129.5 8.26231E+02
130.0 5.49577E+02
130.5 2.74179E+02
131.0 2.28172E+01
