131K13D0W2
  0.5 0.00000E+00
  1.0 0.00000E+00
  1.5 0.00000E+00
  2.0 0.00000E+00
  2.5 0.00000E+00
  3.0 0.00000E+00
  3.5 1.85540E+04
  4.0 2.47552E+04
  4.5 3.12337E+04
  5.0 3.79738E+04
  5.5 4.49693E+04
  6.0 5.22176E+04
  6.5 5.97182E+04
  7.0 6.74727E+04
  7.5 7.54857E+04
  8.0 8.37650E+04
  8.5 6.55166E+05
  9.0 1.01180E+05
  9.5 7.76683E+05
 10.0 6.51868E+05
 10.5 4.76781E+04
 11.0 5.12513E+04
 11.5 8.26560E+04
 12.0 3.96044E+04
 12.5 3.69602E+04
 13.0 3.92717E+04
 13.5 4.16215E+04
 14.0 4.40101E+04
 14.5 4.64381E+04
 15.0 4.89065E+04
 15.5 5.14161E+04
 16.0 5.39680E+04
 16.5 5.65628E+04
 17.0 5.92011E+04
 17.5 6.18824E+04
 18.0 6.46054E+04
 18.5 6.73672E+04
 19.0 7.01637E+04
 19.5 7.29883E+04
 20.0 7.58327E+04
 20.5 7.86870E+04
 21.0 8.15392E+04
 21.5 8.43762E+04
 22.0 8.71836E+04
 22.5 8.99467E+04
 23.0 9.26505E+04
 23.5 9.52801E+04
 24.0 9.78217E+04
 24.5 1.00262E+05
 25.0 1.02589E+05
 25.5 1.04793E+05
 26.0 1.06864E+05
 26.5 1.08795E+05
 27.0 1.10580E+05
 27.5 1.12216E+05
 28.0 1.13700E+05
 28.5 1.15030E+05
 29.0 1.16207E+05
 29.5 1.17232E+05
 30.0 1.18108E+05
 30.5 1.18838E+05
 31.0 1.19426E+05
 31.5 1.19876E+05
 32.0 1.20195E+05
 32.5 1.20387E+05
 33.0 1.20459E+05
 33.5 1.20417E+05
 34.0 1.20267E+05
 34.5 1.20015E+05
 35.0 1.19668E+05
 35.5 1.19232E+05
 36.0 1.18714E+05
 36.5 1.18118E+05
 37.0 1.17452E+05
 37.5 1.16720E+05
 38.0 1.15929E+05
 38.5 1.15083E+05
 39.0 1.14187E+05
 39.5 1.13247E+05
 40.0 1.12266E+05
 40.5 1.11249E+05
 41.0 1.10200E+05
 41.5 1.09123E+05
 42.0 1.08020E+05
 42.5 1.06896E+05
 43.0 1.05754E+05
 43.5 1.04596E+05
 44.0 1.03425E+05
 44.5 1.02244E+05
 45.0 1.01054E+05
 45.5 9.98588E+04
 46.0 9.86592E+04
 46.5 9.74574E+04
 47.0 9.62550E+04
 47.5 9.50535E+04
 48.0 9.38544E+04
 48.5 9.26588E+04
 49.0 9.14679E+04
 49.5 9.02829E+04
 50.0 8.91045E+04
 50.5 8.79337E+04
 51.0 8.67713E+04
 51.5 8.56179E+04
 52.0 8.44741E+04
 52.5 8.33404E+04
 53.0 8.22175E+04
 53.5 8.11055E+04
 54.0 8.00051E+04
 54.5 7.89163E+04
 55.0 7.78395E+04
 55.5 7.67750E+04
 56.0 7.57228E+04
 56.5 7.46832E+04
 57.0 7.36562E+04
 57.5 7.26420E+04
 58.0 3.68515E+05
 58.5 7.06517E+04
 59.0 6.96758E+04
 59.5 5.93321E+05
 60.0 6.77623E+04
 60.5 6.68246E+04
 61.0 6.58995E+04
 61.5 6.49869E+04
 62.0 6.40866E+04
 62.5 6.31988E+04
 63.0 6.23230E+04
 63.5 6.14593E+04
 64.0 6.06075E+04
 64.5 5.97675E+04
 65.0 5.89391E+04
 65.5 5.81221E+04
 66.0 5.73163E+04
 66.5 5.65217E+04
 67.0 2.37980E+05
 67.5 5.49650E+04
 68.0 5.42027E+04
 68.5 5.34508E+04
 69.0 1.01158E+05
 69.5 4.96984E+04
 70.0 3.77997E+04
 70.5 3.75155E+04
 71.0 3.72286E+04
 71.5 3.69393E+04
 72.0 3.66477E+04
 72.5 3.63538E+04
 73.0 3.60578E+04
 73.5 3.57598E+04
 74.0 3.54598E+04
 74.5 3.51580E+04
 75.0 3.48544E+04
 75.5 3.45492E+04
 76.0 3.42424E+04
 76.5 3.39341E+04
 77.0 3.36243E+04
 77.5 3.33133E+04
 78.0 3.30010E+04
 78.5 3.26875E+04
 79.0 3.23728E+04
 79.5 3.20571E+04
 80.0 3.17404E+04
 80.5 3.14228E+04
 81.0 3.11043E+04
 81.5 3.07850E+04
 82.0 3.04650E+04
 82.5 3.01442E+04
 83.0 2.98228E+04
 83.5 2.95007E+04
 84.0 2.91781E+04
 84.5 2.88550E+04
 85.0 2.85314E+04
 85.5 2.82074E+04
 86.0 2.78830E+04
 86.5 2.75583E+04
 87.0 2.72333E+04
 87.5 2.69079E+04
 88.0 2.65824E+04
 88.5 2.62566E+04
 89.0 2.59307E+04
 89.5 2.56046E+04
 90.0 2.52785E+04
 90.5 2.49522E+04
 91.0 2.46259E+04
 91.5 2.42996E+04
 92.0 2.39733E+04
 92.5 2.36470E+04
 93.0 2.33208E+04
 93.5 2.29946E+04
 94.0 2.26686E+04
 94.5 2.23426E+04
 95.0 2.20169E+04
 95.5 2.16913E+04
 96.0 2.13659E+04
 96.5 2.10407E+04
 97.0 2.07157E+04
 97.5 2.03910E+04
 98.0 2.00665E+04
 98.5 1.97424E+04
 99.0 1.94185E+04
 99.5 1.90950E+04
100.0 1.87718E+04
100.5 1.84489E+04
101.0 1.81265E+04
101.5 1.78044E+04
102.0 1.74827E+04
102.5 1.71614E+04
103.0 1.68406E+04
103.5 1.65203E+04
104.0 1.62003E+04
104.5 1.58809E+04
105.0 1.55620E+04
105.5 1.52436E+04
106.0 1.49257E+04
106.5 1.46083E+04
107.0 1.42915E+04
107.5 1.39752E+04
108.0 1.36596E+04
108.5 1.33445E+04
109.0 1.30300E+04
109.5 1.27162E+04
110.0 1.24029E+04
110.5 1.20903E+04
111.0 1.17784E+04
111.5 1.14672E+04
112.0 1.11566E+04
112.5 1.08468E+04
113.0 1.05376E+04
113.5 1.02292E+04
114.0 9.92152E+03
114.5 9.61459E+03
115.0 9.30843E+03
115.5 9.00305E+03
116.0 8.69846E+03
116.5 8.39468E+03
117.0 8.09172E+03
117.5 7.78960E+03
118.0 7.48832E+03
118.5 7.18791E+03
119.0 6.88837E+03
119.5 6.58973E+03
120.0 6.29198E+03
120.5 5.99516E+03
121.0 5.69927E+03
121.5 5.40432E+03
122.0 5.11034E+03
122.5 4.81733E+03
123.0 4.52532E+03
123.5 4.23430E+03
124.0 3.94431E+03
124.5 3.65535E+03
125.0 3.36745E+03
125.5 3.08061E+03
126.0 2.79484E+03
126.5 2.51018E+03
127.0 2.22662E+03
127.5 1.94419E+03
128.0 1.66291E+03
128.5 1.38278E+03
129.0 1.10382E+03
129.5 8.26054E+02
130.0 5.49493E+02
130.5 2.74154E+02
131.0 2.28159E+01
