131K11D0W2
  0.5 0.00000E+00
  1.0 0.00000E+00
  1.5 0.00000E+00
  2.0 0.00000E+00
  2.5 0.00000E+00
  3.0 0.00000E+00
  3.5 1.47980E+04
  4.0 2.00669E+04
  4.5 2.55668E+04
  5.0 3.12762E+04
  5.5 3.71861E+04
  6.0 4.32922E+04
  6.5 4.95920E+04
  7.0 5.60844E+04
  7.5 6.27700E+04
  8.0 6.96511E+04
  8.5 3.64348E+05
  9.0 8.40222E+04
  9.5 5.05068E+05
 10.0 4.26740E+05
 10.5 3.96535E+04
 11.0 4.26336E+04
 11.5 5.71656E+04
 12.0 3.29408E+04
 12.5 3.07413E+04
 13.0 3.26728E+04
 13.5 3.46323E+04
 14.0 3.66201E+04
 14.5 3.86361E+04
 15.0 4.06809E+04
 15.5 4.27546E+04
 16.0 4.48577E+04
 16.5 4.69907E+04
 17.0 4.91539E+04
 17.5 5.13477E+04
 18.0 5.35720E+04
 18.5 5.58266E+04
 19.0 5.81102E+04
 19.5 6.04209E+04
 20.0 6.27555E+04
 20.5 6.51099E+04
 21.0 6.74784E+04
 21.5 6.98541E+04
 22.0 7.22290E+04
 22.5 7.45941E+04
 23.0 7.69393E+04
 23.5 7.92542E+04
 24.0 8.15280E+04
 24.5 8.37499E+04
 25.0 8.59094E+04
 25.5 8.79963E+04
 26.0 9.00013E+04
 26.5 9.19158E+04
 27.0 9.37322E+04
 27.5 9.54441E+04
 28.0 9.70460E+04
 28.5 9.85337E+04
 29.0 9.99041E+04
 29.5 1.01155E+05
 30.0 1.02285E+05
 30.5 1.03295E+05
 31.0 1.04185E+05
 31.5 1.04956E+05
 32.0 1.05611E+05
 32.5 1.06152E+05
 33.0 1.06583E+05
 33.5 1.06908E+05
 34.0 1.07129E+05
 34.5 1.07253E+05
 35.0 1.07282E+05
 35.5 1.07222E+05
 36.0 1.07078E+05
 36.5 1.06854E+05
 37.0 1.06554E+05
 37.5 1.06185E+05
 38.0 1.05749E+05
 38.5 1.05252E+05
 39.0 1.04698E+05
 39.5 1.04091E+05
 40.0 1.03436E+05
 40.5 1.02737E+05
 41.0 1.01996E+05
 41.5 1.01218E+05
 42.0 1.00407E+05
 42.5 9.95645E+04
 43.0 9.86951E+04
 43.5 9.78012E+04
 44.0 9.68856E+04
 44.5 9.59508E+04
 45.0 9.49995E+04
 45.5 9.40337E+04
 46.0 9.30557E+04
 46.5 9.20675E+04
 47.0 9.10708E+04
 47.5 9.00674E+04
 48.0 8.90590E+04
 48.5 8.80471E+04
 49.0 8.70329E+04
 49.5 8.60178E+04
 50.0 8.50028E+04
 50.5 8.39892E+04
 51.0 8.29778E+04
 51.5 8.19697E+04
 52.0 8.09654E+04
 52.5 7.99660E+04
 53.0 7.89719E+04
 53.5 7.79839E+04
 54.0 7.70024E+04
 54.5 7.60280E+04
 55.0 7.50611E+04
 55.5 7.41021E+04
 56.0 7.31513E+04
 56.5 7.22092E+04
 57.0 7.12758E+04
 57.5 7.03515E+04
 58.0 3.49774E+05
 58.5 6.85308E+04
 59.0 6.76347E+04
 59.5 5.63781E+05
 60.0 6.58715E+04
 60.5 6.50047E+04
 61.0 6.41476E+04
 61.5 6.33005E+04
 62.0 6.24632E+04
 62.5 6.16358E+04
 63.0 6.08182E+04
 63.5 6.00105E+04
 64.0 5.92124E+04
 64.5 5.84241E+04
 65.0 5.76455E+04
 65.5 5.68763E+04
 66.0 5.61166E+04
 66.5 5.53663E+04
 67.0 2.29875E+05
 67.5 5.38933E+04
 68.0 5.31704E+04
 68.5 5.24565E+04
 69.0 9.84782E+04
 69.5 4.84971E+04
 70.0 3.52563E+04
 70.5 3.50396E+04
 71.0 3.48192E+04
 71.5 3.45950E+04
 72.0 3.43673E+04
 72.5 3.41361E+04
 73.0 3.39015E+04
 73.5 3.36636E+04
 74.0 3.34226E+04
 74.5 3.31785E+04
 75.0 3.29315E+04
 75.5 3.26816E+04
 76.0 3.24289E+04
 76.5 3.21736E+04
 77.0 3.19157E+04
 77.5 3.16553E+04
 78.0 3.13925E+04
 78.5 3.11274E+04
 79.0 3.08600E+04
 79.5 3.05904E+04
 80.0 3.03188E+04
 80.5 3.00452E+04
 81.0 2.97697E+04
 81.5 2.94923E+04
 82.0 2.92131E+04
 82.5 2.89322E+04
 83.0 2.86496E+04
 83.5 2.83655E+04
 84.0 2.80799E+04
 84.5 2.77928E+04
 85.0 2.75043E+04
 85.5 2.72145E+04
 86.0 2.69233E+04
 86.5 2.66310E+04
 87.0 2.63375E+04
 87.5 2.60429E+04
 88.0 2.57473E+04
 88.5 2.54506E+04
 89.0 2.51529E+04
 89.5 2.48544E+04
 90.0 2.45550E+04
 90.5 2.42547E+04
 91.0 2.39537E+04
 91.5 2.36520E+04
 92.0 2.33495E+04
 92.5 2.30464E+04
 93.0 2.27427E+04
 93.5 2.24384E+04
 94.0 2.21336E+04
 94.5 2.18282E+04
 95.0 2.15225E+04
 95.5 2.12163E+04
 96.0 2.09097E+04
 96.5 2.06027E+04
 97.0 2.02954E+04
 97.5 1.99878E+04
 98.0 1.96800E+04
 98.5 1.93719E+04
 99.0 1.90636E+04
 99.5 1.87552E+04
100.0 1.84466E+04
100.5 1.81379E+04
101.0 1.78291E+04
101.5 1.75202E+04
102.0 1.72113E+04
102.5 1.69024E+04
103.0 1.65936E+04
103.5 1.62847E+04
104.0 1.59760E+04
104.5 1.56673E+04
105.0 1.53588E+04
105.5 1.50504E+04
106.0 1.47421E+04
106.5 1.44341E+04
107.0 1.41262E+04
107.5 1.38186E+04
108.0 1.35113E+04
108.5 1.32042E+04
109.0 1.28974E+04
109.5 1.25910E+04
110.0 1.22849E+04
110.5 1.19791E+04
111.0 1.16738E+04
111.5 1.13688E+04
112.0 1.10643E+04
112.5 1.07602E+04
113.0 1.04566E+04
113.5 1.01535E+04
114.0 9.85087E+03
114.5 9.54878E+03
115.0 9.24723E+03
115.5 8.94624E+03
116.0 8.64584E+03
116.5 8.34605E+03
117.0 8.04688E+03
117.5 7.74835E+03
118.0 7.45048E+03
118.5 7.15329E+03
119.0 6.85681E+03
119.5 6.56104E+03
120.0 6.26601E+03
120.5 5.97173E+03
121.0 5.67823E+03
121.5 5.38553E+03
122.0 5.09364E+03
122.5 4.80258E+03
123.0 4.51237E+03
123.5 4.22303E+03
124.0 3.93458E+03
124.5 3.64703E+03
125.0 3.36041E+03
125.5 3.07474E+03
126.0 2.79003E+03
126.5 2.50630E+03
127.0 2.22357E+03
127.5 1.94186E+03
128.0 1.66119E+03
128.5 1.38158E+03
129.0 1.10304E+03
129.5 8.25605E+02
130.0 5.49279E+02
130.5 2.74088E+02
131.0 2.28124E+01
