131K19D0W2
  0.5 0.00000E+00
  1.0 0.00000E+00
  1.5 0.00000E+00
  2.0 0.00000E+00
  2.5 0.00000E+00
  3.0 0.00000E+00
  3.5 3.04073E+04
  4.0 3.94821E+04
  4.5 4.90147E+04
  5.0 5.90011E+04
  5.5 6.94439E+04
  6.0 8.03508E+04
  6.5 9.17359E+04
  7.0 1.03623E+05
  7.5 1.16047E+05
  8.0 1.29063E+05
  8.5 1.97172E+06
  9.0 1.57134E+05
  9.5 1.71168E+06
 10.0 1.42661E+06
 10.5 7.31871E+04
 11.0 7.87375E+04
 11.5 2.01632E+05
 12.0 6.07593E+04
 12.5 5.66900E+04
 13.0 6.02581E+04
 13.5 6.39092E+04
 14.0 6.76466E+04
 14.5 7.14733E+04
 15.0 7.53914E+04
 15.5 7.94006E+04
 16.0 8.34979E+04
 16.5 8.76759E+04
 17.0 9.19227E+04
 17.5 9.62219E+04
 18.0 1.00552E+05
 18.5 1.04887E+05
 19.0 1.09200E+05
 19.5 1.13460E+05
 20.0 1.17635E+05
 20.5 1.21695E+05
 21.0 1.25610E+05
 21.5 1.29355E+05
 22.0 1.32903E+05
 22.5 1.36236E+05
 23.0 1.39336E+05
 23.5 1.42190E+05
 24.0 1.44788E+05
 24.5 1.47126E+05
 25.0 1.49199E+05
 25.5 1.51010E+05
 26.0 1.52560E+05
 26.5 1.53855E+05
 27.0 1.54902E+05
 27.5 1.55711E+05
 28.0 1.56290E+05
 28.5 1.56652E+05
 29.0 1.56808E+05
 29.5 1.56769E+05
 30.0 1.56548E+05
 30.5 1.56158E+05
 31.0 1.55611E+05
 31.5 1.54918E+05
 32.0 1.54091E+05
 32.5 1.53143E+05
 33.0 1.52083E+05
 33.5 1.50922E+05
 34.0 1.49671E+05
 34.5 1.48338E+05
 35.0 1.46933E+05
 35.5 1.45463E+05
 36.0 1.43938E+05
 36.5 1.42363E+05
 37.0 1.40745E+05
 37.5 1.39092E+05
 38.0 1.37409E+05
 38.5 1.35700E+05
 39.0 1.33972E+05
 39.5 1.32229E+05
 40.0 1.30475E+05
 40.5 1.28713E+05
 41.0 1.26947E+05
 41.5 1.25181E+05
 42.0 1.23417E+05
 42.5 1.21657E+05
 43.0 1.19905E+05
 43.5 1.18162E+05
 44.0 1.16430E+05
 44.5 1.14711E+05
 45.0 1.13006E+05
 45.5 1.11317E+05
 46.0 1.09644E+05
 46.5 1.07989E+05
 47.0 1.06353E+05
 47.5 1.04736E+05
 48.0 1.03139E+05
 48.5 1.01563E+05
 49.0 1.00008E+05
 49.5 9.84739E+04
 50.0 9.69616E+04
 50.5 9.54713E+04
 51.0 9.40029E+04
 51.5 9.25567E+04
 52.0 9.11326E+04
 52.5 8.97307E+04
 53.0 8.83509E+04
 53.5 8.69930E+04
 54.0 8.56571E+04
 54.5 8.43429E+04
 55.0 8.30502E+04
 55.5 8.17789E+04
 56.0 8.05286E+04
 56.5 7.92992E+04
 57.0 7.80905E+04
 57.5 7.69020E+04
 58.0 4.04031E+05
 58.5 7.45850E+04
 59.0 7.34557E+04
 59.5 6.49112E+05
 60.0 7.12542E+04
 60.5 7.01813E+04
 61.0 6.91265E+04
 61.5 6.80895E+04
 62.0 6.70701E+04
 62.5 6.60677E+04
 63.0 6.50821E+04
 63.5 6.41130E+04
 64.0 6.31600E+04
 64.5 6.22228E+04
 65.0 6.13011E+04
 65.5 6.03944E+04
 66.0 5.95027E+04
 66.5 5.86254E+04
 67.0 2.52959E+05
 67.5 5.69130E+04
 68.0 5.60774E+04
 68.5 5.52549E+04
 69.0 1.06072E+05
 69.5 5.19573E+04
 70.0 4.28892E+04
 70.5 4.24553E+04
 71.0 4.20225E+04
 71.5 4.15907E+04
 72.0 4.11600E+04
 72.5 4.07305E+04
 73.0 4.03022E+04
 73.5 3.98752E+04
 74.0 3.94494E+04
 74.5 3.90251E+04
 75.0 3.86021E+04
 75.5 3.81805E+04
 76.0 3.77603E+04
 76.5 3.73416E+04
 77.0 3.69243E+04
 77.5 3.65086E+04
 78.0 3.60944E+04
 78.5 3.56816E+04
 79.0 3.52704E+04
 79.5 3.48608E+04
 80.0 3.44527E+04
 80.5 3.40462E+04
 81.0 3.36412E+04
 81.5 3.32378E+04
 82.0 3.28359E+04
 82.5 3.24356E+04
 83.0 3.20369E+04
 83.5 3.16397E+04
 84.0 3.12441E+04
 84.5 3.08501E+04
 85.0 3.04576E+04
 85.5 3.00666E+04
 86.0 2.96772E+04
 86.5 2.92893E+04
 87.0 2.89029E+04
 87.5 2.85181E+04
 88.0 2.81348E+04
 88.5 2.77529E+04
 89.0 2.73726E+04
 89.5 2.69937E+04
 90.0 2.66163E+04
 90.5 2.62403E+04
 91.0 2.58658E+04
 91.5 2.54927E+04
 92.0 2.51211E+04
 92.5 2.47509E+04
 93.0 2.43821E+04
 93.5 2.40147E+04
 94.0 2.36486E+04
 94.5 2.32840E+04
 95.0 2.29207E+04
 95.5 2.25588E+04
 96.0 2.21982E+04
 96.5 2.18389E+04
 97.0 2.14810E+04
 97.5 2.11244E+04
 98.0 2.07691E+04
 98.5 2.04150E+04
 99.0 2.00623E+04
 99.5 1.97109E+04
100.0 1.93607E+04
100.5 1.90118E+04
101.0 1.86641E+04
101.5 1.83177E+04
102.0 1.79726E+04
102.5 1.76286E+04
103.0 1.72859E+04
103.5 1.69444E+04
104.0 1.66041E+04
104.5 1.62651E+04
105.0 1.59272E+04
105.5 1.55905E+04
106.0 1.52550E+04
106.5 1.49208E+04
107.0 1.45876E+04
107.5 1.42557E+04
108.0 1.39250E+04
108.5 1.35954E+04
109.0 1.32670E+04
109.5 1.29398E+04
110.0 1.26137E+04
110.5 1.22888E+04
111.0 1.19651E+04
111.5 1.16425E+04
112.0 1.13211E+04
112.5 1.10009E+04
113.0 1.06818E+04
113.5 1.03639E+04
114.0 1.00471E+04
114.5 9.73155E+03
115.0 9.41714E+03
115.5 9.10391E+03
116.0 8.79184E+03
116.5 8.48095E+03
117.0 8.17123E+03
117.5 7.86270E+03
118.0 7.55536E+03
118.5 7.24920E+03
119.0 6.94424E+03
119.5 6.64048E+03
120.0 6.33792E+03
120.5 6.03657E+03
121.0 5.73643E+03
121.5 5.43752E+03
122.0 5.13983E+03
122.5 4.84337E+03
123.0 4.54816E+03
123.5 4.25419E+03
124.0 3.96148E+03
124.5 3.67002E+03
125.0 3.37984E+03
125.5 3.09094E+03
126.0 2.80333E+03
126.5 2.51701E+03
127.0 2.23199E+03
127.5 1.94829E+03
128.0 1.66592E+03
128.5 1.38488E+03
129.0 1.10518E+03
129.5 8.26843E+02
130.0 5.49868E+02
130.5 2.74269E+02
131.0 2.28219E+01
