131K17D0W2
  0.5 0.00000E+00
  1.0 0.00000E+00
  1.5 0.00000E+00
  2.0 0.00000E+00
  2.5 0.00000E+00
  3.0 0.00000E+00
  3.5 2.63538E+04
  4.0 3.44522E+04
  4.5 4.29420E+04
  5.0 5.18158E+04
  5.5 6.10726E+04
  6.0 7.07154E+04
  6.5 8.07517E+04
  7.0 9.11944E+04
  7.5 1.02065E+05
  8.0 1.13395E+05
  8.5 1.47647E+06
  9.0 1.37622E+05
  9.5 1.39207E+06
 10.0 1.16169E+06
 10.5 6.44104E+04
 11.0 6.92632E+04
 11.5 1.55750E+05
 12.0 5.34857E+04
 12.5 4.99089E+04
 13.0 5.30357E+04
 13.5 5.62277E+04
 14.0 5.94872E+04
 14.5 6.28166E+04
 15.0 6.62182E+04
 15.5 6.96934E+04
 16.0 7.32424E+04
 16.5 7.68630E+04
 17.0 8.05503E+04
 17.5 8.42959E+04
 18.0 8.80878E+04
 18.5 9.19103E+04
 19.0 9.57445E+04
 19.5 9.95686E+04
 20.0 1.03359E+05
 20.5 1.07090E+05
 21.0 1.10738E+05
 21.5 1.14277E+05
 22.0 1.17685E+05
 22.5 1.20940E+05
 23.0 1.24023E+05
 23.5 1.26919E+05
 24.0 1.29614E+05
 24.5 1.32098E+05
 25.0 1.34363E+05
 25.5 1.36406E+05
 26.0 1.38223E+05
 26.5 1.39816E+05
 27.0 1.41187E+05
 27.5 1.42340E+05
 28.0 1.43282E+05
 28.5 1.44018E+05
 29.0 1.44557E+05
 29.5 1.44907E+05
 30.0 1.45080E+05
 30.5 1.45083E+05
 31.0 1.44927E+05
 31.5 1.44623E+05
 32.0 1.44180E+05
 32.5 1.43608E+05
 33.0 1.42918E+05
 33.5 1.42119E+05
 34.0 1.41219E+05
 34.5 1.40229E+05
 35.0 1.39155E+05
 35.5 1.38007E+05
 36.0 1.36792E+05
 36.5 1.35517E+05
 37.0 1.34189E+05
 37.5 1.32814E+05
 38.0 1.31399E+05
 38.5 1.29948E+05
 39.0 1.28467E+05
 39.5 1.26960E+05
 40.0 1.25433E+05
 40.5 1.23889E+05
 41.0 1.22332E+05
 41.5 1.20765E+05
 42.0 1.19192E+05
 42.5 1.17615E+05
 43.0 1.16038E+05
 43.5 1.14461E+05
 44.0 1.12889E+05
 44.5 1.11322E+05
 45.0 1.09763E+05
 45.5 1.08213E+05
 46.0 1.06673E+05
 46.5 1.05145E+05
 47.0 1.03630E+05
 47.5 1.02129E+05
 48.0 1.00642E+05
 48.5 9.91714E+04
 49.0 9.77169E+04
 49.5 9.62793E+04
 50.0 9.48589E+04
 50.5 9.34564E+04
 51.0 9.20720E+04
 51.5 9.07059E+04
 52.0 8.93584E+04
 52.5 8.80297E+04
 53.0 8.67198E+04
 53.5 8.54288E+04
 54.0 8.41568E+04
 54.5 8.29037E+04
 55.0 8.16694E+04
 55.5 8.04540E+04
 56.0 7.92572E+04
 56.5 7.80790E+04
 57.0 7.69191E+04
 57.5 7.57775E+04
 58.0 3.94575E+05
 58.5 7.35482E+04
 59.0 7.24600E+04
 59.5 6.34282E+05
 60.0 7.03355E+04
 60.5 6.92987E+04
 61.0 6.82785E+04
 61.5 6.72747E+04
 62.0 6.62870E+04
 62.5 6.53150E+04
 63.0 6.43587E+04
 63.5 6.34175E+04
 64.0 6.24914E+04
 64.5 6.15799E+04
 65.0 6.06829E+04
 65.5 5.98001E+04
 66.0 5.89310E+04
 66.5 5.80756E+04
 67.0 2.49017E+05
 67.5 5.64044E+04
 68.0 5.55880E+04
 68.5 5.47842E+04
 69.0 1.04783E+05
 69.5 5.13575E+04
 70.0 4.14995E+04
 70.5 4.11082E+04
 71.0 4.07169E+04
 71.5 4.03255E+04
 72.0 3.99342E+04
 72.5 3.95430E+04
 73.0 3.91520E+04
 73.5 3.87612E+04
 74.0 3.83708E+04
 74.5 3.79807E+04
 75.0 3.75911E+04
 75.5 3.72019E+04
 76.0 3.68133E+04
 76.5 3.64253E+04
 77.0 3.60379E+04
 77.5 3.56511E+04
 78.0 3.52650E+04
 78.5 3.48797E+04
 79.0 3.44950E+04
 79.5 3.41112E+04
 80.0 3.37282E+04
 80.5 3.33460E+04
 81.0 3.29647E+04
 81.5 3.25843E+04
 82.0 3.22048E+04
 82.5 3.18261E+04
 83.0 3.14484E+04
 83.5 3.10717E+04
 84.0 3.06959E+04
 84.5 3.03210E+04
 85.0 2.99472E+04
 85.5 2.95743E+04
 86.0 2.92025E+04
 86.5 2.88316E+04
 87.0 2.84617E+04
 87.5 2.80929E+04
 88.0 2.77251E+04
 88.5 2.73583E+04
 89.0 2.69925E+04
 89.5 2.66278E+04
 90.0 2.62641E+04
 90.5 2.59014E+04
 91.0 2.55398E+04
 91.5 2.51792E+04
 92.0 2.48196E+04
 92.5 2.44611E+04
 93.0 2.41036E+04
 93.5 2.37472E+04
 94.0 2.33918E+04
 94.5 2.30374E+04
 95.0 2.26840E+04
 95.5 2.23317E+04
 96.0 2.19804E+04
 96.5 2.16302E+04
 97.0 2.12810E+04
 97.5 2.09328E+04
 98.0 2.05856E+04
 98.5 2.02395E+04
 99.0 1.98943E+04
 99.5 1.95502E+04
100.0 1.92072E+04
100.5 1.88651E+04
101.0 1.85241E+04
101.5 1.81841E+04
102.0 1.78450E+04
102.5 1.75071E+04
103.0 1.71701E+04
103.5 1.68341E+04
104.0 1.64992E+04
104.5 1.61652E+04
105.0 1.58323E+04
105.5 1.55004E+04
106.0 1.51695E+04
106.5 1.48397E+04
107.0 1.45108E+04
107.5 1.41830E+04
108.0 1.38562E+04
108.5 1.35304E+04
109.0 1.32056E+04
109.5 1.28818E+04
110.0 1.25591E+04
110.5 1.22374E+04
111.0 1.19168E+04
111.5 1.15971E+04
112.0 1.12786E+04
112.5 1.09610E+04
113.0 1.06445E+04
113.5 1.03291E+04
114.0 1.00147E+04
114.5 9.70133E+03
115.0 9.38906E+03
115.5 9.07786E+03
116.0 8.76773E+03
116.5 8.45868E+03
117.0 8.15071E+03
117.5 7.84384E+03
118.0 7.53806E+03
118.5 7.23339E+03
119.0 6.92983E+03
119.5 6.62739E+03
120.0 6.32608E+03
120.5 6.02590E+03
121.0 5.72686E+03
121.5 5.42897E+03
122.0 5.13223E+03
122.5 4.83667E+03
123.0 4.54228E+03
123.5 4.24907E+03
124.0 3.95706E+03
124.5 3.66625E+03
125.0 3.37665E+03
125.5 3.08828E+03
126.0 2.80114E+03
126.5 2.51525E+03
127.0 2.23061E+03
127.5 1.94724E+03
128.0 1.66515E+03
128.5 1.38434E+03
129.0 1.10483E+03
129.5 8.26640E+02
130.0 5.49771E+02
130.5 2.74239E+02
131.0 2.28204E+01
