131K20D0W2
  0.5 0.00000E+00
  1.0 0.00000E+00
  1.5 0.00000E+00
  2.0 0.00000E+00
  2.5 0.00000E+00
  3.0 0.00000E+00
  3.5 3.24763E+04
  4.0 4.20486E+04
  4.5 5.21139E+04
  5.0 6.26702E+04
  5.5 7.37223E+04
  6.0 8.52807E+04
  6.5 9.73640E+04
  7.0 1.10002E+05
  7.5 1.23242E+05
  8.0 1.37149E+05
  8.5 2.23349E+06
  9.0 1.67262E+05
  9.5 1.87121E+06
 10.0 1.55889E+06
 10.5 7.76956E+04
 11.0 8.36120E+04
 11.5 2.26439E+05
 12.0 6.44933E+04
 12.5 6.01700E+04
 13.0 6.39689E+04
 13.5 6.78607E+04
 14.0 7.18493E+04
 14.5 7.59377E+04
 15.0 8.01272E+04
 15.5 8.44158E+04
 16.0 8.87978E+04
 16.5 9.32620E+04
 17.0 9.77921E+04
 17.5 1.02366E+05
 18.0 1.06958E+05
 18.5 1.11537E+05
 19.0 1.16069E+05
 19.5 1.20521E+05
 20.0 1.24859E+05
 20.5 1.29050E+05
 21.0 1.33062E+05
 21.5 1.36870E+05
 22.0 1.40449E+05
 22.5 1.43780E+05
 23.0 1.46849E+05
 23.5 1.49643E+05
 24.0 1.52158E+05
 24.5 1.54388E+05
 25.0 1.56334E+05
 25.5 1.58000E+05
 26.0 1.59392E+05
 26.5 1.60516E+05
 27.0 1.61383E+05
 27.5 1.62004E+05
 28.0 1.62390E+05
 28.5 1.62555E+05
 29.0 1.62512E+05
 29.5 1.62273E+05
 30.0 1.61853E+05
 30.5 1.61266E+05
 31.0 1.60523E+05
 31.5 1.59639E+05
 32.0 1.58624E+05
 32.5 1.57492E+05
 33.0 1.56254E+05
 33.5 1.54920E+05
 34.0 1.53500E+05
 34.5 1.52005E+05
 35.0 1.50442E+05
 35.5 1.48821E+05
 36.0 1.47149E+05
 36.5 1.45434E+05
 37.0 1.43682E+05
 37.5 1.41900E+05
 38.0 1.40092E+05
 38.5 1.38265E+05
 39.0 1.36424E+05
 39.5 1.34572E+05
 40.0 1.32713E+05
 40.5 1.30852E+05
 41.0 1.28992E+05
 41.5 1.27135E+05
 42.0 1.25284E+05
 42.5 1.23442E+05
 43.0 1.21611E+05
 43.5 1.19793E+05
 44.0 1.17989E+05
 44.5 1.16202E+05
 45.0 1.14431E+05
 45.5 1.12680E+05
 46.0 1.10948E+05
 46.5 1.09236E+05
 47.0 1.07546E+05
 47.5 1.05878E+05
 48.0 1.04232E+05
 48.5 1.02609E+05
 49.0 1.01009E+05
 49.5 9.94320E+04
 50.0 9.78791E+04
 50.5 9.63499E+04
 51.0 9.48445E+04
 51.5 9.33629E+04
 52.0 9.19051E+04
 52.5 9.04709E+04
 53.0 8.90603E+04
 53.5 8.76731E+04
 54.0 8.63090E+04
 54.5 8.49680E+04
 55.0 8.36497E+04
 55.5 8.23538E+04
 56.0 8.10801E+04
 56.5 7.98284E+04
 57.0 7.85982E+04
 57.5 7.73893E+04
 58.0 4.08146E+05
 58.5 7.50339E+04
 59.0 7.38867E+04
 59.5 6.55561E+05
 60.0 7.16516E+04
 60.5 7.05630E+04
 61.0 6.94931E+04
 61.5 6.84418E+04
 62.0 6.74084E+04
 62.5 6.63928E+04
 63.0 6.53945E+04
 63.5 6.44133E+04
 64.0 6.34486E+04
 64.5 6.25002E+04
 65.0 6.15677E+04
 65.5 6.06509E+04
 66.0 5.97492E+04
 66.5 5.88624E+04
 67.0 2.54664E+05
 67.5 5.71323E+04
 68.0 5.62882E+04
 68.5 5.54577E+04
 69.0 1.06628E+05
 69.5 5.22181E+04
 70.0 4.35019E+04
 70.5 4.30488E+04
 71.0 4.25973E+04
 71.5 4.21473E+04
 72.0 4.16989E+04
 72.5 4.12523E+04
 73.0 4.08073E+04
 73.5 4.03640E+04
 74.0 3.99226E+04
 74.5 3.94829E+04
 75.0 3.90450E+04
 75.5 3.86089E+04
 76.0 3.81747E+04
 76.5 3.77424E+04
 77.0 3.73119E+04
 77.5 3.68833E+04
 78.0 3.64566E+04
 78.5 3.60317E+04
 79.0 3.56088E+04
 79.5 3.51877E+04
 80.0 3.47685E+04
 80.5 3.43512E+04
 81.0 3.39358E+04
 81.5 3.35222E+04
 82.0 3.31106E+04
 82.5 3.27007E+04
 83.0 3.22928E+04
 83.5 3.18866E+04
 84.0 3.14823E+04
 84.5 3.10798E+04
 85.0 3.06792E+04
 85.5 3.02803E+04
 86.0 2.98832E+04
 86.5 2.94878E+04
 87.0 2.90942E+04
 87.5 2.87024E+04
 88.0 2.83123E+04
 88.5 2.79238E+04
 89.0 2.75371E+04
 89.5 2.71521E+04
 90.0 2.67687E+04
 90.5 2.63869E+04
 91.0 2.60068E+04
 91.5 2.56283E+04
 92.0 2.52514E+04
 92.5 2.48761E+04
 93.0 2.45024E+04
 93.5 2.41302E+04
 94.0 2.37596E+04
 94.5 2.33904E+04
 95.0 2.30228E+04
 95.5 2.26567E+04
 96.0 2.22921E+04
 96.5 2.19289E+04
 97.0 2.15672E+04
 97.5 2.12070E+04
 98.0 2.08481E+04
 98.5 2.04907E+04
 99.0 2.01347E+04
 99.5 1.97801E+04
100.0 1.94268E+04
100.5 1.90749E+04
101.0 1.87244E+04
101.5 1.83753E+04
102.0 1.80274E+04
102.5 1.76809E+04
103.0 1.73357E+04
103.5 1.69918E+04
104.0 1.66493E+04
104.5 1.63080E+04
105.0 1.59680E+04
105.5 1.56292E+04
106.0 1.52918E+04
106.5 1.49556E+04
107.0 1.46207E+04
107.5 1.42870E+04
108.0 1.39545E+04
108.5 1.36233E+04
109.0 1.32934E+04
109.5 1.29646E+04
110.0 1.26371E+04
110.5 1.23109E+04
111.0 1.19858E+04
111.5 1.16620E+04
112.0 1.13394E+04
112.5 1.10180E+04
113.0 1.06978E+04
113.5 1.03788E+04
114.0 1.00611E+04
114.5 9.74451E+03
115.0 9.42918E+03
115.5 9.11507E+03
116.0 8.80217E+03
116.5 8.49049E+03
117.0 8.18003E+03
117.5 7.87079E+03
118.0 7.56277E+03
118.5 7.25598E+03
119.0 6.95041E+03
119.5 6.64608E+03
120.0 6.34299E+03
120.5 6.04114E+03
121.0 5.74053E+03
121.5 5.44118E+03
122.0 5.14308E+03
122.5 4.84624E+03
123.0 4.55067E+03
123.5 4.25638E+03
124.0 3.96337E+03
124.5 3.67164E+03
125.0 3.38121E+03
125.5 3.09208E+03
126.0 2.80426E+03
126.5 2.51776E+03
127.0 2.23258E+03
127.5 1.94875E+03
128.0 1.66625E+03
128.5 1.38511E+03
129.0 1.10533E+03
129.5 8.26930E+02
130.0 5.49909E+02
130.5 2.74282E+02
131.0 2.28226E+01
