131K22D0W2
  0.5 0.00000E+00
  1.0 0.00000E+00
  1.5 0.00000E+00
  2.0 0.00000E+00
  2.5 0.00000E+00
  3.0 0.00000E+00
  3.5 3.67069E+04
  4.0 4.72951E+04
  4.5 5.84514E+04
  5.0 7.01781E+04
  5.5 8.24849E+04
  6.0 9.53901E+04
  6.5 1.08923E+05
  7.0 1.23132E+05
  7.5 1.38088E+05
  8.0 1.53886E+05
  8.5 2.77735E+06
  9.0 1.88330E+05
  9.5 2.18708E+06
 10.0 1.82094E+06
 10.5 8.69812E+04
 11.0 9.36685E+04
 11.5 2.79161E+05
 12.0 7.21785E+04
 12.5 6.73300E+04
 13.0 7.16130E+04
 13.5 7.60112E+04
 14.0 8.05288E+04
 14.5 8.51676E+04
 15.0 8.99255E+04
 15.5 9.47950E+04
 16.0 9.97623E+04
 16.5 1.04807E+05
 17.0 1.09900E+05
 17.5 1.15010E+05
 18.0 1.20099E+05
 18.5 1.25126E+05
 19.0 1.30049E+05
 19.5 1.34829E+05
 20.0 1.39426E+05
 20.5 1.43806E+05
 21.0 1.47937E+05
 21.5 1.51795E+05
 22.0 1.55358E+05
 22.5 1.58612E+05
 23.0 1.61547E+05
 23.5 1.64156E+05
 24.0 1.66439E+05
 24.5 1.68399E+05
 25.0 1.70041E+05
 25.5 1.71374E+05
 26.0 1.72410E+05
 26.5 1.73161E+05
 27.0 1.73641E+05
 27.5 1.73865E+05
 28.0 1.73849E+05
 28.5 1.73609E+05
 29.0 1.73161E+05
 29.5 1.72520E+05
 30.0 1.71703E+05
 30.5 1.70723E+05
 31.0 1.69597E+05
 31.5 1.68338E+05
 32.0 1.66958E+05
 32.5 1.65472E+05
 33.0 1.63890E+05
 33.5 1.62224E+05
 34.0 1.60484E+05
 34.5 1.58680E+05
 35.0 1.56820E+05
 35.5 1.54914E+05
 36.0 1.52969E+05
 36.5 1.50991E+05
 37.0 1.48988E+05
 37.5 1.46965E+05
 38.0 1.44928E+05
 38.5 1.42882E+05
 39.0 1.40830E+05
 39.5 1.38778E+05
 40.0 1.36729E+05
 40.5 1.34685E+05
 41.0 1.32651E+05
 41.5 1.30629E+05
 42.0 1.28620E+05
 42.5 1.26628E+05
 43.0 1.24654E+05
 43.5 1.22699E+05
 44.0 1.20765E+05
 44.5 1.18854E+05
 45.0 1.16966E+05
 45.5 1.15102E+05
 46.0 1.13263E+05
 46.5 1.11449E+05
 47.0 1.09662E+05
 47.5 1.07901E+05
 48.0 1.06167E+05
 48.5 1.04459E+05
 49.0 1.02779E+05
 49.5 1.01126E+05
 50.0 9.95008E+04
 50.5 9.79022E+04
 51.0 9.63306E+04
 51.5 9.47859E+04
 52.0 9.32678E+04
 52.5 9.17763E+04
 53.0 9.03109E+04
 53.5 8.88713E+04
 54.0 8.74574E+04
 54.5 8.60687E+04
 55.0 8.47049E+04
 55.5 8.33655E+04
 56.0 8.20503E+04
 56.5 8.07589E+04
 57.0 7.94908E+04
 57.5 7.82456E+04
 58.0 4.15403E+05
 58.5 7.58224E+04
 59.0 7.46435E+04
 59.5 6.66925E+05
 60.0 7.23490E+04
 60.5 7.12327E+04
 61.0 7.01363E+04
 61.5 6.90594E+04
 62.0 6.80017E+04
 62.5 6.69627E+04
 63.0 6.59421E+04
 63.5 6.49394E+04
 64.0 6.39542E+04
 64.5 6.29861E+04
 65.0 6.20347E+04
 65.5 6.10998E+04
 66.0 6.01807E+04
 66.5 5.92773E+04
 67.0 2.57658E+05
 67.5 5.75158E+04
 68.0 5.66571E+04
 68.5 5.58124E+04
 69.0 1.07604E+05
 69.5 5.26775E+04
 70.0 4.45942E+04
 70.5 4.41062E+04
 71.0 4.36208E+04
 71.5 4.31379E+04
 72.0 4.26576E+04
 72.5 4.21799E+04
 73.0 4.17048E+04
 73.5 4.12323E+04
 74.0 4.07624E+04
 74.5 4.02951E+04
 75.0 3.98305E+04
 75.5 3.93685E+04
 76.0 3.89090E+04
 76.5 3.84522E+04
 77.0 3.79980E+04
 77.5 3.75463E+04
 78.0 3.70972E+04
 78.5 3.66507E+04
 79.0 3.62067E+04
 79.5 3.57652E+04
 80.0 3.53263E+04
 80.5 3.48898E+04
 81.0 3.44557E+04
 81.5 3.40241E+04
 82.0 3.35949E+04
 82.5 3.31682E+04
 83.0 3.27437E+04
 83.5 3.23216E+04
 84.0 3.19019E+04
 84.5 3.14844E+04
 85.0 3.10692E+04
 85.5 3.06562E+04
 86.0 3.02455E+04
 86.5 2.98369E+04
 87.0 2.94305E+04
 87.5 2.90263E+04
 88.0 2.86242E+04
 88.5 2.82241E+04
 89.0 2.78261E+04
 89.5 2.74301E+04
 90.0 2.70362E+04
 90.5 2.66442E+04
 91.0 2.62542E+04
 91.5 2.58661E+04
 92.0 2.54800E+04
 92.5 2.50957E+04
 93.0 2.47133E+04
 93.5 2.43327E+04
 94.0 2.39539E+04
 94.5 2.35769E+04
 95.0 2.32017E+04
 95.5 2.28283E+04
 96.0 2.24565E+04
 96.5 2.20865E+04
 97.0 2.17182E+04
 97.5 2.13515E+04
 98.0 2.09864E+04
 98.5 2.06230E+04
 99.0 2.02612E+04
 99.5 1.99010E+04
100.0 1.95424E+04
100.5 1.91853E+04
101.0 1.88298E+04
101.5 1.84758E+04
102.0 1.81233E+04
102.5 1.77723E+04
103.0 1.74227E+04
103.5 1.70747E+04
104.0 1.67281E+04
104.5 1.63829E+04
105.0 1.60392E+04
105.5 1.56968E+04
106.0 1.53559E+04
106.5 1.50164E+04
107.0 1.46782E+04
107.5 1.43415E+04
108.0 1.40061E+04
108.5 1.36720E+04
109.0 1.33393E+04
109.5 1.30080E+04
110.0 1.26780E+04
110.5 1.23493E+04
111.0 1.20219E+04
111.5 1.16959E+04
112.0 1.13712E+04
112.5 1.10478E+04
113.0 1.07256E+04
113.5 1.04048E+04
114.0 1.00853E+04
114.5 9.76708E+03
115.0 9.45015E+03
115.5 9.13452E+03
116.0 8.82017E+03
116.5 8.50711E+03
117.0 8.19534E+03
117.5 7.88486E+03
118.0 7.57567E+03
118.5 7.26776E+03
119.0 6.96115E+03
119.5 6.65584E+03
120.0 6.35182E+03
120.5 6.04909E+03
121.0 5.74767E+03
121.5 5.44755E+03
122.0 5.14874E+03
122.5 4.85124E+03
123.0 4.55505E+03
123.5 4.26019E+03
124.0 3.96665E+03
124.5 3.67445E+03
125.0 3.38358E+03
125.5 3.09406E+03
126.0 2.80588E+03
126.5 2.51906E+03
127.0 2.23361E+03
127.5 1.94953E+03
128.0 1.66683E+03
128.5 1.38551E+03
129.0 1.10559E+03
129.5 8.27080E+02
130.0 5.49980E+02
130.5 2.74304E+02
131.0 2.28237E+01
