132K08D0W2
  0.5 0.00000E+00
  1.0 0.00000E+00
  1.5 0.00000E+00
  2.0 0.00000E+00
  2.5 0.00000E+00
  3.0 0.00000E+00
  3.5 9.28976E+03
  4.0 1.31349E+04
  4.5 1.71608E+04
  5.0 2.13319E+04
  5.5 2.56330E+04
  6.0 3.00568E+04
  6.5 3.45990E+04
  7.0 3.92567E+04
  7.5 4.40276E+04
  8.0 4.89102E+04
  8.5 1.07311E+05
  9.0 5.90082E+04
  9.5 1.89673E+05
 10.0 1.64582E+05
 10.5 2.78164E+04
 11.0 2.99441E+04
 11.5 3.22020E+04
 12.0 2.31098E+04
 12.5 2.15648E+04
 13.0 2.29486E+04
 13.5 2.43484E+04
 14.0 2.57640E+04
 14.5 2.71953E+04
 15.0 2.86423E+04
 15.5 3.01046E+04
 16.0 3.15824E+04
 16.5 3.30753E+04
 17.0 3.45835E+04
 17.5 3.61068E+04
 18.0 3.76453E+04
 18.5 3.91989E+04
 19.0 4.07676E+04
 19.5 4.23512E+04
 20.0 4.39497E+04
 20.5 4.55626E+04
 21.0 4.71892E+04
 21.5 4.88286E+04
 22.0 5.04794E+04
 22.5 5.21396E+04
 23.0 5.38068E+04
 23.5 5.54780E+04
 24.0 5.71496E+04
 24.5 5.88174E+04
 25.0 6.04767E+04
 25.5 6.21225E+04
 26.0 6.37494E+04
 26.5 6.53518E+04
 27.0 6.69240E+04
 27.5 6.84603E+04
 28.0 6.99552E+04
 28.5 7.14033E+04
 29.0 7.27997E+04
 29.5 7.41396E+04
 30.0 7.54189E+04
 30.5 7.66339E+04
 31.0 7.77814E+04
 31.5 7.88588E+04
 32.0 7.98640E+04
 32.5 8.07953E+04
 33.0 8.16517E+04
 33.5 8.24327E+04
 34.0 8.31381E+04
 34.5 8.37683E+04
 35.0 8.43240E+04
 35.5 8.48061E+04
 36.0 8.52161E+04
 36.5 8.55556E+04
 37.0 8.58265E+04
 37.5 8.60309E+04
 38.0 8.61710E+04
 38.5 8.62492E+04
 39.0 8.62679E+04
 39.5 8.62298E+04
 40.0 8.61374E+04
 40.5 8.59933E+04
 41.0 8.58003E+04
 41.5 8.55609E+04
 42.0 8.52777E+04
 42.5 8.49533E+04
 43.0 8.45903E+04
 43.5 8.41910E+04
 44.0 8.37580E+04
 44.5 8.32934E+04
 45.0 8.27997E+04
 45.5 8.22788E+04
 46.0 8.17330E+04
 46.5 8.11642E+04
 47.0 8.05743E+04
 47.5 7.99652E+04
 48.0 7.93385E+04
 48.5 7.86960E+04
 49.0 7.80391E+04
 49.5 7.73695E+04
 50.0 7.66884E+04
 50.5 7.59973E+04
 51.0 7.52973E+04
 51.5 7.45896E+04
 52.0 7.38754E+04
 52.5 7.31556E+04
 53.0 7.24312E+04
 53.5 7.17032E+04
 54.0 7.09723E+04
 54.5 7.02394E+04
 55.0 6.95052E+04
 55.5 6.87704E+04
 56.0 6.80355E+04
 56.5 6.73013E+04
 57.0 6.65682E+04
 57.5 6.58366E+04
 58.0 3.13628E+05
 58.5 6.43803E+04
 59.0 6.36562E+04
 59.5 5.07325E+05
 60.0 6.22181E+04
 60.5 6.15047E+04
 61.0 6.07954E+04
 61.5 6.00904E+04
 62.0 5.93900E+04
 62.5 5.86943E+04
 63.0 5.80035E+04
 63.5 5.73178E+04
 64.0 5.66372E+04
 64.5 5.59620E+04
 65.0 5.52922E+04
 65.5 5.46279E+04
 66.0 5.39691E+04
 66.5 5.33159E+04
 67.0 2.15454E+05
 67.5 5.20266E+04
 68.0 5.13905E+04
 68.5 5.07601E+04
 69.0 9.38668E+04
 69.5 4.63457E+04
 70.0 3.01417E+04
 70.5 3.00523E+04
 71.0 2.99577E+04
 71.5 2.98580E+04
 72.0 2.97533E+04
 72.5 2.96436E+04
 73.0 2.95289E+04
 73.5 2.94094E+04
 74.0 2.92851E+04
 74.5 2.91560E+04
 75.0 2.90224E+04
 75.5 2.88841E+04
 76.0 2.87414E+04
 76.5 2.85943E+04
 77.0 2.84428E+04
 77.5 2.82870E+04
 78.0 2.81271E+04
 78.5 2.79631E+04
 79.0 2.77950E+04
 79.5 2.76230E+04
 80.0 2.74471E+04
 80.5 2.72674E+04
 81.0 2.70840E+04
 81.5 2.68970E+04
 82.0 2.67064E+04
 82.5 2.65124E+04
 83.0 2.63149E+04
 83.5 2.61141E+04
 84.0 2.59101E+04
 84.5 2.57030E+04
 85.0 2.54927E+04
 85.5 2.52794E+04
 86.0 2.50632E+04
 86.5 2.48441E+04
 87.0 2.46222E+04
 87.5 2.43976E+04
 88.0 2.41703E+04
 88.5 2.39404E+04
 89.0 2.37081E+04
 89.5 2.34732E+04
 90.0 2.32361E+04
 90.5 2.29966E+04
 91.0 2.27548E+04
 91.5 2.25109E+04
 92.0 2.22649E+04
 92.5 2.20168E+04
 93.0 2.17667E+04
 93.5 2.15148E+04
 94.0 2.12609E+04
 94.5 2.10052E+04
 95.0 2.07478E+04
 95.5 2.04887E+04
 96.0 2.02280E+04
 96.5 1.99657E+04
 97.0 1.97018E+04
 97.5 1.94365E+04
 98.0 1.91698E+04
 98.5 1.89018E+04
 99.0 1.86324E+04
 99.5 1.83617E+04
100.0 1.80899E+04
100.5 1.78169E+04
101.0 1.75428E+04
101.5 1.72676E+04
102.0 1.69914E+04
102.5 1.67142E+04
103.0 1.64361E+04
103.5 1.61572E+04
104.0 1.58774E+04
104.5 1.55968E+04
105.0 1.53155E+04
105.5 1.50334E+04
106.0 1.47507E+04
106.5 1.44674E+04
107.0 1.41835E+04
107.5 1.38990E+04
108.0 1.36140E+04
108.5 1.33286E+04
109.0 1.30427E+04
109.5 1.27565E+04
110.0 1.24699E+04
110.5 1.21830E+04
111.0 1.18958E+04
111.5 1.16084E+04
112.0 1.13207E+04
112.5 1.10329E+04
113.0 1.07449E+04
113.5 1.04568E+04
114.0 1.01687E+04
114.5 9.88049E+03
115.0 9.59229E+03
115.5 9.30412E+03
116.0 9.01600E+03
116.5 8.72796E+03
117.0 8.44005E+03
117.5 8.15228E+03
118.0 7.86469E+03
118.5 7.57731E+03
119.0 7.29017E+03
119.5 7.00329E+03
120.0 6.71671E+03
120.5 6.43046E+03
121.0 6.14457E+03
121.5 5.85906E+03
122.0 5.57396E+03
122.5 5.28930E+03
123.0 5.00511E+03
123.5 4.72141E+03
124.0 4.43823E+03
124.5 4.15561E+03
125.0 3.87356E+03
125.5 3.59211E+03
126.0 3.31129E+03
126.5 3.03113E+03
127.0 2.75165E+03
127.5 2.47288E+03
128.0 2.19485E+03
128.5 1.91757E+03
129.0 1.64108E+03
129.5 1.36540E+03
130.0 1.09055E+03
130.5 8.16571E+02
131.0 5.43474E+02
131.5 2.71289E+02
132.0 2.25844E+01
