132K19D0W2
  0.5 0.00000E+00
  1.0 0.00000E+00
  1.5 0.00000E+00
  2.0 0.00000E+00
  2.5 0.00000E+00
  3.0 0.00000E+00
  3.5 3.02122E+04
  4.0 3.92386E+04
  4.5 4.87201E+04
  5.0 5.86527E+04
  5.5 6.90384E+04
  6.0 7.98848E+04
  6.5 9.12052E+04
  7.0 1.03022E+05
  7.5 1.15371E+05
  8.0 1.28302E+05
  8.5 1.94193E+06
  9.0 1.56178E+05
  9.5 1.69852E+06
 10.0 1.41568E+06
 10.5 7.27962E+04
 11.0 7.83173E+04
 11.5 1.98727E+05
 12.0 6.04493E+04
 12.5 5.64056E+04
 13.0 5.99576E+04
 13.5 6.35920E+04
 14.0 6.73121E+04
 14.5 7.11211E+04
 15.0 7.50213E+04
 15.5 7.90127E+04
 16.0 8.30929E+04
 16.5 8.72552E+04
 17.0 9.14886E+04
 17.5 9.57774E+04
 18.0 1.00101E+05
 18.5 1.04435E+05
 19.0 1.08752E+05
 19.5 1.13022E+05
 20.0 1.17214E+05
 20.5 1.21297E+05
 21.0 1.25243E+05
 21.5 1.29023E+05
 22.0 1.32613E+05
 22.5 1.35993E+05
 23.0 1.39144E+05
 23.5 1.42053E+05
 24.0 1.44710E+05
 24.5 1.47108E+05
 25.0 1.49244E+05
 25.5 1.51118E+05
 26.0 1.52732E+05
 26.5 1.54092E+05
 27.0 1.55202E+05
 27.5 1.56073E+05
 28.0 1.56714E+05
 28.5 1.57135E+05
 29.0 1.57347E+05
 29.5 1.57363E+05
 30.0 1.57195E+05
 30.5 1.56854E+05
 31.0 1.56353E+05
 31.5 1.55705E+05
 32.0 1.54920E+05
 32.5 1.54010E+05
 33.0 1.52986E+05
 33.5 1.51859E+05
 34.0 1.50638E+05
 34.5 1.49333E+05
 35.0 1.47954E+05
 35.5 1.46507E+05
 36.0 1.45002E+05
 36.5 1.43446E+05
 37.0 1.41846E+05
 37.5 1.40207E+05
 38.0 1.38536E+05
 38.5 1.36839E+05
 39.0 1.35121E+05
 39.5 1.33385E+05
 40.0 1.31637E+05
 40.5 1.29880E+05
 41.0 1.28118E+05
 41.5 1.26354E+05
 42.0 1.24591E+05
 42.5 1.22832E+05
 43.0 1.21079E+05
 43.5 1.19334E+05
 44.0 1.17600E+05
 44.5 1.15877E+05
 45.0 1.14168E+05
 45.5 1.12474E+05
 46.0 1.10796E+05
 46.5 1.09136E+05
 47.0 1.07493E+05
 47.5 1.05870E+05
 48.0 1.04266E+05
 48.5 1.02682E+05
 49.0 1.01119E+05
 49.5 9.95767E+04
 50.0 9.80560E+04
 50.5 9.65570E+04
 51.0 9.50799E+04
 51.5 9.36247E+04
 52.0 9.21916E+04
 52.5 9.07804E+04
 53.0 8.93912E+04
 53.5 8.80240E+04
 54.0 8.66786E+04
 54.5 8.53548E+04
 55.0 8.40526E+04
 55.5 8.27718E+04
 56.0 8.15120E+04
 56.5 8.02731E+04
 57.0 7.90549E+04
 57.5 7.78570E+04
 58.0 4.12711E+05
 58.5 7.55212E+04
 59.0 7.43828E+04
 59.5 6.63731E+05
 60.0 7.21630E+04
 60.5 7.10811E+04
 61.0 7.00174E+04
 61.5 6.89717E+04
 62.0 6.79435E+04
 62.5 6.69326E+04
 63.0 6.59385E+04
 63.5 6.49611E+04
 64.0 6.39999E+04
 64.5 6.30546E+04
 65.0 6.21249E+04
 65.5 6.12105E+04
 66.0 6.03110E+04
 66.5 5.94262E+04
 67.0 2.58562E+05
 67.5 5.76991E+04
 68.0 5.68562E+04
 68.5 5.60268E+04
 69.0 1.08118E+05
 69.5 5.26656E+04
 70.0 4.33446E+04
 70.5 4.29116E+04
 71.0 4.24796E+04
 71.5 4.20486E+04
 72.0 4.16187E+04
 72.5 4.11899E+04
 73.0 4.07623E+04
 73.5 4.03360E+04
 74.0 3.99110E+04
 74.5 3.94872E+04
 75.0 3.90649E+04
 75.5 3.86439E+04
 76.0 3.82244E+04
 76.5 3.78063E+04
 77.0 3.73896E+04
 77.5 3.69745E+04
 78.0 3.65608E+04
 78.5 3.61487E+04
 79.0 3.57381E+04
 79.5 3.53290E+04
 80.0 3.49215E+04
 80.5 3.45155E+04
 81.0 3.41112E+04
 81.5 3.37083E+04
 82.0 3.33071E+04
 82.5 3.29074E+04
 83.0 3.25093E+04
 83.5 3.21128E+04
 84.0 3.17178E+04
 84.5 3.13244E+04
 85.0 3.09326E+04
 85.5 3.05423E+04
 86.0 3.01536E+04
 86.5 2.97664E+04
 87.0 2.93808E+04
 87.5 2.89966E+04
 88.0 2.86140E+04
 88.5 2.82329E+04
 89.0 2.78533E+04
 89.5 2.74752E+04
 90.0 2.70986E+04
 90.5 2.67234E+04
 91.0 2.63497E+04
 91.5 2.59775E+04
 92.0 2.56067E+04
 92.5 2.52373E+04
 93.0 2.48694E+04
 93.5 2.45029E+04
 94.0 2.41377E+04
 94.5 2.37740E+04
 95.0 2.34116E+04
 95.5 2.30506E+04
 96.0 2.26909E+04
 96.5 2.23326E+04
 97.0 2.19756E+04
 97.5 2.16199E+04
 98.0 2.12656E+04
 98.5 2.09126E+04
 99.0 2.05608E+04
 99.5 2.02104E+04
100.0 1.98612E+04
100.5 1.95133E+04
101.0 1.91666E+04
101.5 1.88212E+04
102.0 1.84771E+04
102.5 1.81341E+04
103.0 1.77925E+04
103.5 1.74520E+04
104.0 1.71127E+04
104.5 1.67747E+04
105.0 1.64378E+04
105.5 1.61022E+04
106.0 1.57677E+04
106.5 1.54345E+04
107.0 1.51024E+04
107.5 1.47715E+04
108.0 1.44417E+04
108.5 1.41132E+04
109.0 1.37858E+04
109.5 1.34595E+04
110.0 1.31344E+04
110.5 1.28105E+04
111.0 1.24878E+04
111.5 1.21662E+04
112.0 1.18457E+04
112.5 1.15264E+04
113.0 1.12082E+04
113.5 1.08912E+04
114.0 1.05754E+04
114.5 1.02607E+04
115.0 9.94715E+03
115.5 9.63476E+03
116.0 9.32352E+03
116.5 9.01345E+03
117.0 8.70453E+03
117.5 8.39678E+03
118.0 8.09019E+03
118.5 7.78477E+03
119.0 7.48052E+03
119.5 7.17744E+03
120.0 6.87555E+03
120.5 6.57484E+03
121.0 6.27532E+03
121.5 5.97699E+03
122.0 5.67986E+03
122.5 5.38394E+03
123.0 5.08923E+03
123.5 4.79573E+03
124.0 4.50346E+03
124.5 4.21242E+03
125.0 3.92262E+03
125.5 3.63406E+03
126.0 3.34676E+03
126.5 3.06072E+03
127.0 2.77595E+03
127.5 2.49245E+03
128.0 2.21025E+03
128.5 1.92933E+03
129.0 1.64973E+03
129.5 1.37144E+03
130.0 1.09447E+03
130.5 8.18838E+02
131.0 5.44552E+02
131.5 2.71621E+02
132.0 2.26018E+01
