132K12D0W2
  0.5 0.00000E+00
  1.0 0.00000E+00
  1.5 0.00000E+00
  2.0 0.00000E+00
  2.5 0.00000E+00
  3.0 0.00000E+00
  3.5 1.65495E+04
  4.0 2.22538E+04
  4.5 2.82102E+04
  5.0 3.44003E+04
  5.5 4.08164E+04
  6.0 4.74550E+04
  6.5 5.43144E+04
  7.0 6.13945E+04
  7.5 6.86974E+04
  8.0 7.62277E+04
  8.5 4.84074E+05
  9.0 9.20059E+04
  9.5 6.24913E+05
 10.0 5.26139E+05
 10.5 4.34142E+04
 11.0 4.66728E+04
 11.5 6.78414E+04
 12.0 3.60719E+04
 12.5 3.36663E+04
 13.0 3.57776E+04
 13.5 3.79218E+04
 14.0 4.00991E+04
 14.5 4.23101E+04
 15.0 4.45551E+04
 15.5 4.68348E+04
 16.0 4.91500E+04
 16.5 5.15012E+04
 17.0 5.38889E+04
 17.5 5.63136E+04
 18.0 5.87748E+04
 18.5 6.12714E+04
 19.0 6.38014E+04
 19.5 6.63611E+04
 20.0 6.89455E+04
 20.5 7.15482E+04
 21.0 7.41609E+04
 21.5 7.67741E+04
 22.0 7.93770E+04
 22.5 8.19577E+04
 23.0 8.45039E+04
 23.5 8.70028E+04
 24.0 8.94418E+04
 24.5 9.18086E+04
 25.0 9.40916E+04
 25.5 9.62799E+04
 26.0 9.83639E+04
 26.5 1.00335E+05
 27.0 1.02186E+05
 27.5 1.03912E+05
 28.0 1.05507E+05
 28.5 1.06969E+05
 29.0 1.08295E+05
 29.5 1.09485E+05
 30.0 1.10539E+05
 30.5 1.11459E+05
 31.0 1.12247E+05
 31.5 1.12905E+05
 32.0 1.13437E+05
 32.5 1.13847E+05
 33.0 1.14140E+05
 33.5 1.14320E+05
 34.0 1.14392E+05
 34.5 1.14363E+05
 35.0 1.14237E+05
 35.5 1.14019E+05
 36.0 1.13716E+05
 36.5 1.13332E+05
 37.0 1.12873E+05
 37.5 1.12344E+05
 38.0 1.11751E+05
 38.5 1.11097E+05
 39.0 1.10389E+05
 39.5 1.09630E+05
 40.0 1.08825E+05
 40.5 1.07978E+05
 41.0 1.07093E+05
 41.5 1.06174E+05
 42.0 1.05224E+05
 42.5 1.04247E+05
 43.0 1.03246E+05
 43.5 1.02224E+05
 44.0 1.01183E+05
 44.5 1.00127E+05
 45.0 9.90571E+04
 45.5 9.79765E+04
 46.0 9.68869E+04
 46.5 9.57904E+04
 47.0 9.46886E+04
 47.5 9.35834E+04
 48.0 9.24763E+04
 48.5 9.13687E+04
 49.0 9.02618E+04
 49.5 8.91570E+04
 50.0 8.80552E+04
 50.5 8.69574E+04
 51.0 8.58647E+04
 51.5 8.47778E+04
 52.0 8.36973E+04
 52.5 8.26242E+04
 53.0 8.15589E+04
 53.5 8.05019E+04
 54.0 7.94538E+04
 54.5 7.84149E+04
 55.0 7.73857E+04
 55.5 7.63664E+04
 56.0 7.53574E+04
 56.5 7.43589E+04
 57.0 7.33711E+04
 57.5 7.23941E+04
 58.0 3.66797E+05
 58.5 7.04733E+04
 59.0 6.95296E+04
 59.5 5.91504E+05
 60.0 6.76759E+04
 60.5 6.67660E+04
 61.0 6.58674E+04
 61.5 6.49800E+04
 62.0 6.41038E+04
 62.5 6.32387E+04
 63.0 6.23848E+04
 63.5 6.15418E+04
 64.0 6.07098E+04
 64.5 5.98885E+04
 65.0 5.90780E+04
 65.5 5.82781E+04
 66.0 5.74886E+04
 66.5 5.67094E+04
 67.0 2.39092E+05
 67.5 5.51816E+04
 68.0 5.44327E+04
 68.5 5.36935E+04
 69.0 1.01734E+05
 69.5 4.97663E+04
 70.0 3.68988E+04
 70.5 3.66504E+04
 71.0 3.63988E+04
 71.5 3.61440E+04
 72.0 3.58862E+04
 72.5 3.56255E+04
 73.0 3.53621E+04
 73.5 3.50959E+04
 74.0 3.48272E+04
 74.5 3.45560E+04
 75.0 3.42824E+04
 75.5 3.40065E+04
 76.0 3.37284E+04
 76.5 3.34482E+04
 77.0 3.31660E+04
 77.5 3.28818E+04
 78.0 3.25959E+04
 78.5 3.23081E+04
 79.0 3.20186E+04
 79.5 3.17276E+04
 80.0 3.14349E+04
 80.5 3.11408E+04
 81.0 3.08454E+04
 81.5 3.05485E+04
 82.0 3.02504E+04
 82.5 2.99511E+04
 83.0 2.96506E+04
 83.5 2.93490E+04
 84.0 2.90464E+04
 84.5 2.87429E+04
 85.0 2.84383E+04
 85.5 2.81329E+04
 86.0 2.78267E+04
 86.5 2.75197E+04
 87.0 2.72120E+04
 87.5 2.69036E+04
 88.0 2.65945E+04
 88.5 2.62848E+04
 89.0 2.59746E+04
 89.5 2.56639E+04
 90.0 2.53526E+04
 90.5 2.50410E+04
 91.0 2.47289E+04
 91.5 2.44164E+04
 92.0 2.41037E+04
 92.5 2.37906E+04
 93.0 2.34772E+04
 93.5 2.31636E+04
 94.0 2.28498E+04
 94.5 2.25358E+04
 95.0 2.22216E+04
 95.5 2.19074E+04
 96.0 2.15930E+04
 96.5 2.12785E+04
 97.0 2.09641E+04
 97.5 2.06496E+04
 98.0 2.03351E+04
 98.5 2.00206E+04
 99.0 1.97062E+04
 99.5 1.93919E+04
100.0 1.90776E+04
100.5 1.87635E+04
101.0 1.84495E+04
101.5 1.81357E+04
102.0 1.78221E+04
102.5 1.75087E+04
103.0 1.71955E+04
103.5 1.68826E+04
104.0 1.65699E+04
104.5 1.62575E+04
105.0 1.59454E+04
105.5 1.56336E+04
106.0 1.53221E+04
106.5 1.50111E+04
107.0 1.47003E+04
107.5 1.43900E+04
108.0 1.40801E+04
108.5 1.37706E+04
109.0 1.34615E+04
109.5 1.31530E+04
110.0 1.28448E+04
110.5 1.25372E+04
111.0 1.22301E+04
111.5 1.19235E+04
112.0 1.16175E+04
112.5 1.13120E+04
113.0 1.10070E+04
113.5 1.07027E+04
114.0 1.03990E+04
114.5 1.00959E+04
115.0 9.79338E+03
115.5 9.49156E+03
116.0 9.19040E+03
116.5 8.88993E+03
117.0 8.59015E+03
117.5 8.29109E+03
118.0 7.99276E+03
118.5 7.69517E+03
119.0 7.39835E+03
119.5 7.10230E+03
120.0 6.80705E+03
120.5 6.51260E+03
121.0 6.21898E+03
121.5 5.92619E+03
122.0 5.63427E+03
122.5 5.34321E+03
123.0 5.05304E+03
123.5 4.76377E+03
124.0 4.47542E+03
124.5 4.18801E+03
125.0 3.90155E+03
125.5 3.61605E+03
126.0 3.33154E+03
126.5 3.04802E+03
127.0 2.76553E+03
127.5 2.48406E+03
128.0 2.20365E+03
128.5 1.92429E+03
129.0 1.64602E+03
129.5 1.36885E+03
130.0 1.09279E+03
130.5 8.17868E+02
131.0 5.44091E+02
131.5 2.71479E+02
132.0 2.25943E+01
