132K14D0W2
  0.5 0.00000E+00
  1.0 0.00000E+00
  1.5 0.00000E+00
  2.0 0.00000E+00
  2.5 0.00000E+00
  3.0 0.00000E+00
  3.5 2.03307E+04
  4.0 2.69658E+04
  4.5 3.39028E+04
  5.0 4.11284E+04
  5.5 4.86374E+04
  6.0 5.64281E+04
  6.5 6.45013E+04
  7.0 7.28605E+04
  7.5 8.15125E+04
  8.0 9.04691E+04
  8.5 8.14006E+05
  9.0 1.09375E+05
  9.5 9.11332E+05
 10.0 7.63444E+05
 10.5 5.14996E+04
 11.0 5.53621E+04
 11.5 9.66300E+04
 12.0 4.27858E+04
 12.5 3.99317E+04
 13.0 4.24295E+04
 13.5 4.49713E+04
 14.0 4.75578E+04
 14.5 5.01902E+04
 15.0 5.28697E+04
 15.5 5.55975E+04
 16.0 5.83748E+04
 16.5 6.12024E+04
 17.0 6.40803E+04
 17.5 6.70076E+04
 18.0 6.99815E+04
 18.5 7.29975E+04
 19.0 7.60490E+04
 19.5 7.91269E+04
 20.0 8.22199E+04
 20.5 8.53148E+04
 21.0 8.83966E+04
 21.5 9.14489E+04
 22.0 9.44551E+04
 22.5 9.73979E+04
 23.0 1.00260E+05
 23.5 1.03026E+05
 24.0 1.05681E+05
 24.5 1.08210E+05
 25.0 1.10603E+05
 25.5 1.12849E+05
 26.0 1.14940E+05
 26.5 1.16869E+05
 27.0 1.18632E+05
 27.5 1.20227E+05
 28.0 1.21652E+05
 28.5 1.22907E+05
 29.0 1.23996E+05
 29.5 1.24920E+05
 30.0 1.25683E+05
 30.5 1.26290E+05
 31.0 1.26748E+05
 31.5 1.27061E+05
 32.0 1.27236E+05
 32.5 1.27281E+05
 33.0 1.27202E+05
 33.5 1.27006E+05
 34.0 1.26701E+05
 34.5 1.26293E+05
 35.0 1.25790E+05
 35.5 1.25198E+05
 36.0 1.24525E+05
 36.5 1.23776E+05
 37.0 1.22958E+05
 37.5 1.22077E+05
 38.0 1.21139E+05
 38.5 1.20149E+05
 39.0 1.19112E+05
 39.5 1.18034E+05
 40.0 1.16918E+05
 40.5 1.15770E+05
 41.0 1.14592E+05
 41.5 1.13390E+05
 42.0 1.12166E+05
 42.5 1.10924E+05
 43.0 1.09667E+05
 43.5 1.08398E+05
 44.0 1.07119E+05
 44.5 1.05833E+05
 45.0 1.04542E+05
 45.5 1.03249E+05
 46.0 1.01954E+05
 46.5 1.00660E+05
 47.0 9.93687E+04
 47.5 9.80811E+04
 48.0 9.67986E+04
 48.5 9.55225E+04
 49.0 9.42536E+04
 49.5 9.29933E+04
 50.0 9.17421E+04
 50.5 9.05009E+04
 51.0 8.92704E+04
 51.5 8.80512E+04
 52.0 8.68439E+04
 52.5 8.56488E+04
 53.0 8.44665E+04
 53.5 8.32972E+04
 54.0 8.21413E+04
 54.5 8.09989E+04
 55.0 7.98704E+04
 55.5 7.87558E+04
 56.0 7.76552E+04
 56.5 7.65688E+04
 57.0 7.54966E+04
 57.5 7.44387E+04
 58.0 3.83817E+05
 58.5 7.23654E+04
 59.0 7.13500E+04
 59.5 6.18325E+05
 60.0 6.93613E+04
 60.5 6.83879E+04
 61.0 6.74282E+04
 61.5 6.64822E+04
 62.0 6.55497E+04
 62.5 6.46305E+04
 63.0 6.37245E+04
 63.5 6.28316E+04
 64.0 6.19515E+04
 64.5 6.10841E+04
 65.0 6.02291E+04
 65.5 5.93864E+04
 66.0 5.85559E+04
 66.5 5.77373E+04
 67.0 2.46402E+05
 67.5 5.61349E+04
 68.0 5.53508E+04
 68.5 5.45778E+04
 69.0 1.04140E+05
 69.5 5.08450E+04
 70.0 3.92213E+04
 70.5 3.89098E+04
 71.0 3.85963E+04
 71.5 3.82809E+04
 72.0 3.79638E+04
 72.5 3.76450E+04
 73.0 3.73246E+04
 73.5 3.70028E+04
 74.0 3.66796E+04
 74.5 3.63551E+04
 75.0 3.60293E+04
 75.5 3.57025E+04
 76.0 3.53746E+04
 76.5 3.50458E+04
 77.0 3.47160E+04
 77.5 3.43855E+04
 78.0 3.40542E+04
 78.5 3.37222E+04
 79.0 3.33895E+04
 79.5 3.30563E+04
 80.0 3.27226E+04
 80.5 3.23884E+04
 81.0 3.20538E+04
 81.5 3.17188E+04
 82.0 3.13836E+04
 82.5 3.10480E+04
 83.0 3.07122E+04
 83.5 3.03763E+04
 84.0 3.00402E+04
 84.5 2.97040E+04
 85.0 2.93677E+04
 85.5 2.90314E+04
 86.0 2.86951E+04
 86.5 2.83588E+04
 87.0 2.80225E+04
 87.5 2.76864E+04
 88.0 2.73503E+04
 88.5 2.70144E+04
 89.0 2.66787E+04
 89.5 2.63432E+04
 90.0 2.60078E+04
 90.5 2.56727E+04
 91.0 2.53379E+04
 91.5 2.50034E+04
 92.0 2.46691E+04
 92.5 2.43352E+04
 93.0 2.40015E+04
 93.5 2.36683E+04
 94.0 2.33354E+04
 94.5 2.30029E+04
 95.0 2.26708E+04
 95.5 2.23391E+04
 96.0 2.20078E+04
 96.5 2.16770E+04
 97.0 2.13466E+04
 97.5 2.10168E+04
 98.0 2.06873E+04
 98.5 2.03584E+04
 99.0 2.00300E+04
 99.5 1.97022E+04
100.0 1.93748E+04
100.5 1.90480E+04
101.0 1.87217E+04
101.5 1.83960E+04
102.0 1.80709E+04
102.5 1.77464E+04
103.0 1.74225E+04
103.5 1.70991E+04
104.0 1.67764E+04
104.5 1.64543E+04
105.0 1.61329E+04
105.5 1.58121E+04
106.0 1.54919E+04
106.5 1.51724E+04
107.0 1.48536E+04
107.5 1.45355E+04
108.0 1.42181E+04
108.5 1.39013E+04
109.0 1.35853E+04
109.5 1.32700E+04
110.0 1.29555E+04
110.5 1.26416E+04
111.0 1.23286E+04
111.5 1.20163E+04
112.0 1.17047E+04
112.5 1.13940E+04
113.0 1.10840E+04
113.5 1.07749E+04
114.0 1.04665E+04
114.5 1.01590E+04
115.0 9.85227E+03
115.5 9.54641E+03
116.0 9.24141E+03
116.5 8.93727E+03
117.0 8.63400E+03
117.5 8.33161E+03
118.0 8.03012E+03
118.5 7.72954E+03
119.0 7.42988E+03
119.5 7.13114E+03
120.0 6.83334E+03
120.5 6.53649E+03
121.0 6.24061E+03
121.5 5.94570E+03
122.0 5.65178E+03
122.5 5.35886E+03
123.0 5.06695E+03
123.5 4.77606E+03
124.0 4.48620E+03
124.5 4.19740E+03
125.0 3.90965E+03
125.5 3.62298E+03
126.0 3.33739E+03
126.5 3.05291E+03
127.0 2.76954E+03
127.5 2.48729E+03
128.0 2.20619E+03
128.5 1.92623E+03
129.0 1.64745E+03
129.5 1.36985E+03
130.0 1.09344E+03
130.5 8.18242E+02
131.0 5.44268E+02
131.5 2.71534E+02
132.0 2.25972E+01
