132K11D0W2
  0.5 0.00000E+00
  1.0 0.00000E+00
  1.5 0.00000E+00
  2.0 0.00000E+00
  2.5 0.00000E+00
  3.0 0.00000E+00
  3.5 1.46945E+04
  4.0 1.99357E+04
  4.5 2.54072E+04
  5.0 3.10872E+04
  5.5 3.69668E+04
  6.0 4.30415E+04
  6.5 4.93089E+04
  7.0 5.57678E+04
  7.5 6.24185E+04
  8.0 6.92634E+04
  8.5 3.53356E+05
  9.0 8.35564E+04
  9.5 4.95096E+05
 10.0 4.18507E+05
 10.5 3.94482E+04
 11.0 4.24153E+04
 11.5 5.63170E+04
 12.0 3.27774E+04
 12.5 3.05911E+04
 13.0 3.25152E+04
 13.5 3.44674E+04
 14.0 3.64479E+04
 14.5 3.84566E+04
 15.0 4.04940E+04
 15.5 4.25604E+04
 16.0 4.46561E+04
 16.5 4.67817E+04
 17.0 4.89375E+04
 17.5 5.11239E+04
 18.0 5.33410E+04
 18.5 5.55884E+04
 19.0 5.78653E+04
 19.5 6.01698E+04
 20.0 6.24990E+04
 20.5 6.48490E+04
 21.0 6.72145E+04
 21.5 6.95888E+04
 22.0 7.19643E+04
 22.5 7.43321E+04
 23.0 7.66825E+04
 23.5 7.90051E+04
 24.0 8.12894E+04
 24.5 8.35246E+04
 25.0 8.57001E+04
 25.5 8.78058E+04
 26.0 8.98321E+04
 26.5 9.17704E+04
 27.0 9.36130E+04
 27.5 9.53531E+04
 28.0 9.69851E+04
 28.5 9.85045E+04
 29.0 9.99078E+04
 29.5 1.01193E+05
 30.0 1.02358E+05
 30.5 1.03403E+05
 31.0 1.04328E+05
 31.5 1.05135E+05
 32.0 1.05825E+05
 32.5 1.06401E+05
 33.0 1.06867E+05
 33.5 1.07225E+05
 34.0 1.07480E+05
 34.5 1.07635E+05
 35.0 1.07696E+05
 35.5 1.07666E+05
 36.0 1.07551E+05
 36.5 1.07354E+05
 37.0 1.07081E+05
 37.5 1.06736E+05
 38.0 1.06325E+05
 38.5 1.05850E+05
 39.0 1.05317E+05
 39.5 1.04731E+05
 40.0 1.04094E+05
 40.5 1.03412E+05
 41.0 1.02687E+05
 41.5 1.01925E+05
 42.0 1.01127E+05
 42.5 1.00297E+05
 43.0 9.94396E+04
 43.5 9.85563E+04
 44.0 9.76502E+04
 44.5 9.67241E+04
 45.0 9.57805E+04
 45.5 9.48215E+04
 46.0 9.38495E+04
 46.5 9.28664E+04
 47.0 9.18742E+04
 47.5 9.08746E+04
 48.0 8.98692E+04
 48.5 8.88597E+04
 49.0 8.78473E+04
 49.5 8.68334E+04
 50.0 8.58193E+04
 50.5 8.48058E+04
 51.0 8.37943E+04
 51.5 8.27854E+04
 52.0 8.17802E+04
 52.5 8.07793E+04
 53.0 7.97834E+04
 53.5 7.87933E+04
 54.0 7.78095E+04
 54.5 7.68324E+04
 55.0 7.58626E+04
 55.5 7.49005E+04
 56.0 7.39464E+04
 56.5 7.30008E+04
 57.0 7.20637E+04
 57.5 7.11356E+04
 58.0 3.56422E+05
 58.5 6.93068E+04
 59.0 6.84065E+04
 59.5 5.75126E+05
 60.0 6.66347E+04
 60.5 6.57634E+04
 61.0 6.49019E+04
 61.5 6.40501E+04
 62.0 6.32083E+04
 62.5 6.23763E+04
 63.0 6.15541E+04
 63.5 6.07417E+04
 64.0 5.99390E+04
 64.5 5.91461E+04
 65.0 5.83628E+04
 65.5 5.75890E+04
 66.0 5.68248E+04
 66.5 5.60699E+04
 67.0 2.34578E+05
 67.5 5.45879E+04
 68.0 5.38606E+04
 68.5 5.31423E+04
 69.0 1.00242E+05
 69.5 4.91057E+04
 70.0 3.55212E+04
 70.5 3.53083E+04
 71.0 3.50916E+04
 71.5 3.48711E+04
 72.0 3.46470E+04
 72.5 3.44194E+04
 73.0 3.41884E+04
 73.5 3.39541E+04
 74.0 3.37166E+04
 74.5 3.34760E+04
 75.0 3.32324E+04
 75.5 3.29859E+04
 76.0 3.27366E+04
 76.5 3.24847E+04
 77.0 3.22301E+04
 77.5 3.19730E+04
 78.0 3.17135E+04
 78.5 3.14516E+04
 79.0 3.11875E+04
 79.5 3.09211E+04
 80.0 3.06527E+04
 80.5 3.03822E+04
 81.0 3.01098E+04
 81.5 2.98356E+04
 82.0 2.95595E+04
 82.5 2.92816E+04
 83.0 2.90021E+04
 83.5 2.87211E+04
 84.0 2.84384E+04
 84.5 2.81543E+04
 85.0 2.78688E+04
 85.5 2.75819E+04
 86.0 2.72938E+04
 86.5 2.70043E+04
 87.0 2.67138E+04
 87.5 2.64220E+04
 88.0 2.61292E+04
 88.5 2.58354E+04
 89.0 2.55406E+04
 89.5 2.52449E+04
 90.0 2.49482E+04
 90.5 2.46508E+04
 91.0 2.43525E+04
 91.5 2.40535E+04
 92.0 2.37538E+04
 92.5 2.34534E+04
 93.0 2.31524E+04
 93.5 2.28508E+04
 94.0 2.25486E+04
 94.5 2.22459E+04
 95.0 2.19428E+04
 95.5 2.16392E+04
 96.0 2.13352E+04
 96.5 2.10308E+04
 97.0 2.07261E+04
 97.5 2.04210E+04
 98.0 2.01157E+04
 98.5 1.98102E+04
 99.0 1.95044E+04
 99.5 1.91984E+04
100.0 1.88923E+04
100.5 1.85860E+04
101.0 1.82796E+04
101.5 1.79732E+04
102.0 1.76667E+04
102.5 1.73601E+04
103.0 1.70536E+04
103.5 1.67471E+04
104.0 1.64406E+04
104.5 1.61342E+04
105.0 1.58279E+04
105.5 1.55218E+04
106.0 1.52157E+04
106.5 1.49099E+04
107.0 1.46042E+04
107.5 1.42987E+04
108.0 1.39935E+04
108.5 1.36885E+04
109.0 1.33838E+04
109.5 1.30794E+04
110.0 1.27753E+04
110.5 1.24716E+04
111.0 1.21682E+04
111.5 1.18652E+04
112.0 1.15625E+04
112.5 1.12603E+04
113.0 1.09586E+04
113.5 1.06573E+04
114.0 1.03564E+04
114.5 1.00561E+04
115.0 9.75628E+03
115.5 9.45699E+03
116.0 9.15825E+03
116.5 8.86008E+03
117.0 8.56250E+03
117.5 8.26553E+03
118.0 7.96919E+03
118.5 7.67349E+03
119.0 7.37845E+03
119.5 7.08410E+03
120.0 6.79044E+03
120.5 6.49751E+03
121.0 6.20531E+03
121.5 5.91387E+03
122.0 5.62320E+03
122.5 5.33332E+03
123.0 5.04425E+03
123.5 4.75600E+03
124.0 4.46861E+03
124.5 4.18207E+03
125.0 3.89642E+03
125.5 3.61167E+03
126.0 3.32783E+03
126.5 3.04493E+03
127.0 2.76299E+03
127.5 2.48202E+03
128.0 2.20204E+03
128.5 1.92306E+03
129.0 1.64512E+03
129.5 1.36822E+03
130.0 1.09238E+03
130.5 8.17631E+02
131.0 5.43978E+02
131.5 2.71444E+02
132.0 2.25925E+01
