132K10D0W2
  0.5 0.00000E+00
  1.0 0.00000E+00
  1.5 0.00000E+00
  2.0 0.00000E+00
  2.5 0.00000E+00
  3.0 0.00000E+00
  3.5 1.28645E+04
  4.0 1.76427E+04
  4.5 2.26315E+04
  5.0 2.78056E+04
  5.5 3.31543E+04
  6.0 3.86725E+04
  6.5 4.43568E+04
  7.0 5.02054E+04
  7.5 5.62175E+04
  8.0 6.23934E+04
  8.5 2.47168E+05
  9.0 7.52474E+04
  9.5 3.77527E+05
 10.0 3.20935E+05
 10.5 3.55287E+04
 11.0 3.82104E+04
 11.5 4.66501E+04
 12.0 2.95205E+04
 12.5 2.75507E+04
 13.0 2.92914E+04
 13.5 3.10557E+04
 14.0 3.28438E+04
 14.5 3.46555E+04
 15.0 3.64910E+04
 15.5 3.83504E+04
 16.0 4.02338E+04
 16.5 4.21415E+04
 17.0 4.40737E+04
 17.5 4.60307E+04
 18.0 4.80127E+04
 18.5 5.00196E+04
 19.0 5.20513E+04
 19.5 5.41068E+04
 20.0 5.61849E+04
 20.5 5.82834E+04
 21.0 6.03992E+04
 21.5 6.25282E+04
 22.0 6.46655E+04
 22.5 6.68049E+04
 23.0 6.89396E+04
 23.5 7.10617E+04
 24.0 7.31632E+04
 24.5 7.52350E+04
 25.0 7.72686E+04
 25.5 7.92548E+04
 26.0 8.11851E+04
 26.5 8.30512E+04
 27.0 8.48454E+04
 27.5 8.65606E+04
 28.0 8.81907E+04
 28.5 8.97302E+04
 29.0 9.11747E+04
 29.5 9.25204E+04
 30.0 9.37645E+04
 30.5 9.49054E+04
 31.0 9.59418E+04
 31.5 9.68735E+04
 32.0 9.77009E+04
 32.5 9.84250E+04
 33.0 9.90475E+04
 33.5 9.95705E+04
 34.0 9.99964E+04
 34.5 1.00328E+05
 35.0 1.00569E+05
 35.5 1.00723E+05
 36.0 1.00793E+05
 36.5 1.00783E+05
 37.0 1.00697E+05
 37.5 1.00539E+05
 38.0 1.00313E+05
 38.5 1.00022E+05
 39.0 9.96711E+04
 39.5 9.92638E+04
 40.0 9.88037E+04
 40.5 9.82946E+04
 41.0 9.77400E+04
 41.5 9.71434E+04
 42.0 9.65079E+04
 42.5 9.58369E+04
 43.0 9.51334E+04
 43.5 9.44002E+04
 44.0 9.36401E+04
 44.5 9.28557E+04
 45.0 9.20495E+04
 45.5 9.12239E+04
 46.0 9.03810E+04
 46.5 8.95229E+04
 47.0 8.86516E+04
 47.5 8.77689E+04
 48.0 8.68766E+04
 48.5 8.59762E+04
 49.0 8.50692E+04
 49.5 8.41571E+04
 50.0 8.32410E+04
 50.5 8.23223E+04
 51.0 8.14020E+04
 51.5 8.04812E+04
 52.0 7.95607E+04
 52.5 7.86415E+04
 53.0 7.77244E+04
 53.5 7.68102E+04
 54.0 7.58993E+04
 54.5 7.49926E+04
 55.0 7.40905E+04
 55.5 7.31936E+04
 56.0 7.23023E+04
 56.5 7.14171E+04
 57.0 7.05382E+04
 57.5 6.96661E+04
 58.0 3.44408E+05
 58.5 6.79431E+04
 59.0 6.70927E+04
 59.5 5.56132E+05
 60.0 6.54153E+04
 60.5 6.45885E+04
 61.0 6.37698E+04
 61.5 6.29594E+04
 62.0 6.21573E+04
 62.5 6.13635E+04
 63.0 6.05782E+04
 63.5 5.98012E+04
 64.0 5.90327E+04
 64.5 5.82727E+04
 65.0 5.75210E+04
 65.5 5.67778E+04
 66.0 5.60429E+04
 66.5 5.53163E+04
 67.0 2.29294E+05
 67.5 5.38878E+04
 68.0 5.31858E+04
 68.5 5.24918E+04
 69.0 9.84890E+04
 69.5 4.83371E+04
 70.0 3.39620E+04
 70.5 3.37875E+04
 71.0 3.36085E+04
 71.5 3.34253E+04
 72.0 3.32378E+04
 72.5 3.30463E+04
 73.0 3.28508E+04
 73.5 3.26514E+04
 74.0 3.24482E+04
 74.5 3.22413E+04
 75.0 3.20308E+04
 75.5 3.18169E+04
 76.0 3.15995E+04
 76.5 3.13789E+04
 77.0 3.11550E+04
 77.5 3.09280E+04
 78.0 3.06980E+04
 78.5 3.04651E+04
 79.0 3.02292E+04
 79.5 2.99907E+04
 80.0 2.97494E+04
 80.5 2.95055E+04
 81.0 2.92592E+04
 81.5 2.90103E+04
 82.0 2.87591E+04
 82.5 2.85056E+04
 83.0 2.82499E+04
 83.5 2.79920E+04
 84.0 2.77321E+04
 84.5 2.74701E+04
 85.0 2.72063E+04
 85.5 2.69405E+04
 86.0 2.66730E+04
 86.5 2.64037E+04
 87.0 2.61327E+04
 87.5 2.58601E+04
 88.0 2.55860E+04
 88.5 2.53103E+04
 89.0 2.50332E+04
 89.5 2.47548E+04
 90.0 2.44750E+04
 90.5 2.41939E+04
 91.0 2.39116E+04
 91.5 2.36281E+04
 92.0 2.33435E+04
 92.5 2.30578E+04
 93.0 2.27711E+04
 93.5 2.24834E+04
 94.0 2.21948E+04
 94.5 2.19052E+04
 95.0 2.16148E+04
 95.5 2.13237E+04
 96.0 2.10317E+04
 96.5 2.07391E+04
 97.0 2.04457E+04
 97.5 2.01517E+04
 98.0 1.98571E+04
 98.5 1.95619E+04
 99.0 1.92662E+04
 99.5 1.89700E+04
100.0 1.86734E+04
100.5 1.83763E+04
101.0 1.80788E+04
101.5 1.77810E+04
102.0 1.74828E+04
102.5 1.71844E+04
103.0 1.68857E+04
103.5 1.65867E+04
104.0 1.62876E+04
104.5 1.59883E+04
105.0 1.56888E+04
105.5 1.53893E+04
106.0 1.50896E+04
106.5 1.47899E+04
107.0 1.44902E+04
107.5 1.41905E+04
108.0 1.38908E+04
108.5 1.35911E+04
109.0 1.32916E+04
109.5 1.29921E+04
110.0 1.26928E+04
110.5 1.23936E+04
111.0 1.20946E+04
111.5 1.17958E+04
112.0 1.14973E+04
112.5 1.11990E+04
113.0 1.09009E+04
113.5 1.06032E+04
114.0 1.03058E+04
114.5 1.00088E+04
115.0 9.71209E+03
115.5 9.41581E+03
116.0 9.11994E+03
116.5 8.82451E+03
117.0 8.52955E+03
117.5 8.23506E+03
118.0 7.94108E+03
118.5 7.64763E+03
119.0 7.35472E+03
119.5 7.06238E+03
120.0 6.77064E+03
120.5 6.47950E+03
121.0 6.18900E+03
121.5 5.89915E+03
122.0 5.60998E+03
122.5 5.32151E+03
123.0 5.03375E+03
123.5 4.74672E+03
124.0 4.46046E+03
124.5 4.17498E+03
125.0 3.89029E+03
125.5 3.60643E+03
126.0 3.32340E+03
126.5 3.04124E+03
127.0 2.75995E+03
127.5 2.47957E+03
128.0 2.20011E+03
128.5 1.92159E+03
129.0 1.64404E+03
129.5 1.36747E+03
130.0 1.09190E+03
130.5 8.17348E+02
131.0 5.43844E+02
131.5 2.71403E+02
132.0 2.25904E+01
