132K22D0W2
  0.5 0.00000E+00
  1.0 0.00000E+00
  1.5 0.00000E+00
  2.0 0.00000E+00
  2.5 0.00000E+00
  3.0 0.00000E+00
  3.5 3.64750E+04
  4.0 4.70062E+04
  4.5 5.81018E+04
  5.0 6.97640E+04
  5.5 8.20020E+04
  6.0 9.48331E+04
  6.5 1.08286E+05
  7.0 1.22407E+05
  7.5 1.37265E+05
  8.0 1.52951E+05
  8.5 2.74562E+06
  9.0 1.87145E+05
  9.5 2.17596E+06
 10.0 1.81166E+06
 10.5 8.65078E+04
 11.0 9.31570E+04
 11.5 2.75764E+05
 12.0 7.18038E+04
 12.5 6.69866E+04
 13.0 7.12488E+04
 13.5 7.56253E+04
 14.0 8.01206E+04
 14.5 8.47368E+04
 15.0 8.94727E+04
 15.5 9.43215E+04
 16.0 9.92706E+04
 16.5 1.04300E+05
 17.0 1.09384E+05
 17.5 1.14491E+05
 18.0 1.19583E+05
 18.5 1.24621E+05
 19.0 1.29563E+05
 19.5 1.34370E+05
 20.0 1.39003E+05
 20.5 1.43425E+05
 21.0 1.47607E+05
 21.5 1.51521E+05
 22.0 1.55146E+05
 22.5 1.58466E+05
 23.0 1.61470E+05
 23.5 1.64151E+05
 24.0 1.66508E+05
 24.5 1.68543E+05
 25.0 1.70260E+05
 25.5 1.71668E+05
 26.0 1.72777E+05
 26.5 1.73599E+05
 27.0 1.74149E+05
 27.5 1.74440E+05
 28.0 1.74488E+05
 28.5 1.74309E+05
 29.0 1.73918E+05
 29.5 1.73332E+05
 30.0 1.72566E+05
 30.5 1.71635E+05
 31.0 1.70553E+05
 31.5 1.69335E+05
 32.0 1.67994E+05
 32.5 1.66542E+05
 33.0 1.64992E+05
 33.5 1.63355E+05
 34.0 1.61641E+05
 34.5 1.59860E+05
 35.0 1.58021E+05
 35.5 1.56133E+05
 36.0 1.54204E+05
 36.5 1.52240E+05
 37.0 1.50248E+05
 37.5 1.48235E+05
 38.0 1.46206E+05
 38.5 1.44165E+05
 39.0 1.42119E+05
 39.5 1.40069E+05
 40.0 1.38022E+05
 40.5 1.35979E+05
 41.0 1.33944E+05
 41.5 1.31919E+05
 42.0 1.29908E+05
 42.5 1.27912E+05
 43.0 1.25933E+05
 43.5 1.23972E+05
 44.0 1.22033E+05
 44.5 1.20114E+05
 45.0 1.18219E+05
 45.5 1.16347E+05
 46.0 1.14499E+05
 46.5 1.12677E+05
 47.0 1.10880E+05
 47.5 1.09110E+05
 48.0 1.07366E+05
 48.5 1.05648E+05
 49.0 1.03958E+05
 49.5 1.02294E+05
 50.0 1.00658E+05
 50.5 9.90483E+04
 51.0 9.74658E+04
 51.5 9.59100E+04
 52.0 9.43808E+04
 52.5 9.28781E+04
 53.0 9.14014E+04
 53.5 8.99508E+04
 54.0 8.85257E+04
 54.5 8.71258E+04
 55.0 8.57508E+04
 55.5 8.44004E+04
 56.0 8.30743E+04
 56.5 8.17719E+04
 57.0 8.04930E+04
 57.5 7.92371E+04
 58.0 4.24526E+05
 58.5 7.67927E+04
 59.0 7.56034E+04
 59.5 6.82254E+05
 60.0 7.32885E+04
 60.5 7.21621E+04
 61.0 7.10558E+04
 61.5 6.99692E+04
 62.0 6.89019E+04
 62.5 6.78535E+04
 63.0 6.68236E+04
 63.5 6.58117E+04
 64.0 6.48175E+04
 64.5 6.38406E+04
 65.0 6.28806E+04
 65.5 6.19370E+04
 66.0 6.10096E+04
 66.5 6.00980E+04
 67.0 2.63449E+05
 67.5 5.83206E+04
 68.0 5.74541E+04
 68.5 5.66018E+04
 69.0 1.09708E+05
 69.5 5.34075E+04
 70.0 4.50967E+04
 70.5 4.46086E+04
 71.0 4.41230E+04
 71.5 4.36400E+04
 72.0 4.31596E+04
 72.5 4.26817E+04
 73.0 4.22064E+04
 73.5 4.17337E+04
 74.0 4.12636E+04
 74.5 4.07962E+04
 75.0 4.03313E+04
 75.5 3.98691E+04
 76.0 3.94094E+04
 76.5 3.89524E+04
 77.0 3.84980E+04
 77.5 3.80462E+04
 78.0 3.75969E+04
 78.5 3.71502E+04
 79.0 3.67061E+04
 79.5 3.62645E+04
 80.0 3.58254E+04
 80.5 3.53888E+04
 81.0 3.49547E+04
 81.5 3.45230E+04
 82.0 3.40938E+04
 82.5 3.36670E+04
 83.0 3.32426E+04
 83.5 3.28205E+04
 84.0 3.24008E+04
 84.5 3.19834E+04
 85.0 3.15682E+04
 85.5 3.11554E+04
 86.0 3.07448E+04
 86.5 3.03364E+04
 87.0 2.99302E+04
 87.5 2.95261E+04
 88.0 2.91242E+04
 88.5 2.87244E+04
 89.0 2.83267E+04
 89.5 2.79310E+04
 90.0 2.75373E+04
 90.5 2.71457E+04
 91.0 2.67561E+04
 91.5 2.63684E+04
 92.0 2.59826E+04
 92.5 2.55987E+04
 93.0 2.52168E+04
 93.5 2.48366E+04
 94.0 2.44584E+04
 94.5 2.40819E+04
 95.0 2.37072E+04
 95.5 2.33343E+04
 96.0 2.29631E+04
 96.5 2.25936E+04
 97.0 2.22259E+04
 97.5 2.18598E+04
 98.0 2.14954E+04
 98.5 2.11327E+04
 99.0 2.07715E+04
 99.5 2.04120E+04
100.0 2.00540E+04
100.5 1.96976E+04
101.0 1.93428E+04
101.5 1.89895E+04
102.0 1.86377E+04
102.5 1.82874E+04
103.0 1.79387E+04
103.5 1.75913E+04
104.0 1.72455E+04
104.5 1.69011E+04
105.0 1.65581E+04
105.5 1.62166E+04
106.0 1.58764E+04
106.5 1.55377E+04
107.0 1.52003E+04
107.5 1.48643E+04
108.0 1.45297E+04
108.5 1.41964E+04
109.0 1.38645E+04
109.5 1.35340E+04
110.0 1.32047E+04
110.5 1.28768E+04
111.0 1.25502E+04
111.5 1.22249E+04
112.0 1.19010E+04
112.5 1.15783E+04
113.0 1.12569E+04
113.5 1.09368E+04
114.0 1.06180E+04
114.5 1.03005E+04
115.0 9.98426E+03
115.5 9.66931E+03
116.0 9.35563E+03
116.5 9.04322E+03
117.0 8.73208E+03
117.5 8.42223E+03
118.0 8.11364E+03
118.5 7.80632E+03
119.0 7.50027E+03
119.5 7.19550E+03
120.0 6.89201E+03
120.5 6.58979E+03
121.0 6.28884E+03
121.5 5.98918E+03
122.0 5.69080E+03
122.5 5.39371E+03
123.0 5.09790E+03
123.5 4.80339E+03
124.0 4.51018E+03
124.5 4.21827E+03
125.0 3.92767E+03
125.5 3.63838E+03
126.0 3.35040E+03
126.5 3.06376E+03
127.0 2.77844E+03
127.5 2.49446E+03
128.0 2.21182E+03
128.5 1.93054E+03
129.0 1.65061E+03
129.5 1.37205E+03
130.0 1.09487E+03
130.5 8.19070E+02
131.0 5.44662E+02
131.5 2.71655E+02
132.0 2.26035E+01
