133K09D0W2
  0.5 0.00000E+00
  1.0 0.00000E+00
  1.5 0.00000E+00
  2.0 0.00000E+00
  2.5 0.00000E+00
  3.0 0.00000E+00
  3.5 1.09814E+04
  4.0 1.52723E+04
  4.5 1.97567E+04
  5.0 2.44046E+04
  5.5 2.92033E+04
  6.0 3.41466E+04
  6.5 3.92307E+04
  7.0 4.44531E+04
  7.5 4.98119E+04
  8.0 5.53066E+04
  8.5 1.60287E+05
  9.0 6.67054E+04
  9.5 2.68266E+05
 10.0 2.30141E+05
 10.5 3.14902E+04
 11.0 3.38822E+04
 11.5 3.82733E+04
 12.0 2.61695E+04
 12.5 2.44236E+04
 13.0 2.59787E+04
 13.5 2.75534E+04
 14.0 2.91477E+04
 14.5 3.07615E+04
 15.0 3.23949E+04
 15.5 3.40476E+04
 16.0 3.57198E+04
 16.5 3.74115E+04
 17.0 3.91227E+04
 17.5 4.08537E+04
 18.0 4.26043E+04
 18.5 4.43748E+04
 19.0 4.61652E+04
 19.5 4.79752E+04
 20.0 4.98043E+04
 20.5 5.16518E+04
 21.0 5.35161E+04
 21.5 5.53952E+04
 22.0 5.72865E+04
 22.5 5.91864E+04
 23.0 6.10907E+04
 23.5 6.29944E+04
 24.0 6.48919E+04
 24.5 6.67767E+04
 25.0 6.86424E+04
 25.5 7.04817E+04
 26.0 7.22877E+04
 26.5 7.40530E+04
 27.0 7.57708E+04
 27.5 7.74342E+04
 28.0 7.90371E+04
 28.5 8.05734E+04
 29.0 8.20382E+04
 29.5 8.34268E+04
 30.0 8.47352E+04
 30.5 8.59603E+04
 31.0 8.70995E+04
 31.5 8.81512E+04
 32.0 8.91139E+04
 32.5 8.99872E+04
 33.0 9.07712E+04
 33.5 9.14664E+04
 34.0 9.20738E+04
 34.5 9.25948E+04
 35.0 9.30315E+04
 35.5 9.33858E+04
 36.0 9.36602E+04
 36.5 9.38575E+04
 37.0 9.39804E+04
 37.5 9.40321E+04
 38.0 9.40156E+04
 38.5 9.39339E+04
 39.0 9.37907E+04
 39.5 9.35887E+04
 40.0 9.33315E+04
 40.5 9.30223E+04
 41.0 9.26640E+04
 41.5 9.22600E+04
 42.0 9.18131E+04
 42.5 9.13264E+04
 43.0 9.08027E+04
 43.5 9.02447E+04
 44.0 8.96551E+04
 44.5 8.90364E+04
 45.0 8.83912E+04
 45.5 8.77215E+04
 46.0 8.70299E+04
 46.5 8.63181E+04
 47.0 8.55885E+04
 47.5 8.48427E+04
 48.0 8.40826E+04
 48.5 8.33098E+04
 49.0 8.25259E+04
 49.5 8.17325E+04
 50.0 8.09309E+04
 50.5 8.01224E+04
 51.0 7.93082E+04
 51.5 7.84895E+04
 52.0 7.76674E+04
 52.5 7.68427E+04
 53.0 7.60166E+04
 53.5 7.51897E+04
 54.0 7.43629E+04
 54.5 7.35369E+04
 55.0 7.27123E+04
 55.5 7.18899E+04
 56.0 7.10702E+04
 56.5 7.02536E+04
 57.0 6.94407E+04
 57.5 6.86319E+04
 58.0 3.36074E+05
 58.5 6.70280E+04
 59.0 6.62337E+04
 59.5 5.43715E+05
 60.0 6.46615E+04
 60.5 6.38842E+04
 61.0 6.31131E+04
 61.5 6.23482E+04
 62.0 6.15898E+04
 62.5 6.08380E+04
 63.0 6.00929E+04
 63.5 5.93546E+04
 64.0 5.86232E+04
 64.5 5.78987E+04
 65.0 5.71812E+04
 65.5 5.64707E+04
 66.0 5.57673E+04
 66.5 5.50708E+04
 67.0 2.27311E+05
 67.5 5.36991E+04
 68.0 5.30238E+04
 68.5 5.23555E+04
 69.0 9.80314E+04
 69.5 4.79936E+04
 70.0 3.23753E+04
 70.5 3.22461E+04
 71.0 3.21121E+04
 71.5 3.19733E+04
 72.0 3.18297E+04
 72.5 3.16816E+04
 73.0 3.15289E+04
 73.5 3.13718E+04
 74.0 3.12104E+04
 74.5 3.10447E+04
 75.0 3.08748E+04
 75.5 3.07009E+04
 76.0 3.05230E+04
 76.5 3.03411E+04
 77.0 3.01555E+04
 77.5 2.99661E+04
 78.0 2.97731E+04
 78.5 2.95766E+04
 79.0 2.93765E+04
 79.5 2.91731E+04
 80.0 2.89664E+04
 80.5 2.87565E+04
 81.0 2.85434E+04
 81.5 2.83273E+04
 82.0 2.81082E+04
 82.5 2.78863E+04
 83.0 2.76615E+04
 83.5 2.74339E+04
 84.0 2.72037E+04
 84.5 2.69709E+04
 85.0 2.67356E+04
 85.5 2.64979E+04
 86.0 2.62577E+04
 86.5 2.60153E+04
 87.0 2.57706E+04
 87.5 2.55238E+04
 88.0 2.52748E+04
 88.5 2.50239E+04
 89.0 2.47709E+04
 89.5 2.45160E+04
 90.0 2.42593E+04
 90.5 2.40008E+04
 91.0 2.37406E+04
 91.5 2.34787E+04
 92.0 2.32152E+04
 92.5 2.29501E+04
 93.0 2.26836E+04
 93.5 2.24155E+04
 94.0 2.21461E+04
 94.5 2.18754E+04
 95.0 2.16033E+04
 95.5 2.13301E+04
 96.0 2.10556E+04
 96.5 2.07799E+04
 97.0 2.05032E+04
 97.5 2.02255E+04
 98.0 1.99467E+04
 98.5 1.96670E+04
 99.0 1.93863E+04
 99.5 1.91048E+04
100.0 1.88225E+04
100.5 1.85393E+04
101.0 1.82554E+04
101.5 1.79709E+04
102.0 1.76856E+04
102.5 1.73997E+04
103.0 1.71132E+04
103.5 1.68262E+04
104.0 1.65386E+04
104.5 1.62506E+04
105.0 1.59621E+04
105.5 1.56732E+04
106.0 1.53840E+04
106.5 1.50944E+04
107.0 1.48044E+04
107.5 1.45142E+04
108.0 1.42238E+04
108.5 1.39331E+04
109.0 1.36423E+04
109.5 1.33513E+04
110.0 1.30602E+04
110.5 1.27690E+04
111.0 1.24778E+04
111.5 1.21865E+04
112.0 1.18952E+04
112.5 1.16039E+04
113.0 1.13127E+04
113.5 1.10216E+04
114.0 1.07306E+04
114.5 1.04397E+04
115.0 1.01490E+04
115.5 9.85842E+03
116.0 9.56811E+03
116.5 9.27804E+03
117.0 8.98823E+03
117.5 8.69872E+03
118.0 8.40953E+03
118.5 8.12068E+03
119.0 7.83220E+03
119.5 7.54412E+03
120.0 7.25645E+03
120.5 6.96922E+03
121.0 6.68246E+03
121.5 6.39619E+03
122.0 6.11043E+03
122.5 5.82521E+03
123.0 5.54055E+03
123.5 5.25648E+03
124.0 4.97301E+03
124.5 4.69017E+03
125.0 4.40799E+03
125.5 4.12648E+03
126.0 3.84566E+03
126.5 3.56557E+03
127.0 3.28622E+03
127.5 3.00764E+03
128.0 2.72984E+03
128.5 2.45286E+03
129.0 2.17670E+03
129.5 1.90140E+03
130.0 1.62698E+03
130.5 1.35345E+03
131.0 1.08084E+03
131.5 8.09179E+02
132.0 5.38475E+02
132.5 2.68756E+02
133.0 2.23716E+01
