133K08D0W2
  0.5 0.00000E+00
  1.0 0.00000E+00
  1.5 0.00000E+00
  2.0 0.00000E+00
  2.5 0.00000E+00
  3.0 0.00000E+00
  3.5 9.22019E+03
  4.0 1.30450E+04
  4.5 1.70504E+04
  5.0 2.12005E+04
  5.5 2.54801E+04
  6.0 2.98821E+04
  6.5 3.44019E+04
  7.0 3.90368E+04
  7.5 4.37842E+04
  8.0 4.86429E+04
  8.5 1.04080E+05
  9.0 5.86911E+04
  9.5 1.84797E+05
 10.0 1.60545E+05
 10.5 2.76737E+04
 11.0 2.97927E+04
 11.5 3.19206E+04
 12.0 2.29959E+04
 12.5 2.14600E+04
 13.0 2.28389E+04
 13.5 2.42338E+04
 14.0 2.56447E+04
 14.5 2.70712E+04
 15.0 2.85135E+04
 15.5 2.99712E+04
 16.0 3.14443E+04
 16.5 3.29328E+04
 17.0 3.44365E+04
 17.5 3.59555E+04
 18.0 3.74896E+04
 18.5 3.90390E+04
 19.0 4.06035E+04
 19.5 4.21831E+04
 20.0 4.37776E+04
 20.5 4.53868E+04
 21.0 4.70099E+04
 21.5 4.86462E+04
 22.0 5.02942E+04
 22.5 5.19523E+04
 23.0 5.36180E+04
 23.5 5.52886E+04
 24.0 5.69605E+04
 24.5 5.86297E+04
 25.0 6.02918E+04
 25.5 6.19417E+04
 26.0 6.35742E+04
 26.5 6.51837E+04
 27.0 6.67647E+04
 27.5 6.83114E+04
 28.0 6.98184E+04
 28.5 7.12801E+04
 29.0 7.26916E+04
 29.5 7.40482E+04
 30.0 7.53455E+04
 30.5 7.65799E+04
 31.0 7.77478E+04
 31.5 7.88466E+04
 32.0 7.98741E+04
 32.5 8.08284E+04
 33.0 8.17085E+04
 33.5 8.25136E+04
 34.0 8.32434E+04
 34.5 8.38981E+04
 35.0 8.44783E+04
 35.5 8.49849E+04
 36.0 8.54193E+04
 36.5 8.57829E+04
 37.0 8.60775E+04
 37.5 8.63052E+04
 38.0 8.64680E+04
 38.5 8.65683E+04
 39.0 8.66086E+04
 39.5 8.65913E+04
 40.0 8.65191E+04
 40.5 8.63945E+04
 41.0 8.62200E+04
 41.5 8.59984E+04
 42.0 8.57322E+04
 42.5 8.54241E+04
 43.0 8.50765E+04
 43.5 8.46918E+04
 44.0 8.42726E+04
 44.5 8.38211E+04
 45.0 8.33396E+04
 45.5 8.28302E+04
 46.0 8.22952E+04
 46.5 8.17364E+04
 47.0 8.11558E+04
 47.5 8.05553E+04
 48.0 7.99366E+04
 48.5 7.93015E+04
 49.0 7.86514E+04
 49.5 7.79879E+04
 50.0 7.73124E+04
 50.5 7.66263E+04
 51.0 7.59308E+04
 51.5 7.52271E+04
 52.0 7.45164E+04
 52.5 7.37997E+04
 53.0 7.30780E+04
 53.5 7.23523E+04
 54.0 7.16234E+04
 54.5 7.08920E+04
 55.0 7.01590E+04
 55.5 6.94250E+04
 56.0 6.86908E+04
 56.5 6.79569E+04
 57.0 6.72238E+04
 57.5 6.64920E+04
 58.0 3.18805E+05
 58.5 6.50346E+04
 59.0 6.43097E+04
 59.5 5.16279E+05
 60.0 6.28694E+04
 60.5 6.21546E+04
 61.0 6.14438E+04
 61.5 6.07371E+04
 62.0 6.00350E+04
 62.5 5.93374E+04
 63.0 5.86447E+04
 63.5 5.79570E+04
 64.0 5.72743E+04
 64.5 5.65969E+04
 65.0 5.59249E+04
 65.5 5.52583E+04
 66.0 5.45971E+04
 66.5 5.39416E+04
 67.0 2.19470E+05
 67.5 5.26474E+04
 68.0 5.20088E+04
 68.5 5.13760E+04
 69.0 9.54101E+04
 69.5 4.68800E+04
 70.0 3.02936E+04
 70.5 3.02085E+04
 71.0 3.01181E+04
 71.5 3.00226E+04
 72.0 2.99221E+04
 72.5 2.98166E+04
 73.0 2.97063E+04
 73.5 2.95910E+04
 74.0 2.94710E+04
 74.5 2.93462E+04
 75.0 2.92168E+04
 75.5 2.90829E+04
 76.0 2.89445E+04
 76.5 2.88016E+04
 77.0 2.86544E+04
 77.5 2.85029E+04
 78.0 2.83473E+04
 78.5 2.81875E+04
 79.0 2.80237E+04
 79.5 2.78560E+04
 80.0 2.76843E+04
 80.5 2.75089E+04
 81.0 2.73298E+04
 81.5 2.71470E+04
 82.0 2.69606E+04
 82.5 2.67708E+04
 83.0 2.65775E+04
 83.5 2.63809E+04
 84.0 2.61811E+04
 84.5 2.59781E+04
 85.0 2.57719E+04
 85.5 2.55628E+04
 86.0 2.53507E+04
 86.5 2.51356E+04
 87.0 2.49178E+04
 87.5 2.46973E+04
 88.0 2.44740E+04
 88.5 2.42482E+04
 89.0 2.40198E+04
 89.5 2.37890E+04
 90.0 2.35558E+04
 90.5 2.33202E+04
 91.0 2.30824E+04
 91.5 2.28424E+04
 92.0 2.26002E+04
 92.5 2.23560E+04
 93.0 2.21098E+04
 93.5 2.18616E+04
 94.0 2.16115E+04
 94.5 2.13596E+04
 95.0 2.11059E+04
 95.5 2.08505E+04
 96.0 2.05934E+04
 96.5 2.03348E+04
 97.0 2.00746E+04
 97.5 1.98129E+04
 98.0 1.95497E+04
 98.5 1.92852E+04
 99.0 1.90194E+04
 99.5 1.87522E+04
100.0 1.84838E+04
100.5 1.82143E+04
101.0 1.79435E+04
101.5 1.76717E+04
102.0 1.73989E+04
102.5 1.71250E+04
103.0 1.68502E+04
103.5 1.65745E+04
104.0 1.62980E+04
104.5 1.60206E+04
105.0 1.57424E+04
105.5 1.54635E+04
106.0 1.51839E+04
106.5 1.49036E+04
107.0 1.46227E+04
107.5 1.43413E+04
108.0 1.40593E+04
108.5 1.37768E+04
109.0 1.34938E+04
109.5 1.32104E+04
110.0 1.29266E+04
110.5 1.26425E+04
111.0 1.23580E+04
111.5 1.20733E+04
112.0 1.17883E+04
112.5 1.15031E+04
113.0 1.12178E+04
113.5 1.09323E+04
114.0 1.06466E+04
114.5 1.03609E+04
115.0 1.00752E+04
115.5 9.78938E+03
116.0 9.50362E+03
116.5 9.21790E+03
117.0 8.93225E+03
117.5 8.64671E+03
118.0 8.36131E+03
118.5 8.07607E+03
119.0 7.79103E+03
119.5 7.50621E+03
120.0 7.22164E+03
120.5 6.93736E+03
121.0 6.65338E+03
121.5 6.36974E+03
122.0 6.08646E+03
122.5 5.80358E+03
123.0 5.52111E+03
123.5 5.23909E+03
124.0 4.95755E+03
124.5 4.67650E+03
125.0 4.39598E+03
125.5 4.11601E+03
126.0 3.83662E+03
126.5 3.55784E+03
127.0 3.27968E+03
127.5 3.00218E+03
128.0 2.72536E+03
128.5 2.44924E+03
129.0 2.17386E+03
129.5 1.89923E+03
130.0 1.62538E+03
130.5 1.35233E+03
131.0 1.08012E+03
131.5 8.08758E+02
132.0 5.38275E+02
132.5 2.68694E+02
133.0 2.23684E+01
