133K06D0W2
  0.5 0.00000E+00
  1.0 0.00000E+00
  1.5 0.00000E+00
  2.0 0.00000E+00
  2.5 0.00000E+00
  3.0 0.00000E+00
  3.5 5.82136E+03
  4.0 8.68922E+03
  4.5 1.17269E+04
  5.0 1.48816E+04
  5.5 1.81305E+04
  6.0 2.14627E+04
  6.5 2.48726E+04
  7.0 2.83562E+04
  7.5 3.19110E+04
  8.0 3.55345E+04
  8.5 4.58735E+04
  9.0 4.29811E+04
  9.5 7.54435E+04
 10.0 6.85501E+04
 10.5 2.01498E+04
 11.0 2.17365E+04
 11.5 2.21251E+04
 12.0 1.67376E+04
 12.5 1.56146E+04
 13.0 1.66494E+04
 13.5 1.76940E+04
 14.0 1.87481E+04
 14.5 1.98116E+04
 15.0 2.08844E+04
 15.5 2.19661E+04
 16.0 2.30567E+04
 16.5 2.41559E+04
 17.0 2.52636E+04
 17.5 2.63795E+04
 18.0 2.75036E+04
 18.5 2.86356E+04
 19.0 2.97754E+04
 19.5 3.09229E+04
 20.0 3.20778E+04
 20.5 3.32401E+04
 21.0 3.44095E+04
 21.5 3.55858E+04
 22.0 3.67690E+04
 22.5 3.79585E+04
 23.0 3.91540E+04
 23.5 4.03549E+04
 24.0 4.15605E+04
 24.5 4.27699E+04
 25.0 4.39818E+04
 25.5 4.51950E+04
 26.0 4.64076E+04
 26.5 4.76176E+04
 27.0 4.88230E+04
 27.5 5.00211E+04
 28.0 5.12094E+04
 28.5 5.23849E+04
 29.0 5.35447E+04
 29.5 5.46857E+04
 30.0 5.58047E+04
 30.5 5.68988E+04
 31.0 5.79647E+04
 31.5 5.89996E+04
 32.0 6.00007E+04
 32.5 6.09654E+04
 33.0 6.18913E+04
 33.5 6.27763E+04
 34.0 6.36183E+04
 34.5 6.44159E+04
 35.0 6.51675E+04
 35.5 6.58720E+04
 36.0 6.65288E+04
 36.5 6.71371E+04
 37.0 6.76965E+04
 37.5 6.82071E+04
 38.0 6.86688E+04
 38.5 6.90821E+04
 39.0 6.94475E+04
 39.5 6.97656E+04
 40.0 7.00373E+04
 40.5 7.02636E+04
 41.0 7.04455E+04
 41.5 7.05842E+04
 42.0 7.06811E+04
 42.5 7.07375E+04
 43.0 7.07548E+04
 43.5 7.07345E+04
 44.0 7.06781E+04
 44.5 7.05870E+04
 45.0 7.04628E+04
 45.5 7.03070E+04
 46.0 7.01212E+04
 46.5 6.99067E+04
 47.0 6.96653E+04
 47.5 6.93982E+04
 48.0 6.91070E+04
 48.5 6.87930E+04
 49.0 6.84575E+04
 49.5 6.81020E+04
 50.0 6.77277E+04
 50.5 6.73359E+04
 51.0 6.69277E+04
 51.5 6.65043E+04
 52.0 6.60668E+04
 52.5 6.56162E+04
 53.0 6.51536E+04
 53.5 6.46800E+04
 54.0 6.41963E+04
 54.5 6.37033E+04
 55.0 6.32020E+04
 55.5 6.26930E+04
 56.0 6.21771E+04
 56.5 6.16552E+04
 57.0 6.11278E+04
 57.5 6.05957E+04
 58.0 2.72561E+05
 58.5 5.95193E+04
 59.0 5.89762E+04
 59.5 4.42456E+05
 60.0 5.78827E+04
 60.5 5.73333E+04
 61.0 5.67826E+04
 61.5 5.62310E+04
 62.0 5.56789E+04
 62.5 5.51267E+04
 63.0 5.45746E+04
 63.5 5.40230E+04
 64.0 5.34721E+04
 64.5 5.29222E+04
 65.0 5.23734E+04
 65.5 5.18262E+04
 66.0 5.12805E+04
 66.5 5.07366E+04
 67.0 1.97702E+05
 67.5 4.96550E+04
 68.0 4.91176E+04
 68.5 4.85825E+04
 69.0 8.80491E+04
 69.5 4.38243E+04
 70.0 2.50870E+04
 70.5 2.50936E+04
 71.0 2.50953E+04
 71.5 2.50922E+04
 72.0 2.50840E+04
 72.5 2.50709E+04
 73.0 2.50528E+04
 73.5 2.50297E+04
 74.0 2.50016E+04
 74.5 2.49684E+04
 75.0 2.49302E+04
 75.5 2.48871E+04
 76.0 2.48389E+04
 76.5 2.47857E+04
 77.0 2.47276E+04
 77.5 2.46645E+04
 78.0 2.45965E+04
 78.5 2.45237E+04
 79.0 2.44459E+04
 79.5 2.43634E+04
 80.0 2.42760E+04
 80.5 2.41840E+04
 81.0 2.40872E+04
 81.5 2.39858E+04
 82.0 2.38797E+04
 82.5 2.37692E+04
 83.0 2.36541E+04
 83.5 2.35346E+04
 84.0 2.34107E+04
 84.5 2.32825E+04
 85.0 2.31500E+04
 85.5 2.30133E+04
 86.0 2.28725E+04
 86.5 2.27275E+04
 87.0 2.25786E+04
 87.5 2.24257E+04
 88.0 2.22689E+04
 88.5 2.21083E+04
 89.0 2.19440E+04
 89.5 2.17760E+04
 90.0 2.16043E+04
 90.5 2.14291E+04
 91.0 2.12504E+04
 91.5 2.10683E+04
 92.0 2.08829E+04
 92.5 2.06942E+04
 93.0 2.05023E+04
 93.5 2.03072E+04
 94.0 2.01091E+04
 94.5 1.99080E+04
 95.0 1.97039E+04
 95.5 1.94970E+04
 96.0 1.92873E+04
 96.5 1.90748E+04
 97.0 1.88597E+04
 97.5 1.86420E+04
 98.0 1.84217E+04
 98.5 1.81990E+04
 99.0 1.79739E+04
 99.5 1.77464E+04
100.0 1.75167E+04
100.5 1.72848E+04
101.0 1.70507E+04
101.5 1.68145E+04
102.0 1.65763E+04
102.5 1.63361E+04
103.0 1.60941E+04
103.5 1.58501E+04
104.0 1.56044E+04
104.5 1.53570E+04
105.0 1.51079E+04
105.5 1.48572E+04
106.0 1.46049E+04
106.5 1.43512E+04
107.0 1.40960E+04
107.5 1.38393E+04
108.0 1.35814E+04
108.5 1.33222E+04
109.0 1.30617E+04
109.5 1.28001E+04
110.0 1.25373E+04
110.5 1.22735E+04
111.0 1.20086E+04
111.5 1.17428E+04
112.0 1.14760E+04
112.5 1.12083E+04
113.0 1.09398E+04
113.5 1.06706E+04
114.0 1.04005E+04
114.5 1.01298E+04
115.0 9.85847E+03
115.5 9.58651E+03
116.0 9.31398E+03
116.5 9.04094E+03
117.0 8.76743E+03
117.5 8.49349E+03
118.0 8.21915E+03
118.5 7.94448E+03
119.0 7.66950E+03
119.5 7.39425E+03
120.0 7.11878E+03
120.5 6.84313E+03
121.0 6.56733E+03
121.5 6.29142E+03
122.0 6.01545E+03
122.5 5.73945E+03
123.0 5.46346E+03
123.5 5.18751E+03
124.0 4.91164E+03
124.5 4.63590E+03
125.0 4.36031E+03
125.5 4.08491E+03
126.0 3.80973E+03
126.5 3.53482E+03
127.0 3.26020E+03
127.5 2.98591E+03
128.0 2.71199E+03
128.5 2.43846E+03
129.0 2.16536E+03
129.5 1.89273E+03
130.0 1.62060E+03
130.5 1.34899E+03
131.0 1.07795E+03
131.5 8.07502E+02
132.0 5.37678E+02
132.5 2.68510E+02
133.0 2.23588E+01
