133K17D0W2
  0.5 0.00000E+00
  1.0 0.00000E+00
  1.5 0.00000E+00
  2.0 0.00000E+00
  2.5 0.00000E+00
  3.0 0.00000E+00
  3.5 2.60137E+04
  4.0 3.40268E+04
  4.5 4.24271E+04
  5.0 5.12070E+04
  5.5 6.03650E+04
  6.0 6.99037E+04
  6.5 7.98297E+04
  7.0 9.01551E+04
  7.5 1.00899E+05
  8.0 1.12092E+05
  8.5 1.42319E+06
  9.0 1.36003E+05
  9.5 1.36456E+06
 10.0 1.13891E+06
 10.5 6.37343E+04
 11.0 6.85389E+04
 11.5 1.50882E+05
 12.0 5.29488E+04
 12.5 4.94160E+04
 13.0 5.25160E+04
 13.5 5.56805E+04
 14.0 5.89118E+04
 14.5 6.22121E+04
 15.0 6.55841E+04
 15.5 6.90294E+04
 16.0 7.25485E+04
 16.5 7.61403E+04
 17.0 7.98005E+04
 17.5 8.35224E+04
 18.0 8.72952E+04
 18.5 9.11047E+04
 19.0 9.49333E+04
 19.5 9.87605E+04
 20.0 1.02564E+05
 20.5 1.06318E+05
 21.0 1.10000E+05
 21.5 1.13584E+05
 22.0 1.17048E+05
 22.5 1.20369E+05
 23.0 1.23527E+05
 23.5 1.26507E+05
 24.0 1.29294E+05
 24.5 1.31875E+05
 25.0 1.34244E+05
 25.5 1.36395E+05
 26.0 1.38323E+05
 26.5 1.40028E+05
 27.0 1.41513E+05
 27.5 1.42779E+05
 28.0 1.43833E+05
 28.5 1.44679E+05
 29.0 1.45327E+05
 29.5 1.45783E+05
 30.0 1.46057E+05
 30.5 1.46159E+05
 31.0 1.46097E+05
 31.5 1.45883E+05
 32.0 1.45525E+05
 32.5 1.45035E+05
 33.0 1.44421E+05
 33.5 1.43693E+05
 34.0 1.42860E+05
 34.5 1.41931E+05
 35.0 1.40915E+05
 35.5 1.39820E+05
 36.0 1.38654E+05
 36.5 1.37423E+05
 37.0 1.36136E+05
 37.5 1.34797E+05
 38.0 1.33414E+05
 38.5 1.31993E+05
 39.0 1.30538E+05
 39.5 1.29054E+05
 40.0 1.27546E+05
 40.5 1.26019E+05
 41.0 1.24476E+05
 41.5 1.22920E+05
 42.0 1.21356E+05
 42.5 1.19786E+05
 43.0 1.18213E+05
 43.5 1.16640E+05
 44.0 1.15068E+05
 44.5 1.13500E+05
 45.0 1.11938E+05
 45.5 1.10384E+05
 46.0 1.08839E+05
 46.5 1.07304E+05
 47.0 1.05781E+05
 47.5 1.04271E+05
 48.0 1.02775E+05
 48.5 1.01294E+05
 49.0 9.98279E+04
 49.5 9.83780E+04
 50.0 9.69448E+04
 50.5 9.55289E+04
 51.0 9.41304E+04
 51.5 9.27498E+04
 52.0 9.13875E+04
 52.5 9.00435E+04
 53.0 8.87180E+04
 53.5 8.74112E+04
 54.0 8.61232E+04
 54.5 8.48538E+04
 55.0 8.36031E+04
 55.5 8.23711E+04
 56.0 8.11577E+04
 56.5 7.99628E+04
 57.0 7.87863E+04
 57.5 7.76279E+04
 58.0 4.11237E+05
 58.5 7.53653E+04
 59.0 7.42605E+04
 59.5 6.62410E+05
 60.0 7.21031E+04
 60.5 7.10500E+04
 61.0 7.00136E+04
 61.5 6.89938E+04
 62.0 6.79902E+04
 62.5 6.70026E+04
 63.0 6.60307E+04
 63.5 6.50742E+04
 64.0 6.41329E+04
 64.5 6.32065E+04
 65.0 6.22948E+04
 65.5 6.13974E+04
 66.0 6.05141E+04
 66.5 5.96445E+04
 67.0 2.59939E+05
 67.5 5.79458E+04
 68.0 5.71161E+04
 68.5 5.62991E+04
 69.0 1.08786E+05
 69.5 5.27383E+04
 70.0 4.23325E+04
 70.5 4.19445E+04
 71.0 4.15562E+04
 71.5 4.11678E+04
 72.0 4.07794E+04
 72.5 4.03910E+04
 73.0 4.00027E+04
 73.5 3.96146E+04
 74.0 3.92268E+04
 74.5 3.88393E+04
 75.0 3.84522E+04
 75.5 3.80655E+04
 76.0 3.76793E+04
 76.5 3.72937E+04
 77.0 3.69086E+04
 77.5 3.65241E+04
 78.0 3.61404E+04
 78.5 3.57573E+04
 79.0 3.53749E+04
 79.5 3.49933E+04
 80.0 3.46125E+04
 80.5 3.42326E+04
 81.0 3.38534E+04
 81.5 3.34752E+04
 82.0 3.30978E+04
 82.5 3.27214E+04
 83.0 3.23458E+04
 83.5 3.19713E+04
 84.0 3.15977E+04
 84.5 3.12250E+04
 85.0 3.08534E+04
 85.5 3.04827E+04
 86.0 3.01130E+04
 86.5 2.97443E+04
 87.0 2.93767E+04
 87.5 2.90101E+04
 88.0 2.86445E+04
 88.5 2.82800E+04
 89.0 2.79165E+04
 89.5 2.75540E+04
 90.0 2.71926E+04
 90.5 2.68322E+04
 91.0 2.64729E+04
 91.5 2.61146E+04
 92.0 2.57573E+04
 92.5 2.54012E+04
 93.0 2.50460E+04
 93.5 2.46919E+04
 94.0 2.43389E+04
 94.5 2.39869E+04
 95.0 2.36360E+04
 95.5 2.32861E+04
 96.0 2.29372E+04
 96.5 2.25894E+04
 97.0 2.22426E+04
 97.5 2.18968E+04
 98.0 2.15521E+04
 98.5 2.12084E+04
 99.0 2.08658E+04
 99.5 2.05241E+04
100.0 2.01835E+04
100.5 1.98439E+04
101.0 1.95054E+04
101.5 1.91678E+04
102.0 1.88313E+04
102.5 1.84958E+04
103.0 1.81613E+04
103.5 1.78278E+04
104.0 1.74953E+04
104.5 1.71638E+04
105.0 1.68334E+04
105.5 1.65039E+04
106.0 1.61754E+04
106.5 1.58480E+04
107.0 1.55215E+04
107.5 1.51961E+04
108.0 1.48717E+04
108.5 1.45482E+04
109.0 1.42258E+04
109.5 1.39044E+04
110.0 1.35840E+04
110.5 1.32646E+04
111.0 1.29462E+04
111.5 1.26288E+04
112.0 1.23124E+04
112.5 1.19970E+04
113.0 1.16827E+04
113.5 1.13694E+04
114.0 1.10571E+04
114.5 1.07458E+04
115.0 1.04356E+04
115.5 1.01263E+04
116.0 9.81816E+03
116.5 9.51103E+03
117.0 9.20493E+03
117.5 8.89989E+03
118.0 8.59589E+03
118.5 8.29296E+03
119.0 7.99109E+03
119.5 7.69030E+03
120.0 7.39057E+03
120.5 7.09193E+03
121.0 6.79438E+03
121.5 6.49792E+03
122.0 6.20256E+03
122.5 5.90831E+03
123.0 5.61518E+03
123.5 5.32317E+03
124.0 5.03228E+03
124.5 4.74254E+03
125.0 4.45395E+03
125.5 4.16651E+03
126.0 3.88024E+03
126.5 3.59514E+03
127.0 3.31122E+03
127.5 3.02849E+03
128.0 2.74696E+03
128.5 2.46665E+03
129.0 2.18756E+03
129.5 1.90969E+03
130.0 1.63307E+03
130.5 1.35771E+03
131.0 1.08360E+03
131.5 8.10777E+02
132.0 5.39234E+02
132.5 2.68990E+02
133.0 2.23839E+01
