133K18D0W2
  0.5 0.00000E+00
  1.0 0.00000E+00
  1.5 0.00000E+00
  2.0 0.00000E+00
  2.5 0.00000E+00
  3.0 0.00000E+00
  3.5 2.80034E+04
  4.0 3.64965E+04
  4.5 4.54088E+04
  5.0 5.47342E+04
  5.5 6.44729E+04
  6.0 7.46296E+04
  6.5 8.52136E+04
  7.0 9.62415E+04
  7.5 1.07739E+05
  8.0 1.19745E+05
  8.5 1.66209E+06
  9.0 1.45504E+05
  9.5 1.52459E+06
 10.0 1.27151E+06
 10.5 6.80352E+04
 11.0 7.31784E+04
 11.5 1.72682E+05
 12.0 5.65158E+04
 12.5 5.27426E+04
 13.0 5.60575E+04
 13.5 5.94452E+04
 14.0 6.29085E+04
 14.5 6.64503E+04
 15.0 7.00731E+04
 15.5 7.37783E+04
 16.0 7.75654E+04
 16.5 8.14312E+04
 17.0 8.53690E+04
 17.5 8.93683E+04
 18.0 9.34141E+04
 18.5 9.74878E+04
 19.0 1.01567E+05
 19.5 1.05627E+05
 20.0 1.09641E+05
 20.5 1.13581E+05
 21.0 1.17421E+05
 21.5 1.21133E+05
 22.0 1.24693E+05
 22.5 1.28080E+05
 23.0 1.31273E+05
 23.5 1.34258E+05
 24.0 1.37022E+05
 24.5 1.39554E+05
 25.0 1.41849E+05
 25.5 1.43903E+05
 26.0 1.45716E+05
 26.5 1.47289E+05
 27.0 1.48625E+05
 27.5 1.49731E+05
 28.0 1.50614E+05
 28.5 1.51282E+05
 29.0 1.51744E+05
 29.5 1.52010E+05
 30.0 1.52091E+05
 30.5 1.51998E+05
 31.0 1.51741E+05
 31.5 1.51331E+05
 32.0 1.50780E+05
 32.5 1.50098E+05
 33.0 1.49296E+05
 33.5 1.48383E+05
 34.0 1.47369E+05
 34.5 1.46265E+05
 35.0 1.45077E+05
 35.5 1.43815E+05
 36.0 1.42487E+05
 36.5 1.41100E+05
 37.0 1.39661E+05
 37.5 1.38177E+05
 38.0 1.36654E+05
 38.5 1.35097E+05
 39.0 1.33511E+05
 39.5 1.31902E+05
 40.0 1.30274E+05
 40.5 1.28632E+05
 41.0 1.26978E+05
 41.5 1.25316E+05
 42.0 1.23650E+05
 42.5 1.21983E+05
 43.0 1.20317E+05
 43.5 1.18654E+05
 44.0 1.16997E+05
 44.5 1.15347E+05
 45.0 1.13707E+05
 45.5 1.12078E+05
 46.0 1.10462E+05
 46.5 1.08859E+05
 47.0 1.07271E+05
 47.5 1.05698E+05
 48.0 1.04142E+05
 48.5 1.02604E+05
 49.0 1.01083E+05
 49.5 9.95815E+04
 50.0 9.80985E+04
 50.5 9.66349E+04
 51.0 9.51910E+04
 51.5 9.37669E+04
 52.0 9.23630E+04
 52.5 9.09792E+04
 53.0 8.96157E+04
 53.5 8.82726E+04
 54.0 8.69496E+04
 54.5 8.56470E+04
 55.0 8.43645E+04
 55.5 8.31020E+04
 56.0 8.18595E+04
 56.5 8.06366E+04
 57.0 7.94334E+04
 57.5 7.82495E+04
 58.0 4.16573E+05
 58.5 7.59389E+04
 59.0 7.48116E+04
 59.5 6.70797E+05
 60.0 7.26121E+04
 60.5 7.15392E+04
 61.0 7.04839E+04
 61.5 6.94459E+04
 62.0 6.84249E+04
 62.5 6.74205E+04
 63.0 6.64326E+04
 63.5 6.54608E+04
 64.0 6.45047E+04
 64.5 6.35642E+04
 65.0 6.26388E+04
 65.5 6.17284E+04
 66.0 6.08325E+04
 66.5 5.99510E+04
 67.0 2.62174E+05
 67.5 5.82296E+04
 68.0 5.73892E+04
 68.5 5.65620E+04
 69.0 1.09515E+05
 69.5 5.30713E+04
 70.0 4.30960E+04
 70.5 4.26851E+04
 71.0 4.22746E+04
 71.5 4.18646E+04
 72.0 4.14550E+04
 72.5 4.10461E+04
 73.0 4.06378E+04
 73.5 4.02302E+04
 74.0 3.98234E+04
 74.5 3.94175E+04
 75.0 3.90124E+04
 75.5 3.86082E+04
 76.0 3.82050E+04
 76.5 3.78027E+04
 77.0 3.74015E+04
 77.5 3.70014E+04
 78.0 3.66024E+04
 78.5 3.62045E+04
 79.0 3.58077E+04
 79.5 3.54121E+04
 80.0 3.50176E+04
 80.5 3.46244E+04
 81.0 3.42324E+04
 81.5 3.38417E+04
 82.0 3.34521E+04
 82.5 3.30639E+04
 83.0 3.26769E+04
 83.5 3.22911E+04
 84.0 3.19067E+04
 84.5 3.15235E+04
 85.0 3.11417E+04
 85.5 3.07611E+04
 86.0 3.03818E+04
 86.5 3.00038E+04
 87.0 2.96271E+04
 87.5 2.92516E+04
 88.0 2.88775E+04
 88.5 2.85047E+04
 89.0 2.81331E+04
 89.5 2.77628E+04
 90.0 2.73939E+04
 90.5 2.70261E+04
 91.0 2.66597E+04
 91.5 2.62945E+04
 92.0 2.59306E+04
 92.5 2.55679E+04
 93.0 2.52065E+04
 93.5 2.48463E+04
 94.0 2.44874E+04
 94.5 2.41297E+04
 95.0 2.37732E+04
 95.5 2.34179E+04
 96.0 2.30638E+04
 96.5 2.27110E+04
 97.0 2.23593E+04
 97.5 2.20088E+04
 98.0 2.16596E+04
 98.5 2.13115E+04
 99.0 2.09645E+04
 99.5 2.06188E+04
100.0 2.02742E+04
100.5 1.99307E+04
101.0 1.95884E+04
101.5 1.92472E+04
102.0 1.89072E+04
102.5 1.85683E+04
103.0 1.82306E+04
103.5 1.78939E+04
104.0 1.75584E+04
104.5 1.72240E+04
105.0 1.68907E+04
105.5 1.65585E+04
106.0 1.62274E+04
106.5 1.58975E+04
107.0 1.55686E+04
107.5 1.52408E+04
108.0 1.49141E+04
108.5 1.45885E+04
109.0 1.42639E+04
109.5 1.39405E+04
110.0 1.36181E+04
110.5 1.32969E+04
111.0 1.29767E+04
111.5 1.26576E+04
112.0 1.23395E+04
112.5 1.20226E+04
113.0 1.17067E+04
113.5 1.13919E+04
114.0 1.10782E+04
114.5 1.07656E+04
115.0 1.04541E+04
115.5 1.01437E+04
116.0 9.83432E+03
116.5 9.52607E+03
117.0 9.21892E+03
117.5 8.91286E+03
118.0 8.60791E+03
118.5 8.30406E+03
119.0 8.00132E+03
119.5 7.69970E+03
120.0 7.39920E+03
120.5 7.09982E+03
121.0 6.80156E+03
121.5 6.50445E+03
122.0 6.20847E+03
122.5 5.91364E+03
123.0 5.61996E+03
123.5 5.32744E+03
124.0 5.03608E+03
124.5 4.74589E+03
125.0 4.45689E+03
125.5 4.16907E+03
126.0 3.88244E+03
126.5 3.59702E+03
127.0 3.31281E+03
127.5 3.02982E+03
128.0 2.74805E+03
128.5 2.46753E+03
129.0 2.18825E+03
129.5 1.91022E+03
130.0 1.63346E+03
130.5 1.35798E+03
131.0 1.08378E+03
131.5 8.10878E+02
132.0 5.39283E+02
132.5 2.69005E+02
133.0 2.23847E+01
