133K13D0W2
  0.5 0.00000E+00
  1.0 0.00000E+00
  1.5 0.00000E+00
  2.0 0.00000E+00
  2.5 0.00000E+00
  3.0 0.00000E+00
  3.5 1.83046E+04
  4.0 2.44410E+04
  4.5 3.08525E+04
  5.0 3.75230E+04
  5.5 4.44461E+04
  6.0 5.16190E+04
  6.5 5.90411E+04
  7.0 6.67137E+04
  7.5 7.46407E+04
  8.0 8.28294E+04
  8.5 6.21634E+05
  9.0 1.00045E+05
  9.5 7.52261E+05
 10.0 6.31699E+05
 10.5 4.71855E+04
 11.0 5.07263E+04
 11.5 7.99469E+04
 12.0 3.92124E+04
 12.5 3.66000E+04
 13.0 3.88934E+04
 13.5 4.12248E+04
 14.0 4.35949E+04
 14.5 4.60043E+04
 15.0 4.84538E+04
 15.5 5.09443E+04
 16.0 5.34769E+04
 16.5 5.60523E+04
 17.0 5.86710E+04
 17.5 6.13333E+04
 18.0 6.40379E+04
 18.5 6.67827E+04
 19.0 6.95640E+04
 19.5 7.23762E+04
 20.0 7.52120E+04
 20.5 7.80619E+04
 21.0 8.09149E+04
 21.5 8.37586E+04
 22.0 8.65792E+04
 22.5 8.93625E+04
 23.0 9.20935E+04
 23.5 9.47576E+04
 24.0 9.73408E+04
 24.5 9.98295E+04
 25.0 1.02212E+05
 25.5 1.04476E+05
 26.0 1.06613E+05
 26.5 1.08616E+05
 27.0 1.10476E+05
 27.5 1.12191E+05
 28.0 1.13756E+05
 28.5 1.15169E+05
 29.0 1.16430E+05
 29.5 1.17541E+05
 30.0 1.18502E+05
 30.5 1.19316E+05
 31.0 1.19987E+05
 31.5 1.20520E+05
 32.0 1.20919E+05
 32.5 1.21189E+05
 33.0 1.21336E+05
 33.5 1.21367E+05
 34.0 1.21287E+05
 34.5 1.21102E+05
 35.0 1.20819E+05
 35.5 1.20444E+05
 36.0 1.19982E+05
 36.5 1.19441E+05
 37.0 1.18826E+05
 37.5 1.18142E+05
 38.0 1.17395E+05
 38.5 1.16590E+05
 39.0 1.15733E+05
 39.5 1.14828E+05
 40.0 1.13879E+05
 40.5 1.12892E+05
 41.0 1.11870E+05
 41.5 1.10816E+05
 42.0 1.09736E+05
 42.5 1.08632E+05
 43.0 1.07506E+05
 43.5 1.06363E+05
 44.0 1.05206E+05
 44.5 1.04035E+05
 45.0 1.02855E+05
 45.5 1.01667E+05
 46.0 1.00474E+05
 46.5 9.92763E+04
 47.0 9.80769E+04
 47.5 9.68770E+04
 48.0 9.56783E+04
 48.5 9.44819E+04
 49.0 9.32892E+04
 49.5 9.21012E+04
 50.0 9.09191E+04
 50.5 8.97436E+04
 51.0 8.85757E+04
 51.5 8.74160E+04
 52.0 8.62653E+04
 52.5 8.51241E+04
 53.0 8.39931E+04
 53.5 8.28726E+04
 54.0 8.17630E+04
 54.5 8.06647E+04
 55.0 7.95781E+04
 55.5 7.85033E+04
 56.0 7.74406E+04
 56.5 7.63902E+04
 57.0 7.53522E+04
 57.5 7.43267E+04
 58.0 3.83194E+05
 58.5 7.23136E+04
 59.0 7.13260E+04
 59.5 6.18256E+05
 60.0 6.93890E+04
 60.5 6.84394E+04
 61.0 6.75024E+04
 61.5 6.65779E+04
 62.0 6.56659E+04
 62.5 6.47661E+04
 63.0 6.38786E+04
 63.5 6.30032E+04
 64.0 6.21397E+04
 64.5 6.12881E+04
 65.0 6.04481E+04
 65.5 5.96197E+04
 66.0 5.88027E+04
 66.5 5.79969E+04
 67.0 2.48028E+05
 67.5 5.64184E+04
 68.0 5.56453E+04
 68.5 5.48827E+04
 69.0 1.04887E+05
 69.5 5.09823E+04
 70.0 3.84450E+04
 70.5 3.81668E+04
 71.0 3.78860E+04
 71.5 3.76026E+04
 72.0 3.73168E+04
 72.5 3.70287E+04
 73.0 3.67383E+04
 73.5 3.64459E+04
 74.0 3.61514E+04
 74.5 3.58550E+04
 75.0 3.55568E+04
 75.5 3.52568E+04
 76.0 3.49552E+04
 76.5 3.46521E+04
 77.0 3.43475E+04
 77.5 3.40415E+04
 78.0 3.37342E+04
 78.5 3.34256E+04
 79.0 3.31158E+04
 79.5 3.28050E+04
 80.0 3.24931E+04
 80.5 3.21803E+04
 81.0 3.18665E+04
 81.5 3.15519E+04
 82.0 3.12364E+04
 82.5 3.09203E+04
 83.0 3.06034E+04
 83.5 3.02860E+04
 84.0 2.99679E+04
 84.5 2.96493E+04
 85.0 2.93302E+04
 85.5 2.90106E+04
 86.0 2.86906E+04
 86.5 2.83703E+04
 87.0 2.80496E+04
 87.5 2.77286E+04
 88.0 2.74074E+04
 88.5 2.70860E+04
 89.0 2.67643E+04
 89.5 2.64425E+04
 90.0 2.61206E+04
 90.5 2.57986E+04
 91.0 2.54765E+04
 91.5 2.51543E+04
 92.0 2.48322E+04
 92.5 2.45101E+04
 93.0 2.41880E+04
 93.5 2.38660E+04
 94.0 2.35440E+04
 94.5 2.32222E+04
 95.0 2.29005E+04
 95.5 2.25790E+04
 96.0 2.22576E+04
 96.5 2.19364E+04
 97.0 2.16154E+04
 97.5 2.12947E+04
 98.0 2.09742E+04
 98.5 2.06540E+04
 99.0 2.03341E+04
 99.5 2.00144E+04
100.0 1.96951E+04
100.5 1.93761E+04
101.0 1.90575E+04
101.5 1.87392E+04
102.0 1.84214E+04
102.5 1.81039E+04
103.0 1.77868E+04
103.5 1.74701E+04
104.0 1.71539E+04
104.5 1.68382E+04
105.0 1.65229E+04
105.5 1.62080E+04
106.0 1.58937E+04
106.5 1.55799E+04
107.0 1.52666E+04
107.5 1.49538E+04
108.0 1.46416E+04
108.5 1.43299E+04
109.0 1.40188E+04
109.5 1.37083E+04
110.0 1.33984E+04
110.5 1.30891E+04
111.0 1.27804E+04
111.5 1.24723E+04
112.0 1.21649E+04
112.5 1.18581E+04
113.0 1.15520E+04
113.5 1.12466E+04
114.0 1.09418E+04
114.5 1.06378E+04
115.0 1.03345E+04
115.5 1.00319E+04
116.0 9.73005E+03
116.5 9.42896E+03
117.0 9.12864E+03
117.5 8.82909E+03
118.0 8.53033E+03
118.5 8.23238E+03
119.0 7.93524E+03
119.5 7.63893E+03
120.0 7.34346E+03
120.5 7.04884E+03
121.0 6.75509E+03
121.5 6.46222E+03
122.0 6.17024E+03
122.5 5.87917E+03
123.0 5.58902E+03
123.5 5.29980E+03
124.0 5.01152E+03
124.5 4.72420E+03
125.0 4.43786E+03
125.5 4.15250E+03
126.0 3.86814E+03
126.5 3.58479E+03
127.0 3.30248E+03
127.5 3.02120E+03
128.0 2.74098E+03
128.5 2.46183E+03
129.0 2.18377E+03
129.5 1.90680E+03
130.0 1.63095E+03
130.5 1.35622E+03
131.0 1.08264E+03
131.5 8.10219E+02
132.0 5.38970E+02
132.5 2.68908E+02
133.0 2.23796E+01
