133K10D0W2
  0.5 0.00000E+00
  1.0 0.00000E+00
  1.5 0.00000E+00
  2.0 0.00000E+00
  2.5 0.00000E+00
  3.0 0.00000E+00
  3.5 1.27735E+04
  4.0 1.75267E+04
  4.5 2.24900E+04
  5.0 2.76378E+04
  5.5 3.29596E+04
  6.0 3.84500E+04
  6.5 4.41057E+04
  7.0 4.99247E+04
  7.5 5.59062E+04
  8.0 6.20506E+04
  8.5 2.39330E+05
  9.0 7.48376E+04
  9.5 3.69224E+05
 10.0 3.14078E+05
 10.5 3.53466E+04
 11.0 3.80169E+04
 11.5 4.60486E+04
 12.0 2.93753E+04
 12.5 2.74171E+04
 13.0 2.91514E+04
 13.5 3.09094E+04
 14.0 3.26911E+04
 14.5 3.44964E+04
 15.0 3.63256E+04
 15.5 3.81786E+04
 16.0 4.00557E+04
 16.5 4.19571E+04
 17.0 4.38830E+04
 17.5 4.58338E+04
 18.0 4.78095E+04
 18.5 4.98104E+04
 19.0 5.18360E+04
 19.5 5.38859E+04
 20.0 5.59587E+04
 20.5 5.80525E+04
 21.0 6.01644E+04
 21.5 6.22906E+04
 22.0 6.44262E+04
 22.5 6.65655E+04
 23.0 6.87018E+04
 23.5 7.08275E+04
 24.0 7.29345E+04
 24.5 7.50142E+04
 25.0 7.70579E+04
 25.5 7.90567E+04
 26.0 8.10019E+04
 26.5 8.28851E+04
 27.0 8.46987E+04
 27.5 8.64355E+04
 28.0 8.80891E+04
 28.5 8.96538E+04
 29.0 9.11250E+04
 29.5 9.24988E+04
 30.0 9.37722E+04
 30.5 9.49433E+04
 31.0 9.60105E+04
 31.5 9.69736E+04
 32.0 9.78326E+04
 32.5 9.85885E+04
 33.0 9.92426E+04
 33.5 9.97969E+04
 34.0 1.00254E+05
 34.5 1.00616E+05
 35.0 1.00887E+05
 35.5 1.01070E+05
 36.0 1.01168E+05
 36.5 1.01186E+05
 37.0 1.01126E+05
 37.5 1.00993E+05
 38.0 1.00791E+05
 38.5 1.00524E+05
 39.0 1.00195E+05
 39.5 9.98085E+04
 40.0 9.93682E+04
 40.5 9.88778E+04
 41.0 9.83408E+04
 41.5 9.77607E+04
 42.0 9.71407E+04
 42.5 9.64841E+04
 43.0 9.57939E+04
 43.5 9.50730E+04
 44.0 9.43243E+04
 44.5 9.35503E+04
 45.0 9.27537E+04
 45.5 9.19368E+04
 46.0 9.11018E+04
 46.5 9.02507E+04
 47.0 8.93858E+04
 47.5 8.85087E+04
 48.0 8.76212E+04
 48.5 8.67250E+04
 49.0 8.58217E+04
 49.5 8.49125E+04
 50.0 8.39989E+04
 50.5 8.30821E+04
 51.0 8.21633E+04
 51.5 8.12434E+04
 52.0 8.03235E+04
 52.5 7.94044E+04
 53.0 7.84870E+04
 53.5 7.75721E+04
 54.0 7.66604E+04
 54.5 7.57524E+04
 55.0 7.48488E+04
 55.5 7.39500E+04
 56.0 7.30567E+04
 56.5 7.21691E+04
 57.0 7.12878E+04
 57.5 7.04129E+04
 58.0 3.50633E+05
 58.5 6.86841E+04
 59.0 6.78306E+04
 59.5 5.66796E+05
 60.0 6.61465E+04
 60.5 6.53162E+04
 61.0 6.44940E+04
 61.5 6.36799E+04
 62.0 6.28740E+04
 62.5 6.20765E+04
 63.0 6.12873E+04
 63.5 6.05065E+04
 64.0 5.97341E+04
 64.5 5.89701E+04
 65.0 5.82146E+04
 65.5 5.74673E+04
 66.0 5.67285E+04
 66.5 5.59980E+04
 67.0 2.33814E+05
 67.5 5.45617E+04
 68.0 5.38558E+04
 68.5 5.31579E+04
 69.0 1.00194E+05
 69.5 4.89238E+04
 70.0 3.41895E+04
 70.5 3.40189E+04
 71.0 3.38439E+04
 71.5 3.36645E+04
 72.0 3.34810E+04
 72.5 3.32933E+04
 73.0 3.31016E+04
 73.5 3.29060E+04
 74.0 3.27067E+04
 74.5 3.25035E+04
 75.0 3.22968E+04
 75.5 3.20866E+04
 76.0 3.18729E+04
 76.5 3.16560E+04
 77.0 3.14358E+04
 77.5 3.12124E+04
 78.0 3.09860E+04
 78.5 3.07566E+04
 79.0 3.05244E+04
 79.5 3.02893E+04
 80.0 3.00516E+04
 80.5 2.98112E+04
 81.0 2.95683E+04
 81.5 2.93229E+04
 82.0 2.90751E+04
 82.5 2.88250E+04
 83.0 2.85727E+04
 83.5 2.83182E+04
 84.0 2.80616E+04
 84.5 2.78030E+04
 85.0 2.75425E+04
 85.5 2.72800E+04
 86.0 2.70157E+04
 86.5 2.67497E+04
 87.0 2.64819E+04
 87.5 2.62125E+04
 88.0 2.59416E+04
 88.5 2.56691E+04
 89.0 2.53952E+04
 89.5 2.51198E+04
 90.0 2.48431E+04
 90.5 2.45651E+04
 91.0 2.42859E+04
 91.5 2.40055E+04
 92.0 2.37239E+04
 92.5 2.34412E+04
 93.0 2.31575E+04
 93.5 2.28728E+04
 94.0 2.25871E+04
 94.5 2.23005E+04
 95.0 2.20131E+04
 95.5 2.17248E+04
 96.0 2.14357E+04
 96.5 2.11459E+04
 97.0 2.08554E+04
 97.5 2.05642E+04
 98.0 2.02724E+04
 98.5 1.99800E+04
 99.0 1.96871E+04
 99.5 1.93937E+04
100.0 1.90997E+04
100.5 1.88053E+04
101.0 1.85105E+04
101.5 1.82153E+04
102.0 1.79198E+04
102.5 1.76240E+04
103.0 1.73279E+04
103.5 1.70315E+04
104.0 1.67349E+04
104.5 1.64381E+04
105.0 1.61411E+04
105.5 1.58440E+04
106.0 1.55468E+04
106.5 1.52495E+04
107.0 1.49522E+04
107.5 1.46549E+04
108.0 1.43575E+04
108.5 1.40602E+04
109.0 1.37629E+04
109.5 1.34657E+04
110.0 1.31686E+04
110.5 1.28716E+04
111.0 1.25748E+04
111.5 1.22782E+04
112.0 1.19817E+04
112.5 1.16855E+04
113.0 1.13895E+04
113.5 1.10938E+04
114.0 1.07984E+04
114.5 1.05034E+04
115.0 1.02086E+04
115.5 9.91421E+03
116.0 9.62021E+03
116.5 9.32660E+03
117.0 9.03343E+03
117.5 8.74070E+03
118.0 8.44844E+03
118.5 8.15667E+03
119.0 7.86541E+03
119.5 7.57468E+03
120.0 7.28450E+03
120.5 6.99490E+03
121.0 6.70589E+03
121.5 6.41750E+03
122.0 6.12973E+03
122.5 5.84263E+03
123.0 5.55620E+03
123.5 5.27047E+03
124.0 4.98545E+03
124.5 4.70117E+03
125.0 4.41764E+03
125.5 4.13489E+03
126.0 3.85293E+03
126.5 3.57179E+03
127.0 3.29148E+03
127.5 3.01203E+03
128.0 2.73345E+03
128.5 2.45576E+03
129.0 2.17899E+03
129.5 1.90315E+03
130.0 1.62826E+03
130.5 1.35435E+03
131.0 1.08143E+03
131.5 8.09516E+02
132.0 5.38635E+02
132.5 2.68805E+02
133.0 2.23742E+01
