133K16D0W2
  0.5 0.00000E+00
  1.0 0.00000E+00
  1.5 0.00000E+00
  2.0 0.00000E+00
  2.5 0.00000E+00
  3.0 0.00000E+00
  3.5 2.40499E+04
  4.0 3.15879E+04
  4.5 3.94828E+04
  5.0 4.77250E+04
  5.5 5.63117E+04
  6.0 6.52438E+04
  6.5 7.45255E+04
  7.0 8.41653E+04
  7.5 9.41773E+04
  8.0 1.04584E+05
  8.5 1.19755E+06
  9.0 1.26721E+05
  9.5 1.20606E+06
 10.0 1.00760E+06
 10.5 5.95034E+04
 11.0 6.39792E+04
 11.5 1.30589E+05
 12.0 4.94386E+04
 12.5 4.61418E+04
 13.0 4.90326E+04
 13.5 5.19803E+04
 14.0 5.49867E+04
 14.5 5.80536E+04
 15.0 6.11833E+04
 15.5 6.43773E+04
 16.0 6.76369E+04
 16.5 7.09620E+04
 17.0 7.43505E+04
 17.5 7.77985E+04
 18.0 8.12985E+04
 18.5 8.48404E+04
 19.0 8.84110E+04
 19.5 9.19941E+04
 20.0 9.55709E+04
 20.5 9.91212E+04
 21.0 1.02623E+05
 21.5 1.06055E+05
 22.0 1.09395E+05
 22.5 1.12622E+05
 23.0 1.15717E+05
 23.5 1.18663E+05
 24.0 1.21445E+05
 24.5 1.24049E+05
 25.0 1.26466E+05
 25.5 1.28688E+05
 26.0 1.30710E+05
 26.5 1.32528E+05
 27.0 1.34142E+05
 27.5 1.35553E+05
 28.0 1.36764E+05
 28.5 1.37778E+05
 29.0 1.38601E+05
 29.5 1.39240E+05
 30.0 1.39702E+05
 30.5 1.39994E+05
 31.0 1.40126E+05
 31.5 1.40106E+05
 32.0 1.39942E+05
 32.5 1.39644E+05
 33.0 1.39220E+05
 33.5 1.38680E+05
 34.0 1.38032E+05
 34.5 1.37285E+05
 35.0 1.36446E+05
 35.5 1.35523E+05
 36.0 1.34525E+05
 36.5 1.33457E+05
 37.0 1.32327E+05
 37.5 1.31142E+05
 38.0 1.29907E+05
 38.5 1.28628E+05
 39.0 1.27311E+05
 39.5 1.25960E+05
 40.0 1.24580E+05
 40.5 1.23175E+05
 41.0 1.21750E+05
 41.5 1.20308E+05
 42.0 1.18852E+05
 42.5 1.17386E+05
 43.0 1.15913E+05
 43.5 1.14436E+05
 44.0 1.12956E+05
 44.5 1.11476E+05
 45.0 1.09999E+05
 45.5 1.08525E+05
 46.0 1.07057E+05
 46.5 1.05597E+05
 47.0 1.04144E+05
 47.5 1.02702E+05
 48.0 1.01271E+05
 48.5 9.98513E+04
 49.0 9.84446E+04
 49.5 9.70515E+04
 50.0 9.56726E+04
 50.5 9.43085E+04
 51.0 9.29597E+04
 51.5 9.16267E+04
 52.0 9.03098E+04
 52.5 8.90094E+04
 53.0 8.77255E+04
 53.5 8.64586E+04
 54.0 8.52086E+04
 54.5 8.39757E+04
 55.0 8.27600E+04
 55.5 8.15615E+04
 56.0 8.03802E+04
 56.5 7.92160E+04
 57.0 7.80688E+04
 57.5 7.69387E+04
 58.0 4.05339E+05
 58.5 7.47288E+04
 59.0 7.36488E+04
 59.5 6.53137E+05
 60.0 7.15379E+04
 60.5 7.05067E+04
 61.0 6.94913E+04
 61.5 6.84915E+04
 62.0 6.75071E+04
 62.5 6.65380E+04
 63.0 6.55838E+04
 63.5 6.46443E+04
 64.0 6.37194E+04
 64.5 6.28086E+04
 65.0 6.19119E+04
 65.5 6.10290E+04
 66.0 6.01595E+04
 66.5 5.93033E+04
 67.0 2.57458E+05
 67.5 5.76297E+04
 68.0 5.68118E+04
 68.5 5.60061E+04
 69.0 1.07977E+05
 69.5 5.23699E+04
 70.0 4.14978E+04
 70.5 4.11342E+04
 71.0 4.07698E+04
 71.5 4.04047E+04
 72.0 4.00390E+04
 72.5 3.96727E+04
 73.0 3.93061E+04
 73.5 3.89390E+04
 74.0 3.85718E+04
 74.5 3.82042E+04
 75.0 3.78366E+04
 75.5 3.74689E+04
 76.0 3.71011E+04
 76.5 3.67335E+04
 77.0 3.63659E+04
 77.5 3.59985E+04
 78.0 3.56313E+04
 78.5 3.52644E+04
 79.0 3.48977E+04
 79.5 3.45314E+04
 80.0 3.41655E+04
 80.5 3.38000E+04
 81.0 3.34350E+04
 81.5 3.30704E+04
 82.0 3.27063E+04
 82.5 3.23428E+04
 83.0 3.19799E+04
 83.5 3.16175E+04
 84.0 3.12558E+04
 84.5 3.08946E+04
 85.0 3.05342E+04
 85.5 3.01744E+04
 86.0 2.98153E+04
 86.5 2.94569E+04
 87.0 2.90993E+04
 87.5 2.87423E+04
 88.0 2.83862E+04
 88.5 2.80308E+04
 89.0 2.76761E+04
 89.5 2.73222E+04
 90.0 2.69691E+04
 90.5 2.66169E+04
 91.0 2.62654E+04
 91.5 2.59147E+04
 92.0 2.55649E+04
 92.5 2.52159E+04
 93.0 2.48677E+04
 93.5 2.45203E+04
 94.0 2.41738E+04
 94.5 2.38282E+04
 95.0 2.34834E+04
 95.5 2.31394E+04
 96.0 2.27963E+04
 96.5 2.24540E+04
 97.0 2.21127E+04
 97.5 2.17721E+04
 98.0 2.14325E+04
 98.5 2.10937E+04
 99.0 2.07558E+04
 99.5 2.04187E+04
100.0 2.00825E+04
100.5 1.97472E+04
101.0 1.94128E+04
101.5 1.90793E+04
102.0 1.87466E+04
102.5 1.84149E+04
103.0 1.80840E+04
103.5 1.77540E+04
104.0 1.74249E+04
104.5 1.70967E+04
105.0 1.67693E+04
105.5 1.64429E+04
106.0 1.61174E+04
106.5 1.57928E+04
107.0 1.54690E+04
107.5 1.51462E+04
108.0 1.48243E+04
108.5 1.45033E+04
109.0 1.41832E+04
109.5 1.38641E+04
110.0 1.35458E+04
110.5 1.32285E+04
111.0 1.29121E+04
111.5 1.25966E+04
112.0 1.22821E+04
112.5 1.19685E+04
113.0 1.16559E+04
113.5 1.13442E+04
114.0 1.10334E+04
114.5 1.07236E+04
115.0 1.04148E+04
115.5 1.01070E+04
116.0 9.80009E+03
116.5 9.49419E+03
117.0 9.18929E+03
117.5 8.88537E+03
118.0 8.58246E+03
118.5 8.28054E+03
119.0 7.97965E+03
119.5 7.67977E+03
120.0 7.38092E+03
120.5 7.08310E+03
121.0 6.78633E+03
121.5 6.49061E+03
122.0 6.19594E+03
122.5 5.90235E+03
123.0 5.60982E+03
123.5 5.31838E+03
124.0 5.02804E+03
124.5 4.73879E+03
125.0 4.45066E+03
125.5 4.16365E+03
126.0 3.87776E+03
126.5 3.59302E+03
127.0 3.30943E+03
127.5 3.02700E+03
128.0 2.74574E+03
128.5 2.46566E+03
129.0 2.18678E+03
129.5 1.90910E+03
130.0 1.63264E+03
130.5 1.35740E+03
131.0 1.08341E+03
131.5 8.10663E+02
132.0 5.39180E+02
132.5 2.68973E+02
133.0 2.23830E+01
