134K07D0W2
  0.5 0.00000E+00
  1.0 0.00000E+00
  1.5 0.00000E+00
  2.0 0.00000E+00
  2.5 0.00000E+00
  3.0 0.00000E+00
  3.5 7.43847E+03
  4.0 1.07726E+04
  4.5 1.42788E+04
  5.0 1.79137E+04
  5.5 2.16588E+04
  6.0 2.55054E+04
  6.5 2.94484E+04
  7.0 3.34845E+04
  7.5 3.76111E+04
  8.0 4.18263E+04
  8.5 6.59176E+04
  9.0 5.05165E+04
  9.5 1.17372E+05
 10.0 1.04064E+05
 10.5 2.37724E+04
 11.0 2.56157E+04
 11.5 2.64800E+04
 12.0 1.97552E+04
 12.5 1.84346E+04
 13.0 1.96359E+04
 13.5 2.08501E+04
 14.0 2.20769E+04
 14.5 2.33162E+04
 15.0 2.45677E+04
 15.5 2.58314E+04
 16.0 2.71070E+04
 16.5 2.83945E+04
 17.0 2.96935E+04
 17.5 3.10042E+04
 18.0 3.23262E+04
 18.5 3.36595E+04
 19.0 3.50040E+04
 19.5 3.63597E+04
 20.0 3.77264E+04
 20.5 3.91039E+04
 21.0 4.04921E+04
 21.5 4.18907E+04
 22.0 4.32990E+04
 22.5 4.47165E+04
 23.0 4.61421E+04
 23.5 4.75745E+04
 24.0 4.90121E+04
 24.5 5.04528E+04
 25.0 5.18941E+04
 25.5 5.33332E+04
 26.0 5.47669E+04
 26.5 5.61915E+04
 27.0 5.76033E+04
 27.5 5.89981E+04
 28.0 6.03718E+04
 28.5 6.17200E+04
 29.0 6.30385E+04
 29.5 6.43232E+04
 30.0 6.55700E+04
 30.5 6.67749E+04
 31.0 6.79346E+04
 31.5 6.90458E+04
 32.0 7.01054E+04
 32.5 7.11110E+04
 33.0 7.20603E+04
 33.5 7.29517E+04
 34.0 7.37836E+04
 34.5 7.45552E+04
 35.0 7.52656E+04
 35.5 7.59145E+04
 36.0 7.65020E+04
 36.5 7.70284E+04
 37.0 7.74942E+04
 37.5 7.79003E+04
 38.0 7.82478E+04
 38.5 7.85378E+04
 39.0 7.87720E+04
 39.5 7.89517E+04
 40.0 7.90787E+04
 40.5 7.91548E+04
 41.0 7.91819E+04
 41.5 7.91619E+04
 42.0 7.90969E+04
 42.5 7.89888E+04
 43.0 7.88396E+04
 43.5 7.86514E+04
 44.0 7.84263E+04
 44.5 7.81661E+04
 45.0 7.78729E+04
 45.5 7.75485E+04
 46.0 7.71950E+04
 46.5 7.68140E+04
 47.0 7.64074E+04
 47.5 7.59769E+04
 48.0 7.55243E+04
 48.5 7.50510E+04
 49.0 7.45586E+04
 49.5 7.40486E+04
 50.0 7.35225E+04
 50.5 7.29815E+04
 51.0 7.24270E+04
 51.5 7.18602E+04
 52.0 7.12823E+04
 52.5 7.06943E+04
 53.0 7.00974E+04
 53.5 6.94925E+04
 54.0 6.88804E+04
 54.5 6.82623E+04
 55.0 6.76388E+04
 55.5 6.70107E+04
 56.0 6.63788E+04
 56.5 6.57438E+04
 57.0 6.51063E+04
 57.5 6.44670E+04
 58.0 3.02504E+05
 58.5 6.31849E+04
 59.0 6.25431E+04
 59.5 4.90979E+05
 60.0 6.12605E+04
 60.5 6.06204E+04
 61.0 5.99817E+04
 61.5 5.93446E+04
 62.0 5.87095E+04
 62.5 5.80767E+04
 63.0 5.74464E+04
 63.5 5.68189E+04
 64.0 5.61943E+04
 64.5 5.55729E+04
 65.0 5.49548E+04
 65.5 5.43402E+04
 66.0 5.37293E+04
 66.5 5.31222E+04
 67.0 2.13510E+05
 67.5 5.19196E+04
 68.0 5.13244E+04
 68.5 5.07334E+04
 69.0 9.36008E+04
 69.5 4.60202E+04
 70.0 2.79949E+04
 70.5 2.79595E+04
 71.0 2.79189E+04
 71.5 2.78732E+04
 72.0 2.78223E+04
 72.5 2.77663E+04
 73.0 2.77053E+04
 73.5 2.76392E+04
 74.0 2.75681E+04
 74.5 2.74920E+04
 75.0 2.74110E+04
 75.5 2.73251E+04
 76.0 2.72344E+04
 76.5 2.71389E+04
 77.0 2.70386E+04
 77.5 2.69336E+04
 78.0 2.68241E+04
 78.5 2.67099E+04
 79.0 2.65912E+04
 79.5 2.64681E+04
 80.0 2.63406E+04
 80.5 2.62088E+04
 81.0 2.60727E+04
 81.5 2.59324E+04
 82.0 2.57880E+04
 82.5 2.56395E+04
 83.0 2.54871E+04
 83.5 2.53307E+04
 84.0 2.51704E+04
 84.5 2.50064E+04
 85.0 2.48387E+04
 85.5 2.46674E+04
 86.0 2.44924E+04
 86.5 2.43140E+04
 87.0 2.41322E+04
 87.5 2.39469E+04
 88.0 2.37584E+04
 88.5 2.35667E+04
 89.0 2.33719E+04
 89.5 2.31739E+04
 90.0 2.29730E+04
 90.5 2.27691E+04
 91.0 2.25624E+04
 91.5 2.23528E+04
 92.0 2.21405E+04
 92.5 2.19256E+04
 93.0 2.17080E+04
 93.5 2.14879E+04
 94.0 2.12654E+04
 94.5 2.10404E+04
 95.0 2.08131E+04
 95.5 2.05835E+04
 96.0 2.03517E+04
 96.5 2.01177E+04
 97.0 1.98817E+04
 97.5 1.96436E+04
 98.0 1.94036E+04
 98.5 1.91616E+04
 99.0 1.89178E+04
 99.5 1.86721E+04
100.0 1.84248E+04
100.5 1.81757E+04
101.0 1.79250E+04
101.5 1.76728E+04
102.0 1.74190E+04
102.5 1.71638E+04
103.0 1.69071E+04
103.5 1.66491E+04
104.0 1.63897E+04
104.5 1.61291E+04
105.0 1.58673E+04
105.5 1.56043E+04
106.0 1.53402E+04
106.5 1.50750E+04
107.0 1.48088E+04
107.5 1.45416E+04
108.0 1.42735E+04
108.5 1.40045E+04
109.0 1.37347E+04
109.5 1.34640E+04
110.0 1.31926E+04
110.5 1.29205E+04
111.0 1.26477E+04
111.5 1.23743E+04
112.0 1.21003E+04
112.5 1.18258E+04
113.0 1.15507E+04
113.5 1.12752E+04
114.0 1.09992E+04
114.5 1.07229E+04
115.0 1.04461E+04
115.5 1.01691E+04
116.0 9.89181E+03
116.5 9.61425E+03
117.0 9.33649E+03
117.5 9.05855E+03
118.0 8.78047E+03
118.5 8.50229E+03
119.0 8.22403E+03
119.5 7.94574E+03
120.0 7.66745E+03
120.5 7.38919E+03
121.0 7.11100E+03
121.5 6.83289E+03
122.0 6.55492E+03
122.5 6.27710E+03
123.0 5.99948E+03
123.5 5.72208E+03
124.0 5.44493E+03
124.5 5.16806E+03
125.0 4.89151E+03
125.5 4.61530E+03
126.0 4.33946E+03
126.5 4.06402E+03
127.0 3.78902E+03
127.5 3.51448E+03
128.0 3.24042E+03
128.5 2.96689E+03
129.0 2.69389E+03
129.5 2.42148E+03
130.0 2.14966E+03
130.5 1.87847E+03
131.0 1.60794E+03
131.5 1.33809E+03
132.0 1.06895E+03
132.5 8.00550E+02
133.0 5.32913E+02
133.5 2.66066E+02
134.0 2.21520E+01
