134K09D0W2
  0.5 0.00000E+00
  1.0 0.00000E+00
  1.5 0.00000E+00
  2.0 0.00000E+00
  2.5 0.00000E+00
  3.0 0.00000E+00
  3.5 1.09024E+04
  4.0 1.51710E+04
  4.5 1.96327E+04
  5.0 2.42573E+04
  5.5 2.90322E+04
  6.0 3.39511E+04
  6.5 3.90101E+04
  7.0 4.42066E+04
  7.5 4.95390E+04
  8.0 5.50064E+04
  8.5 1.55194E+05
  9.0 6.63480E+04
  9.5 2.61804E+05
 10.0 2.24798E+05
 10.5 3.13301E+04
 11.0 3.37123E+04
 11.5 3.78688E+04
 12.0 2.60417E+04
 12.5 2.43061E+04
 13.0 2.58555E+04
 13.5 2.74247E+04
 14.0 2.90135E+04
 14.5 3.06219E+04
 15.0 3.22498E+04
 15.5 3.38971E+04
 16.0 3.55639E+04
 16.5 3.72503E+04
 17.0 3.89563E+04
 17.5 4.06819E+04
 18.0 4.24274E+04
 18.5 4.41928E+04
 19.0 4.59781E+04
 19.5 4.77832E+04
 20.0 4.96076E+04
 20.5 5.14506E+04
 21.0 5.33109E+04
 21.5 5.51867E+04
 22.0 5.70753E+04
 22.5 5.89734E+04
 23.0 6.08771E+04
 23.5 6.27814E+04
 24.0 6.46808E+04
 24.5 6.65694E+04
 25.0 6.84405E+04
 25.5 7.02872E+04
 26.0 7.21023E+04
 26.5 7.38789E+04
 27.0 7.56098E+04
 27.5 7.72883E+04
 28.0 7.89081E+04
 28.5 8.04632E+04
 29.0 8.19484E+04
 29.5 8.33588E+04
 30.0 8.46904E+04
 30.5 8.59400E+04
 31.0 8.71047E+04
 31.5 8.81826E+04
 32.0 8.91722E+04
 32.5 9.00730E+04
 33.0 9.08847E+04
 33.5 9.16079E+04
 34.0 9.22431E+04
 34.5 9.27920E+04
 35.0 9.32562E+04
 35.5 9.36377E+04
 36.0 9.39388E+04
 36.5 9.41623E+04
 37.0 9.43107E+04
 37.5 9.43871E+04
 38.0 9.43946E+04
 38.5 9.43362E+04
 39.0 9.42151E+04
 39.5 9.40346E+04
 40.0 9.37979E+04
 40.5 9.35081E+04
 41.0 9.31685E+04
 41.5 9.27821E+04
 42.0 9.23519E+04
 42.5 9.18809E+04
 43.0 9.13720E+04
 43.5 9.08279E+04
 44.0 9.02513E+04
 44.5 8.96448E+04
 45.0 8.90108E+04
 45.5 8.83516E+04
 46.0 8.76695E+04
 46.5 8.69667E+04
 47.0 8.62451E+04
 47.5 8.55067E+04
 48.0 8.47532E+04
 48.5 8.39865E+04
 49.0 8.32080E+04
 49.5 8.24194E+04
 50.0 8.16220E+04
 50.5 8.08171E+04
 51.0 8.00061E+04
 51.5 7.91901E+04
 52.0 7.83701E+04
 52.5 7.75473E+04
 53.0 7.67224E+04
 53.5 7.58965E+04
 54.0 7.50703E+04
 54.5 7.42445E+04
 55.0 7.34199E+04
 55.5 7.25972E+04
 56.0 7.17767E+04
 56.5 7.09592E+04
 57.0 7.01451E+04
 57.5 6.93349E+04
 58.0 3.41796E+05
 58.5 6.77277E+04
 59.0 6.69313E+04
 59.5 5.53567E+05
 60.0 6.53548E+04
 60.5 6.45750E+04
 61.0 6.38013E+04
 61.5 6.30338E+04
 62.0 6.22727E+04
 62.5 6.15180E+04
 63.0 6.07700E+04
 63.5 6.00287E+04
 64.0 5.92943E+04
 64.5 5.85667E+04
 65.0 5.78460E+04
 65.5 5.71324E+04
 66.0 5.64257E+04
 66.5 5.57261E+04
 67.0 2.31605E+05
 67.5 5.43480E+04
 68.0 5.36694E+04
 68.5 5.29979E+04
 69.0 9.96640E+04
 69.5 4.85547E+04
 70.0 3.25628E+04
 70.5 3.24377E+04
 71.0 3.23077E+04
 71.5 3.21729E+04
 72.0 3.20334E+04
 72.5 3.18893E+04
 73.0 3.17407E+04
 73.5 3.15876E+04
 74.0 3.14302E+04
 74.5 3.12685E+04
 75.0 3.11026E+04
 75.5 3.09327E+04
 76.0 3.07587E+04
 76.5 3.05808E+04
 77.0 3.03991E+04
 77.5 3.02137E+04
 78.0 3.00245E+04
 78.5 2.98319E+04
 79.0 2.96357E+04
 79.5 2.94361E+04
 80.0 2.92333E+04
 80.5 2.90272E+04
 81.0 2.88179E+04
 81.5 2.86056E+04
 82.0 2.83903E+04
 82.5 2.81720E+04
 83.0 2.79509E+04
 83.5 2.77271E+04
 84.0 2.75006E+04
 84.5 2.72715E+04
 85.0 2.70398E+04
 85.5 2.68057E+04
 86.0 2.65692E+04
 86.5 2.63303E+04
 87.0 2.60892E+04
 87.5 2.58459E+04
 88.0 2.56005E+04
 88.5 2.53531E+04
 89.0 2.51036E+04
 89.5 2.48522E+04
 90.0 2.45990E+04
 90.5 2.43439E+04
 91.0 2.40871E+04
 91.5 2.38286E+04
 92.0 2.35685E+04
 92.5 2.33067E+04
 93.0 2.30435E+04
 93.5 2.27788E+04
 94.0 2.25127E+04
 94.5 2.22452E+04
 95.0 2.19764E+04
 95.5 2.17063E+04
 96.0 2.14351E+04
 96.5 2.11626E+04
 97.0 2.08891E+04
 97.5 2.06145E+04
 98.0 2.03388E+04
 98.5 2.00622E+04
 99.0 1.97846E+04
 99.5 1.95061E+04
100.0 1.92268E+04
100.5 1.89467E+04
101.0 1.86658E+04
101.5 1.83841E+04
102.0 1.81018E+04
102.5 1.78188E+04
103.0 1.75352E+04
103.5 1.72510E+04
104.0 1.69663E+04
104.5 1.66810E+04
105.0 1.63953E+04
105.5 1.61092E+04
106.0 1.58226E+04
106.5 1.55357E+04
107.0 1.52485E+04
107.5 1.49609E+04
108.0 1.46731E+04
108.5 1.43850E+04
109.0 1.40967E+04
109.5 1.38082E+04
110.0 1.35196E+04
110.5 1.32309E+04
111.0 1.29420E+04
111.5 1.26531E+04
112.0 1.23642E+04
112.5 1.20753E+04
113.0 1.17864E+04
113.5 1.14975E+04
114.0 1.12087E+04
114.5 1.09200E+04
115.0 1.06315E+04
115.5 1.03431E+04
116.0 1.00548E+04
116.5 9.76683E+03
117.0 9.47905E+03
117.5 9.19153E+03
118.0 8.90428E+03
118.5 8.61734E+03
119.0 8.33074E+03
119.5 8.04449E+03
120.0 7.75861E+03
120.5 7.47314E+03
121.0 7.18810E+03
121.5 6.90350E+03
122.0 6.61938E+03
122.5 6.33575E+03
123.0 6.05264E+03
123.5 5.77007E+03
124.0 5.48806E+03
124.5 5.20664E+03
125.0 4.92583E+03
125.5 4.64565E+03
126.0 4.36612E+03
126.5 4.08726E+03
127.0 3.80910E+03
127.5 3.53167E+03
128.0 3.25496E+03
128.5 2.97903E+03
129.0 2.70387E+03
129.5 2.42952E+03
130.0 2.15599E+03
130.5 1.88331E+03
131.0 1.61150E+03
131.5 1.34058E+03
132.0 1.07057E+03
132.5 8.01486E+02
133.0 5.33358E+02
133.5 2.66203E+02
134.0 2.21592E+01
