134K10D0W2
  0.5 0.00000E+00
  1.0 0.00000E+00
  1.5 0.00000E+00
  2.0 0.00000E+00
  2.5 0.00000E+00
  3.0 0.00000E+00
  3.5 1.26839E+04
  4.0 1.74125E+04
  4.5 2.23506E+04
  5.0 2.74726E+04
  5.5 3.27678E+04
  6.0 3.82307E+04
  6.5 4.38581E+04
  7.0 4.96481E+04
  7.5 5.55995E+04
  8.0 6.17128E+04
  8.5 2.31770E+05
  9.0 7.44337E+04
  9.5 3.61082E+05
 10.0 3.07352E+05
 10.5 3.51668E+04
 11.0 3.78259E+04
 11.5 4.54682E+04
 12.0 2.92320E+04
 12.5 2.72853E+04
 13.0 2.90132E+04
 13.5 3.07648E+04
 14.0 3.25402E+04
 14.5 3.43392E+04
 15.0 3.61621E+04
 15.5 3.80089E+04
 16.0 3.98797E+04
 16.5 4.17749E+04
 17.0 4.36945E+04
 17.5 4.56391E+04
 18.0 4.76086E+04
 18.5 4.96033E+04
 19.0 5.16231E+04
 19.5 5.36672E+04
 20.0 5.57347E+04
 20.5 5.78237E+04
 21.0 5.99315E+04
 21.5 6.20546E+04
 22.0 6.41883E+04
 22.5 6.63272E+04
 23.0 6.84646E+04
 23.5 7.05934E+04
 24.0 7.27055E+04
 24.5 7.47925E+04
 25.0 7.68457E+04
 25.5 7.88563E+04
 26.0 8.08156E+04
 26.5 8.27154E+04
 27.0 8.45477E+04
 27.5 8.63054E+04
 28.0 8.79817E+04
 28.5 8.95710E+04
 29.0 9.10683E+04
 29.5 9.24697E+04
 30.0 9.37719E+04
 30.5 9.49726E+04
 31.0 9.60703E+04
 31.5 9.70643E+04
 32.0 9.79546E+04
 32.5 9.87419E+04
 33.0 9.94275E+04
 33.5 1.00013E+05
 34.0 1.00501E+05
 34.5 1.00894E+05
 35.0 1.01195E+05
 35.5 1.01406E+05
 36.0 1.01533E+05
 36.5 1.01578E+05
 37.0 1.01544E+05
 37.5 1.01437E+05
 38.0 1.01260E+05
 38.5 1.01016E+05
 39.0 1.00709E+05
 39.5 1.00344E+05
 40.0 9.99237E+04
 40.5 9.94523E+04
 41.0 9.89331E+04
 41.5 9.83698E+04
 42.0 9.77655E+04
 42.5 9.71235E+04
 43.0 9.64470E+04
 43.5 9.57388E+04
 44.0 9.50017E+04
 44.5 9.42385E+04
 45.0 9.34518E+04
 45.5 9.26438E+04
 46.0 9.18169E+04
 46.5 9.09732E+04
 47.0 9.01148E+04
 47.5 8.92435E+04
 48.0 8.83612E+04
 48.5 8.74695E+04
 49.0 8.65699E+04
 49.5 8.56640E+04
 50.0 8.47531E+04
 50.5 8.38384E+04
 51.0 8.29212E+04
 51.5 8.20025E+04
 52.0 8.10833E+04
 52.5 8.01645E+04
 53.0 7.92471E+04
 53.5 7.83317E+04
 54.0 7.74192E+04
 54.5 7.65101E+04
 55.0 7.56050E+04
 55.5 7.47046E+04
 56.0 7.38093E+04
 56.5 7.29196E+04
 57.0 7.20359E+04
 57.5 7.11585E+04
 58.0 3.56848E+05
 58.5 6.94239E+04
 59.0 6.85673E+04
 59.5 5.77452E+05
 60.0 6.68767E+04
 60.5 6.60430E+04
 61.0 6.52172E+04
 61.5 6.43995E+04
 62.0 6.35900E+04
 62.5 6.27887E+04
 63.0 6.19957E+04
 63.5 6.12111E+04
 64.0 6.04348E+04
 64.5 5.96669E+04
 65.0 5.89074E+04
 65.5 5.81563E+04
 66.0 5.74135E+04
 66.5 5.66791E+04
 67.0 2.38343E+05
 67.5 5.52349E+04
 68.0 5.45251E+04
 68.5 5.38234E+04
 69.0 1.01901E+05
 69.5 4.95092E+04
 70.0 3.44132E+04
 70.5 3.42465E+04
 71.0 3.40754E+04
 71.5 3.38999E+04
 72.0 3.37202E+04
 72.5 3.35363E+04
 73.0 3.33485E+04
 73.5 3.31566E+04
 74.0 3.29610E+04
 74.5 3.27616E+04
 75.0 3.25586E+04
 75.5 3.23520E+04
 76.0 3.21420E+04
 76.5 3.19286E+04
 77.0 3.17120E+04
 77.5 3.14922E+04
 78.0 3.12694E+04
 78.5 3.10435E+04
 79.0 3.08148E+04
 79.5 3.05832E+04
 80.0 3.03489E+04
 80.5 3.01120E+04
 81.0 2.98725E+04
 81.5 2.96305E+04
 82.0 2.93861E+04
 82.5 2.91393E+04
 83.0 2.88903E+04
 83.5 2.86391E+04
 84.0 2.83858E+04
 84.5 2.81305E+04
 85.0 2.78732E+04
 85.5 2.76139E+04
 86.0 2.73528E+04
 86.5 2.70900E+04
 87.0 2.68254E+04
 87.5 2.65592E+04
 88.0 2.62914E+04
 88.5 2.60220E+04
 89.0 2.57512E+04
 89.5 2.54789E+04
 90.0 2.52053E+04
 90.5 2.49303E+04
 91.0 2.46541E+04
 91.5 2.43767E+04
 92.0 2.40981E+04
 92.5 2.38183E+04
 93.0 2.35376E+04
 93.5 2.32558E+04
 94.0 2.29730E+04
 94.5 2.26893E+04
 95.0 2.24047E+04
 95.5 2.21193E+04
 96.0 2.18331E+04
 96.5 2.15461E+04
 97.0 2.12584E+04
 97.5 2.09700E+04
 98.0 2.06809E+04
 98.5 2.03913E+04
 99.0 2.01010E+04
 99.5 1.98103E+04
100.0 1.95190E+04
100.5 1.92273E+04
101.0 1.89351E+04
101.5 1.86426E+04
102.0 1.83496E+04
102.5 1.80564E+04
103.0 1.77628E+04
103.5 1.74690E+04
104.0 1.71749E+04
104.5 1.68806E+04
105.0 1.65861E+04
105.5 1.62914E+04
106.0 1.59966E+04
106.5 1.57017E+04
107.0 1.54068E+04
107.5 1.51118E+04
108.0 1.48167E+04
108.5 1.45217E+04
109.0 1.42267E+04
109.5 1.39317E+04
110.0 1.36369E+04
110.5 1.33421E+04
111.0 1.30474E+04
111.5 1.27529E+04
112.0 1.24586E+04
112.5 1.21645E+04
113.0 1.18706E+04
113.5 1.15769E+04
114.0 1.12835E+04
114.5 1.09903E+04
115.0 1.06975E+04
115.5 1.04050E+04
116.0 1.01129E+04
116.5 9.82113E+03
117.0 9.52976E+03
117.5 9.23880E+03
118.0 8.94828E+03
118.5 8.65821E+03
119.0 8.36862E+03
119.5 8.07952E+03
120.0 7.79094E+03
120.5 7.50290E+03
121.0 7.21541E+03
121.5 6.92851E+03
122.0 6.64219E+03
122.5 6.35650E+03
123.0 6.07144E+03
123.5 5.78703E+03
124.0 5.50330E+03
124.5 5.22027E+03
125.0 4.93795E+03
125.5 4.65636E+03
126.0 4.37552E+03
126.5 4.09546E+03
127.0 3.81619E+03
127.5 3.53772E+03
128.0 3.26009E+03
128.5 2.98330E+03
129.0 2.70738E+03
129.5 2.43235E+03
130.0 2.15822E+03
130.5 1.88501E+03
131.0 1.61275E+03
131.5 1.34145E+03
132.0 1.07113E+03
132.5 8.01815E+02
133.0 5.33514E+02
133.5 2.66251E+02
134.0 2.21617E+01
