134K14D0W2
  0.5 0.00000E+00
  1.0 0.00000E+00
  1.5 0.00000E+00
  2.0 0.00000E+00
  2.5 0.00000E+00
  3.0 0.00000E+00
  3.5 2.00632E+04
  4.0 2.66295E+04
  4.5 3.34951E+04
  5.0 4.06462E+04
  5.5 4.80776E+04
  6.0 5.57874E+04
  6.5 6.37759E+04
  7.0 7.20463E+04
  7.5 8.06048E+04
  8.0 8.94620E+04
  8.5 7.75538E+05
  9.0 1.08147E+05
  9.5 8.85526E+05
 10.0 7.42124E+05
 10.5 5.09704E+04
 11.0 5.47974E+04
 11.5 9.34443E+04
 12.0 4.23645E+04
 12.5 3.95447E+04
 13.0 4.20226E+04
 13.5 4.45442E+04
 14.0 4.71104E+04
 14.5 4.97220E+04
 15.0 5.23804E+04
 15.5 5.50868E+04
 16.0 5.78424E+04
 16.5 6.06482E+04
 17.0 6.35044E+04
 17.5 6.64106E+04
 18.0 6.93646E+04
 18.5 7.23627E+04
 19.0 7.53991E+04
 19.5 7.84657E+04
 20.0 8.15521E+04
 20.5 8.46460E+04
 21.0 8.77332E+04
 21.5 9.07981E+04
 22.0 9.38244E+04
 22.5 9.67952E+04
 23.0 9.96937E+04
 23.5 1.02504E+05
 24.0 1.05210E+05
 24.5 1.07798E+05
 25.0 1.10256E+05
 25.5 1.12574E+05
 26.0 1.14741E+05
 26.5 1.16751E+05
 27.0 1.18599E+05
 27.5 1.20281E+05
 28.0 1.21796E+05
 28.5 1.23142E+05
 29.0 1.24322E+05
 29.5 1.25337E+05
 30.0 1.26190E+05
 30.5 1.26887E+05
 31.0 1.27432E+05
 31.5 1.27831E+05
 32.0 1.28089E+05
 32.5 1.28214E+05
 33.0 1.28213E+05
 33.5 1.28091E+05
 34.0 1.27856E+05
 34.5 1.27516E+05
 35.0 1.27076E+05
 35.5 1.26545E+05
 36.0 1.25928E+05
 36.5 1.25233E+05
 37.0 1.24464E+05
 37.5 1.23630E+05
 38.0 1.22734E+05
 38.5 1.21784E+05
 39.0 1.20783E+05
 39.5 1.19738E+05
 40.0 1.18652E+05
 40.5 1.17531E+05
 41.0 1.16378E+05
 41.5 1.15198E+05
 42.0 1.13993E+05
 42.5 1.12768E+05
 43.0 1.11526E+05
 43.5 1.10269E+05
 44.0 1.09001E+05
 44.5 1.07724E+05
 45.0 1.06440E+05
 45.5 1.05151E+05
 46.0 1.03860E+05
 46.5 1.02569E+05
 47.0 1.01278E+05
 47.5 9.99895E+04
 48.0 9.87052E+04
 48.5 9.74260E+04
 49.0 9.61532E+04
 49.5 9.48879E+04
 50.0 9.36308E+04
 50.5 9.23829E+04
 51.0 9.11450E+04
 51.5 8.99176E+04
 52.0 8.87015E+04
 52.5 8.74971E+04
 53.0 8.63048E+04
 53.5 8.51252E+04
 54.0 8.39585E+04
 54.5 8.28049E+04
 55.0 8.16649E+04
 55.5 8.05385E+04
 56.0 7.94259E+04
 56.5 7.83272E+04
 57.0 7.72425E+04
 57.5 7.61719E+04
 58.0 3.99105E+05
 58.5 7.40730E+04
 59.0 7.30446E+04
 59.5 6.44261E+05
 60.0 7.10299E+04
 60.5 7.00434E+04
 61.0 6.90707E+04
 61.5 6.81116E+04
 62.0 6.71661E+04
 62.5 6.62340E+04
 63.0 6.53152E+04
 63.5 6.44095E+04
 64.0 6.35167E+04
 64.5 6.26367E+04
 65.0 6.17693E+04
 65.5 6.09143E+04
 66.0 6.00716E+04
 66.5 5.92409E+04
 67.0 2.56753E+05
 67.5 5.76149E+04
 68.0 5.68192E+04
 68.5 5.60347E+04
 69.0 1.07964E+05
 69.5 5.21561E+04
 70.0 3.99120E+04
 70.5 3.96058E+04
 71.0 3.92976E+04
 71.5 3.89873E+04
 72.0 3.86752E+04
 72.5 3.83613E+04
 73.0 3.80458E+04
 73.5 3.77287E+04
 74.0 3.74102E+04
 74.5 3.70903E+04
 75.0 3.67691E+04
 75.5 3.64467E+04
 76.0 3.61233E+04
 76.5 3.57988E+04
 77.0 3.54733E+04
 77.5 3.51470E+04
 78.0 3.48199E+04
 78.5 3.44920E+04
 79.0 3.41635E+04
 79.5 3.38343E+04
 80.0 3.35046E+04
 80.5 3.31744E+04
 81.0 3.28437E+04
 81.5 3.25127E+04
 82.0 3.21813E+04
 82.5 3.18496E+04
 83.0 3.15176E+04
 83.5 3.11855E+04
 84.0 3.08531E+04
 84.5 3.05207E+04
 85.0 3.01881E+04
 85.5 2.98555E+04
 86.0 2.95229E+04
 86.5 2.91903E+04
 87.0 2.88577E+04
 87.5 2.85252E+04
 88.0 2.81928E+04
 88.5 2.78605E+04
 89.0 2.75284E+04
 89.5 2.71964E+04
 90.0 2.68647E+04
 90.5 2.65332E+04
 91.0 2.62019E+04
 91.5 2.58709E+04
 92.0 2.55402E+04
 92.5 2.52098E+04
 93.0 2.48797E+04
 93.5 2.45500E+04
 94.0 2.42206E+04
 94.5 2.38916E+04
 95.0 2.35630E+04
 95.5 2.32348E+04
 96.0 2.29070E+04
 96.5 2.25796E+04
 97.0 2.22527E+04
 97.5 2.19263E+04
 98.0 2.16003E+04
 98.5 2.12748E+04
 99.0 2.09498E+04
 99.5 2.06253E+04
100.0 2.03014E+04
100.5 1.99779E+04
101.0 1.96550E+04
101.5 1.93327E+04
102.0 1.90109E+04
102.5 1.86897E+04
103.0 1.83691E+04
103.5 1.80490E+04
104.0 1.77296E+04
104.5 1.74107E+04
105.0 1.70925E+04
105.5 1.67749E+04
106.0 1.64580E+04
106.5 1.61416E+04
107.0 1.58260E+04
107.5 1.55110E+04
108.0 1.51966E+04
108.5 1.48829E+04
109.0 1.45700E+04
109.5 1.42577E+04
110.0 1.39461E+04
110.5 1.36352E+04
111.0 1.33251E+04
111.5 1.30156E+04
112.0 1.27069E+04
112.5 1.23990E+04
113.0 1.20918E+04
113.5 1.17854E+04
114.0 1.14797E+04
114.5 1.11748E+04
115.0 1.08707E+04
115.5 1.05675E+04
116.0 1.02650E+04
116.5 9.96331E+03
117.0 9.66247E+03
117.5 9.36246E+03
118.0 9.06330E+03
118.5 8.76500E+03
119.0 8.46756E+03
119.5 8.17100E+03
120.0 7.87532E+03
120.5 7.58053E+03
121.0 7.28665E+03
121.5 6.99368E+03
122.0 6.70164E+03
122.5 6.41054E+03
123.0 6.12038E+03
123.5 5.83119E+03
124.0 5.54296E+03
124.5 5.25571E+03
125.0 4.96945E+03
125.5 4.68420E+03
126.0 4.39996E+03
126.5 4.11675E+03
127.0 3.83457E+03
127.5 3.55344E+03
128.0 3.27338E+03
128.5 2.99439E+03
129.0 2.71649E+03
129.5 2.43968E+03
130.0 2.16399E+03
130.5 1.88943E+03
131.0 1.61600E+03
131.5 1.34372E+03
132.0 1.07260E+03
132.5 8.02665E+02
133.0 5.33918E+02
133.5 2.66376E+02
134.0 2.21682E+01
