134K17D0W2
  0.5 0.00000E+00
  1.0 0.00000E+00
  1.5 0.00000E+00
  2.0 0.00000E+00
  2.5 0.00000E+00
  3.0 0.00000E+00
  3.5 2.58476E+04
  4.0 3.38189E+04
  4.5 4.21755E+04
  5.0 5.09094E+04
  5.5 6.00191E+04
  6.0 6.95069E+04
  6.5 7.93791E+04
  7.0 8.96472E+04
  7.5 1.00330E+05
  8.0 1.11456E+05
  8.5 1.39697E+06
  9.0 1.35213E+05
  9.5 1.35074E+06
 10.0 1.12747E+06
 10.5 6.34034E+04
 11.0 6.81844E+04
 11.5 1.48508E+05
 12.0 5.26857E+04
 12.5 4.91745E+04
 13.0 5.22612E+04
 13.5 5.54122E+04
 14.0 5.86296E+04
 14.5 6.19158E+04
 15.0 6.52732E+04
 15.5 6.87037E+04
 16.0 7.22080E+04
 16.5 7.57853E+04
 17.0 7.94320E+04
 17.5 8.31417E+04
 18.0 8.69044E+04
 18.5 9.07065E+04
 19.0 9.45313E+04
 19.5 9.83588E+04
 20.0 1.02167E+05
 20.5 1.05931E+05
 21.0 1.09628E+05
 21.5 1.13233E+05
 22.0 1.16722E+05
 22.5 1.20074E+05
 23.0 1.23269E+05
 23.5 1.26289E+05
 24.0 1.29119E+05
 24.5 1.31749E+05
 25.0 1.34168E+05
 25.5 1.36370E+05
 26.0 1.38353E+05
 26.5 1.40113E+05
 27.0 1.41653E+05
 27.5 1.42976E+05
 28.0 1.44085E+05
 28.5 1.44987E+05
 29.0 1.45688E+05
 29.5 1.46197E+05
 30.0 1.46522E+05
 30.5 1.46673E+05
 31.0 1.46659E+05
 31.5 1.46490E+05
 32.0 1.46176E+05
 32.5 1.45726E+05
 33.0 1.45150E+05
 33.5 1.44459E+05
 34.0 1.43660E+05
 34.5 1.42763E+05
 35.0 1.41776E+05
 35.5 1.40709E+05
 36.0 1.39567E+05
 36.5 1.38360E+05
 37.0 1.37093E+05
 37.5 1.35774E+05
 38.0 1.34408E+05
 38.5 1.33002E+05
 39.0 1.31560E+05
 39.5 1.30089E+05
 40.0 1.28591E+05
 40.5 1.27073E+05
 41.0 1.25538E+05
 41.5 1.23989E+05
 42.0 1.22429E+05
 42.5 1.20863E+05
 43.0 1.19293E+05
 43.5 1.17722E+05
 44.0 1.16151E+05
 44.5 1.14583E+05
 45.0 1.13021E+05
 45.5 1.11465E+05
 46.0 1.09918E+05
 46.5 1.08380E+05
 47.0 1.06854E+05
 47.5 1.05340E+05
 48.0 1.03839E+05
 48.5 1.02353E+05
 49.0 1.00881E+05
 49.5 9.94255E+04
 50.0 9.79862E+04
 50.5 9.65637E+04
 51.0 9.51586E+04
 51.5 9.37710E+04
 52.0 9.24015E+04
 52.5 9.10500E+04
 53.0 8.97170E+04
 53.5 8.84024E+04
 54.0 8.71065E+04
 54.5 8.58292E+04
 55.0 8.45704E+04
 55.5 8.33303E+04
 56.0 8.21087E+04
 56.5 8.09056E+04
 57.0 7.97208E+04
 57.5 7.85542E+04
 58.0 4.19612E+05
 58.5 7.62750E+04
 59.0 7.51620E+04
 59.5 6.76561E+05
 60.0 7.29882E+04
 60.5 7.19270E+04
 61.0 7.08826E+04
 61.5 6.98548E+04
 62.0 6.88433E+04
 62.5 6.78478E+04
 63.0 6.68681E+04
 63.5 6.59039E+04
 64.0 6.49551E+04
 64.5 6.40212E+04
 65.0 6.31020E+04
 65.5 6.21973E+04
 66.0 6.13068E+04
 66.5 6.04302E+04
 67.0 2.65444E+05
 67.5 5.87176E+04
 68.0 5.78811E+04
 68.5 5.70575E+04
 69.0 1.10801E+05
 69.5 5.34285E+04
 70.0 4.27443E+04
 70.5 4.23578E+04
 71.0 4.19710E+04
 71.5 4.15841E+04
 72.0 4.11970E+04
 72.5 4.08100E+04
 73.0 4.04231E+04
 73.5 4.00363E+04
 74.0 3.96498E+04
 74.5 3.92635E+04
 75.0 3.88776E+04
 75.5 3.84921E+04
 76.0 3.81071E+04
 76.5 3.77225E+04
 77.0 3.73386E+04
 77.5 3.69552E+04
 78.0 3.65725E+04
 78.5 3.61905E+04
 79.0 3.58092E+04
 79.5 3.54287E+04
 80.0 3.50490E+04
 80.5 3.46700E+04
 81.0 3.42919E+04
 81.5 3.39147E+04
 82.0 3.35384E+04
 82.5 3.31629E+04
 83.0 3.27884E+04
 83.5 3.24149E+04
 84.0 3.20423E+04
 84.5 3.16706E+04
 85.0 3.13000E+04
 85.5 3.09303E+04
 86.0 3.05617E+04
 86.5 3.01941E+04
 87.0 2.98274E+04
 87.5 2.94619E+04
 88.0 2.90973E+04
 88.5 2.87338E+04
 89.0 2.83714E+04
 89.5 2.80099E+04
 90.0 2.76496E+04
 90.5 2.72903E+04
 91.0 2.69320E+04
 91.5 2.65748E+04
 92.0 2.62187E+04
 92.5 2.58636E+04
 93.0 2.55095E+04
 93.5 2.51566E+04
 94.0 2.48046E+04
 94.5 2.44538E+04
 95.0 2.41039E+04
 95.5 2.37552E+04
 96.0 2.34074E+04
 96.5 2.30607E+04
 97.0 2.27151E+04
 97.5 2.23705E+04
 98.0 2.20269E+04
 98.5 2.16844E+04
 99.0 2.13429E+04
 99.5 2.10025E+04
100.0 2.06630E+04
100.5 2.03246E+04
101.0 1.99872E+04
101.5 1.96508E+04
102.0 1.93155E+04
102.5 1.89812E+04
103.0 1.86478E+04
103.5 1.83155E+04
104.0 1.79842E+04
104.5 1.76539E+04
105.0 1.73246E+04
105.5 1.69963E+04
106.0 1.66691E+04
106.5 1.63428E+04
107.0 1.60175E+04
107.5 1.56932E+04
108.0 1.53699E+04
108.5 1.50477E+04
109.0 1.47264E+04
109.5 1.44061E+04
110.0 1.40868E+04
110.5 1.37685E+04
111.0 1.34512E+04
111.5 1.31349E+04
112.0 1.28197E+04
112.5 1.25054E+04
113.0 1.21921E+04
113.5 1.18798E+04
114.0 1.15686E+04
114.5 1.12583E+04
115.0 1.09491E+04
115.5 1.06409E+04
116.0 1.03337E+04
116.5 1.00275E+04
117.0 9.72237E+03
117.5 9.41826E+03
118.0 9.11518E+03
118.5 8.81314E+03
119.0 8.51214E+03
119.5 8.21219E+03
120.0 7.91330E+03
120.5 7.61546E+03
121.0 7.31869E+03
121.5 7.02299E+03
122.0 6.72836E+03
122.5 6.43482E+03
123.0 6.14236E+03
123.5 5.85100E+03
124.0 5.56075E+03
124.5 5.27160E+03
125.0 4.98358E+03
125.5 4.69667E+03
126.0 4.41090E+03
126.5 4.12628E+03
127.0 3.84280E+03
127.5 3.56048E+03
128.0 3.27933E+03
128.5 2.99935E+03
129.0 2.72056E+03
129.5 2.44296E+03
130.0 2.16657E+03
130.5 1.89140E+03
131.0 1.61744E+03
131.5 1.34473E+03
132.0 1.07326E+03
132.5 8.03044E+02
133.0 5.34099E+02
133.5 2.66431E+02
134.0 2.21711E+01
