134K11D0W2
  0.5 0.00000E+00
  1.0 0.00000E+00
  1.5 0.00000E+00
  2.0 0.00000E+00
  2.5 0.00000E+00
  3.0 0.00000E+00
  3.5 1.44924E+04
  4.0 1.96794E+04
  4.5 2.50951E+04
  5.0 3.07176E+04
  5.5 3.65378E+04
  6.0 4.25512E+04
  6.5 4.87551E+04
  7.0 5.51483E+04
  7.5 6.17308E+04
  8.0 6.85047E+04
  8.5 3.32365E+05
  9.0 8.26455E+04
  9.5 4.75599E+05
 10.0 4.02410E+05
 10.5 3.90460E+04
 11.0 4.19874E+04
 11.5 5.47021E+04
 12.0 3.24568E+04
 12.5 3.02963E+04
 13.0 3.22060E+04
 13.5 3.41438E+04
 14.0 3.61098E+04
 14.5 3.81041E+04
 15.0 4.01271E+04
 15.5 4.21789E+04
 16.0 4.42601E+04
 16.5 4.63710E+04
 17.0 4.85121E+04
 17.5 5.06839E+04
 18.0 5.28865E+04
 18.5 5.51197E+04
 19.0 5.73830E+04
 19.5 5.96749E+04
 20.0 6.19929E+04
 20.5 6.43336E+04
 21.0 6.66922E+04
 21.5 6.90628E+04
 22.0 7.14380E+04
 22.5 7.38098E+04
 23.0 7.61687E+04
 23.5 7.85049E+04
 24.0 8.08080E+04
 24.5 8.30674E+04
 25.0 8.52727E+04
 25.5 8.74135E+04
 26.0 8.94802E+04
 26.5 9.14639E+04
 27.0 9.33565E+04
 27.5 9.51509E+04
 28.0 9.68408E+04
 28.5 9.84214E+04
 29.0 9.98887E+04
 29.5 1.01240E+05
 30.0 1.02473E+05
 30.5 1.03587E+05
 31.0 1.04582E+05
 31.5 1.05459E+05
 32.0 1.06220E+05
 32.5 1.06866E+05
 33.0 1.07400E+05
 33.5 1.07826E+05
 34.0 1.08147E+05
 34.5 1.08367E+05
 35.0 1.08490E+05
 35.5 1.08520E+05
 36.0 1.08463E+05
 36.5 1.08322E+05
 37.0 1.08103E+05
 37.5 1.07809E+05
 38.0 1.07445E+05
 38.5 1.07017E+05
 39.0 1.06527E+05
 39.5 1.05981E+05
 40.0 1.05383E+05
 40.5 1.04736E+05
 41.0 1.04045E+05
 41.5 1.03313E+05
 42.0 1.02544E+05
 42.5 1.01741E+05
 43.0 1.00907E+05
 43.5 1.00046E+05
 44.0 9.91601E+04
 44.5 9.82521E+04
 45.0 9.73248E+04
 45.5 9.63803E+04
 46.0 9.54211E+04
 46.5 9.44493E+04
 47.0 9.34668E+04
 47.5 9.24754E+04
 48.0 9.14770E+04
 48.5 9.04730E+04
 49.0 8.94650E+04
 49.5 8.84543E+04
 50.0 8.74423E+04
 50.5 8.64300E+04
 51.0 8.54186E+04
 51.5 8.44091E+04
 52.0 8.34023E+04
 52.5 8.23991E+04
 53.0 8.14002E+04
 53.5 8.04064E+04
 54.0 7.94183E+04
 54.5 7.84363E+04
 55.0 7.74612E+04
 55.5 7.64932E+04
 56.0 7.55328E+04
 56.5 7.45804E+04
 57.0 7.36363E+04
 57.5 7.27007E+04
 58.0 3.69713E+05
 58.5 7.08564E+04
 59.0 6.99479E+04
 59.5 5.97830E+05
 60.0 6.81591E+04
 60.5 6.72791E+04
 61.0 6.64087E+04
 61.5 6.55480E+04
 62.0 6.46971E+04
 62.5 6.38559E+04
 63.0 6.30246E+04
 63.5 6.22030E+04
 64.0 6.13911E+04
 64.5 6.05889E+04
 65.0 5.97964E+04
 65.5 5.90134E+04
 66.0 5.82400E+04
 66.5 5.74760E+04
 67.0 2.44024E+05
 67.5 5.59760E+04
 68.0 5.52398E+04
 68.5 5.45126E+04
 69.0 1.03780E+05
 69.5 5.03196E+04
 70.0 3.60397E+04
 70.5 3.58342E+04
 71.0 3.56247E+04
 71.5 3.54114E+04
 72.0 3.51945E+04
 72.5 3.49739E+04
 73.0 3.47499E+04
 73.5 3.45226E+04
 74.0 3.42919E+04
 74.5 3.40581E+04
 75.0 3.38213E+04
 75.5 3.35815E+04
 76.0 3.33389E+04
 76.5 3.30935E+04
 77.0 3.28454E+04
 77.5 3.25948E+04
 78.0 3.23417E+04
 78.5 3.20861E+04
 79.0 3.18283E+04
 79.5 3.15682E+04
 80.0 3.13060E+04
 80.5 3.10417E+04
 81.0 3.07754E+04
 81.5 3.05071E+04
 82.0 3.02371E+04
 82.5 2.99652E+04
 83.0 2.96917E+04
 83.5 2.94165E+04
 84.0 2.91397E+04
 84.5 2.88614E+04
 85.0 2.85817E+04
 85.5 2.83005E+04
 86.0 2.80181E+04
 86.5 2.77343E+04
 87.0 2.74493E+04
 87.5 2.71632E+04
 88.0 2.68760E+04
 88.5 2.65877E+04
 89.0 2.62984E+04
 89.5 2.60081E+04
 90.0 2.57169E+04
 90.5 2.54248E+04
 91.0 2.51319E+04
 91.5 2.48383E+04
 92.0 2.45438E+04
 92.5 2.42487E+04
 93.0 2.39529E+04
 93.5 2.36566E+04
 94.0 2.33596E+04
 94.5 2.30620E+04
 95.0 2.27640E+04
 95.5 2.24655E+04
 96.0 2.21665E+04
 96.5 2.18672E+04
 97.0 2.15674E+04
 97.5 2.12674E+04
 98.0 2.09670E+04
 98.5 2.06663E+04
 99.0 2.03654E+04
 99.5 2.00642E+04
100.0 1.97629E+04
100.5 1.94614E+04
101.0 1.91598E+04
101.5 1.88580E+04
102.0 1.85561E+04
102.5 1.82542E+04
103.0 1.79523E+04
103.5 1.76503E+04
104.0 1.73484E+04
104.5 1.70464E+04
105.0 1.67446E+04
105.5 1.64428E+04
106.0 1.61411E+04
106.5 1.58396E+04
107.0 1.55382E+04
107.5 1.52369E+04
108.0 1.49359E+04
108.5 1.46350E+04
109.0 1.43344E+04
109.5 1.40341E+04
110.0 1.37340E+04
110.5 1.34342E+04
111.0 1.31347E+04
111.5 1.28355E+04
112.0 1.25367E+04
112.5 1.22382E+04
113.0 1.19402E+04
113.5 1.16425E+04
114.0 1.13452E+04
114.5 1.10484E+04
115.0 1.07521E+04
115.5 1.04562E+04
116.0 1.01608E+04
116.5 9.86594E+03
117.0 9.57160E+03
117.5 9.27780E+03
118.0 8.98456E+03
118.5 8.69190E+03
119.0 8.39984E+03
119.5 8.10839E+03
120.0 7.81758E+03
120.5 7.52741E+03
121.0 7.23791E+03
121.5 6.94909E+03
122.0 6.66098E+03
122.5 6.37357E+03
123.0 6.08691E+03
123.5 5.80099E+03
124.0 5.51584E+03
124.5 5.23148E+03
125.0 4.94791E+03
125.5 4.66517E+03
126.0 4.38326E+03
126.5 4.10220E+03
127.0 3.82201E+03
127.5 3.54270E+03
128.0 3.26430E+03
128.5 2.98681E+03
129.0 2.71027E+03
129.5 2.43467E+03
130.0 2.16005E+03
130.5 1.88641E+03
131.0 1.61378E+03
131.5 1.34217E+03
132.0 1.07160E+03
132.5 8.02084E+02
133.0 5.33642E+02
133.5 2.66291E+02
134.0 2.21638E+01
