134K19D0W2
  0.5 0.00000E+00
  1.0 0.00000E+00
  1.5 0.00000E+00
  2.0 0.00000E+00
  2.5 0.00000E+00
  3.0 0.00000E+00
  3.5 2.98310E+04
  4.0 3.87627E+04
  4.5 4.81443E+04
  5.0 5.79714E+04
  5.5 6.82457E+04
  6.0 7.89737E+04
  6.5 9.01679E+04
  7.0 1.01849E+05
  7.5 1.14050E+05
  8.0 1.26818E+05
  8.5 1.88286E+06
  9.0 1.54313E+05
  9.5 1.67186E+06
 10.0 1.39356E+06
 10.5 7.20311E+04
 11.0 7.74951E+04
 11.5 1.93024E+05
 12.0 5.98418E+04
 12.5 5.58482E+04
 13.0 5.93686E+04
 13.5 6.29701E+04
 14.0 6.66565E+04
 14.5 7.04307E+04
 15.0 7.42955E+04
 15.5 7.82516E+04
 16.0 8.22976E+04
 16.5 8.64281E+04
 17.0 9.06336E+04
 17.5 9.49004E+04
 18.0 9.92095E+04
 18.5 1.03538E+05
 19.0 1.07860E+05
 19.5 1.12147E+05
 20.0 1.16369E+05
 20.5 1.20494E+05
 21.0 1.24494E+05
 21.5 1.28342E+05
 22.0 1.32011E+05
 22.5 1.35480E+05
 23.0 1.38730E+05
 23.5 1.41745E+05
 24.0 1.44516E+05
 24.5 1.47033E+05
 25.0 1.49291E+05
 25.5 1.51290E+05
 26.0 1.53031E+05
 26.5 1.54516E+05
 27.0 1.55753E+05
 27.5 1.56747E+05
 28.0 1.57509E+05
 28.5 1.58048E+05
 29.0 1.58374E+05
 29.5 1.58500E+05
 30.0 1.58437E+05
 30.5 1.58196E+05
 31.0 1.57790E+05
 31.5 1.57231E+05
 32.0 1.56530E+05
 32.5 1.55699E+05
 33.0 1.54749E+05
 33.5 1.53689E+05
 34.0 1.52532E+05
 34.5 1.51285E+05
 35.0 1.49958E+05
 35.5 1.48560E+05
 36.0 1.47098E+05
 36.5 1.45581E+05
 37.0 1.44016E+05
 37.5 1.42408E+05
 38.0 1.40765E+05
 38.5 1.39092E+05
 39.0 1.37393E+05
 39.5 1.35675E+05
 40.0 1.33940E+05
 40.5 1.32195E+05
 41.0 1.30441E+05
 41.5 1.28683E+05
 42.0 1.26924E+05
 42.5 1.25167E+05
 43.0 1.23413E+05
 43.5 1.21666E+05
 44.0 1.19928E+05
 44.5 1.18200E+05
 45.0 1.16484E+05
 45.5 1.14782E+05
 46.0 1.13094E+05
 46.5 1.11423E+05
 47.0 1.09768E+05
 47.5 1.08132E+05
 48.0 1.06514E+05
 48.5 1.04916E+05
 49.0 1.03338E+05
 49.5 1.01780E+05
 50.0 1.00243E+05
 50.5 9.87278E+04
 51.0 9.72336E+04
 51.5 9.57609E+04
 52.0 9.43099E+04
 52.5 9.28807E+04
 53.0 9.14732E+04
 53.5 9.00875E+04
 54.0 8.87235E+04
 54.5 8.73810E+04
 55.0 8.60601E+04
 55.5 8.47603E+04
 56.0 8.34817E+04
 56.5 8.22241E+04
 57.0 8.09870E+04
 57.5 7.97704E+04
 58.0 4.30183E+05
 58.5 7.73975E+04
 59.0 7.62405E+04
 59.5 6.93181E+05
 60.0 7.39844E+04
 60.5 7.28845E+04
 61.0 7.18031E+04
 61.5 7.07398E+04
 62.0 6.96942E+04
 62.5 6.86661E+04
 63.0 6.76551E+04
 63.5 6.66610E+04
 64.0 6.56832E+04
 64.5 6.47217E+04
 65.0 6.37760E+04
 65.5 6.28458E+04
 66.0 6.19308E+04
 66.5 6.10308E+04
 67.0 2.69866E+05
 67.5 5.92740E+04
 68.0 5.84166E+04
 68.5 5.75730E+04
 69.0 1.12239E+05
 69.5 5.40824E+04
 70.0 4.42465E+04
 70.5 4.38152E+04
 71.0 4.33848E+04
 71.5 4.29554E+04
 72.0 4.25270E+04
 72.5 4.20996E+04
 73.0 4.16734E+04
 73.5 4.12484E+04
 74.0 4.08246E+04
 74.5 4.04021E+04
 75.0 3.99810E+04
 75.5 3.95611E+04
 76.0 3.91427E+04
 76.5 3.87257E+04
 77.0 3.83102E+04
 77.5 3.78961E+04
 78.0 3.74835E+04
 78.5 3.70724E+04
 79.0 3.66629E+04
 79.5 3.62548E+04
 80.0 3.58484E+04
 80.5 3.54435E+04
 81.0 3.50401E+04
 81.5 3.46384E+04
 82.0 3.42382E+04
 82.5 3.38396E+04
 83.0 3.34426E+04
 83.5 3.30472E+04
 84.0 3.26534E+04
 84.5 3.22611E+04
 85.0 3.18705E+04
 85.5 3.14814E+04
 86.0 3.10938E+04
 86.5 3.07079E+04
 87.0 3.03235E+04
 87.5 2.99407E+04
 88.0 2.95593E+04
 88.5 2.91796E+04
 89.0 2.88013E+04
 89.5 2.84246E+04
 90.0 2.80494E+04
 90.5 2.76757E+04
 91.0 2.73035E+04
 91.5 2.69327E+04
 92.0 2.65634E+04
 92.5 2.61956E+04
 93.0 2.58292E+04
 93.5 2.54643E+04
 94.0 2.51007E+04
 94.5 2.47386E+04
 95.0 2.43779E+04
 95.5 2.40186E+04
 96.0 2.36606E+04
 96.5 2.33040E+04
 97.0 2.29488E+04
 97.5 2.25949E+04
 98.0 2.22424E+04
 98.5 2.18911E+04
 99.0 2.15412E+04
 99.5 2.11926E+04
100.0 2.08453E+04
100.5 2.04992E+04
101.0 2.01545E+04
101.5 1.98110E+04
102.0 1.94687E+04
102.5 1.91277E+04
103.0 1.87880E+04
103.5 1.84494E+04
104.0 1.81121E+04
104.5 1.77760E+04
105.0 1.74412E+04
105.5 1.71075E+04
106.0 1.67750E+04
106.5 1.64437E+04
107.0 1.61135E+04
107.5 1.57846E+04
108.0 1.54568E+04
108.5 1.51302E+04
109.0 1.48047E+04
109.5 1.44804E+04
110.0 1.41572E+04
110.5 1.38352E+04
111.0 1.35143E+04
111.5 1.31946E+04
112.0 1.28760E+04
112.5 1.25585E+04
113.0 1.22422E+04
113.5 1.19270E+04
114.0 1.16130E+04
114.5 1.13000E+04
115.0 1.09882E+04
115.5 1.06775E+04
116.0 1.03680E+04
116.5 1.00595E+04
117.0 9.75224E+03
117.5 9.44607E+03
118.0 9.14103E+03
118.5 8.83712E+03
119.0 8.53434E+03
119.5 8.23271E+03
120.0 7.93220E+03
120.5 7.63284E+03
121.0 7.33463E+03
121.5 7.03756E+03
122.0 6.74165E+03
122.5 6.44689E+03
123.0 6.15329E+03
123.5 5.86086E+03
124.0 5.56959E+03
124.5 5.27950E+03
125.0 4.99059E+03
125.5 4.70287E+03
126.0 4.41634E+03
126.5 4.13101E+03
127.0 3.84688E+03
127.5 3.56397E+03
128.0 3.28228E+03
128.5 3.00181E+03
129.0 2.72258E+03
129.5 2.44459E+03
130.0 2.16785E+03
130.5 1.89237E+03
131.0 1.61816E+03
131.5 1.34523E+03
132.0 1.07358E+03
132.5 8.03233E+02
133.0 5.34188E+02
133.5 2.66459E+02
134.0 2.21726E+01
