134K16D0W2
  0.5 0.00000E+00
  1.0 0.00000E+00
  1.5 0.00000E+00
  2.0 0.00000E+00
  2.5 0.00000E+00
  3.0 0.00000E+00
  3.5 2.38950E+04
  4.0 3.13939E+04
  4.5 3.92478E+04
  5.0 4.74472E+04
  5.5 5.59889E+04
  6.0 6.48738E+04
  6.5 7.41058E+04
  7.0 8.36929E+04
  7.5 9.36488E+04
  8.0 1.03995E+05
  8.5 1.17344E+06
  9.0 1.25994E+05
  9.5 1.19233E+06
 10.0 9.96246E+05
 10.5 5.91958E+04
 11.0 6.36502E+04
 11.5 1.28472E+05
 12.0 4.91939E+04
 12.5 4.59171E+04
 13.0 4.87959E+04
 13.5 5.17313E+04
 14.0 5.47252E+04
 14.5 5.77793E+04
 15.0 6.08958E+04
 15.5 6.40765E+04
 16.0 6.73226E+04
 16.5 7.06343E+04
 17.0 7.40100E+04
 17.5 7.74460E+04
 18.0 8.09354E+04
 18.5 8.44689E+04
 19.0 8.80338E+04
 19.5 9.16144E+04
 20.0 9.51926E+04
 20.5 9.87485E+04
 21.0 1.02261E+05
 21.5 1.05708E+05
 22.0 1.09067E+05
 22.5 1.12320E+05
 23.0 1.15444E+05
 23.5 1.18424E+05
 24.0 1.21243E+05
 24.5 1.23889E+05
 25.0 1.26350E+05
 25.5 1.28619E+05
 26.0 1.30690E+05
 26.5 1.32559E+05
 27.0 1.34225E+05
 27.5 1.35688E+05
 28.0 1.36951E+05
 28.5 1.38017E+05
 29.0 1.38892E+05
 29.5 1.39582E+05
 30.0 1.40093E+05
 30.5 1.40434E+05
 31.0 1.40612E+05
 31.5 1.40637E+05
 32.0 1.40516E+05
 32.5 1.40259E+05
 33.0 1.39875E+05
 33.5 1.39371E+05
 34.0 1.38758E+05
 34.5 1.38043E+05
 35.0 1.37235E+05
 35.5 1.36341E+05
 36.0 1.35369E+05
 36.5 1.34326E+05
 37.0 1.33218E+05
 37.5 1.32054E+05
 38.0 1.30837E+05
 38.5 1.29576E+05
 39.0 1.28273E+05
 39.5 1.26936E+05
 40.0 1.25568E+05
 40.5 1.24174E+05
 41.0 1.22758E+05
 41.5 1.21324E+05
 42.0 1.19875E+05
 42.5 1.18415E+05
 43.0 1.16946E+05
 43.5 1.15472E+05
 44.0 1.13995E+05
 44.5 1.12516E+05
 45.0 1.11039E+05
 45.5 1.09566E+05
 46.0 1.08097E+05
 46.5 1.06635E+05
 47.0 1.05180E+05
 47.5 1.03735E+05
 48.0 1.02300E+05
 48.5 1.00877E+05
 49.0 9.94662E+04
 49.5 9.80683E+04
 50.0 9.66843E+04
 50.5 9.53148E+04
 51.0 9.39602E+04
 51.5 9.26211E+04
 52.0 9.12979E+04
 52.5 8.99909E+04
 53.0 8.87003E+04
 53.5 8.74264E+04
 54.0 8.61694E+04
 54.5 8.49293E+04
 55.0 8.37063E+04
 55.5 8.25003E+04
 56.0 8.13115E+04
 56.5 8.01397E+04
 57.0 7.89849E+04
 57.5 7.78471E+04
 58.0 4.13497E+05
 58.5 7.56218E+04
 59.0 7.45342E+04
 59.5 6.66938E+05
 60.0 7.24080E+04
 60.5 7.13690E+04
 61.0 7.03460E+04
 61.5 6.93387E+04
 62.0 6.83469E+04
 62.5 6.73703E+04
 63.0 6.64087E+04
 63.5 6.54620E+04
 64.0 6.45298E+04
 64.5 6.36119E+04
 65.0 6.27082E+04
 65.5 6.18183E+04
 66.0 6.09419E+04
 66.5 6.00790E+04
 67.0 2.62868E+05
 67.5 5.83921E+04
 68.0 5.75677E+04
 68.5 5.67557E+04
 69.0 1.09962E+05
 69.5 5.30497E+04
 70.0 4.18884E+04
 70.5 4.15268E+04
 71.0 4.11643E+04
 71.5 4.08010E+04
 72.0 4.04370E+04
 72.5 4.00725E+04
 73.0 3.97076E+04
 73.5 3.93422E+04
 74.0 3.89765E+04
 74.5 3.86106E+04
 75.0 3.82444E+04
 75.5 3.78782E+04
 76.0 3.75120E+04
 76.5 3.71458E+04
 77.0 3.67797E+04
 77.5 3.64137E+04
 78.0 3.60479E+04
 78.5 3.56824E+04
 79.0 3.53171E+04
 79.5 3.49522E+04
 80.0 3.45876E+04
 80.5 3.42234E+04
 81.0 3.38597E+04
 81.5 3.34964E+04
 82.0 3.31336E+04
 82.5 3.27714E+04
 83.0 3.24097E+04
 83.5 3.20487E+04
 84.0 3.16882E+04
 84.5 3.13284E+04
 85.0 3.09692E+04
 85.5 3.06107E+04
 86.0 3.02528E+04
 86.5 2.98957E+04
 87.0 2.95393E+04
 87.5 2.91837E+04
 88.0 2.88288E+04
 88.5 2.84746E+04
 89.0 2.81212E+04
 89.5 2.77686E+04
 90.0 2.74168E+04
 90.5 2.70658E+04
 91.0 2.67156E+04
 91.5 2.63663E+04
 92.0 2.60177E+04
 92.5 2.56700E+04
 93.0 2.53231E+04
 93.5 2.49770E+04
 94.0 2.46318E+04
 94.5 2.42875E+04
 95.0 2.39440E+04
 95.5 2.36013E+04
 96.0 2.32595E+04
 96.5 2.29186E+04
 97.0 2.25785E+04
 97.5 2.22393E+04
 98.0 2.19010E+04
 98.5 2.15635E+04
 99.0 2.12269E+04
 99.5 2.08912E+04
100.0 2.05563E+04
100.5 2.02223E+04
101.0 1.98893E+04
101.5 1.95570E+04
102.0 1.92257E+04
102.5 1.88953E+04
103.0 1.85657E+04
103.5 1.82370E+04
104.0 1.79092E+04
104.5 1.75823E+04
105.0 1.72563E+04
105.5 1.69312E+04
106.0 1.66069E+04
106.5 1.62836E+04
107.0 1.59611E+04
107.5 1.56396E+04
108.0 1.53189E+04
108.5 1.49992E+04
109.0 1.46804E+04
109.5 1.43624E+04
110.0 1.40454E+04
110.5 1.37293E+04
111.0 1.34141E+04
111.5 1.30999E+04
112.0 1.27865E+04
112.5 1.24741E+04
113.0 1.21626E+04
113.5 1.18521E+04
114.0 1.15425E+04
114.5 1.12338E+04
115.0 1.09261E+04
115.5 1.06193E+04
116.0 1.03135E+04
116.5 1.00087E+04
117.0 9.70479E+03
117.5 9.40188E+03
118.0 9.09996E+03
118.5 8.79901E+03
119.0 8.49906E+03
119.5 8.20011E+03
120.0 7.90216E+03
120.5 7.60521E+03
121.0 7.30929E+03
121.5 7.01439E+03
122.0 6.72053E+03
122.5 6.42770E+03
123.0 6.13592E+03
123.5 5.84520E+03
124.0 5.55553E+03
124.5 5.26695E+03
125.0 4.97944E+03
125.5 4.69302E+03
126.0 4.40770E+03
126.5 4.12348E+03
127.0 3.84039E+03
127.5 3.55842E+03
128.0 3.27758E+03
128.5 2.99790E+03
129.0 2.71937E+03
129.5 2.44200E+03
130.0 2.16582E+03
130.5 1.89082E+03
131.0 1.61702E+03
131.5 1.34443E+03
132.0 1.07307E+03
132.5 8.02933E+02
133.0 5.34046E+02
133.5 2.66415E+02
134.0 2.21703E+01
