134K18D0W2
  0.5 0.00000E+00
  1.0 0.00000E+00
  1.5 0.00000E+00
  2.0 0.00000E+00
  2.5 0.00000E+00
  3.0 0.00000E+00
  3.5 2.78259E+04
  4.0 3.62746E+04
  4.5 4.51402E+04
  5.0 5.44165E+04
  5.5 6.41035E+04
  6.0 7.42054E+04
  6.5 8.47314E+04
  7.0 9.56970E+04
  7.5 1.07127E+05
  8.0 1.19060E+05
  8.5 1.63409E+06
  9.0 1.44648E+05
  9.5 1.51089E+06
 10.0 1.26016E+06
 10.5 6.76802E+04
 11.0 7.27975E+04
 11.5 1.70068E+05
 12.0 5.62337E+04
 12.5 5.24836E+04
 13.0 5.57841E+04
 13.5 5.91570E+04
 14.0 6.26051E+04
 14.5 6.61311E+04
 15.0 6.97379E+04
 15.5 7.34268E+04
 16.0 7.71979E+04
 16.5 8.10484E+04
 17.0 8.49721E+04
 17.5 8.89594E+04
 18.0 9.29961E+04
 18.5 9.70642E+04
 19.0 1.01142E+05
 19.5 1.05206E+05
 20.0 1.09229E+05
 20.5 1.13184E+05
 21.0 1.17044E+05
 21.5 1.20783E+05
 22.0 1.24375E+05
 22.5 1.27799E+05
 23.0 1.31035E+05
 23.5 1.34067E+05
 24.0 1.36881E+05
 24.5 1.39466E+05
 25.0 1.41817E+05
 25.5 1.43928E+05
 26.0 1.45800E+05
 26.5 1.47432E+05
 27.0 1.48828E+05
 27.5 1.49993E+05
 28.0 1.50934E+05
 28.5 1.51659E+05
 29.0 1.52177E+05
 29.5 1.52497E+05
 30.0 1.52630E+05
 30.5 1.52587E+05
 31.0 1.52377E+05
 31.5 1.52013E+05
 32.0 1.51505E+05
 32.5 1.50863E+05
 33.0 1.50099E+05
 33.5 1.49221E+05
 34.0 1.48241E+05
 34.5 1.47166E+05
 35.0 1.46007E+05
 35.5 1.44771E+05
 36.0 1.43467E+05
 36.5 1.42101E+05
 37.0 1.40682E+05
 37.5 1.39215E+05
 38.0 1.37707E+05
 38.5 1.36164E+05
 39.0 1.34590E+05
 39.5 1.32992E+05
 40.0 1.31373E+05
 40.5 1.29737E+05
 41.0 1.28089E+05
 41.5 1.26433E+05
 42.0 1.24770E+05
 42.5 1.23105E+05
 43.0 1.21441E+05
 43.5 1.19778E+05
 44.0 1.18121E+05
 44.5 1.16470E+05
 45.0 1.14828E+05
 45.5 1.13196E+05
 46.0 1.11576E+05
 46.5 1.09969E+05
 47.0 1.08376E+05
 47.5 1.06799E+05
 48.0 1.05237E+05
 48.5 1.03693E+05
 49.0 1.02166E+05
 49.5 1.00657E+05
 50.0 9.91671E+04
 50.5 9.76961E+04
 51.0 9.62445E+04
 51.5 9.48126E+04
 52.0 9.34006E+04
 52.5 9.20086E+04
 53.0 9.06367E+04
 53.5 8.92851E+04
 54.0 8.79536E+04
 54.5 8.66423E+04
 55.0 8.53511E+04
 55.5 8.40798E+04
 56.0 8.28284E+04
 56.5 8.15968E+04
 57.0 8.03847E+04
 57.5 7.91920E+04
 58.0 4.25147E+05
 58.5 7.68638E+04
 59.0 7.57278E+04
 59.5 6.85266E+05
 60.0 7.35109E+04
 60.5 7.24295E+04
 61.0 7.13657E+04
 61.5 7.03193E+04
 62.0 6.92899E+04
 62.5 6.82773E+04
 63.0 6.72813E+04
 63.5 6.63014E+04
 64.0 6.53374E+04
 64.5 6.43890E+04
 65.0 6.34560E+04
 65.5 6.25379E+04
 66.0 6.16346E+04
 66.5 6.07456E+04
 67.0 2.67764E+05
 67.5 5.90099E+04
 68.0 5.81625E+04
 68.5 5.73284E+04
 69.0 1.11556E+05
 69.5 5.37710E+04
 70.0 4.35272E+04
 70.5 4.31175E+04
 71.0 4.27082E+04
 71.5 4.22993E+04
 72.0 4.18908E+04
 72.5 4.14829E+04
 73.0 4.10756E+04
 73.5 4.06690E+04
 74.0 4.02632E+04
 74.5 3.98581E+04
 75.0 3.94539E+04
 75.5 3.90506E+04
 76.0 3.86482E+04
 76.5 3.82468E+04
 77.0 3.78464E+04
 77.5 3.74471E+04
 78.0 3.70489E+04
 78.5 3.66517E+04
 79.0 3.62557E+04
 79.5 3.58609E+04
 80.0 3.54672E+04
 80.5 3.50748E+04
 81.0 3.46835E+04
 81.5 3.42935E+04
 82.0 3.39048E+04
 82.5 3.35173E+04
 83.0 3.31310E+04
 83.5 3.27461E+04
 84.0 3.23624E+04
 84.5 3.19800E+04
 85.0 3.15989E+04
 85.5 3.12191E+04
 86.0 3.08406E+04
 86.5 3.04634E+04
 87.0 3.00875E+04
 87.5 2.97129E+04
 88.0 2.93396E+04
 88.5 2.89676E+04
 89.0 2.85969E+04
 89.5 2.82274E+04
 90.0 2.78593E+04
 90.5 2.74925E+04
 91.0 2.71269E+04
 91.5 2.67626E+04
 92.0 2.63996E+04
 92.5 2.60378E+04
 93.0 2.56773E+04
 93.5 2.53181E+04
 94.0 2.49601E+04
 94.5 2.46033E+04
 95.0 2.42478E+04
 95.5 2.38935E+04
 96.0 2.35404E+04
 96.5 2.31885E+04
 97.0 2.28378E+04
 97.5 2.24884E+04
 98.0 2.21401E+04
 98.5 2.17930E+04
 99.0 2.14471E+04
 99.5 2.11024E+04
100.0 2.07588E+04
100.5 2.04164E+04
101.0 2.00751E+04
101.5 1.97350E+04
102.0 1.93960E+04
102.5 1.90582E+04
103.0 1.87215E+04
103.5 1.83859E+04
104.0 1.80515E+04
104.5 1.77181E+04
105.0 1.73859E+04
105.5 1.70548E+04
106.0 1.67248E+04
106.5 1.63958E+04
107.0 1.60680E+04
107.5 1.57413E+04
108.0 1.54156E+04
108.5 1.50911E+04
109.0 1.47676E+04
109.5 1.44452E+04
110.0 1.41238E+04
110.5 1.38036E+04
111.0 1.34844E+04
111.5 1.31663E+04
112.0 1.28493E+04
112.5 1.25334E+04
113.0 1.22185E+04
113.5 1.19047E+04
114.0 1.15919E+04
114.5 1.12803E+04
115.0 1.09697E+04
115.5 1.06602E+04
116.0 1.03517E+04
116.5 1.00444E+04
117.0 9.73809E+03
117.5 9.43290E+03
118.0 9.12879E+03
118.5 8.82576E+03
119.0 8.52383E+03
119.5 8.22299E+03
120.0 7.92325E+03
120.5 7.62461E+03
121.0 7.32708E+03
121.5 7.03066E+03
122.0 6.73536E+03
122.5 6.44117E+03
123.0 6.14812E+03
123.5 5.85619E+03
124.0 5.56541E+03
124.5 5.27576E+03
125.0 4.98727E+03
125.5 4.69994E+03
126.0 4.41377E+03
126.5 4.12877E+03
127.0 3.84495E+03
127.5 3.56232E+03
128.0 3.28088E+03
128.5 3.00064E+03
129.0 2.72162E+03
129.5 2.44382E+03
130.0 2.16725E+03
130.5 1.89191E+03
131.0 1.61782E+03
131.5 1.34499E+03
132.0 1.07343E+03
132.5 8.03144E+02
133.0 5.34146E+02
133.5 2.66446E+02
134.0 2.21719E+01
