134K20D0W2
  0.5 0.00000E+00
  1.0 0.00000E+00
  1.5 0.00000E+00
  2.0 0.00000E+00
  2.5 0.00000E+00
  3.0 0.00000E+00
  3.5 3.18644E+04
  4.0 4.12852E+04
  4.5 5.11903E+04
  5.0 6.15772E+04
  5.5 7.24494E+04
  6.0 8.38164E+04
  6.5 9.56943E+04
  7.0 1.08110E+05
  7.5 1.21105E+05
  8.0 1.34740E+05
  8.5 2.14149E+06
  9.0 1.64223E+05
  9.5 1.83292E+06
 10.0 1.52707E+06
 10.5 7.64612E+04
 11.0 8.22832E+04
 11.5 2.17251E+05
 12.0 6.35143E+04
 12.5 5.92721E+04
 13.0 6.30188E+04
 13.5 6.68565E+04
 14.0 7.07892E+04
 14.5 7.48202E+04
 15.0 7.89519E+04
 15.5 8.31838E+04
 16.0 8.75120E+04
 16.5 9.19282E+04
 17.0 9.64187E+04
 17.5 1.00965E+05
 18.0 1.05543E+05
 18.5 1.10124E+05
 19.0 1.14679E+05
 19.5 1.19173E+05
 20.0 1.23574E+05
 20.5 1.27848E+05
 21.0 1.31965E+05
 21.5 1.35896E+05
 22.0 1.39615E+05
 22.5 1.43102E+05
 23.0 1.46340E+05
 23.5 1.49314E+05
 24.0 1.52017E+05
 24.5 1.54442E+05
 25.0 1.56588E+05
 25.5 1.58455E+05
 26.0 1.60047E+05
 26.5 1.61371E+05
 27.0 1.62435E+05
 27.5 1.63248E+05
 28.0 1.63821E+05
 28.5 1.64167E+05
 29.0 1.64296E+05
 29.5 1.64224E+05
 30.0 1.63961E+05
 30.5 1.63523E+05
 31.0 1.62920E+05
 31.5 1.62167E+05
 32.0 1.61276E+05
 32.5 1.60258E+05
 33.0 1.59126E+05
 33.5 1.57889E+05
 34.0 1.56559E+05
 34.5 1.55145E+05
 35.0 1.53656E+05
 35.5 1.52102E+05
 36.0 1.50490E+05
 36.5 1.48828E+05
 37.0 1.47122E+05
 37.5 1.45380E+05
 38.0 1.43608E+05
 38.5 1.41811E+05
 39.0 1.39994E+05
 39.5 1.38162E+05
 40.0 1.36319E+05
 40.5 1.34469E+05
 41.0 1.32617E+05
 41.5 1.30764E+05
 42.0 1.28914E+05
 42.5 1.27069E+05
 43.0 1.25233E+05
 43.5 1.23407E+05
 44.0 1.21593E+05
 44.5 1.19792E+05
 45.0 1.18007E+05
 45.5 1.16239E+05
 46.0 1.14489E+05
 46.5 1.12758E+05
 47.0 1.11046E+05
 47.5 1.09355E+05
 48.0 1.07686E+05
 48.5 1.06038E+05
 49.0 1.04412E+05
 49.5 1.02809E+05
 50.0 1.01229E+05
 50.5 9.96723E+04
 51.0 9.81386E+04
 51.5 9.66283E+04
 52.0 9.51414E+04
 52.5 9.36778E+04
 53.0 9.22376E+04
 53.5 9.08206E+04
 54.0 8.94266E+04
 54.5 8.80556E+04
 55.0 8.67072E+04
 55.5 8.53813E+04
 56.0 8.40777E+04
 56.5 8.27961E+04
 57.0 8.15362E+04
 57.5 8.02977E+04
 58.0 4.34787E+05
 58.5 7.78838E+04
 59.0 7.67077E+04
 59.5 7.00414E+05
 60.0 7.44155E+04
 60.5 7.32988E+04
 61.0 7.22013E+04
 61.5 7.11225E+04
 62.0 7.00621E+04
 62.5 6.90198E+04
 63.0 6.79952E+04
 63.5 6.69879E+04
 64.0 6.59977E+04
 64.5 6.50241E+04
 65.0 6.40669E+04
 65.5 6.31257E+04
 66.0 6.22001E+04
 66.5 6.12898E+04
 67.0 2.71781E+05
 67.5 5.95139E+04
 68.0 5.86475E+04
 68.5 5.77952E+04
 69.0 1.12860E+05
 69.5 5.43669E+04
 70.0 4.49098E+04
 70.5 4.44583E+04
 71.0 4.40083E+04
 71.5 4.35596E+04
 72.0 4.31126E+04
 72.5 4.26671E+04
 73.0 4.22233E+04
 73.5 4.17811E+04
 74.0 4.13407E+04
 74.5 4.09020E+04
 75.0 4.04651E+04
 75.5 4.00299E+04
 76.0 3.95966E+04
 76.5 3.91651E+04
 77.0 3.87355E+04
 77.5 3.83077E+04
 78.0 3.78819E+04
 78.5 3.74579E+04
 79.0 3.70358E+04
 79.5 3.66156E+04
 80.0 3.61973E+04
 80.5 3.57809E+04
 81.0 3.53664E+04
 81.5 3.49538E+04
 82.0 3.45431E+04
 82.5 3.41343E+04
 83.0 3.37274E+04
 83.5 3.33224E+04
 84.0 3.29192E+04
 84.5 3.25179E+04
 85.0 3.21184E+04
 85.5 3.17208E+04
 86.0 3.13250E+04
 86.5 3.09310E+04
 87.0 3.05388E+04
 87.5 3.01484E+04
 88.0 2.97597E+04
 88.5 2.93728E+04
 89.0 2.89877E+04
 89.5 2.86043E+04
 90.0 2.82226E+04
 90.5 2.78426E+04
 91.0 2.74643E+04
 91.5 2.70876E+04
 92.0 2.67126E+04
 92.5 2.63392E+04
 93.0 2.59674E+04
 93.5 2.55973E+04
 94.0 2.52287E+04
 94.5 2.48617E+04
 95.0 2.44962E+04
 95.5 2.41323E+04
 96.0 2.37699E+04
 96.5 2.34090E+04
 97.0 2.30496E+04
 97.5 2.26917E+04
 98.0 2.23353E+04
 98.5 2.19803E+04
 99.0 2.16267E+04
 99.5 2.12746E+04
100.0 2.09238E+04
100.5 2.05745E+04
101.0 2.02265E+04
101.5 1.98800E+04
102.0 1.95347E+04
102.5 1.91908E+04
103.0 1.88483E+04
103.5 1.85071E+04
104.0 1.81672E+04
104.5 1.78286E+04
105.0 1.74913E+04
105.5 1.71552E+04
106.0 1.68205E+04
106.5 1.64870E+04
107.0 1.61548E+04
107.5 1.58238E+04
108.0 1.54941E+04
108.5 1.51656E+04
109.0 1.48383E+04
109.5 1.45123E+04
110.0 1.41875E+04
110.5 1.38638E+04
111.0 1.35414E+04
111.5 1.32202E+04
112.0 1.29002E+04
112.5 1.25814E+04
113.0 1.22637E+04
113.5 1.19473E+04
114.0 1.16320E+04
114.5 1.13179E+04
115.0 1.10050E+04
115.5 1.06932E+04
116.0 1.03827E+04
116.5 1.00733E+04
117.0 9.76504E+03
117.5 9.45799E+03
118.0 9.15211E+03
118.5 8.84740E+03
119.0 8.54386E+03
119.5 8.24150E+03
120.0 7.94031E+03
120.5 7.64029E+03
121.0 7.34146E+03
121.5 7.04381E+03
122.0 6.74734E+03
122.5 6.45206E+03
123.0 6.15797E+03
123.5 5.86507E+03
124.0 5.57338E+03
124.5 5.28288E+03
125.0 4.99360E+03
125.5 4.70552E+03
126.0 4.41867E+03
126.5 4.13303E+03
127.0 3.84863E+03
127.5 3.56546E+03
128.0 3.28354E+03
128.5 3.00286E+03
129.0 2.72344E+03
129.5 2.44528E+03
130.0 2.16840E+03
130.5 1.89279E+03
131.0 1.61847E+03
131.5 1.34544E+03
132.0 1.07372E+03
132.5 8.03313E+02
133.0 5.34226E+02
133.5 2.66471E+02
134.0 2.21732E+01
