134K22D0W2
  0.5 0.00000E+00
  1.0 0.00000E+00
  1.5 0.00000E+00
  2.0 0.00000E+00
  2.5 0.00000E+00
  3.0 0.00000E+00
  3.5 3.60220E+04
  4.0 4.64414E+04
  4.5 5.74185E+04
  5.0 6.89546E+04
  5.5 8.10580E+04
  6.0 9.37447E+04
  6.5 1.07042E+05
  7.0 1.20991E+05
  7.5 1.35658E+05
  8.0 1.51129E+05
  8.5 2.68209E+06
  9.0 1.84831E+05
  9.5 2.15310E+06
 10.0 1.79261E+06
 10.5 8.55818E+04
 11.0 9.21568E+04
 11.5 2.69037E+05
 12.0 7.10700E+04
 12.5 6.63140E+04
 13.0 7.05352E+04
 13.5 7.48692E+04
 14.0 7.93207E+04
 14.5 8.38924E+04
 15.0 8.85844E+04
 15.5 9.33916E+04
 16.0 9.83034E+04
 16.5 1.03303E+05
 17.0 1.08365E+05
 17.5 1.13461E+05
 18.0 1.18556E+05
 18.5 1.23612E+05
 19.0 1.28588E+05
 19.5 1.33444E+05
 20.0 1.38142E+05
 20.5 1.42645E+05
 21.0 1.46921E+05
 21.5 1.50942E+05
 22.0 1.54686E+05
 22.5 1.58134E+05
 23.0 1.61273E+05
 23.5 1.64096E+05
 24.0 1.66598E+05
 24.5 1.68780E+05
 25.0 1.70645E+05
 25.5 1.72200E+05
 26.0 1.73454E+05
 26.5 1.74419E+05
 27.0 1.75107E+05
 27.5 1.75532E+05
 28.0 1.75709E+05
 28.5 1.75652E+05
 29.0 1.75379E+05
 29.5 1.74903E+05
 30.0 1.74241E+05
 30.5 1.73407E+05
 31.0 1.72416E+05
 31.5 1.71282E+05
 32.0 1.70019E+05
 32.5 1.68639E+05
 33.0 1.67154E+05
 33.5 1.65577E+05
 34.0 1.63917E+05
 34.5 1.62184E+05
 35.0 1.60389E+05
 35.5 1.58539E+05
 36.0 1.56643E+05
 36.5 1.54709E+05
 37.0 1.52742E+05
 37.5 1.50750E+05
 38.0 1.48738E+05
 38.5 1.46711E+05
 39.0 1.44675E+05
 39.5 1.42633E+05
 40.0 1.40590E+05
 40.5 1.38549E+05
 41.0 1.36514E+05
 41.5 1.34487E+05
 42.0 1.32471E+05
 42.5 1.30468E+05
 43.0 1.28481E+05
 43.5 1.26511E+05
 44.0 1.24559E+05
 44.5 1.22628E+05
 45.0 1.20719E+05
 45.5 1.18832E+05
 46.0 1.16968E+05
 46.5 1.15129E+05
 47.0 1.13314E+05
 47.5 1.11525E+05
 48.0 1.09762E+05
 48.5 1.08025E+05
 49.0 1.06314E+05
 49.5 1.04630E+05
 50.0 1.02973E+05
 50.5 1.01342E+05
 51.0 9.97379E+04
 51.5 9.81604E+04
 52.0 9.66094E+04
 52.5 9.50846E+04
 53.0 9.35860E+04
 53.5 9.21131E+04
 54.0 9.06659E+04
 54.5 8.92440E+04
 55.0 8.78470E+04
 55.5 8.64747E+04
 56.0 8.51266E+04
 56.5 8.38026E+04
 57.0 8.25022E+04
 57.5 8.12249E+04
 58.0 4.42913E+05
 58.5 7.87384E+04
 59.0 7.75283E+04
 59.5 7.13170E+05
 60.0 7.51726E+04
 60.5 7.40261E+04
 61.0 7.29000E+04
 61.5 7.17939E+04
 62.0 7.07074E+04
 62.5 6.96400E+04
 63.0 6.85914E+04
 63.5 6.75611E+04
 64.0 6.65488E+04
 64.5 6.55541E+04
 65.0 6.45766E+04
 65.5 6.36159E+04
 66.0 6.26716E+04
 66.5 6.17434E+04
 67.0 2.75143E+05
 67.5 5.99337E+04
 68.0 5.90515E+04
 68.5 5.81840E+04
 69.0 1.13950E+05
 69.5 5.48686E+04
 70.0 4.60940E+04
 70.5 4.56057E+04
 71.0 4.51198E+04
 71.5 4.46365E+04
 72.0 4.41556E+04
 72.5 4.36773E+04
 73.0 4.32016E+04
 73.5 4.27285E+04
 74.0 4.22579E+04
 74.5 4.17899E+04
 75.0 4.13246E+04
 75.5 4.08618E+04
 76.0 4.04017E+04
 76.5 3.99442E+04
 77.0 3.94893E+04
 77.5 3.90370E+04
 78.0 3.85873E+04
 78.5 3.81401E+04
 79.0 3.76956E+04
 79.5 3.72536E+04
 80.0 3.68141E+04
 80.5 3.63772E+04
 81.0 3.59428E+04
 81.5 3.55108E+04
 82.0 3.50814E+04
 82.5 3.46544E+04
 83.0 3.42298E+04
 83.5 3.38076E+04
 84.0 3.33878E+04
 84.5 3.29703E+04
 85.0 3.25552E+04
 85.5 3.21424E+04
 86.0 3.17319E+04
 86.5 3.13236E+04
 87.0 3.09176E+04
 87.5 3.05138E+04
 88.0 3.01121E+04
 88.5 2.97126E+04
 89.0 2.93153E+04
 89.5 2.89200E+04
 90.0 2.85268E+04
 90.5 2.81357E+04
 91.0 2.77466E+04
 91.5 2.73595E+04
 92.0 2.69744E+04
 92.5 2.65912E+04
 93.0 2.62099E+04
 93.5 2.58305E+04
 94.0 2.54531E+04
 94.5 2.50774E+04
 95.0 2.47036E+04
 95.5 2.43316E+04
 96.0 2.39614E+04
 96.5 2.35930E+04
 97.0 2.32262E+04
 97.5 2.28612E+04
 98.0 2.24979E+04
 98.5 2.21363E+04
 99.0 2.17763E+04
 99.5 2.14180E+04
100.0 2.10612E+04
100.5 2.07061E+04
101.0 2.03525E+04
101.5 2.00005E+04
102.0 1.96501E+04
102.5 1.93012E+04
103.0 1.89537E+04
103.5 1.86078E+04
104.0 1.82634E+04
104.5 1.79204E+04
105.0 1.75788E+04
105.5 1.72387E+04
106.0 1.69000E+04
106.5 1.65627E+04
107.0 1.62268E+04
107.5 1.58923E+04
108.0 1.55592E+04
108.5 1.52274E+04
109.0 1.48970E+04
109.5 1.45679E+04
110.0 1.42402E+04
110.5 1.39138E+04
111.0 1.35887E+04
111.5 1.32649E+04
112.0 1.29423E+04
112.5 1.26211E+04
113.0 1.23012E+04
113.5 1.19825E+04
114.0 1.16652E+04
114.5 1.13490E+04
115.0 1.10342E+04
115.5 1.07206E+04
116.0 1.04083E+04
116.5 1.00972E+04
117.0 9.78735E+03
117.5 9.47875E+03
118.0 9.17140E+03
118.5 8.86529E+03
119.0 8.56043E+03
119.5 8.25680E+03
120.0 7.95441E+03
120.5 7.65326E+03
121.0 7.35335E+03
121.5 7.05468E+03
122.0 6.75725E+03
122.5 6.46106E+03
123.0 6.16611E+03
123.5 5.87241E+03
124.0 5.57997E+03
124.5 5.28877E+03
125.0 4.99882E+03
125.5 4.71014E+03
126.0 4.42271E+03
126.5 4.13656E+03
127.0 3.85167E+03
127.5 3.56806E+03
128.0 3.28573E+03
128.5 3.00469E+03
129.0 2.72494E+03
129.5 2.44649E+03
130.0 2.16935E+03
130.5 1.89352E+03
131.0 1.61900E+03
131.5 1.34582E+03
132.0 1.07396E+03
132.5 8.03453E+02
133.0 5.34292E+02
133.5 2.66491E+02
134.0 2.21743E+01
