135K09D0W2
  0.5 0.00000E+00
  1.0 0.00000E+00
  1.5 0.00000E+00
  2.0 0.00000E+00
  2.5 0.00000E+00
  3.0 0.00000E+00
  3.5 1.08246E+04
  4.0 1.50712E+04
  4.5 1.95106E+04
  5.0 2.41123E+04
  5.5 2.88636E+04
  6.0 3.37583E+04
  6.5 3.87926E+04
  7.0 4.39637E+04
  7.5 4.92700E+04
  8.0 5.47105E+04
  8.5 1.50310E+05
  9.0 6.59957E+04
  9.5 2.55498E+05
 10.0 2.19585E+05
 10.5 3.11722E+04
 11.0 3.35445E+04
 11.5 3.74789E+04
 12.0 2.59156E+04
 12.5 2.41900E+04
 13.0 2.57339E+04
 13.5 2.72976E+04
 14.0 2.88809E+04
 14.5 3.04838E+04
 15.0 3.21063E+04
 15.5 3.37483E+04
 16.0 3.54098E+04
 16.5 3.70909E+04
 17.0 3.87916E+04
 17.5 4.05121E+04
 18.0 4.22524E+04
 18.5 4.40126E+04
 19.0 4.57929E+04
 19.5 4.75931E+04
 20.0 4.94128E+04
 20.5 5.12514E+04
 21.0 5.31076E+04
 21.5 5.49798E+04
 22.0 5.68656E+04
 22.5 5.87617E+04
 23.0 6.06644E+04
 23.5 6.25690E+04
 24.0 6.44702E+04
 24.5 6.63620E+04
 25.0 6.82381E+04
 25.5 7.00916E+04
 26.0 7.19154E+04
 26.5 7.37026E+04
 27.0 7.54460E+04
 27.5 7.71391E+04
 28.0 7.87752E+04
 28.5 8.03485E+04
 29.0 8.18534E+04
 29.5 8.32851E+04
 30.0 8.46395E+04
 30.5 8.59130E+04
 31.0 8.71026E+04
 31.5 8.82064E+04
 32.0 8.92226E+04
 32.5 9.01504E+04
 33.0 9.09896E+04
 33.5 9.17404E+04
 34.0 9.24035E+04
 34.5 9.29800E+04
 35.0 9.34716E+04
 35.5 9.38802E+04
 36.0 9.42080E+04
 36.5 9.44576E+04
 37.0 9.46315E+04
 37.5 9.47328E+04
 38.0 9.47643E+04
 38.5 9.47292E+04
 39.0 9.46306E+04
 39.5 9.44716E+04
 40.0 9.42555E+04
 40.5 9.39855E+04
 41.0 9.36646E+04
 41.5 9.32960E+04
 42.0 9.28827E+04
 42.5 9.24277E+04
 43.0 9.19338E+04
 43.5 9.14039E+04
 44.0 9.08405E+04
 44.5 9.02463E+04
 45.0 8.96239E+04
 45.5 8.89754E+04
 46.0 8.83032E+04
 46.5 8.76094E+04
 47.0 8.68962E+04
 47.5 8.61654E+04
 48.0 8.54189E+04
 48.5 8.46584E+04
 49.0 8.38856E+04
 49.5 8.31020E+04
 50.0 8.23090E+04
 50.5 8.15080E+04
 51.0 8.07003E+04
 51.5 7.98871E+04
 52.0 7.90696E+04
 52.5 7.82486E+04
 53.0 7.74253E+04
 53.5 7.66005E+04
 54.0 7.57750E+04
 54.5 7.49496E+04
 55.0 7.41251E+04
 55.5 7.33021E+04
 56.0 7.24811E+04
 56.5 7.16628E+04
 57.0 7.08476E+04
 57.5 7.00361E+04
 58.0 3.47500E+05
 58.5 6.84256E+04
 59.0 6.76274E+04
 59.5 5.63396E+05
 60.0 6.60466E+04
 60.5 6.52645E+04
 61.0 6.44883E+04
 61.5 6.37182E+04
 62.0 6.29544E+04
 62.5 6.21969E+04
 63.0 6.14461E+04
 63.5 6.07018E+04
 64.0 5.99643E+04
 64.5 5.92337E+04
 65.0 5.85100E+04
 65.5 5.77932E+04
 66.0 5.70834E+04
 66.5 5.63805E+04
 67.0 2.35904E+05
 67.5 5.49960E+04
 68.0 5.43142E+04
 68.5 5.36394E+04
 69.0 1.01298E+05
 69.5 4.91145E+04
 70.0 3.27468E+04
 70.5 3.26257E+04
 71.0 3.24997E+04
 71.5 3.23689E+04
 72.0 3.22334E+04
 72.5 3.20933E+04
 73.0 3.19487E+04
 73.5 3.17995E+04
 74.0 3.16461E+04
 74.5 3.14883E+04
 75.0 3.13263E+04
 75.5 3.11603E+04
 76.0 3.09902E+04
 76.5 3.08162E+04
 77.0 3.06383E+04
 77.5 3.04567E+04
 78.0 3.02714E+04
 78.5 3.00826E+04
 79.0 2.98902E+04
 79.5 2.96944E+04
 80.0 2.94953E+04
 80.5 2.92930E+04
 81.0 2.90874E+04
 81.5 2.88788E+04
 82.0 2.86672E+04
 82.5 2.84526E+04
 83.0 2.82352E+04
 83.5 2.80150E+04
 84.0 2.77921E+04
 84.5 2.75666E+04
 85.0 2.73385E+04
 85.5 2.71080E+04
 86.0 2.68750E+04
 86.5 2.66397E+04
 87.0 2.64021E+04
 87.5 2.61623E+04
 88.0 2.59204E+04
 88.5 2.56764E+04
 89.0 2.54304E+04
 89.5 2.51824E+04
 90.0 2.49325E+04
 90.5 2.46808E+04
 91.0 2.44274E+04
 91.5 2.41722E+04
 92.0 2.39154E+04
 92.5 2.36570E+04
 93.0 2.33971E+04
 93.5 2.31356E+04
 94.0 2.28727E+04
 94.5 2.26084E+04
 95.0 2.23428E+04
 95.5 2.20760E+04
 96.0 2.18079E+04
 96.5 2.15385E+04
 97.0 2.12681E+04
 97.5 2.09966E+04
 98.0 2.07240E+04
 98.5 2.04504E+04
 99.0 2.01758E+04
 99.5 1.99004E+04
100.0 1.96240E+04
100.5 1.93468E+04
101.0 1.90689E+04
101.5 1.87901E+04
102.0 1.85107E+04
102.5 1.82306E+04
103.0 1.79498E+04
103.5 1.76684E+04
104.0 1.73865E+04
104.5 1.71040E+04
105.0 1.68211E+04
105.5 1.65376E+04
106.0 1.62538E+04
106.5 1.59695E+04
107.0 1.56849E+04
107.5 1.53999E+04
108.0 1.51147E+04
108.5 1.48292E+04
109.0 1.45434E+04
109.5 1.42574E+04
110.0 1.39713E+04
110.5 1.36850E+04
111.0 1.33986E+04
111.5 1.31121E+04
112.0 1.28255E+04
112.5 1.25389E+04
113.0 1.22523E+04
113.5 1.19657E+04
114.0 1.16791E+04
114.5 1.13926E+04
115.0 1.11062E+04
115.5 1.08200E+04
116.0 1.05339E+04
116.5 1.02479E+04
117.0 9.96217E+03
117.5 9.67664E+03
118.0 9.39136E+03
118.5 9.10635E+03
119.0 8.82163E+03
119.5 8.53723E+03
120.0 8.25318E+03
120.5 7.96949E+03
121.0 7.68618E+03
121.5 7.40329E+03
122.0 7.12083E+03
122.5 6.83882E+03
123.0 6.55730E+03
123.5 6.27627E+03
124.0 5.99577E+03
124.5 5.71581E+03
125.0 5.43641E+03
125.5 5.15761E+03
126.0 4.87941E+03
126.5 4.60185E+03
127.0 4.32493E+03
127.5 4.04869E+03
128.0 3.77315E+03
128.5 3.49831E+03
129.0 3.22422E+03
129.5 2.95088E+03
130.0 2.67832E+03
130.5 2.40656E+03
131.0 2.13562E+03
131.5 1.86552E+03
132.0 1.59628E+03
132.5 1.32792E+03
133.0 1.06046E+03
133.5 7.93921E+02
134.0 5.28325E+02
134.5 2.63692E+02
135.0 2.19503E+01
