135K07D0W2
  0.5 0.00000E+00
  1.0 0.00000E+00
  1.5 0.00000E+00
  2.0 0.00000E+00
  2.5 0.00000E+00
  3.0 0.00000E+00
  3.5 7.38146E+03
  4.0 1.06980E+04
  4.5 1.41866E+04
  5.0 1.78036E+04
  5.5 2.15305E+04
  6.0 2.53585E+04
  6.5 2.92826E+04
  7.0 3.32995E+04
  7.5 3.74066E+04
  8.0 4.16018E+04
  8.5 6.43886E+04
  9.0 5.02510E+04
  9.5 1.14382E+05
 10.0 1.01577E+05
 10.5 2.36520E+04
 11.0 2.54881E+04
 11.5 2.63049E+04
 12.0 1.96590E+04
 12.5 1.83460E+04
 13.0 1.95432E+04
 13.5 2.07533E+04
 14.0 2.19761E+04
 14.5 2.32114E+04
 15.0 2.44590E+04
 15.5 2.57188E+04
 16.0 2.69907E+04
 16.5 2.82744E+04
 17.0 2.95698E+04
 17.5 3.08769E+04
 18.0 3.21954E+04
 18.5 3.35253E+04
 19.0 3.48665E+04
 19.5 3.62190E+04
 20.0 3.75825E+04
 20.5 3.89570E+04
 21.0 4.03423E+04
 21.5 4.17380E+04
 22.0 4.31438E+04
 22.5 4.45590E+04
 23.0 4.59827E+04
 23.5 4.74135E+04
 24.0 4.88501E+04
 24.5 5.02903E+04
 25.0 5.17320E+04
 25.5 5.31722E+04
 26.0 5.46078E+04
 26.5 5.60354E+04
 27.0 5.74513E+04
 27.5 5.88514E+04
 28.0 6.02316E+04
 28.5 6.15875E+04
 29.0 6.29151E+04
 29.5 6.42101E+04
 30.0 6.54683E+04
 30.5 6.66861E+04
 31.0 6.78597E+04
 31.5 6.89858E+04
 32.0 7.00615E+04
 32.5 7.10840E+04
 33.0 7.20511E+04
 33.5 7.29610E+04
 34.0 7.38121E+04
 34.5 7.46032E+04
 35.0 7.53337E+04
 35.5 7.60029E+04
 36.0 7.66110E+04
 36.5 7.71581E+04
 37.0 7.76446E+04
 37.5 7.80714E+04
 38.0 7.84393E+04
 38.5 7.87496E+04
 39.0 7.90036E+04
 39.5 7.92030E+04
 40.0 7.93492E+04
 40.5 7.94440E+04
 41.0 7.94894E+04
 41.5 7.94871E+04
 42.0 7.94392E+04
 42.5 7.93477E+04
 43.0 7.92145E+04
 43.5 7.90416E+04
 44.0 7.88312E+04
 44.5 7.85850E+04
 45.0 7.83053E+04
 45.5 7.79937E+04
 46.0 7.76523E+04
 46.5 7.72829E+04
 47.0 7.68872E+04
 47.5 7.64670E+04
 48.0 7.60240E+04
 48.5 7.55598E+04
 49.0 7.50760E+04
 49.5 7.45740E+04
 50.0 7.40553E+04
 50.5 7.35212E+04
 51.0 7.29731E+04
 51.5 7.24122E+04
 52.0 7.18397E+04
 52.5 7.12567E+04
 53.0 7.06643E+04
 53.5 7.00635E+04
 54.0 6.94552E+04
 54.5 6.88404E+04
 55.0 6.82199E+04
 55.5 6.75944E+04
 56.0 6.69649E+04
 56.5 6.63319E+04
 57.0 6.56961E+04
 57.5 6.50582E+04
 58.0 3.06958E+05
 58.5 6.37782E+04
 59.0 6.31371E+04
 59.5 4.98752E+05
 60.0 6.18552E+04
 60.5 6.12152E+04
 61.0 6.05764E+04
 61.5 5.99391E+04
 62.0 5.93035E+04
 62.5 5.86702E+04
 63.0 5.80392E+04
 63.5 5.74108E+04
 64.0 5.67853E+04
 64.5 5.61628E+04
 65.0 5.55436E+04
 65.5 5.49278E+04
 66.0 5.43156E+04
 66.5 5.37070E+04
 67.0 2.17184E+05
 67.5 5.25016E+04
 68.0 5.19049E+04
 68.5 5.13123E+04
 69.0 9.50333E+04
 69.5 4.65171E+04
 70.0 2.80997E+04
 70.5 2.80681E+04
 71.0 2.80315E+04
 71.5 2.79897E+04
 72.0 2.79428E+04
 72.5 2.78908E+04
 73.0 2.78338E+04
 73.5 2.77719E+04
 74.0 2.77049E+04
 74.5 2.76330E+04
 75.0 2.75562E+04
 75.5 2.74745E+04
 76.0 2.73879E+04
 76.5 2.72967E+04
 77.0 2.72007E+04
 77.5 2.71000E+04
 78.0 2.69948E+04
 78.5 2.68849E+04
 79.0 2.67706E+04
 79.5 2.66518E+04
 80.0 2.65287E+04
 80.5 2.64012E+04
 81.0 2.62695E+04
 81.5 2.61336E+04
 82.0 2.59936E+04
 82.5 2.58495E+04
 83.0 2.57014E+04
 83.5 2.55494E+04
 84.0 2.53935E+04
 84.5 2.52339E+04
 85.0 2.50706E+04
 85.5 2.49036E+04
 86.0 2.47330E+04
 86.5 2.45589E+04
 87.0 2.43814E+04
 87.5 2.42005E+04
 88.0 2.40164E+04
 88.5 2.38290E+04
 89.0 2.36384E+04
 89.5 2.34448E+04
 90.0 2.32481E+04
 90.5 2.30484E+04
 91.0 2.28459E+04
 91.5 2.26406E+04
 92.0 2.24325E+04
 92.5 2.22218E+04
 93.0 2.20084E+04
 93.5 2.17924E+04
 94.0 2.15740E+04
 94.5 2.13531E+04
 95.0 2.11299E+04
 95.5 2.09044E+04
 96.0 2.06766E+04
 96.5 2.04467E+04
 97.0 2.02146E+04
 97.5 1.99805E+04
 98.0 1.97444E+04
 98.5 1.95063E+04
 99.0 1.92664E+04
 99.5 1.90246E+04
100.0 1.87811E+04
100.5 1.85358E+04
101.0 1.82889E+04
101.5 1.80404E+04
102.0 1.77904E+04
102.5 1.75388E+04
103.0 1.72858E+04
103.5 1.70314E+04
104.0 1.67756E+04
104.5 1.65186E+04
105.0 1.62603E+04
105.5 1.60008E+04
106.0 1.57401E+04
106.5 1.54784E+04
107.0 1.52156E+04
107.5 1.49518E+04
108.0 1.46870E+04
108.5 1.44213E+04
109.0 1.41547E+04
109.5 1.38873E+04
110.0 1.36191E+04
110.5 1.33501E+04
111.0 1.30804E+04
111.5 1.28101E+04
112.0 1.25391E+04
112.5 1.22676E+04
113.0 1.19955E+04
113.5 1.17228E+04
114.0 1.14498E+04
114.5 1.11762E+04
115.0 1.09023E+04
115.5 1.06280E+04
116.0 1.03534E+04
116.5 1.00786E+04
117.0 9.80343E+03
117.5 9.52807E+03
118.0 9.25254E+03
118.5 8.97685E+03
119.0 8.70106E+03
119.5 8.42518E+03
120.0 8.14925E+03
120.5 7.87331E+03
121.0 7.59739E+03
121.5 7.32151E+03
122.0 7.04572E+03
122.5 6.77004E+03
123.0 6.49450E+03
123.5 6.21913E+03
124.0 5.94397E+03
124.5 5.66904E+03
125.0 5.39438E+03
125.5 5.12001E+03
126.0 4.84596E+03
126.5 4.57226E+03
127.0 4.29895E+03
127.5 4.02604E+03
128.0 3.75357E+03
128.5 3.48156E+03
129.0 3.21004E+03
129.5 2.93904E+03
130.0 2.66860E+03
130.5 2.39872E+03
131.0 2.12944E+03
131.5 1.86080E+03
132.0 1.59280E+03
132.5 1.32549E+03
133.0 1.05888E+03
133.5 7.93008E+02
134.0 5.27891E+02
134.5 2.63558E+02
135.0 2.19433E+01
