135K06D0W2
  0.5 0.00000E+00
  1.0 0.00000E+00
  1.5 0.00000E+00
  2.0 0.00000E+00
  2.5 0.00000E+00
  3.0 0.00000E+00
  3.5 5.72728E+03
  4.0 8.56407E+03
  4.5 1.15707E+04
  5.0 1.46943E+04
  5.5 1.79117E+04
  6.0 2.12121E+04
  6.5 2.45896E+04
  7.0 2.80405E+04
  7.5 3.15620E+04
  8.0 3.51519E+04
  8.5 4.44718E+04
  9.0 4.25299E+04
  9.5 7.20462E+04
 10.0 6.57034E+04
 10.5 1.99443E+04
 11.0 2.15187E+04
 11.5 2.18779E+04
 12.0 1.65734E+04
 12.5 1.54633E+04
 13.0 1.64911E+04
 13.5 1.75288E+04
 14.0 1.85762E+04
 14.5 1.96330E+04
 15.0 2.06992E+04
 15.5 2.17746E+04
 16.0 2.28589E+04
 16.5 2.39521E+04
 17.0 2.50538E+04
 17.5 2.61640E+04
 18.0 2.72825E+04
 18.5 2.84090E+04
 19.0 2.95436E+04
 19.5 3.06860E+04
 20.0 3.18360E+04
 20.5 3.29935E+04
 21.0 3.41585E+04
 21.5 3.53306E+04
 22.0 3.65097E+04
 22.5 3.76956E+04
 23.0 3.88877E+04
 23.5 4.00858E+04
 24.0 4.12890E+04
 24.5 4.24967E+04
 25.0 4.37077E+04
 25.5 4.49208E+04
 26.0 4.61344E+04
 26.5 4.73466E+04
 27.0 4.85554E+04
 27.5 4.97585E+04
 28.0 5.09533E+04
 28.5 5.21371E+04
 29.0 5.33070E+04
 29.5 5.44599E+04
 30.0 5.55928E+04
 30.5 5.67026E+04
 31.0 5.77863E+04
 31.5 5.88409E+04
 32.0 5.98636E+04
 32.5 6.08516E+04
 33.0 6.18025E+04
 33.5 6.27140E+04
 34.0 6.35841E+04
 34.5 6.44111E+04
 35.0 6.51932E+04
 35.5 6.59293E+04
 36.0 6.66184E+04
 36.5 6.72598E+04
 37.0 6.78529E+04
 37.5 6.83976E+04
 38.0 6.88937E+04
 38.5 6.93414E+04
 39.0 6.97412E+04
 39.5 7.00935E+04
 40.0 7.03992E+04
 40.5 7.06591E+04
 41.0 7.08742E+04
 41.5 7.10456E+04
 42.0 7.11745E+04
 42.5 7.12621E+04
 43.0 7.13099E+04
 43.5 7.13193E+04
 44.0 7.12916E+04
 44.5 7.12284E+04
 45.0 7.11311E+04
 45.5 7.10013E+04
 46.0 7.08405E+04
 46.5 7.06501E+04
 47.0 7.04316E+04
 47.5 7.01866E+04
 48.0 6.99164E+04
 48.5 6.96224E+04
 49.0 6.93060E+04
 49.5 6.89686E+04
 50.0 6.86114E+04
 50.5 6.82357E+04
 51.0 6.78428E+04
 51.5 6.74338E+04
 52.0 6.70098E+04
 52.5 6.65719E+04
 53.0 6.61212E+04
 53.5 6.56587E+04
 54.0 6.51853E+04
 54.5 6.47019E+04
 55.0 6.42094E+04
 55.5 6.37086E+04
 56.0 6.32004E+04
 56.5 6.26854E+04
 57.0 6.21644E+04
 57.5 6.16380E+04
 58.0 2.79939E+05
 58.5 6.05715E+04
 59.0 6.00326E+04
 59.5 4.55456E+05
 60.0 5.89462E+04
 60.5 5.83997E+04
 61.0 5.78515E+04
 61.5 5.73020E+04
 62.0 5.67518E+04
 62.5 5.62010E+04
 63.0 5.56501E+04
 63.5 5.50993E+04
 64.0 5.45491E+04
 64.5 5.39995E+04
 65.0 5.34509E+04
 65.5 5.29035E+04
 66.0 5.23576E+04
 66.5 5.18133E+04
 67.0 2.04228E+05
 67.5 5.07302E+04
 68.0 5.01918E+04
 68.5 4.96556E+04
 69.0 9.06452E+04
 69.5 4.47376E+04
 70.0 2.52161E+04
 70.5 2.52297E+04
 71.0 2.52385E+04
 71.5 2.52425E+04
 72.0 2.52417E+04
 72.5 2.52361E+04
 73.0 2.52256E+04
 73.5 2.52103E+04
 74.0 2.51901E+04
 74.5 2.51650E+04
 75.0 2.51349E+04
 75.5 2.51000E+04
 76.0 2.50602E+04
 76.5 2.50156E+04
 77.0 2.49660E+04
 77.5 2.49116E+04
 78.0 2.48524E+04
 78.5 2.47883E+04
 79.0 2.47195E+04
 79.5 2.46459E+04
 80.0 2.45677E+04
 80.5 2.44847E+04
 81.0 2.43971E+04
 81.5 2.43049E+04
 82.0 2.42082E+04
 82.5 2.41069E+04
 83.0 2.40012E+04
 83.5 2.38911E+04
 84.0 2.37767E+04
 84.5 2.36579E+04
 85.0 2.35349E+04
 85.5 2.34077E+04
 86.0 2.32764E+04
 86.5 2.31410E+04
 87.0 2.30016E+04
 87.5 2.28583E+04
 88.0 2.27110E+04
 88.5 2.25600E+04
 89.0 2.24052E+04
 89.5 2.22467E+04
 90.0 2.20845E+04
 90.5 2.19188E+04
 91.0 2.17496E+04
 91.5 2.15770E+04
 92.0 2.14010E+04
 92.5 2.12217E+04
 93.0 2.10392E+04
 93.5 2.08535E+04
 94.0 2.06647E+04
 94.5 2.04729E+04
 95.0 2.02781E+04
 95.5 2.00804E+04
 96.0 1.98798E+04
 96.5 1.96765E+04
 97.0 1.94705E+04
 97.5 1.92618E+04
 98.0 1.90506E+04
 98.5 1.88368E+04
 99.0 1.86205E+04
 99.5 1.84019E+04
100.0 1.81810E+04
100.5 1.79577E+04
101.0 1.77323E+04
101.5 1.75047E+04
102.0 1.72750E+04
102.5 1.70433E+04
103.0 1.68097E+04
103.5 1.65741E+04
104.0 1.63367E+04
104.5 1.60974E+04
105.0 1.58565E+04
105.5 1.56138E+04
106.0 1.53695E+04
106.5 1.51237E+04
107.0 1.48763E+04
107.5 1.46274E+04
108.0 1.43772E+04
108.5 1.41255E+04
109.0 1.38726E+04
109.5 1.36184E+04
110.0 1.33630E+04
110.5 1.31064E+04
111.0 1.28487E+04
111.5 1.25900E+04
112.0 1.23302E+04
112.5 1.20695E+04
113.0 1.18078E+04
113.5 1.15453E+04
114.0 1.12819E+04
114.5 1.10178E+04
115.0 1.07529E+04
115.5 1.04873E+04
116.0 1.02211E+04
116.5 9.95421E+03
117.0 9.68679E+03
117.5 9.41883E+03
118.0 9.15040E+03
118.5 8.88151E+03
119.0 8.61223E+03
119.5 8.34257E+03
120.0 8.07259E+03
120.5 7.80233E+03
121.0 7.53181E+03
121.5 7.26108E+03
122.0 6.99019E+03
122.5 6.71915E+03
123.0 6.44801E+03
123.5 6.17682E+03
124.0 5.90559E+03
124.5 5.63437E+03
125.0 5.36320E+03
125.5 5.09211E+03
126.0 4.82112E+03
126.5 4.55029E+03
127.0 4.27963E+03
127.5 4.00919E+03
128.0 3.73900E+03
128.5 3.46908E+03
129.0 3.19948E+03
129.5 2.93023E+03
130.0 2.66134E+03
130.5 2.39287E+03
131.0 2.12484E+03
131.5 1.85727E+03
132.0 1.59021E+03
132.5 1.32368E+03
133.0 1.05771E+03
133.5 7.92325E+02
134.0 5.27566E+02
134.5 2.63458E+02
135.0 2.19380E+01
