135K08D0W2
  0.5 0.00000E+00
  1.0 0.00000E+00
  1.5 0.00000E+00
  2.0 0.00000E+00
  2.5 0.00000E+00
  3.0 0.00000E+00
  3.5 9.08435E+03
  4.0 1.28693E+04
  4.5 1.68344E+04
  5.0 2.09434E+04
  5.5 2.51812E+04
  6.0 2.95403E+04
  6.5 3.40163E+04
  7.0 3.86063E+04
  7.5 4.33079E+04
  8.0 4.81197E+04
  8.5 9.80696E+04
  9.0 5.80703E+04
  9.5 1.75470E+05
 10.0 1.52819E+05
 10.5 2.73939E+04
 11.0 2.94958E+04
 11.5 3.13873E+04
 12.0 2.27725E+04
 12.5 2.12543E+04
 13.0 2.26235E+04
 13.5 2.40088E+04
 14.0 2.54102E+04
 14.5 2.68274E+04
 15.0 2.82603E+04
 15.5 2.97089E+04
 16.0 3.11730E+04
 16.5 3.26525E+04
 17.0 3.41474E+04
 17.5 3.56576E+04
 18.0 3.71832E+04
 18.5 3.87241E+04
 19.0 4.02803E+04
 19.5 4.18518E+04
 20.0 4.34385E+04
 20.5 4.50401E+04
 21.0 4.66561E+04
 21.5 4.82858E+04
 22.0 4.99282E+04
 22.5 5.15815E+04
 23.0 5.32439E+04
 23.5 5.49125E+04
 24.0 5.65844E+04
 24.5 5.82557E+04
 25.0 5.99222E+04
 25.5 6.15792E+04
 26.0 6.32216E+04
 26.5 6.48441E+04
 27.0 6.64412E+04
 27.5 6.80073E+04
 28.0 6.95368E+04
 28.5 7.10242E+04
 29.0 7.24645E+04
 29.5 7.38529E+04
 30.0 7.51847E+04
 30.5 7.64562E+04
 31.0 7.76636E+04
 31.5 7.88040E+04
 32.0 7.98748E+04
 32.5 8.08741E+04
 33.0 8.18004E+04
 33.5 8.26527E+04
 34.0 8.34304E+04
 34.5 8.41335E+04
 35.0 8.47623E+04
 35.5 8.53175E+04
 36.0 8.58002E+04
 36.5 8.62117E+04
 37.0 8.65535E+04
 37.5 8.68277E+04
 38.0 8.70360E+04
 38.5 8.71808E+04
 39.0 8.72644E+04
 39.5 8.72890E+04
 40.0 8.72573E+04
 40.5 8.71718E+04
 41.0 8.70350E+04
 41.5 8.68495E+04
 42.0 8.66180E+04
 42.5 8.63428E+04
 43.0 8.60266E+04
 43.5 8.56718E+04
 44.0 8.52808E+04
 44.5 8.48560E+04
 45.0 8.43996E+04
 45.5 8.39139E+04
 46.0 8.34010E+04
 46.5 8.28629E+04
 47.0 8.23016E+04
 47.5 8.17190E+04
 48.0 8.11170E+04
 48.5 8.04971E+04
 49.0 7.98611E+04
 49.5 7.92104E+04
 50.0 7.85467E+04
 50.5 7.78712E+04
 51.0 7.71853E+04
 51.5 7.64903E+04
 52.0 7.57872E+04
 52.5 7.50772E+04
 53.0 7.43614E+04
 53.5 7.36407E+04
 54.0 7.29160E+04
 54.5 7.21881E+04
 55.0 7.14580E+04
 55.5 7.07262E+04
 56.0 6.99935E+04
 56.5 6.92606E+04
 57.0 6.85279E+04
 57.5 6.77961E+04
 58.0 3.29084E+05
 58.5 6.63371E+04
 59.0 6.56108E+04
 59.5 5.34078E+05
 60.0 6.41665E+04
 60.5 6.34492E+04
 61.0 6.27356E+04
 61.5 6.20259E+04
 62.0 6.13204E+04
 62.5 6.06193E+04
 63.0 5.99229E+04
 63.5 5.92312E+04
 64.0 5.85444E+04
 64.5 5.78627E+04
 65.0 5.71862E+04
 65.5 5.65151E+04
 66.0 5.58493E+04
 66.5 5.51890E+04
 67.0 2.27500E+05
 67.5 5.38852E+04
 68.0 5.32417E+04
 68.5 5.26039E+04
 69.0 9.84961E+04
 69.5 4.79438E+04
 70.0 3.05876E+04
 70.5 3.05106E+04
 71.0 3.04284E+04
 71.5 3.03412E+04
 72.0 3.02489E+04
 72.5 3.01516E+04
 73.0 3.00495E+04
 73.5 2.99426E+04
 74.0 2.98308E+04
 74.5 2.97144E+04
 75.0 2.95934E+04
 75.5 2.94677E+04
 76.0 2.93376E+04
 76.5 2.92031E+04
 77.0 2.90642E+04
 77.5 2.89211E+04
 78.0 2.87738E+04
 78.5 2.86223E+04
 79.0 2.84668E+04
 79.5 2.83073E+04
 80.0 2.81440E+04
 80.5 2.79768E+04
 81.0 2.78059E+04
 81.5 2.76313E+04
 82.0 2.74532E+04
 82.5 2.72715E+04
 83.0 2.70865E+04
 83.5 2.68980E+04
 84.0 2.67063E+04
 84.5 2.65113E+04
 85.0 2.63132E+04
 85.5 2.61121E+04
 86.0 2.59080E+04
 86.5 2.57009E+04
 87.0 2.54910E+04
 87.5 2.52784E+04
 88.0 2.50630E+04
 88.5 2.48450E+04
 89.0 2.46244E+04
 89.5 2.44013E+04
 90.0 2.41758E+04
 90.5 2.39479E+04
 91.0 2.37178E+04
 91.5 2.34853E+04
 92.0 2.32507E+04
 92.5 2.30140E+04
 93.0 2.27752E+04
 93.5 2.25345E+04
 94.0 2.22918E+04
 94.5 2.20472E+04
 95.0 2.18008E+04
 95.5 2.15526E+04
 96.0 2.13028E+04
 96.5 2.10513E+04
 97.0 2.07982E+04
 97.5 2.05435E+04
 98.0 2.02874E+04
 98.5 2.00298E+04
 99.0 1.97708E+04
 99.5 1.95105E+04
100.0 1.92490E+04
100.5 1.89861E+04
101.0 1.87221E+04
101.5 1.84569E+04
102.0 1.81907E+04
102.5 1.79234E+04
103.0 1.76550E+04
103.5 1.73857E+04
104.0 1.71155E+04
104.5 1.68444E+04
105.0 1.65724E+04
105.5 1.62997E+04
106.0 1.60262E+04
106.5 1.57520E+04
107.0 1.54771E+04
107.5 1.52016E+04
108.0 1.49254E+04
108.5 1.46487E+04
109.0 1.43715E+04
109.5 1.40938E+04
110.0 1.38156E+04
110.5 1.35370E+04
111.0 1.32580E+04
111.5 1.29787E+04
112.0 1.26991E+04
112.5 1.24191E+04
113.0 1.21389E+04
113.5 1.18585E+04
114.0 1.15780E+04
114.5 1.12972E+04
115.0 1.10163E+04
115.5 1.07354E+04
116.0 1.04544E+04
116.5 1.01733E+04
117.0 9.89224E+03
117.5 9.61121E+03
118.0 9.33024E+03
118.5 9.04935E+03
119.0 8.76856E+03
119.5 8.48793E+03
120.0 8.20746E+03
120.5 7.92718E+03
121.0 7.64713E+03
121.5 7.36733E+03
122.0 7.08781E+03
122.5 6.80859E+03
123.0 6.52970E+03
123.5 6.25117E+03
124.0 5.97301E+03
124.5 5.69527E+03
125.0 5.41795E+03
125.5 5.14110E+03
126.0 4.86473E+03
126.5 4.58886E+03
127.0 4.31353E+03
127.5 4.03875E+03
128.0 3.76455E+03
128.5 3.49096E+03
129.0 3.21800E+03
129.5 2.94569E+03
130.0 2.67406E+03
130.5 2.40312E+03
131.0 2.13291E+03
131.5 1.86345E+03
132.0 1.59475E+03
132.5 1.32685E+03
133.0 1.05977E+03
133.5 7.93521E+02
134.0 5.28135E+02
134.5 2.63634E+02
135.0 2.19472E+01
