135K10D0W2
  0.5 0.00000E+00
  1.0 0.00000E+00
  1.5 0.00000E+00
  2.0 0.00000E+00
  2.5 0.00000E+00
  3.0 0.00000E+00
  3.5 1.25957E+04
  4.0 1.73001E+04
  4.5 2.22134E+04
  5.0 2.73098E+04
  5.5 3.25787E+04
  6.0 3.80146E+04
  6.5 4.36142E+04
  7.0 4.93754E+04
  7.5 5.52972E+04
  8.0 6.13798E+04
  8.5 2.24481E+05
  9.0 7.40357E+04
  9.5 3.53099E+05
 10.0 3.00758E+05
 10.5 3.49895E+04
 11.0 3.76374E+04
 11.5 4.49082E+04
 12.0 2.90905E+04
 12.5 2.71551E+04
 13.0 2.88767E+04
 13.5 3.06220E+04
 14.0 3.23911E+04
 14.5 3.41839E+04
 15.0 3.60006E+04
 15.5 3.78411E+04
 16.0 3.97058E+04
 16.5 4.15947E+04
 17.0 4.35082E+04
 17.5 4.54465E+04
 18.0 4.74099E+04
 18.5 4.93985E+04
 19.0 5.14123E+04
 19.5 5.34507E+04
 20.0 5.55128E+04
 20.5 5.75969E+04
 21.0 5.97005E+04
 21.5 6.18203E+04
 22.0 6.39519E+04
 22.5 6.60899E+04
 23.0 6.82282E+04
 23.5 7.03595E+04
 24.0 7.24762E+04
 24.5 7.45698E+04
 25.0 7.66320E+04
 25.5 7.86538E+04
 26.0 8.06267E+04
 26.5 8.25423E+04
 27.0 8.43926E+04
 27.5 8.61704E+04
 28.0 8.78688E+04
 28.5 8.94820E+04
 29.0 9.10049E+04
 29.5 9.24333E+04
 30.0 9.37636E+04
 30.5 9.49935E+04
 31.0 9.61213E+04
 31.5 9.71459E+04
 32.0 9.80672E+04
 32.5 9.88857E+04
 33.0 9.96025E+04
 33.5 1.00219E+05
 34.0 1.00738E+05
 34.5 1.01161E+05
 35.0 1.01491E+05
 35.5 1.01732E+05
 36.0 1.01887E+05
 36.5 1.01960E+05
 37.0 1.01953E+05
 37.5 1.01871E+05
 38.0 1.01718E+05
 38.5 1.01498E+05
 39.0 1.01214E+05
 39.5 1.00870E+05
 40.0 1.00470E+05
 40.5 1.00018E+05
 41.0 9.95170E+04
 41.5 9.89706E+04
 42.0 9.83824E+04
 42.5 9.77554E+04
 43.0 9.70927E+04
 43.5 9.63974E+04
 44.0 9.56723E+04
 44.5 9.49201E+04
 45.0 9.41435E+04
 45.5 9.33448E+04
 46.0 9.25262E+04
 46.5 9.16902E+04
 47.0 9.08386E+04
 47.5 8.99734E+04
 48.0 8.90964E+04
 48.5 8.82094E+04
 49.0 8.73140E+04
 49.5 8.64115E+04
 50.0 8.55035E+04
 50.5 8.45912E+04
 51.0 8.36758E+04
 51.5 8.27584E+04
 52.0 8.18402E+04
 52.5 8.09219E+04
 53.0 8.00045E+04
 53.5 7.90889E+04
 54.0 7.81756E+04
 54.5 7.72656E+04
 55.0 7.63593E+04
 55.5 7.54573E+04
 56.0 7.45602E+04
 56.5 7.36684E+04
 57.0 7.27824E+04
 57.5 7.19025E+04
 58.0 3.63052E+05
 58.5 7.01625E+04
 59.0 6.93029E+04
 59.5 5.88097E+05
 60.0 6.76059E+04
 60.5 6.67688E+04
 61.0 6.59396E+04
 61.5 6.51183E+04
 62.0 6.43051E+04
 62.5 6.35002E+04
 63.0 6.27034E+04
 63.5 6.19150E+04
 64.0 6.11348E+04
 64.5 6.03631E+04
 65.0 5.95997E+04
 65.5 5.88446E+04
 66.0 5.80979E+04
 66.5 5.73596E+04
 67.0 2.42880E+05
 67.5 5.59076E+04
 68.0 5.51939E+04
 68.5 5.44883E+04
 69.0 1.03611E+05
 69.5 5.00936E+04
 70.0 3.46334E+04
 70.5 3.44705E+04
 71.0 3.43033E+04
 71.5 3.41316E+04
 72.0 3.39556E+04
 72.5 3.37755E+04
 73.0 3.35914E+04
 73.5 3.34033E+04
 74.0 3.32113E+04
 74.5 3.30156E+04
 75.0 3.28162E+04
 75.5 3.26132E+04
 76.0 3.24068E+04
 76.5 3.21970E+04
 77.0 3.19839E+04
 77.5 3.17676E+04
 78.0 3.15483E+04
 78.5 3.13259E+04
 79.0 3.11006E+04
 79.5 3.08724E+04
 80.0 3.06415E+04
 80.5 3.04080E+04
 81.0 3.01718E+04
 81.5 2.99332E+04
 82.0 2.96921E+04
 82.5 2.94486E+04
 83.0 2.92029E+04
 83.5 2.89549E+04
 84.0 2.87049E+04
 84.5 2.84527E+04
 85.0 2.81986E+04
 85.5 2.79425E+04
 86.0 2.76846E+04
 86.5 2.74249E+04
 87.0 2.71634E+04
 87.5 2.69003E+04
 88.0 2.66355E+04
 88.5 2.63692E+04
 89.0 2.61014E+04
 89.5 2.58322E+04
 90.0 2.55615E+04
 90.5 2.52895E+04
 91.0 2.50163E+04
 91.5 2.47418E+04
 92.0 2.44661E+04
 92.5 2.41893E+04
 93.0 2.39115E+04
 93.5 2.36325E+04
 94.0 2.33526E+04
 94.5 2.30718E+04
 95.0 2.27900E+04
 95.5 2.25074E+04
 96.0 2.22239E+04
 96.5 2.19397E+04
 97.0 2.16547E+04
 97.5 2.13691E+04
 98.0 2.10827E+04
 98.5 2.07958E+04
 99.0 2.05082E+04
 99.5 2.02201E+04
100.0 1.99315E+04
100.5 1.96424E+04
101.0 1.93528E+04
101.5 1.90628E+04
102.0 1.87725E+04
102.5 1.84818E+04
103.0 1.81907E+04
103.5 1.78993E+04
104.0 1.76077E+04
104.5 1.73159E+04
105.0 1.70238E+04
105.5 1.67316E+04
106.0 1.64392E+04
106.5 1.61467E+04
107.0 1.58541E+04
107.5 1.55614E+04
108.0 1.52686E+04
108.5 1.49759E+04
109.0 1.46831E+04
109.5 1.43904E+04
110.0 1.40977E+04
110.5 1.38051E+04
111.0 1.35126E+04
111.5 1.32203E+04
112.0 1.29280E+04
112.5 1.26360E+04
113.0 1.23441E+04
113.5 1.20525E+04
114.0 1.17610E+04
114.5 1.14699E+04
115.0 1.11790E+04
115.5 1.08884E+04
116.0 1.05982E+04
116.5 1.03082E+04
117.0 1.00187E+04
117.5 9.72950E+03
118.0 9.44072E+03
118.5 9.15237E+03
119.0 8.86446E+03
119.5 8.57702E+03
120.0 8.29006E+03
120.5 8.00360E+03
121.0 7.71767E+03
121.5 7.43227E+03
122.0 7.14744E+03
122.5 6.86318E+03
123.0 6.57952E+03
123.5 6.29649E+03
124.0 6.01408E+03
124.5 5.73234E+03
125.0 5.45127E+03
125.5 5.17089E+03
126.0 4.89122E+03
126.5 4.61229E+03
127.0 4.33410E+03
127.5 4.05668E+03
128.0 3.78005E+03
128.5 3.50422E+03
129.0 3.22921E+03
129.5 2.95505E+03
130.0 2.68175E+03
130.5 2.40932E+03
131.0 2.13779E+03
131.5 1.86718E+03
132.0 1.59750E+03
132.5 1.32877E+03
133.0 1.06101E+03
133.5 7.94241E+02
134.0 5.28478E+02
134.5 2.63739E+02
135.0 2.19527E+01
