135K15D0W2
  0.5 0.00000E+00
  1.0 0.00000E+00
  1.5 0.00000E+00
  2.0 0.00000E+00
  2.5 0.00000E+00
  3.0 0.00000E+00
  3.5 2.18256E+04
  4.0 2.88202E+04
  4.5 3.61398E+04
  5.0 4.37724E+04
  5.5 5.17138E+04
  6.0 5.99633E+04
  6.5 6.85225E+04
  7.0 7.73966E+04
  7.5 8.65946E+04
  8.0 9.61314E+04
  8.5 9.44235E+05
  9.0 1.16320E+05
  9.5 1.02342E+06
 10.0 8.56359E+05
 10.5 5.47720E+04
 11.0 5.88893E+04
 11.5 1.08273E+05
 12.0 4.55310E+04
 12.5 4.25027E+04
 13.0 4.51678E+04
 13.5 4.78826E+04
 14.0 5.06484E+04
 14.5 5.34665E+04
 15.0 5.63385E+04
 15.5 5.92661E+04
 16.0 6.22506E+04
 16.5 6.52930E+04
 17.0 6.83930E+04
 17.5 7.15492E+04
 18.0 7.47580E+04
 18.5 7.80134E+04
 19.0 8.13071E+04
 19.5 8.46280E+04
 20.0 8.79626E+04
 20.5 9.12952E+04
 21.0 9.46085E+04
 21.5 9.78839E+04
 22.0 1.01102E+05
 22.5 1.04245E+05
 23.0 1.07293E+05
 23.5 1.10229E+05
 24.0 1.13038E+05
 24.5 1.15705E+05
 25.0 1.18217E+05
 25.5 1.20566E+05
 26.0 1.22742E+05
 26.5 1.24740E+05
 27.0 1.26555E+05
 27.5 1.28187E+05
 28.0 1.29635E+05
 28.5 1.30899E+05
 29.0 1.31983E+05
 29.5 1.32891E+05
 30.0 1.33627E+05
 30.5 1.34197E+05
 31.0 1.34608E+05
 31.5 1.34867E+05
 32.0 1.34981E+05
 32.5 1.34957E+05
 33.0 1.34804E+05
 33.5 1.34529E+05
 34.0 1.34139E+05
 34.5 1.33644E+05
 35.0 1.33050E+05
 35.5 1.32365E+05
 36.0 1.31596E+05
 36.5 1.30750E+05
 37.0 1.29833E+05
 37.5 1.28852E+05
 38.0 1.27813E+05
 38.5 1.26722E+05
 39.0 1.25584E+05
 39.5 1.24404E+05
 40.0 1.23188E+05
 40.5 1.21938E+05
 41.0 1.20661E+05
 41.5 1.19360E+05
 42.0 1.18037E+05
 42.5 1.16698E+05
 43.0 1.15345E+05
 43.5 1.13981E+05
 44.0 1.12608E+05
 44.5 1.11230E+05
 45.0 1.09848E+05
 45.5 1.08465E+05
 46.0 1.07082E+05
 46.5 1.05701E+05
 47.0 1.04324E+05
 47.5 1.02953E+05
 48.0 1.01588E+05
 48.5 1.00232E+05
 49.0 9.88836E+04
 49.5 9.75455E+04
 50.0 9.62182E+04
 50.5 9.49024E+04
 51.0 9.35988E+04
 51.5 9.23080E+04
 52.0 9.10305E+04
 52.5 8.97669E+04
 53.0 8.85173E+04
 53.5 8.72823E+04
 54.0 8.60620E+04
 54.5 8.48567E+04
 55.0 8.36666E+04
 55.5 8.24918E+04
 56.0 8.13323E+04
 56.5 8.01884E+04
 57.0 7.90600E+04
 57.5 7.79470E+04
 58.0 4.14640E+05
 58.5 7.57675E+04
 59.0 7.47009E+04
 59.5 6.69692E+05
 60.0 7.26132E+04
 60.5 7.15920E+04
 61.0 7.05857E+04
 61.5 6.95942E+04
 62.0 6.86172E+04
 62.5 6.76546E+04
 63.0 6.67064E+04
 63.5 6.57721E+04
 64.0 6.48517E+04
 64.5 6.39449E+04
 65.0 6.30517E+04
 65.5 6.21716E+04
 66.0 6.13046E+04
 66.5 6.04504E+04
 67.0 2.65319E+05
 67.5 5.87795E+04
 68.0 5.79625E+04
 68.5 5.71573E+04
 69.0 1.10981E+05
 69.5 5.32961E+04
 70.0 4.13135E+04
 70.5 4.09808E+04
 71.0 4.06466E+04
 71.5 4.03110E+04
 72.0 3.99740E+04
 72.5 3.96359E+04
 73.0 3.92967E+04
 73.5 3.89564E+04
 74.0 3.86153E+04
 74.5 3.82733E+04
 75.0 3.79306E+04
 75.5 3.75872E+04
 76.0 3.72432E+04
 76.5 3.68987E+04
 77.0 3.65538E+04
 77.5 3.62084E+04
 78.0 3.58628E+04
 78.5 3.55169E+04
 79.0 3.51708E+04
 79.5 3.48245E+04
 80.0 3.44781E+04
 80.5 3.41317E+04
 81.0 3.37853E+04
 81.5 3.34389E+04
 82.0 3.30926E+04
 82.5 3.27465E+04
 83.0 3.24004E+04
 83.5 3.20546E+04
 84.0 3.17090E+04
 84.5 3.13637E+04
 85.0 3.10186E+04
 85.5 3.06739E+04
 86.0 3.03295E+04
 86.5 2.99855E+04
 87.0 2.96418E+04
 87.5 2.92986E+04
 88.0 2.89558E+04
 88.5 2.86135E+04
 89.0 2.82716E+04
 89.5 2.79303E+04
 90.0 2.75894E+04
 90.5 2.72491E+04
 91.0 2.69093E+04
 91.5 2.65701E+04
 92.0 2.62314E+04
 92.5 2.58933E+04
 93.0 2.55558E+04
 93.5 2.52189E+04
 94.0 2.48826E+04
 94.5 2.45469E+04
 95.0 2.42119E+04
 95.5 2.38775E+04
 96.0 2.35438E+04
 96.5 2.32107E+04
 97.0 2.28783E+04
 97.5 2.25466E+04
 98.0 2.22155E+04
 98.5 2.18851E+04
 99.0 2.15555E+04
 99.5 2.12265E+04
100.0 2.08982E+04
100.5 2.05706E+04
101.0 2.02438E+04
101.5 1.99177E+04
102.0 1.95922E+04
102.5 1.92676E+04
103.0 1.89436E+04
103.5 1.86204E+04
104.0 1.82980E+04
104.5 1.79763E+04
105.0 1.76553E+04
105.5 1.73352E+04
106.0 1.70157E+04
106.5 1.66971E+04
107.0 1.63792E+04
107.5 1.60621E+04
108.0 1.57458E+04
108.5 1.54303E+04
109.0 1.51155E+04
109.5 1.48016E+04
110.0 1.44885E+04
110.5 1.41761E+04
111.0 1.38646E+04
111.5 1.35539E+04
112.0 1.32440E+04
112.5 1.29350E+04
113.0 1.26268E+04
113.5 1.23194E+04
114.0 1.20129E+04
114.5 1.17072E+04
115.0 1.14024E+04
115.5 1.10984E+04
116.0 1.07953E+04
116.5 1.04931E+04
117.0 1.01918E+04
117.5 9.89133E+03
118.0 9.59179E+03
118.5 9.29314E+03
119.0 8.99541E+03
119.5 8.69859E+03
120.0 8.40270E+03
120.5 8.10774E+03
121.0 7.81372E+03
121.5 7.52065E+03
122.0 7.22854E+03
122.5 6.93739E+03
123.0 6.64721E+03
123.5 6.35802E+03
124.0 6.06982E+03
124.5 5.78262E+03
125.0 5.49642E+03
125.5 5.21125E+03
126.0 4.92710E+03
126.5 4.64399E+03
127.0 4.36193E+03
127.5 4.08092E+03
128.0 3.80098E+03
128.5 3.52213E+03
129.0 3.24435E+03
129.5 2.96768E+03
130.0 2.69212E+03
130.5 2.41768E+03
131.0 2.14437E+03
131.5 1.87220E+03
132.0 1.60119E+03
132.5 1.33135E+03
133.0 1.06269E+03
133.5 7.95211E+02
134.0 5.28938E+02
134.5 2.63881E+02
135.0 2.19602E+01
