135K11D0W2
  0.5 0.00000E+00
  1.0 0.00000E+00
  1.5 0.00000E+00
  2.0 0.00000E+00
  2.5 0.00000E+00
  3.0 0.00000E+00
  3.5 1.43937E+04
  4.0 1.95542E+04
  4.5 2.49426E+04
  5.0 3.05369E+04
  5.5 3.63280E+04
  6.0 4.23114E+04
  6.5 4.84842E+04
  7.0 5.48452E+04
  7.5 6.13944E+04
  8.0 6.81336E+04
  8.5 3.22352E+05
  9.0 8.22000E+04
  9.5 4.66077E+05
 10.0 3.94547E+05
 10.5 3.88489E+04
 11.0 4.17778E+04
 11.5 5.39343E+04
 12.0 3.22995E+04
 12.5 3.01517E+04
 13.0 3.20543E+04
 13.5 3.39850E+04
 14.0 3.59439E+04
 14.5 3.79311E+04
 15.0 3.99469E+04
 15.5 4.19916E+04
 16.0 4.40655E+04
 16.5 4.61692E+04
 17.0 4.83031E+04
 17.5 5.04676E+04
 18.0 5.26630E+04
 18.5 5.48892E+04
 19.0 5.71457E+04
 19.5 5.94311E+04
 20.0 6.17433E+04
 20.5 6.40791E+04
 21.0 6.64339E+04
 21.5 6.88020E+04
 22.0 7.11766E+04
 22.5 7.35496E+04
 23.0 7.59120E+04
 23.5 7.82540E+04
 24.0 8.05656E+04
 24.5 8.28360E+04
 25.0 8.50550E+04
 25.5 8.72123E+04
 26.0 8.92980E+04
 26.5 9.13033E+04
 27.0 9.32197E+04
 27.5 9.50400E+04
 28.0 9.67580E+04
 28.5 9.83682E+04
 29.0 9.98666E+04
 29.5 1.01250E+05
 30.0 1.02516E+05
 30.5 1.03665E+05
 31.0 1.04694E+05
 31.5 1.05606E+05
 32.0 1.06401E+05
 32.5 1.07082E+05
 33.0 1.07650E+05
 33.5 1.08109E+05
 34.0 1.08463E+05
 34.5 1.08715E+05
 35.0 1.08870E+05
 35.5 1.08931E+05
 36.0 1.08903E+05
 36.5 1.08790E+05
 37.0 1.08597E+05
 37.5 1.08329E+05
 38.0 1.07990E+05
 38.5 1.07585E+05
 39.0 1.07118E+05
 39.5 1.06592E+05
 40.0 1.06014E+05
 40.5 1.05385E+05
 41.0 1.04711E+05
 41.5 1.03995E+05
 42.0 1.03241E+05
 42.5 1.02452E+05
 43.0 1.01630E+05
 43.5 1.00781E+05
 44.0 9.99052E+04
 44.5 9.90068E+04
 45.0 9.80880E+04
 45.5 9.71513E+04
 46.0 9.61989E+04
 46.5 9.52331E+04
 47.0 9.42559E+04
 47.5 9.32690E+04
 48.0 9.22744E+04
 48.5 9.12736E+04
 49.0 9.02682E+04
 49.5 8.92595E+04
 50.0 8.82488E+04
 50.5 8.72374E+04
 51.0 8.62264E+04
 51.5 8.52168E+04
 52.0 8.42096E+04
 52.5 8.32055E+04
 53.0 8.22053E+04
 53.5 8.12099E+04
 54.0 8.02199E+04
 54.5 7.92357E+04
 55.0 7.82581E+04
 55.5 7.72873E+04
 56.0 7.63240E+04
 56.5 7.53684E+04
 57.0 7.44209E+04
 57.5 7.34818E+04
 58.0 3.76354E+05
 58.5 7.16298E+04
 59.0 7.07174E+04
 59.5 6.09186E+05
 60.0 6.89204E+04
 60.5 6.80361E+04
 61.0 6.71613E+04
 61.5 6.62962E+04
 62.0 6.54409E+04
 62.5 6.45952E+04
 63.0 6.37592E+04
 63.5 6.29331E+04
 64.0 6.21166E+04
 64.5 6.13098E+04
 65.0 6.05127E+04
 65.5 5.97252E+04
 66.0 5.89472E+04
 66.5 5.81786E+04
 67.0 2.48766E+05
 67.5 5.66695E+04
 68.0 5.59288E+04
 68.5 5.51972E+04
 69.0 1.05555E+05
 69.5 5.09252E+04
 70.0 3.62934E+04
 70.5 3.60915E+04
 71.0 3.58856E+04
 71.5 3.56759E+04
 72.0 3.54625E+04
 72.5 3.52454E+04
 73.0 3.50248E+04
 73.5 3.48008E+04
 74.0 3.45736E+04
 74.5 3.43431E+04
 75.0 3.41096E+04
 75.5 3.38731E+04
 76.0 3.36337E+04
 76.5 3.33915E+04
 77.0 3.31466E+04
 77.5 3.28991E+04
 78.0 3.26491E+04
 78.5 3.23967E+04
 79.0 3.21419E+04
 79.5 3.18849E+04
 80.0 3.16257E+04
 80.5 3.13644E+04
 81.0 3.11011E+04
 81.5 3.08358E+04
 82.0 3.05686E+04
 82.5 3.02997E+04
 83.0 3.00290E+04
 83.5 2.97567E+04
 84.0 2.94827E+04
 84.5 2.92073E+04
 85.0 2.89303E+04
 85.5 2.86520E+04
 86.0 2.83723E+04
 86.5 2.80913E+04
 87.0 2.78091E+04
 87.5 2.75257E+04
 88.0 2.72411E+04
 88.5 2.69555E+04
 89.0 2.66689E+04
 89.5 2.63812E+04
 90.0 2.60927E+04
 90.5 2.58032E+04
 91.0 2.55129E+04
 91.5 2.52218E+04
 92.0 2.49300E+04
 92.5 2.46375E+04
 93.0 2.43442E+04
 93.5 2.40504E+04
 94.0 2.37559E+04
 94.5 2.34609E+04
 95.0 2.31653E+04
 95.5 2.28693E+04
 96.0 2.25728E+04
 96.5 2.22759E+04
 97.0 2.19785E+04
 97.5 2.16809E+04
 98.0 2.13829E+04
 98.5 2.10846E+04
 99.0 2.07860E+04
 99.5 2.04873E+04
100.0 2.01883E+04
100.5 1.98891E+04
101.0 1.95897E+04
101.5 1.92903E+04
102.0 1.89907E+04
102.5 1.86910E+04
103.0 1.83913E+04
103.5 1.80916E+04
104.0 1.77918E+04
104.5 1.74921E+04
105.0 1.71924E+04
105.5 1.68928E+04
106.0 1.65933E+04
106.5 1.62938E+04
107.0 1.59945E+04
107.5 1.56954E+04
108.0 1.53964E+04
108.5 1.50976E+04
109.0 1.47990E+04
109.5 1.45006E+04
110.0 1.42025E+04
110.5 1.39046E+04
111.0 1.36071E+04
111.5 1.33098E+04
112.0 1.30129E+04
112.5 1.27163E+04
113.0 1.24201E+04
113.5 1.21242E+04
114.0 1.18288E+04
114.5 1.15337E+04
115.0 1.12391E+04
115.5 1.09449E+04
116.0 1.06512E+04
116.5 1.03580E+04
117.0 1.00653E+04
117.5 9.77311E+03
118.0 9.48145E+03
118.5 9.19033E+03
119.0 8.89978E+03
119.5 8.60982E+03
120.0 8.32046E+03
120.5 8.03171E+03
121.0 7.74360E+03
121.5 7.45614E+03
122.0 7.16935E+03
122.5 6.88323E+03
123.0 6.59782E+03
123.5 6.31312E+03
124.0 6.02916E+03
124.5 5.74594E+03
125.0 5.46348E+03
125.5 5.18181E+03
126.0 4.90093E+03
126.5 4.62087E+03
127.0 4.34163E+03
127.5 4.06325E+03
128.0 3.78572E+03
128.5 3.50907E+03
129.0 3.23332E+03
129.5 2.95848E+03
130.0 2.68456E+03
130.5 2.41159E+03
131.0 2.13958E+03
131.5 1.86854E+03
132.0 1.59850E+03
132.5 1.32947E+03
133.0 1.06147E+03
133.5 7.94505E+02
134.0 5.28603E+02
134.5 2.63778E+02
135.0 2.19547E+01
