135K12D0W2
  0.5 0.00000E+00
  1.0 0.00000E+00
  1.5 0.00000E+00
  2.0 0.00000E+00
  2.5 0.00000E+00
  3.0 0.00000E+00
  3.5 1.62164E+04
  4.0 2.18329E+04
  4.5 2.76987E+04
  5.0 3.37949E+04
  5.5 4.01137E+04
  6.0 4.66515E+04
  6.5 5.34062E+04
  7.0 6.03775E+04
  7.5 6.75670E+04
  8.0 7.49785E+04
  8.5 4.44290E+05
  9.0 9.04989E+04
  9.5 5.91947E+05
 10.0 4.98921E+05
 10.5 4.27533E+04
 11.0 4.59692E+04
 11.5 6.47294E+04
 12.0 3.55453E+04
 12.5 3.31821E+04
 13.0 3.52693E+04
 13.5 3.73893E+04
 14.0 3.95424E+04
 14.5 4.17289E+04
 15.0 4.39493E+04
 15.5 4.62042E+04
 16.0 4.84943E+04
 16.5 5.08203E+04
 17.0 5.31827E+04
 17.5 5.55821E+04
 18.0 5.80185E+04
 18.5 6.04912E+04
 19.0 6.29989E+04
 19.5 6.55386E+04
 20.0 6.81063E+04
 20.5 7.06966E+04
 21.0 7.33022E+04
 21.5 7.59146E+04
 22.0 7.85239E+04
 22.5 8.11192E+04
 23.0 8.36886E+04
 23.5 8.62199E+04
 24.0 8.87007E+04
 24.5 9.11185E+04
 25.0 9.34617E+04
 25.5 9.57190E+04
 26.0 9.78803E+04
 26.5 9.99363E+04
 27.0 1.01879E+05
 27.5 1.03703E+05
 28.0 1.05401E+05
 28.5 1.06970E+05
 29.0 1.08406E+05
 29.5 1.09710E+05
 30.0 1.10879E+05
 30.5 1.11914E+05
 31.0 1.12817E+05
 31.5 1.13589E+05
 32.0 1.14235E+05
 32.5 1.14756E+05
 33.0 1.15158E+05
 33.5 1.15445E+05
 34.0 1.15621E+05
 34.5 1.15691E+05
 35.0 1.15661E+05
 35.5 1.15536E+05
 36.0 1.15321E+05
 36.5 1.15021E+05
 37.0 1.14642E+05
 37.5 1.14188E+05
 38.0 1.13666E+05
 38.5 1.13079E+05
 39.0 1.12433E+05
 39.5 1.11733E+05
 40.0 1.10982E+05
 40.5 1.10186E+05
 41.0 1.09347E+05
 41.5 1.08471E+05
 42.0 1.07560E+05
 42.5 1.06618E+05
 43.0 1.05649E+05
 43.5 1.04656E+05
 44.0 1.03641E+05
 44.5 1.02608E+05
 45.0 1.01559E+05
 45.5 1.00495E+05
 46.0 9.94208E+04
 46.5 9.83368E+04
 47.0 9.72455E+04
 47.5 9.61484E+04
 48.0 9.50475E+04
 48.5 9.39441E+04
 49.0 9.28397E+04
 49.5 9.17357E+04
 50.0 9.06332E+04
 50.5 8.95333E+04
 51.0 8.84371E+04
 51.5 8.73454E+04
 52.0 8.62591E+04
 52.5 8.51789E+04
 53.0 8.41056E+04
 53.5 8.30397E+04
 54.0 8.19818E+04
 54.5 8.09324E+04
 55.0 7.98920E+04
 55.5 7.88609E+04
 56.0 7.78394E+04
 56.5 7.68280E+04
 57.0 7.58267E+04
 57.5 7.48359E+04
 58.0 3.87860E+05
 58.5 7.28863E+04
 59.0 7.19278E+04
 59.5 6.27399E+05
 60.0 7.00438E+04
 60.5 6.91185E+04
 61.0 6.82043E+04
 61.5 6.73013E+04
 62.0 6.64094E+04
 62.5 6.55285E+04
 63.0 6.46588E+04
 63.5 6.38001E+04
 64.0 6.29523E+04
 64.5 6.21153E+04
 65.0 6.12891E+04
 65.5 6.04736E+04
 66.0 5.96687E+04
 66.5 5.88742E+04
 67.0 2.53799E+05
 67.5 5.73161E+04
 68.0 5.65522E+04
 68.5 5.57983E+04
 69.0 1.07211E+05
 69.5 5.16408E+04
 70.0 3.77642E+04
 70.5 3.75259E+04
 71.0 3.72842E+04
 71.5 3.70392E+04
 72.0 3.67911E+04
 72.5 3.65399E+04
 73.0 3.62858E+04
 73.5 3.60290E+04
 74.0 3.57694E+04
 74.5 3.55073E+04
 75.0 3.52426E+04
 75.5 3.49756E+04
 76.0 3.47063E+04
 76.5 3.44348E+04
 77.0 3.41611E+04
 77.5 3.38855E+04
 78.0 3.36079E+04
 78.5 3.33284E+04
 79.0 3.30472E+04
 79.5 3.27643E+04
 80.0 3.24798E+04
 80.5 3.21937E+04
 81.0 3.19062E+04
 81.5 3.16172E+04
 82.0 3.13269E+04
 82.5 3.10354E+04
 83.0 3.07426E+04
 83.5 3.04487E+04
 84.0 3.01537E+04
 84.5 2.98576E+04
 85.0 2.95606E+04
 85.5 2.92627E+04
 86.0 2.89638E+04
 86.5 2.86642E+04
 87.0 2.83637E+04
 87.5 2.80626E+04
 88.0 2.77607E+04
 88.5 2.74582E+04
 89.0 2.71552E+04
 89.5 2.68515E+04
 90.0 2.65473E+04
 90.5 2.62427E+04
 91.0 2.59376E+04
 91.5 2.56321E+04
 92.0 2.53262E+04
 92.5 2.50200E+04
 93.0 2.47135E+04
 93.5 2.44067E+04
 94.0 2.40996E+04
 94.5 2.37924E+04
 95.0 2.34849E+04
 95.5 2.31773E+04
 96.0 2.28696E+04
 96.5 2.25617E+04
 97.0 2.22538E+04
 97.5 2.19458E+04
 98.0 2.16378E+04
 98.5 2.13298E+04
 99.0 2.10218E+04
 99.5 2.07139E+04
100.0 2.04060E+04
100.5 2.00982E+04
101.0 1.97905E+04
101.5 1.94829E+04
102.0 1.91755E+04
102.5 1.88682E+04
103.0 1.85611E+04
103.5 1.82542E+04
104.0 1.79475E+04
104.5 1.76411E+04
105.0 1.73349E+04
105.5 1.70290E+04
106.0 1.67234E+04
106.5 1.64181E+04
107.0 1.61131E+04
107.5 1.58084E+04
108.0 1.55041E+04
108.5 1.52002E+04
109.0 1.48966E+04
109.5 1.45935E+04
110.0 1.42908E+04
110.5 1.39885E+04
111.0 1.36866E+04
111.5 1.33852E+04
112.0 1.30843E+04
112.5 1.27839E+04
113.0 1.24840E+04
113.5 1.21846E+04
114.0 1.18857E+04
114.5 1.15874E+04
115.0 1.12896E+04
115.5 1.09924E+04
116.0 1.06958E+04
116.5 1.03999E+04
117.0 1.01045E+04
117.5 9.80973E+03
118.0 9.51563E+03
118.5 9.22219E+03
119.0 8.92942E+03
119.5 8.63734E+03
120.0 8.34596E+03
120.5 8.05529E+03
121.0 7.76535E+03
121.5 7.47616E+03
122.0 7.18771E+03
122.5 6.90004E+03
123.0 6.61315E+03
123.5 6.32706E+03
124.0 6.04178E+03
124.5 5.75733E+03
125.0 5.47372E+03
125.5 5.19096E+03
126.0 4.90906E+03
126.5 4.62805E+03
127.0 4.34794E+03
127.5 4.06874E+03
128.0 3.79047E+03
128.5 3.51313E+03
129.0 3.23675E+03
129.5 2.96134E+03
130.0 2.68691E+03
130.5 2.41348E+03
131.0 2.14107E+03
131.5 1.86968E+03
132.0 1.59934E+03
132.5 1.33006E+03
133.0 1.06185E+03
133.5 7.94724E+02
134.0 5.28707E+02
134.5 2.63810E+02
135.0 2.19564E+01
