135K16D0W2
  0.5 0.00000E+00
  1.0 0.00000E+00
  1.5 0.00000E+00
  2.0 0.00000E+00
  2.5 0.00000E+00
  3.0 0.00000E+00
  3.5 2.37425E+04
  4.0 3.12028E+04
  4.5 3.90164E+04
  5.0 4.71734E+04
  5.5 5.56709E+04
  6.0 6.45093E+04
  6.5 7.36922E+04
  7.0 8.32275E+04
  7.5 9.31282E+04
  8.0 1.03415E+05
  8.5 1.14966E+06
  9.0 1.25278E+05
  9.5 1.17861E+06
 10.0 9.84895E+05
 10.5 5.88925E+04
 11.0 6.33257E+04
 11.5 1.26395E+05
 12.0 4.89525E+04
 12.5 4.56954E+04
 13.0 4.85622E+04
 13.5 5.14855E+04
 14.0 5.44670E+04
 14.5 5.75085E+04
 15.0 6.06120E+04
 15.5 6.37795E+04
 16.0 6.70122E+04
 16.5 7.03106E+04
 17.0 7.36734E+04
 17.5 7.70973E+04
 18.0 8.05761E+04
 18.5 8.41008E+04
 19.0 8.76594E+04
 19.5 9.12368E+04
 20.0 9.48156E+04
 20.5 9.83763E+04
 21.0 1.01898E+05
 21.5 1.05359E+05
 22.0 1.08737E+05
 22.5 1.12013E+05
 23.0 1.15166E+05
 23.5 1.18178E+05
 24.0 1.21034E+05
 24.5 1.23720E+05
 25.0 1.26225E+05
 25.5 1.28540E+05
 26.0 1.30659E+05
 26.5 1.32577E+05
 27.0 1.34294E+05
 27.5 1.35809E+05
 28.0 1.37124E+05
 28.5 1.38242E+05
 29.0 1.39169E+05
 29.5 1.39909E+05
 30.0 1.40470E+05
 30.5 1.40859E+05
 31.0 1.41084E+05
 31.5 1.41153E+05
 32.0 1.41076E+05
 32.5 1.40860E+05
 33.0 1.40515E+05
 33.5 1.40049E+05
 34.0 1.39471E+05
 34.5 1.38789E+05
 35.0 1.38012E+05
 35.5 1.37147E+05
 36.0 1.36201E+05
 36.5 1.35183E+05
 37.0 1.34099E+05
 37.5 1.32955E+05
 38.0 1.31758E+05
 38.5 1.30513E+05
 39.0 1.29227E+05
 39.5 1.27904E+05
 40.0 1.26548E+05
 40.5 1.25165E+05
 41.0 1.23759E+05
 41.5 1.22333E+05
 42.0 1.20892E+05
 42.5 1.19437E+05
 43.0 1.17973E+05
 43.5 1.16503E+05
 44.0 1.15028E+05
 44.5 1.13552E+05
 45.0 1.12076E+05
 45.5 1.10602E+05
 46.0 1.09133E+05
 46.5 1.07669E+05
 47.0 1.06213E+05
 47.5 1.04766E+05
 48.0 1.03328E+05
 48.5 1.01901E+05
 49.0 1.00486E+05
 49.5 9.90834E+04
 50.0 9.76945E+04
 50.5 9.63197E+04
 51.0 9.49596E+04
 51.5 9.36146E+04
 52.0 9.22853E+04
 52.5 9.09718E+04
 53.0 8.96747E+04
 53.5 8.83940E+04
 54.0 8.71300E+04
 54.5 8.58828E+04
 55.0 8.46526E+04
 55.5 8.34393E+04
 56.0 8.22430E+04
 56.5 8.10637E+04
 57.0 7.99014E+04
 57.5 7.87560E+04
 58.0 4.21679E+05
 58.5 7.65155E+04
 59.0 7.54201E+04
 59.5 6.80786E+05
 60.0 7.32786E+04
 60.5 7.22321E+04
 61.0 7.12016E+04
 61.5 7.01867E+04
 62.0 6.91874E+04
 62.5 6.82034E+04
 63.0 6.72345E+04
 63.5 6.62804E+04
 64.0 6.53410E+04
 64.5 6.44160E+04
 65.0 6.35052E+04
 65.5 6.26083E+04
 66.0 6.17251E+04
 66.5 6.08553E+04
 67.0 2.68304E+05
 67.5 5.91551E+04
 68.0 5.83242E+04
 68.5 5.75058E+04
 69.0 1.11954E+05
 69.5 5.37293E+04
 70.0 4.22759E+04
 70.5 4.19161E+04
 71.0 4.15555E+04
 71.5 4.11940E+04
 72.0 4.08318E+04
 72.5 4.04690E+04
 73.0 4.01057E+04
 73.5 3.97419E+04
 74.0 3.93778E+04
 74.5 3.90135E+04
 75.0 3.86489E+04
 75.5 3.82842E+04
 76.0 3.79194E+04
 76.5 3.75546E+04
 77.0 3.71899E+04
 77.5 3.68253E+04
 78.0 3.64609E+04
 78.5 3.60967E+04
 79.0 3.57328E+04
 79.5 3.53691E+04
 80.0 3.50058E+04
 80.5 3.46429E+04
 81.0 3.42805E+04
 81.5 3.39185E+04
 82.0 3.35570E+04
 82.5 3.31960E+04
 83.0 3.28356E+04
 83.5 3.24757E+04
 84.0 3.21165E+04
 84.5 3.17579E+04
 85.0 3.13999E+04
 85.5 3.10426E+04
 86.0 3.06860E+04
 86.5 3.03301E+04
 87.0 2.99750E+04
 87.5 2.96205E+04
 88.0 2.92668E+04
 88.5 2.89139E+04
 89.0 2.85617E+04
 89.5 2.82104E+04
 90.0 2.78598E+04
 90.5 2.75100E+04
 91.0 2.71611E+04
 91.5 2.68129E+04
 92.0 2.64656E+04
 92.5 2.61191E+04
 93.0 2.57735E+04
 93.5 2.54287E+04
 94.0 2.50847E+04
 94.5 2.47416E+04
 95.0 2.43993E+04
 95.5 2.40579E+04
 96.0 2.37174E+04
 96.5 2.33777E+04
 97.0 2.30389E+04
 97.5 2.27010E+04
 98.0 2.23639E+04
 98.5 2.20277E+04
 99.0 2.16924E+04
 99.5 2.13580E+04
100.0 2.10244E+04
100.5 2.06917E+04
101.0 2.03599E+04
101.5 2.00290E+04
102.0 1.96989E+04
102.5 1.93697E+04
103.0 1.90415E+04
103.5 1.87141E+04
104.0 1.83875E+04
104.5 1.80619E+04
105.0 1.77372E+04
105.5 1.74133E+04
106.0 1.70903E+04
106.5 1.67682E+04
107.0 1.64471E+04
107.5 1.61268E+04
108.0 1.58074E+04
108.5 1.54889E+04
109.0 1.51713E+04
109.5 1.48545E+04
110.0 1.45387E+04
110.5 1.42239E+04
111.0 1.39099E+04
111.5 1.35968E+04
112.0 1.32846E+04
112.5 1.29734E+04
113.0 1.26630E+04
113.5 1.23536E+04
114.0 1.20451E+04
114.5 1.17376E+04
115.0 1.14310E+04
115.5 1.11253E+04
116.0 1.08205E+04
116.5 1.05167E+04
117.0 1.02139E+04
117.5 9.91200E+03
118.0 9.61107E+03
118.5 9.31110E+03
119.0 9.01211E+03
119.5 8.71409E+03
120.0 8.41705E+03
120.5 8.12101E+03
121.0 7.82595E+03
121.5 7.53190E+03
122.0 7.23886E+03
122.5 6.94683E+03
123.0 6.65582E+03
123.5 6.36584E+03
124.0 6.07690E+03
124.5 5.78900E+03
125.0 5.50215E+03
125.5 5.21637E+03
126.0 4.93165E+03
126.5 4.64801E+03
127.0 4.36545E+03
127.5 4.08399E+03
128.0 3.80364E+03
128.5 3.52439E+03
129.0 3.24627E+03
129.5 2.96928E+03
130.0 2.69343E+03
130.5 2.41874E+03
131.0 2.14520E+03
131.5 1.87284E+03
132.0 1.60166E+03
132.5 1.33168E+03
133.0 1.06290E+03
133.5 7.95333E+02
134.0 5.28997E+02
134.5 2.63899E+02
135.0 2.19611E+01
