135K22D0W2
  0.5 0.00000E+00
  1.0 0.00000E+00
  1.5 0.00000E+00
  2.0 0.00000E+00
  2.5 0.00000E+00
  3.0 0.00000E+00
  3.5 3.58006E+04
  4.0 4.61654E+04
  4.5 5.70845E+04
  5.0 6.85590E+04
  5.5 8.05966E+04
  6.0 9.32128E+04
  6.5 1.06433E+05
  7.0 1.20299E+05
  7.5 1.34873E+05
  8.0 1.50240E+05
  8.5 2.65032E+06
  9.0 1.83702E+05
  9.5 2.14138E+06
 10.0 1.78284E+06
 10.5 8.51288E+04
 11.0 9.16677E+04
 11.5 2.65710E+05
 12.0 7.07108E+04
 12.5 6.59846E+04
 13.0 7.01857E+04
 13.5 7.44988E+04
 14.0 7.89288E+04
 14.5 8.34786E+04
 15.0 8.81488E+04
 15.5 9.29352E+04
 16.0 9.78280E+04
 16.5 1.02811E+05
 17.0 1.07862E+05
 17.5 1.12952E+05
 18.0 1.18046E+05
 18.5 1.23109E+05
 19.0 1.28099E+05
 19.5 1.32978E+05
 20.0 1.37705E+05
 20.5 1.42246E+05
 21.0 1.46567E+05
 21.5 1.50639E+05
 22.0 1.54440E+05
 22.5 1.57950E+05
 23.0 1.61155E+05
 23.5 1.64046E+05
 24.0 1.66619E+05
 24.5 1.68873E+05
 25.0 1.70811E+05
 25.5 1.72439E+05
 26.0 1.73765E+05
 26.5 1.74801E+05
 27.0 1.75558E+05
 27.5 1.76050E+05
 28.0 1.76291E+05
 28.5 1.76296E+05
 29.0 1.76081E+05
 29.5 1.75662E+05
 30.0 1.75052E+05
 30.5 1.74268E+05
 31.0 1.73323E+05
 31.5 1.72232E+05
 32.0 1.71008E+05
 32.5 1.69665E+05
 33.0 1.68214E+05
 33.5 1.66667E+05
 34.0 1.65035E+05
 34.5 1.63328E+05
 35.0 1.61555E+05
 35.5 1.59725E+05
 36.0 1.57847E+05
 36.5 1.55928E+05
 37.0 1.53975E+05
 37.5 1.51994E+05
 38.0 1.49992E+05
 38.5 1.47973E+05
 39.0 1.45943E+05
 39.5 1.43905E+05
 40.0 1.41866E+05
 40.5 1.39827E+05
 41.0 1.37792E+05
 41.5 1.35764E+05
 42.0 1.33746E+05
 42.5 1.31741E+05
 43.0 1.29750E+05
 43.5 1.27775E+05
 44.0 1.25819E+05
 44.5 1.23882E+05
 45.0 1.21966E+05
 45.5 1.20072E+05
 46.0 1.18200E+05
 46.5 1.16353E+05
 47.0 1.14530E+05
 47.5 1.12732E+05
 48.0 1.10959E+05
 48.5 1.09213E+05
 49.0 1.07492E+05
 49.5 1.05798E+05
 50.0 1.04131E+05
 50.5 1.02489E+05
 51.0 1.00875E+05
 51.5 9.92867E+04
 52.0 9.77248E+04
 52.5 9.61892E+04
 53.0 9.46797E+04
 53.5 9.31960E+04
 54.0 9.17378E+04
 54.5 9.03050E+04
 55.0 8.88971E+04
 55.5 8.75139E+04
 56.0 8.61551E+04
 56.5 8.48203E+04
 57.0 8.35091E+04
 57.5 8.22212E+04
 58.0 4.52175E+05
 58.5 7.97137E+04
 59.0 7.84932E+04
 59.5 7.28754E+05
 60.0 7.61171E+04
 60.5 7.49606E+04
 61.0 7.38246E+04
 61.5 7.27088E+04
 62.0 7.16126E+04
 62.5 7.05357E+04
 63.0 6.94777E+04
 63.5 6.84382E+04
 64.0 6.74168E+04
 64.5 6.64132E+04
 65.0 6.54268E+04
 65.5 6.44575E+04
 66.0 6.35047E+04
 66.5 6.25681E+04
 67.0 2.81044E+05
 67.5 6.07422E+04
 68.0 5.98521E+04
 68.5 5.89768E+04
 69.0 1.16087E+05
 69.5 5.55998E+04
 70.0 4.65889E+04
 70.5 4.61005E+04
 71.0 4.56145E+04
 71.5 4.51310E+04
 72.0 4.46499E+04
 72.5 4.41714E+04
 73.0 4.36954E+04
 73.5 4.32220E+04
 74.0 4.27511E+04
 74.5 4.22829E+04
 75.0 4.18172E+04
 75.5 4.13542E+04
 76.0 4.08938E+04
 76.5 4.04359E+04
 77.0 3.99808E+04
 77.5 3.95282E+04
 78.0 3.90782E+04
 78.5 3.86307E+04
 79.0 3.81859E+04
 79.5 3.77437E+04
 80.0 3.73040E+04
 80.5 3.68668E+04
 81.0 3.64321E+04
 81.5 3.60000E+04
 82.0 3.55704E+04
 82.5 3.51432E+04
 83.0 3.47184E+04
 83.5 3.42961E+04
 84.0 3.38762E+04
 84.5 3.34586E+04
 85.0 3.30434E+04
 85.5 3.26306E+04
 86.0 3.22200E+04
 86.5 3.18118E+04
 87.0 3.14057E+04
 87.5 3.10019E+04
 88.0 3.06003E+04
 88.5 3.02009E+04
 89.0 2.98037E+04
 89.5 2.94085E+04
 90.0 2.90155E+04
 90.5 2.86245E+04
 91.0 2.82356E+04
 91.5 2.78487E+04
 92.0 2.74638E+04
 92.5 2.70809E+04
 93.0 2.66999E+04
 93.5 2.63208E+04
 94.0 2.59437E+04
 94.5 2.55684E+04
 95.0 2.51949E+04
 95.5 2.48233E+04
 96.0 2.44535E+04
 96.5 2.40855E+04
 97.0 2.37192E+04
 97.5 2.33547E+04
 98.0 2.29918E+04
 98.5 2.26307E+04
 99.0 2.22712E+04
 99.5 2.19134E+04
100.0 2.15572E+04
100.5 2.12026E+04
101.0 2.08496E+04
101.5 2.04982E+04
102.0 2.01484E+04
102.5 1.98000E+04
103.0 1.94532E+04
103.5 1.91079E+04
104.0 1.87641E+04
104.5 1.84218E+04
105.0 1.80809E+04
105.5 1.77415E+04
106.0 1.74034E+04
106.5 1.70668E+04
107.0 1.67317E+04
107.5 1.63978E+04
108.0 1.60654E+04
108.5 1.57343E+04
109.0 1.54046E+04
109.5 1.50763E+04
110.0 1.47492E+04
110.5 1.44235E+04
111.0 1.40991E+04
111.5 1.37760E+04
112.0 1.34542E+04
112.5 1.31337E+04
113.0 1.28145E+04
113.5 1.24965E+04
114.0 1.21799E+04
114.5 1.18644E+04
115.0 1.15503E+04
115.5 1.12373E+04
116.0 1.09257E+04
116.5 1.06153E+04
117.0 1.03061E+04
117.5 9.99811E+03
118.0 9.69139E+03
118.5 9.38590E+03
119.0 9.08163E+03
119.5 8.77859E+03
120.0 8.47678E+03
120.5 8.17619E+03
121.0 7.87682E+03
121.5 7.57867E+03
122.0 7.28175E+03
122.5 6.98605E+03
123.0 6.69158E+03
123.5 6.39833E+03
124.0 6.10630E+03
124.5 5.81551E+03
125.0 5.52595E+03
125.5 5.23763E+03
126.0 4.95054E+03
126.5 4.66469E+03
127.0 4.38009E+03
127.5 4.09674E+03
128.0 3.81464E+03
128.5 3.53379E+03
129.0 3.25422E+03
129.5 2.97591E+03
130.0 2.69887E+03
130.5 2.42312E+03
131.0 2.14865E+03
131.5 1.87547E+03
132.0 1.60360E+03
132.5 1.33303E+03
133.0 1.06377E+03
133.5 7.95839E+02
134.0 5.29237E+02
134.5 2.63973E+02
135.0 2.19650E+01
