136K09D0W2
  0.5 0.00000E+00
  1.0 0.00000E+00
  1.5 0.00000E+00
  2.0 0.00000E+00
  2.5 0.00000E+00
  3.0 0.00000E+00
  3.5 1.07481E+04
  4.0 1.49730E+04
  4.5 1.93902E+04
  5.0 2.39693E+04
  5.5 2.86975E+04
  6.0 3.35684E+04
  6.5 3.85782E+04
  7.0 4.37243E+04
  7.5 4.90048E+04
  8.0 5.44187E+04
  8.5 1.45630E+05
  9.0 6.56483E+04
  9.5 2.49347E+05
 10.0 2.14498E+05
 10.5 3.10163E+04
 11.0 3.33790E+04
 11.5 3.71031E+04
 12.0 2.57911E+04
 12.5 2.40754E+04
 13.0 2.56138E+04
 13.5 2.71720E+04
 14.0 2.87499E+04
 14.5 3.03474E+04
 15.0 3.19646E+04
 15.5 3.36013E+04
 16.0 3.52575E+04
 16.5 3.69333E+04
 17.0 3.86288E+04
 17.5 4.03441E+04
 18.0 4.20792E+04
 18.5 4.38344E+04
 19.0 4.56096E+04
 19.5 4.74049E+04
 20.0 4.92198E+04
 20.5 5.10539E+04
 21.0 5.29061E+04
 21.5 5.47746E+04
 22.0 5.66574E+04
 22.5 5.85514E+04
 23.0 6.04529E+04
 23.5 6.23575E+04
 24.0 6.42600E+04
 24.5 6.61547E+04
 25.0 6.80353E+04
 25.5 6.98951E+04
 26.0 7.17271E+04
 26.5 7.35243E+04
 27.0 7.52798E+04
 27.5 7.69867E+04
 28.0 7.86386E+04
 28.5 8.02294E+04
 29.0 8.17535E+04
 29.5 8.32060E+04
 30.0 8.45825E+04
 30.5 8.58794E+04
 31.0 8.70936E+04
 31.5 8.82228E+04
 32.0 8.92652E+04
 32.5 9.02197E+04
 33.0 9.10861E+04
 33.5 9.18643E+04
 34.0 9.25548E+04
 34.5 9.31588E+04
 35.0 9.36778E+04
 35.5 9.41133E+04
 36.0 9.44678E+04
 36.5 9.47434E+04
 37.0 9.49429E+04
 37.5 9.50690E+04
 38.0 9.51247E+04
 38.5 9.51129E+04
 39.0 9.50369E+04
 39.5 9.48996E+04
 40.0 9.47043E+04
 40.5 9.44542E+04
 41.0 9.41523E+04
 41.5 9.38017E+04
 42.0 9.34056E+04
 42.5 9.29668E+04
 43.0 9.24882E+04
 43.5 9.19726E+04
 44.0 9.14227E+04
 44.5 9.08412E+04
 45.0 9.02304E+04
 45.5 8.95928E+04
 46.0 8.89308E+04
 46.5 8.82464E+04
 47.0 8.75417E+04
 47.5 8.68188E+04
 48.0 8.60794E+04
 48.5 8.53254E+04
 49.0 8.45584E+04
 49.5 8.37801E+04
 50.0 8.29917E+04
 50.5 8.21948E+04
 51.0 8.13907E+04
 51.5 8.05806E+04
 52.0 7.97656E+04
 52.5 7.89467E+04
 53.0 7.81251E+04
 53.5 7.73015E+04
 54.0 7.64770E+04
 54.5 7.56521E+04
 55.0 7.48278E+04
 55.5 7.40046E+04
 56.0 7.31832E+04
 56.5 7.23642E+04
 57.0 7.15481E+04
 57.5 7.07355E+04
 58.0 3.53186E+05
 58.5 6.91220E+04
 59.0 6.83219E+04
 59.5 5.73200E+05
 60.0 6.67370E+04
 60.5 6.59527E+04
 61.0 6.51741E+04
 61.5 6.44015E+04
 62.0 6.36349E+04
 62.5 6.28748E+04
 63.0 6.21211E+04
 63.5 6.13739E+04
 64.0 6.06335E+04
 64.5 5.98998E+04
 65.0 5.91730E+04
 65.5 5.84530E+04
 66.0 5.77401E+04
 66.5 5.70341E+04
 67.0 2.40206E+05
 67.5 5.56431E+04
 68.0 5.49581E+04
 68.5 5.42800E+04
 69.0 1.02933E+05
 69.5 4.96730E+04
 70.0 3.29274E+04
 70.5 3.28103E+04
 71.0 3.26883E+04
 71.5 3.25614E+04
 72.0 3.24298E+04
 72.5 3.22936E+04
 73.0 3.21529E+04
 73.5 3.20077E+04
 74.0 3.18580E+04
 74.5 3.17041E+04
 75.0 3.15460E+04
 75.5 3.13838E+04
 76.0 3.12176E+04
 76.5 3.10474E+04
 77.0 3.08733E+04
 77.5 3.06955E+04
 78.0 3.05140E+04
 78.5 3.03289E+04
 79.0 3.01402E+04
 79.5 2.99482E+04
 80.0 2.97528E+04
 80.5 2.95541E+04
 81.0 2.93522E+04
 81.5 2.91472E+04
 82.0 2.89392E+04
 82.5 2.87283E+04
 83.0 2.85145E+04
 83.5 2.82979E+04
 84.0 2.80785E+04
 84.5 2.78566E+04
 85.0 2.76320E+04
 85.5 2.74050E+04
 86.0 2.71755E+04
 86.5 2.69436E+04
 87.0 2.67095E+04
 87.5 2.64731E+04
 88.0 2.62346E+04
 88.5 2.59940E+04
 89.0 2.57514E+04
 89.5 2.55067E+04
 90.0 2.52602E+04
 90.5 2.50119E+04
 91.0 2.47617E+04
 91.5 2.45098E+04
 92.0 2.42563E+04
 92.5 2.40011E+04
 93.0 2.37444E+04
 93.5 2.34861E+04
 94.0 2.32264E+04
 94.5 2.29653E+04
 95.0 2.27029E+04
 95.5 2.24391E+04
 96.0 2.21741E+04
 96.5 2.19079E+04
 97.0 2.16405E+04
 97.5 2.13720E+04
 98.0 2.11024E+04
 98.5 2.08318E+04
 99.0 2.05603E+04
 99.5 2.02877E+04
100.0 2.00143E+04
100.5 1.97401E+04
101.0 1.94650E+04
101.5 1.91891E+04
102.0 1.89125E+04
102.5 1.86352E+04
103.0 1.83573E+04
103.5 1.80787E+04
104.0 1.77995E+04
104.5 1.75198E+04
105.0 1.72395E+04
105.5 1.69588E+04
106.0 1.66776E+04
106.5 1.63960E+04
107.0 1.61140E+04
107.5 1.58316E+04
108.0 1.55489E+04
108.5 1.52659E+04
109.0 1.49827E+04
109.5 1.46992E+04
110.0 1.44155E+04
110.5 1.41316E+04
111.0 1.38476E+04
111.5 1.35635E+04
112.0 1.32792E+04
112.5 1.29950E+04
113.0 1.27106E+04
113.5 1.24263E+04
114.0 1.21420E+04
114.5 1.18577E+04
115.0 1.15734E+04
115.5 1.12893E+04
116.0 1.10053E+04
116.5 1.07214E+04
117.0 1.04377E+04
117.5 1.01542E+04
118.0 9.87088E+03
118.5 9.58781E+03
119.0 9.30500E+03
119.5 9.02247E+03
120.0 8.74025E+03
120.5 8.45836E+03
121.0 8.17682E+03
121.5 7.89565E+03
122.0 7.61488E+03
122.5 7.33453E+03
123.0 7.05462E+03
123.5 6.77517E+03
124.0 6.49620E+03
124.5 6.21774E+03
125.0 5.93980E+03
125.5 5.66242E+03
126.0 5.38560E+03
126.5 5.10936E+03
127.0 4.83374E+03
127.5 4.55875E+03
128.0 4.28441E+03
128.5 4.01075E+03
129.0 3.73777E+03
129.5 3.46551E+03
130.0 3.19398E+03
130.5 2.92320E+03
131.0 2.65319E+03
131.5 2.38398E+03
132.0 2.11558E+03
132.5 1.84802E+03
133.0 1.58130E+03
133.5 1.31546E+03
134.0 1.05052E+03
134.5 7.86480E+02
135.0 5.23376E+02
135.5 2.61223E+02
136.0 2.17448E+01
