136K14D0W2
  0.5 0.00000E+00
  1.0 0.00000E+00
  1.5 0.00000E+00
  2.0 0.00000E+00
  2.5 0.00000E+00
  3.0 0.00000E+00
  3.5 1.98038E+04
  4.0 2.63033E+04
  4.5 3.30994E+04
  5.0 4.01782E+04
  5.5 4.75342E+04
  6.0 5.51653E+04
  6.5 6.30716E+04
  7.0 7.12558E+04
  7.5 7.97235E+04
  8.0 8.84846E+04
  8.5 7.38557E+05
  9.0 1.06955E+05
  9.5 8.60024E+05
 10.0 7.21059E+05
 10.5 5.04555E+04
 11.0 5.42479E+04
 11.5 9.04119E+04
 12.0 4.19542E+04
 12.5 3.91675E+04
 13.0 4.16259E+04
 13.5 4.41278E+04
 14.0 4.66740E+04
 14.5 4.92654E+04
 15.0 5.19032E+04
 15.5 5.45886E+04
 16.0 5.73229E+04
 16.5 6.01071E+04
 17.0 6.29419E+04
 17.5 6.58271E+04
 18.0 6.87610E+04
 18.5 7.17407E+04
 19.0 7.47610E+04
 19.5 7.78149E+04
 20.0 8.08929E+04
 20.5 8.39836E+04
 21.0 8.70735E+04
 21.5 9.01480E+04
 22.0 9.31910E+04
 22.5 9.61861E+04
 23.0 9.91168E+04
 23.5 1.01967E+05
 24.0 1.04720E+05
 24.5 1.07363E+05
 25.0 1.09883E+05
 25.5 1.12268E+05
 26.0 1.14508E+05
 26.5 1.16595E+05
 27.0 1.18525E+05
 27.5 1.20292E+05
 28.0 1.21893E+05
 28.5 1.23328E+05
 29.0 1.24598E+05
 29.5 1.25702E+05
 30.0 1.26646E+05
 30.5 1.27431E+05
 31.0 1.28063E+05
 31.5 1.28547E+05
 32.0 1.28889E+05
 32.5 1.29094E+05
 33.0 1.29170E+05
 33.5 1.29123E+05
 34.0 1.28960E+05
 34.5 1.28688E+05
 35.0 1.28314E+05
 35.5 1.27844E+05
 36.0 1.27285E+05
 36.5 1.26644E+05
 37.0 1.25926E+05
 37.5 1.25140E+05
 38.0 1.24288E+05
 38.5 1.23379E+05
 39.0 1.22416E+05
 39.5 1.21406E+05
 40.0 1.20352E+05
 40.5 1.19260E+05
 41.0 1.18133E+05
 41.5 1.16976E+05
 42.0 1.15792E+05
 42.5 1.14586E+05
 43.0 1.13360E+05
 43.5 1.12117E+05
 44.0 1.10861E+05
 44.5 1.09594E+05
 45.0 1.08318E+05
 45.5 1.07036E+05
 46.0 1.05750E+05
 46.5 1.04461E+05
 47.0 1.03172E+05
 47.5 1.01884E+05
 48.0 1.00599E+05
 48.5 9.93182E+04
 49.0 9.80423E+04
 49.5 9.67729E+04
 50.0 9.55108E+04
 50.5 9.42570E+04
 51.0 9.30124E+04
 51.5 9.17776E+04
 52.0 9.05534E+04
 52.5 8.93403E+04
 53.0 8.81388E+04
 53.5 8.69494E+04
 54.0 8.57725E+04
 54.5 8.46083E+04
 55.0 8.34572E+04
 55.5 8.23195E+04
 56.0 8.11952E+04
 56.5 8.00846E+04
 57.0 7.89878E+04
 57.5 7.79049E+04
 58.0 4.14449E+05
 58.5 7.57809E+04
 59.0 7.47398E+04
 59.5 6.70324E+05
 60.0 7.26994E+04
 60.5 7.17000E+04
 61.0 7.07144E+04
 61.5 6.97424E+04
 62.0 6.87840E+04
 62.5 6.78391E+04
 63.0 6.69074E+04
 63.5 6.59889E+04
 64.0 6.50835E+04
 64.5 6.41909E+04
 65.0 6.33111E+04
 65.5 6.24437E+04
 66.0 6.15887E+04
 66.5 6.07459E+04
 67.0 2.67190E+05
 67.5 5.90961E+04
 68.0 5.82887E+04
 68.5 5.74927E+04
 69.0 1.11813E+05
 69.5 5.34655E+04
 70.0 4.05889E+04
 70.5 4.02879E+04
 71.0 3.99848E+04
 71.5 3.96796E+04
 72.0 3.93724E+04
 72.5 3.90634E+04
 73.0 3.87526E+04
 73.5 3.84402E+04
 74.0 3.81262E+04
 74.5 3.78108E+04
 75.0 3.74940E+04
 75.5 3.71760E+04
 76.0 3.68568E+04
 76.5 3.65365E+04
 77.0 3.62152E+04
 77.5 3.58930E+04
 78.0 3.55699E+04
 78.5 3.52460E+04
 79.0 3.49214E+04
 79.5 3.45961E+04
 80.0 3.42702E+04
 80.5 3.39438E+04
 81.0 3.36169E+04
 81.5 3.32896E+04
 82.0 3.29619E+04
 82.5 3.26339E+04
 83.0 3.23056E+04
 83.5 3.19770E+04
 84.0 3.16482E+04
 84.5 3.13193E+04
 85.0 3.09903E+04
 85.5 3.06612E+04
 86.0 3.03321E+04
 86.5 3.00030E+04
 87.0 2.96738E+04
 87.5 2.93448E+04
 88.0 2.90158E+04
 88.5 2.86869E+04
 89.0 2.83582E+04
 89.5 2.80297E+04
 90.0 2.77013E+04
 90.5 2.73732E+04
 91.0 2.70453E+04
 91.5 2.67176E+04
 92.0 2.63903E+04
 92.5 2.60632E+04
 93.0 2.57364E+04
 93.5 2.54100E+04
 94.0 2.50840E+04
 94.5 2.47583E+04
 95.0 2.44330E+04
 95.5 2.41080E+04
 96.0 2.37835E+04
 96.5 2.34595E+04
 97.0 2.31359E+04
 97.5 2.28127E+04
 98.0 2.24900E+04
 98.5 2.21677E+04
 99.0 2.18460E+04
 99.5 2.15247E+04
100.0 2.12040E+04
100.5 2.08838E+04
101.0 2.05641E+04
101.5 2.02449E+04
102.0 1.99263E+04
102.5 1.96083E+04
103.0 1.92908E+04
103.5 1.89739E+04
104.0 1.86576E+04
104.5 1.83419E+04
105.0 1.80268E+04
105.5 1.77123E+04
106.0 1.73984E+04
106.5 1.70851E+04
107.0 1.67725E+04
107.5 1.64605E+04
108.0 1.61491E+04
108.5 1.58384E+04
109.0 1.55284E+04
109.5 1.52191E+04
110.0 1.49104E+04
110.5 1.46024E+04
111.0 1.42951E+04
111.5 1.39885E+04
112.0 1.36826E+04
112.5 1.33774E+04
113.0 1.30730E+04
113.5 1.27692E+04
114.0 1.24663E+04
114.5 1.21640E+04
115.0 1.18625E+04
115.5 1.15618E+04
116.0 1.12619E+04
116.5 1.09627E+04
117.0 1.06643E+04
117.5 1.03667E+04
118.0 1.00699E+04
118.5 9.77396E+03
119.0 9.47880E+03
119.5 9.18447E+03
120.0 8.89098E+03
120.5 8.59833E+03
121.0 8.30654E+03
121.5 8.01561E+03
122.0 7.72556E+03
122.5 7.43639E+03
123.0 7.14811E+03
123.5 6.86074E+03
124.0 6.57427E+03
124.5 6.28873E+03
125.0 6.00411E+03
125.5 5.72044E+03
126.0 5.43772E+03
126.5 5.15596E+03
127.0 4.87518E+03
127.5 4.59537E+03
128.0 4.31656E+03
128.5 4.03876E+03
129.0 3.76197E+03
129.5 3.48621E+03
130.0 3.21148E+03
130.5 2.93781E+03
131.0 2.66519E+03
131.5 2.39365E+03
132.0 2.12319E+03
132.5 1.85383E+03
133.0 1.58558E+03
133.5 1.31845E+03
134.0 1.05245E+03
134.5 7.87603E+02
135.0 5.23910E+02
135.5 2.61388E+02
136.0 2.17534E+01
