136K18D0W2
  0.5 0.00000E+00
  1.0 0.00000E+00
  1.5 0.00000E+00
  2.0 0.00000E+00
  2.5 0.00000E+00
  3.0 0.00000E+00
  3.5 2.74788E+04
  4.0 3.58407E+04
  4.5 4.46150E+04
  5.0 5.37953E+04
  5.5 6.33810E+04
  6.0 7.33759E+04
  6.5 8.37882E+04
  7.0 9.46325E+04
  7.5 1.05932E+05
  8.0 1.17721E+05
  8.5 1.57883E+06
  9.0 1.42976E+05
  9.5 1.48332E+06
 10.0 1.23732E+06
 10.5 6.69851E+04
 11.0 7.20518E+04
 11.5 1.64955E+05
 12.0 5.56808E+04
 12.5 5.19759E+04
 13.0 5.52481E+04
 13.5 5.85919E+04
 14.0 6.20100E+04
 14.5 6.55051E+04
 15.0 6.90802E+04
 15.5 7.27371E+04
 16.0 7.64763E+04
 16.5 8.02960E+04
 17.0 8.41913E+04
 17.5 8.81538E+04
 18.0 9.21707E+04
 18.5 9.62259E+04
 19.0 1.00299E+05
 19.5 1.04368E+05
 20.0 1.08406E+05
 20.5 1.12387E+05
 21.0 1.16285E+05
 21.5 1.20072E+05
 22.0 1.23725E+05
 22.5 1.27220E+05
 23.0 1.30536E+05
 23.5 1.33657E+05
 24.0 1.36567E+05
 24.5 1.39256E+05
 25.0 1.41715E+05
 25.5 1.43939E+05
 26.0 1.45925E+05
 26.5 1.47674E+05
 27.0 1.49187E+05
 27.5 1.50470E+05
 28.0 1.51527E+05
 28.5 1.52365E+05
 29.0 1.52994E+05
 29.5 1.53423E+05
 30.0 1.53660E+05
 30.5 1.53717E+05
 31.0 1.53603E+05
 31.5 1.53331E+05
 32.0 1.52909E+05
 32.5 1.52349E+05
 33.0 1.51662E+05
 33.5 1.50857E+05
 34.0 1.49943E+05
 34.5 1.48931E+05
 35.0 1.47830E+05
 35.5 1.46647E+05
 36.0 1.45391E+05
 36.5 1.44070E+05
 37.0 1.42691E+05
 37.5 1.41261E+05
 38.0 1.39786E+05
 38.5 1.38271E+05
 39.0 1.36723E+05
 39.5 1.35147E+05
 40.0 1.33547E+05
 40.5 1.31928E+05
 41.0 1.30294E+05
 41.5 1.28648E+05
 42.0 1.26994E+05
 42.5 1.25335E+05
 43.0 1.23674E+05
 43.5 1.22014E+05
 44.0 1.20357E+05
 44.5 1.18704E+05
 45.0 1.17059E+05
 45.5 1.15423E+05
 46.0 1.13796E+05
 46.5 1.12182E+05
 47.0 1.10581E+05
 47.5 1.08994E+05
 48.0 1.07422E+05
 48.5 1.05866E+05
 49.0 1.04327E+05
 49.5 1.02805E+05
 50.0 1.01301E+05
 50.5 9.98162E+04
 51.0 9.83499E+04
 51.5 9.69028E+04
 52.0 9.54752E+04
 52.5 9.40672E+04
 53.0 9.26790E+04
 53.5 9.13107E+04
 54.0 8.99625E+04
 54.5 8.86341E+04
 55.0 8.73257E+04
 55.5 8.60371E+04
 56.0 8.47684E+04
 56.5 8.35193E+04
 57.0 8.22897E+04
 57.5 8.10795E+04
 58.0 4.42388E+05
 58.5 7.87164E+04
 59.0 7.75631E+04
 59.5 7.14386E+05
 60.0 7.53118E+04
 60.5 7.42133E+04
 61.0 7.31326E+04
 61.5 7.20694E+04
 62.0 7.10234E+04
 62.5 6.99943E+04
 63.0 6.89820E+04
 63.5 6.79860E+04
 64.0 6.70061E+04
 64.5 6.60420E+04
 65.0 6.50934E+04
 65.5 6.41601E+04
 66.0 6.32416E+04
 66.5 6.23378E+04
 67.0 2.79034E+05
 67.5 6.05731E+04
 68.0 5.97115E+04
 68.5 5.88635E+04
 69.0 1.15665E+05
 69.5 5.51709E+04
 70.0 4.43809E+04
 70.5 4.39736E+04
 71.0 4.35665E+04
 71.5 4.31598E+04
 72.0 4.27534E+04
 72.5 4.23476E+04
 73.0 4.19422E+04
 73.5 4.15375E+04
 74.0 4.11334E+04
 74.5 4.07301E+04
 75.0 4.03276E+04
 75.5 3.99260E+04
 76.0 3.95252E+04
 76.5 3.91254E+04
 77.0 3.87266E+04
 77.5 3.83287E+04
 78.0 3.79320E+04
 78.5 3.75363E+04
 79.0 3.71417E+04
 79.5 3.67483E+04
 80.0 3.63561E+04
 80.5 3.59650E+04
 81.0 3.55752E+04
 81.5 3.51865E+04
 82.0 3.47992E+04
 82.5 3.44131E+04
 83.0 3.40282E+04
 83.5 3.36446E+04
 84.0 3.32624E+04
 84.5 3.28814E+04
 85.0 3.25017E+04
 85.5 3.21233E+04
 86.0 3.17462E+04
 86.5 3.13705E+04
 87.0 3.09961E+04
 87.5 3.06229E+04
 88.0 3.02511E+04
 88.5 2.98806E+04
 89.0 2.95115E+04
 89.5 2.91436E+04
 90.0 2.87770E+04
 90.5 2.84118E+04
 91.0 2.80478E+04
 91.5 2.76851E+04
 92.0 2.73238E+04
 92.5 2.69637E+04
 93.0 2.66049E+04
 93.5 2.62473E+04
 94.0 2.58911E+04
 94.5 2.55360E+04
 95.0 2.51823E+04
 95.5 2.48297E+04
 96.0 2.44785E+04
 96.5 2.41284E+04
 97.0 2.37796E+04
 97.5 2.34320E+04
 98.0 2.30856E+04
 98.5 2.27404E+04
 99.0 2.23964E+04
 99.5 2.20536E+04
100.0 2.17119E+04
100.5 2.13715E+04
101.0 2.10322E+04
101.5 2.06940E+04
102.0 2.03570E+04
102.5 2.00212E+04
103.0 1.96865E+04
103.5 1.93529E+04
104.0 1.90205E+04
104.5 1.86892E+04
105.0 1.83590E+04
105.5 1.80299E+04
106.0 1.77019E+04
106.5 1.73750E+04
107.0 1.70492E+04
107.5 1.67245E+04
108.0 1.64009E+04
108.5 1.60783E+04
109.0 1.57569E+04
109.5 1.54365E+04
110.0 1.51172E+04
110.5 1.47989E+04
111.0 1.44817E+04
111.5 1.41656E+04
112.0 1.38505E+04
112.5 1.35365E+04
113.0 1.32236E+04
113.5 1.29117E+04
114.0 1.26009E+04
114.5 1.22911E+04
115.0 1.19823E+04
115.5 1.16747E+04
116.0 1.13680E+04
116.5 1.10625E+04
117.0 1.07579E+04
117.5 1.04545E+04
118.0 1.01521E+04
118.5 9.85071E+03
119.0 9.55042E+03
119.5 9.25118E+03
120.0 8.95301E+03
120.5 8.65590E+03
121.0 8.35986E+03
121.5 8.06489E+03
122.0 7.77100E+03
122.5 7.47819E+03
123.0 7.18645E+03
123.5 6.89581E+03
124.0 6.60625E+03
124.5 6.31779E+03
125.0 6.03043E+03
125.5 5.74417E+03
126.0 5.45903E+03
126.5 5.17500E+03
127.0 4.89210E+03
127.5 4.61032E+03
128.0 4.32968E+03
128.5 4.05018E+03
129.0 3.77183E+03
129.5 3.49464E+03
130.0 3.21861E+03
130.5 2.94375E+03
131.0 2.67007E+03
131.5 2.39758E+03
132.0 2.12629E+03
132.5 1.85620E+03
133.0 1.58732E+03
133.5 1.31966E+03
134.0 1.05324E+03
134.5 7.88058E+02
135.0 5.24126E+02
135.5 2.61454E+02
136.0 2.17569E+01
