136K16D0W2
  0.5 0.00000E+00
  1.0 0.00000E+00
  1.5 0.00000E+00
  2.0 0.00000E+00
  2.5 0.00000E+00
  3.0 0.00000E+00
  3.5 2.35923E+04
  4.0 3.10145E+04
  4.5 3.87883E+04
  5.0 4.69037E+04
  5.5 5.53575E+04
  6.0 6.41500E+04
  6.5 7.32848E+04
  7.0 8.27690E+04
  7.5 9.26153E+04
  8.0 1.02844E+05
  8.5 1.12622E+06
  9.0 1.24574E+05
  9.5 1.16490E+06
 10.0 9.73556E+05
 10.5 5.85933E+04
 11.0 6.30056E+04
 11.5 1.24359E+05
 12.0 4.87143E+04
 12.5 4.54764E+04
 13.0 4.83315E+04
 13.5 5.12429E+04
 14.0 5.42122E+04
 14.5 5.72411E+04
 15.0 6.03318E+04
 15.5 6.34861E+04
 16.0 6.67056E+04
 16.5 6.99908E+04
 17.0 7.33407E+04
 17.5 7.67524E+04
 18.0 8.02203E+04
 18.5 8.37359E+04
 19.0 8.72878E+04
 19.5 9.08616E+04
 20.0 9.44402E+04
 20.5 9.80048E+04
 21.0 1.01535E+05
 21.5 1.05008E+05
 22.0 1.08405E+05
 22.5 1.11703E+05
 23.0 1.14883E+05
 23.5 1.17926E+05
 24.0 1.20818E+05
 24.5 1.23543E+05
 25.0 1.26090E+05
 25.5 1.28450E+05
 26.0 1.30616E+05
 26.5 1.32584E+05
 27.0 1.34351E+05
 27.5 1.35917E+05
 28.0 1.37283E+05
 28.5 1.38453E+05
 29.0 1.39431E+05
 29.5 1.40221E+05
 30.0 1.40832E+05
 30.5 1.41269E+05
 31.0 1.41541E+05
 31.5 1.41655E+05
 32.0 1.41621E+05
 32.5 1.41447E+05
 33.0 1.41141E+05
 33.5 1.40713E+05
 34.0 1.40170E+05
 34.5 1.39522E+05
 35.0 1.38776E+05
 35.5 1.37940E+05
 36.0 1.37022E+05
 36.5 1.36029E+05
 37.0 1.34968E+05
 37.5 1.33846E+05
 38.0 1.32668E+05
 38.5 1.31442E+05
 39.0 1.30171E+05
 39.5 1.28863E+05
 40.0 1.27520E+05
 40.5 1.26149E+05
 41.0 1.24753E+05
 41.5 1.23336E+05
 42.0 1.21902E+05
 42.5 1.20454E+05
 43.0 1.18995E+05
 43.5 1.17529E+05
 44.0 1.16057E+05
 44.5 1.14583E+05
 45.0 1.13108E+05
 45.5 1.11635E+05
 46.0 1.10166E+05
 46.5 1.08701E+05
 47.0 1.07243E+05
 47.5 1.05793E+05
 48.0 1.04353E+05
 48.5 1.02922E+05
 49.0 1.01503E+05
 49.5 1.00097E+05
 50.0 9.87032E+04
 50.5 9.73233E+04
 51.0 9.59578E+04
 51.5 9.46071E+04
 52.0 9.32718E+04
 52.5 9.19522E+04
 53.0 9.06485E+04
 53.5 8.93612E+04
 54.0 8.80904E+04
 54.5 8.68362E+04
 55.0 8.55988E+04
 55.5 8.43783E+04
 56.0 8.31747E+04
 56.5 8.19880E+04
 57.0 8.08182E+04
 57.5 7.96652E+04
 58.0 4.29883E+05
 58.5 7.74096E+04
 59.0 7.63067E+04
 59.5 6.94681E+05
 60.0 7.41500E+04
 60.5 7.30959E+04
 61.0 7.20578E+04
 61.5 7.10355E+04
 62.0 7.00287E+04
 62.5 6.90373E+04
 63.0 6.80610E+04
 63.5 6.70997E+04
 64.0 6.61530E+04
 64.5 6.52209E+04
 65.0 6.43029E+04
 65.5 6.33991E+04
 66.0 6.25089E+04
 66.5 6.16323E+04
 67.0 2.73766E+05
 67.5 5.99188E+04
 68.0 5.90813E+04
 68.5 5.82565E+04
 69.0 1.13955E+05
 69.5 5.44088E+04
 70.0 4.26602E+04
 70.5 4.23023E+04
 71.0 4.19435E+04
 71.5 4.15838E+04
 72.0 4.12234E+04
 72.5 4.08623E+04
 73.0 4.05006E+04
 73.5 4.01385E+04
 74.0 3.97759E+04
 74.5 3.94131E+04
 75.0 3.90500E+04
 75.5 3.86867E+04
 76.0 3.83234E+04
 76.5 3.79600E+04
 77.0 3.75967E+04
 77.5 3.72335E+04
 78.0 3.68704E+04
 78.5 3.65075E+04
 79.0 3.61448E+04
 79.5 3.57825E+04
 80.0 3.54204E+04
 80.5 3.50588E+04
 81.0 3.46976E+04
 81.5 3.43368E+04
 82.0 3.39765E+04
 82.5 3.36167E+04
 83.0 3.32575E+04
 83.5 3.28989E+04
 84.0 3.25408E+04
 84.5 3.21834E+04
 85.0 3.18266E+04
 85.5 3.14705E+04
 86.0 3.11150E+04
 86.5 3.07603E+04
 87.0 3.04063E+04
 87.5 3.00530E+04
 88.0 2.97005E+04
 88.5 2.93488E+04
 89.0 2.89978E+04
 89.5 2.86476E+04
 90.0 2.82982E+04
 90.5 2.79496E+04
 91.0 2.76018E+04
 91.5 2.72548E+04
 92.0 2.69087E+04
 92.5 2.65634E+04
 93.0 2.62190E+04
 93.5 2.58754E+04
 94.0 2.55326E+04
 94.5 2.51907E+04
 95.0 2.48497E+04
 95.5 2.45095E+04
 96.0 2.41702E+04
 96.5 2.38317E+04
 97.0 2.34941E+04
 97.5 2.31574E+04
 98.0 2.28216E+04
 98.5 2.24866E+04
 99.0 2.21525E+04
 99.5 2.18193E+04
100.0 2.14870E+04
100.5 2.11555E+04
101.0 2.08250E+04
101.5 2.04953E+04
102.0 2.01665E+04
102.5 1.98385E+04
103.0 1.95115E+04
103.5 1.91853E+04
104.0 1.88600E+04
104.5 1.85356E+04
105.0 1.82121E+04
105.5 1.78895E+04
106.0 1.75678E+04
106.5 1.72469E+04
107.0 1.69270E+04
107.5 1.66079E+04
108.0 1.62897E+04
108.5 1.59724E+04
109.0 1.56560E+04
109.5 1.53405E+04
110.0 1.50259E+04
110.5 1.47122E+04
111.0 1.43994E+04
111.5 1.40875E+04
112.0 1.37765E+04
112.5 1.34664E+04
113.0 1.31572E+04
113.5 1.28489E+04
114.0 1.25415E+04
114.5 1.22351E+04
115.0 1.19295E+04
115.5 1.16249E+04
116.0 1.13213E+04
116.5 1.10185E+04
117.0 1.07167E+04
117.5 1.04158E+04
118.0 1.01159E+04
118.5 9.81691E+03
119.0 9.51888E+03
119.5 9.22181E+03
120.0 8.92570E+03
120.5 8.63056E+03
121.0 8.33640E+03
121.5 8.04321E+03
122.0 7.75101E+03
122.5 7.45980E+03
123.0 7.16958E+03
123.5 6.88038E+03
124.0 6.59218E+03
124.5 6.30501E+03
125.0 6.01885E+03
125.5 5.73374E+03
126.0 5.44966E+03
126.5 5.16663E+03
127.0 4.88466E+03
127.5 4.60375E+03
128.0 4.32391E+03
128.5 4.04516E+03
129.0 3.76750E+03
129.5 3.49093E+03
130.0 3.21548E+03
130.5 2.94114E+03
131.0 2.66793E+03
131.5 2.39585E+03
132.0 2.12493E+03
132.5 1.85516E+03
133.0 1.58656E+03
133.5 1.31913E+03
134.0 1.05290E+03
134.5 7.87858E+02
135.0 5.24031E+02
135.5 2.61425E+02
136.0 2.17554E+01
