136K21D0W2
  0.5 0.00000E+00
  1.0 0.00000E+00
  1.5 0.00000E+00
  2.0 0.00000E+00
  2.5 0.00000E+00
  3.0 0.00000E+00
  3.5 3.35117E+04
  4.0 4.33252E+04
  4.5 5.36531E+04
  5.0 6.44939E+04
  5.5 7.58527E+04
  6.0 8.77411E+04
  6.5 1.00178E+05
  7.0 1.13196E+05
  7.5 1.26844E+05
  8.0 1.41190E+05
  8.5 2.34593E+06
  9.0 1.72301E+05
  9.5 1.96842E+06
 10.0 1.63937E+06
 10.5 8.01306E+04
 11.0 8.62566E+04
 11.5 2.36305E+05
 12.0 6.65840E+04
 12.5 6.21433E+04
 13.0 6.60868E+04
 13.5 7.01304E+04
 14.0 7.42786E+04
 14.5 7.85350E+04
 15.0 8.29018E+04
 15.5 8.73777E+04
 16.0 9.19575E+04
 16.5 9.66305E+04
 17.0 1.01380E+05
 17.5 1.06185E+05
 18.0 1.11018E+05
 18.5 1.15847E+05
 19.0 1.20637E+05
 19.5 1.25354E+05
 20.0 1.29960E+05
 20.5 1.34421E+05
 21.0 1.38704E+05
 21.5 1.42780E+05
 22.0 1.46623E+05
 22.5 1.50212E+05
 23.0 1.53530E+05
 23.5 1.56565E+05
 24.0 1.59308E+05
 24.5 1.61756E+05
 25.0 1.63907E+05
 25.5 1.65763E+05
 26.0 1.67331E+05
 26.5 1.68617E+05
 27.0 1.69631E+05
 27.5 1.70385E+05
 28.0 1.70889E+05
 28.5 1.71158E+05
 29.0 1.71205E+05
 29.5 1.71043E+05
 30.0 1.70687E+05
 30.5 1.70151E+05
 31.0 1.69448E+05
 31.5 1.68591E+05
 32.0 1.67595E+05
 32.5 1.66471E+05
 33.0 1.65230E+05
 33.5 1.63886E+05
 34.0 1.62448E+05
 34.5 1.60926E+05
 35.0 1.59330E+05
 35.5 1.57669E+05
 36.0 1.55952E+05
 36.5 1.54185E+05
 37.0 1.52377E+05
 37.5 1.50534E+05
 38.0 1.48662E+05
 38.5 1.46766E+05
 39.0 1.44853E+05
 39.5 1.42926E+05
 40.0 1.40990E+05
 40.5 1.39049E+05
 41.0 1.37106E+05
 41.5 1.35166E+05
 42.0 1.33230E+05
 42.5 1.31302E+05
 43.0 1.29383E+05
 43.5 1.27477E+05
 44.0 1.25584E+05
 44.5 1.23708E+05
 45.0 1.21848E+05
 45.5 1.20006E+05
 46.0 1.18185E+05
 46.5 1.16384E+05
 47.0 1.14604E+05
 47.5 1.12847E+05
 48.0 1.11112E+05
 48.5 1.09401E+05
 49.0 1.07713E+05
 49.5 1.06050E+05
 50.0 1.04411E+05
 50.5 1.02797E+05
 51.0 1.01207E+05
 51.5 9.96422E+04
 52.0 9.81020E+04
 52.5 9.65864E+04
 53.0 9.50954E+04
 53.5 9.36288E+04
 54.0 9.21866E+04
 54.5 9.07684E+04
 55.0 8.93741E+04
 55.5 8.80035E+04
 56.0 8.66561E+04
 56.5 8.53319E+04
 57.0 8.40304E+04
 57.5 8.27514E+04
 58.0 4.57291E+05
 58.5 8.02593E+04
 59.0 7.90456E+04
 59.5 7.37832E+05
 60.0 7.66811E+04
 60.5 7.55295E+04
 61.0 7.43979E+04
 61.5 7.32860E+04
 62.0 7.21933E+04
 62.5 7.11195E+04
 63.0 7.00642E+04
 63.5 6.90270E+04
 64.0 6.80076E+04
 64.5 6.70056E+04
 65.0 6.60206E+04
 65.5 6.50524E+04
 66.0 6.41004E+04
 66.5 6.31645E+04
 67.0 2.85246E+05
 67.5 6.13391E+04
 68.0 6.04491E+04
 68.5 5.95736E+04
 69.0 1.17674E+05
 69.5 5.60771E+04
 70.0 4.64810E+04
 70.5 4.60109E+04
 71.0 4.55427E+04
 71.5 4.50764E+04
 72.0 4.46121E+04
 72.5 4.41498E+04
 73.0 4.36895E+04
 73.5 4.32314E+04
 74.0 4.27754E+04
 74.5 4.23215E+04
 75.0 4.18698E+04
 75.5 4.14203E+04
 76.0 4.09730E+04
 76.5 4.05279E+04
 77.0 4.00851E+04
 77.5 3.96445E+04
 78.0 3.92062E+04
 78.5 3.87701E+04
 79.0 3.83362E+04
 79.5 3.79047E+04
 80.0 3.74753E+04
 80.5 3.70482E+04
 81.0 3.66233E+04
 81.5 3.62007E+04
 82.0 3.57802E+04
 82.5 3.53620E+04
 83.0 3.49459E+04
 83.5 3.45321E+04
 84.0 3.41204E+04
 84.5 3.37108E+04
 85.0 3.33034E+04
 85.5 3.28981E+04
 86.0 3.24949E+04
 86.5 3.20937E+04
 87.0 3.16946E+04
 87.5 3.12976E+04
 88.0 3.09026E+04
 88.5 3.05096E+04
 89.0 3.01185E+04
 89.5 2.97295E+04
 90.0 2.93423E+04
 90.5 2.89571E+04
 91.0 2.85738E+04
 91.5 2.81923E+04
 92.0 2.78127E+04
 92.5 2.74350E+04
 93.0 2.70591E+04
 93.5 2.66849E+04
 94.0 2.63125E+04
 94.5 2.59419E+04
 95.0 2.55730E+04
 95.5 2.52059E+04
 96.0 2.48404E+04
 96.5 2.44766E+04
 97.0 2.41144E+04
 97.5 2.37539E+04
 98.0 2.33950E+04
 98.5 2.30377E+04
 99.0 2.26819E+04
 99.5 2.23278E+04
100.0 2.19751E+04
100.5 2.16240E+04
101.0 2.12745E+04
101.5 2.09264E+04
102.0 2.05798E+04
102.5 2.02346E+04
103.0 1.98909E+04
103.5 1.95486E+04
104.0 1.92077E+04
104.5 1.88683E+04
105.0 1.85302E+04
105.5 1.81935E+04
106.0 1.78582E+04
106.5 1.75242E+04
107.0 1.71916E+04
107.5 1.68603E+04
108.0 1.65303E+04
108.5 1.62016E+04
109.0 1.58742E+04
109.5 1.55481E+04
110.0 1.52233E+04
110.5 1.48997E+04
111.0 1.45775E+04
111.5 1.42564E+04
112.0 1.39366E+04
112.5 1.36181E+04
113.0 1.33007E+04
113.5 1.29846E+04
114.0 1.26698E+04
114.5 1.23561E+04
115.0 1.20436E+04
115.5 1.17324E+04
116.0 1.14223E+04
116.5 1.11134E+04
117.0 1.08058E+04
117.5 1.04993E+04
118.0 1.01940E+04
118.5 9.88989E+03
119.0 9.58696E+03
119.5 9.28521E+03
120.0 8.98464E+03
120.5 8.68525E+03
121.0 8.38704E+03
121.5 8.09001E+03
122.0 7.79415E+03
122.5 7.49947E+03
123.0 7.20597E+03
123.5 6.91366E+03
124.0 6.62252E+03
124.5 6.33257E+03
125.0 6.04381E+03
125.5 5.75624E+03
126.0 5.46986E+03
126.5 5.18468E+03
127.0 4.90069E+03
127.5 4.61791E+03
128.0 4.33634E+03
128.5 4.05598E+03
129.0 3.77684E+03
129.5 3.49892E+03
130.0 3.22223E+03
130.5 2.94677E+03
131.0 2.67255E+03
131.5 2.39958E+03
132.0 2.12786E+03
132.5 1.85740E+03
133.0 1.58820E+03
133.5 1.32028E+03
134.0 1.05364E+03
134.5 7.88289E+02
135.0 5.24236E+02
135.5 2.61488E+02
136.0 2.17586E+01
