136K20D0W2
  0.5 0.00000E+00
  1.0 0.00000E+00
  1.5 0.00000E+00
  2.0 0.00000E+00
  2.5 0.00000E+00
  3.0 0.00000E+00
  3.5 3.14718E+04
  4.0 4.07951E+04
  4.5 5.05973E+04
  5.0 6.08754E+04
  5.5 7.16322E+04
  6.0 8.28763E+04
  6.5 9.46228E+04
  7.0 1.06897E+05
  7.5 1.19736E+05
  8.0 1.33198E+05
  8.5 2.08078E+06
  9.0 1.62278E+05
  9.5 1.80671E+06
 10.0 1.50531E+06
 10.5 7.56675E+04
 11.0 8.14290E+04
 11.5 2.11287E+05
 12.0 6.28837E+04
 12.5 5.86933E+04
 13.0 6.24064E+04
 13.5 6.62092E+04
 14.0 7.01058E+04
 14.5 7.40997E+04
 15.0 7.81936E+04
 15.5 8.23880E+04
 16.0 8.66802E+04
 16.5 9.10633E+04
 17.0 9.55254E+04
 17.5 1.00050E+05
 18.0 1.04615E+05
 18.5 1.09193E+05
 19.0 1.13757E+05
 19.5 1.18273E+05
 20.0 1.22708E+05
 20.5 1.27031E+05
 21.0 1.31209E+05
 21.5 1.35214E+05
 22.0 1.39019E+05
 22.5 1.42603E+05
 23.0 1.45946E+05
 23.5 1.49034E+05
 24.0 1.51857E+05
 24.5 1.54407E+05
 25.0 1.56681E+05
 25.5 1.58678E+05
 26.0 1.60402E+05
 26.5 1.61857E+05
 27.0 1.63050E+05
 27.5 1.63990E+05
 28.0 1.64688E+05
 28.5 1.65153E+05
 29.0 1.65399E+05
 29.5 1.65438E+05
 30.0 1.65282E+05
 30.5 1.64944E+05
 31.0 1.64437E+05
 31.5 1.63774E+05
 32.0 1.62967E+05
 32.5 1.62028E+05
 33.0 1.60969E+05
 33.5 1.59800E+05
 34.0 1.58532E+05
 34.5 1.57175E+05
 35.0 1.55738E+05
 35.5 1.54231E+05
 36.0 1.52662E+05
 36.5 1.51038E+05
 37.0 1.49366E+05
 37.5 1.47655E+05
 38.0 1.45908E+05
 38.5 1.44134E+05
 39.0 1.42336E+05
 39.5 1.40520E+05
 40.0 1.38690E+05
 40.5 1.36850E+05
 41.0 1.35004E+05
 41.5 1.33156E+05
 42.0 1.31309E+05
 42.5 1.29465E+05
 43.0 1.27627E+05
 43.5 1.25797E+05
 44.0 1.23978E+05
 44.5 1.22171E+05
 45.0 1.20378E+05
 45.5 1.18600E+05
 46.0 1.16839E+05
 46.5 1.15096E+05
 47.0 1.13372E+05
 47.5 1.11667E+05
 48.0 1.09983E+05
 48.5 1.08320E+05
 49.0 1.06678E+05
 49.5 1.05058E+05
 50.0 1.03461E+05
 50.5 1.01887E+05
 51.0 1.00335E+05
 51.5 9.88063E+04
 52.0 9.73007E+04
 52.5 9.58182E+04
 53.0 9.43588E+04
 53.5 9.29224E+04
 54.0 9.15090E+04
 54.5 9.01184E+04
 55.0 8.87505E+04
 55.5 8.74050E+04
 56.0 8.60817E+04
 56.5 8.47804E+04
 57.0 8.35010E+04
 57.5 8.22430E+04
 58.0 4.52746E+05
 58.5 7.97904E+04
 59.0 7.85951E+04
 59.5 7.30685E+05
 60.0 7.62652E+04
 60.5 7.51298E+04
 61.0 7.40138E+04
 61.5 7.29167E+04
 62.0 7.18382E+04
 62.5 7.07781E+04
 63.0 6.97358E+04
 63.5 6.87112E+04
 64.0 6.77038E+04
 64.5 6.67134E+04
 65.0 6.57395E+04
 65.5 6.47818E+04
 66.0 6.38401E+04
 66.5 6.29139E+04
 67.0 2.83359E+05
 67.5 6.11071E+04
 68.0 6.02256E+04
 68.5 5.93586E+04
 69.0 1.17065E+05
 69.5 5.58009E+04
 70.0 4.58348E+04
 70.5 4.53843E+04
 71.0 4.49351E+04
 71.5 4.44874E+04
 72.0 4.40412E+04
 72.5 4.35964E+04
 73.0 4.31533E+04
 73.5 4.27117E+04
 74.0 4.22718E+04
 74.5 4.18337E+04
 75.0 4.13972E+04
 75.5 4.09626E+04
 76.0 4.05297E+04
 76.5 4.00986E+04
 77.0 3.96694E+04
 77.5 3.92420E+04
 78.0 3.88165E+04
 78.5 3.83929E+04
 79.0 3.79712E+04
 79.5 3.75514E+04
 80.0 3.71335E+04
 80.5 3.67175E+04
 81.0 3.63034E+04
 81.5 3.58912E+04
 82.0 3.54809E+04
 82.5 3.50726E+04
 83.0 3.46661E+04
 83.5 3.42616E+04
 84.0 3.38589E+04
 84.5 3.34581E+04
 85.0 3.30592E+04
 85.5 3.26621E+04
 86.0 3.22669E+04
 86.5 3.18736E+04
 87.0 3.14821E+04
 87.5 3.10923E+04
 88.0 3.07044E+04
 88.5 3.03183E+04
 89.0 2.99340E+04
 89.5 2.95514E+04
 90.0 2.91705E+04
 90.5 2.87914E+04
 91.0 2.84140E+04
 91.5 2.80383E+04
 92.0 2.76642E+04
 92.5 2.72919E+04
 93.0 2.69212E+04
 93.5 2.65521E+04
 94.0 2.61846E+04
 94.5 2.58188E+04
 95.0 2.54545E+04
 95.5 2.50918E+04
 96.0 2.47306E+04
 96.5 2.43710E+04
 97.0 2.40129E+04
 97.5 2.36563E+04
 98.0 2.33012E+04
 98.5 2.29476E+04
 99.0 2.25954E+04
 99.5 2.22447E+04
100.0 2.18954E+04
100.5 2.15476E+04
101.0 2.12011E+04
101.5 2.08560E+04
102.0 2.05123E+04
102.5 2.01700E+04
103.0 1.98290E+04
103.5 1.94894E+04
104.0 1.91511E+04
104.5 1.88141E+04
105.0 1.84784E+04
105.5 1.81440E+04
106.0 1.78109E+04
106.5 1.74791E+04
107.0 1.71485E+04
107.5 1.68192E+04
108.0 1.64912E+04
108.5 1.61643E+04
109.0 1.58387E+04
109.5 1.55144E+04
110.0 1.51912E+04
110.5 1.48693E+04
111.0 1.45485E+04
111.5 1.42290E+04
112.0 1.39106E+04
112.5 1.35934E+04
113.0 1.32774E+04
113.5 1.29626E+04
114.0 1.26489E+04
114.5 1.23365E+04
115.0 1.20251E+04
115.5 1.17149E+04
116.0 1.14059E+04
116.5 1.10981E+04
117.0 1.07913E+04
117.5 1.04858E+04
118.0 1.01813E+04
118.5 9.87807E+03
119.0 9.57593E+03
119.5 9.27494E+03
120.0 8.97510E+03
120.5 8.67640E+03
121.0 8.37884E+03
121.5 8.08243E+03
122.0 7.78717E+03
122.5 7.49305E+03
123.0 7.20009E+03
123.5 6.90827E+03
124.0 6.61761E+03
124.5 6.32812E+03
125.0 6.03977E+03
125.5 5.75260E+03
126.0 5.46659E+03
126.5 5.18176E+03
127.0 4.89810E+03
127.5 4.61562E+03
128.0 4.33433E+03
128.5 4.05423E+03
129.0 3.77533E+03
129.5 3.49763E+03
130.0 3.22114E+03
130.5 2.94586E+03
131.0 2.67180E+03
131.5 2.39898E+03
132.0 2.12738E+03
132.5 1.85703E+03
133.0 1.58793E+03
133.5 1.32009E+03
134.0 1.05352E+03
134.5 7.88219E+02
135.0 5.24203E+02
135.5 2.61478E+02
136.0 2.17581E+01
