137K08D0W2
  0.5 0.00000E+00
  1.0 0.00000E+00
  1.5 0.00000E+00
  2.0 0.00000E+00
  2.5 0.00000E+00
  3.0 0.00000E+00
  3.5 8.95276E+03
  4.0 1.26990E+04
  4.5 1.66249E+04
  5.0 2.06939E+04
  5.5 2.48908E+04
  6.0 2.92082E+04
  6.5 3.36415E+04
  7.0 3.81879E+04
  7.5 4.28450E+04
  8.0 4.76110E+04
  8.5 9.26179E+04
  9.0 5.74668E+04
  9.5 1.66689E+05
 10.0 1.45543E+05
 10.5 2.71214E+04
 11.0 2.92065E+04
 11.5 3.08902E+04
 12.0 2.25546E+04
 12.5 2.10537E+04
 13.0 2.24134E+04
 13.5 2.37893E+04
 14.0 2.51813E+04
 14.5 2.65892E+04
 15.0 2.80130E+04
 15.5 2.94525E+04
 16.0 3.09077E+04
 16.5 3.23784E+04
 17.0 3.38645E+04
 17.5 3.53661E+04
 18.0 3.68832E+04
 18.5 3.84157E+04
 19.0 3.99636E+04
 19.5 4.15270E+04
 20.0 4.31058E+04
 20.5 4.46998E+04
 21.0 4.63086E+04
 21.5 4.79316E+04
 22.0 4.95679E+04
 22.5 5.12161E+04
 23.0 5.28745E+04
 23.5 5.45405E+04
 24.0 5.62114E+04
 24.5 5.78837E+04
 25.0 5.95535E+04
 25.5 6.12162E+04
 26.0 6.28670E+04
 26.5 6.45008E+04
 27.0 6.61122E+04
 27.5 6.76957E+04
 28.0 6.92457E+04
 28.5 7.07568E+04
 29.0 7.22239E+04
 29.5 7.36420E+04
 30.0 7.50064E+04
 30.5 7.63131E+04
 31.0 7.75581E+04
 31.5 7.87383E+04
 32.0 7.98508E+04
 32.5 8.08935E+04
 33.0 8.18646E+04
 33.5 8.27628E+04
 34.0 8.35873E+04
 34.5 8.43379E+04
 35.0 8.50145E+04
 35.5 8.56175E+04
 36.0 8.61480E+04
 36.5 8.66070E+04
 37.0 8.69958E+04
 37.5 8.73162E+04
 38.0 8.75701E+04
 38.5 8.77593E+04
 39.0 8.78863E+04
 39.5 8.79532E+04
 40.0 8.79624E+04
 40.5 8.79165E+04
 41.0 8.78179E+04
 41.5 8.76691E+04
 42.0 8.74727E+04
 42.5 8.72312E+04
 43.0 8.69471E+04
 43.5 8.66228E+04
 44.0 8.62608E+04
 44.5 8.58635E+04
 45.0 8.54331E+04
 45.5 8.49718E+04
 46.0 8.44819E+04
 46.5 8.39653E+04
 47.0 8.34242E+04
 47.5 8.28604E+04
 48.0 8.22758E+04
 48.5 8.16720E+04
 49.0 8.10509E+04
 49.5 8.04140E+04
 50.0 7.97627E+04
 50.5 7.90987E+04
 51.0 7.84231E+04
 51.5 7.77374E+04
 52.0 7.70427E+04
 52.5 7.63401E+04
 53.0 7.56308E+04
 53.5 7.49158E+04
 54.0 7.41960E+04
 54.5 7.34722E+04
 55.0 7.27455E+04
 55.5 7.20164E+04
 56.0 7.12857E+04
 56.5 7.05542E+04
 57.0 6.98225E+04
 57.5 6.90910E+04
 58.0 3.39255E+05
 58.5 6.76313E+04
 59.0 6.69039E+04
 59.5 5.51723E+05
 60.0 6.54563E+04
 60.5 6.47369E+04
 61.0 6.40208E+04
 61.5 6.33083E+04
 62.0 6.25997E+04
 62.5 6.18953E+04
 63.0 6.11953E+04
 63.5 6.04998E+04
 64.0 5.98090E+04
 64.5 5.91232E+04
 65.0 5.84425E+04
 65.5 5.77669E+04
 66.0 5.70966E+04
 66.5 5.64316E+04
 67.0 2.35526E+05
 67.5 5.51182E+04
 68.0 5.44699E+04
 68.5 5.38271E+04
 69.0 1.01581E+05
 69.5 4.90015E+04
 70.0 3.08692E+04
 70.5 3.08000E+04
 71.0 3.07257E+04
 71.5 3.06464E+04
 72.0 3.05620E+04
 72.5 3.04727E+04
 73.0 3.03785E+04
 73.5 3.02795E+04
 74.0 3.01758E+04
 74.5 3.00674E+04
 75.0 2.99543E+04
 75.5 2.98367E+04
 76.0 2.97146E+04
 76.5 2.95881E+04
 77.0 2.94572E+04
 77.5 2.93221E+04
 78.0 2.91828E+04
 78.5 2.90393E+04
 79.0 2.88918E+04
 79.5 2.87404E+04
 80.0 2.85850E+04
 80.5 2.84258E+04
 81.0 2.82628E+04
 81.5 2.80962E+04
 82.0 2.79259E+04
 82.5 2.77521E+04
 83.0 2.75749E+04
 83.5 2.73943E+04
 84.0 2.72104E+04
 84.5 2.70232E+04
 85.0 2.68329E+04
 85.5 2.66395E+04
 86.0 2.64431E+04
 86.5 2.62437E+04
 87.0 2.60415E+04
 87.5 2.58364E+04
 88.0 2.56286E+04
 88.5 2.54182E+04
 89.0 2.52051E+04
 89.5 2.49895E+04
 90.0 2.47715E+04
 90.5 2.45510E+04
 91.0 2.43282E+04
 91.5 2.41031E+04
 92.0 2.38758E+04
 92.5 2.36464E+04
 93.0 2.34148E+04
 93.5 2.31812E+04
 94.0 2.29457E+04
 94.5 2.27082E+04
 95.0 2.24689E+04
 95.5 2.22277E+04
 96.0 2.19849E+04
 96.5 2.17403E+04
 97.0 2.14941E+04
 97.5 2.12463E+04
 98.0 2.09969E+04
 98.5 2.07461E+04
 99.0 2.04939E+04
 99.5 2.02402E+04
100.0 1.99852E+04
100.5 1.97290E+04
101.0 1.94715E+04
101.5 1.92128E+04
102.0 1.89529E+04
102.5 1.86919E+04
103.0 1.84299E+04
103.5 1.81669E+04
104.0 1.79029E+04
104.5 1.76379E+04
105.0 1.73721E+04
105.5 1.71054E+04
106.0 1.68379E+04
106.5 1.65696E+04
107.0 1.63006E+04
107.5 1.60309E+04
108.0 1.57605E+04
108.5 1.54896E+04
109.0 1.52180E+04
109.5 1.49459E+04
110.0 1.46732E+04
110.5 1.44001E+04
111.0 1.41265E+04
111.5 1.38525E+04
112.0 1.35782E+04
112.5 1.33035E+04
113.0 1.30284E+04
113.5 1.27531E+04
114.0 1.24776E+04
114.5 1.22018E+04
115.0 1.19258E+04
115.5 1.16497E+04
116.0 1.13734E+04
116.5 1.10970E+04
117.0 1.08206E+04
117.5 1.05441E+04
118.0 1.02676E+04
118.5 9.99111E+03
119.0 9.71466E+03
119.5 9.43827E+03
120.0 9.16197E+03
120.5 8.88580E+03
121.0 8.60977E+03
121.5 8.33391E+03
122.0 8.05825E+03
122.5 7.78281E+03
123.0 7.50763E+03
123.5 7.23271E+03
124.0 6.95810E+03
124.5 6.68381E+03
125.0 6.40986E+03
125.5 6.13629E+03
126.0 5.86312E+03
126.5 5.59036E+03
127.0 5.31805E+03
127.5 5.04620E+03
128.0 4.77485E+03
128.5 4.50401E+03
129.0 4.23371E+03
129.5 3.96396E+03
130.0 3.69480E+03
130.5 3.42624E+03
131.0 3.15831E+03
131.5 2.89103E+03
132.0 2.62442E+03
132.5 2.35850E+03
133.0 2.09330E+03
133.5 1.82883E+03
134.0 1.56513E+03
134.5 1.30220E+03
135.0 1.04008E+03
135.5 7.78781E+02
136.0 5.18326E+02
136.5 2.58738E+02
137.0 2.15397E+01
