137K09D0W2
  0.5 0.00000E+00
  1.0 0.00000E+00
  1.5 0.00000E+00
  2.0 0.00000E+00
  2.5 0.00000E+00
  3.0 0.00000E+00
  3.5 1.06727E+04
  4.0 1.48762E+04
  4.5 1.92716E+04
  5.0 2.38284E+04
  5.5 2.85337E+04
  6.0 3.33811E+04
  6.5 3.83668E+04
  7.0 4.34882E+04
  7.5 4.87433E+04
  8.0 5.41311E+04
  8.5 1.41146E+05
  9.0 6.53059E+04
  9.5 2.43348E+05
 10.0 2.09537E+05
 10.5 3.08625E+04
 11.0 3.32156E+04
 11.5 3.67408E+04
 12.0 2.56681E+04
 12.5 2.39622E+04
 13.0 2.54952E+04
 13.5 2.70479E+04
 14.0 2.86205E+04
 14.5 3.02126E+04
 15.0 3.18245E+04
 15.5 3.34559E+04
 16.0 3.51068E+04
 16.5 3.67775E+04
 17.0 3.84678E+04
 17.5 4.01779E+04
 18.0 4.19079E+04
 18.5 4.36580E+04
 19.0 4.54282E+04
 19.5 4.72186E+04
 20.0 4.90288E+04
 20.5 5.08584E+04
 21.0 5.27063E+04
 21.5 5.45711E+04
 22.0 5.64507E+04
 22.5 5.83424E+04
 23.0 6.02425E+04
 23.5 6.21468E+04
 24.0 6.40503E+04
 24.5 6.59475E+04
 25.0 6.78322E+04
 25.5 6.96978E+04
 26.0 7.15375E+04
 26.5 7.33442E+04
 27.0 7.51111E+04
 27.5 7.68314E+04
 28.0 7.84985E+04
 28.5 8.01062E+04
 29.0 8.16489E+04
 29.5 8.31217E+04
 30.0 8.45198E+04
 30.5 8.58396E+04
 31.0 8.70778E+04
 31.5 8.82319E+04
 32.0 8.93001E+04
 32.5 9.02811E+04
 33.0 9.11743E+04
 33.5 9.19796E+04
 34.0 9.26974E+04
 34.5 9.33287E+04
 35.0 9.38748E+04
 35.5 9.43372E+04
 36.0 9.47183E+04
 36.5 9.50200E+04
 37.0 9.52450E+04
 37.5 9.53960E+04
 38.0 9.54759E+04
 38.5 9.54876E+04
 39.0 9.54342E+04
 39.5 9.53187E+04
 40.0 9.51444E+04
 40.5 9.49144E+04
 41.0 9.46316E+04
 41.5 9.42993E+04
 42.0 9.39205E+04
 42.5 9.34981E+04
 43.0 9.30350E+04
 43.5 9.25340E+04
 44.0 9.19979E+04
 44.5 9.14291E+04
 45.0 9.08304E+04
 45.5 9.02040E+04
 46.0 8.95523E+04
 46.5 8.88775E+04
 47.0 8.81816E+04
 47.5 8.74668E+04
 48.0 8.67349E+04
 48.5 8.59876E+04
 49.0 8.52267E+04
 49.5 8.44537E+04
 50.0 8.36702E+04
 50.5 8.28776E+04
 51.0 8.20773E+04
 51.5 8.12704E+04
 52.0 8.04581E+04
 52.5 7.96416E+04
 53.0 7.88218E+04
 53.5 7.79997E+04
 54.0 7.71761E+04
 54.5 7.63520E+04
 55.0 7.55280E+04
 55.5 7.47049E+04
 56.0 7.38832E+04
 56.5 7.30636E+04
 57.0 7.22467E+04
 57.5 7.14330E+04
 58.0 3.58851E+05
 58.5 6.98167E+04
 59.0 6.90149E+04
 59.5 5.82977E+05
 60.0 6.74261E+04
 60.5 6.66395E+04
 61.0 6.58586E+04
 61.5 6.50835E+04
 62.0 6.43144E+04
 62.5 6.35516E+04
 63.0 6.27950E+04
 63.5 6.20450E+04
 64.0 6.13017E+04
 64.5 6.05650E+04
 65.0 5.98351E+04
 65.5 5.91121E+04
 66.0 5.83960E+04
 66.5 5.76868E+04
 67.0 2.44511E+05
 67.5 5.62894E+04
 68.0 5.56011E+04
 68.5 5.49199E+04
 69.0 1.04569E+05
 69.5 5.02304E+04
 70.0 3.31048E+04
 70.5 3.29916E+04
 71.0 3.28735E+04
 71.5 3.27505E+04
 72.0 3.26228E+04
 72.5 3.24904E+04
 73.0 3.23535E+04
 73.5 3.22121E+04
 74.0 3.20663E+04
 74.5 3.19162E+04
 75.0 3.17619E+04
 75.5 3.16035E+04
 76.0 3.14410E+04
 76.5 3.12745E+04
 77.0 3.11042E+04
 77.5 3.09301E+04
 78.0 3.07523E+04
 78.5 3.05709E+04
 79.0 3.03859E+04
 79.5 3.01975E+04
 80.0 3.00057E+04
 80.5 2.98107E+04
 81.0 2.96124E+04
 81.5 2.94110E+04
 82.0 2.92066E+04
 82.5 2.89992E+04
 83.0 2.87889E+04
 83.5 2.85758E+04
 84.0 2.83600E+04
 84.5 2.81415E+04
 85.0 2.79204E+04
 85.5 2.76968E+04
 86.0 2.74707E+04
 86.5 2.72423E+04
 87.0 2.70115E+04
 87.5 2.67785E+04
 88.0 2.65434E+04
 88.5 2.63061E+04
 89.0 2.60668E+04
 89.5 2.58255E+04
 90.0 2.55822E+04
 90.5 2.53371E+04
 91.0 2.50902E+04
 91.5 2.48415E+04
 92.0 2.45912E+04
 92.5 2.43392E+04
 93.0 2.40856E+04
 93.5 2.38305E+04
 94.0 2.35740E+04
 94.5 2.33160E+04
 95.0 2.30566E+04
 95.5 2.27959E+04
 96.0 2.25340E+04
 96.5 2.22708E+04
 97.0 2.20064E+04
 97.5 2.17409E+04
 98.0 2.14743E+04
 98.5 2.12067E+04
 99.0 2.09381E+04
 99.5 2.06685E+04
100.0 2.03980E+04
100.5 2.01266E+04
101.0 1.98543E+04
101.5 1.95813E+04
102.0 1.93075E+04
102.5 1.90330E+04
103.0 1.87578E+04
103.5 1.84820E+04
104.0 1.82055E+04
104.5 1.79285E+04
105.0 1.76509E+04
105.5 1.73728E+04
106.0 1.70943E+04
106.5 1.68152E+04
107.0 1.65358E+04
107.5 1.62560E+04
108.0 1.59759E+04
108.5 1.56954E+04
109.0 1.54146E+04
109.5 1.51336E+04
110.0 1.48524E+04
110.5 1.45709E+04
111.0 1.42893E+04
111.5 1.40075E+04
112.0 1.37256E+04
112.5 1.34436E+04
113.0 1.31616E+04
113.5 1.28795E+04
114.0 1.25974E+04
114.5 1.23153E+04
115.0 1.20332E+04
115.5 1.17512E+04
116.0 1.14693E+04
116.5 1.11875E+04
117.0 1.09058E+04
117.5 1.06243E+04
118.0 1.03430E+04
118.5 1.00619E+04
119.0 9.78096E+03
119.5 9.50032E+03
120.0 9.21995E+03
120.5 8.93987E+03
121.0 8.66011E+03
121.5 8.38070E+03
122.0 8.10164E+03
122.5 7.82296E+03
123.0 7.54469E+03
123.5 7.26685E+03
124.0 6.98945E+03
124.5 6.71251E+03
125.0 6.43607E+03
125.5 6.16014E+03
126.0 5.88473E+03
126.5 5.60987E+03
127.0 5.33559E+03
127.5 5.06189E+03
128.0 4.78881E+03
128.5 4.51635E+03
129.0 4.24455E+03
129.5 3.97341E+03
130.0 3.70297E+03
130.5 3.43323E+03
131.0 3.16422E+03
131.5 2.89596E+03
132.0 2.62847E+03
132.5 2.36177E+03
133.0 2.09587E+03
133.5 1.83080E+03
134.0 1.56658E+03
134.5 1.30321E+03
135.0 1.04074E+03
135.5 7.79161E+02
136.0 5.18508E+02
136.5 2.58794E+02
137.0 2.15427E+01
