137K19D0W2
  0.5 0.00000E+00
  1.0 0.00000E+00
  1.5 0.00000E+00
  2.0 0.00000E+00
  2.5 0.00000E+00
  3.0 0.00000E+00
  3.5 2.92807E+04
  4.0 3.80752E+04
  4.5 4.73123E+04
  5.0 5.69869E+04
  5.5 6.71000E+04
  6.0 7.76571E+04
  6.5 8.86692E+04
  7.0 1.00155E+05
  7.5 1.12143E+05
  8.0 1.24677E+05
  8.5 1.79569E+06
  9.0 1.51627E+05
  9.5 1.63114E+06
 10.0 1.35979E+06
 10.5 7.09234E+04
 11.0 7.63050E+04
 11.5 1.84739E+05
 12.0 5.89610E+04
 12.5 5.50395E+04
 13.0 5.85138E+04
 13.5 6.20678E+04
 14.0 6.57050E+04
 14.5 6.94286E+04
 15.0 7.32416E+04
 15.5 7.71457E+04
 16.0 8.11404E+04
 16.5 8.52225E+04
 17.0 8.93845E+04
 17.5 9.36150E+04
 18.0 9.78978E+04
 18.5 1.02213E+05
 19.0 1.06535E+05
 19.5 1.10839E+05
 20.0 1.15095E+05
 20.5 1.19274E+05
 21.0 1.23346E+05
 21.5 1.27283E+05
 22.0 1.31059E+05
 22.5 1.34652E+05
 23.0 1.38039E+05
 23.5 1.41205E+05
 24.0 1.44137E+05
 24.5 1.46824E+05
 25.0 1.49259E+05
 25.5 1.51439E+05
 26.0 1.53364E+05
 26.5 1.55035E+05
 27.0 1.56457E+05
 27.5 1.57635E+05
 28.0 1.58577E+05
 28.5 1.59292E+05
 29.0 1.59789E+05
 29.5 1.60080E+05
 30.0 1.60175E+05
 30.5 1.60087E+05
 31.0 1.59825E+05
 31.5 1.59403E+05
 32.0 1.58831E+05
 32.5 1.58122E+05
 33.0 1.57285E+05
 33.5 1.56331E+05
 34.0 1.55272E+05
 34.5 1.54116E+05
 35.0 1.52872E+05
 35.5 1.51550E+05
 36.0 1.50158E+05
 36.5 1.48704E+05
 37.0 1.47195E+05
 37.5 1.45638E+05
 38.0 1.44040E+05
 38.5 1.42406E+05
 39.0 1.40742E+05
 39.5 1.39052E+05
 40.0 1.37343E+05
 40.5 1.35617E+05
 41.0 1.33880E+05
 41.5 1.32135E+05
 42.0 1.30384E+05
 42.5 1.28632E+05
 43.0 1.26881E+05
 43.5 1.25134E+05
 44.0 1.23392E+05
 44.5 1.21658E+05
 45.0 1.19934E+05
 45.5 1.18221E+05
 46.0 1.16522E+05
 46.5 1.14836E+05
 47.0 1.13166E+05
 47.5 1.11513E+05
 48.0 1.09876E+05
 48.5 1.08259E+05
 49.0 1.06659E+05
 49.5 1.05080E+05
 50.0 1.03520E+05
 50.5 1.01981E+05
 51.0 1.00462E+05
 51.5 9.89644E+04
 52.0 9.74878E+04
 52.5 9.60325E+04
 53.0 9.45986E+04
 53.5 9.31861E+04
 54.0 9.17949E+04
 54.5 9.04251E+04
 55.0 8.90767E+04
 55.5 8.77493E+04
 56.0 8.64430E+04
 56.5 8.51576E+04
 57.0 8.38928E+04
 57.5 8.26485E+04
 58.0 4.56657E+05
 58.5 8.02204E+04
 59.0 7.90361E+04
 59.5 7.37858E+05
 60.0 7.67257E+04
 60.5 7.55991E+04
 61.0 7.44911E+04
 61.5 7.34014E+04
 62.0 7.23298E+04
 62.5 7.12759E+04
 63.0 7.02394E+04
 63.5 6.92200E+04
 64.0 6.82175E+04
 64.5 6.72314E+04
 65.0 6.62615E+04
 65.5 6.53075E+04
 66.0 6.43691E+04
 66.5 6.34458E+04
 67.0 2.87060E+05
 67.5 6.16439E+04
 68.0 6.07646E+04
 68.5 5.98993E+04
 69.0 1.18491E+05
 69.5 5.62093E+04
 70.0 4.55781E+04
 70.5 4.51494E+04
 71.0 4.47214E+04
 71.5 4.42942E+04
 72.0 4.38679E+04
 72.5 4.34426E+04
 73.0 4.30184E+04
 73.5 4.25952E+04
 74.0 4.21732E+04
 74.5 4.17523E+04
 75.0 4.13328E+04
 75.5 4.09145E+04
 76.0 4.04975E+04
 76.5 4.00820E+04
 77.0 3.96678E+04
 77.5 3.92551E+04
 78.0 3.88438E+04
 78.5 3.84340E+04
 79.0 3.80258E+04
 79.5 3.76190E+04
 80.0 3.72138E+04
 80.5 3.68102E+04
 81.0 3.64081E+04
 81.5 3.60076E+04
 82.0 3.56088E+04
 82.5 3.52115E+04
 83.0 3.48157E+04
 83.5 3.44217E+04
 84.0 3.40291E+04
 84.5 3.36383E+04
 85.0 3.32490E+04
 85.5 3.28613E+04
 86.0 3.24752E+04
 86.5 3.20907E+04
 87.0 3.17078E+04
 87.5 3.13265E+04
 88.0 3.09468E+04
 88.5 3.05687E+04
 89.0 3.01921E+04
 89.5 2.98170E+04
 90.0 2.94435E+04
 90.5 2.90716E+04
 91.0 2.87011E+04
 91.5 2.83322E+04
 92.0 2.79648E+04
 92.5 2.75989E+04
 93.0 2.72345E+04
 93.5 2.68715E+04
 94.0 2.65101E+04
 94.5 2.61500E+04
 95.0 2.57914E+04
 95.5 2.54342E+04
 96.0 2.50785E+04
 96.5 2.47241E+04
 97.0 2.43711E+04
 97.5 2.40196E+04
 98.0 2.36693E+04
 98.5 2.33205E+04
 99.0 2.29729E+04
 99.5 2.26268E+04
100.0 2.22819E+04
100.5 2.19383E+04
101.0 2.15961E+04
101.5 2.12551E+04
102.0 2.09154E+04
102.5 2.05770E+04
103.0 2.02399E+04
103.5 1.99040E+04
104.0 1.95693E+04
104.5 1.92358E+04
105.0 1.89036E+04
105.5 1.85726E+04
106.0 1.82428E+04
106.5 1.79142E+04
107.0 1.75868E+04
107.5 1.72605E+04
108.0 1.69355E+04
108.5 1.66116E+04
109.0 1.62888E+04
109.5 1.59672E+04
110.0 1.56468E+04
110.5 1.53275E+04
111.0 1.50093E+04
111.5 1.46923E+04
112.0 1.43763E+04
112.5 1.40615E+04
113.0 1.37479E+04
113.5 1.34353E+04
114.0 1.31238E+04
114.5 1.28135E+04
115.0 1.25042E+04
115.5 1.21961E+04
116.0 1.18890E+04
116.5 1.15831E+04
117.0 1.12782E+04
117.5 1.09744E+04
118.0 1.06717E+04
118.5 1.03701E+04
119.0 1.00697E+04
119.5 9.77025E+03
120.0 9.47193E+03
120.5 9.17471E+03
121.0 8.87859E+03
121.5 8.58355E+03
122.0 8.28961E+03
122.5 7.99677E+03
123.0 7.70503E+03
123.5 7.41439E+03
124.0 7.12485E+03
124.5 6.83643E+03
125.0 6.54911E+03
125.5 6.26291E+03
126.0 5.97782E+03
126.5 5.69386E+03
127.0 5.41103E+03
127.5 5.12933E+03
128.0 4.84876E+03
128.5 4.56934E+03
129.0 4.29106E+03
129.5 4.01394E+03
130.0 3.73797E+03
130.5 3.46317E+03
131.0 3.18954E+03
131.5 2.91709E+03
132.0 2.64582E+03
132.5 2.37575E+03
133.0 2.10688E+03
133.5 1.83921E+03
134.0 1.57276E+03
134.5 1.30753E+03
135.0 1.04354E+03
135.5 7.80784E+02
136.0 5.19279E+02
136.5 2.59032E+02
137.0 2.15551E+01
