137K15D0W2
  0.5 0.00000E+00
  1.0 0.00000E+00
  1.5 0.00000E+00
  2.0 0.00000E+00
  2.5 0.00000E+00
  3.0 0.00000E+00
  3.5 2.15489E+04
  4.0 2.84728E+04
  4.5 3.57186E+04
  5.0 4.32743E+04
  5.5 5.11353E+04
  6.0 5.93005E+04
  6.5 6.77715E+04
  7.0 7.65527E+04
  7.5 8.56524E+04
  8.0 9.50843E+04
  8.5 9.02618E+05
  9.0 1.15037E+05
  9.5 9.96806E+05
 10.0 8.34370E+05
 10.5 5.42214E+04
 11.0 5.83011E+04
 11.5 1.04775E+05
 12.0 4.50922E+04
 12.5 4.20993E+04
 13.0 4.47432E+04
 13.5 4.74364E+04
 14.0 5.01803E+04
 14.5 5.29760E+04
 15.0 5.58252E+04
 15.5 5.87294E+04
 16.0 6.16902E+04
 16.5 6.47087E+04
 17.0 6.77850E+04
 17.5 7.09184E+04
 18.0 7.41057E+04
 18.5 7.73421E+04
 19.0 8.06201E+04
 19.5 8.39298E+04
 20.0 8.72586E+04
 20.5 9.05918E+04
 21.0 9.39129E+04
 21.5 9.72041E+04
 22.0 1.00447E+05
 22.5 1.03622E+05
 23.0 1.06711E+05
 23.5 1.09697E+05
 24.0 1.12563E+05
 24.5 1.15294E+05
 25.0 1.17878E+05
 25.5 1.20304E+05
 26.0 1.22563E+05
 26.5 1.24648E+05
 27.0 1.26554E+05
 27.5 1.28279E+05
 28.0 1.29821E+05
 28.5 1.31181E+05
 29.0 1.32361E+05
 29.5 1.33364E+05
 30.0 1.34195E+05
 30.5 1.34858E+05
 31.0 1.35359E+05
 31.5 1.35706E+05
 32.0 1.35906E+05
 32.5 1.35964E+05
 33.0 1.35890E+05
 33.5 1.35690E+05
 34.0 1.35373E+05
 34.5 1.34946E+05
 35.0 1.34417E+05
 35.5 1.33793E+05
 36.0 1.33080E+05
 36.5 1.32288E+05
 37.0 1.31420E+05
 37.5 1.30486E+05
 38.0 1.29489E+05
 38.5 1.28437E+05
 39.0 1.27335E+05
 39.5 1.26188E+05
 40.0 1.25001E+05
 40.5 1.23778E+05
 41.0 1.22525E+05
 41.5 1.21244E+05
 42.0 1.19941E+05
 42.5 1.18618E+05
 43.0 1.17278E+05
 43.5 1.15926E+05
 44.0 1.14563E+05
 44.5 1.13192E+05
 45.0 1.11816E+05
 45.5 1.10437E+05
 46.0 1.09057E+05
 46.5 1.07677E+05
 47.0 1.06300E+05
 47.5 1.04927E+05
 48.0 1.03559E+05
 48.5 1.02198E+05
 49.0 1.00845E+05
 49.5 9.95014E+04
 50.0 9.81671E+04
 50.5 9.68436E+04
 51.0 9.55314E+04
 51.5 9.42315E+04
 52.0 9.29442E+04
 52.5 9.16701E+04
 53.0 9.04096E+04
 53.5 8.91632E+04
 54.0 8.79311E+04
 54.5 8.67136E+04
 55.0 8.55110E+04
 55.5 8.43234E+04
 56.0 8.31509E+04
 56.5 8.19937E+04
 57.0 8.08518E+04
 57.5 7.97252E+04
 58.0 4.30567E+05
 58.5 7.75181E+04
 59.0 7.64375E+04
 59.5 6.96712E+05
 60.0 7.43219E+04
 60.5 7.32867E+04
 61.0 7.22664E+04
 61.5 7.12609E+04
 62.0 7.02700E+04
 62.5 6.92936E+04
 63.0 6.83315E+04
 63.5 6.73835E+04
 64.0 6.64496E+04
 64.5 6.55293E+04
 65.0 6.46227E+04
 65.5 6.37294E+04
 66.0 6.28492E+04
 66.5 6.19821E+04
 67.0 2.76046E+05
 67.5 6.02858E+04
 68.0 5.94563E+04
 68.5 5.86389E+04
 69.0 1.14921E+05
 69.5 5.46313E+04
 70.0 4.20331E+04
 70.5 4.17049E+04
 71.0 4.13751E+04
 71.5 4.10438E+04
 72.0 4.07110E+04
 72.5 4.03770E+04
 73.0 4.00418E+04
 73.5 3.97054E+04
 74.0 3.93681E+04
 74.5 3.90298E+04
 75.0 3.86907E+04
 75.5 3.83509E+04
 76.0 3.80105E+04
 76.5 3.76694E+04
 77.0 3.73279E+04
 77.5 3.69859E+04
 78.0 3.66435E+04
 78.5 3.63008E+04
 79.0 3.59579E+04
 79.5 3.56148E+04
 80.0 3.52715E+04
 80.5 3.49282E+04
 81.0 3.45848E+04
 81.5 3.42414E+04
 82.0 3.38981E+04
 82.5 3.35549E+04
 83.0 3.32118E+04
 83.5 3.28689E+04
 84.0 3.25262E+04
 84.5 3.21837E+04
 85.0 3.18415E+04
 85.5 3.14996E+04
 86.0 3.11581E+04
 86.5 3.08168E+04
 87.0 3.04760E+04
 87.5 3.01356E+04
 88.0 2.97956E+04
 88.5 2.94561E+04
 89.0 2.91170E+04
 89.5 2.87784E+04
 90.0 2.84403E+04
 90.5 2.81028E+04
 91.0 2.77658E+04
 91.5 2.74293E+04
 92.0 2.70934E+04
 92.5 2.67581E+04
 93.0 2.64233E+04
 93.5 2.60892E+04
 94.0 2.57557E+04
 94.5 2.54228E+04
 95.0 2.50905E+04
 95.5 2.47589E+04
 96.0 2.44280E+04
 96.5 2.40977E+04
 97.0 2.37680E+04
 97.5 2.34390E+04
 98.0 2.31108E+04
 98.5 2.27832E+04
 99.0 2.24562E+04
 99.5 2.21300E+04
100.0 2.18045E+04
100.5 2.14797E+04
101.0 2.11556E+04
101.5 2.08323E+04
102.0 2.05096E+04
102.5 2.01877E+04
103.0 1.98665E+04
103.5 1.95461E+04
104.0 1.92264E+04
104.5 1.89074E+04
105.0 1.85892E+04
105.5 1.82717E+04
106.0 1.79550E+04
106.5 1.76391E+04
107.0 1.73239E+04
107.5 1.70094E+04
108.0 1.66958E+04
108.5 1.63829E+04
109.0 1.60708E+04
109.5 1.57595E+04
110.0 1.54489E+04
110.5 1.51392E+04
111.0 1.48302E+04
111.5 1.45221E+04
112.0 1.42147E+04
112.5 1.39082E+04
113.0 1.36024E+04
113.5 1.32975E+04
114.0 1.29934E+04
114.5 1.26901E+04
115.0 1.23877E+04
115.5 1.20861E+04
116.0 1.17853E+04
116.5 1.14854E+04
117.0 1.11863E+04
117.5 1.08880E+04
118.0 1.05907E+04
118.5 1.02942E+04
119.0 9.99855E+03
119.5 9.70380E+03
120.0 9.40994E+03
120.5 9.11696E+03
121.0 8.82488E+03
121.5 8.53371E+03
122.0 8.24345E+03
122.5 7.95411E+03
123.0 7.66569E+03
123.5 7.37821E+03
124.0 7.09166E+03
124.5 6.80607E+03
125.0 6.52143E+03
125.5 6.23775E+03
126.0 5.95505E+03
126.5 5.67332E+03
127.0 5.39258E+03
127.5 5.11285E+03
128.0 4.83411E+03
128.5 4.55640E+03
129.0 4.27971E+03
129.5 4.00405E+03
130.0 3.72943E+03
130.5 3.45587E+03
131.0 3.18337E+03
131.5 2.91194E+03
132.0 2.64160E+03
132.5 2.37235E+03
133.0 2.10420E+03
133.5 1.83716E+03
134.0 1.57126E+03
134.5 1.30648E+03
135.0 1.04286E+03
135.5 7.80389E+02
136.0 5.19091E+02
136.5 2.58974E+02
137.0 2.15521E+01
