137K10D0W2
  0.5 0.00000E+00
  1.0 0.00000E+00
  1.5 0.00000E+00
  2.0 0.00000E+00
  2.5 0.00000E+00
  3.0 0.00000E+00
  3.5 1.24233E+04
  4.0 1.70802E+04
  4.5 2.19449E+04
  5.0 2.69913E+04
  5.5 3.22087E+04
  6.0 3.75916E+04
  6.5 4.31366E+04
  7.0 4.88416E+04
  7.5 5.47054E+04
  8.0 6.07279E+04
  8.5 2.10684E+05
  9.0 7.32566E+04
  9.5 3.37607E+05
 10.0 2.87961E+05
 10.5 3.46419E+04
 11.0 3.72679E+04
 11.5 4.38466E+04
 12.0 2.88128E+04
 12.5 2.68995E+04
 13.0 2.86087E+04
 13.5 3.03417E+04
 14.0 3.20984E+04
 14.5 3.38789E+04
 15.0 3.56832E+04
 15.5 3.75114E+04
 16.0 3.93638E+04
 16.5 4.12405E+04
 17.0 4.31417E+04
 17.5 4.50678E+04
 18.0 4.70189E+04
 18.5 4.89954E+04
 19.0 5.09973E+04
 19.5 5.30242E+04
 20.0 5.50753E+04
 20.5 5.71494E+04
 21.0 5.92443E+04
 21.5 6.13569E+04
 22.0 6.34835E+04
 22.5 6.56190E+04
 23.0 6.77577E+04
 23.5 6.98929E+04
 24.0 7.20173E+04
 24.5 7.41227E+04
 25.0 7.62010E+04
 25.5 7.82434E+04
 26.0 8.02414E+04
 26.5 8.21865E+04
 27.0 8.40709E+04
 27.5 8.58869E+04
 28.0 8.76276E+04
 28.5 8.92867E+04
 29.0 9.08589E+04
 29.5 9.23395E+04
 30.0 9.37246E+04
 30.5 9.50115E+04
 31.0 9.61979E+04
 31.5 9.72825E+04
 32.0 9.82648E+04
 32.5 9.91448E+04
 33.0 9.99233E+04
 33.5 1.00602E+05
 34.0 1.01181E+05
 34.5 1.01665E+05
 35.0 1.02055E+05
 35.5 1.02354E+05
 36.0 1.02565E+05
 36.5 1.02693E+05
 37.0 1.02740E+05
 37.5 1.02710E+05
 38.0 1.02606E+05
 38.5 1.02433E+05
 39.0 1.02195E+05
 39.5 1.01895E+05
 40.0 1.01536E+05
 40.5 1.01123E+05
 41.0 1.00659E+05
 41.5 1.00148E+05
 42.0 9.95921E+04
 42.5 9.89958E+04
 43.0 9.83618E+04
 43.5 9.76932E+04
 44.0 9.69929E+04
 44.5 9.62636E+04
 45.0 9.55080E+04
 45.5 9.47285E+04
 46.0 9.39277E+04
 46.5 9.31075E+04
 47.0 9.22704E+04
 47.5 9.14181E+04
 48.0 9.05527E+04
 48.5 8.96758E+04
 49.0 8.87892E+04
 49.5 8.78944E+04
 50.0 8.69928E+04
 50.5 8.60859E+04
 51.0 8.51748E+04
 51.5 8.42608E+04
 52.0 8.33448E+04
 52.5 8.24281E+04
 53.0 8.15113E+04
 53.5 8.05956E+04
 54.0 7.96816E+04
 54.5 7.87701E+04
 55.0 7.78617E+04
 55.5 7.69570E+04
 56.0 7.60567E+04
 56.5 7.51611E+04
 57.0 7.42709E+04
 57.5 7.33864E+04
 58.0 3.75425E+05
 58.5 7.16359E+04
 59.0 7.07707E+04
 59.5 6.09351E+05
 60.0 6.90613E+04
 60.5 6.82177E+04
 61.0 6.73817E+04
 61.5 6.65535E+04
 62.0 6.57332E+04
 62.5 6.49209E+04
 63.0 6.41168E+04
 63.5 6.33208E+04
 64.0 6.25331E+04
 64.5 6.17536E+04
 65.0 6.09825E+04
 65.5 6.02197E+04
 66.0 5.94652E+04
 66.5 5.87189E+04
 67.0 2.51979E+05
 67.5 5.72513E+04
 68.0 5.65297E+04
 68.5 5.58164E+04
 69.0 1.07039E+05
 69.5 5.12591E+04
 70.0 3.50634E+04
 70.5 3.49081E+04
 71.0 3.47484E+04
 71.5 3.45842E+04
 72.0 3.44156E+04
 72.5 3.42429E+04
 73.0 3.40661E+04
 73.5 3.38852E+04
 74.0 3.37005E+04
 74.5 3.35119E+04
 75.0 3.33196E+04
 75.5 3.31237E+04
 76.0 3.29243E+04
 76.5 3.27214E+04
 77.0 3.25152E+04
 77.5 3.23058E+04
 78.0 3.20933E+04
 78.5 3.18777E+04
 79.0 3.16591E+04
 79.5 3.14376E+04
 80.0 3.12134E+04
 80.5 3.09864E+04
 81.0 3.07568E+04
 81.5 3.05246E+04
 82.0 3.02899E+04
 82.5 3.00529E+04
 83.0 2.98135E+04
 83.5 2.95719E+04
 84.0 2.93281E+04
 84.5 2.90822E+04
 85.0 2.88343E+04
 85.5 2.85844E+04
 86.0 2.83326E+04
 86.5 2.80790E+04
 87.0 2.78236E+04
 87.5 2.75665E+04
 88.0 2.73077E+04
 88.5 2.70473E+04
 89.0 2.67854E+04
 89.5 2.65220E+04
 90.0 2.62572E+04
 90.5 2.59911E+04
 91.0 2.57236E+04
 91.5 2.54548E+04
 92.0 2.51849E+04
 92.5 2.49137E+04
 93.0 2.46415E+04
 93.5 2.43682E+04
 94.0 2.40938E+04
 94.5 2.38185E+04
 95.0 2.35422E+04
 95.5 2.32650E+04
 96.0 2.29870E+04
 96.5 2.27082E+04
 97.0 2.24286E+04
 97.5 2.21482E+04
 98.0 2.18672E+04
 98.5 2.15855E+04
 99.0 2.13032E+04
 99.5 2.10202E+04
100.0 2.07368E+04
100.5 2.04528E+04
101.0 2.01683E+04
101.5 1.98833E+04
102.0 1.95980E+04
102.5 1.93122E+04
103.0 1.90261E+04
103.5 1.87396E+04
104.0 1.84529E+04
104.5 1.81658E+04
105.0 1.78786E+04
105.5 1.75911E+04
106.0 1.73034E+04
106.5 1.70155E+04
107.0 1.67275E+04
107.5 1.64394E+04
108.0 1.61512E+04
108.5 1.58629E+04
109.0 1.55746E+04
109.5 1.52863E+04
110.0 1.49980E+04
110.5 1.47097E+04
111.0 1.44215E+04
111.5 1.41333E+04
112.0 1.38453E+04
112.5 1.35573E+04
113.0 1.32695E+04
113.5 1.29819E+04
114.0 1.26944E+04
114.5 1.24072E+04
115.0 1.21202E+04
115.5 1.18334E+04
116.0 1.15469E+04
116.5 1.12607E+04
117.0 1.09747E+04
117.5 1.06892E+04
118.0 1.04039E+04
118.5 1.01190E+04
119.0 9.83453E+03
119.5 9.55043E+03
120.0 9.26676E+03
120.5 8.98352E+03
121.0 8.70074E+03
121.5 8.41844E+03
122.0 8.13663E+03
122.5 7.85533E+03
123.0 7.57457E+03
123.5 7.29435E+03
124.0 7.01470E+03
124.5 6.73564E+03
125.0 6.45717E+03
125.5 6.17933E+03
126.0 5.90213E+03
126.5 5.62558E+03
127.0 5.34970E+03
127.5 5.07451E+03
128.0 4.80003E+03
128.5 4.52627E+03
129.0 4.25326E+03
129.5 3.98101E+03
130.0 3.70953E+03
130.5 3.43885E+03
131.0 3.16897E+03
131.5 2.89993E+03
132.0 2.63173E+03
132.5 2.36440E+03
133.0 2.09794E+03
133.5 1.83238E+03
134.0 1.56774E+03
134.5 1.30403E+03
135.0 1.04126E+03
135.5 7.79467E+02
136.0 5.18653E+02
136.5 2.58839E+02
137.0 2.15450E+01
