137K13D0W2
  0.5 0.00000E+00
  1.0 0.00000E+00
  1.5 0.00000E+00
  2.0 0.00000E+00
  2.5 0.00000E+00
  3.0 0.00000E+00
  3.5 1.78284E+04
  4.0 2.38408E+04
  4.5 3.01236E+04
  5.0 3.66605E+04
  5.5 4.34449E+04
  6.0 5.04736E+04
  6.5 5.77454E+04
  7.0 6.52612E+04
  7.5 7.30239E+04
  8.0 8.10397E+04
  8.5 5.59033E+05
  9.0 9.78752E+04
  9.5 7.04682E+05
 10.0 5.92413E+05
 10.5 4.62398E+04
 11.0 4.97182E+04
 11.5 7.49558E+04
 12.0 3.84584E+04
 12.5 3.59067E+04
 13.0 3.81649E+04
 13.5 4.04609E+04
 14.0 4.27953E+04
 14.5 4.51684E+04
 15.0 4.75813E+04
 15.5 5.00347E+04
 16.0 5.25297E+04
 16.5 5.50671E+04
 17.0 5.76477E+04
 17.5 6.02721E+04
 18.0 6.29398E+04
 18.5 6.56497E+04
 19.0 6.83992E+04
 19.5 7.11840E+04
 20.0 7.39983E+04
 20.5 7.68345E+04
 21.0 7.96830E+04
 21.5 8.25327E+04
 22.0 8.53712E+04
 22.5 8.81851E+04
 23.0 9.09603E+04
 23.5 9.36825E+04
 24.0 9.63375E+04
 24.5 9.89118E+04
 25.0 1.01393E+05
 25.5 1.03768E+05
 26.0 1.06027E+05
 26.5 1.08161E+05
 27.0 1.10163E+05
 27.5 1.12025E+05
 28.0 1.13745E+05
 28.5 1.15317E+05
 29.0 1.16741E+05
 29.5 1.18017E+05
 30.0 1.19143E+05
 30.5 1.20123E+05
 31.0 1.20959E+05
 31.5 1.21654E+05
 32.0 1.22212E+05
 32.5 1.22638E+05
 33.0 1.22937E+05
 33.5 1.23115E+05
 34.0 1.23176E+05
 34.5 1.23128E+05
 35.0 1.22975E+05
 35.5 1.22724E+05
 36.0 1.22381E+05
 36.5 1.21951E+05
 37.0 1.21441E+05
 37.5 1.20857E+05
 38.0 1.20203E+05
 38.5 1.19485E+05
 39.0 1.18709E+05
 39.5 1.17879E+05
 40.0 1.16999E+05
 40.5 1.16076E+05
 41.0 1.15112E+05
 41.5 1.14112E+05
 42.0 1.13079E+05
 42.5 1.12018E+05
 43.0 1.10932E+05
 43.5 1.09823E+05
 44.0 1.08696E+05
 44.5 1.07552E+05
 45.0 1.06394E+05
 45.5 1.05225E+05
 46.0 1.04047E+05
 46.5 1.02862E+05
 47.0 1.01672E+05
 47.5 1.00479E+05
 48.0 9.92843E+04
 48.5 9.80894E+04
 49.0 9.68959E+04
 49.5 9.57049E+04
 50.0 9.45178E+04
 50.5 9.33355E+04
 51.0 9.21590E+04
 51.5 9.09892E+04
 52.0 8.98269E+04
 52.5 8.86727E+04
 53.0 8.75274E+04
 53.5 8.63915E+04
 54.0 8.52654E+04
 54.5 8.41497E+04
 55.0 8.30448E+04
 55.5 8.19510E+04
 56.0 8.08686E+04
 56.5 7.97977E+04
 57.0 7.87388E+04
 57.5 7.76919E+04
 58.0 4.12660E+05
 58.5 7.56348E+04
 59.0 7.46247E+04
 59.5 6.68404E+05
 60.0 7.26419E+04
 60.5 7.16691E+04
 61.0 7.07088E+04
 61.5 6.97610E+04
 62.0 6.88255E+04
 62.5 6.79024E+04
 63.0 6.69915E+04
 63.5 6.60927E+04
 64.0 6.52060E+04
 64.5 6.43312E+04
 65.0 6.34683E+04
 65.5 6.26171E+04
 66.0 6.17774E+04
 66.5 6.09491E+04
 67.0 2.68354E+05
 67.5 5.93263E+04
 68.0 5.85314E+04
 68.5 5.77473E+04
 69.0 1.12414E+05
 69.5 5.35429E+04
 70.0 3.96925E+04
 70.5 3.94263E+04
 71.0 3.91571E+04
 71.5 3.88852E+04
 72.0 3.86107E+04
 72.5 3.83337E+04
 73.0 3.80543E+04
 73.5 3.77726E+04
 74.0 3.74887E+04
 74.5 3.72027E+04
 75.0 3.69147E+04
 75.5 3.66249E+04
 76.0 3.63333E+04
 76.5 3.60400E+04
 77.0 3.57452E+04
 77.5 3.54487E+04
 78.0 3.51509E+04
 78.5 3.48517E+04
 79.0 3.45512E+04
 79.5 3.42496E+04
 80.0 3.39467E+04
 80.5 3.36429E+04
 81.0 3.33380E+04
 81.5 3.30322E+04
 82.0 3.27255E+04
 82.5 3.24180E+04
 83.0 3.21097E+04
 83.5 3.18007E+04
 84.0 3.14911E+04
 84.5 3.11809E+04
 85.0 3.08701E+04
 85.5 3.05588E+04
 86.0 3.02471E+04
 86.5 2.99349E+04
 87.0 2.96224E+04
 87.5 2.93095E+04
 88.0 2.89963E+04
 88.5 2.86828E+04
 89.0 2.83692E+04
 89.5 2.80553E+04
 90.0 2.77413E+04
 90.5 2.74271E+04
 91.0 2.71128E+04
 91.5 2.67985E+04
 92.0 2.64841E+04
 92.5 2.61697E+04
 93.0 2.58553E+04
 93.5 2.55409E+04
 94.0 2.52266E+04
 94.5 2.49124E+04
 95.0 2.45983E+04
 95.5 2.42843E+04
 96.0 2.39704E+04
 96.5 2.36567E+04
 97.0 2.33432E+04
 97.5 2.30299E+04
 98.0 2.27168E+04
 98.5 2.24040E+04
 99.0 2.20914E+04
 99.5 2.17791E+04
100.0 2.14671E+04
100.5 2.11553E+04
101.0 2.08439E+04
101.5 2.05328E+04
102.0 2.02221E+04
102.5 1.99117E+04
103.0 1.96017E+04
103.5 1.92921E+04
104.0 1.89829E+04
104.5 1.86741E+04
105.0 1.83657E+04
105.5 1.80577E+04
106.0 1.77503E+04
106.5 1.74432E+04
107.0 1.71366E+04
107.5 1.68305E+04
108.0 1.65249E+04
108.5 1.62198E+04
109.0 1.59153E+04
109.5 1.56112E+04
110.0 1.53077E+04
110.5 1.50047E+04
111.0 1.47023E+04
111.5 1.44004E+04
112.0 1.40992E+04
112.5 1.37985E+04
113.0 1.34984E+04
113.5 1.31989E+04
114.0 1.29000E+04
114.5 1.26018E+04
115.0 1.23042E+04
115.5 1.20072E+04
116.0 1.17109E+04
116.5 1.14153E+04
117.0 1.11203E+04
117.5 1.08261E+04
118.0 1.05325E+04
118.5 1.02396E+04
119.0 9.94747E+03
119.5 9.65605E+03
120.0 9.36537E+03
120.5 9.07544E+03
121.0 8.78627E+03
121.5 8.49786E+03
122.0 8.21024E+03
122.5 7.92341E+03
123.0 7.63737E+03
123.5 7.35215E+03
124.0 7.06776E+03
124.5 6.78419E+03
125.0 6.50148E+03
125.5 6.21962E+03
126.0 5.93862E+03
126.5 5.65851E+03
127.0 5.37928E+03
127.5 5.10096E+03
128.0 4.82354E+03
128.5 4.54706E+03
129.0 4.27151E+03
129.5 3.99691E+03
130.0 3.72326E+03
130.5 3.45060E+03
131.0 3.17891E+03
131.5 2.90822E+03
132.0 2.63854E+03
132.5 2.36988E+03
133.0 2.10226E+03
133.5 1.83568E+03
134.0 1.57017E+03
134.5 1.30572E+03
135.0 1.04236E+03
135.5 7.80104E+02
136.0 5.18956E+02
136.5 2.58933E+02
137.0 2.15499E+01
