137K12D0W2
  0.5 0.00000E+00
  1.0 0.00000E+00
  1.5 0.00000E+00
  2.0 0.00000E+00
  2.5 0.00000E+00
  3.0 0.00000E+00
  3.5 1.60029E+04
  4.0 2.15628E+04
  4.5 2.73701E+04
  5.0 3.34059E+04
  5.5 3.96622E+04
  6.0 4.61350E+04
  6.5 5.28224E+04
  7.0 5.97238E+04
  7.5 6.68404E+04
  8.0 7.41757E+04
  8.5 4.19517E+05
  9.0 8.95308E+04
  9.5 5.70638E+05
 10.0 4.81330E+05
 10.5 4.23273E+04
 11.0 4.55156E+04
 11.5 6.28081E+04
 12.0 3.52054E+04
 12.5 3.28694E+04
 13.0 3.49409E+04
 13.5 3.70452E+04
 14.0 3.91825E+04
 14.5 4.13531E+04
 15.0 4.35575E+04
 15.5 4.57962E+04
 16.0 4.80700E+04
 16.5 5.03795E+04
 17.0 5.27254E+04
 17.5 5.51082E+04
 18.0 5.75282E+04
 18.5 5.99849E+04
 19.0 6.24773E+04
 19.5 6.50031E+04
 20.0 6.75588E+04
 20.5 7.01394E+04
 21.0 7.27385E+04
 21.5 7.53482E+04
 22.0 7.79593E+04
 22.5 8.05612E+04
 23.0 8.31428E+04
 23.5 8.56919E+04
 24.0 8.81964E+04
 24.5 9.06442E+04
 25.0 9.30233E+04
 25.5 9.53223E+04
 26.0 9.75309E+04
 26.5 9.96395E+04
 27.0 1.01640E+05
 27.5 1.03524E+05
 28.0 1.05288E+05
 28.5 1.06925E+05
 29.0 1.08433E+05
 29.5 1.09809E+05
 30.0 1.11052E+05
 30.5 1.12162E+05
 31.0 1.13140E+05
 31.5 1.13988E+05
 32.0 1.14708E+05
 32.5 1.15304E+05
 33.0 1.15778E+05
 33.5 1.16136E+05
 34.0 1.16381E+05
 34.5 1.16518E+05
 35.0 1.16553E+05
 35.5 1.16490E+05
 36.0 1.16334E+05
 36.5 1.16091E+05
 37.0 1.15766E+05
 37.5 1.15365E+05
 38.0 1.14891E+05
 38.5 1.14351E+05
 39.0 1.13748E+05
 39.5 1.13088E+05
 40.0 1.12375E+05
 40.5 1.11614E+05
 41.0 1.10808E+05
 41.5 1.09962E+05
 42.0 1.09079E+05
 42.5 1.08163E+05
 43.0 1.07217E+05
 43.5 1.06245E+05
 44.0 1.05249E+05
 44.5 1.04232E+05
 45.0 1.03198E+05
 45.5 1.02148E+05
 46.0 1.01085E+05
 46.5 1.00011E+05
 47.0 9.89276E+04
 47.5 9.78373E+04
 48.0 9.67418E+04
 48.5 9.56426E+04
 49.0 9.45411E+04
 49.5 9.34388E+04
 50.0 9.23369E+04
 50.5 9.12367E+04
 51.0 9.01392E+04
 51.5 8.90453E+04
 52.0 8.79559E+04
 52.5 8.68720E+04
 53.0 8.57942E+04
 53.5 8.47231E+04
 54.0 8.36596E+04
 54.5 8.26039E+04
 55.0 8.15566E+04
 55.5 8.05182E+04
 56.0 7.94890E+04
 56.5 7.84695E+04
 57.0 7.74598E+04
 57.5 7.64602E+04
 58.0 4.01912E+05
 58.5 7.44923E+04
 59.0 7.35243E+04
 59.5 6.51385E+05
 60.0 7.16208E+04
 60.5 7.06854E+04
 61.0 6.97611E+04
 61.5 6.88479E+04
 62.0 6.79456E+04
 62.5 6.70545E+04
 63.0 6.61744E+04
 63.5 6.53052E+04
 64.0 6.44470E+04
 64.5 6.35996E+04
 65.0 6.27630E+04
 65.5 6.19372E+04
 66.0 6.11219E+04
 66.5 6.03172E+04
 67.0 2.63681E+05
 67.5 5.87388E+04
 68.0 5.79649E+04
 68.5 5.72010E+04
 69.0 1.10886E+05
 69.5 5.28869E+04
 70.0 3.83234E+04
 70.5 3.80917E+04
 71.0 3.78564E+04
 71.5 3.76178E+04
 72.0 3.73759E+04
 72.5 3.71310E+04
 73.0 3.68830E+04
 73.5 3.66322E+04
 74.0 3.63785E+04
 74.5 3.61223E+04
 75.0 3.58634E+04
 75.5 3.56021E+04
 76.0 3.53384E+04
 76.5 3.50724E+04
 77.0 3.48043E+04
 77.5 3.45341E+04
 78.0 3.42619E+04
 78.5 3.39878E+04
 79.0 3.37118E+04
 79.5 3.34341E+04
 80.0 3.31548E+04
 80.5 3.28738E+04
 81.0 3.25914E+04
 81.5 3.23074E+04
 82.0 3.20221E+04
 82.5 3.17355E+04
 83.0 3.14476E+04
 83.5 3.11585E+04
 84.0 3.08683E+04
 84.5 3.05771E+04
 85.0 3.02848E+04
 85.5 2.99915E+04
 86.0 2.96974E+04
 86.5 2.94024E+04
 87.0 2.91066E+04
 87.5 2.88100E+04
 88.0 2.85127E+04
 88.5 2.82147E+04
 89.0 2.79161E+04
 89.5 2.76170E+04
 90.0 2.73172E+04
 90.5 2.70170E+04
 91.0 2.67163E+04
 91.5 2.64152E+04
 92.0 2.61137E+04
 92.5 2.58118E+04
 93.0 2.55096E+04
 93.5 2.52071E+04
 94.0 2.49043E+04
 94.5 2.46013E+04
 95.0 2.42981E+04
 95.5 2.39947E+04
 96.0 2.36911E+04
 96.5 2.33875E+04
 97.0 2.30837E+04
 97.5 2.27799E+04
 98.0 2.24760E+04
 98.5 2.21721E+04
 99.0 2.18681E+04
 99.5 2.15642E+04
100.0 2.12604E+04
100.5 2.09566E+04
101.0 2.06528E+04
101.5 2.03492E+04
102.0 2.00457E+04
102.5 1.97424E+04
103.0 1.94392E+04
103.5 1.91361E+04
104.0 1.88333E+04
104.5 1.85307E+04
105.0 1.82283E+04
105.5 1.79262E+04
106.0 1.76243E+04
106.5 1.73227E+04
107.0 1.70214E+04
107.5 1.67204E+04
108.0 1.64197E+04
108.5 1.61194E+04
109.0 1.58194E+04
109.5 1.55198E+04
110.0 1.52206E+04
110.5 1.49218E+04
111.0 1.46234E+04
111.5 1.43254E+04
112.0 1.40278E+04
112.5 1.37308E+04
113.0 1.34341E+04
113.5 1.31380E+04
114.0 1.28423E+04
114.5 1.25472E+04
115.0 1.22526E+04
115.5 1.19585E+04
116.0 1.16649E+04
116.5 1.13719E+04
117.0 1.10795E+04
117.5 1.07877E+04
118.0 1.04965E+04
118.5 1.02058E+04
119.0 9.91585E+03
119.5 9.62648E+03
120.0 9.33777E+03
120.5 9.04972E+03
121.0 8.76234E+03
121.5 8.47564E+03
122.0 8.18965E+03
122.5 7.90437E+03
123.0 7.61981E+03
123.5 7.33599E+03
124.0 7.05293E+03
124.5 6.77063E+03
125.0 6.48910E+03
125.5 6.20836E+03
126.0 5.92843E+03
126.5 5.64931E+03
127.0 5.37102E+03
127.5 5.09357E+03
128.0 4.81698E+03
128.5 4.54126E+03
129.0 4.26642E+03
129.5 3.99247E+03
130.0 3.71943E+03
130.5 3.44732E+03
131.0 3.17614E+03
131.5 2.90591E+03
132.0 2.63664E+03
132.5 2.36835E+03
133.0 2.10106E+03
133.5 1.83476E+03
134.0 1.56949E+03
134.5 1.30525E+03
135.0 1.04206E+03
135.5 7.79927E+02
136.0 5.18871E+02
136.5 2.58907E+02
137.0 2.15485E+01
