137K22D0W2
  0.5 0.00000E+00
  1.0 0.00000E+00
  1.5 0.00000E+00
  2.0 0.00000E+00
  2.5 0.00000E+00
  3.0 0.00000E+00
  3.5 3.53676E+04
  4.0 4.56255E+04
  4.5 5.64312E+04
  5.0 6.77851E+04
  5.5 7.96941E+04
  6.0 9.21727E+04
  6.5 1.05245E+05
  7.0 1.18948E+05
  7.5 1.33341E+05
  8.0 1.48505E+05
  8.5 2.58684E+06
  9.0 1.81499E+05
  9.5 2.11736E+06
 10.0 1.76285E+06
 10.5 8.42425E+04
 11.0 9.07107E+04
 11.5 2.59129E+05
 12.0 7.00069E+04
 12.5 6.53389E+04
 13.0 6.95008E+04
 13.5 7.37731E+04
 14.0 7.81607E+04
 14.5 8.26673E+04
 15.0 8.72943E+04
 15.5 9.20388E+04
 16.0 9.68931E+04
 16.5 1.01843E+05
 17.0 1.06868E+05
 17.5 1.11942E+05
 18.0 1.17033E+05
 18.5 1.22105E+05
 19.0 1.27120E+05
 19.5 1.32039E+05
 20.0 1.36821E+05
 20.5 1.41432E+05
 21.0 1.45838E+05
 21.5 1.50008E+05
 22.0 1.53917E+05
 22.5 1.57546E+05
 23.0 1.60878E+05
 23.5 1.63903E+05
 24.0 1.66615E+05
 24.5 1.69011E+05
 25.0 1.71093E+05
 25.5 1.72864E+05
 26.0 1.74334E+05
 26.5 1.75510E+05
 27.0 1.76404E+05
 27.5 1.77030E+05
 28.0 1.77400E+05
 28.5 1.77530E+05
 29.0 1.77433E+05
 29.5 1.77126E+05
 30.0 1.76622E+05
 30.5 1.75938E+05
 31.0 1.75087E+05
 31.5 1.74084E+05
 32.0 1.72942E+05
 32.5 1.71673E+05
 33.0 1.70292E+05
 33.5 1.68808E+05
 34.0 1.67233E+05
 34.5 1.65578E+05
 35.0 1.63852E+05
 35.5 1.62065E+05
 36.0 1.60224E+05
 36.5 1.58338E+05
 37.0 1.56413E+05
 37.5 1.54456E+05
 38.0 1.52475E+05
 38.5 1.50473E+05
 39.0 1.48456E+05
 39.5 1.46430E+05
 40.0 1.44398E+05
 40.5 1.42363E+05
 41.0 1.40331E+05
 41.5 1.38303E+05
 42.0 1.36284E+05
 42.5 1.34274E+05
 43.0 1.32277E+05
 43.5 1.30295E+05
 44.0 1.28329E+05
 44.5 1.26381E+05
 45.0 1.24453E+05
 45.5 1.22545E+05
 46.0 1.20660E+05
 46.5 1.18797E+05
 47.0 1.16958E+05
 47.5 1.15143E+05
 48.0 1.13352E+05
 48.5 1.11587E+05
 49.0 1.09848E+05
 49.5 1.08134E+05
 50.0 1.06447E+05
 50.5 1.04785E+05
 51.0 1.03150E+05
 51.5 1.01541E+05
 52.0 9.99578E+04
 52.5 9.84009E+04
 53.0 9.68700E+04
 53.5 9.53648E+04
 54.0 9.38850E+04
 54.5 9.24306E+04
 55.0 9.10012E+04
 55.5 8.95964E+04
 56.0 8.82162E+04
 56.5 8.68600E+04
 57.0 8.55275E+04
 57.5 8.42184E+04
 58.0 4.70832E+05
 58.5 8.16691E+04
 59.0 8.04280E+04
 59.5 7.60165E+05
 60.0 7.80113E+04
 60.5 7.68347E+04
 61.0 7.56789E+04
 61.5 7.45435E+04
 62.0 7.34280E+04
 62.5 7.23320E+04
 63.0 7.12553E+04
 63.5 7.01973E+04
 64.0 6.91576E+04
 64.5 6.81360E+04
 65.0 6.71320E+04
 65.5 6.61452E+04
 66.0 6.51753E+04
 66.5 6.42219E+04
 67.0 2.92953E+05
 67.5 6.23632E+04
 68.0 6.14572E+04
 68.5 6.05662E+04
 69.0 1.20393E+05
 69.5 5.70641E+04
 70.0 4.75718E+04
 70.5 4.70831E+04
 71.0 4.65968E+04
 71.5 4.61128E+04
 72.0 4.56313E+04
 72.5 4.51523E+04
 73.0 4.46758E+04
 73.5 4.42018E+04
 74.0 4.37303E+04
 74.5 4.32614E+04
 75.0 4.27951E+04
 75.5 4.23314E+04
 76.0 4.18703E+04
 76.5 4.14118E+04
 77.0 4.09559E+04
 77.5 4.05026E+04
 78.0 4.00520E+04
 78.5 3.96039E+04
 79.0 3.91584E+04
 79.5 3.87155E+04
 80.0 3.82752E+04
 80.5 3.78374E+04
 81.0 3.74022E+04
 81.5 3.69695E+04
 82.0 3.65394E+04
 82.5 3.61117E+04
 83.0 3.56865E+04
 83.5 3.52638E+04
 84.0 3.48434E+04
 84.5 3.44256E+04
 85.0 3.40101E+04
 85.5 3.35969E+04
 86.0 3.31862E+04
 86.5 3.27777E+04
 87.0 3.23716E+04
 87.5 3.19677E+04
 88.0 3.15660E+04
 88.5 3.11666E+04
 89.0 3.07694E+04
 89.5 3.03743E+04
 90.0 2.99814E+04
 90.5 2.95906E+04
 91.0 2.92019E+04
 91.5 2.88153E+04
 92.0 2.84307E+04
 92.5 2.80481E+04
 93.0 2.76675E+04
 93.5 2.72889E+04
 94.0 2.69122E+04
 94.5 2.65375E+04
 95.0 2.61646E+04
 95.5 2.57936E+04
 96.0 2.54244E+04
 96.5 2.50571E+04
 97.0 2.46915E+04
 97.5 2.43277E+04
 98.0 2.39657E+04
 98.5 2.36054E+04
 99.0 2.32468E+04
 99.5 2.28899E+04
100.0 2.25346E+04
100.5 2.21810E+04
101.0 2.18290E+04
101.5 2.14787E+04
102.0 2.11299E+04
102.5 2.07826E+04
103.0 2.04369E+04
103.5 2.00928E+04
104.0 1.97501E+04
104.5 1.94090E+04
105.0 1.90693E+04
105.5 1.87311E+04
106.0 1.83943E+04
106.5 1.80590E+04
107.0 1.77251E+04
107.5 1.73926E+04
108.0 1.70615E+04
108.5 1.67317E+04
109.0 1.64033E+04
109.5 1.60763E+04
110.0 1.57506E+04
110.5 1.54263E+04
111.0 1.51032E+04
111.5 1.47815E+04
112.0 1.44610E+04
112.5 1.41419E+04
113.0 1.38240E+04
113.5 1.35074E+04
114.0 1.31921E+04
114.5 1.28780E+04
115.0 1.25652E+04
115.5 1.22536E+04
116.0 1.19432E+04
116.5 1.16341E+04
117.0 1.13262E+04
117.5 1.10195E+04
118.0 1.07141E+04
118.5 1.04098E+04
119.0 1.01068E+04
119.5 9.80492E+03
120.0 9.50428E+03
120.5 9.20484E+03
121.0 8.90659E+03
121.5 8.60953E+03
122.0 8.31367E+03
122.5 8.01900E+03
123.0 7.72552E+03
123.5 7.43323E+03
124.0 7.14214E+03
124.5 6.85223E+03
125.0 6.56352E+03
125.5 6.27600E+03
126.0 5.98968E+03
126.5 5.70455E+03
127.0 5.42062E+03
127.5 5.13790E+03
128.0 4.85638E+03
128.5 4.57606E+03
129.0 4.29696E+03
129.5 4.01907E+03
130.0 3.74241E+03
130.5 3.46696E+03
131.0 3.19274E+03
131.5 2.91976E+03
132.0 2.64802E+03
132.5 2.37752E+03
133.0 2.10827E+03
133.5 1.84027E+03
134.0 1.57354E+03
134.5 1.30808E+03
135.0 1.04389E+03
135.5 7.80988E+02
136.0 5.19376E+02
136.5 2.59062E+02
137.0 2.15567E+01
