138K06D0W2
  0.5 0.00000E+00
  1.0 0.00000E+00
  1.5 0.00000E+00
  2.0 0.00000E+00
  2.5 0.00000E+00
  3.0 0.00000E+00
  3.5 5.59179E+03
  4.0 8.38353E+03
  4.5 1.13453E+04
  5.0 1.44236E+04
  5.5 1.75953E+04
  6.0 2.08494E+04
  6.5 2.41800E+04
  7.0 2.75833E+04
  7.5 3.10566E+04
  8.0 3.45977E+04
  8.5 4.26465E+04
  9.0 4.18760E+04
  9.5 6.74774E+04
 10.0 6.18679E+04
 10.5 1.96460E+04
 11.0 2.12024E+04
 11.5 2.15265E+04
 12.0 1.63346E+04
 12.5 1.52433E+04
 13.0 1.62608E+04
 13.5 1.72883E+04
 14.0 1.83257E+04
 14.5 1.93728E+04
 15.0 2.04293E+04
 15.5 2.14953E+04
 16.0 2.25704E+04
 16.5 2.36545E+04
 17.0 2.47474E+04
 17.5 2.58491E+04
 18.0 2.69592E+04
 18.5 2.80776E+04
 19.0 2.92043E+04
 19.5 3.03390E+04
 20.0 3.14816E+04
 20.5 3.26321E+04
 21.0 3.37902E+04
 21.5 3.49558E+04
 22.0 3.61288E+04
 22.5 3.73089E+04
 23.0 3.84958E+04
 23.5 3.96891E+04
 24.0 4.08884E+04
 24.5 4.20929E+04
 25.0 4.33017E+04
 25.5 4.45138E+04
 26.0 4.57278E+04
 26.5 4.69420E+04
 27.0 4.81546E+04
 27.5 4.93636E+04
 28.0 5.05665E+04
 28.5 5.17607E+04
 29.0 5.29436E+04
 29.5 5.41122E+04
 30.0 5.52636E+04
 30.5 5.63947E+04
 31.0 5.75026E+04
 31.5 5.85842E+04
 32.0 5.96366E+04
 32.5 6.06571E+04
 33.0 6.16430E+04
 33.5 6.25921E+04
 34.0 6.35019E+04
 34.5 6.43706E+04
 35.0 6.51964E+04
 35.5 6.59779E+04
 36.0 6.67138E+04
 36.5 6.74032E+04
 37.0 6.80453E+04
 37.5 6.86396E+04
 38.0 6.91860E+04
 38.5 6.96844E+04
 39.0 7.01349E+04
 39.5 7.05380E+04
 40.0 7.08942E+04
 40.5 7.12041E+04
 41.0 7.14687E+04
 41.5 7.16889E+04
 42.0 7.18657E+04
 42.5 7.20004E+04
 43.0 7.20942E+04
 43.5 7.21484E+04
 44.0 7.21644E+04
 44.5 7.21436E+04
 45.0 7.20874E+04
 45.5 7.19972E+04
 46.0 7.18747E+04
 46.5 7.17211E+04
 47.0 7.15380E+04
 47.5 7.13269E+04
 48.0 7.10891E+04
 48.5 7.08261E+04
 49.0 7.05393E+04
 49.5 7.02300E+04
 50.0 6.98995E+04
 50.5 6.95491E+04
 51.0 6.91801E+04
 51.5 6.87937E+04
 52.0 6.83910E+04
 52.5 6.79731E+04
 53.0 6.75412E+04
 53.5 6.70963E+04
 54.0 6.66393E+04
 54.5 6.61712E+04
 55.0 6.56929E+04
 55.5 6.52053E+04
 56.0 6.47092E+04
 56.5 6.42054E+04
 57.0 6.36947E+04
 57.5 6.31777E+04
 58.0 2.90686E+05
 58.5 6.21276E+04
 59.0 6.15957E+04
 59.5 4.74453E+05
 60.0 6.05211E+04
 60.5 5.99795E+04
 61.0 5.94356E+04
 61.5 5.88899E+04
 62.0 5.83427E+04
 62.5 5.77946E+04
 63.0 5.72459E+04
 63.5 5.66968E+04
 64.0 5.61478E+04
 64.5 5.55990E+04
 65.0 5.50509E+04
 65.5 5.45037E+04
 66.0 5.39575E+04
 66.5 5.34126E+04
 67.0 2.13920E+05
 67.5 5.23277E+04
 68.0 5.17880E+04
 68.5 5.12503E+04
 69.0 9.45086E+04
 69.5 4.60926E+04
 70.0 2.53944E+04
 70.5 2.54175E+04
 71.0 2.54361E+04
 71.5 2.54501E+04
 72.0 2.54595E+04
 72.5 2.54643E+04
 73.0 2.54645E+04
 73.5 2.54599E+04
 74.0 2.54507E+04
 74.5 2.54368E+04
 75.0 2.54182E+04
 75.5 2.53948E+04
 76.0 2.53667E+04
 76.5 2.53339E+04
 77.0 2.52963E+04
 77.5 2.52541E+04
 78.0 2.52071E+04
 78.5 2.51555E+04
 79.0 2.50992E+04
 79.5 2.50383E+04
 80.0 2.49727E+04
 80.5 2.49026E+04
 81.0 2.48280E+04
 81.5 2.47488E+04
 82.0 2.46651E+04
 82.5 2.45771E+04
 83.0 2.44846E+04
 83.5 2.43878E+04
 84.0 2.42867E+04
 84.5 2.41814E+04
 85.0 2.40718E+04
 85.5 2.39581E+04
 86.0 2.38403E+04
 86.5 2.37185E+04
 87.0 2.35926E+04
 87.5 2.34629E+04
 88.0 2.33292E+04
 88.5 2.31918E+04
 89.0 2.30506E+04
 89.5 2.29057E+04
 90.0 2.27572E+04
 90.5 2.26050E+04
 91.0 2.24494E+04
 91.5 2.22904E+04
 92.0 2.21279E+04
 92.5 2.19621E+04
 93.0 2.17931E+04
 93.5 2.16208E+04
 94.0 2.14454E+04
 94.5 2.12669E+04
 95.0 2.10855E+04
 95.5 2.09010E+04
 96.0 2.07137E+04
 96.5 2.05235E+04
 97.0 2.03306E+04
 97.5 2.01350E+04
 98.0 1.99367E+04
 98.5 1.97358E+04
 99.0 1.95325E+04
 99.5 1.93266E+04
100.0 1.91184E+04
100.5 1.89078E+04
101.0 1.86949E+04
101.5 1.84798E+04
102.0 1.82626E+04
102.5 1.80432E+04
103.0 1.78218E+04
103.5 1.75983E+04
104.0 1.73730E+04
104.5 1.71457E+04
105.0 1.69166E+04
105.5 1.66857E+04
106.0 1.64531E+04
106.5 1.62188E+04
107.0 1.59829E+04
107.5 1.57455E+04
108.0 1.55065E+04
108.5 1.52660E+04
109.0 1.50242E+04
109.5 1.47809E+04
110.0 1.45364E+04
110.5 1.42905E+04
111.0 1.40435E+04
111.5 1.37953E+04
112.0 1.35459E+04
112.5 1.32954E+04
113.0 1.30439E+04
113.5 1.27915E+04
114.0 1.25380E+04
114.5 1.22837E+04
115.0 1.20285E+04
115.5 1.17724E+04
116.0 1.15156E+04
116.5 1.12581E+04
117.0 1.09998E+04
117.5 1.07409E+04
118.0 1.04814E+04
118.5 1.02213E+04
119.0 9.96061E+03
119.5 9.69946E+03
120.0 9.43785E+03
120.5 9.17582E+03
121.0 8.91339E+03
121.5 8.65062E+03
122.0 8.38753E+03
122.5 8.12416E+03
123.0 7.86054E+03
123.5 7.59672E+03
124.0 7.33273E+03
124.5 7.06859E+03
125.0 6.80435E+03
125.5 6.54004E+03
126.0 6.27568E+03
126.5 6.01132E+03
127.0 5.74699E+03
127.5 5.48272E+03
128.0 5.21853E+03
128.5 4.95447E+03
129.0 4.69055E+03
129.5 4.42683E+03
130.0 4.16331E+03
130.5 3.90004E+03
131.0 3.63705E+03
131.5 3.37435E+03
132.0 3.11199E+03
132.5 2.85000E+03
133.0 2.58839E+03
133.5 2.32721E+03
134.0 2.06647E+03
134.5 1.80621E+03
135.0 1.54645E+03
135.5 1.28722E+03
136.0 1.02856E+03
136.5 7.70478E+02
137.0 5.13013E+02
137.5 2.56187E+02
138.0 2.13324E+01
