138K11D0W2
  0.5 0.00000E+00
  1.0 0.00000E+00
  1.5 0.00000E+00
  2.0 0.00000E+00
  2.5 0.00000E+00
  3.0 0.00000E+00
  3.5 1.41065E+04
  4.0 1.91896E+04
  4.5 2.44983E+04
  5.0 3.00104E+04
  5.5 3.57167E+04
  6.0 4.16123E+04
  6.5 4.76945E+04
  7.0 5.39618E+04
  7.5 6.04137E+04
  8.0 6.70518E+04
  8.5 2.94161E+05
  9.0 8.09017E+04
  9.5 4.38420E+05
 10.0 3.71712E+05
 10.5 3.82731E+04
 11.0 4.11652E+04
 11.5 5.17793E+04
 12.0 3.18397E+04
 12.5 2.97285E+04
 13.0 3.16102E+04
 13.5 3.35200E+04
 14.0 3.54580E+04
 14.5 3.74242E+04
 15.0 3.94190E+04
 15.5 4.14425E+04
 16.0 4.34953E+04
 16.5 4.55777E+04
 17.0 4.76901E+04
 17.5 4.98332E+04
 18.0 5.20072E+04
 18.5 5.42122E+04
 19.0 5.64482E+04
 19.5 5.87141E+04
 20.0 6.10084E+04
 20.5 6.33284E+04
 21.0 6.56705E+04
 21.5 6.80298E+04
 22.0 7.04001E+04
 22.5 7.27743E+04
 23.0 7.51440E+04
 23.5 7.75002E+04
 24.0 7.98332E+04
 24.5 8.21327E+04
 25.0 8.43887E+04
 25.5 8.65907E+04
 26.0 8.87290E+04
 26.5 9.07943E+04
 27.0 9.27779E+04
 27.5 9.46719E+04
 28.0 9.64696E+04
 28.5 9.81648E+04
 29.0 9.97529E+04
 29.5 1.01230E+05
 30.0 1.02593E+05
 30.5 1.03840E+05
 31.0 1.04971E+05
 31.5 1.05985E+05
 32.0 1.06882E+05
 32.5 1.07665E+05
 33.0 1.08335E+05
 33.5 1.08895E+05
 34.0 1.09347E+05
 34.5 1.09696E+05
 35.0 1.09944E+05
 35.5 1.10097E+05
 36.0 1.10157E+05
 36.5 1.10129E+05
 37.0 1.10019E+05
 37.5 1.09829E+05
 38.0 1.09565E+05
 38.5 1.09231E+05
 39.0 1.08831E+05
 39.5 1.08370E+05
 40.0 1.07851E+05
 40.5 1.07280E+05
 41.0 1.06659E+05
 41.5 1.05992E+05
 42.0 1.05284E+05
 42.5 1.04538E+05
 43.0 1.03756E+05
 43.5 1.02943E+05
 44.0 1.02101E+05
 44.5 1.01233E+05
 45.0 1.00341E+05
 45.5 9.94295E+04
 46.0 9.84994E+04
 46.5 9.75534E+04
 47.0 9.65935E+04
 47.5 9.56219E+04
 48.0 9.46403E+04
 48.5 9.36506E+04
 49.0 9.26542E+04
 49.5 9.16528E+04
 50.0 9.06477E+04
 50.5 8.96403E+04
 51.0 8.86317E+04
 51.5 8.76231E+04
 52.0 8.66155E+04
 52.5 8.56099E+04
 53.0 8.46071E+04
 53.5 8.36079E+04
 54.0 8.26129E+04
 54.5 8.16230E+04
 55.0 8.06388E+04
 55.5 7.96606E+04
 56.0 7.86891E+04
 56.5 7.77246E+04
 57.0 7.67677E+04
 57.5 7.58186E+04
 58.0 3.96244E+05
 58.5 7.39450E+04
 59.0 7.30211E+04
 59.5 6.43245E+05
 60.0 7.12001E+04
 60.5 7.03033E+04
 61.0 6.94159E+04
 61.5 6.85379E+04
 62.0 6.76693E+04
 62.5 6.68104E+04
 63.0 6.59611E+04
 63.5 6.51214E+04
 64.0 6.42913E+04
 64.5 6.34709E+04
 65.0 6.26600E+04
 65.5 6.18588E+04
 66.0 6.10670E+04
 66.5 6.02848E+04
 67.0 2.63061E+05
 67.5 5.87485E+04
 68.0 5.79943E+04
 68.5 5.72493E+04
 69.0 1.10900E+05
 69.5 5.27368E+04
 70.0 3.70340E+04
 70.5 3.68427E+04
 71.0 3.66474E+04
 71.5 3.64480E+04
 72.0 3.62448E+04
 72.5 3.60380E+04
 73.0 3.58274E+04
 73.5 3.56134E+04
 74.0 3.53960E+04
 74.5 3.51753E+04
 75.0 3.49514E+04
 75.5 3.47244E+04
 76.0 3.44945E+04
 76.5 3.42617E+04
 77.0 3.40261E+04
 77.5 3.37877E+04
 78.0 3.35468E+04
 78.5 3.33034E+04
 79.0 3.30576E+04
 79.5 3.28094E+04
 80.0 3.25589E+04
 80.5 3.23063E+04
 81.0 3.20516E+04
 81.5 3.17949E+04
 82.0 3.15363E+04
 82.5 3.12757E+04
 83.0 3.10134E+04
 83.5 3.07494E+04
 84.0 3.04837E+04
 84.5 3.02163E+04
 85.0 2.99475E+04
 85.5 2.96772E+04
 86.0 2.94055E+04
 86.5 2.91325E+04
 87.0 2.88582E+04
 87.5 2.85826E+04
 88.0 2.83058E+04
 88.5 2.80279E+04
 89.0 2.77490E+04
 89.5 2.74690E+04
 90.0 2.71880E+04
 90.5 2.69061E+04
 91.0 2.66234E+04
 91.5 2.63397E+04
 92.0 2.60553E+04
 92.5 2.57701E+04
 93.0 2.54842E+04
 93.5 2.51977E+04
 94.0 2.49104E+04
 94.5 2.46226E+04
 95.0 2.43342E+04
 95.5 2.40453E+04
 96.0 2.37559E+04
 96.5 2.34661E+04
 97.0 2.31758E+04
 97.5 2.28851E+04
 98.0 2.25940E+04
 98.5 2.23026E+04
 99.0 2.20109E+04
 99.5 2.17189E+04
100.0 2.14267E+04
100.5 2.11343E+04
101.0 2.08416E+04
101.5 2.05488E+04
102.0 2.02558E+04
102.5 1.99627E+04
103.0 1.96695E+04
103.5 1.93762E+04
104.0 1.90829E+04
104.5 1.87896E+04
105.0 1.84962E+04
105.5 1.82029E+04
106.0 1.79096E+04
106.5 1.76163E+04
107.0 1.73231E+04
107.5 1.70301E+04
108.0 1.67371E+04
108.5 1.64443E+04
109.0 1.61516E+04
109.5 1.58591E+04
110.0 1.55668E+04
110.5 1.52748E+04
111.0 1.49829E+04
111.5 1.46913E+04
112.0 1.43999E+04
112.5 1.41089E+04
113.0 1.38181E+04
113.5 1.35276E+04
114.0 1.32375E+04
114.5 1.29477E+04
115.0 1.26583E+04
115.5 1.23693E+04
116.0 1.20806E+04
116.5 1.17924E+04
117.0 1.15046E+04
117.5 1.12172E+04
118.0 1.09303E+04
118.5 1.06439E+04
119.0 1.03580E+04
119.5 1.00725E+04
120.0 9.78760E+03
120.5 9.50322E+03
121.0 9.21938E+03
121.5 8.93610E+03
122.0 8.65340E+03
122.5 8.37129E+03
123.0 8.08979E+03
123.5 7.80892E+03
124.0 7.52868E+03
124.5 7.24909E+03
125.0 6.97017E+03
125.5 6.69193E+03
126.0 6.41438E+03
126.5 6.13754E+03
127.0 5.86143E+03
127.5 5.58606E+03
128.0 5.31144E+03
128.5 5.03759E+03
129.0 4.76452E+03
129.5 4.49225E+03
130.0 4.22080E+03
130.5 3.95017E+03
131.0 3.68038E+03
131.5 3.41145E+03
132.0 3.14339E+03
132.5 2.87621E+03
133.0 2.60994E+03
133.5 2.34458E+03
134.0 2.08016E+03
134.5 1.81667E+03
135.0 1.55415E+03
135.5 1.29261E+03
136.0 1.03205E+03
136.5 7.72504E+02
137.0 5.13976E+02
137.5 2.56484E+02
138.0 2.13480E+01
