138K17D0W2
  0.5 0.00000E+00
  1.0 0.00000E+00
  1.5 0.00000E+00
  2.0 0.00000E+00
  2.5 0.00000E+00
  3.0 0.00000E+00
  3.5 2.52077E+04
  4.0 3.30179E+04
  4.5 4.12056E+04
  5.0 4.97621E+04
  5.5 5.86855E+04
  6.0 6.79771E+04
  6.5 7.76419E+04
  7.0 8.76897E+04
  7.5 9.81364E+04
  8.0 1.09007E+05
  8.5 1.29508E+06
  9.0 1.32175E+05
  9.5 1.29526E+06
 10.0 1.08155E+06
 10.5 6.21248E+04
 11.0 6.68148E+04
 11.5 1.39412E+05
 12.0 5.16676E+04
 12.5 4.82391E+04
 13.0 5.12747E+04
 13.5 5.43733E+04
 14.0 5.75370E+04
 14.5 6.07679E+04
 15.0 6.40686E+04
 15.5 6.74412E+04
 16.0 7.08874E+04
 16.5 7.44072E+04
 17.0 7.79989E+04
 17.5 8.16582E+04
 18.0 8.53775E+04
 18.5 8.91459E+04
 19.0 9.29494E+04
 19.5 9.67705E+04
 20.0 1.00589E+05
 20.5 1.04383E+05
 21.0 1.08130E+05
 21.5 1.11805E+05
 22.0 1.15385E+05
 22.5 1.18848E+05
 23.0 1.22173E+05
 23.5 1.25341E+05
 24.0 1.28336E+05
 24.5 1.31144E+05
 25.0 1.33753E+05
 25.5 1.36156E+05
 26.0 1.38347E+05
 26.5 1.40321E+05
 27.0 1.42078E+05
 27.5 1.43619E+05
 28.0 1.44947E+05
 28.5 1.46066E+05
 29.0 1.46981E+05
 29.5 1.47700E+05
 30.0 1.48229E+05
 30.5 1.48578E+05
 31.0 1.48754E+05
 31.5 1.48768E+05
 32.0 1.48629E+05
 32.5 1.48345E+05
 33.0 1.47928E+05
 33.5 1.47385E+05
 34.0 1.46726E+05
 34.5 1.45960E+05
 35.0 1.45096E+05
 35.5 1.44141E+05
 36.0 1.43105E+05
 36.5 1.41994E+05
 37.0 1.40816E+05
 37.5 1.39578E+05
 38.0 1.38286E+05
 38.5 1.36945E+05
 39.0 1.35563E+05
 39.5 1.34145E+05
 40.0 1.32694E+05
 40.5 1.31216E+05
 41.0 1.29716E+05
 41.5 1.28196E+05
 42.0 1.26662E+05
 42.5 1.25116E+05
 43.0 1.23561E+05
 43.5 1.22001E+05
 44.0 1.20437E+05
 44.5 1.18873E+05
 45.0 1.17311E+05
 45.5 1.15752E+05
 46.0 1.14199E+05
 46.5 1.12653E+05
 47.0 1.11116E+05
 47.5 1.09589E+05
 48.0 1.08072E+05
 48.5 1.06568E+05
 49.0 1.05078E+05
 49.5 1.03601E+05
 50.0 1.02139E+05
 50.5 1.00693E+05
 51.0 9.92626E+04
 51.5 9.78489E+04
 52.0 9.64521E+04
 52.5 9.50725E+04
 53.0 9.37106E+04
 53.5 9.23664E+04
 54.0 9.10402E+04
 54.5 8.97321E+04
 55.0 8.84422E+04
 55.5 8.71705E+04
 56.0 8.59170E+04
 56.5 8.46818E+04
 57.0 8.34647E+04
 57.5 8.22657E+04
 58.0 4.53383E+05
 58.5 7.99215E+04
 59.0 7.87760E+04
 59.5 7.33692E+05
 60.0 7.65375E+04
 60.5 7.54441E+04
 61.0 7.43677E+04
 61.5 7.33080E+04
 62.0 7.22649E+04
 62.5 7.12381E+04
 63.0 7.02274E+04
 63.5 6.92324E+04
 64.0 6.82531E+04
 64.5 6.72891E+04
 65.0 6.63401E+04
 65.5 6.54061E+04
 66.0 6.44865E+04
 66.5 6.35813E+04
 67.0 2.87739E+05
 67.5 6.18127E+04
 68.0 6.09489E+04
 68.5 6.00983E+04
 69.0 1.18941E+05
 69.5 5.61897E+04
 70.0 4.43607E+04
 70.5 4.39804E+04
 71.0 4.35996E+04
 71.5 4.32184E+04
 72.0 4.28369E+04
 72.5 4.24553E+04
 73.0 4.20735E+04
 73.5 4.16917E+04
 74.0 4.13101E+04
 74.5 4.09286E+04
 75.0 4.05473E+04
 75.5 4.01662E+04
 76.0 3.97856E+04
 76.5 3.94053E+04
 77.0 3.90256E+04
 77.5 3.86463E+04
 78.0 3.82677E+04
 78.5 3.78896E+04
 79.0 3.75122E+04
 79.5 3.71355E+04
 80.0 3.67596E+04
 80.5 3.63844E+04
 81.0 3.60100E+04
 81.5 3.56365E+04
 82.0 3.52638E+04
 82.5 3.48920E+04
 83.0 3.45211E+04
 83.5 3.41512E+04
 84.0 3.37822E+04
 84.5 3.34141E+04
 85.0 3.30471E+04
 85.5 3.26811E+04
 86.0 3.23160E+04
 86.5 3.19520E+04
 87.0 3.15890E+04
 87.5 3.12271E+04
 88.0 3.08662E+04
 88.5 3.05064E+04
 89.0 3.01476E+04
 89.5 2.97899E+04
 90.0 2.94333E+04
 90.5 2.90778E+04
 91.0 2.87233E+04
 91.5 2.83699E+04
 92.0 2.80176E+04
 92.5 2.76664E+04
 93.0 2.73163E+04
 93.5 2.69672E+04
 94.0 2.66192E+04
 94.5 2.62724E+04
 95.0 2.59265E+04
 95.5 2.55818E+04
 96.0 2.52381E+04
 96.5 2.48955E+04
 97.0 2.45540E+04
 97.5 2.42136E+04
 98.0 2.38742E+04
 98.5 2.35358E+04
 99.0 2.31985E+04
 99.5 2.28623E+04
100.0 2.25271E+04
100.5 2.21930E+04
101.0 2.18599E+04
101.5 2.15278E+04
102.0 2.11968E+04
102.5 2.08668E+04
103.0 2.05378E+04
103.5 2.02098E+04
104.0 1.98829E+04
104.5 1.95570E+04
105.0 1.92321E+04
105.5 1.89081E+04
106.0 1.85852E+04
106.5 1.82633E+04
107.0 1.79424E+04
107.5 1.76225E+04
108.0 1.73036E+04
108.5 1.69856E+04
109.0 1.66687E+04
109.5 1.63527E+04
110.0 1.60377E+04
110.5 1.57237E+04
111.0 1.54107E+04
111.5 1.50986E+04
112.0 1.47876E+04
112.5 1.44775E+04
113.0 1.41683E+04
113.5 1.38602E+04
114.0 1.35530E+04
114.5 1.32468E+04
115.0 1.29415E+04
115.5 1.26373E+04
116.0 1.23340E+04
116.5 1.20316E+04
117.0 1.17303E+04
117.5 1.14299E+04
118.0 1.11305E+04
118.5 1.08321E+04
119.0 1.05347E+04
119.5 1.02382E+04
120.0 9.94275E+03
120.5 9.64826E+03
121.0 9.35477E+03
121.5 9.06227E+03
122.0 8.77077E+03
122.5 8.48026E+03
123.0 8.19077E+03
123.5 7.90227E+03
124.0 7.61479E+03
124.5 7.32833E+03
125.0 7.04288E+03
125.5 6.75846E+03
126.0 6.47508E+03
126.5 6.19273E+03
127.0 5.91142E+03
127.5 5.63115E+03
128.0 5.35194E+03
128.5 5.07379E+03
129.0 4.79671E+03
129.5 4.52070E+03
130.0 4.24576E+03
130.5 3.97192E+03
131.0 3.69917E+03
131.5 3.42752E+03
132.0 3.15697E+03
132.5 2.88755E+03
133.0 2.61925E+03
133.5 2.35208E+03
134.0 2.08606E+03
134.5 1.82119E+03
135.0 1.55747E+03
135.5 1.29492E+03
136.0 1.03356E+03
136.5 7.73374E+02
137.0 5.14390E+02
137.5 2.56612E+02
138.0 2.13547E+01
