138K10D0W2
  0.5 0.00000E+00
  1.0 0.00000E+00
  1.5 0.00000E+00
  2.0 0.00000E+00
  2.5 0.00000E+00
  3.0 0.00000E+00
  3.5 1.23391E+04
  4.0 1.69727E+04
  4.5 2.18136E+04
  5.0 2.68355E+04
  5.5 3.20277E+04
  6.0 3.73846E+04
  6.5 4.29029E+04
  7.0 4.85803E+04
  7.5 5.44157E+04
  8.0 6.04088E+04
  8.5 2.04160E+05
  9.0 7.28753E+04
  9.5 3.30098E+05
 10.0 2.81757E+05
 10.5 3.44715E+04
 11.0 3.70867E+04
 11.5 4.33436E+04
 12.0 2.86766E+04
 12.5 2.67741E+04
 13.0 2.84772E+04
 13.5 3.02040E+04
 14.0 3.19546E+04
 14.5 3.37290E+04
 15.0 3.55273E+04
 15.5 3.73494E+04
 16.0 3.91957E+04
 16.5 4.10663E+04
 17.0 4.29615E+04
 17.5 4.48815E+04
 18.0 4.68266E+04
 18.5 4.87971E+04
 19.0 5.07930E+04
 19.5 5.28141E+04
 20.0 5.48598E+04
 20.5 5.69287E+04
 21.0 5.90190E+04
 21.5 6.11279E+04
 22.0 6.32515E+04
 22.5 6.53854E+04
 23.0 6.75239E+04
 23.5 6.96604E+04
 24.0 7.17879E+04
 24.5 7.38984E+04
 25.0 7.59839E+04
 25.5 7.80357E+04
 26.0 8.00453E+04
 26.5 8.20043E+04
 27.0 8.39047E+04
 27.5 8.57389E+04
 28.0 8.74997E+04
 28.5 8.91808E+04
 29.0 9.07767E+04
 29.5 9.22825E+04
 30.0 9.36942E+04
 30.5 9.50088E+04
 31.0 9.62239E+04
 31.5 9.73380E+04
 32.0 9.83502E+04
 32.5 9.92605E+04
 33.0 1.00069E+05
 33.5 1.00778E+05
 34.0 1.01388E+05
 34.5 1.01902E+05
 35.0 1.02321E+05
 35.5 1.02649E+05
 36.0 1.02889E+05
 36.5 1.03044E+05
 37.0 1.03118E+05
 37.5 1.03114E+05
 38.0 1.03036E+05
 38.5 1.02887E+05
 39.0 1.02672E+05
 39.5 1.02393E+05
 40.0 1.02056E+05
 40.5 1.01663E+05
 41.0 1.01217E+05
 41.5 1.00724E+05
 42.0 1.00185E+05
 42.5 9.96045E+04
 43.0 9.89852E+04
 43.5 9.83303E+04
 44.0 9.76428E+04
 44.5 9.69253E+04
 45.0 9.61807E+04
 45.5 9.54113E+04
 46.0 9.46196E+04
 46.5 9.38078E+04
 47.0 9.29783E+04
 47.5 9.21329E+04
 48.0 9.12736E+04
 48.5 9.04022E+04
 49.0 8.95203E+04
 49.5 8.86297E+04
 50.0 8.77316E+04
 50.5 8.68277E+04
 51.0 8.59191E+04
 51.5 8.50070E+04
 52.0 8.40925E+04
 52.5 8.31768E+04
 53.0 8.22607E+04
 53.5 8.13452E+04
 54.0 8.04310E+04
 54.5 7.95190E+04
 55.0 7.86097E+04
 55.5 7.77039E+04
 56.0 7.68022E+04
 56.5 7.59050E+04
 57.0 7.50128E+04
 57.5 7.41261E+04
 58.0 3.81592E+05
 58.5 7.23708E+04
 59.0 7.15027E+04
 59.5 6.19955E+05
 60.0 6.97875E+04
 60.5 6.89407E+04
 61.0 6.81014E+04
 61.5 6.72699E+04
 62.0 6.64461E+04
 62.5 6.56302E+04
 63.0 6.48224E+04
 63.5 6.40228E+04
 64.0 6.32313E+04
 64.5 6.24481E+04
 65.0 6.16731E+04
 65.5 6.09064E+04
 66.0 6.01480E+04
 66.5 5.93979E+04
 67.0 2.56539E+05
 67.5 5.79224E+04
 68.0 5.71970E+04
 68.5 5.64797E+04
 69.0 1.08756E+05
 69.5 5.18404E+04
 70.0 3.52734E+04
 70.5 3.51219E+04
 71.0 3.49658E+04
 71.5 3.48053E+04
 72.0 3.46404E+04
 72.5 3.44713E+04
 73.0 3.42981E+04
 73.5 3.41208E+04
 74.0 3.39395E+04
 74.5 3.37545E+04
 75.0 3.35657E+04
 75.5 3.33732E+04
 76.0 3.31772E+04
 76.5 3.29778E+04
 77.0 3.27750E+04
 77.5 3.25689E+04
 78.0 3.23597E+04
 78.5 3.21474E+04
 79.0 3.19321E+04
 79.5 3.17139E+04
 80.0 3.14928E+04
 80.5 3.12691E+04
 81.0 3.10426E+04
 81.5 3.08136E+04
 82.0 3.05821E+04
 82.5 3.03482E+04
 83.0 3.01120E+04
 83.5 2.98734E+04
 84.0 2.96327E+04
 84.5 2.93899E+04
 85.0 2.91449E+04
 85.5 2.88981E+04
 86.0 2.86493E+04
 86.5 2.83986E+04
 87.0 2.81461E+04
 87.5 2.78919E+04
 88.0 2.76361E+04
 88.5 2.73786E+04
 89.0 2.71196E+04
 89.5 2.68590E+04
 90.0 2.65971E+04
 90.5 2.63337E+04
 91.0 2.60690E+04
 91.5 2.58031E+04
 92.0 2.55359E+04
 92.5 2.52675E+04
 93.0 2.49980E+04
 93.5 2.47274E+04
 94.0 2.44557E+04
 94.5 2.41831E+04
 95.0 2.39095E+04
 95.5 2.36350E+04
 96.0 2.33596E+04
 96.5 2.30834E+04
 97.0 2.28064E+04
 97.5 2.25287E+04
 98.0 2.22502E+04
 98.5 2.19710E+04
 99.0 2.16913E+04
 99.5 2.14109E+04
100.0 2.11299E+04
100.5 2.08484E+04
101.0 2.05664E+04
101.5 2.02839E+04
102.0 2.00010E+04
102.5 1.97177E+04
103.0 1.94340E+04
103.5 1.91499E+04
104.0 1.88655E+04
104.5 1.85808E+04
105.0 1.82959E+04
105.5 1.80107E+04
106.0 1.77253E+04
106.5 1.74398E+04
107.0 1.71540E+04
107.5 1.68682E+04
108.0 1.65822E+04
108.5 1.62961E+04
109.0 1.60100E+04
109.5 1.57239E+04
110.0 1.54377E+04
110.5 1.51515E+04
111.0 1.48654E+04
111.5 1.45793E+04
112.0 1.42933E+04
112.5 1.40074E+04
113.0 1.37217E+04
113.5 1.34360E+04
114.0 1.31505E+04
114.5 1.28653E+04
115.0 1.25802E+04
115.5 1.22953E+04
116.0 1.20106E+04
116.5 1.17263E+04
117.0 1.14422E+04
117.5 1.11584E+04
118.0 1.08749E+04
118.5 1.05918E+04
119.0 1.03090E+04
119.5 1.00266E+04
120.0 9.74456E+03
120.5 9.46295E+03
121.0 9.18177E+03
121.5 8.90104E+03
122.0 8.62077E+03
122.5 8.34099E+03
123.0 8.06170E+03
123.5 7.78293E+03
124.0 7.50470E+03
124.5 7.22702E+03
125.0 6.94990E+03
125.5 6.67338E+03
126.0 6.39745E+03
126.5 6.12215E+03
127.0 5.84748E+03
127.5 5.57347E+03
128.0 5.30013E+03
128.5 5.02748E+03
129.0 4.75553E+03
129.5 4.48430E+03
130.0 4.21381E+03
130.5 3.94408E+03
131.0 3.67512E+03
131.5 3.40695E+03
132.0 3.13958E+03
132.5 2.87304E+03
133.0 2.60733E+03
133.5 2.34248E+03
134.0 2.07850E+03
134.5 1.81541E+03
135.0 1.55322E+03
135.5 1.29196E+03
136.0 1.03163E+03
136.5 7.72259E+02
137.0 5.13860E+02
137.5 2.56449E+02
138.0 2.13461E+01
