138K16D0W2
  0.5 0.00000E+00
  1.0 0.00000E+00
  1.5 0.00000E+00
  2.0 0.00000E+00
  2.5 0.00000E+00
  3.0 0.00000E+00
  3.5 2.32985E+04
  4.0 3.06462E+04
  4.5 3.83421E+04
  5.0 4.63759E+04
  5.5 5.47442E+04
  6.0 6.34471E+04
  6.5 7.24874E+04
  7.0 8.18719E+04
  7.5 9.16120E+04
  8.0 1.01726E+05
  8.5 1.08034E+06
  9.0 1.23197E+05
  9.5 1.13753E+06
 10.0 9.50933E+05
 10.5 5.80071E+04
 11.0 6.23785E+04
 11.5 1.20407E+05
 12.0 4.82470E+04
 12.5 4.50469E+04
 13.0 4.78789E+04
 13.5 5.07668E+04
 14.0 5.37120E+04
 14.5 5.67163E+04
 15.0 5.97818E+04
 15.5 6.29103E+04
 16.0 6.61036E+04
 16.5 6.93626E+04
 17.0 7.26867E+04
 17.5 7.60740E+04
 18.0 7.95195E+04
 18.5 8.30161E+04
 19.0 8.65534E+04
 19.5 9.01182E+04
 20.0 9.36945E+04
 20.5 9.72644E+04
 21.0 1.00808E+05
 21.5 1.04305E+05
 22.0 1.07733E+05
 22.5 1.11072E+05
 23.0 1.14303E+05
 23.5 1.17406E+05
 24.0 1.20365E+05
 24.5 1.23165E+05
 25.0 1.25793E+05
 25.5 1.28240E+05
 26.0 1.30498E+05
 26.5 1.32562E+05
 27.0 1.34428E+05
 27.5 1.36094E+05
 28.0 1.37562E+05
 28.5 1.38834E+05
 29.0 1.39912E+05
 29.5 1.40803E+05
 30.0 1.41512E+05
 30.5 1.42046E+05
 31.0 1.42411E+05
 31.5 1.42616E+05
 32.0 1.42669E+05
 32.5 1.42579E+05
 33.0 1.42353E+05
 33.5 1.42000E+05
 34.0 1.41530E+05
 34.5 1.40949E+05
 35.0 1.40267E+05
 35.5 1.39491E+05
 36.0 1.38628E+05
 36.5 1.37687E+05
 37.0 1.36674E+05
 37.5 1.35596E+05
 38.0 1.34460E+05
 38.5 1.33270E+05
 39.0 1.32033E+05
 39.5 1.30755E+05
 40.0 1.29440E+05
 40.5 1.28093E+05
 41.0 1.26718E+05
 41.5 1.25320E+05
 42.0 1.23902E+05
 42.5 1.22468E+05
 43.0 1.21021E+05
 43.5 1.19564E+05
 44.0 1.18100E+05
 44.5 1.16631E+05
 45.0 1.15160E+05
 45.5 1.13689E+05
 46.0 1.12220E+05
 46.5 1.10754E+05
 47.0 1.09294E+05
 47.5 1.07840E+05
 48.0 1.06394E+05
 48.5 1.04958E+05
 49.0 1.03532E+05
 49.5 1.02118E+05
 50.0 1.00716E+05
 50.5 9.93261E+04
 51.0 9.79504E+04
 51.5 9.65889E+04
 52.0 9.52421E+04
 52.5 9.39105E+04
 53.0 9.25944E+04
 53.5 9.12942E+04
 54.0 9.00101E+04
 54.5 8.87423E+04
 55.0 8.74911E+04
 55.5 8.62564E+04
 56.0 8.50384E+04
 56.5 8.38372E+04
 57.0 8.26527E+04
 57.5 8.14849E+04
 58.0 4.46355E+05
 58.5 7.91994E+04
 59.0 7.80814E+04
 59.5 7.22599E+05
 60.0 7.58947E+04
 60.5 7.48256E+04
 61.0 7.37725E+04
 61.5 7.27352E+04
 62.0 7.17136E+04
 62.5 7.07074E+04
 63.0 6.97164E+04
 63.5 6.87405E+04
 64.0 6.77795E+04
 64.5 6.68330E+04
 65.0 6.59009E+04
 65.5 6.49830E+04
 66.0 6.40790E+04
 66.5 6.31887E+04
 67.0 2.84764E+05
 67.5 6.14483E+04
 68.0 6.05977E+04
 68.5 5.97599E+04
 69.0 1.17978E+05
 69.5 5.57677E+04
 70.0 4.34196E+04
 70.5 4.30655E+04
 71.0 4.27104E+04
 71.5 4.23543E+04
 72.0 4.19972E+04
 72.5 4.16395E+04
 73.0 4.12811E+04
 73.5 4.09221E+04
 74.0 4.05626E+04
 74.5 4.02028E+04
 75.0 3.98426E+04
 75.5 3.94822E+04
 76.0 3.91217E+04
 76.5 3.87610E+04
 77.0 3.84004E+04
 77.5 3.80398E+04
 78.0 3.76793E+04
 78.5 3.73189E+04
 79.0 3.69587E+04
 79.5 3.65988E+04
 80.0 3.62392E+04
 80.5 3.58799E+04
 81.0 3.55211E+04
 81.5 3.51626E+04
 82.0 3.48046E+04
 82.5 3.44472E+04
 83.0 3.40902E+04
 83.5 3.37338E+04
 84.0 3.33780E+04
 84.5 3.30228E+04
 85.0 3.26682E+04
 85.5 3.23143E+04
 86.0 3.19611E+04
 86.5 3.16086E+04
 87.0 3.12568E+04
 87.5 3.09057E+04
 88.0 3.05554E+04
 88.5 3.02058E+04
 89.0 2.98571E+04
 89.5 2.95091E+04
 90.0 2.91619E+04
 90.5 2.88155E+04
 91.0 2.84699E+04
 91.5 2.81252E+04
 92.0 2.77813E+04
 92.5 2.74382E+04
 93.0 2.70960E+04
 93.5 2.67547E+04
 94.0 2.64142E+04
 94.5 2.60745E+04
 95.0 2.57358E+04
 95.5 2.53979E+04
 96.0 2.50609E+04
 96.5 2.47247E+04
 97.0 2.43894E+04
 97.5 2.40550E+04
 98.0 2.37215E+04
 98.5 2.33889E+04
 99.0 2.30571E+04
 99.5 2.27263E+04
100.0 2.23963E+04
100.5 2.20672E+04
101.0 2.17390E+04
101.5 2.14116E+04
102.0 2.10852E+04
102.5 2.07596E+04
103.0 2.04350E+04
103.5 2.01112E+04
104.0 1.97883E+04
104.5 1.94662E+04
105.0 1.91451E+04
105.5 1.88248E+04
106.0 1.85055E+04
106.5 1.81870E+04
107.0 1.78694E+04
107.5 1.75527E+04
108.0 1.72368E+04
108.5 1.69219E+04
109.0 1.66078E+04
109.5 1.62947E+04
110.0 1.59824E+04
110.5 1.56710E+04
111.0 1.53604E+04
111.5 1.50508E+04
112.0 1.47421E+04
112.5 1.44342E+04
113.0 1.41273E+04
113.5 1.38212E+04
114.0 1.35160E+04
114.5 1.32118E+04
115.0 1.29084E+04
115.5 1.26059E+04
116.0 1.23043E+04
116.5 1.20037E+04
117.0 1.17039E+04
117.5 1.14051E+04
118.0 1.11071E+04
118.5 1.08101E+04
119.0 1.05140E+04
119.5 1.02189E+04
120.0 9.92465E+03
120.5 9.63135E+03
121.0 9.33899E+03
121.5 9.04757E+03
122.0 8.75710E+03
122.5 8.46758E+03
123.0 8.17901E+03
123.5 7.89141E+03
124.0 7.60477E+03
124.5 7.31911E+03
125.0 7.03443E+03
125.5 6.75073E+03
126.0 6.46802E+03
126.5 6.18631E+03
127.0 5.90561E+03
127.5 5.62592E+03
128.0 5.34724E+03
128.5 5.06959E+03
129.0 4.79297E+03
129.5 4.51740E+03
130.0 4.24287E+03
130.5 3.96940E+03
131.0 3.69699E+03
131.5 3.42565E+03
132.0 3.15540E+03
132.5 2.88624E+03
133.0 2.61817E+03
133.5 2.35122E+03
134.0 2.08538E+03
134.5 1.82066E+03
135.0 1.55709E+03
135.5 1.29466E+03
136.0 1.03338E+03
136.5 7.73274E+02
137.0 5.14342E+02
137.5 2.56597E+02
138.0 2.13539E+01
