138K15D0W2
  0.5 0.00000E+00
  1.0 0.00000E+00
  1.5 0.00000E+00
  2.0 0.00000E+00
  2.5 0.00000E+00
  3.0 0.00000E+00
  3.5 2.14136E+04
  4.0 2.83030E+04
  4.5 3.55127E+04
  5.0 4.30306E+04
  5.5 5.08522E+04
  6.0 5.89763E+04
  6.5 6.74041E+04
  7.0 7.61399E+04
  7.5 8.51915E+04
  8.0 9.45722E+04
  8.5 8.82350E+05
  9.0 1.14410E+05
  9.5 9.83585E+05
 10.0 8.23446E+05
 10.5 5.39517E+04
 11.0 5.80129E+04
 11.5 1.03085E+05
 12.0 4.48770E+04
 12.5 4.19014E+04
 13.0 4.45349E+04
 13.5 4.72176E+04
 14.0 4.99506E+04
 14.5 5.27353E+04
 15.0 5.55732E+04
 15.5 5.84659E+04
 16.0 6.14150E+04
 16.5 6.44217E+04
 17.0 6.74864E+04
 17.5 7.06082E+04
 18.0 7.37847E+04
 18.5 7.70114E+04
 19.0 8.02812E+04
 19.5 8.35846E+04
 20.0 8.69097E+04
 20.5 9.02423E+04
 21.0 9.35662E+04
 21.5 9.68639E+04
 22.0 1.00117E+05
 22.5 1.03307E+05
 23.0 1.06415E+05
 23.5 1.09424E+05
 24.0 1.12317E+05
 24.5 1.15080E+05
 25.0 1.17698E+05
 25.5 1.20161E+05
 26.0 1.22460E+05
 26.5 1.24587E+05
 27.0 1.26537E+05
 27.5 1.28307E+05
 28.0 1.29896E+05
 28.5 1.31303E+05
 29.0 1.32530E+05
 29.5 1.33581E+05
 30.0 1.34458E+05
 30.5 1.35167E+05
 31.0 1.35714E+05
 31.5 1.36105E+05
 32.0 1.36347E+05
 32.5 1.36447E+05
 33.0 1.36413E+05
 33.5 1.36251E+05
 34.0 1.35971E+05
 34.5 1.35578E+05
 35.0 1.35082E+05
 35.5 1.34488E+05
 36.0 1.33805E+05
 36.5 1.33039E+05
 37.0 1.32198E+05
 37.5 1.31287E+05
 38.0 1.30312E+05
 38.5 1.29280E+05
 39.0 1.28197E+05
 39.5 1.27066E+05
 40.0 1.25895E+05
 40.5 1.24686E+05
 41.0 1.23445E+05
 41.5 1.22176E+05
 42.0 1.20882E+05
 42.5 1.19568E+05
 43.0 1.18236E+05
 43.5 1.16890E+05
 44.0 1.15532E+05
 44.5 1.14166E+05
 45.0 1.12793E+05
 45.5 1.11417E+05
 46.0 1.10038E+05
 46.5 1.08659E+05
 47.0 1.07283E+05
 47.5 1.05909E+05
 48.0 1.04540E+05
 48.5 1.03178E+05
 49.0 1.01823E+05
 49.5 1.00476E+05
 50.0 9.91385E+04
 50.5 9.78114E+04
 51.0 9.64954E+04
 51.5 9.51911E+04
 52.0 9.38991E+04
 52.5 9.26201E+04
 53.0 9.13544E+04
 53.5 9.01025E+04
 54.0 8.88647E+04
 54.5 8.76413E+04
 55.0 8.64326E+04
 55.5 8.52388E+04
 56.0 8.40599E+04
 56.5 8.28962E+04
 57.0 8.17477E+04
 57.5 8.06145E+04
 58.0 4.38554E+05
 58.5 7.83938E+04
 59.0 7.73063E+04
 59.5 7.10275E+05
 60.0 7.51769E+04
 60.5 7.41347E+04
 61.0 7.31075E+04
 61.5 7.20951E+04
 62.0 7.10973E+04
 62.5 7.01140E+04
 63.0 6.91450E+04
 63.5 6.81902E+04
 64.0 6.72494E+04
 64.5 6.63224E+04
 65.0 6.54091E+04
 65.5 6.45092E+04
 66.0 6.36225E+04
 66.5 6.27489E+04
 67.0 2.81443E+05
 67.5 6.10399E+04
 68.0 6.02041E+04
 68.5 5.93805E+04
 69.0 1.16901E+05
 69.5 5.52986E+04
 70.0 4.23882E+04
 70.5 4.20623E+04
 71.0 4.17346E+04
 71.5 4.14054E+04
 72.0 4.10748E+04
 72.5 4.07427E+04
 73.0 4.04095E+04
 73.5 4.00750E+04
 74.0 3.97396E+04
 74.5 3.94032E+04
 75.0 3.90659E+04
 75.5 3.87278E+04
 76.0 3.83891E+04
 76.5 3.80497E+04
 77.0 3.77098E+04
 77.5 3.73694E+04
 78.0 3.70287E+04
 78.5 3.66875E+04
 79.0 3.63462E+04
 79.5 3.60046E+04
 80.0 3.56628E+04
 80.5 3.53210E+04
 81.0 3.49790E+04
 81.5 3.46371E+04
 82.0 3.42952E+04
 82.5 3.39534E+04
 83.0 3.36118E+04
 83.5 3.32702E+04
 84.0 3.29289E+04
 84.5 3.25878E+04
 85.0 3.22470E+04
 85.5 3.19064E+04
 86.0 3.15662E+04
 86.5 3.12263E+04
 87.0 3.08869E+04
 87.5 3.05478E+04
 88.0 3.02091E+04
 88.5 2.98709E+04
 89.0 2.95331E+04
 89.5 2.91959E+04
 90.0 2.88591E+04
 90.5 2.85229E+04
 91.0 2.81872E+04
 91.5 2.78520E+04
 92.0 2.75174E+04
 92.5 2.71834E+04
 93.0 2.68500E+04
 93.5 2.65172E+04
 94.0 2.61850E+04
 94.5 2.58534E+04
 95.0 2.55225E+04
 95.5 2.51922E+04
 96.0 2.48625E+04
 96.5 2.45335E+04
 97.0 2.42052E+04
 97.5 2.38776E+04
 98.0 2.35506E+04
 98.5 2.32243E+04
 99.0 2.28987E+04
 99.5 2.25738E+04
100.0 2.22496E+04
100.5 2.19262E+04
101.0 2.16034E+04
101.5 2.12814E+04
102.0 2.09600E+04
102.5 2.06394E+04
103.0 2.03196E+04
103.5 2.00004E+04
104.0 1.96820E+04
104.5 1.93644E+04
105.0 1.90475E+04
105.5 1.87313E+04
106.0 1.84159E+04
106.5 1.81013E+04
107.0 1.77874E+04
107.5 1.74742E+04
108.0 1.71619E+04
108.5 1.68503E+04
109.0 1.65395E+04
109.5 1.62294E+04
110.0 1.59201E+04
110.5 1.56116E+04
111.0 1.53039E+04
111.5 1.49970E+04
112.0 1.46909E+04
112.5 1.43856E+04
113.0 1.40811E+04
113.5 1.37773E+04
114.0 1.34744E+04
114.5 1.31723E+04
115.0 1.28711E+04
115.5 1.25706E+04
116.0 1.22710E+04
116.5 1.19722E+04
117.0 1.16742E+04
117.5 1.13771E+04
118.0 1.10808E+04
118.5 1.07854E+04
119.0 1.04908E+04
119.5 1.01971E+04
120.0 9.90426E+03
120.5 9.61230E+03
121.0 9.32121E+03
121.5 9.03100E+03
122.0 8.74169E+03
122.5 8.45327E+03
123.0 8.16576E+03
123.5 7.87916E+03
124.0 7.59348E+03
124.5 7.30872E+03
125.0 7.02489E+03
125.5 6.74201E+03
126.0 6.46007E+03
126.5 6.17908E+03
127.0 5.89906E+03
127.5 5.62001E+03
128.0 5.34194E+03
128.5 5.06485E+03
129.0 4.78876E+03
129.5 4.51367E+03
130.0 4.23960E+03
130.5 3.96655E+03
131.0 3.69453E+03
131.5 3.42355E+03
132.0 3.15362E+03
132.5 2.88475E+03
133.0 2.61695E+03
133.5 2.35023E+03
134.0 2.08460E+03
134.5 1.82007E+03
135.0 1.55665E+03
135.5 1.29435E+03
136.0 1.03319E+03
136.5 7.73160E+02
137.0 5.14288E+02
137.5 2.56581E+02
138.0 2.13530E+01
