138K13D0W2
  0.5 0.00000E+00
  1.0 0.00000E+00
  1.5 0.00000E+00
  2.0 0.00000E+00
  2.5 0.00000E+00
  3.0 0.00000E+00
  3.5 1.77138E+04
  4.0 2.36962E+04
  4.5 2.99480E+04
  5.0 3.64527E+04
  5.5 4.32036E+04
  6.0 5.01974E+04
  6.5 5.74330E+04
  7.0 6.49110E+04
  7.5 7.26342E+04
  8.0 8.06083E+04
  8.5 5.44292E+05
  9.0 9.73527E+04
  9.5 6.93070E+05
 10.0 5.82826E+05
 10.5 4.60111E+04
 11.0 4.94745E+04
 11.5 7.37927E+04
 12.0 3.82759E+04
 12.5 3.57388E+04
 13.0 3.79884E+04
 13.5 4.02758E+04
 14.0 4.26014E+04
 14.5 4.49658E+04
 15.0 4.73698E+04
 15.5 4.98141E+04
 16.0 5.22999E+04
 16.5 5.48280E+04
 17.0 5.73993E+04
 17.5 6.00143E+04
 18.0 6.26729E+04
 18.5 6.53739E+04
 19.0 6.81151E+04
 19.5 7.08926E+04
 20.0 7.37010E+04
 20.5 7.65328E+04
 21.0 7.93790E+04
 21.5 8.22288E+04
 22.0 8.50701E+04
 22.5 8.78899E+04
 23.0 9.06741E+04
 23.5 9.34087E+04
 24.0 9.60796E+04
 24.5 9.86729E+04
 25.0 1.01176E+05
 25.5 1.03577E+05
 26.0 1.05864E+05
 26.5 1.08029E+05
 27.0 1.10064E+05
 27.5 1.11962E+05
 28.0 1.13718E+05
 28.5 1.15329E+05
 29.0 1.16792E+05
 29.5 1.18108E+05
 30.0 1.19275E+05
 30.5 1.20295E+05
 31.0 1.21171E+05
 31.5 1.21907E+05
 32.0 1.22504E+05
 32.5 1.22969E+05
 33.0 1.23306E+05
 33.5 1.23521E+05
 34.0 1.23618E+05
 34.5 1.23604E+05
 35.0 1.23484E+05
 35.5 1.23264E+05
 36.0 1.22951E+05
 36.5 1.22550E+05
 37.0 1.22068E+05
 37.5 1.21509E+05
 38.0 1.20879E+05
 38.5 1.20184E+05
 39.0 1.19429E+05
 39.5 1.18618E+05
 40.0 1.17757E+05
 40.5 1.16850E+05
 41.0 1.15902E+05
 41.5 1.14916E+05
 42.0 1.13897E+05
 42.5 1.12847E+05
 43.0 1.11771E+05
 43.5 1.10672E+05
 44.0 1.09553E+05
 44.5 1.08417E+05
 45.0 1.07265E+05
 45.5 1.06102E+05
 46.0 1.04929E+05
 46.5 1.03747E+05
 47.0 1.02561E+05
 47.5 1.01370E+05
 48.0 1.00177E+05
 48.5 9.89828E+04
 49.0 9.77896E+04
 49.5 9.65986E+04
 50.0 9.54108E+04
 50.5 9.42273E+04
 51.0 9.30492E+04
 51.5 9.18773E+04
 52.0 9.07125E+04
 52.5 8.95556E+04
 53.0 8.84071E+04
 53.5 8.72677E+04
 54.0 8.61380E+04
 54.5 8.50183E+04
 55.0 8.39091E+04
 55.5 8.28108E+04
 56.0 8.17237E+04
 56.5 8.06481E+04
 57.0 7.95842E+04
 57.5 7.85322E+04
 58.0 4.20043E+05
 58.5 7.64644E+04
 59.0 7.54489E+04
 59.5 6.80988E+05
 60.0 7.34549E+04
 60.5 7.24765E+04
 61.0 7.15105E+04
 61.5 7.05570E+04
 62.0 6.96157E+04
 62.5 6.86868E+04
 63.0 6.77701E+04
 63.5 6.68656E+04
 64.0 6.59731E+04
 64.5 6.50926E+04
 65.0 6.42239E+04
 65.5 6.33670E+04
 66.0 6.25216E+04
 66.5 6.16877E+04
 67.0 2.73479E+05
 67.5 6.00538E+04
 68.0 5.92534E+04
 68.5 5.84639E+04
 69.0 1.14309E+05
 69.5 5.41819E+04
 70.0 3.99960E+04
 70.5 3.97327E+04
 71.0 3.94664E+04
 71.5 3.91973E+04
 72.0 3.89256E+04
 72.5 3.86513E+04
 73.0 3.83745E+04
 73.5 3.80954E+04
 74.0 3.78141E+04
 74.5 3.75307E+04
 75.0 3.72452E+04
 75.5 3.69578E+04
 76.0 3.66686E+04
 76.5 3.63777E+04
 77.0 3.60852E+04
 77.5 3.57911E+04
 78.0 3.54955E+04
 78.5 3.51986E+04
 79.0 3.49003E+04
 79.5 3.46009E+04
 80.0 3.43002E+04
 80.5 3.39984E+04
 81.0 3.36957E+04
 81.5 3.33920E+04
 82.0 3.30874E+04
 82.5 3.27819E+04
 83.0 3.24757E+04
 83.5 3.21688E+04
 84.0 3.18611E+04
 84.5 3.15529E+04
 85.0 3.12441E+04
 85.5 3.09347E+04
 86.0 3.06249E+04
 86.5 3.03147E+04
 87.0 3.00040E+04
 87.5 2.96931E+04
 88.0 2.93818E+04
 88.5 2.90702E+04
 89.0 2.87584E+04
 89.5 2.84464E+04
 90.0 2.81342E+04
 90.5 2.78218E+04
 91.0 2.75094E+04
 91.5 2.71969E+04
 92.0 2.68843E+04
 92.5 2.65717E+04
 93.0 2.62591E+04
 93.5 2.59466E+04
 94.0 2.56341E+04
 94.5 2.53216E+04
 95.0 2.50093E+04
 95.5 2.46971E+04
 96.0 2.43850E+04
 96.5 2.40730E+04
 97.0 2.37613E+04
 97.5 2.34497E+04
 98.0 2.31384E+04
 98.5 2.28273E+04
 99.0 2.25164E+04
 99.5 2.22058E+04
100.0 2.18955E+04
100.5 2.15855E+04
101.0 2.12758E+04
101.5 2.09664E+04
102.0 2.06574E+04
102.5 2.03487E+04
103.0 2.00404E+04
103.5 1.97324E+04
104.0 1.94249E+04
104.5 1.91177E+04
105.0 1.88110E+04
105.5 1.85047E+04
106.0 1.81988E+04
106.5 1.78934E+04
107.0 1.75884E+04
107.5 1.72839E+04
108.0 1.69799E+04
108.5 1.66764E+04
109.0 1.63734E+04
109.5 1.60709E+04
110.0 1.57690E+04
110.5 1.54675E+04
111.0 1.51666E+04
111.5 1.48663E+04
112.0 1.45665E+04
112.5 1.42673E+04
113.0 1.39687E+04
113.5 1.36707E+04
114.0 1.33732E+04
114.5 1.30764E+04
115.0 1.27802E+04
115.5 1.24847E+04
116.0 1.21897E+04
116.5 1.18955E+04
117.0 1.16018E+04
117.5 1.13089E+04
118.0 1.10166E+04
118.5 1.07251E+04
119.0 1.04342E+04
119.5 1.01440E+04
120.0 9.85454E+03
120.5 9.56581E+03
121.0 9.27781E+03
121.5 8.99057E+03
122.0 8.70408E+03
122.5 8.41836E+03
123.0 8.13341E+03
123.5 7.84925E+03
124.0 7.56589E+03
124.5 7.28334E+03
125.0 7.00160E+03
125.5 6.72069E+03
126.0 6.44063E+03
126.5 6.16141E+03
127.0 5.88305E+03
127.5 5.60557E+03
128.0 5.32897E+03
128.5 5.05326E+03
129.0 4.77846E+03
129.5 4.50457E+03
130.0 4.23161E+03
130.5 3.95959E+03
131.0 3.68852E+03
131.5 3.41841E+03
132.0 3.14927E+03
132.5 2.88113E+03
133.0 2.61397E+03
133.5 2.34783E+03
134.0 2.08271E+03
134.5 1.81863E+03
135.0 1.55559E+03
135.5 1.29361E+03
136.0 1.03270E+03
136.5 7.72881E+02
137.0 5.14156E+02
137.5 2.56540E+02
138.0 2.13509E+01
