138K14D0W2
  0.5 0.00000E+00
  1.0 0.00000E+00
  1.5 0.00000E+00
  2.0 0.00000E+00
  2.5 0.00000E+00
  3.0 0.00000E+00
  3.5 1.95522E+04
  4.0 2.59867E+04
  4.5 3.27152E+04
  5.0 3.97236E+04
  5.5 4.70063E+04
  6.0 5.45609E+04
  6.5 6.23874E+04
  7.0 7.04880E+04
  7.5 7.88677E+04
  8.0 8.75356E+04
  8.5 7.03052E+05
  9.0 1.05800E+05
  9.5 8.34860E+05
 10.0 7.00277E+05
 10.5 4.99543E+04
 11.0 5.37130E+04
 11.5 8.75282E+04
 12.0 4.15544E+04
 12.5 3.87997E+04
 13.0 4.12391E+04
 13.5 4.37217E+04
 14.0 4.62484E+04
 14.5 4.88199E+04
 15.0 5.14375E+04
 15.5 5.41024E+04
 16.0 5.68158E+04
 16.5 5.95789E+04
 17.0 6.23925E+04
 17.5 6.52567E+04
 18.0 6.81704E+04
 18.5 7.11313E+04
 19.0 7.41349E+04
 19.5 7.71749E+04
 20.0 8.02429E+04
 20.5 8.33284E+04
 21.0 8.64186E+04
 21.5 8.94997E+04
 22.0 9.25563E+04
 22.5 9.55722E+04
 23.0 9.85312E+04
 23.5 1.01417E+05
 24.0 1.04214E+05
 24.5 1.06908E+05
 25.0 1.09485E+05
 25.5 1.11933E+05
 26.0 1.14243E+05
 26.5 1.16405E+05
 27.0 1.18412E+05
 27.5 1.20261E+05
 28.0 1.21947E+05
 28.5 1.23469E+05
 29.0 1.24825E+05
 29.5 1.26019E+05
 30.0 1.27050E+05
 30.5 1.27923E+05
 31.0 1.28642E+05
 31.5 1.29211E+05
 32.0 1.29635E+05
 32.5 1.29921E+05
 33.0 1.30075E+05
 33.5 1.30104E+05
 34.0 1.30013E+05
 34.5 1.29810E+05
 35.0 1.29502E+05
 35.5 1.29094E+05
 36.0 1.28595E+05
 36.5 1.28009E+05
 37.0 1.27345E+05
 37.5 1.26607E+05
 38.0 1.25801E+05
 38.5 1.24934E+05
 39.0 1.24011E+05
 39.5 1.23037E+05
 40.0 1.22017E+05
 40.5 1.20955E+05
 41.0 1.19856E+05
 41.5 1.18724E+05
 42.0 1.17563E+05
 42.5 1.16376E+05
 43.0 1.15168E+05
 43.5 1.13941E+05
 44.0 1.12698E+05
 44.5 1.11442E+05
 45.0 1.10176E+05
 45.5 1.08902E+05
 46.0 1.07621E+05
 46.5 1.06337E+05
 47.0 1.05051E+05
 47.5 1.03765E+05
 48.0 1.02480E+05
 48.5 1.01198E+05
 49.0 9.99203E+04
 49.5 9.86477E+04
 50.0 9.73815E+04
 50.5 9.61227E+04
 51.0 9.48722E+04
 51.5 9.36308E+04
 52.0 9.23993E+04
 52.5 9.11781E+04
 53.0 8.99681E+04
 53.5 8.87695E+04
 54.0 8.75829E+04
 54.5 8.64086E+04
 55.0 8.52470E+04
 55.5 8.40983E+04
 56.0 8.29629E+04
 56.5 8.18408E+04
 57.0 8.07322E+04
 57.5 7.96374E+04
 58.0 4.29842E+05
 58.5 7.74888E+04
 59.0 7.64353E+04
 59.5 6.96498E+05
 60.0 7.43697E+04
 60.5 7.33576E+04
 61.0 7.23592E+04
 61.5 7.13745E+04
 62.0 7.04033E+04
 62.5 6.94456E+04
 63.0 6.85012E+04
 63.5 6.75701E+04
 64.0 6.66520E+04
 64.5 6.57469E+04
 65.0 6.48545E+04
 65.5 6.39748E+04
 66.0 6.31075E+04
 66.5 6.22526E+04
 67.0 2.77709E+05
 67.5 6.05788E+04
 68.0 5.97596E+04
 68.5 5.89520E+04
 69.0 1.15687E+05
 69.5 5.47737E+04
 70.0 4.12525E+04
 70.5 4.09568E+04
 71.0 4.06588E+04
 71.5 4.03585E+04
 72.0 4.00562E+04
 72.5 3.97519E+04
 73.0 3.94458E+04
 73.5 3.91379E+04
 74.0 3.88284E+04
 74.5 3.85174E+04
 75.0 3.82050E+04
 75.5 3.78912E+04
 76.0 3.75761E+04
 76.5 3.72599E+04
 77.0 3.69427E+04
 77.5 3.66244E+04
 78.0 3.63052E+04
 78.5 3.59851E+04
 79.0 3.56643E+04
 79.5 3.53428E+04
 80.0 3.50206E+04
 80.5 3.46978E+04
 81.0 3.43745E+04
 81.5 3.40508E+04
 82.0 3.37266E+04
 82.5 3.34020E+04
 83.0 3.30772E+04
 83.5 3.27521E+04
 84.0 3.24267E+04
 84.5 3.21012E+04
 85.0 3.17755E+04
 85.5 3.14497E+04
 86.0 3.11239E+04
 86.5 3.07981E+04
 87.0 3.04722E+04
 87.5 3.01464E+04
 88.0 2.98207E+04
 88.5 2.94951E+04
 89.0 2.91696E+04
 89.5 2.88442E+04
 90.0 2.85191E+04
 90.5 2.81941E+04
 91.0 2.78694E+04
 91.5 2.75449E+04
 92.0 2.72207E+04
 92.5 2.68968E+04
 93.0 2.65731E+04
 93.5 2.62499E+04
 94.0 2.59269E+04
 94.5 2.56044E+04
 95.0 2.52822E+04
 95.5 2.49604E+04
 96.0 2.46390E+04
 96.5 2.43180E+04
 97.0 2.39975E+04
 97.5 2.36774E+04
 98.0 2.33578E+04
 98.5 2.30386E+04
 99.0 2.27199E+04
 99.5 2.24017E+04
100.0 2.20841E+04
100.5 2.17669E+04
101.0 2.14503E+04
101.5 2.11342E+04
102.0 2.08186E+04
102.5 2.05036E+04
103.0 2.01891E+04
103.5 1.98752E+04
104.0 1.95619E+04
104.5 1.92492E+04
105.0 1.89370E+04
105.5 1.86255E+04
106.0 1.83145E+04
106.5 1.80042E+04
107.0 1.76945E+04
107.5 1.73854E+04
108.0 1.70770E+04
108.5 1.67691E+04
109.0 1.64620E+04
109.5 1.61555E+04
110.0 1.58496E+04
110.5 1.55444E+04
111.0 1.52399E+04
111.5 1.49360E+04
112.0 1.46329E+04
112.5 1.43304E+04
113.0 1.40287E+04
113.5 1.37276E+04
114.0 1.34272E+04
114.5 1.31276E+04
115.0 1.28287E+04
115.5 1.25305E+04
116.0 1.22331E+04
116.5 1.19364E+04
117.0 1.16405E+04
117.5 1.13453E+04
118.0 1.10509E+04
118.5 1.07573E+04
119.0 1.04644E+04
119.5 1.01724E+04
120.0 9.88110E+03
120.5 9.59064E+03
121.0 9.30100E+03
121.5 9.01217E+03
122.0 8.72417E+03
122.5 8.43701E+03
123.0 8.15070E+03
123.5 7.86523E+03
124.0 7.58063E+03
124.5 7.29690E+03
125.0 7.01405E+03
125.5 6.73209E+03
126.0 6.45102E+03
126.5 6.17086E+03
127.0 5.89161E+03
127.5 5.61329E+03
128.0 5.33590E+03
128.5 5.05946E+03
129.0 4.78396E+03
129.5 4.50944E+03
130.0 4.23588E+03
130.5 3.96331E+03
131.0 3.69173E+03
131.5 3.42116E+03
132.0 3.15160E+03
132.5 2.88307E+03
133.0 2.61557E+03
133.5 2.34912E+03
134.0 2.08372E+03
134.5 1.81940E+03
135.0 1.55616E+03
135.5 1.29401E+03
136.0 1.03296E+03
136.5 7.73030E+02
137.0 5.14226E+02
137.5 2.56562E+02
138.0 2.13520E+01
