138K22D0W2
  0.5 0.00000E+00
  1.0 0.00000E+00
  1.5 0.00000E+00
  2.0 0.00000E+00
  2.5 0.00000E+00
  3.0 0.00000E+00
  3.5 3.51560E+04
  4.0 4.53615E+04
  4.5 5.61117E+04
  5.0 6.74066E+04
  5.5 7.92528E+04
  6.0 9.16640E+04
  6.5 1.04663E+05
  7.0 1.18287E+05
  7.5 1.32593E+05
  8.0 1.47659E+05
  8.5 2.55515E+06
  9.0 1.80423E+05
  9.5 2.10510E+06
 10.0 1.75264E+06
 10.5 8.38087E+04
 11.0 9.02425E+04
 11.5 2.55879E+05
 12.0 6.96622E+04
 12.5 6.50225E+04
 13.0 6.91652E+04
 13.5 7.34174E+04
 14.0 7.77843E+04
 14.5 8.22696E+04
 15.0 8.68752E+04
 15.5 9.15988E+04
 16.0 9.64336E+04
 16.5 1.01366E+05
 17.0 1.06378E+05
 17.5 1.11443E+05
 18.0 1.16531E+05
 18.5 1.21606E+05
 19.0 1.26631E+05
 19.5 1.31567E+05
 20.0 1.36375E+05
 20.5 1.41018E+05
 21.0 1.45463E+05
 21.5 1.49680E+05
 22.0 1.53641E+05
 22.5 1.57327E+05
 23.0 1.60721E+05
 23.5 1.63812E+05
 24.0 1.66591E+05
 24.5 1.69057E+05
 25.0 1.71209E+05
 25.5 1.73052E+05
 26.0 1.74592E+05
 26.5 1.75838E+05
 27.0 1.76801E+05
 27.5 1.77493E+05
 28.0 1.77928E+05
 28.5 1.78119E+05
 29.0 1.78082E+05
 29.5 1.77832E+05
 30.0 1.77382E+05
 30.5 1.76748E+05
 31.0 1.75945E+05
 31.5 1.74986E+05
 32.0 1.73885E+05
 32.5 1.72655E+05
 33.0 1.71309E+05
 33.5 1.69858E+05
 34.0 1.68313E+05
 34.5 1.66685E+05
 35.0 1.64983E+05
 35.5 1.63218E+05
 36.0 1.61396E+05
 36.5 1.59527E+05
 37.0 1.57617E+05
 37.5 1.55674E+05
 38.0 1.53704E+05
 38.5 1.51711E+05
 39.0 1.49702E+05
 39.5 1.47682E+05
 40.0 1.45654E+05
 40.5 1.43623E+05
 41.0 1.41593E+05
 41.5 1.39566E+05
 42.0 1.37545E+05
 42.5 1.35534E+05
 43.0 1.33535E+05
 43.5 1.31549E+05
 44.0 1.29579E+05
 44.5 1.27627E+05
 45.0 1.25693E+05
 45.5 1.23779E+05
 46.0 1.21887E+05
 46.5 1.20017E+05
 47.0 1.18170E+05
 47.5 1.16346E+05
 48.0 1.14548E+05
 48.5 1.12774E+05
 49.0 1.11025E+05
 49.5 1.09302E+05
 50.0 1.07604E+05
 50.5 1.05933E+05
 51.0 1.04288E+05
 51.5 1.02668E+05
 52.0 1.01075E+05
 52.5 9.95078E+04
 53.0 9.79663E+04
 53.5 9.64505E+04
 54.0 9.49602E+04
 54.5 9.34951E+04
 55.0 9.20550E+04
 55.5 9.06396E+04
 56.0 8.92487E+04
 56.5 8.78819E+04
 57.0 8.65389E+04
 57.5 8.52193E+04
 58.0 4.80224E+05
 58.5 8.26492E+04
 59.0 8.13978E+04
 59.5 7.75988E+05
 60.0 7.89608E+04
 60.5 7.77742E+04
 61.0 7.66086E+04
 61.5 7.54634E+04
 62.0 7.43382E+04
 62.5 7.32327E+04
 63.0 7.21465E+04
 63.5 7.10793E+04
 64.0 7.00305E+04
 64.5 6.89998E+04
 65.0 6.79869E+04
 65.5 6.69914E+04
 66.0 6.60129E+04
 66.5 6.50511E+04
 67.0 2.98959E+05
 67.5 6.31758E+04
 68.0 6.22617E+04
 68.5 6.13629E+04
 69.0 1.22561E+05
 69.5 5.77971E+04
 70.0 4.80598E+04
 70.5 4.75710E+04
 71.0 4.70845E+04
 71.5 4.66003E+04
 72.0 4.61186E+04
 72.5 4.56393E+04
 73.0 4.51625E+04
 73.5 4.46882E+04
 74.0 4.42164E+04
 74.5 4.37472E+04
 75.0 4.32805E+04
 75.5 4.28164E+04
 76.0 4.23550E+04
 76.5 4.18961E+04
 77.0 4.14398E+04
 77.5 4.09861E+04
 78.0 4.05351E+04
 78.5 4.00866E+04
 79.0 3.96407E+04
 79.5 3.91975E+04
 80.0 3.87568E+04
 80.5 3.83187E+04
 81.0 3.78831E+04
 81.5 3.74501E+04
 82.0 3.70196E+04
 82.5 3.65916E+04
 83.0 3.61661E+04
 83.5 3.57431E+04
 84.0 3.53226E+04
 84.5 3.49045E+04
 85.0 3.44887E+04
 85.5 3.40754E+04
 86.0 3.36644E+04
 86.5 3.32558E+04
 87.0 3.28495E+04
 87.5 3.24455E+04
 88.0 3.20438E+04
 88.5 3.16443E+04
 89.0 3.12470E+04
 89.5 3.08519E+04
 90.0 3.04590E+04
 90.5 3.00682E+04
 91.0 2.96795E+04
 91.5 2.92929E+04
 92.0 2.89084E+04
 92.5 2.85259E+04
 93.0 2.81455E+04
 93.5 2.77670E+04
 94.0 2.73905E+04
 94.5 2.70159E+04
 95.0 2.66432E+04
 95.5 2.62724E+04
 96.0 2.59035E+04
 96.5 2.55364E+04
 97.0 2.51712E+04
 97.5 2.48077E+04
 98.0 2.44460E+04
 98.5 2.40860E+04
 99.0 2.37278E+04
 99.5 2.33713E+04
100.0 2.30164E+04
100.5 2.26632E+04
101.0 2.23117E+04
101.5 2.19618E+04
102.0 2.16134E+04
102.5 2.12667E+04
103.0 2.09215E+04
103.5 2.05778E+04
104.0 2.02357E+04
104.5 1.98951E+04
105.0 1.95560E+04
105.5 1.92183E+04
106.0 1.88821E+04
106.5 1.85474E+04
107.0 1.82140E+04
107.5 1.78821E+04
108.0 1.75516E+04
108.5 1.72225E+04
109.0 1.68947E+04
109.5 1.65683E+04
110.0 1.62433E+04
110.5 1.59195E+04
111.0 1.55971E+04
111.5 1.52760E+04
112.0 1.49563E+04
112.5 1.46378E+04
113.0 1.43205E+04
113.5 1.40046E+04
114.0 1.36899E+04
114.5 1.33765E+04
115.0 1.30643E+04
115.5 1.27533E+04
116.0 1.24436E+04
116.5 1.21351E+04
117.0 1.18279E+04
117.5 1.15218E+04
118.0 1.12170E+04
118.5 1.09133E+04
119.0 1.06109E+04
119.5 1.03097E+04
120.0 1.00096E+04
120.5 9.71074E+03
121.0 9.41305E+03
121.5 9.11656E+03
122.0 8.82124E+03
122.5 8.52710E+03
123.0 8.23414E+03
123.5 7.94236E+03
124.0 7.65175E+03
124.5 7.36232E+03
125.0 7.07406E+03
125.5 6.78698E+03
126.0 6.50108E+03
126.5 6.21636E+03
127.0 5.93281E+03
127.5 5.65045E+03
128.0 5.36926E+03
128.5 5.08927E+03
129.0 4.81046E+03
129.5 4.53285E+03
130.0 4.25643E+03
130.5 3.98120E+03
131.0 3.70718E+03
131.5 3.43437E+03
132.0 3.16277E+03
132.5 2.89238E+03
133.0 2.62322E+03
133.5 2.35528E+03
134.0 2.08857E+03
134.5 1.82311E+03
135.0 1.55888E+03
135.5 1.29591E+03
136.0 1.03419E+03
136.5 7.73744E+02
137.0 5.14566E+02
137.5 2.56666E+02
138.0 2.13575E+01
