138K21D0W2
  0.5 0.00000E+00
  1.0 0.00000E+00
  1.5 0.00000E+00
  2.0 0.00000E+00
  2.5 0.00000E+00
  3.0 0.00000E+00
  3.5 3.31081E+04
  4.0 4.28217E+04
  4.5 5.30436E+04
  5.0 6.37722E+04
  5.5 7.50119E+04
  6.0 8.67730E+04
  6.5 9.90738E+04
  7.0 1.11943E+05
  7.5 1.25427E+05
  8.0 1.39591E+05
  8.5 2.28386E+06
  9.0 1.70278E+05
  9.5 1.94276E+06
 10.0 1.61804E+06
 10.5 7.93088E+04
 11.0 8.53710E+04
 11.5 2.30103E+05
 12.0 6.59307E+04
 12.5 6.15435E+04
 13.0 6.54514E+04
 13.5 6.94579E+04
 14.0 7.35677E+04
 14.5 7.77846E+04
 15.0 8.21113E+04
 15.5 8.65476E+04
 16.0 9.10897E+04
 16.5 9.57285E+04
 17.0 1.00450E+05
 17.5 1.05234E+05
 18.0 1.10055E+05
 18.5 1.14883E+05
 19.0 1.19686E+05
 19.5 1.24429E+05
 20.0 1.29075E+05
 20.5 1.33590E+05
 21.0 1.37942E+05
 21.5 1.42098E+05
 22.0 1.46034E+05
 22.5 1.49727E+05
 23.0 1.53158E+05
 23.5 1.56313E+05
 24.0 1.59183E+05
 24.5 1.61761E+05
 25.0 1.64046E+05
 25.5 1.66038E+05
 26.0 1.67741E+05
 26.5 1.69162E+05
 27.0 1.70310E+05
 27.5 1.71193E+05
 28.0 1.71825E+05
 28.5 1.72216E+05
 29.0 1.72380E+05
 29.5 1.72332E+05
 30.0 1.72083E+05
 30.5 1.71648E+05
 31.0 1.71041E+05
 31.5 1.70275E+05
 32.0 1.69363E+05
 32.5 1.68317E+05
 33.0 1.67150E+05
 33.5 1.65873E+05
 34.0 1.64496E+05
 34.5 1.63031E+05
 35.0 1.61486E+05
 35.5 1.59872E+05
 36.0 1.58196E+05
 36.5 1.56467E+05
 37.0 1.54691E+05
 37.5 1.52877E+05
 38.0 1.51030E+05
 38.5 1.49155E+05
 39.0 1.47260E+05
 39.5 1.45347E+05
 40.0 1.43423E+05
 40.5 1.41491E+05
 41.0 1.39555E+05
 41.5 1.37618E+05
 42.0 1.35684E+05
 42.5 1.33755E+05
 43.0 1.31834E+05
 43.5 1.29923E+05
 44.0 1.28024E+05
 44.5 1.26139E+05
 45.0 1.24270E+05
 45.5 1.22418E+05
 46.0 1.20585E+05
 46.5 1.18771E+05
 47.0 1.16978E+05
 47.5 1.15205E+05
 48.0 1.13455E+05
 48.5 1.11728E+05
 49.0 1.10024E+05
 49.5 1.08343E+05
 50.0 1.06686E+05
 50.5 1.05053E+05
 51.0 1.03444E+05
 51.5 1.01860E+05
 52.0 1.00300E+05
 52.5 9.87651E+04
 53.0 9.72541E+04
 53.5 9.57675E+04
 54.0 9.43050E+04
 54.5 9.28665E+04
 55.0 9.14519E+04
 55.5 9.00608E+04
 56.0 8.86931E+04
 56.5 8.73486E+04
 57.0 8.60268E+04
 57.5 8.47276E+04
 58.0 4.75727E+05
 58.5 8.21955E+04
 59.0 8.09619E+04
 59.5 7.68910E+05
 60.0 7.85582E+04
 60.5 7.73873E+04
 61.0 7.62366E+04
 61.5 7.51058E+04
 62.0 7.39944E+04
 62.5 7.29020E+04
 63.0 7.18285E+04
 63.5 7.07733E+04
 64.0 6.97361E+04
 64.5 6.87166E+04
 65.0 6.77144E+04
 65.5 6.67291E+04
 66.0 6.57604E+04
 66.5 6.48080E+04
 67.0 2.97095E+05
 67.5 6.29505E+04
 68.0 6.20448E+04
 68.5 6.11540E+04
 69.0 1.21961E+05
 69.5 5.75282E+04
 70.0 4.74284E+04
 70.5 4.69587E+04
 71.0 4.64908E+04
 71.5 4.60247E+04
 72.0 4.55605E+04
 72.5 4.50983E+04
 73.0 4.46381E+04
 73.5 4.41799E+04
 74.0 4.37238E+04
 74.5 4.32698E+04
 75.0 4.28180E+04
 75.5 4.23683E+04
 76.0 4.19208E+04
 76.5 4.14755E+04
 77.0 4.10324E+04
 77.5 4.05916E+04
 78.0 4.01530E+04
 78.5 3.97166E+04
 79.0 3.92825E+04
 79.5 3.88507E+04
 80.0 3.84211E+04
 80.5 3.79938E+04
 81.0 3.75687E+04
 81.5 3.71458E+04
 82.0 3.67252E+04
 82.5 3.63068E+04
 83.0 3.58906E+04
 83.5 3.54766E+04
 84.0 3.50649E+04
 84.5 3.46552E+04
 85.0 3.42478E+04
 85.5 3.38425E+04
 86.0 3.34393E+04
 86.5 3.30382E+04
 87.0 3.26393E+04
 87.5 3.22424E+04
 88.0 3.18475E+04
 88.5 3.14547E+04
 89.0 3.10639E+04
 89.5 3.06751E+04
 90.0 3.02883E+04
 90.5 2.99035E+04
 91.0 2.95206E+04
 91.5 2.91396E+04
 92.0 2.87604E+04
 92.5 2.83832E+04
 93.0 2.80078E+04
 93.5 2.76343E+04
 94.0 2.72626E+04
 94.5 2.68926E+04
 95.0 2.65244E+04
 95.5 2.61580E+04
 96.0 2.57933E+04
 96.5 2.54303E+04
 97.0 2.50690E+04
 97.5 2.47094E+04
 98.0 2.43514E+04
 98.5 2.39950E+04
 99.0 2.36403E+04
 99.5 2.32871E+04
100.0 2.29356E+04
100.5 2.25855E+04
101.0 2.22371E+04
101.5 2.18901E+04
102.0 2.15446E+04
102.5 2.12007E+04
103.0 2.08582E+04
103.5 2.05171E+04
104.0 2.01775E+04
104.5 1.98393E+04
105.0 1.95026E+04
105.5 1.91672E+04
106.0 1.88332E+04
106.5 1.85006E+04
107.0 1.81693E+04
107.5 1.78394E+04
108.0 1.75108E+04
108.5 1.71835E+04
109.0 1.68575E+04
109.5 1.65328E+04
110.0 1.62094E+04
110.5 1.58873E+04
111.0 1.55665E+04
111.5 1.52469E+04
112.0 1.49285E+04
112.5 1.46114E+04
113.0 1.42955E+04
113.5 1.39809E+04
114.0 1.36674E+04
114.5 1.33552E+04
115.0 1.30441E+04
115.5 1.27343E+04
116.0 1.24256E+04
116.5 1.21182E+04
117.0 1.18119E+04
117.5 1.15067E+04
118.0 1.12028E+04
118.5 1.09000E+04
119.0 1.05984E+04
119.5 1.02979E+04
120.0 9.99864E+03
120.5 9.70050E+03
121.0 9.40350E+03
121.5 9.10766E+03
122.0 8.81297E+03
122.5 8.51943E+03
123.0 8.22704E+03
123.5 7.93579E+03
124.0 7.64570E+03
124.5 7.35675E+03
125.0 7.06896E+03
125.5 6.78231E+03
126.0 6.49682E+03
126.5 6.21249E+03
127.0 5.92931E+03
127.5 5.64729E+03
128.0 5.36643E+03
128.5 5.08674E+03
129.0 4.80821E+03
129.5 4.53086E+03
130.0 4.25468E+03
130.5 3.97968E+03
131.0 3.70587E+03
131.5 3.43325E+03
132.0 3.16182E+03
132.5 2.89159E+03
133.0 2.62257E+03
133.5 2.35476E+03
134.0 2.08816E+03
134.5 1.82279E+03
135.0 1.55865E+03
135.5 1.29575E+03
136.0 1.03409E+03
136.5 7.73684E+02
137.0 5.14537E+02
137.5 2.56657E+02
138.0 2.13570E+01
