138K20D0W2
  0.5 0.00000E+00
  1.0 0.00000E+00
  1.5 0.00000E+00
  2.0 0.00000E+00
  2.5 0.00000E+00
  3.0 0.00000E+00
  3.5 3.10908E+04
  4.0 4.03194E+04
  4.5 5.00216E+04
  5.0 6.01939E+04
  5.5 7.08387E+04
  6.0 8.19637E+04
  6.5 9.35828E+04
  7.0 1.05719E+05
  7.5 1.18409E+05
  8.0 1.31704E+05
  8.5 2.02068E+06
  9.0 1.60395E+05
  9.5 1.78002E+06
 10.0 1.48316E+06
 10.5 7.48959E+04
 11.0 8.05988E+04
 11.5 2.05457E+05
 12.0 6.22699E+04
 12.5 5.81297E+04
 13.0 6.18100E+04
 13.5 6.55788E+04
 14.0 6.94402E+04
 14.5 7.33978E+04
 15.0 7.74547E+04
 15.5 8.16120E+04
 16.0 8.58681E+04
 16.5 9.02175E+04
 17.0 9.46501E+04
 17.5 9.91509E+04
 18.0 1.03700E+05
 18.5 1.08272E+05
 19.0 1.12840E+05
 19.5 1.17372E+05
 20.0 1.21837E+05
 20.5 1.26202E+05
 21.0 1.30436E+05
 21.5 1.34509E+05
 22.0 1.38394E+05
 22.5 1.42069E+05
 23.0 1.45512E+05
 23.5 1.48709E+05
 24.0 1.51647E+05
 24.5 1.54318E+05
 25.0 1.56716E+05
 25.5 1.58841E+05
 26.0 1.60694E+05
 26.5 1.62277E+05
 27.0 1.63599E+05
 27.5 1.64665E+05
 28.0 1.65486E+05
 28.5 1.66072E+05
 29.0 1.66434E+05
 29.5 1.66584E+05
 30.0 1.66535E+05
 30.5 1.66300E+05
 31.0 1.65890E+05
 31.5 1.65318E+05
 32.0 1.64597E+05
 32.5 1.63739E+05
 33.0 1.62754E+05
 33.5 1.61655E+05
 34.0 1.60452E+05
 34.5 1.59154E+05
 35.0 1.57772E+05
 35.5 1.56314E+05
 36.0 1.54790E+05
 36.5 1.53206E+05
 37.0 1.51571E+05
 37.5 1.49891E+05
 38.0 1.48173E+05
 38.5 1.46423E+05
 39.0 1.44646E+05
 39.5 1.42848E+05
 40.0 1.41032E+05
 40.5 1.39204E+05
 41.0 1.37368E+05
 41.5 1.35526E+05
 42.0 1.33683E+05
 42.5 1.31841E+05
 43.0 1.30003E+05
 43.5 1.28172E+05
 44.0 1.26349E+05
 44.5 1.24536E+05
 45.0 1.22737E+05
 45.5 1.20951E+05
 46.0 1.19180E+05
 46.5 1.17426E+05
 47.0 1.15690E+05
 47.5 1.13973E+05
 48.0 1.12275E+05
 48.5 1.10597E+05
 49.0 1.08940E+05
 49.5 1.07305E+05
 50.0 1.05691E+05
 50.5 1.04100E+05
 51.0 1.02531E+05
 51.5 1.00984E+05
 52.0 9.94607E+04
 52.5 9.79598E+04
 53.0 9.64818E+04
 53.5 9.50265E+04
 54.0 9.35941E+04
 54.5 9.21843E+04
 55.0 9.07971E+04
 55.5 8.94323E+04
 56.0 8.80897E+04
 56.5 8.67691E+04
 57.0 8.54704E+04
 57.5 8.41931E+04
 58.0 4.70853E+05
 58.5 8.17022E+04
 59.0 8.04879E+04
 59.5 7.61234E+05
 60.0 7.81203E+04
 60.5 7.69664E+04
 61.0 7.58319E+04
 61.5 7.47166E+04
 62.0 7.36200E+04
 62.5 7.25420E+04
 63.0 7.14821E+04
 63.5 7.04401E+04
 64.0 6.94155E+04
 64.5 6.84080E+04
 65.0 6.74174E+04
 65.5 6.64433E+04
 66.0 6.54853E+04
 66.5 6.45431E+04
 67.0 2.95067E+05
 67.5 6.27050E+04
 68.0 6.18083E+04
 68.5 6.09263E+04
 69.0 1.21308E+05
 69.5 5.72365E+04
 70.0 4.67494E+04
 70.5 4.63000E+04
 71.0 4.58517E+04
 71.5 4.54048E+04
 72.0 4.49593E+04
 72.5 4.45153E+04
 73.0 4.40728E+04
 73.5 4.36318E+04
 74.0 4.31924E+04
 74.5 4.27547E+04
 75.0 4.23187E+04
 75.5 4.18844E+04
 76.0 4.14518E+04
 76.5 4.10211E+04
 77.0 4.05922E+04
 77.5 4.01651E+04
 78.0 3.97398E+04
 78.5 3.93165E+04
 79.0 3.88950E+04
 79.5 3.84754E+04
 80.0 3.80577E+04
 80.5 3.76420E+04
 81.0 3.72281E+04
 81.5 3.68162E+04
 82.0 3.64062E+04
 82.5 3.59981E+04
 83.0 3.55919E+04
 83.5 3.51877E+04
 84.0 3.47853E+04
 84.5 3.43849E+04
 85.0 3.39863E+04
 85.5 3.35897E+04
 86.0 3.31949E+04
 86.5 3.28020E+04
 87.0 3.24109E+04
 87.5 3.20217E+04
 88.0 3.16343E+04
 88.5 3.12488E+04
 89.0 3.08650E+04
 89.5 3.04830E+04
 90.0 3.01028E+04
 90.5 2.97244E+04
 91.0 2.93477E+04
 91.5 2.89727E+04
 92.0 2.85995E+04
 92.5 2.82279E+04
 93.0 2.78581E+04
 93.5 2.74899E+04
 94.0 2.71233E+04
 94.5 2.67584E+04
 95.0 2.63951E+04
 95.5 2.60334E+04
 96.0 2.56733E+04
 96.5 2.53147E+04
 97.0 2.49577E+04
 97.5 2.46022E+04
 98.0 2.42483E+04
 98.5 2.38959E+04
 99.0 2.35449E+04
 99.5 2.31954E+04
100.0 2.28474E+04
100.5 2.25008E+04
101.0 2.21557E+04
101.5 2.18120E+04
102.0 2.14696E+04
102.5 2.11287E+04
103.0 2.07891E+04
103.5 2.04509E+04
104.0 2.01140E+04
104.5 1.97785E+04
105.0 1.94443E+04
105.5 1.91114E+04
106.0 1.87798E+04
106.5 1.84495E+04
107.0 1.81205E+04
107.5 1.77927E+04
108.0 1.74662E+04
108.5 1.71409E+04
109.0 1.68169E+04
109.5 1.64941E+04
110.0 1.61725E+04
110.5 1.58522E+04
111.0 1.55330E+04
111.5 1.52150E+04
112.0 1.48982E+04
112.5 1.45826E+04
113.0 1.42682E+04
113.5 1.39549E+04
114.0 1.36428E+04
114.5 1.33319E+04
115.0 1.30221E+04
115.5 1.27135E+04
116.0 1.24059E+04
116.5 1.20996E+04
117.0 1.17944E+04
117.5 1.14903E+04
118.0 1.11873E+04
118.5 1.08854E+04
119.0 1.05847E+04
119.5 1.02851E+04
120.0 9.98665E+03
120.5 9.68929E+03
121.0 9.39305E+03
121.5 9.09793E+03
122.0 8.80392E+03
122.5 8.51103E+03
123.0 8.21926E+03
123.5 7.92861E+03
124.0 7.63907E+03
124.5 7.35066E+03
125.0 7.06337E+03
125.5 6.77721E+03
126.0 6.49216E+03
126.5 6.20825E+03
127.0 5.92548E+03
127.5 5.64383E+03
128.0 5.36333E+03
128.5 5.08396E+03
129.0 4.80575E+03
129.5 4.52868E+03
130.0 4.25277E+03
130.5 3.97802E+03
131.0 3.70444E+03
131.5 3.43202E+03
132.0 3.16078E+03
132.5 2.89073E+03
133.0 2.62186E+03
133.5 2.35419E+03
134.0 2.08771E+03
134.5 1.82245E+03
135.0 1.55840E+03
135.5 1.29557E+03
136.0 1.03398E+03
136.5 7.73618E+02
137.0 5.14505E+02
137.5 2.56648E+02
138.0 2.13565E+01
