139K07D0W2
  0.5 0.00000E+00
  1.0 0.00000E+00
  1.5 0.00000E+00
  2.0 0.00000E+00
  2.5 0.00000E+00
  3.0 0.00000E+00
  3.5 7.16231E+03
  4.0 1.04108E+04
  4.5 1.38310E+04
  5.0 1.73787E+04
  5.5 2.10352E+04
  6.0 2.47915E+04
  6.5 2.86426E+04
  7.0 3.25852E+04
  7.5 3.66165E+04
  8.0 4.07347E+04
  8.5 5.90458E+04
  9.0 4.92252E+04
  9.5 1.03463E+05
 10.0 9.24896E+04
 10.5 2.31861E+04
 11.0 2.49937E+04
 11.5 2.56532E+04
 12.0 1.92861E+04
 12.5 1.80025E+04
 13.0 1.91835E+04
 13.5 2.03775E+04
 14.0 2.15845E+04
 14.5 2.28042E+04
 15.0 2.40364E+04
 15.5 2.52811E+04
 16.0 2.65381E+04
 16.5 2.78071E+04
 17.0 2.90882E+04
 17.5 3.03811E+04
 18.0 3.16858E+04
 18.5 3.30021E+04
 19.0 3.43301E+04
 19.5 3.56695E+04
 20.0 3.70204E+04
 20.5 3.83826E+04
 21.0 3.97561E+04
 21.5 4.11406E+04
 22.0 4.25358E+04
 22.5 4.39413E+04
 23.0 4.53565E+04
 23.5 4.67802E+04
 24.0 4.82114E+04
 24.5 4.96485E+04
 25.0 5.10894E+04
 25.5 5.25318E+04
 26.0 5.39731E+04
 26.5 5.54100E+04
 27.0 5.68392E+04
 27.5 5.82571E+04
 28.0 5.96596E+04
 28.5 6.10428E+04
 29.0 6.24025E+04
 29.5 6.37345E+04
 30.0 6.50348E+04
 30.5 6.62994E+04
 31.0 6.75245E+04
 31.5 6.87066E+04
 32.0 6.98423E+04
 32.5 7.09288E+04
 33.0 7.19634E+04
 33.5 7.29439E+04
 34.0 7.38683E+04
 34.5 7.47351E+04
 35.0 7.55431E+04
 35.5 7.62914E+04
 36.0 7.69796E+04
 36.5 7.76075E+04
 37.0 7.81752E+04
 37.5 7.86832E+04
 38.0 7.91321E+04
 38.5 7.95226E+04
 39.0 7.98561E+04
 39.5 8.01335E+04
 40.0 8.03565E+04
 40.5 8.05266E+04
 41.0 8.06453E+04
 41.5 8.07145E+04
 42.0 8.07360E+04
 42.5 8.07116E+04
 43.0 8.06433E+04
 43.5 8.05330E+04
 44.0 8.03827E+04
 44.5 8.01942E+04
 45.0 7.99696E+04
 45.5 7.97108E+04
 46.0 7.94196E+04
 46.5 7.90978E+04
 47.0 7.87475E+04
 47.5 7.83701E+04
 48.0 7.79676E+04
 48.5 7.75415E+04
 49.0 7.70934E+04
 49.5 7.66250E+04
 50.0 7.61377E+04
 50.5 7.56329E+04
 51.0 7.51120E+04
 51.5 7.45763E+04
 52.0 7.40271E+04
 52.5 7.34656E+04
 53.0 7.28929E+04
 53.5 7.23101E+04
 54.0 7.17182E+04
 54.5 7.11181E+04
 55.0 7.05109E+04
 55.5 6.98974E+04
 56.0 6.92784E+04
 56.5 6.86546E+04
 57.0 6.80268E+04
 57.5 6.73957E+04
 58.0 3.24419E+05
 58.5 6.61261E+04
 59.0 6.54887E+04
 59.5 5.29302E+05
 60.0 6.42116E+04
 60.5 6.35727E+04
 61.0 6.29342E+04
 61.5 6.22965E+04
 62.0 6.16599E+04
 62.5 6.10248E+04
 63.0 6.03915E+04
 63.5 5.97604E+04
 64.0 5.91316E+04
 64.5 5.85054E+04
 65.0 5.78820E+04
 65.5 5.72616E+04
 66.0 5.66445E+04
 66.5 5.60307E+04
 67.0 2.31808E+05
 67.5 5.48139E+04
 68.0 5.42112E+04
 68.5 5.36123E+04
 69.0 1.00741E+05
 69.5 4.84879E+04
 70.0 2.84931E+04
 70.5 2.84761E+04
 71.0 2.84541E+04
 71.5 2.84271E+04
 72.0 2.83953E+04
 72.5 2.83585E+04
 73.0 2.83168E+04
 73.5 2.82702E+04
 74.0 2.82188E+04
 74.5 2.81626E+04
 75.0 2.81016E+04
 75.5 2.80358E+04
 76.0 2.79653E+04
 76.5 2.78901E+04
 77.0 2.78103E+04
 77.5 2.77259E+04
 78.0 2.76369E+04
 78.5 2.75435E+04
 79.0 2.74456E+04
 79.5 2.73433E+04
 80.0 2.72367E+04
 80.5 2.71258E+04
 81.0 2.70106E+04
 81.5 2.68914E+04
 82.0 2.67680E+04
 82.5 2.66406E+04
 83.0 2.65091E+04
 83.5 2.63738E+04
 84.0 2.62346E+04
 84.5 2.60917E+04
 85.0 2.59450E+04
 85.5 2.57946E+04
 86.0 2.56407E+04
 86.5 2.54832E+04
 87.0 2.53223E+04
 87.5 2.51580E+04
 88.0 2.49903E+04
 88.5 2.48194E+04
 89.0 2.46452E+04
 89.5 2.44680E+04
 90.0 2.42876E+04
 90.5 2.41043E+04
 91.0 2.39180E+04
 91.5 2.37288E+04
 92.0 2.35369E+04
 92.5 2.33422E+04
 93.0 2.31448E+04
 93.5 2.29447E+04
 94.0 2.27421E+04
 94.5 2.25370E+04
 95.0 2.23295E+04
 95.5 2.21196E+04
 96.0 2.19074E+04
 96.5 2.16929E+04
 97.0 2.14762E+04
 97.5 2.12573E+04
 98.0 2.10364E+04
 98.5 2.08135E+04
 99.0 2.05885E+04
 99.5 2.03617E+04
100.0 2.01329E+04
100.5 1.99024E+04
101.0 1.96701E+04
101.5 1.94361E+04
102.0 1.92005E+04
102.5 1.89632E+04
103.0 1.87244E+04
103.5 1.84841E+04
104.0 1.82423E+04
104.5 1.79991E+04
105.0 1.77546E+04
105.5 1.75087E+04
106.0 1.72616E+04
106.5 1.70132E+04
107.0 1.67637E+04
107.5 1.65130E+04
108.0 1.62613E+04
108.5 1.60085E+04
109.0 1.57547E+04
109.5 1.54999E+04
110.0 1.52442E+04
110.5 1.49876E+04
111.0 1.47302E+04
111.5 1.44720E+04
112.0 1.42130E+04
112.5 1.39533E+04
113.0 1.36929E+04
113.5 1.34319E+04
114.0 1.31702E+04
114.5 1.29080E+04
115.0 1.26452E+04
115.5 1.23820E+04
116.0 1.21182E+04
116.5 1.18540E+04
117.0 1.15895E+04
117.5 1.13245E+04
118.0 1.10592E+04
118.5 1.07936E+04
119.0 1.05278E+04
119.5 1.02617E+04
120.0 9.99534E+03
120.5 9.72886E+03
121.0 9.46223E+03
121.5 9.19548E+03
122.0 8.92864E+03
122.5 8.66175E+03
123.0 8.39483E+03
123.5 8.12792E+03
124.0 7.86103E+03
124.5 7.59421E+03
125.0 7.32747E+03
125.5 7.06084E+03
126.0 6.79436E+03
126.5 6.52804E+03
127.0 6.26193E+03
127.5 5.99603E+03
128.0 5.73039E+03
128.5 5.46502E+03
129.0 5.19995E+03
129.5 4.93521E+03
130.0 4.67082E+03
130.5 4.40681E+03
131.0 4.14321E+03
131.5 3.88003E+03
132.0 3.61730E+03
132.5 3.35505E+03
133.0 3.09331E+03
133.5 2.83208E+03
134.0 2.57141E+03
134.5 2.31131E+03
135.0 2.05180E+03
135.5 1.79292E+03
136.0 1.53468E+03
136.5 1.27711E+03
137.0 1.02022E+03
137.5 7.64049E+02
138.0 5.08612E+02
138.5 2.53932E+02
139.0 2.11418E+01
