139K09D0W2
  0.5 0.00000E+00
  1.0 0.00000E+00
  1.5 0.00000E+00
  2.0 0.00000E+00
  2.5 0.00000E+00
  3.0 0.00000E+00
  3.5 1.05254E+04
  4.0 1.46870E+04
  4.5 1.90397E+04
  5.0 2.35527E+04
  5.5 2.82131E+04
  6.0 3.30145E+04
  6.5 3.79530E+04
  7.0 4.30259E+04
  7.5 4.82311E+04
  8.0 5.35677E+04
  8.5 1.32735E+05
  9.0 6.46351E+04
  9.5 2.31797E+05
 10.0 1.99983E+05
 10.5 3.05607E+04
 11.0 3.28950E+04
 11.5 3.60542E+04
 12.0 2.54267E+04
 12.5 2.37399E+04
 13.0 2.52621E+04
 13.5 2.68042E+04
 14.0 2.83661E+04
 14.5 2.99477E+04
 15.0 3.15491E+04
 15.5 3.31700E+04
 16.0 3.48106E+04
 16.5 3.64709E+04
 17.0 3.81509E+04
 17.5 3.98508E+04
 18.0 4.15707E+04
 18.5 4.33107E+04
 19.0 4.50710E+04
 19.5 4.68515E+04
 20.0 4.86522E+04
 20.5 5.04726E+04
 21.0 5.23120E+04
 21.5 5.41691E+04
 22.0 5.60421E+04
 22.5 5.79286E+04
 23.0 5.98252E+04
 23.5 6.17281E+04
 24.0 6.36328E+04
 24.5 6.55339E+04
 25.0 6.74256E+04
 25.5 6.93014E+04
 26.0 7.11549E+04
 26.5 7.29792E+04
 27.0 7.47673E+04
 27.5 7.65125E+04
 28.0 7.82082E+04
 28.5 7.98481E+04
 29.0 8.14265E+04
 29.5 8.29380E+04
 30.0 8.43778E+04
 30.5 8.57419E+04
 31.0 8.70267E+04
 31.5 8.82295E+04
 32.0 8.93480E+04
 32.5 9.03807E+04
 33.0 9.13265E+04
 33.5 9.21853E+04
 34.0 9.29569E+04
 34.5 9.36422E+04
 35.0 9.42421E+04
 35.5 9.47580E+04
 36.0 9.51919E+04
 36.5 9.55456E+04
 37.0 9.58216E+04
 37.5 9.60225E+04
 38.0 9.61510E+04
 38.5 9.62098E+04
 39.0 9.62020E+04
 39.5 9.61306E+04
 40.0 9.59986E+04
 40.5 9.58091E+04
 41.0 9.55652E+04
 41.5 9.52700E+04
 42.0 9.49264E+04
 42.5 9.45375E+04
 43.0 9.41061E+04
 43.5 9.36350E+04
 44.0 9.31269E+04
 44.5 9.25846E+04
 45.0 9.20106E+04
 45.5 9.14073E+04
 46.0 9.07770E+04
 46.5 9.01220E+04
 47.0 8.94446E+04
 47.5 8.87466E+04
 48.0 8.80301E+04
 48.5 8.72970E+04
 49.0 8.65488E+04
 49.5 8.57874E+04
 50.0 8.50143E+04
 50.5 8.42309E+04
 51.0 8.34386E+04
 51.5 8.26388E+04
 52.0 8.18326E+04
 52.5 8.10212E+04
 53.0 8.02056E+04
 53.5 7.93869E+04
 54.0 7.85660E+04
 54.5 7.77437E+04
 55.0 7.69208E+04
 55.5 7.60981E+04
 56.0 7.52763E+04
 56.5 7.44560E+04
 57.0 7.36378E+04
 57.5 7.28223E+04
 58.0 3.70118E+05
 58.5 7.12010E+04
 59.0 7.03962E+04
 59.5 6.02447E+05
 60.0 6.87999E+04
 60.5 6.80092E+04
 61.0 6.72238E+04
 61.5 6.64439E+04
 62.0 6.56699E+04
 62.5 6.49018E+04
 63.0 6.41399E+04
 63.5 6.33843E+04
 64.0 6.26352E+04
 64.5 6.18926E+04
 65.0 6.11568E+04
 65.5 6.04276E+04
 66.0 5.97053E+04
 66.5 5.89898E+04
 67.0 2.53129E+05
 67.5 5.75796E+04
 68.0 5.68850E+04
 68.5 5.61973E+04
 69.0 1.07843E+05
 69.5 5.13415E+04
 70.0 3.34505E+04
 70.5 3.33448E+04
 71.0 3.32343E+04
 71.5 3.31189E+04
 72.0 3.29987E+04
 72.5 3.28739E+04
 73.0 3.27445E+04
 73.5 3.26106E+04
 74.0 3.24723E+04
 74.5 3.23296E+04
 75.0 3.21827E+04
 75.5 3.20316E+04
 76.0 3.18765E+04
 76.5 3.17173E+04
 77.0 3.15543E+04
 77.5 3.13875E+04
 78.0 3.12169E+04
 78.5 3.10426E+04
 79.0 3.08648E+04
 79.5 3.06835E+04
 80.0 3.04989E+04
 80.5 3.03109E+04
 81.0 3.01196E+04
 81.5 2.99252E+04
 82.0 2.97278E+04
 82.5 2.95273E+04
 83.0 2.93239E+04
 83.5 2.91176E+04
 84.0 2.89086E+04
 84.5 2.86969E+04
 85.0 2.84826E+04
 85.5 2.82657E+04
 86.0 2.80463E+04
 86.5 2.78245E+04
 87.0 2.76003E+04
 87.5 2.73739E+04
 88.0 2.71453E+04
 88.5 2.69145E+04
 89.0 2.66816E+04
 89.5 2.64468E+04
 90.0 2.62099E+04
 90.5 2.59711E+04
 91.0 2.57305E+04
 91.5 2.54882E+04
 92.0 2.52441E+04
 92.5 2.49983E+04
 93.0 2.47509E+04
 93.5 2.45019E+04
 94.0 2.42515E+04
 94.5 2.39996E+04
 95.0 2.37462E+04
 95.5 2.34915E+04
 96.0 2.32355E+04
 96.5 2.29783E+04
 97.0 2.27198E+04
 97.5 2.24601E+04
 98.0 2.21993E+04
 98.5 2.19375E+04
 99.0 2.16746E+04
 99.5 2.14107E+04
100.0 2.11458E+04
100.5 2.08800E+04
101.0 2.06134E+04
101.5 2.03459E+04
102.0 2.00776E+04
102.5 1.98086E+04
103.0 1.95388E+04
103.5 1.92683E+04
104.0 1.89972E+04
104.5 1.87255E+04
105.0 1.84532E+04
105.5 1.81803E+04
106.0 1.79069E+04
106.5 1.76330E+04
107.0 1.73587E+04
107.5 1.70839E+04
108.0 1.68088E+04
108.5 1.65332E+04
109.0 1.62574E+04
109.5 1.59812E+04
110.0 1.57048E+04
110.5 1.54281E+04
111.0 1.51512E+04
111.5 1.48740E+04
112.0 1.45968E+04
112.5 1.43193E+04
113.0 1.40418E+04
113.5 1.37642E+04
114.0 1.34865E+04
114.5 1.32087E+04
115.0 1.29310E+04
115.5 1.26532E+04
116.0 1.23755E+04
116.5 1.20979E+04
117.0 1.18203E+04
117.5 1.15428E+04
118.0 1.12654E+04
118.5 1.09882E+04
119.0 1.07112E+04
119.5 1.04343E+04
120.0 1.01577E+04
120.5 9.88128E+03
121.0 9.60513E+03
121.5 9.32925E+03
122.0 9.05367E+03
122.5 8.77840E+03
123.0 8.50347E+03
123.5 8.22890E+03
124.0 7.95471E+03
124.5 7.68092E+03
125.0 7.40754E+03
125.5 7.13460E+03
126.0 6.86212E+03
126.5 6.59012E+03
127.0 6.31861E+03
127.5 6.04762E+03
128.0 5.77716E+03
128.5 5.50726E+03
129.0 5.23793E+03
129.5 4.96919E+03
130.0 4.70106E+03
130.5 4.43356E+03
131.0 4.16671E+03
131.5 3.90052E+03
132.0 3.63502E+03
132.5 3.37022E+03
133.0 3.10614E+03
133.5 2.84280E+03
134.0 2.58022E+03
134.5 2.31841E+03
135.0 2.05740E+03
135.5 1.79720E+03
136.0 1.53783E+03
136.5 1.27931E+03
137.0 1.02165E+03
137.5 7.64877E+02
138.0 5.09006E+02
138.5 2.54054E+02
139.0 2.11482E+01
