139K17D0W2
  0.5 0.00000E+00
  1.0 0.00000E+00
  1.5 0.00000E+00
  2.0 0.00000E+00
  2.5 0.00000E+00
  3.0 0.00000E+00
  3.5 2.50536E+04
  4.0 3.28249E+04
  4.5 4.09718E+04
  5.0 4.94856E+04
  5.5 5.83640E+04
  6.0 6.76083E+04
  6.5 7.72232E+04
  7.0 8.72180E+04
  7.5 9.76080E+04
  8.0 1.08417E+05
  8.5 1.27038E+06
  9.0 1.31445E+05
  9.5 1.28136E+06
 10.0 1.07006E+06
 10.5 6.18159E+04
 11.0 6.64839E+04
 11.5 1.37238E+05
 12.0 5.14213E+04
 12.5 4.80126E+04
 13.0 5.10359E+04
 13.5 5.41218E+04
 14.0 5.72724E+04
 14.5 6.04899E+04
 15.0 6.37768E+04
 15.5 6.71354E+04
 16.0 7.05673E+04
 16.5 7.40729E+04
 17.0 7.76508E+04
 17.5 8.12972E+04
 18.0 8.50050E+04
 18.5 8.87641E+04
 19.0 9.25609E+04
 19.5 9.63786E+04
 20.0 1.00198E+05
 20.5 1.03997E+05
 21.0 1.07753E+05
 21.5 1.11443E+05
 22.0 1.15043E+05
 22.5 1.18531E+05
 23.0 1.21886E+05
 23.5 1.25088E+05
 24.0 1.28121E+05
 24.5 1.30970E+05
 25.0 1.33625E+05
 25.5 1.36075E+05
 26.0 1.38315E+05
 26.5 1.40341E+05
 27.0 1.42151E+05
 27.5 1.43746E+05
 28.0 1.45127E+05
 28.5 1.46299E+05
 29.0 1.47268E+05
 29.5 1.48038E+05
 30.0 1.48618E+05
 30.5 1.49016E+05
 31.0 1.49241E+05
 31.5 1.49301E+05
 32.0 1.49206E+05
 32.5 1.48964E+05
 33.0 1.48587E+05
 33.5 1.48082E+05
 34.0 1.47459E+05
 34.5 1.46727E+05
 35.0 1.45894E+05
 35.5 1.44969E+05
 36.0 1.43960E+05
 36.5 1.42875E+05
 37.0 1.41720E+05
 37.5 1.40503E+05
 38.0 1.39230E+05
 38.5 1.37908E+05
 39.0 1.36542E+05
 39.5 1.35137E+05
 40.0 1.33700E+05
 40.5 1.32233E+05
 41.0 1.30742E+05
 41.5 1.29231E+05
 42.0 1.27704E+05
 42.5 1.26164E+05
 43.0 1.24614E+05
 43.5 1.23058E+05
 44.0 1.21497E+05
 44.5 1.19935E+05
 45.0 1.18374E+05
 45.5 1.16815E+05
 46.0 1.15261E+05
 46.5 1.13714E+05
 47.0 1.12174E+05
 47.5 1.10644E+05
 48.0 1.09125E+05
 48.5 1.07617E+05
 49.0 1.06122E+05
 49.5 1.04641E+05
 50.0 1.03174E+05
 50.5 1.01722E+05
 51.0 1.00286E+05
 51.5 9.88663E+04
 52.0 9.74630E+04
 52.5 9.60769E+04
 53.0 9.47081E+04
 53.5 9.33569E+04
 54.0 9.20234E+04
 54.5 9.07079E+04
 55.0 8.94105E+04
 55.5 8.81312E+04
 56.0 8.68700E+04
 56.5 8.56269E+04
 57.0 8.44020E+04
 57.5 8.31950E+04
 58.0 4.61887E+05
 58.5 8.08349E+04
 59.0 7.96814E+04
 59.5 7.48098E+05
 60.0 7.74269E+04
 60.5 7.63256E+04
 61.0 7.52412E+04
 61.5 7.41737E+04
 62.0 7.31227E+04
 62.5 7.20881E+04
 63.0 7.10696E+04
 63.5 7.00670E+04
 64.0 6.90800E+04
 64.5 6.81085E+04
 65.0 6.71521E+04
 65.5 6.62107E+04
 66.0 6.52838E+04
 66.5 6.43714E+04
 67.0 2.93380E+05
 67.5 6.25887E+04
 68.0 6.17179E+04
 68.5 6.08605E+04
 69.0 1.20997E+05
 69.5 5.68803E+04
 70.0 4.47576E+04
 70.5 4.43788E+04
 71.0 4.39995E+04
 71.5 4.36197E+04
 72.0 4.32396E+04
 72.5 4.28593E+04
 73.0 4.24788E+04
 73.5 4.20983E+04
 74.0 4.17178E+04
 74.5 4.13374E+04
 75.0 4.09572E+04
 75.5 4.05773E+04
 76.0 4.01976E+04
 76.5 3.98184E+04
 77.0 3.94396E+04
 77.5 3.90613E+04
 78.0 3.86836E+04
 78.5 3.83065E+04
 79.0 3.79300E+04
 79.5 3.75541E+04
 80.0 3.71791E+04
 80.5 3.68047E+04
 81.0 3.64312E+04
 81.5 3.60585E+04
 82.0 3.56866E+04
 82.5 3.53156E+04
 83.0 3.49456E+04
 83.5 3.45764E+04
 84.0 3.42082E+04
 84.5 3.38410E+04
 85.0 3.34747E+04
 85.5 3.31095E+04
 86.0 3.27452E+04
 86.5 3.23820E+04
 87.0 3.20198E+04
 87.5 3.16587E+04
 88.0 3.12986E+04
 88.5 3.09396E+04
 89.0 3.05816E+04
 89.5 3.02247E+04
 90.0 2.98690E+04
 90.5 2.95142E+04
 91.0 2.91606E+04
 91.5 2.88080E+04
 92.0 2.84566E+04
 92.5 2.81062E+04
 93.0 2.77569E+04
 93.5 2.74087E+04
 94.0 2.70616E+04
 94.5 2.67156E+04
 95.0 2.63707E+04
 95.5 2.60268E+04
 96.0 2.56841E+04
 96.5 2.53424E+04
 97.0 2.50018E+04
 97.5 2.46623E+04
 98.0 2.43238E+04
 98.5 2.39864E+04
 99.0 2.36500E+04
 99.5 2.33147E+04
100.0 2.29805E+04
100.5 2.26473E+04
101.0 2.23152E+04
101.5 2.19841E+04
102.0 2.16541E+04
102.5 2.13250E+04
103.0 2.09971E+04
103.5 2.06701E+04
104.0 2.03441E+04
104.5 2.00192E+04
105.0 1.96953E+04
105.5 1.93724E+04
106.0 1.90505E+04
106.5 1.87296E+04
107.0 1.84097E+04
107.5 1.80908E+04
108.0 1.77729E+04
108.5 1.74560E+04
109.0 1.71400E+04
109.5 1.68251E+04
110.0 1.65111E+04
110.5 1.61981E+04
111.0 1.58861E+04
111.5 1.55750E+04
112.0 1.52649E+04
112.5 1.49558E+04
113.0 1.46477E+04
113.5 1.43405E+04
114.0 1.40343E+04
114.5 1.37291E+04
115.0 1.34248E+04
115.5 1.31215E+04
116.0 1.28192E+04
116.5 1.25178E+04
117.0 1.22174E+04
117.5 1.19179E+04
118.0 1.16195E+04
118.5 1.13220E+04
119.0 1.10254E+04
119.5 1.07298E+04
120.0 1.04352E+04
120.5 1.01416E+04
121.0 9.84895E+03
121.5 9.55728E+03
122.0 9.26658E+03
122.5 8.97687E+03
123.0 8.68815E+03
123.5 8.40041E+03
124.0 8.11367E+03
124.5 7.82793E+03
125.0 7.54319E+03
125.5 7.25946E+03
126.0 6.97673E+03
126.5 6.69502E+03
127.0 6.41433E+03
127.5 6.13466E+03
128.0 5.85602E+03
128.5 5.57842E+03
129.0 5.30186E+03
129.5 5.02635E+03
130.0 4.75189E+03
130.5 4.47849E+03
131.0 4.20616E+03
131.5 3.93490E+03
132.0 3.66472E+03
132.5 3.39563E+03
133.0 3.12763E+03
133.5 2.86074E+03
134.0 2.59495E+03
134.5 2.33029E+03
135.0 2.06675E+03
135.5 1.80434E+03
136.0 1.54308E+03
136.5 1.28298E+03
137.0 1.02403E+03
137.5 7.66257E+02
138.0 5.09662E+02
138.5 2.54256E+02
139.0 2.11588E+01
