139K19D0W2
  0.5 0.00000E+00
  1.0 0.00000E+00
  1.5 0.00000E+00
  2.0 0.00000E+00
  2.5 0.00000E+00
  3.0 0.00000E+00
  3.5 2.89272E+04
  4.0 3.76335E+04
  4.5 4.67776E+04
  5.0 5.63541E+04
  5.5 6.63636E+04
  6.0 7.68110E+04
  6.5 8.77064E+04
  7.0 9.90667E+04
  7.5 1.10919E+05
  8.0 1.23304E+05
  8.5 1.73866E+06
  9.0 1.49906E+05
  9.5 1.60359E+06
 10.0 1.33696E+06
 10.5 7.02103E+04
 11.0 7.55390E+04
 11.5 1.79399E+05
 12.0 5.83931E+04
 12.5 5.45177E+04
 13.0 5.79623E+04
 13.5 6.14857E+04
 14.0 6.50911E+04
 14.5 6.87819E+04
 15.0 7.25613E+04
 15.5 7.64312E+04
 16.0 8.03922E+04
 16.5 8.44417E+04
 17.0 8.85738E+04
 17.5 9.27785E+04
 18.0 9.70412E+04
 18.5 1.01343E+05
 19.0 1.05662E+05
 19.5 1.09972E+05
 20.0 1.14245E+05
 20.5 1.18453E+05
 21.0 1.22566E+05
 21.5 1.26556E+05
 22.0 1.30397E+05
 22.5 1.34064E+05
 23.0 1.37537E+05
 23.5 1.40797E+05
 24.0 1.43830E+05
 24.5 1.46625E+05
 25.0 1.49173E+05
 25.5 1.51470E+05
 26.0 1.53514E+05
 26.5 1.55306E+05
 27.0 1.56849E+05
 27.5 1.58147E+05
 28.0 1.59208E+05
 28.5 1.60039E+05
 29.0 1.60651E+05
 29.5 1.61052E+05
 30.0 1.61254E+05
 30.5 1.61267E+05
 31.0 1.61103E+05
 31.5 1.60774E+05
 32.0 1.60290E+05
 32.5 1.59663E+05
 33.0 1.58904E+05
 33.5 1.58024E+05
 34.0 1.57032E+05
 34.5 1.55938E+05
 35.0 1.54753E+05
 35.5 1.53485E+05
 36.0 1.52142E+05
 36.5 1.50732E+05
 37.0 1.49264E+05
 37.5 1.47743E+05
 38.0 1.46177E+05
 38.5 1.44571E+05
 39.0 1.42932E+05
 39.5 1.41265E+05
 40.0 1.39574E+05
 40.5 1.37865E+05
 41.0 1.36141E+05
 41.5 1.34406E+05
 42.0 1.32663E+05
 42.5 1.30917E+05
 43.0 1.29169E+05
 43.5 1.27423E+05
 44.0 1.25681E+05
 44.5 1.23945E+05
 45.0 1.22217E+05
 45.5 1.20499E+05
 46.0 1.18793E+05
 46.5 1.17100E+05
 47.0 1.15421E+05
 47.5 1.13757E+05
 48.0 1.12110E+05
 48.5 1.10480E+05
 49.0 1.08868E+05
 49.5 1.07275E+05
 50.0 1.05701E+05
 50.5 1.04146E+05
 51.0 1.02612E+05
 51.5 1.01099E+05
 52.0 9.96059E+04
 52.5 9.81340E+04
 53.0 9.66830E+04
 53.5 9.52533E+04
 54.0 9.38446E+04
 54.5 9.24571E+04
 55.0 9.10908E+04
 55.5 8.97455E+04
 56.0 8.84211E+04
 56.5 8.71175E+04
 57.0 8.58346E+04
 57.5 8.45722E+04
 58.0 4.74470E+05
 58.5 8.21078E+04
 59.0 8.09055E+04
 59.5 7.67955E+05
 60.0 7.85593E+04
 60.5 7.74149E+04
 61.0 7.62893E+04
 61.5 7.51821E+04
 62.0 7.40932E+04
 62.5 7.30221E+04
 63.0 7.19686E+04
 63.5 7.09324E+04
 64.0 6.99133E+04
 64.5 6.89108E+04
 65.0 6.79247E+04
 65.5 6.69547E+04
 66.0 6.60005E+04
 66.5 6.50617E+04
 67.0 2.98674E+05
 67.5 6.32293E+04
 68.0 6.23352E+04
 68.5 6.14553E+04
 69.0 1.22705E+05
 69.5 5.76290E+04
 70.0 4.64526E+04
 70.5 4.60255E+04
 71.0 4.55991E+04
 71.5 4.51735E+04
 72.0 4.47486E+04
 72.5 4.43246E+04
 73.0 4.39015E+04
 73.5 4.34795E+04
 74.0 4.30586E+04
 74.5 4.26388E+04
 75.0 4.22202E+04
 75.5 4.18028E+04
 76.0 4.13868E+04
 76.5 4.09720E+04
 77.0 4.05587E+04
 77.5 4.01467E+04
 78.0 3.97362E+04
 78.5 3.93271E+04
 79.0 3.89195E+04
 79.5 3.85135E+04
 80.0 3.81090E+04
 80.5 3.77060E+04
 81.0 3.73046E+04
 81.5 3.69047E+04
 82.0 3.65065E+04
 82.5 3.61099E+04
 83.0 3.57148E+04
 83.5 3.53214E+04
 84.0 3.49296E+04
 84.5 3.45394E+04
 85.0 3.41508E+04
 85.5 3.37638E+04
 86.0 3.33785E+04
 86.5 3.29947E+04
 87.0 3.26126E+04
 87.5 3.22321E+04
 88.0 3.18532E+04
 88.5 3.14758E+04
 89.0 3.11001E+04
 89.5 3.07259E+04
 90.0 3.03533E+04
 90.5 2.99823E+04
 91.0 2.96128E+04
 91.5 2.92449E+04
 92.0 2.88785E+04
 92.5 2.85136E+04
 93.0 2.81503E+04
 93.5 2.77884E+04
 94.0 2.74280E+04
 94.5 2.70691E+04
 95.0 2.67117E+04
 95.5 2.63557E+04
 96.0 2.60011E+04
 96.5 2.56480E+04
 97.0 2.52963E+04
 97.5 2.49460E+04
 98.0 2.45971E+04
 98.5 2.42496E+04
 99.0 2.39035E+04
 99.5 2.35587E+04
100.0 2.32152E+04
100.5 2.28731E+04
101.0 2.25323E+04
101.5 2.21928E+04
102.0 2.18546E+04
102.5 2.15177E+04
103.0 2.11821E+04
103.5 2.08477E+04
104.0 2.05146E+04
104.5 2.01828E+04
105.0 1.98522E+04
105.5 1.95228E+04
106.0 1.91946E+04
106.5 1.88676E+04
107.0 1.85418E+04
107.5 1.82172E+04
108.0 1.78938E+04
108.5 1.75716E+04
109.0 1.72505E+04
109.5 1.69306E+04
110.0 1.66118E+04
110.5 1.62942E+04
111.0 1.59777E+04
111.5 1.56623E+04
112.0 1.53481E+04
112.5 1.50350E+04
113.0 1.47230E+04
113.5 1.44121E+04
114.0 1.41023E+04
114.5 1.37936E+04
115.0 1.34860E+04
115.5 1.31794E+04
116.0 1.28740E+04
116.5 1.25697E+04
117.0 1.22664E+04
117.5 1.19642E+04
118.0 1.16631E+04
118.5 1.13630E+04
119.0 1.10641E+04
119.5 1.07662E+04
120.0 1.04693E+04
120.5 1.01736E+04
121.0 9.87887E+03
121.5 9.58524E+03
122.0 9.29267E+03
122.5 9.00118E+03
123.0 8.71075E+03
123.5 8.42139E+03
124.0 8.13311E+03
124.5 7.84589E+03
125.0 7.55975E+03
125.5 7.27469E+03
126.0 6.99071E+03
126.5 6.70781E+03
127.0 6.42599E+03
127.5 6.14526E+03
128.0 5.86562E+03
128.5 5.58708E+03
129.0 5.30963E+03
129.5 5.03329E+03
130.0 4.75806E+03
130.5 4.48394E+03
131.0 4.21094E+03
131.5 3.93907E+03
132.0 3.66832E+03
132.5 3.39871E+03
133.0 3.13023E+03
133.5 2.86291E+03
134.0 2.59673E+03
134.5 2.33172E+03
135.0 2.06788E+03
135.5 1.80521E+03
136.0 1.54372E+03
136.5 1.28342E+03
137.0 1.02432E+03
137.5 7.66423E+02
138.0 5.09741E+02
138.5 2.54281E+02
139.0 2.11601E+01
