139K14D0W2
  0.5 0.00000E+00
  1.0 0.00000E+00
  1.5 0.00000E+00
  2.0 0.00000E+00
  2.5 0.00000E+00
  3.0 0.00000E+00
  3.5 1.94292E+04
  4.0 2.58318E+04
  4.5 3.25273E+04
  5.0 3.95012E+04
  5.5 4.67480E+04
  6.0 5.42652E+04
  6.5 6.20526E+04
  7.0 7.01122E+04
  7.5 7.84489E+04
  8.0 8.70713E+04
  8.5 6.85847E+05
  9.0 1.05234E+05
  9.5 8.22415E+05
 10.0 6.90000E+05
 10.5 4.97087E+04
 11.0 5.34509E+04
 11.5 8.61405E+04
 12.0 4.13582E+04
 12.5 3.86193E+04
 13.0 4.10493E+04
 13.5 4.35224E+04
 14.0 4.60395E+04
 14.5 4.86013E+04
 15.0 5.12089E+04
 15.5 5.38636E+04
 16.0 5.65668E+04
 16.5 5.93195E+04
 17.0 6.21225E+04
 17.5 6.49763E+04
 18.0 6.78800E+04
 18.5 7.08312E+04
 19.0 7.38262E+04
 19.5 7.68590E+04
 20.0 7.99215E+04
 20.5 8.30036E+04
 21.0 8.60932E+04
 21.5 8.91766E+04
 22.0 9.22388E+04
 22.5 9.52639E+04
 23.0 9.82357E+04
 23.5 1.01138E+05
 24.0 1.03956E+05
 24.5 1.06673E+05
 25.0 1.09277E+05
 25.5 1.11756E+05
 26.0 1.14099E+05
 26.5 1.16297E+05
 27.0 1.18343E+05
 27.5 1.20231E+05
 28.0 1.21958E+05
 28.5 1.23522E+05
 29.0 1.24922E+05
 29.5 1.26159E+05
 30.0 1.27234E+05
 30.5 1.28150E+05
 31.0 1.28912E+05
 31.5 1.29523E+05
 32.0 1.29989E+05
 32.5 1.30316E+05
 33.0 1.30509E+05
 33.5 1.30575E+05
 34.0 1.30521E+05
 34.5 1.30353E+05
 35.0 1.30077E+05
 35.5 1.29702E+05
 36.0 1.29232E+05
 36.5 1.28675E+05
 37.0 1.28037E+05
 37.5 1.27324E+05
 38.0 1.26543E+05
 38.5 1.25697E+05
 39.0 1.24795E+05
 39.5 1.23839E+05
 40.0 1.22836E+05
 40.5 1.21790E+05
 41.0 1.20705E+05
 41.5 1.19586E+05
 42.0 1.18437E+05
 42.5 1.17261E+05
 43.0 1.16062E+05
 43.5 1.14844E+05
 44.0 1.13608E+05
 44.5 1.12358E+05
 45.0 1.11097E+05
 45.5 1.09827E+05
 46.0 1.08550E+05
 46.5 1.07269E+05
 47.0 1.05985E+05
 47.5 1.04700E+05
 48.0 1.03416E+05
 48.5 1.02133E+05
 49.0 1.00855E+05
 49.5 9.95811E+04
 50.0 9.83131E+04
 50.5 9.70522E+04
 51.0 9.57991E+04
 51.5 9.45547E+04
 52.0 9.33197E+04
 52.5 9.20948E+04
 53.0 9.08807E+04
 53.5 8.96778E+04
 54.0 8.84866E+04
 54.5 8.73075E+04
 55.0 8.61408E+04
 55.5 8.49869E+04
 56.0 8.38459E+04
 56.5 8.27183E+04
 57.0 8.16040E+04
 57.5 8.05033E+04
 58.0 4.37553E+05
 58.5 7.83428E+04
 59.0 7.72831E+04
 59.5 7.09622E+05
 60.0 7.52051E+04
 60.5 7.41868E+04
 61.0 7.31820E+04
 61.5 7.21910E+04
 62.0 7.12135E+04
 62.5 7.02495E+04
 63.0 6.92988E+04
 63.5 6.83613E+04
 64.0 6.74369E+04
 64.5 6.65255E+04
 65.0 6.56270E+04
 65.5 6.47410E+04
 66.0 6.38677E+04
 66.5 6.30066E+04
 67.0 2.82998E+05
 67.5 6.13208E+04
 68.0 6.04957E+04
 68.5 5.96822E+04
 69.0 1.17633E+05
 69.5 5.54275E+04
 70.0 4.15797E+04
 70.5 4.12865E+04
 71.0 4.09910E+04
 71.5 4.06932E+04
 72.0 4.03933E+04
 72.5 4.00914E+04
 73.0 3.97876E+04
 73.5 3.94819E+04
 74.0 3.91747E+04
 74.5 3.88658E+04
 75.0 3.85555E+04
 75.5 3.82437E+04
 76.0 3.79307E+04
 76.5 3.76165E+04
 77.0 3.73012E+04
 77.5 3.69849E+04
 78.0 3.66676E+04
 78.5 3.63494E+04
 79.0 3.60304E+04
 79.5 3.57107E+04
 80.0 3.53903E+04
 80.5 3.50693E+04
 81.0 3.47478E+04
 81.5 3.44257E+04
 82.0 3.41032E+04
 82.5 3.37804E+04
 83.0 3.34572E+04
 83.5 3.31338E+04
 84.0 3.28100E+04
 84.5 3.24861E+04
 85.0 3.21621E+04
 85.5 3.18379E+04
 86.0 3.15137E+04
 86.5 3.11894E+04
 87.0 3.08652E+04
 87.5 3.05409E+04
 88.0 3.02167E+04
 88.5 2.98927E+04
 89.0 2.95687E+04
 89.5 2.92449E+04
 90.0 2.89212E+04
 90.5 2.85978E+04
 91.0 2.82746E+04
 91.5 2.79516E+04
 92.0 2.76289E+04
 92.5 2.73065E+04
 93.0 2.69844E+04
 93.5 2.66626E+04
 94.0 2.63412E+04
 94.5 2.60201E+04
 95.0 2.56994E+04
 95.5 2.53791E+04
 96.0 2.50592E+04
 96.5 2.47397E+04
 97.0 2.44206E+04
 97.5 2.41020E+04
 98.0 2.37839E+04
 98.5 2.34662E+04
 99.0 2.31490E+04
 99.5 2.28323E+04
100.0 2.25161E+04
100.5 2.22004E+04
101.0 2.18852E+04
101.5 2.15706E+04
102.0 2.12565E+04
102.5 2.09429E+04
103.0 2.06299E+04
103.5 2.03174E+04
104.0 2.00056E+04
104.5 1.96943E+04
105.0 1.93836E+04
105.5 1.90735E+04
106.0 1.87639E+04
106.5 1.84550E+04
107.0 1.81467E+04
107.5 1.78391E+04
108.0 1.75320E+04
108.5 1.72256E+04
109.0 1.69198E+04
109.5 1.66147E+04
110.0 1.63102E+04
110.5 1.60064E+04
111.0 1.57032E+04
111.5 1.54007E+04
112.0 1.50989E+04
112.5 1.47977E+04
113.0 1.44973E+04
113.5 1.41976E+04
114.0 1.38985E+04
114.5 1.36002E+04
115.0 1.33025E+04
115.5 1.30056E+04
116.0 1.27094E+04
116.5 1.24140E+04
117.0 1.21193E+04
117.5 1.18253E+04
118.0 1.15321E+04
118.5 1.12396E+04
119.0 1.09479E+04
119.5 1.06570E+04
120.0 1.03668E+04
120.5 1.00775E+04
121.0 9.78893E+03
121.5 9.50117E+03
122.0 9.21421E+03
122.5 8.92808E+03
123.0 8.64276E+03
123.5 8.35828E+03
124.0 8.07464E+03
124.5 7.79185E+03
125.0 7.50991E+03
125.5 7.22884E+03
126.0 6.94863E+03
126.5 6.66931E+03
127.0 6.39088E+03
127.5 6.11335E+03
128.0 5.83672E+03
128.5 5.56101E+03
129.0 5.28622E+03
129.5 5.01237E+03
130.0 4.73946E+03
130.5 4.46751E+03
131.0 4.19652E+03
131.5 3.92650E+03
132.0 3.65747E+03
132.5 3.38943E+03
133.0 3.12239E+03
133.5 2.85636E+03
134.0 2.59136E+03
134.5 2.32739E+03
135.0 2.06447E+03
135.5 1.80260E+03
136.0 1.54180E+03
136.5 1.28208E+03
137.0 1.02345E+03
137.5 7.65921E+02
138.0 5.09502E+02
138.5 2.54207E+02
139.0 2.11562E+01
