139K18D0W2
  0.5 0.00000E+00
  1.0 0.00000E+00
  1.5 0.00000E+00
  2.0 0.00000E+00
  2.5 0.00000E+00
  3.0 0.00000E+00
  3.5 2.69773E+04
  4.0 3.52135E+04
  4.5 4.38556E+04
  5.0 5.28968E+04
  5.5 6.23360E+04
  6.0 7.21762E+04
  6.5 8.24245E+04
  7.0 9.30938E+04
  7.5 1.04205E+05
  8.0 1.15789E+05
  8.5 1.49791E+06
  9.0 1.40568E+05
  9.5 1.44159E+06
 10.0 1.20276E+06
 10.5 6.59778E+04
 11.0 7.09714E+04
 11.5 1.57576E+05
 12.0 5.48785E+04
 12.5 5.12387E+04
 13.0 5.44697E+04
 13.5 5.77712E+04
 14.0 6.11456E+04
 14.5 6.45958E+04
 15.0 6.81247E+04
 15.5 7.17346E+04
 16.0 7.54267E+04
 16.5 7.92004E+04
 17.0 8.30522E+04
 17.5 8.69756E+04
 18.0 9.09603E+04
 18.5 9.49919E+04
 19.0 9.90527E+04
 19.5 1.03122E+05
 20.0 1.07175E+05
 20.5 1.11187E+05
 21.0 1.15132E+05
 21.5 1.18983E+05
 22.0 1.22716E+05
 22.5 1.26307E+05
 23.0 1.29734E+05
 23.5 1.32979E+05
 24.0 1.36026E+05
 24.5 1.38861E+05
 25.0 1.41475E+05
 25.5 1.43860E+05
 26.0 1.46014E+05
 26.5 1.47932E+05
 27.0 1.49618E+05
 27.5 1.51072E+05
 28.0 1.52300E+05
 28.5 1.53308E+05
 29.0 1.54102E+05
 29.5 1.54692E+05
 30.0 1.55086E+05
 30.5 1.55294E+05
 31.0 1.55326E+05
 31.5 1.55193E+05
 32.0 1.54903E+05
 32.5 1.54469E+05
 33.0 1.53900E+05
 33.5 1.53206E+05
 34.0 1.52396E+05
 34.5 1.51482E+05
 35.0 1.50470E+05
 35.5 1.49371E+05
 36.0 1.48192E+05
 36.5 1.46942E+05
 37.0 1.45627E+05
 37.5 1.44255E+05
 38.0 1.42832E+05
 38.5 1.41365E+05
 39.0 1.39859E+05
 39.5 1.38320E+05
 40.0 1.36752E+05
 40.5 1.35160E+05
 41.0 1.33550E+05
 41.5 1.31923E+05
 42.0 1.30285E+05
 42.5 1.28638E+05
 43.0 1.26987E+05
 43.5 1.25332E+05
 44.0 1.23678E+05
 44.5 1.22026E+05
 45.0 1.20378E+05
 45.5 1.18737E+05
 46.0 1.17104E+05
 46.5 1.15481E+05
 47.0 1.13869E+05
 47.5 1.12270E+05
 48.0 1.10684E+05
 48.5 1.09113E+05
 49.0 1.07557E+05
 49.5 1.06018E+05
 50.0 1.04495E+05
 50.5 1.02990E+05
 51.0 1.01503E+05
 51.5 1.00034E+05
 52.0 9.85844E+04
 52.5 9.71536E+04
 53.0 9.57419E+04
 53.5 9.43498E+04
 54.0 9.29771E+04
 54.5 9.16241E+04
 55.0 9.02907E+04
 55.5 8.89769E+04
 56.0 8.76828E+04
 56.5 8.64081E+04
 57.0 8.51529E+04
 57.5 8.39169E+04
 58.0 4.68472E+05
 58.5 8.15024E+04
 59.0 8.03233E+04
 59.5 7.58493E+05
 60.0 7.80209E+04
 60.5 7.68970E+04
 61.0 7.57911E+04
 61.5 7.47028E+04
 62.0 7.36319E+04
 62.5 7.25782E+04
 63.0 7.15414E+04
 63.5 7.05213E+04
 64.0 6.95175E+04
 64.5 6.85297E+04
 65.0 6.75578E+04
 65.5 6.66013E+04
 66.0 6.56602E+04
 66.5 6.47339E+04
 67.0 2.96156E+05
 67.5 6.29252E+04
 68.0 6.20422E+04
 68.5 6.11730E+04
 69.0 1.21893E+05
 69.5 5.72723E+04
 70.0 4.56402E+04
 70.5 4.52365E+04
 71.0 4.48329E+04
 71.5 4.44294E+04
 72.0 4.40261E+04
 72.5 4.36232E+04
 73.0 4.32207E+04
 73.5 4.28187E+04
 74.0 4.24173E+04
 74.5 4.20165E+04
 75.0 4.16164E+04
 75.5 4.12170E+04
 76.0 4.08185E+04
 76.5 4.04209E+04
 77.0 4.00241E+04
 77.5 3.96284E+04
 78.0 3.92336E+04
 78.5 3.88399E+04
 79.0 3.84472E+04
 79.5 3.80557E+04
 80.0 3.76653E+04
 80.5 3.72760E+04
 81.0 3.68880E+04
 81.5 3.65012E+04
 82.0 3.61156E+04
 82.5 3.57312E+04
 83.0 3.53482E+04
 83.5 3.49664E+04
 84.0 3.45858E+04
 84.5 3.42066E+04
 85.0 3.38287E+04
 85.5 3.34522E+04
 86.0 3.30769E+04
 86.5 3.27030E+04
 87.0 3.23304E+04
 87.5 3.19591E+04
 88.0 3.15892E+04
 88.5 3.12206E+04
 89.0 3.08534E+04
 89.5 3.04875E+04
 90.0 3.01229E+04
 90.5 2.97597E+04
 91.0 2.93978E+04
 91.5 2.90372E+04
 92.0 2.86779E+04
 92.5 2.83199E+04
 93.0 2.79633E+04
 93.5 2.76079E+04
 94.0 2.72539E+04
 94.5 2.69011E+04
 95.0 2.65496E+04
 95.5 2.61994E+04
 96.0 2.58505E+04
 96.5 2.55028E+04
 97.0 2.51564E+04
 97.5 2.48113E+04
 98.0 2.44673E+04
 98.5 2.41246E+04
 99.0 2.37831E+04
 99.5 2.34429E+04
100.0 2.31038E+04
100.5 2.27659E+04
101.0 2.24293E+04
101.5 2.20938E+04
102.0 2.17594E+04
102.5 2.14263E+04
103.0 2.10943E+04
103.5 2.07634E+04
104.0 2.04337E+04
104.5 2.01052E+04
105.0 1.97777E+04
105.5 1.94514E+04
106.0 1.91262E+04
106.5 1.88021E+04
107.0 1.84792E+04
107.5 1.81573E+04
108.0 1.78365E+04
108.5 1.75167E+04
109.0 1.71981E+04
109.5 1.68806E+04
110.0 1.65641E+04
110.5 1.62486E+04
111.0 1.59343E+04
111.5 1.56209E+04
112.0 1.53087E+04
112.5 1.49975E+04
113.0 1.46873E+04
113.5 1.43782E+04
114.0 1.40701E+04
114.5 1.37630E+04
115.0 1.34570E+04
115.5 1.31520E+04
116.0 1.28480E+04
116.5 1.25451E+04
117.0 1.22432E+04
117.5 1.19423E+04
118.0 1.16424E+04
118.5 1.13436E+04
119.0 1.10458E+04
119.5 1.07490E+04
120.0 1.04532E+04
120.5 1.01584E+04
121.0 9.86470E+03
121.5 9.57199E+03
122.0 9.28032E+03
122.5 8.98967E+03
123.0 8.70005E+03
123.5 8.41146E+03
124.0 8.12391E+03
124.5 7.83739E+03
125.0 7.55191E+03
125.5 7.26748E+03
126.0 6.98409E+03
126.5 6.70175E+03
127.0 6.42047E+03
127.5 6.14024E+03
128.0 5.86108E+03
128.5 5.58298E+03
129.0 5.30596E+03
129.5 5.03001E+03
130.0 4.75514E+03
130.5 4.48136E+03
131.0 4.20868E+03
131.5 3.93709E+03
132.0 3.66661E+03
132.5 3.39725E+03
133.0 3.12900E+03
133.5 2.86188E+03
134.0 2.59589E+03
134.5 2.33104E+03
135.0 2.06734E+03
135.5 1.80480E+03
136.0 1.54342E+03
136.5 1.28321E+03
137.0 1.02418E+03
137.5 7.66344E+02
138.0 5.09703E+02
138.5 2.54269E+02
139.0 2.11595E+01
