139K13D0W2
  0.5 0.00000E+00
  1.0 0.00000E+00
  1.5 0.00000E+00
  2.0 0.00000E+00
  2.5 0.00000E+00
  3.0 0.00000E+00
  3.5 1.76010E+04
  4.0 2.35538E+04
  4.5 2.97749E+04
  5.0 3.62478E+04
  5.5 4.29657E+04
  6.0 4.99252E+04
  6.5 5.71250E+04
  7.0 6.45657E+04
  7.5 7.22499E+04
  8.0 8.01831E+04
  8.5 5.29905E+05
  9.0 9.68379E+04
  9.5 6.81577E+05
 10.0 5.73338E+05
 10.5 4.57855E+04
 11.0 4.92340E+04
 11.5 7.26621E+04
 12.0 3.80957E+04
 12.5 3.55730E+04
 13.0 3.78141E+04
 13.5 4.00929E+04
 14.0 4.24099E+04
 14.5 4.47656E+04
 15.0 4.71607E+04
 15.5 4.95961E+04
 16.0 5.20728E+04
 16.5 5.45917E+04
 17.0 5.71537E+04
 17.5 5.97594E+04
 18.0 6.24088E+04
 18.5 6.51010E+04
 19.0 6.78339E+04
 19.5 7.06040E+04
 20.0 7.34061E+04
 20.5 7.62332E+04
 21.0 7.90767E+04
 21.5 8.19261E+04
 22.0 8.47698E+04
 22.5 8.75947E+04
 23.0 9.03872E+04
 23.5 9.31334E+04
 24.0 9.58191E+04
 24.5 9.84307E+04
 25.0 1.00955E+05
 25.5 1.03380E+05
 26.0 1.05695E+05
 26.5 1.07891E+05
 27.0 1.09958E+05
 27.5 1.11890E+05
 28.0 1.13683E+05
 28.5 1.15331E+05
 29.0 1.16833E+05
 29.5 1.18188E+05
 30.0 1.19395E+05
 30.5 1.20456E+05
 31.0 1.21372E+05
 31.5 1.22147E+05
 32.0 1.22785E+05
 32.5 1.23288E+05
 33.0 1.23663E+05
 33.5 1.23914E+05
 34.0 1.24047E+05
 34.5 1.24068E+05
 35.0 1.23981E+05
 35.5 1.23793E+05
 36.0 1.23511E+05
 36.5 1.23139E+05
 37.0 1.22683E+05
 37.5 1.22150E+05
 38.0 1.21545E+05
 38.5 1.20873E+05
 39.0 1.20139E+05
 39.5 1.19348E+05
 40.0 1.18506E+05
 40.5 1.17616E+05
 41.0 1.16684E+05
 41.5 1.15712E+05
 42.0 1.14706E+05
 42.5 1.13669E+05
 43.0 1.12604E+05
 43.5 1.11515E+05
 44.0 1.10404E+05
 44.5 1.09276E+05
 45.0 1.08131E+05
 45.5 1.06973E+05
 46.0 1.05805E+05
 46.5 1.04628E+05
 47.0 1.03445E+05
 47.5 1.02256E+05
 48.0 1.01065E+05
 48.5 9.98725E+04
 49.0 9.86801E+04
 49.5 9.74892E+04
 50.0 9.63009E+04
 50.5 9.51165E+04
 51.0 9.39370E+04
 51.5 9.27633E+04
 52.0 9.15962E+04
 52.5 9.04366E+04
 53.0 8.92852E+04
 53.5 8.81425E+04
 54.0 8.70091E+04
 54.5 8.58856E+04
 55.0 8.47723E+04
 55.5 8.36697E+04
 56.0 8.25781E+04
 56.5 8.14978E+04
 57.0 8.04290E+04
 57.5 7.93719E+04
 58.0 4.27430E+05
 58.5 7.72937E+04
 59.0 7.62728E+04
 59.5 6.93587E+05
 60.0 7.42678E+04
 60.5 7.32839E+04
 61.0 7.23122E+04
 61.5 7.13530E+04
 62.0 7.04060E+04
 62.5 6.94713E+04
 63.0 6.85489E+04
 63.5 6.76386E+04
 64.0 6.67404E+04
 64.5 6.58541E+04
 65.0 6.49797E+04
 65.5 6.41171E+04
 66.0 6.32661E+04
 66.5 6.24266E+04
 67.0 2.78621E+05
 67.5 6.07815E+04
 68.0 5.99756E+04
 68.5 5.91807E+04
 69.0 1.16209E+05
 69.5 5.48205E+04
 70.0 4.02962E+04
 70.5 4.00358E+04
 71.0 3.97724E+04
 71.5 3.95062E+04
 72.0 3.92372E+04
 72.5 3.89656E+04
 73.0 3.86914E+04
 73.5 3.84149E+04
 74.0 3.81362E+04
 74.5 3.78552E+04
 75.0 3.75723E+04
 75.5 3.72873E+04
 76.0 3.70005E+04
 76.5 3.67119E+04
 77.0 3.64217E+04
 77.5 3.61299E+04
 78.0 3.58366E+04
 78.5 3.55419E+04
 79.0 3.52458E+04
 79.5 3.49485E+04
 80.0 3.46499E+04
 80.5 3.43503E+04
 81.0 3.40496E+04
 81.5 3.37480E+04
 82.0 3.34454E+04
 82.5 3.31420E+04
 83.0 3.28377E+04
 83.5 3.25328E+04
 84.0 3.22271E+04
 84.5 3.19208E+04
 85.0 3.16139E+04
 85.5 3.13065E+04
 86.0 3.09985E+04
 86.5 3.06902E+04
 87.0 3.03814E+04
 87.5 3.00723E+04
 88.0 2.97628E+04
 88.5 2.94531E+04
 89.0 2.91431E+04
 89.5 2.88329E+04
 90.0 2.85225E+04
 90.5 2.82120E+04
 91.0 2.79013E+04
 91.5 2.75906E+04
 92.0 2.72798E+04
 92.5 2.69690E+04
 93.0 2.66581E+04
 93.5 2.63473E+04
 94.0 2.60366E+04
 94.5 2.57259E+04
 95.0 2.54153E+04
 95.5 2.51048E+04
 96.0 2.47944E+04
 96.5 2.44842E+04
 97.0 2.41741E+04
 97.5 2.38643E+04
 98.0 2.35547E+04
 98.5 2.32452E+04
 99.0 2.29361E+04
 99.5 2.26272E+04
100.0 2.23185E+04
100.5 2.20102E+04
101.0 2.17021E+04
101.5 2.13944E+04
102.0 2.10870E+04
102.5 2.07800E+04
103.0 2.04733E+04
103.5 2.01670E+04
104.0 1.98611E+04
104.5 1.95556E+04
105.0 1.92504E+04
105.5 1.89457E+04
106.0 1.86415E+04
106.5 1.83376E+04
107.0 1.80343E+04
107.5 1.77313E+04
108.0 1.74289E+04
108.5 1.71270E+04
109.0 1.68255E+04
109.5 1.65245E+04
110.0 1.62241E+04
110.5 1.59242E+04
111.0 1.56248E+04
111.5 1.53259E+04
112.0 1.50276E+04
112.5 1.47299E+04
113.0 1.44327E+04
113.5 1.41362E+04
114.0 1.38402E+04
114.5 1.35448E+04
115.0 1.32500E+04
115.5 1.29558E+04
116.0 1.26622E+04
116.5 1.23693E+04
117.0 1.20770E+04
117.5 1.17854E+04
118.0 1.14944E+04
118.5 1.12042E+04
119.0 1.09145E+04
119.5 1.06256E+04
120.0 1.03374E+04
120.5 1.00499E+04
121.0 9.76306E+03
121.5 9.47698E+03
122.0 9.19163E+03
122.5 8.90704E+03
123.0 8.62319E+03
123.5 8.34011E+03
124.0 8.05780E+03
124.5 7.77627E+03
125.0 7.49554E+03
125.5 7.21562E+03
126.0 6.93650E+03
126.5 6.65821E+03
127.0 6.38075E+03
127.5 6.10414E+03
128.0 5.82838E+03
128.5 5.55348E+03
129.0 5.27946E+03
129.5 5.00633E+03
130.0 4.73409E+03
130.5 4.46276E+03
131.0 4.19235E+03
131.5 3.92287E+03
132.0 3.65433E+03
132.5 3.38674E+03
133.0 3.12012E+03
133.5 2.85447E+03
134.0 2.58980E+03
134.5 2.32614E+03
135.0 2.06348E+03
135.5 1.80185E+03
136.0 1.54125E+03
136.5 1.28170E+03
137.0 1.02320E+03
137.5 7.65775E+02
138.0 5.09433E+02
138.5 2.54186E+02
139.0 2.11551E+01
