139K20D0W2
  0.5 0.00000E+00
  1.0 0.00000E+00
  1.5 0.00000E+00
  2.0 0.00000E+00
  2.5 0.00000E+00
  3.0 0.00000E+00
  3.5 3.09046E+04
  4.0 4.00868E+04
  4.5 4.97400E+04
  5.0 5.98605E+04
  5.5 7.04505E+04
  6.0 8.15173E+04
  6.5 9.30741E+04
  7.0 1.05143E+05
  7.5 1.17760E+05
  8.0 1.30975E+05
  8.5 1.99089E+06
  9.0 1.59476E+05
  9.5 1.76652E+06
 10.0 1.47196E+06
 10.5 7.45181E+04
 11.0 8.01923E+04
 11.5 2.02593E+05
 12.0 6.19690E+04
 12.5 5.78534E+04
 13.0 6.15176E+04
 13.5 6.52697E+04
 14.0 6.91139E+04
 14.5 7.30536E+04
 15.0 7.70922E+04
 15.5 8.12312E+04
 16.0 8.54693E+04
 16.5 8.98018E+04
 17.0 9.42192E+04
 17.5 9.87075E+04
 18.0 1.03247E+05
 18.5 1.07815E+05
 19.0 1.12384E+05
 19.5 1.16923E+05
 20.0 1.21401E+05
 20.5 1.25785E+05
 21.0 1.30044E+05
 21.5 1.34149E+05
 22.0 1.38072E+05
 22.5 1.41790E+05
 23.0 1.45281E+05
 23.5 1.48531E+05
 24.0 1.51525E+05
 24.5 1.54254E+05
 25.0 1.56714E+05
 25.5 1.58901E+05
 26.0 1.60817E+05
 26.5 1.62464E+05
 27.0 1.63849E+05
 27.5 1.64978E+05
 28.0 1.65860E+05
 28.5 1.66506E+05
 29.0 1.66926E+05
 29.5 1.67133E+05
 30.0 1.67138E+05
 30.5 1.66953E+05
 31.0 1.66592E+05
 31.5 1.66067E+05
 32.0 1.65390E+05
 32.5 1.64572E+05
 33.0 1.63626E+05
 33.5 1.62562E+05
 34.0 1.61392E+05
 34.5 1.60124E+05
 35.0 1.58770E+05
 35.5 1.57338E+05
 36.0 1.55837E+05
 36.5 1.54274E+05
 37.0 1.52658E+05
 37.5 1.50995E+05
 38.0 1.49292E+05
 38.5 1.47555E+05
 39.0 1.45789E+05
 39.5 1.44000E+05
 40.0 1.42193E+05
 40.5 1.40372E+05
 41.0 1.38540E+05
 41.5 1.36703E+05
 42.0 1.34862E+05
 42.5 1.33022E+05
 43.0 1.31185E+05
 43.5 1.29353E+05
 44.0 1.27529E+05
 44.5 1.25714E+05
 45.0 1.23911E+05
 45.5 1.22122E+05
 46.0 1.20347E+05
 46.5 1.18588E+05
 47.0 1.16846E+05
 47.5 1.15123E+05
 48.0 1.13419E+05
 48.5 1.11734E+05
 49.0 1.10070E+05
 49.5 1.08427E+05
 50.0 1.06806E+05
 50.5 1.05206E+05
 51.0 1.03628E+05
 51.5 1.02073E+05
 52.0 1.00541E+05
 52.5 9.90309E+04
 53.0 9.75437E+04
 53.5 9.60793E+04
 54.0 9.46375E+04
 54.5 9.32183E+04
 55.0 9.18217E+04
 55.5 9.04473E+04
 56.0 8.90951E+04
 56.5 8.77650E+04
 57.0 8.64567E+04
 57.5 8.51699E+04
 58.0 4.79959E+05
 58.5 8.26599E+04
 59.0 8.14362E+04
 59.5 7.76608E+05
 60.0 7.90499E+04
 60.5 7.78867E+04
 61.0 7.67430E+04
 61.5 7.56186E+04
 62.0 7.45130E+04
 62.5 7.34261E+04
 63.0 7.23574E+04
 63.5 7.13066E+04
 64.0 7.02734E+04
 64.5 6.92575E+04
 65.0 6.82585E+04
 65.5 6.72761E+04
 66.0 6.63099E+04
 66.5 6.53597E+04
 67.0 3.00968E+05
 67.5 6.35058E+04
 68.0 6.26015E+04
 68.5 6.17118E+04
 69.0 1.23444E+05
 69.5 5.79551E+04
 70.0 4.72030E+04
 70.5 4.67541E+04
 71.0 4.63063E+04
 71.5 4.58599E+04
 72.0 4.54148E+04
 72.5 4.49710E+04
 73.0 4.45288E+04
 73.5 4.40881E+04
 74.0 4.36489E+04
 74.5 4.32114E+04
 75.0 4.27756E+04
 75.5 4.23415E+04
 76.0 4.19091E+04
 76.5 4.14784E+04
 77.0 4.10496E+04
 77.5 4.06226E+04
 78.0 4.01975E+04
 78.5 3.97742E+04
 79.0 3.93528E+04
 79.5 3.89333E+04
 80.0 3.85157E+04
 80.5 3.81000E+04
 81.0 3.76862E+04
 81.5 3.72743E+04
 82.0 3.68644E+04
 82.5 3.64564E+04
 83.0 3.60503E+04
 83.5 3.56461E+04
 84.0 3.52439E+04
 84.5 3.48436E+04
 85.0 3.44451E+04
 85.5 3.40486E+04
 86.0 3.36540E+04
 86.5 3.32612E+04
 87.0 3.28703E+04
 87.5 3.24813E+04
 88.0 3.20941E+04
 88.5 3.17087E+04
 89.0 3.13252E+04
 89.5 3.09434E+04
 90.0 3.05635E+04
 90.5 3.01853E+04
 91.0 2.98089E+04
 91.5 2.94342E+04
 92.0 2.90613E+04
 92.5 2.86901E+04
 93.0 2.83206E+04
 93.5 2.79527E+04
 94.0 2.75866E+04
 94.5 2.72220E+04
 95.0 2.68591E+04
 95.5 2.64979E+04
 96.0 2.61382E+04
 96.5 2.57801E+04
 97.0 2.54236E+04
 97.5 2.50686E+04
 98.0 2.47152E+04
 98.5 2.43633E+04
 99.0 2.40129E+04
 99.5 2.36639E+04
100.0 2.33165E+04
100.5 2.29705E+04
101.0 2.26259E+04
101.5 2.22828E+04
102.0 2.19411E+04
102.5 2.16008E+04
103.0 2.12619E+04
103.5 2.09243E+04
104.0 2.05881E+04
104.5 2.02532E+04
105.0 1.99197E+04
105.5 1.95875E+04
106.0 1.92566E+04
106.5 1.89270E+04
107.0 1.85987E+04
107.5 1.82716E+04
108.0 1.79458E+04
108.5 1.76213E+04
109.0 1.72980E+04
109.5 1.69760E+04
110.0 1.66551E+04
110.5 1.63355E+04
111.0 1.60171E+04
111.5 1.56999E+04
112.0 1.53838E+04
112.5 1.50690E+04
113.0 1.47553E+04
113.5 1.44428E+04
114.0 1.41314E+04
114.5 1.38213E+04
115.0 1.35122E+04
115.5 1.32043E+04
116.0 1.28976E+04
116.5 1.25919E+04
117.0 1.22874E+04
117.5 1.19841E+04
118.0 1.16818E+04
118.5 1.13807E+04
119.0 1.10807E+04
119.5 1.07817E+04
120.0 1.04840E+04
120.5 1.01873E+04
121.0 9.89170E+03
121.5 9.59722E+03
122.0 9.30386E+03
122.5 9.01159E+03
123.0 8.72044E+03
123.5 8.43038E+03
124.0 8.14143E+03
124.5 7.85359E+03
125.0 7.56685E+03
125.5 7.28122E+03
126.0 6.99669E+03
126.5 6.71328E+03
127.0 6.43098E+03
127.5 6.14980E+03
128.0 5.86973E+03
128.5 5.59078E+03
129.0 5.31296E+03
129.5 5.03627E+03
130.0 4.76071E+03
130.5 4.48628E+03
131.0 4.21299E+03
131.5 3.94085E+03
132.0 3.66986E+03
132.5 3.40002E+03
133.0 3.13135E+03
133.5 2.86383E+03
134.0 2.59750E+03
134.5 2.33234E+03
135.0 2.06836E+03
135.5 1.80558E+03
136.0 1.54399E+03
136.5 1.28361E+03
137.0 1.02444E+03
137.5 7.66494E+02
138.0 5.09775E+02
138.5 2.54291E+02
139.0 2.11606E+01
