139K22D0W2
  0.5 0.00000E+00
  1.0 0.00000E+00
  1.5 0.00000E+00
  2.0 0.00000E+00
  2.5 0.00000E+00
  3.0 0.00000E+00
  3.5 3.49474E+04
  4.0 4.51014E+04
  4.5 5.57968E+04
  5.0 6.70335E+04
  5.5 7.88178E+04
  6.0 9.11628E+04
  6.5 1.04091E+05
  7.0 1.17637E+05
  7.5 1.31856E+05
  8.0 1.46825E+05
  8.5 2.52352E+06
  9.0 1.79364E+05
  9.5 2.09266E+06
 10.0 1.74229E+06
 10.5 8.33811E+04
 11.0 8.97809E+04
 11.5 2.52655E+05
 12.0 6.93220E+04
 12.5 6.47102E+04
 13.0 6.88340E+04
 13.5 7.30665E+04
 14.0 7.74129E+04
 14.5 8.18771E+04
 15.0 8.64614E+04
 15.5 9.11642E+04
 16.0 9.59794E+04
 16.5 1.00895E+05
 17.0 1.05892E+05
 17.5 1.10948E+05
 18.0 1.16031E+05
 18.5 1.21108E+05
 19.0 1.26142E+05
 19.5 1.31094E+05
 20.0 1.35926E+05
 20.5 1.40600E+05
 21.0 1.45083E+05
 21.5 1.49344E+05
 22.0 1.53357E+05
 22.5 1.57098E+05
 23.0 1.60553E+05
 23.5 1.63707E+05
 24.0 1.66553E+05
 24.5 1.69087E+05
 25.0 1.71309E+05
 25.5 1.73223E+05
 26.0 1.74833E+05
 26.5 1.76148E+05
 27.0 1.77180E+05
 27.5 1.77938E+05
 28.0 1.78438E+05
 28.5 1.78691E+05
 29.0 1.78714E+05
 29.5 1.78520E+05
 30.0 1.78124E+05
 30.5 1.77542E+05
 31.0 1.76787E+05
 31.5 1.75873E+05
 32.0 1.74814E+05
 32.5 1.73623E+05
 33.0 1.72312E+05
 33.5 1.70894E+05
 34.0 1.69380E+05
 34.5 1.67779E+05
 35.0 1.66103E+05
 35.5 1.64359E+05
 36.0 1.62558E+05
 36.5 1.60707E+05
 37.0 1.58813E+05
 37.5 1.56883E+05
 38.0 1.54924E+05
 38.5 1.52941E+05
 39.0 1.50941E+05
 39.5 1.48927E+05
 40.0 1.46904E+05
 40.5 1.44877E+05
 41.0 1.42849E+05
 41.5 1.40823E+05
 42.0 1.38802E+05
 42.5 1.36790E+05
 43.0 1.34789E+05
 43.5 1.32800E+05
 44.0 1.30826E+05
 44.5 1.28869E+05
 45.0 1.26930E+05
 45.5 1.25011E+05
 46.0 1.23112E+05
 46.5 1.21235E+05
 47.0 1.19380E+05
 47.5 1.17549E+05
 48.0 1.15742E+05
 48.5 1.13959E+05
 49.0 1.12201E+05
 49.5 1.10469E+05
 50.0 1.08762E+05
 50.5 1.07081E+05
 51.0 1.05426E+05
 51.5 1.03796E+05
 52.0 1.02193E+05
 52.5 1.00615E+05
 53.0 9.90635E+04
 53.5 9.75372E+04
 54.0 9.60363E+04
 54.5 9.45606E+04
 55.0 9.31100E+04
 55.5 9.16840E+04
 56.0 9.02825E+04
 56.5 8.89052E+04
 57.0 8.75517E+04
 57.5 8.62217E+04
 58.0 4.89657E+05
 58.5 8.36308E+04
 59.0 8.23692E+04
 59.5 7.91887E+05
 60.0 7.99119E+04
 60.5 7.87154E+04
 61.0 7.75399E+04
 61.5 7.63849E+04
 62.0 7.52501E+04
 62.5 7.41351E+04
 63.0 7.30395E+04
 63.5 7.19629E+04
 64.0 7.09050E+04
 64.5 6.98652E+04
 65.0 6.88434E+04
 65.5 6.78392E+04
 66.0 6.68520E+04
 66.5 6.58817E+04
 67.0 3.05000E+05
 67.5 6.39899E+04
 68.0 6.30677E+04
 68.5 6.21609E+04
 69.0 1.24740E+05
 69.5 5.85308E+04
 70.0 4.85456E+04
 70.5 4.80567E+04
 71.0 4.75700E+04
 71.5 4.70857E+04
 72.0 4.66037E+04
 72.5 4.61241E+04
 73.0 4.56470E+04
 73.5 4.51724E+04
 74.0 4.47003E+04
 74.5 4.42307E+04
 75.0 4.37636E+04
 75.5 4.32992E+04
 76.0 4.28373E+04
 76.5 4.23780E+04
 77.0 4.19213E+04
 77.5 4.14672E+04
 78.0 4.10158E+04
 78.5 4.05669E+04
 79.0 4.01206E+04
 79.5 3.96770E+04
 80.0 3.92359E+04
 80.5 3.87974E+04
 81.0 3.83614E+04
 81.5 3.79280E+04
 82.0 3.74972E+04
 82.5 3.70689E+04
 83.0 3.66431E+04
 83.5 3.62197E+04
 84.0 3.57989E+04
 84.5 3.53805E+04
 85.0 3.49645E+04
 85.5 3.45509E+04
 86.0 3.41397E+04
 86.5 3.37309E+04
 87.0 3.33244E+04
 87.5 3.29202E+04
 88.0 3.25183E+04
 88.5 3.21187E+04
 89.0 3.17213E+04
 89.5 3.13261E+04
 90.0 3.09331E+04
 90.5 3.05423E+04
 91.0 3.01536E+04
 91.5 2.97670E+04
 92.0 2.93826E+04
 92.5 2.90001E+04
 93.0 2.86197E+04
 93.5 2.82413E+04
 94.0 2.78649E+04
 94.5 2.74905E+04
 95.0 2.71180E+04
 95.5 2.67474E+04
 96.0 2.63786E+04
 96.5 2.60118E+04
 97.0 2.56467E+04
 97.5 2.52835E+04
 98.0 2.49221E+04
 98.5 2.45624E+04
 99.0 2.42045E+04
 99.5 2.38483E+04
100.0 2.34938E+04
100.5 2.31410E+04
101.0 2.27898E+04
101.5 2.24403E+04
102.0 2.20924E+04
102.5 2.17461E+04
103.0 2.14013E+04
103.5 2.10582E+04
104.0 2.07165E+04
104.5 2.03764E+04
105.0 2.00378E+04
105.5 1.97006E+04
106.0 1.93650E+04
106.5 1.90308E+04
107.0 1.86980E+04
107.5 1.83667E+04
108.0 1.80367E+04
108.5 1.77082E+04
109.0 1.73810E+04
109.5 1.70552E+04
110.0 1.67307E+04
110.5 1.64076E+04
111.0 1.60858E+04
111.5 1.57653E+04
112.0 1.54462E+04
112.5 1.51283E+04
113.0 1.48117E+04
113.5 1.44964E+04
114.0 1.41823E+04
114.5 1.38695E+04
115.0 1.35580E+04
115.5 1.32477E+04
116.0 1.29386E+04
116.5 1.26307E+04
117.0 1.23241E+04
117.5 1.20186E+04
118.0 1.17144E+04
118.5 1.14114E+04
119.0 1.11095E+04
119.5 1.08089E+04
120.0 1.05094E+04
120.5 1.02111E+04
121.0 9.91404E+03
121.5 9.61810E+03
122.0 9.32333E+03
122.5 9.02974E+03
123.0 8.73730E+03
123.5 8.44603E+03
124.0 8.15593E+03
124.5 7.86698E+03
125.0 7.57920E+03
125.5 7.29258E+03
126.0 7.00711E+03
126.5 6.72281E+03
127.0 6.43967E+03
127.5 6.15769E+03
128.0 5.87688E+03
128.5 5.59723E+03
129.0 5.31875E+03
129.5 5.04144E+03
130.0 4.76530E+03
130.5 4.49034E+03
131.0 4.21655E+03
131.5 3.94395E+03
132.0 3.67254E+03
132.5 3.40231E+03
133.0 3.13328E+03
133.5 2.86545E+03
134.0 2.59882E+03
134.5 2.33340E+03
135.0 2.06920E+03
135.5 1.80622E+03
136.0 1.54446E+03
136.5 1.28394E+03
137.0 1.02466E+03
137.5 7.66618E+02
138.0 5.09833E+02
138.5 2.54309E+02
139.0 2.11615E+01
