139K21D0W2
  0.5 0.00000E+00
  1.0 0.00000E+00
  1.5 0.00000E+00
  2.0 0.00000E+00
  2.5 0.00000E+00
  3.0 0.00000E+00
  3.5 3.29108E+04
  4.0 4.25754E+04
  4.5 5.27455E+04
  5.0 6.34192E+04
  5.5 7.46006E+04
  6.0 8.62995E+04
  6.5 9.85335E+04
  7.0 1.11331E+05
  7.5 1.24735E+05
  8.0 1.38811E+05
  8.5 2.25299E+06
  9.0 1.69290E+05
  9.5 1.92972E+06
 10.0 1.60721E+06
 10.5 7.89065E+04
 11.0 8.49375E+04
 11.5 2.27048E+05
 12.0 6.56105E+04
 12.5 6.12495E+04
 13.0 6.51399E+04
 13.5 6.91283E+04
 14.0 7.32193E+04
 14.5 7.74167E+04
 15.0 8.17236E+04
 15.5 8.61403E+04
 16.0 9.06634E+04
 16.5 9.52849E+04
 17.0 9.99913E+04
 17.5 1.04764E+05
 18.0 1.09578E+05
 18.5 1.14405E+05
 19.0 1.19213E+05
 19.5 1.23966E+05
 20.0 1.28630E+05
 20.5 1.33171E+05
 21.0 1.37553E+05
 21.5 1.41748E+05
 22.0 1.45729E+05
 22.5 1.49471E+05
 23.0 1.52956E+05
 23.5 1.56170E+05
 24.0 1.59101E+05
 24.5 1.61743E+05
 25.0 1.64093E+05
 25.5 1.66152E+05
 26.0 1.67922E+05
 26.5 1.69410E+05
 27.0 1.70623E+05
 27.5 1.71572E+05
 28.0 1.72266E+05
 28.5 1.72719E+05
 29.0 1.72942E+05
 29.5 1.72950E+05
 30.0 1.72756E+05
 30.5 1.72372E+05
 31.0 1.71814E+05
 31.5 1.71094E+05
 32.0 1.70224E+05
 32.5 1.69218E+05
 33.0 1.68088E+05
 33.5 1.66845E+05
 34.0 1.65500E+05
 34.5 1.64064E+05
 35.0 1.62546E+05
 35.5 1.60956E+05
 36.0 1.59302E+05
 36.5 1.57592E+05
 37.0 1.55834E+05
 37.5 1.54034E+05
 38.0 1.52201E+05
 38.5 1.50338E+05
 39.0 1.48452E+05
 39.5 1.46548E+05
 40.0 1.44630E+05
 40.5 1.42703E+05
 41.0 1.40770E+05
 41.5 1.38836E+05
 42.0 1.36903E+05
 42.5 1.34974E+05
 43.0 1.33053E+05
 43.5 1.31140E+05
 44.0 1.29238E+05
 44.5 1.27350E+05
 45.0 1.25477E+05
 45.5 1.23621E+05
 46.0 1.21782E+05
 46.5 1.19962E+05
 47.0 1.18162E+05
 47.5 1.16383E+05
 48.0 1.14625E+05
 48.5 1.12890E+05
 49.0 1.11178E+05
 49.5 1.09488E+05
 50.0 1.07823E+05
 50.5 1.06181E+05
 51.0 1.04563E+05
 51.5 1.02969E+05
 52.0 1.01400E+05
 52.5 9.98551E+04
 53.0 9.83343E+04
 53.5 9.68378E+04
 54.0 9.53653E+04
 54.5 9.39169E+04
 55.0 9.24922E+04
 55.5 9.10911E+04
 56.0 8.97133E+04
 56.5 8.83587E+04
 57.0 8.70269E+04
 57.5 8.57176E+04
 58.0 4.85003E+05
 58.5 8.31656E+04
 59.0 8.19222E+04
 59.5 7.84557E+05
 60.0 7.94990E+04
 60.5 7.83185E+04
 61.0 7.71583E+04
 61.5 7.60179E+04
 62.0 7.48972E+04
 62.5 7.37956E+04
 63.0 7.27129E+04
 63.5 7.16487E+04
 64.0 7.06026E+04
 64.5 6.95743E+04
 65.0 6.85635E+04
 65.5 6.75697E+04
 66.0 6.65926E+04
 66.5 6.56319E+04
 67.0 3.03069E+05
 67.5 6.37582E+04
 68.0 6.28447E+04
 68.5 6.19461E+04
 69.0 1.24119E+05
 69.5 5.82546E+04
 70.0 4.78987E+04
 70.5 4.74291E+04
 71.0 4.69613E+04
 71.5 4.64954E+04
 72.0 4.60313E+04
 72.5 4.55691E+04
 73.0 4.51088E+04
 73.5 4.46506E+04
 74.0 4.41945E+04
 74.5 4.37404E+04
 75.0 4.32884E+04
 75.5 4.28386E+04
 76.0 4.23910E+04
 76.5 4.19456E+04
 77.0 4.15023E+04
 77.5 4.10613E+04
 78.0 4.06226E+04
 78.5 4.01860E+04
 79.0 3.97518E+04
 79.5 3.93198E+04
 80.0 3.88900E+04
 80.5 3.84625E+04
 81.0 3.80372E+04
 81.5 3.76142E+04
 82.0 3.71934E+04
 82.5 3.67749E+04
 83.0 3.63586E+04
 83.5 3.59445E+04
 84.0 3.55326E+04
 84.5 3.51229E+04
 85.0 3.47154E+04
 85.5 3.43100E+04
 86.0 3.39068E+04
 86.5 3.35057E+04
 87.0 3.31067E+04
 87.5 3.27098E+04
 88.0 3.23150E+04
 88.5 3.19222E+04
 89.0 3.15314E+04
 89.5 3.11427E+04
 90.0 3.07560E+04
 90.5 3.03713E+04
 91.0 2.99885E+04
 91.5 2.96076E+04
 92.0 2.92287E+04
 92.5 2.88516E+04
 93.0 2.84764E+04
 93.5 2.81031E+04
 94.0 2.77316E+04
 94.5 2.73619E+04
 95.0 2.69940E+04
 95.5 2.66279E+04
 96.0 2.62635E+04
 96.5 2.59009E+04
 97.0 2.55399E+04
 97.5 2.51807E+04
 98.0 2.48231E+04
 98.5 2.44671E+04
 99.0 2.41128E+04
 99.5 2.37601E+04
100.0 2.34090E+04
100.5 2.30594E+04
101.0 2.27114E+04
101.5 2.23650E+04
102.0 2.20200E+04
102.5 2.16766E+04
103.0 2.13346E+04
103.5 2.09941E+04
104.0 2.06551E+04
104.5 2.03175E+04
105.0 1.99813E+04
105.5 1.96465E+04
106.0 1.93132E+04
106.5 1.89812E+04
107.0 1.86505E+04
107.5 1.83212E+04
108.0 1.79933E+04
108.5 1.76666E+04
109.0 1.73413E+04
109.5 1.70173E+04
110.0 1.66946E+04
110.5 1.63731E+04
111.0 1.60530E+04
111.5 1.57340E+04
112.0 1.54164E+04
112.5 1.51000E+04
113.0 1.47848E+04
113.5 1.44708E+04
114.0 1.41580E+04
114.5 1.38465E+04
115.0 1.35361E+04
115.5 1.32270E+04
116.0 1.29190E+04
116.5 1.26122E+04
117.0 1.23066E+04
117.5 1.20021E+04
118.0 1.16988E+04
118.5 1.13967E+04
119.0 1.10957E+04
119.5 1.07959E+04
120.0 1.04973E+04
120.5 1.01997E+04
121.0 9.90337E+03
121.5 9.60813E+03
122.0 9.31403E+03
122.5 9.02107E+03
123.0 8.72925E+03
123.5 8.43856E+03
124.0 8.14901E+03
124.5 7.86059E+03
125.0 7.57330E+03
125.5 7.28715E+03
126.0 7.00214E+03
126.5 6.71826E+03
127.0 6.43552E+03
127.5 6.15392E+03
128.0 5.87346E+03
128.5 5.59415E+03
129.0 5.31599E+03
129.5 5.03897E+03
130.0 4.76311E+03
130.5 4.48840E+03
131.0 4.21485E+03
131.5 3.94247E+03
132.0 3.67126E+03
132.5 3.40122E+03
133.0 3.13236E+03
133.5 2.86468E+03
134.0 2.59819E+03
134.5 2.33289E+03
135.0 2.06880E+03
135.5 1.80591E+03
136.0 1.54424E+03
136.5 1.28378E+03
137.0 1.02455E+03
137.5 7.66559E+02
138.0 5.09805E+02
138.5 2.54301E+02
139.0 2.11611E+01
