140K07D0W2
  0.5 0.00000E+00
  1.0 0.00000E+00
  1.5 0.00000E+00
  2.0 0.00000E+00
  2.5 0.00000E+00
  3.0 0.00000E+00
  3.5 7.10964E+03
  4.0 1.03417E+04
  4.5 1.37454E+04
  5.0 1.72763E+04
  5.5 2.09157E+04
  6.0 2.46547E+04
  6.5 2.84881E+04
  7.0 3.24127E+04
  7.5 3.64257E+04
  8.0 4.05252E+04
  8.5 5.78829E+04
  9.0 4.89773E+04
  9.5 1.00979E+05
 10.0 9.04197E+04
 10.5 2.30733E+04
 11.0 2.48740E+04
 11.5 2.55013E+04
 12.0 1.91957E+04
 12.5 1.79192E+04
 13.0 1.90962E+04
 13.5 2.02863E+04
 14.0 2.14894E+04
 14.5 2.27053E+04
 15.0 2.39338E+04
 15.5 2.51747E+04
 16.0 2.64280E+04
 16.5 2.76934E+04
 17.0 2.89709E+04
 17.5 3.02604E+04
 18.0 3.15616E+04
 18.5 3.28746E+04
 19.0 3.41992E+04
 19.5 3.55354E+04
 20.0 3.68831E+04
 20.5 3.82423E+04
 21.0 3.96128E+04
 21.5 4.09944E+04
 22.0 4.23870E+04
 22.5 4.37900E+04
 23.0 4.52028E+04
 23.5 4.66246E+04
 24.0 4.80542E+04
 24.5 4.94901E+04
 25.0 5.09305E+04
 25.5 5.23730E+04
 26.0 5.38151E+04
 26.5 5.52537E+04
 27.0 5.66855E+04
 27.5 5.81070E+04
 28.0 5.95144E+04
 28.5 6.09034E+04
 29.0 6.22702E+04
 29.5 6.36105E+04
 30.0 6.49203E+04
 30.5 6.61957E+04
 31.0 6.74326E+04
 31.5 6.86277E+04
 32.0 6.97775E+04
 32.5 7.08790E+04
 33.0 7.19296E+04
 33.5 7.29268E+04
 34.0 7.38687E+04
 34.5 7.47537E+04
 35.0 7.55803E+04
 35.5 7.63478E+04
 36.0 7.70555E+04
 36.5 7.77031E+04
 37.0 7.82908E+04
 37.5 7.88187E+04
 38.0 7.92875E+04
 38.5 7.96979E+04
 39.0 8.00510E+04
 39.5 8.03479E+04
 40.0 8.05901E+04
 40.5 8.07790E+04
 41.0 8.09161E+04
 41.5 8.10033E+04
 42.0 8.10422E+04
 42.5 8.10348E+04
 43.0 8.09830E+04
 43.5 8.08886E+04
 44.0 8.07535E+04
 44.5 8.05799E+04
 45.0 8.03694E+04
 45.5 8.01241E+04
 46.0 7.98458E+04
 46.5 7.95364E+04
 47.0 7.91977E+04
 47.5 7.88315E+04
 48.0 7.84395E+04
 48.5 7.80233E+04
 49.0 7.75846E+04
 49.5 7.71251E+04
 50.0 7.66460E+04
 50.5 7.61489E+04
 51.0 7.56353E+04
 51.5 7.51063E+04
 52.0 7.45634E+04
 52.5 7.40076E+04
 53.0 7.34402E+04
 53.5 7.28622E+04
 54.0 7.22748E+04
 54.5 7.16788E+04
 55.0 7.10753E+04
 55.5 7.04650E+04
 56.0 6.98489E+04
 56.5 6.92278E+04
 57.0 6.86023E+04
 57.5 6.79732E+04
 58.0 3.28692E+05
 58.5 6.67067E+04
 59.0 6.60705E+04
 59.5 5.36799E+05
 60.0 6.47950E+04
 60.5 6.41566E+04
 61.0 6.35184E+04
 61.5 6.28808E+04
 62.0 6.22441E+04
 62.5 6.16088E+04
 63.0 6.09751E+04
 63.5 6.03433E+04
 64.0 5.97138E+04
 64.5 5.90868E+04
 65.0 5.84625E+04
 65.5 5.78411E+04
 66.0 5.72228E+04
 66.5 5.66078E+04
 67.0 2.35444E+05
 67.5 5.53883E+04
 68.0 5.47841E+04
 68.5 5.41837E+04
 69.0 1.02162E+05
 69.5 4.89767E+04
 70.0 2.85856E+04
 70.5 2.85720E+04
 71.0 2.85534E+04
 71.5 2.85300E+04
 72.0 2.85016E+04
 72.5 2.84684E+04
 73.0 2.84304E+04
 73.5 2.83874E+04
 74.0 2.83397E+04
 74.5 2.82872E+04
 75.0 2.82299E+04
 75.5 2.81678E+04
 76.0 2.81011E+04
 76.5 2.80297E+04
 77.0 2.79537E+04
 77.5 2.78732E+04
 78.0 2.77881E+04
 78.5 2.76985E+04
 79.0 2.76045E+04
 79.5 2.75062E+04
 80.0 2.74035E+04
 80.5 2.72965E+04
 81.0 2.71853E+04
 81.5 2.70700E+04
 82.0 2.69505E+04
 82.5 2.68271E+04
 83.0 2.66996E+04
 83.5 2.65683E+04
 84.0 2.64330E+04
 84.5 2.62941E+04
 85.0 2.61513E+04
 85.5 2.60049E+04
 86.0 2.58550E+04
 86.5 2.57014E+04
 87.0 2.55445E+04
 87.5 2.53841E+04
 88.0 2.52203E+04
 88.5 2.50533E+04
 89.0 2.48831E+04
 89.5 2.47098E+04
 90.0 2.45333E+04
 90.5 2.43539E+04
 91.0 2.41715E+04
 91.5 2.39862E+04
 92.0 2.37981E+04
 92.5 2.36072E+04
 93.0 2.34136E+04
 93.5 2.32174E+04
 94.0 2.30186E+04
 94.5 2.28173E+04
 95.0 2.26136E+04
 95.5 2.24074E+04
 96.0 2.21989E+04
 96.5 2.19881E+04
 97.0 2.17751E+04
 97.5 2.15600E+04
 98.0 2.13427E+04
 98.5 2.11234E+04
 99.0 2.09020E+04
 99.5 2.06788E+04
100.0 2.04536E+04
100.5 2.02267E+04
101.0 1.99979E+04
101.5 1.97674E+04
102.0 1.95352E+04
102.5 1.93014E+04
103.0 1.90660E+04
103.5 1.88291E+04
104.0 1.85908E+04
104.5 1.83509E+04
105.0 1.81097E+04
105.5 1.78672E+04
106.0 1.76233E+04
106.5 1.73782E+04
107.0 1.71319E+04
107.5 1.68845E+04
108.0 1.66359E+04
108.5 1.63863E+04
109.0 1.61356E+04
109.5 1.58839E+04
110.0 1.56313E+04
110.5 1.53778E+04
111.0 1.51233E+04
111.5 1.48681E+04
112.0 1.46121E+04
112.5 1.43553E+04
113.0 1.40978E+04
113.5 1.38396E+04
114.0 1.35808E+04
114.5 1.33214E+04
115.0 1.30614E+04
115.5 1.28008E+04
116.0 1.25398E+04
116.5 1.22783E+04
117.0 1.20163E+04
117.5 1.17540E+04
118.0 1.14912E+04
118.5 1.12282E+04
119.0 1.09648E+04
119.5 1.07012E+04
120.0 1.04373E+04
120.5 1.01732E+04
121.0 9.90889E+03
121.5 9.64445E+03
122.0 9.37990E+03
122.5 9.11525E+03
123.0 8.85054E+03
123.5 8.58578E+03
124.0 8.32103E+03
124.5 8.05629E+03
125.0 7.79160E+03
125.5 7.52698E+03
126.0 7.26247E+03
126.5 6.99808E+03
127.0 6.73385E+03
127.5 6.46981E+03
128.0 6.20597E+03
128.5 5.94236E+03
129.0 5.67902E+03
129.5 5.41596E+03
130.0 5.15320E+03
130.5 4.89079E+03
131.0 4.62873E+03
131.5 4.36705E+03
132.0 4.10578E+03
132.5 3.84495E+03
133.0 3.58457E+03
133.5 3.32466E+03
134.0 3.06527E+03
134.5 2.80639E+03
135.0 2.54807E+03
135.5 2.29032E+03
136.0 2.03316E+03
136.5 1.77662E+03
137.0 1.52073E+03
137.5 1.26549E+03
138.0 1.01094E+03
138.5 7.57098E+02
139.0 5.03984E+02
139.5 2.51622E+02
140.0 2.09495E+01
