140K09D0W2
  0.5 0.00000E+00
  1.0 0.00000E+00
  1.5 0.00000E+00
  2.0 0.00000E+00
  2.5 0.00000E+00
  3.0 0.00000E+00
  3.5 1.04534E+04
  4.0 1.45944E+04
  4.5 1.89262E+04
  5.0 2.34178E+04
  5.5 2.80562E+04
  6.0 3.28351E+04
  6.5 3.77504E+04
  7.0 4.27995E+04
  7.5 4.79803E+04
  8.0 5.32918E+04
  8.5 1.28795E+05
  9.0 6.43066E+04
  9.5 2.26242E+05
 10.0 1.95387E+05
 10.5 3.04128E+04
 11.0 3.27378E+04
 11.5 3.57288E+04
 12.0 2.53083E+04
 12.5 2.36308E+04
 13.0 2.51477E+04
 13.5 2.66845E+04
 14.0 2.82412E+04
 14.5 2.98176E+04
 15.0 3.14137E+04
 15.5 3.30295E+04
 16.0 3.46650E+04
 16.5 3.63202E+04
 17.0 3.79951E+04
 17.5 3.96900E+04
 18.0 4.14048E+04
 18.5 4.31398E+04
 19.0 4.48951E+04
 19.5 4.66708E+04
 20.0 4.84667E+04
 20.5 5.02825E+04
 21.0 5.21175E+04
 21.5 5.39707E+04
 22.0 5.58402E+04
 22.5 5.77238E+04
 23.0 5.96184E+04
 23.5 6.15203E+04
 24.0 6.34251E+04
 24.5 6.53276E+04
 25.0 6.72222E+04
 25.5 6.91026E+04
 26.0 7.09623E+04
 26.5 7.27945E+04
 27.0 7.45924E+04
 27.5 7.63493E+04
 28.0 7.80585E+04
 28.5 7.97137E+04
 29.0 8.13090E+04
 29.5 8.28390E+04
 30.0 8.42989E+04
 30.5 8.56844E+04
 31.0 8.69918E+04
 31.5 8.82182E+04
 32.0 8.93613E+04
 32.5 9.04192E+04
 33.0 9.13910E+04
 33.5 9.22760E+04
 34.0 9.30742E+04
 34.5 9.37861E+04
 35.0 9.44127E+04
 35.5 9.49551E+04
 36.0 9.54152E+04
 36.5 9.57949E+04
 37.0 9.60964E+04
 37.5 9.63222E+04
 38.0 9.64750E+04
 38.5 9.65575E+04
 39.0 9.65727E+04
 39.5 9.65234E+04
 40.0 9.64127E+04
 40.5 9.62438E+04
 41.0 9.60196E+04
 41.5 9.57431E+04
 42.0 9.54175E+04
 42.5 9.50456E+04
 43.0 9.46303E+04
 43.5 9.41745E+04
 44.0 9.36809E+04
 44.5 9.31521E+04
 45.0 9.25907E+04
 45.5 9.19993E+04
 46.0 9.13801E+04
 46.5 9.07354E+04
 47.0 9.00675E+04
 47.5 8.93783E+04
 48.0 8.86699E+04
 48.5 8.79441E+04
 49.0 8.72027E+04
 49.5 8.64474E+04
 50.0 8.56797E+04
 50.5 8.49012E+04
 51.0 8.41133E+04
 51.5 8.33173E+04
 52.0 8.25144E+04
 52.5 8.17058E+04
 53.0 8.08927E+04
 53.5 8.00759E+04
 54.0 7.92565E+04
 54.5 7.84354E+04
 55.0 7.76133E+04
 55.5 7.67911E+04
 56.0 7.59694E+04
 56.5 7.51490E+04
 57.0 7.43303E+04
 57.5 7.35140E+04
 58.0 3.75718E+05
 58.5 7.18906E+04
 59.0 7.10843E+04
 59.5 6.12136E+05
 60.0 6.94847E+04
 60.5 6.86920E+04
 61.0 6.79045E+04
 61.5 6.71224E+04
 62.0 6.63459E+04
 62.5 6.55754E+04
 63.0 6.48108E+04
 63.5 6.40525E+04
 64.0 6.33006E+04
 64.5 6.25551E+04
 65.0 6.18163E+04
 65.5 6.10841E+04
 66.0 6.03587E+04
 66.5 5.96402E+04
 67.0 2.57441E+05
 67.5 5.82237E+04
 68.0 5.75258E+04
 68.5 5.68348E+04
 69.0 1.09481E+05
 69.5 5.18955E+04
 70.0 3.36189E+04
 70.5 3.35169E+04
 71.0 3.34101E+04
 71.5 3.32984E+04
 72.0 3.31820E+04
 72.5 3.30608E+04
 73.0 3.29351E+04
 73.5 3.28048E+04
 74.0 3.26701E+04
 74.5 3.25311E+04
 75.0 3.23878E+04
 75.5 3.22403E+04
 76.0 3.20888E+04
 76.5 3.19332E+04
 77.0 3.17738E+04
 77.5 3.16105E+04
 78.0 3.14434E+04
 78.5 3.12727E+04
 79.0 3.10984E+04
 79.5 3.09206E+04
 80.0 3.07393E+04
 80.5 3.05548E+04
 81.0 3.03670E+04
 81.5 3.01760E+04
 82.0 2.99819E+04
 82.5 2.97848E+04
 83.0 2.95847E+04
 83.5 2.93818E+04
 84.0 2.91761E+04
 84.5 2.89677E+04
 85.0 2.87567E+04
 85.5 2.85430E+04
 86.0 2.83269E+04
 86.5 2.81084E+04
 87.0 2.78874E+04
 87.5 2.76642E+04
 88.0 2.74388E+04
 88.5 2.72111E+04
 89.0 2.69814E+04
 89.5 2.67497E+04
 90.0 2.65159E+04
 90.5 2.62803E+04
 91.0 2.60428E+04
 91.5 2.58034E+04
 92.0 2.55624E+04
 92.5 2.53196E+04
 93.0 2.50752E+04
 93.5 2.48293E+04
 94.0 2.45818E+04
 94.5 2.43328E+04
 95.0 2.40824E+04
 95.5 2.38307E+04
 96.0 2.35776E+04
 96.5 2.33232E+04
 97.0 2.30676E+04
 97.5 2.28108E+04
 98.0 2.25528E+04
 98.5 2.22938E+04
 99.0 2.20337E+04
 99.5 2.17726E+04
100.0 2.15105E+04
100.5 2.12474E+04
101.0 2.09835E+04
101.5 2.07187E+04
102.0 2.04531E+04
102.5 2.01868E+04
103.0 1.99196E+04
103.5 1.96518E+04
104.0 1.93833E+04
104.5 1.91142E+04
105.0 1.88444E+04
105.5 1.85741E+04
106.0 1.83032E+04
106.5 1.80319E+04
107.0 1.77600E+04
107.5 1.74878E+04
108.0 1.72150E+04
108.5 1.69420E+04
109.0 1.66685E+04
109.5 1.63947E+04
110.0 1.61207E+04
110.5 1.58463E+04
111.0 1.55717E+04
111.5 1.52969E+04
112.0 1.50219E+04
112.5 1.47468E+04
113.0 1.44715E+04
113.5 1.41960E+04
114.0 1.39205E+04
114.5 1.36450E+04
115.0 1.33693E+04
115.5 1.30937E+04
116.0 1.28181E+04
116.5 1.25425E+04
117.0 1.22669E+04
117.5 1.19915E+04
118.0 1.17161E+04
118.5 1.14408E+04
119.0 1.11657E+04
119.5 1.08908E+04
120.0 1.06160E+04
120.5 1.03414E+04
121.0 1.00671E+04
121.5 9.79298E+03
122.0 9.51916E+03
122.5 9.24562E+03
123.0 8.97238E+03
123.5 8.69948E+03
124.0 8.42692E+03
124.5 8.15472E+03
125.0 7.88292E+03
125.5 7.61151E+03
126.0 7.34054E+03
126.5 7.07000E+03
127.0 6.79993E+03
127.5 6.53034E+03
128.0 6.26125E+03
128.5 5.99267E+03
129.0 5.72464E+03
129.5 5.45715E+03
130.0 5.19025E+03
130.5 4.92393E+03
131.0 4.65822E+03
131.5 4.39314E+03
132.0 4.12871E+03
132.5 3.86494E+03
133.0 3.60185E+03
133.5 3.33946E+03
134.0 3.07779E+03
134.5 2.81685E+03
135.0 2.55667E+03
135.5 2.29725E+03
136.0 2.03862E+03
136.5 1.78080E+03
137.0 1.52380E+03
137.5 1.26764E+03
138.0 1.01234E+03
138.5 7.57906E+02
139.0 5.04369E+02
139.5 2.51741E+02
140.0 2.09557E+01
