140K18D0W2
  0.5 0.00000E+00
  1.0 0.00000E+00
  1.5 0.00000E+00
  2.0 0.00000E+00
  2.5 0.00000E+00
  3.0 0.00000E+00
  3.5 2.68151E+04
  4.0 3.50104E+04
  4.5 4.36098E+04
  5.0 5.26059E+04
  5.5 6.19976E+04
  6.0 7.17877E+04
  6.5 8.19829E+04
  7.0 9.25957E+04
  7.5 1.03646E+05
  8.0 1.15164E+05
  8.5 1.47148E+06
  9.0 1.39790E+05
  9.5 1.42761E+06
 10.0 1.19119E+06
 10.5 6.56511E+04
 11.0 7.06210E+04
 11.5 1.55194E+05
 12.0 5.46180E+04
 12.5 5.09991E+04
 13.0 5.42169E+04
 13.5 5.75045E+04
 14.0 6.08648E+04
 14.5 6.43004E+04
 15.0 6.78142E+04
 15.5 7.14087E+04
 16.0 7.50853E+04
 16.5 7.88437E+04
 17.0 8.26809E+04
 17.5 8.65910E+04
 18.0 9.05642E+04
 18.5 9.45871E+04
 19.0 9.86424E+04
 19.5 1.02710E+05
 20.0 1.06766E+05
 20.5 1.10786E+05
 21.0 1.14745E+05
 21.5 1.18615E+05
 22.0 1.22372E+05
 22.5 1.25992E+05
 23.0 1.29454E+05
 23.5 1.32738E+05
 24.0 1.35827E+05
 24.5 1.38709E+05
 25.0 1.41373E+05
 25.5 1.43811E+05
 26.0 1.46018E+05
 26.5 1.47992E+05
 27.0 1.49733E+05
 27.5 1.51244E+05
 28.0 1.52528E+05
 28.5 1.53592E+05
 29.0 1.54441E+05
 29.5 1.55085E+05
 30.0 1.55531E+05
 30.5 1.55790E+05
 31.0 1.55870E+05
 31.5 1.55783E+05
 32.0 1.55539E+05
 32.5 1.55147E+05
 33.0 1.54617E+05
 33.5 1.53961E+05
 34.0 1.53187E+05
 34.5 1.52306E+05
 35.0 1.51326E+05
 35.5 1.50255E+05
 36.0 1.49103E+05
 36.5 1.47877E+05
 37.0 1.46584E+05
 37.5 1.45233E+05
 38.0 1.43828E+05
 38.5 1.42378E+05
 39.0 1.40887E+05
 39.5 1.39361E+05
 40.0 1.37805E+05
 40.5 1.36223E+05
 41.0 1.34621E+05
 41.5 1.33002E+05
 42.0 1.31370E+05
 42.5 1.29728E+05
 43.0 1.28080E+05
 43.5 1.26428E+05
 44.0 1.24776E+05
 44.5 1.23124E+05
 45.0 1.21477E+05
 45.5 1.19835E+05
 46.0 1.18200E+05
 46.5 1.16575E+05
 47.0 1.14960E+05
 47.5 1.13357E+05
 48.0 1.11767E+05
 48.5 1.10192E+05
 49.0 1.08631E+05
 49.5 1.07086E+05
 50.0 1.05557E+05
 50.5 1.04046E+05
 51.0 1.02552E+05
 51.5 1.01077E+05
 52.0 9.96199E+04
 52.5 9.81817E+04
 53.0 9.67626E+04
 53.5 9.53627E+04
 54.0 9.39822E+04
 54.5 9.26211E+04
 55.0 9.12796E+04
 55.5 8.99577E+04
 56.0 8.86552E+04
 56.5 8.73722E+04
 57.0 8.61086E+04
 57.5 8.48642E+04
 58.0 4.77222E+05
 58.5 8.24327E+04
 59.0 8.12452E+04
 59.5 7.73302E+05
 60.0 7.89259E+04
 60.5 7.77937E+04
 61.0 7.66794E+04
 61.5 7.55828E+04
 62.0 7.45037E+04
 62.5 7.34418E+04
 63.0 7.23969E+04
 63.5 7.13686E+04
 64.0 7.03569E+04
 64.5 6.93612E+04
 65.0 6.83815E+04
 65.5 6.74174E+04
 66.0 6.64685E+04
 66.5 6.55348E+04
 67.0 3.01919E+05
 67.5 6.37113E+04
 68.0 6.28211E+04
 68.5 6.19447E+04
 69.0 1.23987E+05
 69.5 5.79734E+04
 70.0 4.60546E+04
 70.5 4.56521E+04
 71.0 4.52496E+04
 71.5 4.48472E+04
 72.0 4.44450E+04
 72.5 4.40430E+04
 73.0 4.36415E+04
 73.5 4.32404E+04
 74.0 4.28398E+04
 74.5 4.24398E+04
 75.0 4.20404E+04
 75.5 4.16418E+04
 76.0 4.12440E+04
 76.5 4.08471E+04
 77.0 4.04510E+04
 77.5 4.00559E+04
 78.0 3.96617E+04
 78.5 3.92686E+04
 79.0 3.88765E+04
 79.5 3.84855E+04
 80.0 3.80957E+04
 80.5 3.77070E+04
 81.0 3.73195E+04
 81.5 3.69332E+04
 82.0 3.65482E+04
 82.5 3.61643E+04
 83.0 3.57817E+04
 83.5 3.54005E+04
 84.0 3.50205E+04
 84.5 3.46418E+04
 85.0 3.42644E+04
 85.5 3.38883E+04
 86.0 3.35136E+04
 86.5 3.31402E+04
 87.0 3.27681E+04
 87.5 3.23974E+04
 88.0 3.20280E+04
 88.5 3.16600E+04
 89.0 3.12933E+04
 89.5 3.09279E+04
 90.0 3.05639E+04
 90.5 3.02013E+04
 91.0 2.98399E+04
 91.5 2.94799E+04
 92.0 2.91213E+04
 92.5 2.87639E+04
 93.0 2.84079E+04
 93.5 2.80532E+04
 94.0 2.76998E+04
 94.5 2.73477E+04
 95.0 2.69969E+04
 95.5 2.66474E+04
 96.0 2.62991E+04
 96.5 2.59522E+04
 97.0 2.56064E+04
 97.5 2.52620E+04
 98.0 2.49188E+04
 98.5 2.45768E+04
 99.0 2.42361E+04
 99.5 2.38966E+04
100.0 2.35583E+04
100.5 2.32212E+04
101.0 2.28853E+04
101.5 2.25506E+04
102.0 2.22171E+04
102.5 2.18848E+04
103.0 2.15536E+04
103.5 2.12236E+04
104.0 2.08947E+04
104.5 2.05670E+04
105.0 2.02404E+04
105.5 1.99149E+04
106.0 1.95906E+04
106.5 1.92674E+04
107.0 1.89453E+04
107.5 1.86243E+04
108.0 1.83043E+04
108.5 1.79855E+04
109.0 1.76677E+04
109.5 1.73511E+04
110.0 1.70355E+04
110.5 1.67209E+04
111.0 1.64074E+04
111.5 1.60950E+04
112.0 1.57836E+04
112.5 1.54733E+04
113.0 1.51640E+04
113.5 1.48558E+04
114.0 1.45486E+04
114.5 1.42424E+04
115.0 1.39372E+04
115.5 1.36331E+04
116.0 1.33300E+04
116.5 1.30279E+04
117.0 1.27268E+04
117.5 1.24268E+04
118.0 1.21278E+04
118.5 1.18298E+04
119.0 1.15327E+04
119.5 1.12368E+04
120.0 1.09418E+04
120.5 1.06478E+04
121.0 1.03549E+04
121.5 1.00629E+04
122.0 9.77199E+03
122.5 9.48208E+03
123.0 9.19319E+03
123.5 8.90531E+03
124.0 8.61845E+03
124.5 8.33261E+03
125.0 8.04780E+03
125.5 7.76400E+03
126.0 7.48124E+03
126.5 7.19951E+03
127.0 6.91882E+03
127.5 6.63916E+03
128.0 6.36055E+03
128.5 6.08298E+03
129.0 5.80646E+03
129.5 5.53099E+03
130.0 5.25658E+03
130.5 4.98324E+03
131.0 4.71097E+03
131.5 4.43977E+03
132.0 4.16965E+03
132.5 3.90062E+03
133.0 3.63268E+03
133.5 3.36583E+03
134.0 3.10010E+03
134.5 2.83547E+03
135.0 2.57196E+03
135.5 2.30958E+03
136.0 2.04833E+03
136.5 1.78822E+03
137.0 1.52926E+03
137.5 1.27145E+03
138.0 1.01481E+03
138.5 7.59339E+02
139.0 5.05050E+02
139.5 2.51951E+02
140.0 2.09667E+01
