140K19D0W2
  0.5 0.00000E+00
  1.0 0.00000E+00
  1.5 0.00000E+00
  2.0 0.00000E+00
  2.5 0.00000E+00
  3.0 0.00000E+00
  3.5 2.87544E+04
  4.0 3.74174E+04
  4.5 4.65160E+04
  5.0 5.60445E+04
  5.5 6.60033E+04
  6.0 7.63971E+04
  6.5 8.72353E+04
  7.0 9.85345E+04
  7.5 1.10321E+05
  8.0 1.22633E+05
  8.5 1.71049E+06
  9.0 1.49066E+05
  9.5 1.58971E+06
 10.0 1.32546E+06
 10.5 6.98610E+04
 11.0 7.51638E+04
 11.5 1.76784E+05
 12.0 5.81146E+04
 12.5 5.42618E+04
 13.0 5.76918E+04
 13.5 6.12001E+04
 14.0 6.47900E+04
 14.5 6.84647E+04
 15.0 7.22275E+04
 15.5 7.60807E+04
 16.0 8.00249E+04
 16.5 8.40581E+04
 17.0 8.81750E+04
 17.5 9.23664E+04
 18.0 9.66184E+04
 18.5 1.00913E+05
 19.0 1.05229E+05
 19.5 1.09541E+05
 20.0 1.13821E+05
 20.5 1.18041E+05
 21.0 1.22173E+05
 21.5 1.26187E+05
 22.0 1.30058E+05
 22.5 1.33761E+05
 23.0 1.37275E+05
 23.5 1.40580E+05
 24.0 1.43662E+05
 24.5 1.46509E+05
 25.0 1.49112E+05
 25.5 1.51466E+05
 26.0 1.53569E+05
 26.5 1.55420E+05
 27.0 1.57022E+05
 27.5 1.58380E+05
 28.0 1.59500E+05
 28.5 1.60390E+05
 29.0 1.61058E+05
 29.5 1.61514E+05
 30.0 1.61769E+05
 30.5 1.61834E+05
 31.0 1.61719E+05
 31.5 1.61436E+05
 32.0 1.60997E+05
 32.5 1.60412E+05
 33.0 1.59693E+05
 33.5 1.58849E+05
 34.0 1.57892E+05
 34.5 1.56831E+05
 35.0 1.55675E+05
 35.5 1.54434E+05
 36.0 1.53116E+05
 36.5 1.51730E+05
 37.0 1.50282E+05
 37.5 1.48780E+05
 38.0 1.47231E+05
 38.5 1.45641E+05
 39.0 1.44015E+05
 39.5 1.42360E+05
 40.0 1.40679E+05
 40.5 1.38978E+05
 41.0 1.37261E+05
 41.5 1.35532E+05
 42.0 1.33794E+05
 42.5 1.32051E+05
 43.0 1.30306E+05
 43.5 1.28561E+05
 44.0 1.26819E+05
 44.5 1.25083E+05
 45.0 1.23354E+05
 45.5 1.21634E+05
 46.0 1.19924E+05
 46.5 1.18228E+05
 47.0 1.16544E+05
 47.5 1.14876E+05
 48.0 1.13224E+05
 48.5 1.11588E+05
 49.0 1.09970E+05
 49.5 1.08370E+05
 50.0 1.06789E+05
 50.5 1.05228E+05
 51.0 1.03687E+05
 51.5 1.02165E+05
 52.0 1.00665E+05
 52.5 9.91845E+04
 53.0 9.77253E+04
 53.5 9.62871E+04
 54.0 9.48699E+04
 54.5 9.34737E+04
 55.0 9.20986E+04
 55.5 9.07445E+04
 56.0 8.94112E+04
 56.5 8.80987E+04
 57.0 8.68068E+04
 57.5 8.55354E+04
 58.0 4.83423E+05
 58.5 8.30531E+04
 59.0 8.18418E+04
 59.5 7.83091E+05
 60.0 7.94778E+04
 60.5 7.83246E+04
 61.0 7.71902E+04
 61.5 7.60743E+04
 62.0 7.49767E+04
 62.5 7.38971E+04
 63.0 7.28351E+04
 63.5 7.17906E+04
 64.0 7.07631E+04
 64.5 6.97524E+04
 65.0 6.87582E+04
 65.5 6.77802E+04
 66.0 6.68180E+04
 66.5 6.58715E+04
 67.0 3.04525E+05
 67.5 6.40238E+04
 68.0 6.31222E+04
 68.5 6.22350E+04
 69.0 1.24825E+05
 69.5 5.83394E+04
 70.0 4.68859E+04
 70.5 4.64598E+04
 71.0 4.60342E+04
 71.5 4.56093E+04
 72.0 4.51851E+04
 72.5 4.47617E+04
 73.0 4.43393E+04
 73.5 4.39179E+04
 74.0 4.34974E+04
 74.5 4.30781E+04
 75.0 4.26600E+04
 75.5 4.22431E+04
 76.0 4.18274E+04
 76.5 4.14131E+04
 77.0 4.10001E+04
 77.5 4.05885E+04
 78.0 4.01783E+04
 78.5 3.97696E+04
 79.0 3.93623E+04
 79.5 3.89565E+04
 80.0 3.85523E+04
 80.5 3.81496E+04
 81.0 3.77485E+04
 81.5 3.73489E+04
 82.0 3.69510E+04
 82.5 3.65546E+04
 83.0 3.61598E+04
 83.5 3.57666E+04
 84.0 3.53751E+04
 84.5 3.49852E+04
 85.0 3.45969E+04
 85.5 3.42102E+04
 86.0 3.38252E+04
 86.5 3.34418E+04
 87.0 3.30599E+04
 87.5 3.26797E+04
 88.0 3.23012E+04
 88.5 3.19242E+04
 89.0 3.15488E+04
 89.5 3.11750E+04
 90.0 3.08028E+04
 90.5 3.04322E+04
 91.0 3.00631E+04
 91.5 2.96956E+04
 92.0 2.93296E+04
 92.5 2.89652E+04
 93.0 2.86023E+04
 93.5 2.82409E+04
 94.0 2.78810E+04
 94.5 2.75226E+04
 95.0 2.71656E+04
 95.5 2.68102E+04
 96.0 2.64562E+04
 96.5 2.61036E+04
 97.0 2.57525E+04
 97.5 2.54028E+04
 98.0 2.50545E+04
 98.5 2.47075E+04
 99.0 2.43620E+04
 99.5 2.40178E+04
100.0 2.36750E+04
100.5 2.33336E+04
101.0 2.29934E+04
101.5 2.26546E+04
102.0 2.23171E+04
102.5 2.19809E+04
103.0 2.16460E+04
103.5 2.13123E+04
104.0 2.09800E+04
104.5 2.06488E+04
105.0 2.03189E+04
105.5 1.99903E+04
106.0 1.96629E+04
106.5 1.93367E+04
107.0 1.90117E+04
107.5 1.86878E+04
108.0 1.83652E+04
108.5 1.80437E+04
109.0 1.77235E+04
109.5 1.74043E+04
110.0 1.70864E+04
110.5 1.67695E+04
111.0 1.64539E+04
111.5 1.61393E+04
112.0 1.58259E+04
112.5 1.55136E+04
113.0 1.52023E+04
113.5 1.48923E+04
114.0 1.45833E+04
114.5 1.42754E+04
115.0 1.39685E+04
115.5 1.36628E+04
116.0 1.33582E+04
116.5 1.30546E+04
117.0 1.27521E+04
117.5 1.24507E+04
118.0 1.21504E+04
118.5 1.18511E+04
119.0 1.15529E+04
119.5 1.12557E+04
120.0 1.09596E+04
120.5 1.06646E+04
121.0 1.03706E+04
121.5 1.00777E+04
122.0 9.78579E+03
122.5 9.49498E+03
123.0 9.20522E+03
123.5 8.91652E+03
124.0 8.62887E+03
124.5 8.34229E+03
125.0 8.05676E+03
125.5 7.77229E+03
126.0 7.48888E+03
126.5 7.20654E+03
127.0 6.92527E+03
127.5 6.64506E+03
128.0 6.36593E+03
128.5 6.08787E+03
129.0 5.81088E+03
129.5 5.53498E+03
130.0 5.26017E+03
130.5 4.98645E+03
131.0 4.71382E+03
131.5 4.44229E+03
132.0 4.17186E+03
132.5 3.90254E+03
133.0 3.63434E+03
133.5 3.36726E+03
134.0 3.10130E+03
134.5 2.83647E+03
135.0 2.57278E+03
135.5 2.31024E+03
136.0 2.04885E+03
136.5 1.78862E+03
137.0 1.52955E+03
137.5 1.27166E+03
138.0 1.01494E+03
138.5 7.59416E+02
139.0 5.05087E+02
139.5 2.51962E+02
140.0 2.09673E+01
