140K12D0W2
  0.5 0.00000E+00
  1.0 0.00000E+00
  1.5 0.00000E+00
  2.0 0.00000E+00
  2.5 0.00000E+00
  3.0 0.00000E+00
  3.5 1.56944E+04
  4.0 2.11723E+04
  4.5 2.68950E+04
  5.0 3.28431E+04
  5.5 3.90086E+04
  6.0 4.53874E+04
  6.5 5.19772E+04
  7.0 5.87773E+04
  7.5 6.57885E+04
  8.0 7.30135E+04
  8.5 3.84865E+05
  9.0 8.81305E+04
  9.5 5.39713E+05
 10.0 4.55801E+05
 10.5 4.17091E+04
 11.0 4.48571E+04
 11.5 6.01403E+04
 12.0 3.47113E+04
 12.5 3.24146E+04
 13.0 3.44633E+04
 13.5 3.65446E+04
 14.0 3.86587E+04
 14.5 4.08060E+04
 15.0 4.29870E+04
 15.5 4.52021E+04
 16.0 4.74519E+04
 16.5 4.97373E+04
 17.0 5.20588E+04
 17.5 5.44171E+04
 18.0 5.68127E+04
 18.5 5.92455E+04
 19.0 6.17149E+04
 19.5 6.42192E+04
 20.0 6.67557E+04
 20.5 6.93202E+04
 21.0 7.19074E+04
 21.5 7.45102E+04
 22.0 7.71203E+04
 22.5 7.97282E+04
 23.0 8.23232E+04
 23.5 8.48940E+04
 24.0 8.74288E+04
 24.5 8.99156E+04
 25.0 9.23426E+04
 25.5 9.46981E+04
 26.0 9.69715E+04
 26.5 9.91528E+04
 27.0 1.01233E+05
 27.5 1.03204E+05
 28.0 1.05060E+05
 28.5 1.06795E+05
 29.0 1.08404E+05
 29.5 1.09885E+05
 30.0 1.11236E+05
 30.5 1.12456E+05
 31.0 1.13545E+05
 31.5 1.14504E+05
 32.0 1.15334E+05
 32.5 1.16039E+05
 33.0 1.16622E+05
 33.5 1.17085E+05
 34.0 1.17434E+05
 34.5 1.17672E+05
 35.0 1.17804E+05
 35.5 1.17836E+05
 36.0 1.17771E+05
 36.5 1.17615E+05
 37.0 1.17373E+05
 37.5 1.17051E+05
 38.0 1.16652E+05
 38.5 1.16183E+05
 39.0 1.15648E+05
 39.5 1.15051E+05
 40.0 1.14397E+05
 40.5 1.13691E+05
 41.0 1.12937E+05
 41.5 1.12138E+05
 42.0 1.11299E+05
 42.5 1.10424E+05
 43.0 1.09515E+05
 43.5 1.08577E+05
 44.0 1.07612E+05
 44.5 1.06623E+05
 45.0 1.05613E+05
 45.5 1.04585E+05
 46.0 1.03542E+05
 46.5 1.02484E+05
 47.0 1.01416E+05
 47.5 1.00338E+05
 48.0 9.92524E+04
 48.5 9.81612E+04
 49.0 9.70659E+04
 49.5 9.59681E+04
 50.0 9.48688E+04
 50.5 9.37697E+04
 51.0 9.26718E+04
 51.5 9.15761E+04
 52.0 9.04837E+04
 52.5 8.93955E+04
 53.0 8.83123E+04
 53.5 8.72347E+04
 54.0 8.61637E+04
 54.5 8.50997E+04
 55.0 8.40433E+04
 55.5 8.29949E+04
 56.0 8.19552E+04
 56.5 8.09243E+04
 57.0 7.99028E+04
 57.5 7.88908E+04
 58.0 4.22984E+05
 58.5 7.68968E+04
 59.0 7.59152E+04
 59.5 6.87412E+05
 60.0 7.39834E+04
 60.5 7.30335E+04
 61.0 7.20945E+04
 61.5 7.11662E+04
 62.0 7.02489E+04
 62.5 6.93425E+04
 63.0 6.84470E+04
 63.5 6.75625E+04
 64.0 6.66888E+04
 64.5 6.58260E+04
 65.0 6.49739E+04
 65.5 6.41326E+04
 66.0 6.33020E+04
 66.5 6.24819E+04
 67.0 2.78609E+05
 67.5 6.08730E+04
 68.0 6.00840E+04
 68.5 5.93052E+04
 69.0 1.16430E+05
 69.5 5.47519E+04
 70.0 3.91376E+04
 70.5 3.89155E+04
 71.0 3.86897E+04
 71.5 3.84605E+04
 72.0 3.82278E+04
 72.5 3.79919E+04
 73.0 3.77529E+04
 73.5 3.75109E+04
 74.0 3.72659E+04
 74.5 3.70182E+04
 75.0 3.67677E+04
 75.5 3.65147E+04
 76.0 3.62592E+04
 76.5 3.60014E+04
 77.0 3.57412E+04
 77.5 3.54789E+04
 78.0 3.52145E+04
 78.5 3.49481E+04
 79.0 3.46798E+04
 79.5 3.44096E+04
 80.0 3.41377E+04
 80.5 3.38641E+04
 81.0 3.35889E+04
 81.5 3.33121E+04
 82.0 3.30340E+04
 82.5 3.27544E+04
 83.0 3.24735E+04
 83.5 3.21914E+04
 84.0 3.19081E+04
 84.5 3.16236E+04
 85.0 3.13381E+04
 85.5 3.10516E+04
 86.0 3.07641E+04
 86.5 3.04757E+04
 87.0 3.01865E+04
 87.5 2.98964E+04
 88.0 2.96056E+04
 88.5 2.93141E+04
 89.0 2.90219E+04
 89.5 2.87291E+04
 90.0 2.84357E+04
 90.5 2.81417E+04
 91.0 2.78473E+04
 91.5 2.75524E+04
 92.0 2.72570E+04
 92.5 2.69613E+04
 93.0 2.66652E+04
 93.5 2.63688E+04
 94.0 2.60721E+04
 94.5 2.57751E+04
 95.0 2.54779E+04
 95.5 2.51805E+04
 96.0 2.48829E+04
 96.5 2.45852E+04
 97.0 2.42873E+04
 97.5 2.39893E+04
 98.0 2.36912E+04
 98.5 2.33931E+04
 99.0 2.30950E+04
 99.5 2.27969E+04
100.0 2.24987E+04
100.5 2.22006E+04
101.0 2.19026E+04
101.5 2.16046E+04
102.0 2.13067E+04
102.5 2.10090E+04
103.0 2.07114E+04
103.5 2.04139E+04
104.0 2.01166E+04
104.5 1.98194E+04
105.0 1.95225E+04
105.5 1.92258E+04
106.0 1.89293E+04
106.5 1.86330E+04
107.0 1.83370E+04
107.5 1.80413E+04
108.0 1.77459E+04
108.5 1.74508E+04
109.0 1.71560E+04
109.5 1.68615E+04
110.0 1.65674E+04
110.5 1.62736E+04
111.0 1.59802E+04
111.5 1.56872E+04
112.0 1.53946E+04
112.5 1.51024E+04
113.0 1.48106E+04
113.5 1.45192E+04
114.0 1.42283E+04
114.5 1.39379E+04
115.0 1.36479E+04
115.5 1.33584E+04
116.0 1.30694E+04
116.5 1.27809E+04
117.0 1.24929E+04
117.5 1.22054E+04
118.0 1.19185E+04
118.5 1.16321E+04
119.0 1.13463E+04
119.5 1.10610E+04
120.0 1.07764E+04
120.5 1.04923E+04
121.0 1.02089E+04
121.5 9.92601E+03
122.0 9.64380E+03
122.5 9.36223E+03
123.0 9.08130E+03
123.5 8.80104E+03
124.0 8.52145E+03
124.5 8.24255E+03
125.0 7.96434E+03
125.5 7.68685E+03
126.0 7.41007E+03
126.5 7.13402E+03
127.0 6.85871E+03
127.5 6.58416E+03
128.0 6.31037E+03
128.5 6.03735E+03
129.0 5.76513E+03
129.5 5.49371E+03
130.0 5.22309E+03
130.5 4.95331E+03
131.0 4.68435E+03
131.5 4.41625E+03
132.0 4.14900E+03
132.5 3.88263E+03
133.0 3.61714E+03
133.5 3.35254E+03
134.0 3.08886E+03
134.5 2.82609E+03
135.0 2.56426E+03
135.5 2.30337E+03
136.0 2.04344E+03
136.5 1.78448E+03
137.0 1.52651E+03
137.5 1.26953E+03
138.0 1.01356E+03
138.5 7.58618E+02
139.0 5.04707E+02
139.5 2.51845E+02
140.0 2.09612E+01
