140K17D0W2
  0.5 0.00000E+00
  1.0 0.00000E+00
  1.5 0.00000E+00
  2.0 0.00000E+00
  2.5 0.00000E+00
  3.0 0.00000E+00
  3.5 2.49018E+04
  4.0 3.26347E+04
  4.5 4.07414E+04
  5.0 4.92130E+04
  5.5 5.80471E+04
  6.0 6.72447E+04
  6.5 7.68104E+04
  7.0 8.67530E+04
  7.5 9.70873E+04
  8.0 1.07837E+05
  8.5 1.24599E+06
  9.0 1.30726E+05
  9.5 1.26746E+06
 10.0 1.05856E+06
 10.5 6.15112E+04
 11.0 6.61575E+04
 11.5 1.35103E+05
 12.0 5.11782E+04
 12.5 4.77890E+04
 13.0 5.08001E+04
 13.5 5.38734E+04
 14.0 5.70111E+04
 14.5 6.02154E+04
 15.0 6.34887E+04
 15.5 6.68333E+04
 16.0 7.02510E+04
 16.5 7.37425E+04
 17.0 7.73066E+04
 17.5 8.09400E+04
 18.0 8.46362E+04
 18.5 8.83855E+04
 19.0 9.21752E+04
 19.5 9.59891E+04
 20.0 9.98082E+04
 20.5 1.03612E+05
 21.0 1.07377E+05
 21.5 1.11080E+05
 22.0 1.14699E+05
 22.5 1.18210E+05
 23.0 1.21593E+05
 23.5 1.24828E+05
 24.0 1.27898E+05
 24.5 1.30788E+05
 25.0 1.33487E+05
 25.5 1.35984E+05
 26.0 1.38273E+05
 26.5 1.40350E+05
 27.0 1.42212E+05
 27.5 1.43859E+05
 28.0 1.45294E+05
 28.5 1.46519E+05
 29.0 1.47540E+05
 29.5 1.48362E+05
 30.0 1.48993E+05
 30.5 1.49440E+05
 31.0 1.49713E+05
 31.5 1.49819E+05
 32.0 1.49768E+05
 32.5 1.49569E+05
 33.0 1.49232E+05
 33.5 1.48766E+05
 34.0 1.48179E+05
 34.5 1.47481E+05
 35.0 1.46680E+05
 35.5 1.45785E+05
 36.0 1.44804E+05
 36.5 1.43744E+05
 37.0 1.42613E+05
 37.5 1.41418E+05
 38.0 1.40165E+05
 38.5 1.38861E+05
 39.0 1.37512E+05
 39.5 1.36122E+05
 40.0 1.34697E+05
 40.5 1.33242E+05
 41.0 1.31762E+05
 41.5 1.30260E+05
 42.0 1.28740E+05
 42.5 1.27206E+05
 43.0 1.25662E+05
 43.5 1.24109E+05
 44.0 1.22552E+05
 44.5 1.20992E+05
 45.0 1.19432E+05
 45.5 1.17874E+05
 46.0 1.16320E+05
 46.5 1.14771E+05
 47.0 1.13230E+05
 47.5 1.11697E+05
 48.0 1.10175E+05
 48.5 1.08664E+05
 49.0 1.07165E+05
 49.5 1.05679E+05
 50.0 1.04207E+05
 50.5 1.02750E+05
 51.0 1.01308E+05
 51.5 9.98827E+04
 52.0 9.84733E+04
 52.5 9.70806E+04
 53.0 9.57051E+04
 53.5 9.43469E+04
 54.0 9.30064E+04
 54.5 9.16837E+04
 55.0 9.03788E+04
 55.5 8.90920E+04
 56.0 8.78231E+04
 56.5 8.65724E+04
 57.0 8.53396E+04
 57.5 8.41248E+04
 58.0 4.70415E+05
 58.5 8.17489E+04
 59.0 8.05875E+04
 59.5 7.62549E+05
 60.0 7.83171E+04
 60.5 7.72079E+04
 61.0 7.61156E+04
 61.5 7.50402E+04
 62.0 7.39814E+04
 62.5 7.29390E+04
 63.0 7.19128E+04
 63.5 7.09025E+04
 64.0 6.99080E+04
 64.5 6.89289E+04
 65.0 6.79651E+04
 65.5 6.70162E+04
 66.0 6.60821E+04
 66.5 6.51624E+04
 67.0 2.99046E+05
 67.5 6.33656E+04
 68.0 6.24879E+04
 68.5 6.16236E+04
 69.0 1.23060E+05
 69.5 5.75712E+04
 70.0 4.51517E+04
 70.5 4.47745E+04
 71.0 4.43966E+04
 71.5 4.40183E+04
 72.0 4.36395E+04
 72.5 4.32605E+04
 73.0 4.28813E+04
 73.5 4.25020E+04
 74.0 4.21227E+04
 74.5 4.17434E+04
 75.0 4.13643E+04
 75.5 4.09854E+04
 76.0 4.06068E+04
 76.5 4.02286E+04
 77.0 3.98508E+04
 77.5 3.94734E+04
 78.0 3.90966E+04
 78.5 3.87203E+04
 79.0 3.83447E+04
 79.5 3.79697E+04
 80.0 3.75955E+04
 80.5 3.72220E+04
 81.0 3.68493E+04
 81.5 3.64773E+04
 82.0 3.61063E+04
 82.5 3.57361E+04
 83.0 3.53668E+04
 83.5 3.49984E+04
 84.0 3.46309E+04
 84.5 3.42644E+04
 85.0 3.38989E+04
 85.5 3.35344E+04
 86.0 3.31710E+04
 86.5 3.28085E+04
 87.0 3.24471E+04
 87.5 3.20867E+04
 88.0 3.17274E+04
 88.5 3.13691E+04
 89.0 3.10119E+04
 89.5 3.06558E+04
 90.0 3.03007E+04
 90.5 2.99468E+04
 91.0 2.95940E+04
 91.5 2.92422E+04
 92.0 2.88915E+04
 92.5 2.85420E+04
 93.0 2.81935E+04
 93.5 2.78461E+04
 94.0 2.74998E+04
 94.5 2.71547E+04
 95.0 2.68106E+04
 95.5 2.64676E+04
 96.0 2.61257E+04
 96.5 2.57848E+04
 97.0 2.54451E+04
 97.5 2.51064E+04
 98.0 2.47688E+04
 98.5 2.44323E+04
 99.0 2.40969E+04
 99.5 2.37625E+04
100.0 2.34292E+04
100.5 2.30969E+04
101.0 2.27657E+04
101.5 2.24356E+04
102.0 2.21064E+04
102.5 2.17784E+04
103.0 2.14513E+04
103.5 2.11253E+04
104.0 2.08003E+04
104.5 2.04764E+04
105.0 2.01534E+04
105.5 1.98315E+04
106.0 1.95105E+04
106.5 1.91906E+04
107.0 1.88717E+04
107.5 1.85538E+04
108.0 1.82369E+04
108.5 1.79209E+04
109.0 1.76060E+04
109.5 1.72920E+04
110.0 1.69790E+04
110.5 1.66670E+04
111.0 1.63560E+04
111.5 1.60459E+04
112.0 1.57368E+04
112.5 1.54287E+04
113.0 1.51215E+04
113.5 1.48153E+04
114.0 1.45101E+04
114.5 1.42058E+04
115.0 1.39025E+04
115.5 1.36001E+04
116.0 1.32987E+04
116.5 1.29983E+04
117.0 1.26988E+04
117.5 1.24002E+04
118.0 1.21027E+04
118.5 1.18061E+04
119.0 1.15104E+04
119.5 1.12157E+04
120.0 1.09220E+04
120.5 1.06292E+04
121.0 1.03374E+04
121.5 1.00465E+04
122.0 9.75666E+03
122.5 9.46775E+03
123.0 9.17981E+03
123.5 8.89285E+03
124.0 8.60686E+03
124.5 8.32185E+03
125.0 8.03783E+03
125.5 7.75479E+03
126.0 7.47275E+03
126.5 7.19170E+03
127.0 6.91165E+03
127.5 6.63260E+03
128.0 6.35456E+03
128.5 6.07753E+03
129.0 5.80153E+03
129.5 5.52655E+03
130.0 5.25259E+03
130.5 4.97967E+03
131.0 4.70780E+03
131.5 4.43697E+03
132.0 4.16719E+03
132.5 3.89848E+03
133.0 3.63083E+03
133.5 3.36425E+03
134.0 3.09876E+03
134.5 2.83435E+03
135.0 2.57105E+03
135.5 2.30884E+03
136.0 2.04775E+03
136.5 1.78777E+03
137.0 1.52893E+03
137.5 1.27122E+03
138.0 1.01466E+03
138.5 7.59253E+02
139.0 5.05009E+02
139.5 2.51938E+02
140.0 2.09660E+01
