140K15D0W2
  0.5 0.00000E+00
  1.0 0.00000E+00
  1.5 0.00000E+00
  2.0 0.00000E+00
  2.5 0.00000E+00
  3.0 0.00000E+00
  3.5 2.11491E+04
  4.0 2.79706E+04
  4.5 3.51095E+04
  5.0 4.25536E+04
  5.5 5.02981E+04
  6.0 5.83416E+04
  6.5 6.66848E+04
  7.0 7.53317E+04
  7.5 8.42895E+04
  8.0 9.35703E+04
  8.5 8.42892E+05
  9.0 1.13184E+05
  9.5 9.57333E+05
 10.0 8.01760E+05
 10.5 5.34229E+04
 11.0 5.74479E+04
 11.5 9.98182E+04
 12.0 4.44548E+04
 12.5 4.15131E+04
 13.0 4.41260E+04
 13.5 4.67878E+04
 14.0 4.94996E+04
 14.5 5.22626E+04
 15.0 5.50784E+04
 15.5 5.79486E+04
 16.0 6.08746E+04
 16.5 6.38580E+04
 17.0 6.68993E+04
 17.5 6.99983E+04
 18.0 7.31531E+04
 18.5 7.63597E+04
 19.0 7.96123E+04
 19.5 8.29023E+04
 20.0 8.62187E+04
 20.5 8.95482E+04
 21.0 9.28756E+04
 21.5 9.61841E+04
 22.0 9.94559E+04
 22.5 1.02673E+05
 23.0 1.05816E+05
 23.5 1.08868E+05
 24.0 1.11812E+05
 24.5 1.14633E+05
 25.0 1.17317E+05
 25.5 1.19852E+05
 26.0 1.22228E+05
 26.5 1.24437E+05
 27.0 1.26473E+05
 27.5 1.28332E+05
 28.0 1.30011E+05
 28.5 1.31511E+05
 29.0 1.32832E+05
 29.5 1.33975E+05
 30.0 1.34946E+05
 30.5 1.35747E+05
 31.0 1.36384E+05
 31.5 1.36863E+05
 32.0 1.37191E+05
 32.5 1.37374E+05
 33.0 1.37419E+05
 33.5 1.37334E+05
 34.0 1.37127E+05
 34.5 1.36804E+05
 35.0 1.36374E+05
 35.5 1.35843E+05
 36.0 1.35219E+05
 36.5 1.34509E+05
 37.0 1.33719E+05
 37.5 1.32857E+05
 38.0 1.31927E+05
 38.5 1.30937E+05
 39.0 1.29891E+05
 39.5 1.28796E+05
 40.0 1.27657E+05
 40.5 1.26477E+05
 41.0 1.25262E+05
 41.5 1.24017E+05
 42.0 1.22744E+05
 42.5 1.21448E+05
 43.0 1.20132E+05
 43.5 1.18800E+05
 44.0 1.17454E+05
 44.5 1.16097E+05
 45.0 1.14733E+05
 45.5 1.13362E+05
 46.0 1.11988E+05
 46.5 1.10612E+05
 47.0 1.09237E+05
 47.5 1.07863E+05
 48.0 1.06493E+05
 48.5 1.05128E+05
 49.0 1.03769E+05
 49.5 1.02418E+05
 50.0 1.01075E+05
 50.5 9.97413E+04
 51.0 9.84180E+04
 51.5 9.71056E+04
 52.0 9.58049E+04
 52.5 9.45165E+04
 53.0 9.32409E+04
 53.5 9.19784E+04
 54.0 9.07297E+04
 54.5 8.94950E+04
 55.0 8.82745E+04
 55.5 8.70685E+04
 56.0 8.58773E+04
 56.5 8.47009E+04
 57.0 8.35395E+04
 57.5 8.23931E+04
 58.0 4.54573E+05
 58.5 8.01458E+04
 59.0 7.90448E+04
 59.5 7.37497E+05
 60.0 7.68880E+04
 60.5 7.58321E+04
 61.0 7.47912E+04
 61.5 7.37650E+04
 62.0 7.27534E+04
 62.5 7.17564E+04
 63.0 7.07738E+04
 63.5 6.98054E+04
 64.0 6.88511E+04
 64.5 6.79107E+04
 65.0 6.69840E+04
 65.5 6.60708E+04
 66.0 6.51710E+04
 66.5 6.42844E+04
 67.0 2.92302E+05
 67.5 6.25498E+04
 68.0 6.17014E+04
 68.5 6.08654E+04
 69.0 1.20880E+05
 69.5 5.66333E+04
 70.0 4.30893E+04
 70.5 4.27679E+04
 71.0 4.24446E+04
 71.5 4.21196E+04
 72.0 4.17931E+04
 72.5 4.14650E+04
 73.0 4.11357E+04
 73.5 4.08050E+04
 74.0 4.04733E+04
 74.5 4.01405E+04
 75.0 3.98067E+04
 75.5 3.94721E+04
 76.0 3.91367E+04
 76.5 3.88007E+04
 77.0 3.84640E+04
 77.5 3.81268E+04
 78.0 3.77891E+04
 78.5 3.74511E+04
 79.0 3.71127E+04
 79.5 3.67741E+04
 80.0 3.64352E+04
 80.5 3.60962E+04
 81.0 3.57572E+04
 81.5 3.54180E+04
 82.0 3.50789E+04
 82.5 3.47398E+04
 83.0 3.44008E+04
 83.5 3.40620E+04
 84.0 3.37233E+04
 84.5 3.33848E+04
 85.0 3.30466E+04
 85.5 3.27086E+04
 86.0 3.23710E+04
 86.5 3.20337E+04
 87.0 3.16967E+04
 87.5 3.13602E+04
 88.0 3.10240E+04
 88.5 3.06883E+04
 89.0 3.03531E+04
 89.5 3.00183E+04
 90.0 2.96840E+04
 90.5 2.93503E+04
 91.0 2.90171E+04
 91.5 2.86844E+04
 92.0 2.83523E+04
 92.5 2.80208E+04
 93.0 2.76899E+04
 93.5 2.73596E+04
 94.0 2.70299E+04
 94.5 2.67008E+04
 95.0 2.63723E+04
 95.5 2.60445E+04
 96.0 2.57174E+04
 96.5 2.53909E+04
 97.0 2.50651E+04
 97.5 2.47399E+04
 98.0 2.44155E+04
 98.5 2.40917E+04
 99.0 2.37686E+04
 99.5 2.34463E+04
100.0 2.31246E+04
100.5 2.28036E+04
101.0 2.24834E+04
101.5 2.21639E+04
102.0 2.18451E+04
102.5 2.15270E+04
103.0 2.12096E+04
103.5 2.08930E+04
104.0 2.05772E+04
104.5 2.02620E+04
105.0 1.99476E+04
105.5 1.96340E+04
106.0 1.93211E+04
106.5 1.90090E+04
107.0 1.86976E+04
107.5 1.83869E+04
108.0 1.80770E+04
108.5 1.77679E+04
109.0 1.74596E+04
109.5 1.71520E+04
110.0 1.68452E+04
110.5 1.65391E+04
111.0 1.62339E+04
111.5 1.59294E+04
112.0 1.56257E+04
112.5 1.53227E+04
113.0 1.50206E+04
113.5 1.47192E+04
114.0 1.44186E+04
114.5 1.41189E+04
115.0 1.38199E+04
115.5 1.35217E+04
116.0 1.32244E+04
116.5 1.29278E+04
117.0 1.26321E+04
117.5 1.23371E+04
118.0 1.20430E+04
118.5 1.17497E+04
119.0 1.14573E+04
119.5 1.11657E+04
120.0 1.08749E+04
120.5 1.05849E+04
121.0 1.02958E+04
121.5 1.00076E+04
122.0 9.72017E+03
122.5 9.43364E+03
123.0 9.14797E+03
123.5 8.86318E+03
124.0 8.57927E+03
124.5 8.29623E+03
125.0 8.01409E+03
125.5 7.73285E+03
126.0 7.45251E+03
126.5 7.17308E+03
127.0 6.89456E+03
127.5 6.61697E+03
128.0 6.34030E+03
128.5 6.06457E+03
129.0 5.78979E+03
129.5 5.51595E+03
130.0 5.24308E+03
130.5 4.97117E+03
131.0 4.70024E+03
131.5 4.43029E+03
132.0 4.16133E+03
132.5 3.89337E+03
133.0 3.62642E+03
133.5 3.36048E+03
134.0 3.09557E+03
134.5 2.83169E+03
135.0 2.56886E+03
135.5 2.30708E+03
136.0 2.04636E+03
136.5 1.78672E+03
137.0 1.52815E+03
137.5 1.27068E+03
138.0 1.01431E+03
138.5 7.59049E+02
139.0 5.04912E+02
139.5 2.51908E+02
140.0 2.09645E+01
