140K21D0W2
  0.5 0.00000E+00
  1.0 0.00000E+00
  1.5 0.00000E+00
  2.0 0.00000E+00
  2.5 0.00000E+00
  3.0 0.00000E+00
  3.5 3.27163E+04
  4.0 4.23326E+04
  4.5 5.24517E+04
  5.0 6.30713E+04
  5.5 7.41952E+04
  6.0 8.58329E+04
  6.5 9.80012E+04
  7.0 1.10727E+05
  7.5 1.24054E+05
  8.0 1.38043E+05
  8.5 2.22225E+06
  9.0 1.68318E+05
  9.5 1.91656E+06
 10.0 1.59628E+06
 10.5 7.85098E+04
 11.0 8.45101E+04
 11.5 2.24025E+05
 12.0 6.52946E+04
 12.5 6.09593E+04
 13.0 6.48325E+04
 13.5 6.88030E+04
 14.0 7.28753E+04
 14.5 7.70535E+04
 15.0 8.13409E+04
 15.5 8.57380E+04
 16.0 9.02421E+04
 16.5 9.48461E+04
 17.0 9.95374E+04
 17.5 1.04298E+05
 18.0 1.09105E+05
 18.5 1.13929E+05
 19.0 1.18740E+05
 19.5 1.23503E+05
 20.0 1.28184E+05
 20.5 1.32748E+05
 21.0 1.37161E+05
 21.5 1.41393E+05
 22.0 1.45416E+05
 22.5 1.49206E+05
 23.0 1.52744E+05
 23.5 1.56015E+05
 24.0 1.59006E+05
 24.5 1.61711E+05
 25.0 1.64126E+05
 25.5 1.66250E+05
 26.0 1.68087E+05
 26.5 1.69641E+05
 27.0 1.70920E+05
 27.5 1.71933E+05
 28.0 1.72691E+05
 28.5 1.73205E+05
 29.0 1.73487E+05
 29.5 1.73552E+05
 30.0 1.73412E+05
 30.5 1.73080E+05
 31.0 1.72570E+05
 31.5 1.71896E+05
 32.0 1.71070E+05
 32.5 1.70105E+05
 33.0 1.69012E+05
 33.5 1.67804E+05
 34.0 1.66492E+05
 34.5 1.65085E+05
 35.0 1.63594E+05
 35.5 1.62028E+05
 36.0 1.60396E+05
 36.5 1.58706E+05
 37.0 1.56966E+05
 37.5 1.55183E+05
 38.0 1.53363E+05
 38.5 1.51512E+05
 39.0 1.49636E+05
 39.5 1.47740E+05
 40.0 1.45830E+05
 40.5 1.43908E+05
 41.0 1.41980E+05
 41.5 1.40049E+05
 42.0 1.38117E+05
 42.5 1.36189E+05
 43.0 1.34267E+05
 43.5 1.32353E+05
 44.0 1.30449E+05
 44.5 1.28558E+05
 45.0 1.26681E+05
 45.5 1.24820E+05
 46.0 1.22976E+05
 46.5 1.21151E+05
 47.0 1.19344E+05
 47.5 1.17559E+05
 48.0 1.15794E+05
 48.5 1.14051E+05
 49.0 1.12331E+05
 49.5 1.10633E+05
 50.0 1.08959E+05
 50.5 1.07308E+05
 51.0 1.05681E+05
 51.5 1.04079E+05
 52.0 1.02500E+05
 52.5 1.00945E+05
 53.0 9.94150E+04
 53.5 9.79087E+04
 54.0 9.64264E+04
 54.5 9.49680E+04
 55.0 9.35334E+04
 55.5 9.21223E+04
 56.0 9.07346E+04
 56.5 8.93699E+04
 57.0 8.80281E+04
 57.5 8.67089E+04
 58.0 4.94316E+05
 58.5 8.41371E+04
 59.0 8.28839E+04
 59.5 8.00273E+05
 60.0 8.04413E+04
 60.5 7.92511E+04
 61.0 7.80814E+04
 61.5 7.69316E+04
 62.0 7.58015E+04
 62.5 7.46907E+04
 63.0 7.35989E+04
 63.5 7.25257E+04
 64.0 7.14707E+04
 64.5 7.04336E+04
 65.0 6.94140E+04
 65.5 6.84117E+04
 66.0 6.74262E+04
 66.5 6.64572E+04
 67.0 3.09075E+05
 67.5 6.45673E+04
 68.0 6.36458E+04
 68.5 6.27395E+04
 69.0 1.26288E+05
 69.5 5.89817E+04
 70.0 4.83666E+04
 70.5 4.78973E+04
 71.0 4.74296E+04
 71.5 4.69638E+04
 72.0 4.64997E+04
 72.5 4.60375E+04
 73.0 4.55773E+04
 73.5 4.51190E+04
 74.0 4.46628E+04
 74.5 4.42086E+04
 75.0 4.37566E+04
 75.5 4.33066E+04
 76.0 4.28589E+04
 76.5 4.24133E+04
 77.0 4.19699E+04
 77.5 4.15287E+04
 78.0 4.10897E+04
 78.5 4.06530E+04
 79.0 4.02185E+04
 79.5 3.97863E+04
 80.0 3.93563E+04
 80.5 3.89286E+04
 81.0 3.85032E+04
 81.5 3.80800E+04
 82.0 3.76590E+04
 82.5 3.72403E+04
 83.0 3.68238E+04
 83.5 3.64096E+04
 84.0 3.59975E+04
 84.5 3.55877E+04
 85.0 3.51800E+04
 85.5 3.47746E+04
 86.0 3.43712E+04
 86.5 3.39701E+04
 87.0 3.35710E+04
 87.5 3.31740E+04
 88.0 3.27792E+04
 88.5 3.23864E+04
 89.0 3.19957E+04
 89.5 3.16070E+04
 90.0 3.12203E+04
 90.5 3.08356E+04
 91.0 3.04529E+04
 91.5 3.00721E+04
 92.0 2.96933E+04
 92.5 2.93164E+04
 93.0 2.89414E+04
 93.5 2.85682E+04
 94.0 2.81969E+04
 94.5 2.78275E+04
 95.0 2.74598E+04
 95.5 2.70939E+04
 96.0 2.67298E+04
 96.5 2.63674E+04
 97.0 2.60068E+04
 97.5 2.56479E+04
 98.0 2.52906E+04
 98.5 2.49350E+04
 99.0 2.45811E+04
 99.5 2.42288E+04
100.0 2.38780E+04
100.5 2.35289E+04
101.0 2.31814E+04
101.5 2.28354E+04
102.0 2.24909E+04
102.5 2.21479E+04
103.0 2.18065E+04
103.5 2.14665E+04
104.0 2.11280E+04
104.5 2.07909E+04
105.0 2.04553E+04
105.5 2.01211E+04
106.0 1.97883E+04
106.5 1.94568E+04
107.0 1.91268E+04
107.5 1.87981E+04
108.0 1.84708E+04
108.5 1.81448E+04
109.0 1.78201E+04
109.5 1.74967E+04
110.0 1.71746E+04
110.5 1.68538E+04
111.0 1.65343E+04
111.5 1.62160E+04
112.0 1.58990E+04
112.5 1.55833E+04
113.0 1.52687E+04
113.5 1.49554E+04
114.0 1.46433E+04
114.5 1.43324E+04
115.0 1.40228E+04
115.5 1.37143E+04
116.0 1.34070E+04
116.5 1.31008E+04
117.0 1.27959E+04
117.5 1.24921E+04
118.0 1.21895E+04
118.5 1.18880E+04
119.0 1.15877E+04
119.5 1.12885E+04
120.0 1.09904E+04
120.5 1.06935E+04
121.0 1.03978E+04
121.5 1.01031E+04
122.0 9.80965E+03
122.5 9.51727E+03
123.0 9.22602E+03
123.5 8.93590E+03
124.0 8.64689E+03
124.5 8.35901E+03
125.0 8.07225E+03
125.5 7.78661E+03
126.0 7.50209E+03
126.5 7.21869E+03
127.0 6.93641E+03
127.5 6.65525E+03
128.0 6.37522E+03
128.5 6.09631E+03
129.0 5.81853E+03
129.5 5.54188E+03
130.0 5.26636E+03
130.5 4.99198E+03
131.0 4.71874E+03
131.5 4.44663E+03
132.0 4.17567E+03
132.5 3.90586E+03
133.0 3.63721E+03
133.5 3.36971E+03
134.0 3.10337E+03
134.5 2.83820E+03
135.0 2.57420E+03
135.5 2.31139E+03
136.0 2.04975E+03
136.5 1.78930E+03
137.0 1.53006E+03
137.5 1.27201E+03
138.0 1.01517E+03
138.5 7.59548E+02
139.0 5.05150E+02
139.5 2.51982E+02
140.0 2.09683E+01
