140K22D0W2
  0.5 0.00000E+00
  1.0 0.00000E+00
  1.5 0.00000E+00
  2.0 0.00000E+00
  2.5 0.00000E+00
  3.0 0.00000E+00
  3.5 3.47419E+04
  4.0 4.48450E+04
  4.5 5.54864E+04
  5.0 6.66659E+04
  5.5 7.83891E+04
  6.0 9.06688E+04
  6.5 1.03526E+05
  7.0 1.16996E+05
  7.5 1.31130E+05
  8.0 1.46005E+05
  8.5 2.49196E+06
  9.0 1.78323E+05
  9.5 2.08007E+06
 10.0 1.73182E+06
 10.5 8.29594E+04
 11.0 8.93258E+04
 11.5 2.49460E+05
 12.0 6.89865E+04
 12.5 6.44021E+04
 13.0 6.85071E+04
 13.5 7.27201E+04
 14.0 7.70463E+04
 14.5 8.14896E+04
 15.0 8.60529E+04
 15.5 9.07349E+04
 16.0 9.55304E+04
 16.5 1.00428E+05
 17.0 1.05411E+05
 17.5 1.10456E+05
 18.0 1.15534E+05
 18.5 1.20612E+05
 19.0 1.25654E+05
 19.5 1.30620E+05
 20.0 1.35474E+05
 20.5 1.40178E+05
 21.0 1.44698E+05
 21.5 1.49002E+05
 22.0 1.53063E+05
 22.5 1.56859E+05
 23.0 1.60373E+05
 23.5 1.63590E+05
 24.0 1.66501E+05
 24.5 1.69103E+05
 25.0 1.71395E+05
 25.5 1.73377E+05
 26.0 1.75057E+05
 26.5 1.76442E+05
 27.0 1.77541E+05
 27.5 1.78366E+05
 28.0 1.78930E+05
 28.5 1.79246E+05
 29.0 1.79328E+05
 29.5 1.79192E+05
 30.0 1.78850E+05
 30.5 1.78319E+05
 31.0 1.77612E+05
 31.5 1.76744E+05
 32.0 1.75727E+05
 32.5 1.74575E+05
 33.0 1.73301E+05
 33.5 1.71917E+05
 34.0 1.70433E+05
 34.5 1.68861E+05
 35.0 1.67210E+05
 35.5 1.65490E+05
 36.0 1.63709E+05
 36.5 1.61876E+05
 37.0 1.59998E+05
 37.5 1.58083E+05
 38.0 1.56136E+05
 38.5 1.54164E+05
 39.0 1.52172E+05
 39.5 1.50165E+05
 40.0 1.48148E+05
 40.5 1.46125E+05
 41.0 1.44099E+05
 41.5 1.42075E+05
 42.0 1.40055E+05
 42.5 1.38042E+05
 43.0 1.36039E+05
 43.5 1.34048E+05
 44.0 1.32070E+05
 44.5 1.30109E+05
 45.0 1.28165E+05
 45.5 1.26240E+05
 46.0 1.24335E+05
 46.5 1.22451E+05
 47.0 1.20589E+05
 47.5 1.18750E+05
 48.0 1.16935E+05
 48.5 1.15144E+05
 49.0 1.13377E+05
 49.5 1.11636E+05
 50.0 1.09920E+05
 50.5 1.08229E+05
 51.0 1.06564E+05
 51.5 1.04925E+05
 52.0 1.03311E+05
 52.5 1.01723E+05
 53.0 1.00161E+05
 53.5 9.86246E+04
 54.0 9.71133E+04
 54.5 9.56272E+04
 55.0 9.41660E+04
 55.5 9.27296E+04
 56.0 9.13176E+04
 56.5 8.99298E+04
 57.0 8.85659E+04
 57.5 8.72255E+04
 58.0 4.99131E+05
 58.5 8.46140E+04
 59.0 8.33422E+04
 59.5 8.07860E+05
 60.0 8.08647E+04
 60.5 7.96582E+04
 61.0 7.84728E+04
 61.5 7.73080E+04
 62.0 7.61636E+04
 62.5 7.50391E+04
 63.0 7.39340E+04
 63.5 7.28482E+04
 64.0 7.17810E+04
 64.5 7.07323E+04
 65.0 6.97016E+04
 65.5 6.86885E+04
 66.0 6.76927E+04
 66.5 6.67138E+04
 67.0 3.11075E+05
 67.5 6.48054E+04
 68.0 6.38751E+04
 68.5 6.29604E+04
 69.0 1.26929E+05
 69.5 5.92653E+04
 70.0 4.90293E+04
 70.5 4.85402E+04
 71.0 4.80534E+04
 71.5 4.75689E+04
 72.0 4.70867E+04
 72.5 4.66068E+04
 73.0 4.61294E+04
 73.5 4.56545E+04
 74.0 4.51820E+04
 74.5 4.47120E+04
 75.0 4.42446E+04
 75.5 4.37797E+04
 76.0 4.33174E+04
 76.5 4.28577E+04
 77.0 4.24006E+04
 77.5 4.19461E+04
 78.0 4.14942E+04
 78.5 4.10449E+04
 79.0 4.05982E+04
 79.5 4.01541E+04
 80.0 3.97125E+04
 80.5 3.92736E+04
 81.0 3.88372E+04
 81.5 3.84035E+04
 82.0 3.79722E+04
 82.5 3.75435E+04
 83.0 3.71173E+04
 83.5 3.66936E+04
 84.0 3.62724E+04
 84.5 3.58537E+04
 85.0 3.54374E+04
 85.5 3.50235E+04
 86.0 3.46121E+04
 86.5 3.42030E+04
 87.0 3.37963E+04
 87.5 3.33919E+04
 88.0 3.29898E+04
 88.5 3.25900E+04
 89.0 3.21924E+04
 89.5 3.17971E+04
 90.0 3.14040E+04
 90.5 3.10131E+04
 91.0 3.06243E+04
 91.5 3.02377E+04
 92.0 2.98532E+04
 92.5 2.94708E+04
 93.0 2.90904E+04
 93.5 2.87120E+04
 94.0 2.83357E+04
 94.5 2.79613E+04
 95.0 2.75889E+04
 95.5 2.72184E+04
 96.0 2.68499E+04
 96.5 2.64832E+04
 97.0 2.61183E+04
 97.5 2.57553E+04
 98.0 2.53941E+04
 98.5 2.50347E+04
 99.0 2.46771E+04
 99.5 2.43212E+04
100.0 2.39670E+04
100.5 2.36145E+04
101.0 2.32637E+04
101.5 2.29145E+04
102.0 2.25669E+04
102.5 2.22210E+04
103.0 2.18767E+04
103.5 2.15339E+04
104.0 2.11927E+04
104.5 2.08531E+04
105.0 2.05149E+04
105.5 2.01783E+04
106.0 1.98431E+04
106.5 1.95094E+04
107.0 1.91771E+04
107.5 1.88463E+04
108.0 1.85169E+04
108.5 1.81889E+04
109.0 1.78623E+04
109.5 1.75370E+04
110.0 1.72131E+04
110.5 1.68906E+04
111.0 1.65694E+04
111.5 1.62495E+04
112.0 1.59309E+04
112.5 1.56137E+04
113.0 1.52977E+04
113.5 1.49830E+04
114.0 1.46695E+04
114.5 1.43573E+04
115.0 1.40464E+04
115.5 1.37367E+04
116.0 1.34282E+04
116.5 1.31210E+04
117.0 1.28149E+04
117.5 1.25101E+04
118.0 1.22065E+04
118.5 1.19041E+04
119.0 1.16028E+04
119.5 1.13028E+04
120.0 1.10039E+04
120.5 1.07062E+04
121.0 1.04096E+04
121.5 1.01142E+04
122.0 9.82004E+03
122.5 9.52698E+03
123.0 9.23508E+03
123.5 8.94433E+03
124.0 8.65474E+03
124.5 8.36629E+03
125.0 8.07899E+03
125.5 7.79284E+03
126.0 7.50783E+03
126.5 7.22397E+03
127.0 6.94125E+03
127.5 6.65969E+03
128.0 6.37926E+03
128.5 6.09999E+03
129.0 5.82186E+03
129.5 5.54488E+03
130.0 5.26906E+03
130.5 4.99439E+03
131.0 4.72088E+03
131.5 4.44852E+03
132.0 4.17733E+03
132.5 3.90731E+03
133.0 3.63845E+03
133.5 3.37077E+03
134.0 3.10427E+03
134.5 2.83895E+03
135.0 2.57482E+03
135.5 2.31188E+03
136.0 2.05014E+03
136.5 1.78960E+03
137.0 1.53028E+03
137.5 1.27216E+03
138.0 1.01527E+03
138.5 7.59606E+02
139.0 5.05177E+02
139.5 2.51990E+02
140.0 2.09687E+01
