140K20D0W2
  0.5 0.00000E+00
  1.0 0.00000E+00
  1.5 0.00000E+00
  2.0 0.00000E+00
  2.5 0.00000E+00
  3.0 0.00000E+00
  3.5 3.07210E+04
  4.0 3.98575E+04
  4.5 4.94624E+04
  5.0 5.95319E+04
  5.5 7.00679E+04
  6.0 8.10772E+04
  6.5 9.25728E+04
  7.0 1.04576E+05
  7.5 1.17121E+05
  8.0 1.30256E+05
  8.5 1.96128E+06
  9.0 1.58571E+05
  9.5 1.75292E+06
 10.0 1.46067E+06
 10.5 7.41455E+04
 11.0 7.97915E+04
 11.5 1.99764E+05
 12.0 6.16721E+04
 12.5 5.75806E+04
 13.0 6.12289E+04
 13.5 6.49647E+04
 14.0 6.87917E+04
 14.5 7.27138E+04
 15.0 7.67344E+04
 15.5 8.08551E+04
 16.0 8.50753E+04
 16.5 8.93908E+04
 17.0 9.37928E+04
 17.5 9.82682E+04
 18.0 1.02799E+05
 18.5 1.07361E+05
 19.0 1.11930E+05
 19.5 1.16474E+05
 20.0 1.20963E+05
 20.5 1.25365E+05
 21.0 1.29649E+05
 21.5 1.33784E+05
 22.0 1.37744E+05
 22.5 1.41503E+05
 23.0 1.45042E+05
 23.5 1.48342E+05
 24.0 1.51391E+05
 24.5 1.54178E+05
 25.0 1.56698E+05
 25.5 1.58947E+05
 26.0 1.60925E+05
 26.5 1.62636E+05
 27.0 1.64083E+05
 27.5 1.65274E+05
 28.0 1.66218E+05
 28.5 1.66923E+05
 29.0 1.67402E+05
 29.5 1.67665E+05
 30.0 1.67723E+05
 30.5 1.67591E+05
 31.0 1.67279E+05
 31.5 1.66800E+05
 32.0 1.66167E+05
 32.5 1.65391E+05
 33.0 1.64483E+05
 33.5 1.63455E+05
 34.0 1.62318E+05
 34.5 1.61082E+05
 35.0 1.59756E+05
 35.5 1.58350E+05
 36.0 1.56873E+05
 36.5 1.55332E+05
 37.0 1.53735E+05
 37.5 1.52089E+05
 38.0 1.50401E+05
 38.5 1.48678E+05
 39.0 1.46924E+05
 39.5 1.45145E+05
 40.0 1.43347E+05
 40.5 1.41532E+05
 41.0 1.39707E+05
 41.5 1.37874E+05
 42.0 1.36036E+05
 42.5 1.34198E+05
 43.0 1.32362E+05
 43.5 1.30530E+05
 44.0 1.28704E+05
 44.5 1.26888E+05
 45.0 1.25083E+05
 45.5 1.23290E+05
 46.0 1.21511E+05
 46.5 1.19747E+05
 47.0 1.18001E+05
 47.5 1.16271E+05
 48.0 1.14561E+05
 48.5 1.12870E+05
 49.0 1.11199E+05
 49.5 1.09548E+05
 50.0 1.07919E+05
 50.5 1.06311E+05
 51.0 1.04726E+05
 51.5 1.03162E+05
 52.0 1.01621E+05
 52.5 1.00102E+05
 53.0 9.86060E+04
 53.5 9.71324E+04
 54.0 9.56814E+04
 54.5 9.42529E+04
 55.0 9.28468E+04
 55.5 9.14631E+04
 56.0 9.01014E+04
 56.5 8.87619E+04
 57.0 8.74440E+04
 57.5 8.61477E+04
 58.0 4.89099E+05
 58.5 8.36189E+04
 59.0 8.23858E+04
 59.5 7.92046E+05
 60.0 7.99808E+04
 60.5 7.88084E+04
 61.0 7.76555E+04
 61.5 7.65220E+04
 62.0 7.54075E+04
 62.5 7.43116E+04
 63.0 7.32341E+04
 63.5 7.21746E+04
 64.0 7.11328E+04
 64.5 7.01083E+04
 65.0 6.91009E+04
 65.5 6.81102E+04
 66.0 6.71358E+04
 66.5 6.61775E+04
 67.0 3.06900E+05
 67.5 6.43079E+04
 68.0 6.33959E+04
 68.5 6.24986E+04
 69.0 1.25589E+05
 69.5 5.86742E+04
 70.0 4.76542E+04
 70.5 4.72058E+04
 71.0 4.67585E+04
 71.5 4.63125E+04
 72.0 4.58677E+04
 72.5 4.54244E+04
 73.0 4.49824E+04
 73.5 4.45420E+04
 74.0 4.41031E+04
 74.5 4.36657E+04
 75.0 4.32301E+04
 75.5 4.27961E+04
 76.0 4.23638E+04
 76.5 4.19333E+04
 77.0 4.15046E+04
 77.5 4.10776E+04
 78.0 4.06526E+04
 78.5 4.02293E+04
 79.0 3.98080E+04
 79.5 3.93885E+04
 80.0 3.89709E+04
 80.5 3.85553E+04
 81.0 3.81415E+04
 81.5 3.77297E+04
 82.0 3.73198E+04
 82.5 3.69118E+04
 83.0 3.65058E+04
 83.5 3.61017E+04
 84.0 3.56995E+04
 84.5 3.52992E+04
 85.0 3.49009E+04
 85.5 3.45044E+04
 86.0 3.41099E+04
 86.5 3.37172E+04
 87.0 3.33265E+04
 87.5 3.29376E+04
 88.0 3.25505E+04
 88.5 3.21653E+04
 89.0 3.17819E+04
 89.5 3.14004E+04
 90.0 3.10207E+04
 90.5 3.06427E+04
 91.0 3.02665E+04
 91.5 2.98921E+04
 92.0 2.95195E+04
 92.5 2.91485E+04
 93.0 2.87793E+04
 93.5 2.84118E+04
 94.0 2.80460E+04
 94.5 2.76818E+04
 95.0 2.73193E+04
 95.5 2.69584E+04
 96.0 2.65991E+04
 96.5 2.62414E+04
 97.0 2.58853E+04
 97.5 2.55308E+04
 98.0 2.51778E+04
 98.5 2.48264E+04
 99.0 2.44765E+04
 99.5 2.41281E+04
100.0 2.37811E+04
100.5 2.34357E+04
101.0 2.30917E+04
101.5 2.27491E+04
102.0 2.24079E+04
102.5 2.20682E+04
103.0 2.17299E+04
103.5 2.13929E+04
104.0 2.10574E+04
104.5 2.07231E+04
105.0 2.03902E+04
105.5 2.00587E+04
106.0 1.97284E+04
106.5 1.93995E+04
107.0 1.90719E+04
107.5 1.87455E+04
108.0 1.84204E+04
108.5 1.80966E+04
109.0 1.77740E+04
109.5 1.74527E+04
110.0 1.71325E+04
110.5 1.68136E+04
111.0 1.64959E+04
111.5 1.61794E+04
112.0 1.58641E+04
112.5 1.55500E+04
113.0 1.52371E+04
113.5 1.49253E+04
114.0 1.46147E+04
114.5 1.43052E+04
115.0 1.39969E+04
115.5 1.36897E+04
116.0 1.33837E+04
116.5 1.30788E+04
117.0 1.27750E+04
117.5 1.24724E+04
118.0 1.21708E+04
118.5 1.18704E+04
119.0 1.15711E+04
119.5 1.12729E+04
120.0 1.09757E+04
120.5 1.06797E+04
121.0 1.03848E+04
121.5 1.00910E+04
122.0 9.79828E+03
122.5 9.50665E+03
123.0 9.21611E+03
123.5 8.92667E+03
124.0 8.63831E+03
124.5 8.35104E+03
125.0 8.06487E+03
125.5 7.77979E+03
126.0 7.49580E+03
126.5 7.21290E+03
127.0 6.93110E+03
127.5 6.65040E+03
128.0 6.37079E+03
128.5 6.09229E+03
129.0 5.81489E+03
129.5 5.53860E+03
130.0 5.26341E+03
130.5 4.98935E+03
131.0 4.71639E+03
131.5 4.44456E+03
132.0 4.17386E+03
132.5 3.90428E+03
133.0 3.63584E+03
133.5 3.36854E+03
134.0 3.10238E+03
134.5 2.83738E+03
135.0 2.57353E+03
135.5 2.31084E+03
136.0 2.04932E+03
136.5 1.78898E+03
137.0 1.52981E+03
137.5 1.27184E+03
138.0 1.01506E+03
138.5 7.59485E+02
139.0 5.05120E+02
139.5 2.51972E+02
140.0 2.09678E+01
