141K06D0W2
  0.5 0.00000E+00
  1.0 0.00000E+00
  1.5 0.00000E+00
  2.0 0.00000E+00
  2.5 0.00000E+00
  3.0 0.00000E+00
  3.5 5.46268E+03
  4.0 8.21110E+03
  4.5 1.11297E+04
  5.0 1.41645E+04
  5.5 1.72923E+04
  6.0 2.05018E+04
  6.5 2.37872E+04
  7.0 2.71448E+04
  7.5 3.05717E+04
  8.0 3.40658E+04
  8.5 4.10988E+04
  9.0 4.12480E+04
  9.5 6.34748E+04
 10.0 5.84995E+04
 10.5 1.93591E+04
 11.0 2.08979E+04
 11.5 2.11957E+04
 12.0 1.61045E+04
 12.5 1.50312E+04
 13.0 1.60387E+04
 13.5 1.70563E+04
 14.0 1.80839E+04
 14.5 1.91213E+04
 15.0 2.01685E+04
 15.5 2.12251E+04
 16.0 2.22911E+04
 16.5 2.33664E+04
 17.0 2.44506E+04
 17.5 2.55437E+04
 18.0 2.66456E+04
 18.5 2.77559E+04
 19.0 2.88747E+04
 19.5 3.00018E+04
 20.0 3.11371E+04
 20.5 3.22804E+04
 21.0 3.34316E+04
 21.5 3.45905E+04
 22.0 3.57572E+04
 22.5 3.69313E+04
 23.0 3.81127E+04
 23.5 3.93009E+04
 24.0 4.04957E+04
 24.5 4.16964E+04
 25.0 4.29023E+04
 25.5 4.41125E+04
 26.0 4.53258E+04
 26.5 4.65407E+04
 27.0 4.77557E+04
 27.5 4.89687E+04
 28.0 5.01778E+04
 28.5 5.13804E+04
 29.0 5.25740E+04
 29.5 5.37559E+04
 30.0 5.49231E+04
 30.5 5.60728E+04
 31.0 5.72020E+04
 31.5 5.83077E+04
 32.0 5.93870E+04
 32.5 6.04370E+04
 33.0 6.14552E+04
 33.5 6.24388E+04
 34.0 6.33856E+04
 34.5 6.42935E+04
 35.0 6.51604E+04
 35.5 6.59848E+04
 36.0 6.67652E+04
 36.5 6.75005E+04
 37.0 6.81896E+04
 37.5 6.88320E+04
 38.0 6.94272E+04
 38.5 6.99748E+04
 39.0 7.04750E+04
 39.5 7.09278E+04
 40.0 7.13336E+04
 40.5 7.16930E+04
 41.0 7.20067E+04
 41.5 7.22754E+04
 42.0 7.25001E+04
 42.5 7.26818E+04
 43.0 7.28218E+04
 43.5 7.29212E+04
 44.0 7.29812E+04
 44.5 7.30033E+04
 45.0 7.29887E+04
 45.5 7.29390E+04
 46.0 7.28555E+04
 46.5 7.27396E+04
 47.0 7.25929E+04
 47.5 7.24166E+04
 48.0 7.22123E+04
 48.5 7.19814E+04
 49.0 7.17253E+04
 49.5 7.14452E+04
 50.0 7.11426E+04
 50.5 7.08186E+04
 51.0 7.04748E+04
 51.5 7.01121E+04
 52.0 6.97319E+04
 52.5 6.93352E+04
 53.0 6.89232E+04
 53.5 6.84970E+04
 54.0 6.80576E+04
 54.5 6.76059E+04
 55.0 6.71429E+04
 55.5 6.66696E+04
 56.0 6.61867E+04
 56.5 6.56951E+04
 57.0 6.51956E+04
 57.5 6.46889E+04
 58.0 3.01041E+05
 58.5 6.36569E+04
 59.0 6.31328E+04
 59.5 4.92826E+05
 60.0 6.20717E+04
 60.5 6.15357E+04
 61.0 6.09968E+04
 61.5 6.04554E+04
 62.0 5.99121E+04
 62.5 5.93672E+04
 63.0 5.88211E+04
 63.5 5.82742E+04
 64.0 5.77269E+04
 64.5 5.71794E+04
 65.0 5.66322E+04
 65.5 5.60854E+04
 66.0 5.55393E+04
 66.5 5.49943E+04
 67.0 2.23487E+05
 67.5 5.39080E+04
 68.0 5.33672E+04
 68.5 5.28281E+04
 69.0 9.83333E+04
 69.5 4.74312E+04
 70.0 2.55568E+04
 70.5 2.55885E+04
 71.0 2.56160E+04
 71.5 2.56391E+04
 72.0 2.56578E+04
 72.5 2.56721E+04
 73.0 2.56820E+04
 73.5 2.56873E+04
 74.0 2.56882E+04
 74.5 2.56845E+04
 75.0 2.56763E+04
 75.5 2.56635E+04
 76.0 2.56462E+04
 76.5 2.56243E+04
 77.0 2.55978E+04
 77.5 2.55667E+04
 78.0 2.55311E+04
 78.5 2.54910E+04
 79.0 2.54462E+04
 79.5 2.53970E+04
 80.0 2.53433E+04
 80.5 2.52851E+04
 81.0 2.52224E+04
 81.5 2.51554E+04
 82.0 2.50839E+04
 82.5 2.50081E+04
 83.0 2.49280E+04
 83.5 2.48436E+04
 84.0 2.47550E+04
 84.5 2.46621E+04
 85.0 2.45652E+04
 85.5 2.44641E+04
 86.0 2.43589E+04
 86.5 2.42498E+04
 87.0 2.41367E+04
 87.5 2.40197E+04
 88.0 2.38988E+04
 88.5 2.37742E+04
 89.0 2.36458E+04
 89.5 2.35137E+04
 90.0 2.33779E+04
 90.5 2.32386E+04
 91.0 2.30958E+04
 91.5 2.29496E+04
 92.0 2.27999E+04
 92.5 2.26469E+04
 93.0 2.24906E+04
 93.5 2.23310E+04
 94.0 2.21684E+04
 94.5 2.20025E+04
 95.0 2.18337E+04
 95.5 2.16619E+04
 96.0 2.14871E+04
 96.5 2.13095E+04
 97.0 2.11290E+04
 97.5 2.09459E+04
 98.0 2.07600E+04
 98.5 2.05714E+04
 99.0 2.03803E+04
 99.5 2.01867E+04
100.0 1.99907E+04
100.5 1.97922E+04
101.0 1.95913E+04
101.5 1.93882E+04
102.0 1.91829E+04
102.5 1.89753E+04
103.0 1.87657E+04
103.5 1.85539E+04
104.0 1.83402E+04
104.5 1.81245E+04
105.0 1.79068E+04
105.5 1.76873E+04
106.0 1.74660E+04
106.5 1.72430E+04
107.0 1.70182E+04
107.5 1.67918E+04
108.0 1.65638E+04
108.5 1.63342E+04
109.0 1.61031E+04
109.5 1.58706E+04
110.0 1.56366E+04
110.5 1.54012E+04
111.0 1.51646E+04
111.5 1.49267E+04
112.0 1.46875E+04
112.5 1.44471E+04
113.0 1.42056E+04
113.5 1.39630E+04
114.0 1.37194E+04
114.5 1.34747E+04
115.0 1.32291E+04
115.5 1.29825E+04
116.0 1.27351E+04
116.5 1.24868E+04
117.0 1.22376E+04
117.5 1.19877E+04
118.0 1.17371E+04
118.5 1.14858E+04
119.0 1.12338E+04
119.5 1.09812E+04
120.0 1.07281E+04
120.5 1.04743E+04
121.0 1.02201E+04
121.5 9.96541E+03
122.0 9.71026E+03
122.5 9.45472E+03
123.0 9.19880E+03
123.5 8.94255E+03
124.0 8.68599E+03
124.5 8.42917E+03
125.0 8.17210E+03
125.5 7.91484E+03
126.0 7.65740E+03
126.5 7.39982E+03
127.0 7.14213E+03
127.5 6.88437E+03
128.0 6.62655E+03
128.5 6.36872E+03
129.0 6.11090E+03
129.5 5.85312E+03
130.0 5.59542E+03
130.5 5.33781E+03
131.0 5.08034E+03
131.5 4.82302E+03
132.0 4.56589E+03
132.5 4.30897E+03
133.0 4.05230E+03
133.5 3.79589E+03
134.0 3.53978E+03
134.5 3.28399E+03
135.0 3.02856E+03
135.5 2.77349E+03
136.0 2.51884E+03
136.5 2.26461E+03
137.0 2.01083E+03
137.5 1.75754E+03
138.0 1.50475E+03
138.5 1.25249E+03
139.0 1.00079E+03
139.5 7.49666E+02
140.0 4.99149E+02
140.5 2.49262E+02
141.0 2.07557E+01
