141K07D0W2
  0.5 0.00000E+00
  1.0 0.00000E+00
  1.5 0.00000E+00
  2.0 0.00000E+00
  2.5 0.00000E+00
  3.0 0.00000E+00
  3.5 7.05779E+03
  4.0 1.02736E+04
  4.5 1.36609E+04
  5.0 1.71754E+04
  5.5 2.07980E+04
  6.0 2.45198E+04
  6.5 2.83358E+04
  7.0 3.22426E+04
  7.5 3.62375E+04
  8.0 4.03186E+04
  8.5 5.67815E+04
  9.0 4.87328E+04
  9.5 9.85871E+04
 10.0 8.84256E+04
 10.5 2.29619E+04
 11.0 2.47558E+04
 11.5 2.53532E+04
 12.0 1.91064E+04
 12.5 1.78369E+04
 13.0 1.90100E+04
 13.5 2.01962E+04
 14.0 2.13954E+04
 14.5 2.26075E+04
 15.0 2.38322E+04
 15.5 2.50695E+04
 16.0 2.63191E+04
 16.5 2.75810E+04
 17.0 2.88549E+04
 17.5 3.01409E+04
 18.0 3.14387E+04
 18.5 3.27483E+04
 19.0 3.40697E+04
 19.5 3.54027E+04
 20.0 3.67472E+04
 20.5 3.81033E+04
 21.0 3.94708E+04
 21.5 4.08496E+04
 22.0 4.22394E+04
 22.5 4.36398E+04
 23.0 4.50503E+04
 23.5 4.64700E+04
 24.0 4.78979E+04
 24.5 4.93326E+04
 25.0 5.07723E+04
 25.5 5.22147E+04
 26.0 5.36574E+04
 26.5 5.50975E+04
 27.0 5.65317E+04
 27.5 5.79566E+04
 28.0 5.93684E+04
 28.5 6.07630E+04
 29.0 6.21365E+04
 29.5 6.34848E+04
 30.0 6.48037E+04
 30.5 6.60893E+04
 31.0 6.73377E+04
 31.5 6.85454E+04
 32.0 6.97089E+04
 32.5 7.08251E+04
 33.0 7.18912E+04
 33.5 7.29049E+04
 34.0 7.38640E+04
 34.5 7.47668E+04
 35.0 7.56119E+04
 35.5 7.63982E+04
 36.0 7.71251E+04
 36.5 7.77923E+04
 37.0 7.83997E+04
 37.5 7.89474E+04
 38.0 7.94360E+04
 38.5 7.98661E+04
 39.0 8.02389E+04
 39.5 8.05552E+04
 40.0 8.08165E+04
 40.5 8.10241E+04
 41.0 8.11797E+04
 41.5 8.12849E+04
 42.0 8.13414E+04
 42.5 8.13511E+04
 43.0 8.13158E+04
 43.5 8.12373E+04
 44.0 8.11178E+04
 44.5 8.09589E+04
 45.0 8.07627E+04
 45.5 8.05310E+04
 46.0 8.02658E+04
 46.5 7.99689E+04
 47.0 7.96420E+04
 47.5 7.92871E+04
 48.0 7.89058E+04
 48.5 7.84997E+04
 49.0 7.80706E+04
 49.5 7.76200E+04
 50.0 7.71493E+04
 50.5 7.66602E+04
 51.0 7.61539E+04
 51.5 7.56318E+04
 52.0 7.50953E+04
 52.5 7.45454E+04
 53.0 7.39834E+04
 53.5 7.34105E+04
 54.0 7.28277E+04
 54.5 7.22359E+04
 55.0 7.16362E+04
 55.5 7.10294E+04
 56.0 7.04163E+04
 56.5 6.97979E+04
 57.0 6.91749E+04
 57.5 6.85479E+04
 58.0 3.32928E+05
 58.5 6.72848E+04
 59.0 6.66499E+04
 59.5 5.44237E+05
 60.0 6.53761E+04
 60.5 6.47383E+04
 61.0 6.41005E+04
 61.5 6.34630E+04
 62.0 6.28263E+04
 62.5 6.21908E+04
 63.0 6.15568E+04
 63.5 6.09245E+04
 64.0 6.02944E+04
 64.5 5.96666E+04
 65.0 5.90413E+04
 65.5 5.84190E+04
 66.0 5.77996E+04
 66.5 5.71834E+04
 67.0 2.39071E+05
 67.5 5.59612E+04
 68.0 5.53556E+04
 68.5 5.47537E+04
 69.0 1.03581E+05
 69.5 4.94640E+04
 70.0 2.86759E+04
 70.5 2.86656E+04
 71.0 2.86504E+04
 71.5 2.86304E+04
 72.0 2.86055E+04
 72.5 2.85758E+04
 73.0 2.85413E+04
 73.5 2.85019E+04
 74.0 2.84578E+04
 74.5 2.84089E+04
 75.0 2.83552E+04
 75.5 2.82969E+04
 76.0 2.82339E+04
 76.5 2.81662E+04
 77.0 2.80940E+04
 77.5 2.80172E+04
 78.0 2.79359E+04
 78.5 2.78501E+04
 79.0 2.77599E+04
 79.5 2.76653E+04
 80.0 2.75665E+04
 80.5 2.74634E+04
 81.0 2.73560E+04
 81.5 2.72446E+04
 82.0 2.71290E+04
 82.5 2.70094E+04
 83.0 2.68858E+04
 83.5 2.67584E+04
 84.0 2.66271E+04
 84.5 2.64919E+04
 85.0 2.63531E+04
 85.5 2.62106E+04
 86.0 2.60645E+04
 86.5 2.59149E+04
 87.0 2.57618E+04
 87.5 2.56053E+04
 88.0 2.54454E+04
 88.5 2.52823E+04
 89.0 2.51159E+04
 89.5 2.49464E+04
 90.0 2.47738E+04
 90.5 2.45982E+04
 91.0 2.44196E+04
 91.5 2.42381E+04
 92.0 2.40538E+04
 92.5 2.38667E+04
 93.0 2.36768E+04
 93.5 2.34844E+04
 94.0 2.32893E+04
 94.5 2.30917E+04
 95.0 2.28917E+04
 95.5 2.26892E+04
 96.0 2.24844E+04
 96.5 2.22772E+04
 97.0 2.20679E+04
 97.5 2.18563E+04
 98.0 2.16427E+04
 98.5 2.14269E+04
 99.0 2.12092E+04
 99.5 2.09894E+04
100.0 2.07678E+04
100.5 2.05443E+04
101.0 2.03191E+04
101.5 2.00920E+04
102.0 1.98633E+04
102.5 1.96329E+04
103.0 1.94009E+04
103.5 1.91674E+04
104.0 1.89323E+04
104.5 1.86958E+04
105.0 1.84579E+04
105.5 1.82186E+04
106.0 1.79780E+04
106.5 1.77362E+04
107.0 1.74931E+04
107.5 1.72488E+04
108.0 1.70034E+04
108.5 1.67568E+04
109.0 1.65093E+04
109.5 1.62607E+04
110.0 1.60111E+04
110.5 1.57605E+04
111.0 1.55091E+04
111.5 1.52568E+04
112.0 1.50038E+04
112.5 1.47499E+04
113.0 1.44952E+04
113.5 1.42399E+04
114.0 1.39839E+04
114.5 1.37272E+04
115.0 1.34700E+04
115.5 1.32121E+04
116.0 1.29538E+04
116.5 1.26949E+04
117.0 1.24356E+04
117.5 1.21758E+04
118.0 1.19157E+04
118.5 1.16551E+04
119.0 1.13943E+04
119.5 1.11331E+04
120.0 1.08716E+04
120.5 1.06099E+04
121.0 1.03480E+04
121.5 1.00859E+04
122.0 9.82361E+03
122.5 9.56122E+03
123.0 9.29872E+03
123.5 9.03615E+03
124.0 8.77353E+03
124.5 8.51090E+03
125.0 8.24827E+03
125.5 7.98569E+03
126.0 7.72317E+03
126.5 7.46074E+03
127.0 7.19843E+03
127.5 6.93625E+03
128.0 6.67425E+03
128.5 6.41244E+03
129.0 6.15085E+03
129.5 5.88950E+03
130.0 5.62842E+03
130.5 5.36764E+03
131.0 5.10717E+03
131.5 4.84704E+03
132.0 4.58727E+03
132.5 4.32790E+03
133.0 4.06894E+03
133.5 3.81041E+03
134.0 3.55234E+03
134.5 3.29475E+03
135.0 3.03766E+03
135.5 2.78110E+03
136.0 2.52509E+03
136.5 2.26966E+03
137.0 2.01481E+03
137.5 1.76058E+03
138.0 1.50699E+03
138.5 1.25406E+03
139.0 1.00181E+03
139.5 7.50257E+02
140.0 4.99430E+02
140.5 2.49348E+02
141.0 2.07602E+01
