141K09D0W2
  0.5 0.00000E+00
  1.0 0.00000E+00
  1.5 0.00000E+00
  2.0 0.00000E+00
  2.5 0.00000E+00
  3.0 0.00000E+00
  3.5 1.03825E+04
  4.0 1.45033E+04
  4.5 1.88144E+04
  5.0 2.32848E+04
  5.5 2.79015E+04
  6.0 3.26581E+04
  6.5 3.75506E+04
  7.0 4.25762E+04
  7.5 4.77330E+04
  8.0 5.30197E+04
  8.5 1.25024E+05
  9.0 6.39826E+04
  9.5 2.20830E+05
 10.0 1.90909E+05
 10.5 3.02667E+04
 11.0 3.25825E+04
 11.5 3.54147E+04
 12.0 2.51913E+04
 12.5 2.35230E+04
 13.0 2.50346E+04
 13.5 2.65662E+04
 14.0 2.81177E+04
 14.5 2.96889E+04
 15.0 3.12799E+04
 15.5 3.28906E+04
 16.0 3.45210E+04
 16.5 3.61711E+04
 17.0 3.78410E+04
 17.5 3.95308E+04
 18.0 4.12406E+04
 18.5 4.29706E+04
 19.0 4.47210E+04
 19.5 4.64918E+04
 20.0 4.82829E+04
 20.5 5.00941E+04
 21.0 5.19248E+04
 21.5 5.37739E+04
 22.0 5.56399E+04
 22.5 5.75205E+04
 23.0 5.94129E+04
 23.5 6.13135E+04
 24.0 6.32182E+04
 24.5 6.51218E+04
 25.0 6.70189E+04
 25.5 6.89034E+04
 26.0 7.07689E+04
 26.5 7.26086E+04
 27.0 7.44158E+04
 27.5 7.61838E+04
 28.0 7.79060E+04
 28.5 7.95758E+04
 29.0 8.11875E+04
 29.5 8.27356E+04
 30.0 8.42150E+04
 30.5 8.56214E+04
 31.0 8.69509E+04
 31.5 8.82006E+04
 32.0 8.93677E+04
 32.5 9.04506E+04
 33.0 9.14479E+04
 33.5 9.23588E+04
 34.0 9.31833E+04
 34.5 9.39217E+04
 35.0 9.45747E+04
 35.5 9.51435E+04
 36.0 9.56298E+04
 36.5 9.60353E+04
 37.0 9.63623E+04
 37.5 9.66130E+04
 38.0 9.67901E+04
 38.5 9.68963E+04
 39.0 9.69345E+04
 39.5 9.69075E+04
 40.0 9.68183E+04
 40.5 9.66701E+04
 41.0 9.64657E+04
 41.5 9.62082E+04
 42.0 9.59007E+04
 42.5 9.55460E+04
 43.0 9.51471E+04
 43.5 9.47067E+04
 44.0 9.42277E+04
 44.5 9.37127E+04
 45.0 9.31642E+04
 45.5 9.25849E+04
 46.0 9.19769E+04
 46.5 9.13428E+04
 47.0 9.06846E+04
 47.5 9.00045E+04
 48.0 8.93044E+04
 48.5 8.85862E+04
 49.0 8.78517E+04
 49.5 8.71027E+04
 50.0 8.63408E+04
 50.5 8.55674E+04
 51.0 8.47840E+04
 51.5 8.39920E+04
 52.0 8.31927E+04
 52.5 8.23871E+04
 53.0 8.15765E+04
 53.5 8.07619E+04
 54.0 7.99442E+04
 54.5 7.91243E+04
 55.0 7.83032E+04
 55.5 7.74816E+04
 56.0 7.66602E+04
 56.5 7.58397E+04
 57.0 7.50207E+04
 57.5 7.42038E+04
 58.0 3.81296E+05
 58.5 7.25784E+04
 59.0 7.17709E+04
 59.5 6.21793E+05
 60.0 7.01680E+04
 60.5 6.93734E+04
 61.0 6.85839E+04
 61.5 6.77996E+04
 62.0 6.70208E+04
 62.5 6.62478E+04
 63.0 6.54807E+04
 63.5 6.47197E+04
 64.0 6.39650E+04
 64.5 6.32168E+04
 65.0 6.24750E+04
 65.5 6.17399E+04
 66.0 6.10114E+04
 66.5 6.02898E+04
 67.0 2.61754E+05
 67.5 5.88670E+04
 68.0 5.81659E+04
 68.5 5.74718E+04
 69.0 1.11120E+05
 69.5 5.24485E+04
 70.0 3.37844E+04
 70.5 3.36862E+04
 71.0 3.35830E+04
 71.5 3.34750E+04
 72.0 3.33621E+04
 72.5 3.32446E+04
 73.0 3.31225E+04
 73.5 3.29959E+04
 74.0 3.28648E+04
 74.5 3.27293E+04
 75.0 3.25896E+04
 75.5 3.24457E+04
 76.0 3.22977E+04
 76.5 3.21456E+04
 77.0 3.19897E+04
 77.5 3.18298E+04
 78.0 3.16663E+04
 78.5 3.14990E+04
 79.0 3.13281E+04
 79.5 3.11537E+04
 80.0 3.09759E+04
 80.5 3.07947E+04
 81.0 3.06103E+04
 81.5 3.04227E+04
 82.0 3.02319E+04
 82.5 3.00381E+04
 83.0 2.98414E+04
 83.5 2.96418E+04
 84.0 2.94393E+04
 84.5 2.92342E+04
 85.0 2.90264E+04
 85.5 2.88160E+04
 86.0 2.86030E+04
 86.5 2.83876E+04
 87.0 2.81699E+04
 87.5 2.79498E+04
 88.0 2.77275E+04
 88.5 2.75030E+04
 89.0 2.72763E+04
 89.5 2.70477E+04
 90.0 2.68170E+04
 90.5 2.65844E+04
 91.0 2.63499E+04
 91.5 2.61136E+04
 92.0 2.58755E+04
 92.5 2.56357E+04
 93.0 2.53943E+04
 93.5 2.51513E+04
 94.0 2.49067E+04
 94.5 2.46606E+04
 95.0 2.44131E+04
 95.5 2.41642E+04
 96.0 2.39140E+04
 96.5 2.36625E+04
 97.0 2.34097E+04
 97.5 2.31557E+04
 98.0 2.29005E+04
 98.5 2.26442E+04
 99.0 2.23869E+04
 99.5 2.21285E+04
100.0 2.18691E+04
100.5 2.16088E+04
101.0 2.13476E+04
101.5 2.10855E+04
102.0 2.08225E+04
102.5 2.05588E+04
103.0 2.02943E+04
103.5 2.00290E+04
104.0 1.97631E+04
104.5 1.94965E+04
105.0 1.92293E+04
105.5 1.89615E+04
106.0 1.86932E+04
106.5 1.84243E+04
107.0 1.81549E+04
107.5 1.78851E+04
108.0 1.76148E+04
108.5 1.73441E+04
109.0 1.70730E+04
109.5 1.68016E+04
110.0 1.65299E+04
110.5 1.62579E+04
111.0 1.59856E+04
111.5 1.57131E+04
112.0 1.54403E+04
112.5 1.51674E+04
113.0 1.48943E+04
113.5 1.46211E+04
114.0 1.43478E+04
114.5 1.40743E+04
115.0 1.38008E+04
115.5 1.35273E+04
116.0 1.32538E+04
116.5 1.29802E+04
117.0 1.27067E+04
117.5 1.24332E+04
118.0 1.21598E+04
118.5 1.18865E+04
119.0 1.16133E+04
119.5 1.13403E+04
120.0 1.10674E+04
120.5 1.07947E+04
121.0 1.05221E+04
121.5 1.02498E+04
122.0 9.97778E+03
122.5 9.70598E+03
123.0 9.43445E+03
123.5 9.16322E+03
124.0 8.89231E+03
124.5 8.62173E+03
125.0 8.35151E+03
125.5 8.08166E+03
126.0 7.81221E+03
126.5 7.54316E+03
127.0 7.27455E+03
127.5 7.00639E+03
128.0 6.73869E+03
128.5 6.47147E+03
129.0 6.20476E+03
129.5 5.93857E+03
130.0 5.67292E+03
130.5 5.40782E+03
131.0 5.14330E+03
131.5 4.87937E+03
132.0 4.61605E+03
132.5 4.35336E+03
133.0 4.09131E+03
133.5 3.82992E+03
134.0 3.56921E+03
134.5 3.30919E+03
135.0 3.04989E+03
135.5 2.79131E+03
136.0 2.53349E+03
136.5 2.27643E+03
137.0 2.02015E+03
137.5 1.76466E+03
138.0 1.50999E+03
138.5 1.25616E+03
139.0 1.00317E+03
139.5 7.51046E+02
140.0 4.99806E+02
140.5 2.49464E+02
141.0 2.07663E+01
