141K08D0W2
  0.5 0.00000E+00
  1.0 0.00000E+00
  1.5 0.00000E+00
  2.0 0.00000E+00
  2.5 0.00000E+00
  3.0 0.00000E+00
  3.5 8.70154E+03
  4.0 1.23734E+04
  4.5 1.62238E+04
  5.0 2.02161E+04
  5.5 2.43345E+04
  6.0 2.85716E+04
  6.5 3.29230E+04
  7.0 3.73855E+04
  7.5 4.19567E+04
  8.0 4.66350E+04
  8.5 8.31995E+04
  9.0 5.63086E+04
  9.5 1.50678E+05
 10.0 1.32266E+05
 10.5 2.65971E+04
 11.0 2.86498E+04
 11.5 2.99909E+04
 12.0 2.21348E+04
 12.5 2.06669E+04
 13.0 2.20080E+04
 13.5 2.33655E+04
 14.0 2.47393E+04
 14.5 2.61291E+04
 15.0 2.75350E+04
 15.5 2.89568E+04
 16.0 3.03944E+04
 16.5 3.18478E+04
 17.0 3.33168E+04
 17.5 3.48014E+04
 18.0 3.63017E+04
 18.5 3.78176E+04
 19.0 3.93493E+04
 19.5 4.08966E+04
 20.0 4.24595E+04
 20.5 4.40382E+04
 21.0 4.56323E+04
 21.5 4.72413E+04
 22.0 4.88648E+04
 22.5 5.05017E+04
 23.0 5.21506E+04
 23.5 5.38095E+04
 24.0 5.54762E+04
 24.5 5.71478E+04
 25.0 5.88208E+04
 25.5 6.04911E+04
 26.0 6.21546E+04
 26.5 6.38063E+04
 27.0 6.54413E+04
 27.5 6.70543E+04
 28.0 6.86399E+04
 28.5 7.01927E+04
 29.0 7.17075E+04
 29.5 7.31792E+04
 30.0 7.46029E+04
 30.5 7.59742E+04
 31.0 7.72889E+04
 31.5 7.85434E+04
 32.0 7.97344E+04
 32.5 8.08592E+04
 33.0 8.19155E+04
 33.5 8.29017E+04
 34.0 8.38162E+04
 34.5 8.46584E+04
 35.0 8.54278E+04
 35.5 8.61243E+04
 36.0 8.67484E+04
 36.5 8.73008E+04
 37.0 8.77824E+04
 37.5 8.81947E+04
 38.0 8.85390E+04
 38.5 8.88172E+04
 39.0 8.90312E+04
 39.5 8.91830E+04
 40.0 8.92749E+04
 40.5 8.93092E+04
 41.0 8.92881E+04
 41.5 8.92141E+04
 42.0 8.90897E+04
 42.5 8.89173E+04
 43.0 8.86994E+04
 43.5 8.84383E+04
 44.0 8.81365E+04
 44.5 8.77963E+04
 45.0 8.74202E+04
 45.5 8.70102E+04
 46.0 8.65686E+04
 46.5 8.60976E+04
 47.0 8.55991E+04
 47.5 8.50753E+04
 48.0 8.45279E+04
 48.5 8.39589E+04
 49.0 8.33699E+04
 49.5 8.27627E+04
 50.0 8.21389E+04
 50.5 8.14999E+04
 51.0 8.08473E+04
 51.5 8.01824E+04
 52.0 7.95065E+04
 52.5 7.88209E+04
 53.0 7.81266E+04
 53.5 7.74249E+04
 54.0 7.67167E+04
 54.5 7.60030E+04
 55.0 7.52848E+04
 55.5 7.45628E+04
 56.0 7.38379E+04
 56.5 7.31109E+04
 57.0 7.23823E+04
 57.5 7.16530E+04
 58.0 3.59251E+05
 58.5 7.01944E+04
 59.0 6.94661E+04
 59.5 5.86506E+05
 60.0 6.80142E+04
 60.5 6.72914E+04
 61.0 6.65711E+04
 61.5 6.58539E+04
 62.0 6.51399E+04
 62.5 6.44296E+04
 63.0 6.37231E+04
 63.5 6.30207E+04
 64.0 6.23226E+04
 64.5 6.16290E+04
 65.0 6.09401E+04
 65.5 6.02561E+04
 66.0 5.95770E+04
 66.5 5.89031E+04
 67.0 2.51547E+05
 67.5 5.75710E+04
 68.0 5.69130E+04
 68.5 5.62605E+04
 69.0 1.07741E+05
 69.5 5.11006E+04
 70.0 3.13989E+04
 70.5 3.13445E+04
 71.0 3.12850E+04
 71.5 3.12206E+04
 72.0 3.11512E+04
 72.5 3.10770E+04
 73.0 3.09979E+04
 73.5 3.09140E+04
 74.0 3.08253E+04
 74.5 3.07320E+04
 75.0 3.06341E+04
 75.5 3.05317E+04
 76.0 3.04248E+04
 76.5 3.03134E+04
 77.0 3.01977E+04
 77.5 3.00778E+04
 78.0 2.99536E+04
 78.5 2.98253E+04
 79.0 2.96929E+04
 79.5 2.95565E+04
 80.0 2.94162E+04
 80.5 2.92721E+04
 81.0 2.91242E+04
 81.5 2.89725E+04
 82.0 2.88172E+04
 82.5 2.86584E+04
 83.0 2.84960E+04
 83.5 2.83303E+04
 84.0 2.81612E+04
 84.5 2.79888E+04
 85.0 2.78132E+04
 85.5 2.76344E+04
 86.0 2.74526E+04
 86.5 2.72678E+04
 87.0 2.70801E+04
 87.5 2.68895E+04
 88.0 2.66961E+04
 88.5 2.65000E+04
 89.0 2.63012E+04
 89.5 2.60998E+04
 90.0 2.58959E+04
 90.5 2.56895E+04
 91.0 2.54807E+04
 91.5 2.52696E+04
 92.0 2.50562E+04
 92.5 2.48405E+04
 93.0 2.46227E+04
 93.5 2.44028E+04
 94.0 2.41809E+04
 94.5 2.39569E+04
 95.0 2.37311E+04
 95.5 2.35033E+04
 96.0 2.32737E+04
 96.5 2.30424E+04
 97.0 2.28093E+04
 97.5 2.25746E+04
 98.0 2.23383E+04
 98.5 2.21003E+04
 99.0 2.18609E+04
 99.5 2.16200E+04
100.0 2.13777E+04
100.5 2.11340E+04
101.0 2.08890E+04
101.5 2.06427E+04
102.0 2.03952E+04
102.5 2.01465E+04
103.0 1.98966E+04
103.5 1.96456E+04
104.0 1.93936E+04
104.5 1.91405E+04
105.0 1.88865E+04
105.5 1.86315E+04
106.0 1.83755E+04
106.5 1.81188E+04
107.0 1.78612E+04
107.5 1.76028E+04
108.0 1.73436E+04
108.5 1.70837E+04
109.0 1.68231E+04
109.5 1.65619E+04
110.0 1.63001E+04
110.5 1.60376E+04
111.0 1.57746E+04
111.5 1.55111E+04
112.0 1.52471E+04
112.5 1.49827E+04
113.0 1.47178E+04
113.5 1.44526E+04
114.0 1.41869E+04
114.5 1.39209E+04
115.0 1.36547E+04
115.5 1.33881E+04
116.0 1.31213E+04
116.5 1.28543E+04
117.0 1.25870E+04
117.5 1.23197E+04
118.0 1.20521E+04
118.5 1.17845E+04
119.0 1.15167E+04
119.5 1.12489E+04
120.0 1.09811E+04
120.5 1.07133E+04
121.0 1.04454E+04
121.5 1.01776E+04
122.0 9.90989E+03
122.5 9.64224E+03
123.0 9.37470E+03
123.5 9.10729E+03
124.0 8.84004E+03
124.5 8.57296E+03
125.0 8.30610E+03
125.5 8.03945E+03
126.0 7.77305E+03
126.5 7.50692E+03
127.0 7.24109E+03
127.5 6.97556E+03
128.0 6.71037E+03
128.5 6.44554E+03
129.0 6.18108E+03
129.5 5.91702E+03
130.0 5.65338E+03
130.5 5.39018E+03
131.0 5.12744E+03
131.5 4.86518E+03
132.0 4.60342E+03
132.5 4.34219E+03
133.0 4.08149E+03
133.5 3.82136E+03
134.0 3.56181E+03
134.5 3.30286E+03
135.0 3.04453E+03
135.5 2.78684E+03
136.0 2.52981E+03
136.5 2.27346E+03
137.0 2.01781E+03
137.5 1.76287E+03
138.0 1.50868E+03
138.5 1.25524E+03
139.0 1.00257E+03
139.5 7.50700E+02
140.0 4.99641E+02
140.5 2.49414E+02
141.0 2.07636E+01
