141K16D0W2
  0.5 0.00000E+00
  1.0 0.00000E+00
  1.5 0.00000E+00
  2.0 0.00000E+00
  2.5 0.00000E+00
  3.0 0.00000E+00
  3.5 2.28740E+04
  4.0 3.01137E+04
  4.5 3.76966E+04
  5.0 4.56122E+04
  5.5 5.38567E+04
  6.0 6.24297E+04
  6.5 7.13334E+04
  7.0 8.05737E+04
  7.5 9.01608E+04
  8.0 1.00111E+05
  8.5 1.01410E+06
  9.0 1.21210E+05
  9.5 1.09672E+06
 10.0 9.17203E+05
 10.5 5.71568E+04
 11.0 6.14690E+04
 11.5 1.14775E+05
 12.0 4.75683E+04
 12.5 4.44226E+04
 13.0 4.72211E+04
 13.5 5.00746E+04
 14.0 5.29848E+04
 14.5 5.59532E+04
 15.0 5.89819E+04
 15.5 6.20727E+04
 16.0 6.52276E+04
 16.5 6.84479E+04
 17.0 7.17338E+04
 17.5 7.50841E+04
 18.0 7.84953E+04
 18.5 8.19616E+04
 19.0 8.54743E+04
 19.5 8.90219E+04
 20.0 9.25903E+04
 20.5 9.61627E+04
 21.0 9.97206E+04
 21.5 1.03244E+05
 22.0 1.06713E+05
 22.5 1.10106E+05
 23.0 1.13404E+05
 23.5 1.16588E+05
 24.0 1.19640E+05
 24.5 1.22544E+05
 25.0 1.25287E+05
 25.5 1.27858E+05
 26.0 1.30247E+05
 26.5 1.32448E+05
 27.0 1.34456E+05
 27.5 1.36268E+05
 28.0 1.37884E+05
 28.5 1.39305E+05
 29.0 1.40534E+05
 29.5 1.41573E+05
 30.0 1.42428E+05
 30.5 1.43105E+05
 31.0 1.43610E+05
 31.5 1.43951E+05
 32.0 1.44136E+05
 32.5 1.44172E+05
 33.0 1.44067E+05
 33.5 1.43830E+05
 34.0 1.43470E+05
 34.5 1.42993E+05
 35.0 1.42410E+05
 35.5 1.41726E+05
 36.0 1.40950E+05
 36.5 1.40090E+05
 37.0 1.39152E+05
 37.5 1.38144E+05
 38.0 1.37071E+05
 38.5 1.35940E+05
 39.0 1.34757E+05
 39.5 1.33528E+05
 40.0 1.32257E+05
 40.5 1.30950E+05
 41.0 1.29610E+05
 41.5 1.28243E+05
 42.0 1.26853E+05
 42.5 1.25442E+05
 43.0 1.24015E+05
 43.5 1.22575E+05
 44.0 1.21125E+05
 44.5 1.19667E+05
 45.0 1.18203E+05
 45.5 1.16738E+05
 46.0 1.15271E+05
 46.5 1.13806E+05
 47.0 1.12344E+05
 47.5 1.10887E+05
 48.0 1.09437E+05
 48.5 1.07993E+05
 49.0 1.06559E+05
 49.5 1.05134E+05
 50.0 1.03720E+05
 50.5 1.02318E+05
 51.0 1.00929E+05
 51.5 9.95523E+04
 52.0 9.81896E+04
 52.5 9.68413E+04
 53.0 9.55077E+04
 53.5 9.41894E+04
 54.0 9.28864E+04
 54.5 9.15992E+04
 55.0 9.03280E+04
 55.5 8.90730E+04
 56.0 8.78343E+04
 56.5 8.66119E+04
 57.0 8.54060E+04
 57.5 8.42167E+04
 58.0 4.71206E+05
 58.5 8.18874E+04
 59.0 8.07474E+04
 59.5 7.64773E+05
 60.0 7.85163E+04
 60.5 7.74250E+04
 61.0 7.63497E+04
 61.5 7.52903E+04
 62.0 7.42466E+04
 62.5 7.32184E+04
 63.0 7.22055E+04
 63.5 7.12079E+04
 64.0 7.02252E+04
 64.5 6.92573E+04
 65.0 6.83040E+04
 65.5 6.73650E+04
 66.0 6.64401E+04
 66.5 6.55292E+04
 67.0 3.01441E+05
 67.5 6.37483E+04
 68.0 6.28778E+04
 68.5 6.20204E+04
 69.0 1.24068E+05
 69.5 5.78067E+04
 70.0 4.45368E+04
 70.5 4.41884E+04
 71.0 4.38388E+04
 71.5 4.34879E+04
 72.0 4.31361E+04
 72.5 4.27833E+04
 73.0 4.24297E+04
 73.5 4.20753E+04
 74.0 4.17204E+04
 74.5 4.13649E+04
 75.0 4.10090E+04
 75.5 4.06528E+04
 76.0 4.02963E+04
 76.5 3.99396E+04
 77.0 3.95827E+04
 77.5 3.92259E+04
 78.0 3.88690E+04
 78.5 3.85122E+04
 79.0 3.81556E+04
 79.5 3.77991E+04
 80.0 3.74429E+04
 80.5 3.70870E+04
 81.0 3.67314E+04
 81.5 3.63762E+04
 82.0 3.60214E+04
 82.5 3.56671E+04
 83.0 3.53132E+04
 83.5 3.49599E+04
 84.0 3.46072E+04
 84.5 3.42550E+04
 85.0 3.39035E+04
 85.5 3.35526E+04
 86.0 3.32024E+04
 86.5 3.28529E+04
 87.0 3.25040E+04
 87.5 3.21559E+04
 88.0 3.18086E+04
 88.5 3.14620E+04
 89.0 3.11162E+04
 89.5 3.07712E+04
 90.0 3.04270E+04
 90.5 3.00836E+04
 91.0 2.97410E+04
 91.5 2.93993E+04
 92.0 2.90583E+04
 92.5 2.87183E+04
 93.0 2.83791E+04
 93.5 2.80408E+04
 94.0 2.77033E+04
 94.5 2.73668E+04
 95.0 2.70311E+04
 95.5 2.66963E+04
 96.0 2.63623E+04
 96.5 2.60293E+04
 97.0 2.56971E+04
 97.5 2.53659E+04
 98.0 2.50355E+04
 98.5 2.47060E+04
 99.0 2.43775E+04
 99.5 2.40498E+04
100.0 2.37230E+04
100.5 2.33971E+04
101.0 2.30721E+04
101.5 2.27480E+04
102.0 2.24249E+04
102.5 2.21025E+04
103.0 2.17811E+04
103.5 2.14606E+04
104.0 2.11410E+04
104.5 2.08223E+04
105.0 2.05044E+04
105.5 2.01874E+04
106.0 1.98714E+04
106.5 1.95562E+04
107.0 1.92419E+04
107.5 1.89285E+04
108.0 1.86159E+04
108.5 1.83043E+04
109.0 1.79935E+04
109.5 1.76836E+04
110.0 1.73746E+04
110.5 1.70665E+04
111.0 1.67592E+04
111.5 1.64528E+04
112.0 1.61473E+04
112.5 1.58427E+04
113.0 1.55390E+04
113.5 1.52361E+04
114.0 1.49341E+04
114.5 1.46330E+04
115.0 1.43327E+04
115.5 1.40334E+04
116.0 1.37349E+04
116.5 1.34373E+04
117.0 1.31405E+04
117.5 1.28447E+04
118.0 1.25497E+04
118.5 1.22556E+04
119.0 1.19625E+04
119.5 1.16702E+04
120.0 1.13787E+04
120.5 1.10882E+04
121.0 1.07986E+04
121.5 1.05099E+04
122.0 1.02221E+04
122.5 9.93514E+03
123.0 9.64913E+03
123.5 9.36403E+03
124.0 9.07984E+03
124.5 8.79658E+03
125.0 8.51423E+03
125.5 8.23281E+03
126.0 7.95232E+03
126.5 7.67277E+03
127.0 7.39416E+03
127.5 7.11649E+03
128.0 6.83978E+03
128.5 6.56402E+03
129.0 6.28922E+03
129.5 6.01539E+03
130.0 5.74253E+03
130.5 5.47065E+03
131.0 5.19976E+03
131.5 4.92985E+03
132.0 4.66095E+03
132.5 4.39305E+03
133.0 4.12616E+03
133.5 3.86030E+03
134.0 3.59546E+03
134.5 3.33165E+03
135.0 3.06889E+03
135.5 2.80718E+03
136.0 2.54652E+03
136.5 2.28693E+03
137.0 2.02842E+03
137.5 1.77098E+03
138.0 1.51465E+03
138.5 1.25941E+03
139.0 1.00528E+03
139.5 7.52268E+02
140.0 5.00387E+02
140.5 2.49644E+02
141.0 2.07756E+01
