141K18D0W2
  0.5 0.00000E+00
  1.0 0.00000E+00
  1.5 0.00000E+00
  2.0 0.00000E+00
  2.5 0.00000E+00
  3.0 0.00000E+00
  3.5 2.66551E+04
  4.0 3.48103E+04
  4.5 4.33674E+04
  5.0 5.23190E+04
  5.5 6.16640E+04
  6.0 7.14047E+04
  6.5 8.15476E+04
  7.0 9.21047E+04
  7.5 1.03095E+05
  8.0 1.14548E+05
  8.5 1.44534E+06
  9.0 1.39023E+05
  9.5 1.41360E+06
 10.0 1.17960E+06
 10.5 6.53288E+04
 11.0 7.02753E+04
 11.5 1.52851E+05
 12.0 5.43608E+04
 12.5 5.07627E+04
 13.0 5.39671E+04
 13.5 5.72412E+04
 14.0 6.05875E+04
 14.5 6.40086E+04
 15.0 6.75076E+04
 15.5 7.10868E+04
 16.0 7.47481E+04
 16.5 7.84912E+04
 17.0 8.23137E+04
 17.5 8.62104E+04
 18.0 9.01719E+04
 18.5 9.41855E+04
 19.0 9.82349E+04
 19.5 1.02300E+05
 20.0 1.06359E+05
 20.5 1.10386E+05
 21.0 1.14357E+05
 21.5 1.18245E+05
 22.0 1.22025E+05
 22.5 1.25673E+05
 23.0 1.29168E+05
 23.5 1.32490E+05
 24.0 1.35621E+05
 24.5 1.38548E+05
 25.0 1.41261E+05
 25.5 1.43750E+05
 26.0 1.46010E+05
 26.5 1.48038E+05
 27.0 1.49835E+05
 27.5 1.51402E+05
 28.0 1.52742E+05
 28.5 1.53861E+05
 29.0 1.54765E+05
 29.5 1.55462E+05
 30.0 1.55961E+05
 30.5 1.56270E+05
 31.0 1.56399E+05
 31.5 1.56359E+05
 32.0 1.56159E+05
 32.5 1.55810E+05
 33.0 1.55321E+05
 33.5 1.54703E+05
 34.0 1.53965E+05
 34.5 1.53117E+05
 35.0 1.52168E+05
 35.5 1.51127E+05
 36.0 1.50002E+05
 36.5 1.48801E+05
 37.0 1.47531E+05
 37.5 1.46200E+05
 38.0 1.44815E+05
 38.5 1.43381E+05
 39.0 1.41906E+05
 39.5 1.40393E+05
 40.0 1.38849E+05
 40.5 1.37279E+05
 41.0 1.35686E+05
 41.5 1.34074E+05
 42.0 1.32449E+05
 42.5 1.30813E+05
 43.0 1.29168E+05
 43.5 1.27520E+05
 44.0 1.25869E+05
 44.5 1.24219E+05
 45.0 1.22572E+05
 45.5 1.20929E+05
 46.0 1.19293E+05
 46.5 1.17666E+05
 47.0 1.16048E+05
 47.5 1.14442E+05
 48.0 1.12848E+05
 48.5 1.11268E+05
 49.0 1.09703E+05
 49.5 1.08152E+05
 50.0 1.06618E+05
 50.5 1.05101E+05
 51.0 1.03601E+05
 51.5 1.02119E+05
 52.0 1.00655E+05
 52.5 9.92094E+04
 53.0 9.77829E+04
 53.5 9.63755E+04
 54.0 9.49872E+04
 54.5 9.36183E+04
 55.0 9.22688E+04
 55.5 9.09388E+04
 56.0 8.96281E+04
 56.5 8.83368E+04
 57.0 8.70649E+04
 57.5 8.58121E+04
 58.0 4.85997E+05
 58.5 8.33639E+04
 59.0 8.21680E+04
 59.5 7.88161E+05
 60.0 7.98319E+04
 60.5 7.86913E+04
 61.0 7.75687E+04
 61.5 7.64638E+04
 62.0 7.53764E+04
 62.5 7.43064E+04
 63.0 7.32534E+04
 63.5 7.22171E+04
 64.0 7.11974E+04
 64.5 7.01938E+04
 65.0 6.92063E+04
 65.5 6.82344E+04
 66.0 6.72780E+04
 66.5 6.63367E+04
 67.0 3.07709E+05
 67.5 6.44985E+04
 68.0 6.36010E+04
 68.5 6.27176E+04
 69.0 1.26088E+05
 69.5 5.86749E+04
 70.0 4.64664E+04
 70.5 4.60652E+04
 71.0 4.56638E+04
 71.5 4.52624E+04
 72.0 4.48613E+04
 72.5 4.44603E+04
 73.0 4.40597E+04
 73.5 4.36594E+04
 74.0 4.32597E+04
 74.5 4.28605E+04
 75.0 4.24619E+04
 75.5 4.20640E+04
 76.0 4.16669E+04
 76.5 4.12706E+04
 77.0 4.08752E+04
 77.5 4.04807E+04
 78.0 4.00871E+04
 78.5 3.96946E+04
 79.0 3.93031E+04
 79.5 3.89126E+04
 80.0 3.85233E+04
 80.5 3.81352E+04
 81.0 3.77482E+04
 81.5 3.73624E+04
 82.0 3.69778E+04
 82.5 3.65944E+04
 83.0 3.62123E+04
 83.5 3.58315E+04
 84.0 3.54520E+04
 84.5 3.50738E+04
 85.0 3.46969E+04
 85.5 3.43213E+04
 86.0 3.39470E+04
 86.5 3.35741E+04
 87.0 3.32025E+04
 87.5 3.28323E+04
 88.0 3.24634E+04
 88.5 3.20959E+04
 89.0 3.17297E+04
 89.5 3.13649E+04
 90.0 3.10014E+04
 90.5 3.06393E+04
 91.0 3.02785E+04
 91.5 2.99190E+04
 92.0 2.95609E+04
 92.5 2.92042E+04
 93.0 2.88487E+04
 93.5 2.84946E+04
 94.0 2.81418E+04
 94.5 2.77903E+04
 95.0 2.74401E+04
 95.5 2.70912E+04
 96.0 2.67436E+04
 96.5 2.63973E+04
 97.0 2.60523E+04
 97.5 2.57085E+04
 98.0 2.53660E+04
 98.5 2.50247E+04
 99.0 2.46847E+04
 99.5 2.43459E+04
100.0 2.40083E+04
100.5 2.36720E+04
101.0 2.33368E+04
101.5 2.30029E+04
102.0 2.26701E+04
102.5 2.23386E+04
103.0 2.20082E+04
103.5 2.16790E+04
104.0 2.13509E+04
104.5 2.10240E+04
105.0 2.06982E+04
105.5 2.03736E+04
106.0 2.00500E+04
106.5 1.97276E+04
107.0 1.94064E+04
107.5 1.90862E+04
108.0 1.87671E+04
108.5 1.84491E+04
109.0 1.81322E+04
109.5 1.78164E+04
110.0 1.75017E+04
110.5 1.71880E+04
111.0 1.68754E+04
111.5 1.65638E+04
112.0 1.62533E+04
112.5 1.59438E+04
113.0 1.56354E+04
113.5 1.53280E+04
114.0 1.50216E+04
114.5 1.47163E+04
115.0 1.44120E+04
115.5 1.41087E+04
116.0 1.38065E+04
116.5 1.35052E+04
117.0 1.32050E+04
117.5 1.29058E+04
118.0 1.26076E+04
118.5 1.23104E+04
119.0 1.20142E+04
119.5 1.17190E+04
120.0 1.14248E+04
120.5 1.11316E+04
121.0 1.08395E+04
121.5 1.05483E+04
122.0 1.02581E+04
122.5 9.96894E+03
123.0 9.68077E+03
123.5 9.39361E+03
124.0 9.10745E+03
124.5 8.82230E+03
125.0 8.53816E+03
125.5 8.25503E+03
126.0 7.97291E+03
126.5 7.69180E+03
127.0 7.41171E+03
127.5 7.13264E+03
128.0 6.85460E+03
128.5 6.57758E+03
129.0 6.30159E+03
129.5 6.02663E+03
130.0 5.75271E+03
130.5 5.47984E+03
131.0 5.20801E+03
131.5 4.93723E+03
132.0 4.66750E+03
132.5 4.39884E+03
133.0 4.13125E+03
133.5 3.86473E+03
134.0 3.59928E+03
134.5 3.33492E+03
135.0 3.07166E+03
135.5 2.80948E+03
136.0 2.54842E+03
136.5 2.28846E+03
137.0 2.02962E+03
137.5 1.77190E+03
138.0 1.51532E+03
138.5 1.25988E+03
139.0 1.00558E+03
139.5 7.52445E+02
140.0 5.00471E+02
140.5 2.49670E+02
141.0 2.07770E+01
