141K19D0W2
  0.5 0.00000E+00
  1.0 0.00000E+00
  1.5 0.00000E+00
  2.0 0.00000E+00
  2.5 0.00000E+00
  3.0 0.00000E+00
  3.5 2.85840E+04
  4.0 3.72044E+04
  4.5 4.62581E+04
  5.0 5.57393E+04
  5.5 6.56481E+04
  6.0 7.59890E+04
  6.5 8.67710E+04
  7.0 9.80100E+04
  7.5 1.09731E+05
  8.0 1.21973E+05
  8.5 1.68256E+06
  9.0 1.48239E+05
  9.5 1.57577E+06
 10.0 1.31391E+06
 10.5 6.95164E+04
 11.0 7.47937E+04
 11.5 1.74207E+05
 12.0 5.78398E+04
 12.5 5.40092E+04
 13.0 5.74247E+04
 13.5 6.09182E+04
 14.0 6.44927E+04
 14.5 6.81515E+04
 15.0 7.18980E+04
 15.5 7.57345E+04
 16.0 7.96620E+04
 16.5 8.36790E+04
 17.0 8.77806E+04
 17.5 9.19583E+04
 18.0 9.61992E+04
 18.5 1.00486E+05
 19.0 1.04798E+05
 19.5 1.09111E+05
 20.0 1.13397E+05
 20.5 1.17629E+05
 21.0 1.21778E+05
 21.5 1.25816E+05
 22.0 1.29715E+05
 22.5 1.33453E+05
 23.0 1.37005E+05
 23.5 1.40354E+05
 24.0 1.43484E+05
 24.5 1.46382E+05
 25.0 1.49039E+05
 25.5 1.51450E+05
 26.0 1.53610E+05
 26.5 1.55520E+05
 27.0 1.57181E+05
 27.5 1.58599E+05
 28.0 1.59777E+05
 28.5 1.60724E+05
 29.0 1.61449E+05
 29.5 1.61960E+05
 30.0 1.62269E+05
 30.5 1.62385E+05
 31.0 1.62319E+05
 31.5 1.62084E+05
 32.0 1.61689E+05
 32.5 1.61146E+05
 33.0 1.60467E+05
 33.5 1.59661E+05
 34.0 1.58738E+05
 34.5 1.57710E+05
 35.0 1.56585E+05
 35.5 1.55372E+05
 36.0 1.54080E+05
 36.5 1.52717E+05
 37.0 1.51290E+05
 37.5 1.49808E+05
 38.0 1.48276E+05
 38.5 1.46701E+05
 39.0 1.45090E+05
 39.5 1.43446E+05
 40.0 1.41776E+05
 40.5 1.40084E+05
 41.0 1.38375E+05
 41.5 1.36652E+05
 42.0 1.34919E+05
 42.5 1.33180E+05
 43.0 1.31437E+05
 43.5 1.29694E+05
 44.0 1.27953E+05
 44.5 1.26217E+05
 45.0 1.24486E+05
 45.5 1.22764E+05
 46.0 1.21053E+05
 46.5 1.19353E+05
 47.0 1.17666E+05
 47.5 1.15993E+05
 48.0 1.14335E+05
 48.5 1.12694E+05
 49.0 1.11071E+05
 49.5 1.09465E+05
 50.0 1.07877E+05
 50.5 1.06309E+05
 51.0 1.04760E+05
 51.5 1.03231E+05
 52.0 1.01723E+05
 52.5 1.00235E+05
 53.0 9.87676E+04
 53.5 9.73210E+04
 54.0 9.58954E+04
 54.5 9.44907E+04
 55.0 9.31069E+04
 55.5 9.17440E+04
 56.0 9.04019E+04
 56.5 8.90806E+04
 57.0 8.77798E+04
 57.5 8.64995E+04
 58.0 4.92405E+05
 58.5 8.39994E+04
 59.0 8.27792E+04
 59.5 7.98284E+05
 60.0 8.03975E+04
 60.5 7.92355E+04
 61.0 7.80923E+04
 61.5 7.69678E+04
 62.0 7.58615E+04
 62.5 7.47733E+04
 63.0 7.37029E+04
 63.5 7.26500E+04
 64.0 7.16142E+04
 64.5 7.05953E+04
 65.0 6.95929E+04
 65.5 6.86069E+04
 66.0 6.76368E+04
 66.5 6.66824E+04
 67.0 3.10405E+05
 67.5 6.48195E+04
 68.0 6.39104E+04
 68.5 6.30158E+04
 69.0 1.26955E+05
 69.5 5.90504E+04
 70.0 4.73169E+04
 70.5 4.68916E+04
 71.0 4.64668E+04
 71.5 4.60426E+04
 72.0 4.56191E+04
 72.5 4.51964E+04
 73.0 4.47746E+04
 73.5 4.43537E+04
 74.0 4.39339E+04
 74.5 4.35150E+04
 75.0 4.30973E+04
 75.5 4.26809E+04
 76.0 4.22656E+04
 76.5 4.18516E+04
 77.0 4.14390E+04
 77.5 4.10277E+04
 78.0 4.06178E+04
 78.5 4.02094E+04
 79.0 3.98024E+04
 79.5 3.93969E+04
 80.0 3.89930E+04
 80.5 3.85905E+04
 81.0 3.81896E+04
 81.5 3.77903E+04
 82.0 3.73926E+04
 82.5 3.69964E+04
 83.0 3.66019E+04
 83.5 3.62090E+04
 84.0 3.58177E+04
 84.5 3.54280E+04
 85.0 3.50400E+04
 85.5 3.46536E+04
 86.0 3.42688E+04
 86.5 3.38856E+04
 87.0 3.35041E+04
 87.5 3.31242E+04
 88.0 3.27459E+04
 88.5 3.23692E+04
 89.0 3.19941E+04
 89.5 3.16207E+04
 90.0 3.12488E+04
 90.5 3.08785E+04
 91.0 3.05098E+04
 91.5 3.01427E+04
 92.0 2.97771E+04
 92.5 2.94130E+04
 93.0 2.90505E+04
 93.5 2.86896E+04
 94.0 2.83301E+04
 94.5 2.79722E+04
 95.0 2.76157E+04
 95.5 2.72607E+04
 96.0 2.69072E+04
 96.5 2.65552E+04
 97.0 2.62045E+04
 97.5 2.58554E+04
 98.0 2.55076E+04
 98.5 2.51612E+04
 99.0 2.48163E+04
 99.5 2.44727E+04
100.0 2.41305E+04
100.5 2.37896E+04
101.0 2.34501E+04
101.5 2.31119E+04
102.0 2.27750E+04
102.5 2.24395E+04
103.0 2.21052E+04
103.5 2.17723E+04
104.0 2.14406E+04
104.5 2.11101E+04
105.0 2.07810E+04
105.5 2.04530E+04
106.0 2.01263E+04
106.5 1.98008E+04
107.0 1.94765E+04
107.5 1.91535E+04
108.0 1.88316E+04
108.5 1.85109E+04
109.0 1.81914E+04
109.5 1.78730E+04
110.0 1.75558E+04
110.5 1.72397E+04
111.0 1.69248E+04
111.5 1.66111E+04
112.0 1.62984E+04
112.5 1.59869E+04
113.0 1.56764E+04
113.5 1.53671E+04
114.0 1.50589E+04
114.5 1.47518E+04
115.0 1.44458E+04
115.5 1.41408E+04
116.0 1.38369E+04
116.5 1.35342E+04
117.0 1.32324E+04
117.5 1.29318E+04
118.0 1.26322E+04
118.5 1.23337E+04
119.0 1.20362E+04
119.5 1.17398E+04
120.0 1.14444E+04
120.5 1.11501E+04
121.0 1.08568E+04
121.5 1.05646E+04
122.0 1.02734E+04
122.5 9.98330E+03
123.0 9.69422E+03
123.5 9.40617E+03
124.0 9.11918E+03
124.5 8.83323E+03
125.0 8.54832E+03
125.5 8.26446E+03
126.0 7.98164E+03
126.5 7.69988E+03
127.0 7.41916E+03
127.5 7.13949E+03
128.0 6.86088E+03
128.5 6.58333E+03
129.0 6.30683E+03
129.5 6.03140E+03
130.0 5.75703E+03
130.5 5.48373E+03
131.0 5.21150E+03
131.5 4.94035E+03
132.0 4.67028E+03
132.5 4.40130E+03
133.0 4.13341E+03
133.5 3.86661E+03
134.0 3.60091E+03
134.5 3.33631E+03
135.0 3.07283E+03
135.5 2.81046E+03
136.0 2.54922E+03
136.5 2.28911E+03
137.0 2.03013E+03
137.5 1.77229E+03
138.0 1.51561E+03
138.5 1.26008E+03
139.0 1.00571E+03
139.5 7.52520E+02
140.0 5.00507E+02
140.5 2.49681E+02
141.0 2.07776E+01
