141K13D0W2
  0.5 0.00000E+00
  1.0 0.00000E+00
  1.5 0.00000E+00
  2.0 0.00000E+00
  2.5 0.00000E+00
  3.0 0.00000E+00
  3.5 1.73802E+04
  4.0 2.32751E+04
  4.5 2.94362E+04
  5.0 3.58467E+04
  5.5 4.24998E+04
  6.0 4.93920E+04
  6.5 5.65219E+04
  7.0 6.38896E+04
  7.5 7.14975E+04
  8.0 7.93505E+04
  8.5 5.02179E+05
  9.0 9.58303E+04
  9.5 6.58957E+05
 10.0 5.54664E+05
 10.5 4.53431E+04
 11.0 4.87622E+04
 11.5 7.04953E+04
 12.0 3.77419E+04
 12.5 3.52473E+04
 13.0 3.74718E+04
 13.5 3.97338E+04
 14.0 4.20338E+04
 14.5 4.43723E+04
 15.0 4.67500E+04
 15.5 4.91678E+04
 16.0 5.16265E+04
 16.5 5.41273E+04
 17.0 5.66709E+04
 17.5 5.92582E+04
 18.0 6.18894E+04
 18.5 6.45638E+04
 19.0 6.72799E+04
 19.5 7.00347E+04
 20.0 7.28237E+04
 20.5 7.56407E+04
 21.0 7.84777E+04
 21.5 8.13249E+04
 22.0 8.41713E+04
 22.5 8.70047E+04
 23.0 8.98117E+04
 23.5 9.25787E+04
 24.0 9.52918E+04
 24.5 9.79372E+04
 25.0 1.00502E+05
 25.5 1.02974E+05
 26.0 1.05341E+05
 26.5 1.07594E+05
 27.0 1.09723E+05
 27.5 1.11723E+05
 28.0 1.13585E+05
 28.5 1.15307E+05
 29.0 1.16885E+05
 29.5 1.18318E+05
 30.0 1.19604E+05
 30.5 1.20744E+05
 31.0 1.21740E+05
 31.5 1.22594E+05
 32.0 1.23310E+05
 32.5 1.23891E+05
 33.0 1.24341E+05
 33.5 1.24666E+05
 34.0 1.24870E+05
 34.5 1.24960E+05
 35.0 1.24940E+05
 35.5 1.24816E+05
 36.0 1.24595E+05
 36.5 1.24282E+05
 37.0 1.23882E+05
 37.5 1.23401E+05
 38.0 1.22846E+05
 38.5 1.22220E+05
 39.0 1.21530E+05
 39.5 1.20781E+05
 40.0 1.19977E+05
 40.5 1.19122E+05
 41.0 1.18222E+05
 41.5 1.17281E+05
 42.0 1.16303E+05
 42.5 1.15291E+05
 43.0 1.14249E+05
 43.5 1.13180E+05
 44.0 1.12088E+05
 44.5 1.10976E+05
 45.0 1.09845E+05
 45.5 1.08701E+05
 46.0 1.07543E+05
 46.5 1.06375E+05
 47.0 1.05199E+05
 47.5 1.04017E+05
 48.0 1.02830E+05
 48.5 1.01641E+05
 49.0 1.00451E+05
 49.5 9.92609E+04
 50.0 9.80724E+04
 50.5 9.68868E+04
 51.0 9.57050E+04
 51.5 9.45282E+04
 52.0 9.33572E+04
 52.5 9.21929E+04
 53.0 9.10360E+04
 53.5 8.98873E+04
 54.0 8.87472E+04
 54.5 8.76164E+04
 55.0 8.64954E+04
 55.5 8.53845E+04
 56.0 8.42842E+04
 56.5 8.31948E+04
 57.0 8.21166E+04
 57.5 8.10498E+04
 58.0 4.42214E+05
 58.5 7.89513E+04
 59.0 7.79199E+04
 59.5 7.18823E+05
 60.0 7.58934E+04
 60.5 7.48984E+04
 61.0 7.39156E+04
 61.5 7.29451E+04
 62.0 7.19869E+04
 62.5 7.10409E+04
 63.0 7.01070E+04
 63.5 6.91853E+04
 64.0 6.82757E+04
 64.5 6.73780E+04
 65.0 6.64922E+04
 65.5 6.56182E+04
 66.0 6.47559E+04
 66.5 6.39051E+04
 67.0 2.88953E+05
 67.5 6.22377E+04
 68.0 6.14209E+04
 68.5 6.06150E+04
 69.0 1.20025E+05
 69.5 5.60968E+04
 70.0 4.08875E+04
 70.5 4.06329E+04
 71.0 4.03751E+04
 71.5 4.01144E+04
 72.0 3.98509E+04
 72.5 3.95846E+04
 73.0 3.93157E+04
 73.5 3.90443E+04
 74.0 3.87706E+04
 74.5 3.84946E+04
 75.0 3.82165E+04
 75.5 3.79364E+04
 76.0 3.76543E+04
 76.5 3.73703E+04
 77.0 3.70846E+04
 77.5 3.67973E+04
 78.0 3.65084E+04
 78.5 3.62180E+04
 79.0 3.59262E+04
 79.5 3.56331E+04
 80.0 3.53387E+04
 80.5 3.50432E+04
 81.0 3.47466E+04
 81.5 3.44489E+04
 82.0 3.41503E+04
 82.5 3.38508E+04
 83.0 3.35504E+04
 83.5 3.32493E+04
 84.0 3.29474E+04
 84.5 3.26449E+04
 85.0 3.23417E+04
 85.5 3.20380E+04
 86.0 3.17337E+04
 86.5 3.14290E+04
 87.0 3.11238E+04
 87.5 3.08183E+04
 88.0 3.05124E+04
 88.5 3.02062E+04
 89.0 2.98997E+04
 89.5 2.95930E+04
 90.0 2.92861E+04
 90.5 2.89791E+04
 91.0 2.86719E+04
 91.5 2.83645E+04
 92.0 2.80572E+04
 92.5 2.77497E+04
 93.0 2.74423E+04
 93.5 2.71348E+04
 94.0 2.68274E+04
 94.5 2.65201E+04
 95.0 2.62128E+04
 95.5 2.59056E+04
 96.0 2.55986E+04
 96.5 2.52916E+04
 97.0 2.49849E+04
 97.5 2.46783E+04
 98.0 2.43720E+04
 98.5 2.40658E+04
 99.0 2.37599E+04
 99.5 2.34542E+04
100.0 2.31488E+04
100.5 2.28437E+04
101.0 2.25389E+04
101.5 2.22344E+04
102.0 2.19302E+04
102.5 2.16263E+04
103.0 2.13228E+04
103.5 2.10196E+04
104.0 2.07169E+04
104.5 2.04145E+04
105.0 2.01125E+04
105.5 1.98109E+04
106.0 1.95097E+04
106.5 1.92090E+04
107.0 1.89087E+04
107.5 1.86088E+04
108.0 1.83094E+04
108.5 1.80105E+04
109.0 1.77120E+04
109.5 1.74141E+04
110.0 1.71166E+04
110.5 1.68197E+04
111.0 1.65232E+04
111.5 1.62273E+04
112.0 1.59319E+04
112.5 1.56370E+04
113.0 1.53427E+04
113.5 1.50490E+04
114.0 1.47558E+04
114.5 1.44632E+04
115.0 1.41711E+04
115.5 1.38797E+04
116.0 1.35889E+04
116.5 1.32986E+04
117.0 1.30090E+04
117.5 1.27200E+04
118.0 1.24316E+04
118.5 1.21439E+04
119.0 1.18568E+04
119.5 1.15704E+04
120.0 1.12846E+04
120.5 1.09995E+04
121.0 1.07151E+04
121.5 1.04313E+04
122.0 1.01483E+04
122.5 9.86597E+03
123.0 9.58436E+03
123.5 9.30346E+03
124.0 9.02330E+03
124.5 8.74388E+03
125.0 8.46521E+03
125.5 8.18729E+03
126.0 7.91014E+03
126.5 7.63376E+03
127.0 7.35817E+03
127.5 7.08337E+03
128.0 6.80938E+03
128.5 6.53620E+03
129.0 6.26384E+03
129.5 5.99231E+03
130.0 5.72162E+03
130.5 5.45179E+03
131.0 5.18281E+03
131.5 4.91471E+03
132.0 4.64748E+03
132.5 4.38115E+03
133.0 4.11571E+03
133.5 3.85119E+03
134.0 3.58759E+03
134.5 3.32492E+03
135.0 3.06320E+03
135.5 2.80243E+03
136.0 2.54262E+03
136.5 2.28379E+03
137.0 2.02594E+03
137.5 1.76909E+03
138.0 1.51325E+03
138.5 1.25843E+03
139.0 1.00465E+03
139.5 7.51903E+02
140.0 5.00213E+02
140.5 2.49590E+02
141.0 2.07728E+01
