141K22D0W2
  0.5 0.00000E+00
  1.0 0.00000E+00
  1.5 0.00000E+00
  2.0 0.00000E+00
  2.5 0.00000E+00
  3.0 0.00000E+00
  3.5 3.45394E+04
  4.0 4.45923E+04
  4.5 5.51805E+04
  5.0 6.63034E+04
  5.5 7.79665E+04
  6.0 9.01820E+04
  6.5 1.02970E+05
  7.0 1.16365E+05
  7.5 1.30416E+05
  8.0 1.45197E+05
  8.5 2.46049E+06
  9.0 1.77297E+05
  9.5 2.06733E+06
 10.0 1.72122E+06
 10.5 8.25435E+04
 11.0 8.88771E+04
 11.5 2.46293E+05
 12.0 6.86553E+04
 12.5 6.40979E+04
 13.0 6.81845E+04
 13.5 7.23783E+04
 14.0 7.66844E+04
 14.5 8.11072E+04
 15.0 8.56495E+04
 15.5 9.03109E+04
 16.0 9.50866E+04
 16.5 9.99666E+04
 17.0 1.04935E+05
 17.5 1.09969E+05
 18.0 1.15041E+05
 18.5 1.20118E+05
 19.0 1.25166E+05
 19.5 1.30146E+05
 20.0 1.35021E+05
 20.5 1.39753E+05
 21.0 1.44307E+05
 21.5 1.48653E+05
 22.0 1.52761E+05
 22.5 1.56611E+05
 23.0 1.60182E+05
 23.5 1.63460E+05
 24.0 1.66436E+05
 24.5 1.69105E+05
 25.0 1.71464E+05
 25.5 1.73516E+05
 26.0 1.75265E+05
 26.5 1.76718E+05
 27.0 1.77885E+05
 27.5 1.78777E+05
 28.0 1.79405E+05
 28.5 1.79783E+05
 29.0 1.79925E+05
 29.5 1.79846E+05
 30.0 1.79559E+05
 30.5 1.79080E+05
 31.0 1.78421E+05
 31.5 1.77599E+05
 32.0 1.76625E+05
 32.5 1.75513E+05
 33.0 1.74276E+05
 33.5 1.72926E+05
 34.0 1.71474E+05
 34.5 1.69930E+05
 35.0 1.68305E+05
 35.5 1.66608E+05
 36.0 1.64849E+05
 36.5 1.63035E+05
 37.0 1.61174E+05
 37.5 1.59273E+05
 38.0 1.57339E+05
 38.5 1.55378E+05
 39.0 1.53395E+05
 39.5 1.51396E+05
 40.0 1.49385E+05
 40.5 1.47366E+05
 41.0 1.45344E+05
 41.5 1.43321E+05
 42.0 1.41302E+05
 42.5 1.39289E+05
 43.0 1.37285E+05
 43.5 1.35291E+05
 44.0 1.33311E+05
 44.5 1.31345E+05
 45.0 1.29397E+05
 45.5 1.27467E+05
 46.0 1.25556E+05
 46.5 1.23665E+05
 47.0 1.21796E+05
 47.5 1.19950E+05
 48.0 1.18127E+05
 48.5 1.16328E+05
 49.0 1.14553E+05
 49.5 1.12802E+05
 50.0 1.11077E+05
 50.5 1.09377E+05
 51.0 1.07702E+05
 51.5 1.06053E+05
 52.0 1.04430E+05
 52.5 1.02832E+05
 53.0 1.01260E+05
 53.5 9.97127E+04
 54.0 9.81911E+04
 54.5 9.66946E+04
 55.0 9.52231E+04
 55.5 9.37763E+04
 56.0 9.23539E+04
 56.5 9.09557E+04
 57.0 8.95813E+04
 57.5 8.82306E+04
 58.0 5.08643E+05
 58.5 8.55986E+04
 59.0 8.43166E+04
 59.5 8.23906E+05
 60.0 8.18190E+04
 60.5 8.06026E+04
 61.0 7.94074E+04
 61.5 7.82329E+04
 62.0 7.70788E+04
 62.5 7.59447E+04
 63.0 7.48303E+04
 63.5 7.37351E+04
 64.0 7.26588E+04
 64.5 7.16010E+04
 65.0 7.05613E+04
 65.5 6.95394E+04
 66.0 6.85349E+04
 66.5 6.75475E+04
 67.0 3.17182E+05
 67.5 6.56224E+04
 68.0 6.46840E+04
 68.5 6.37612E+04
 69.0 1.29128E+05
 69.5 6.00006E+04
 70.0 4.95108E+04
 70.5 4.90217E+04
 71.0 4.85347E+04
 71.5 4.80500E+04
 72.0 4.75675E+04
 72.5 4.70874E+04
 73.0 4.66097E+04
 73.5 4.61344E+04
 74.0 4.56616E+04
 74.5 4.51913E+04
 75.0 4.47234E+04
 75.5 4.42581E+04
 76.0 4.37954E+04
 76.5 4.33353E+04
 77.0 4.28777E+04
 77.5 4.24227E+04
 78.0 4.19704E+04
 78.5 4.15206E+04
 79.0 4.10734E+04
 79.5 4.06288E+04
 80.0 4.01869E+04
 80.5 3.97475E+04
 81.0 3.93107E+04
 81.5 3.88764E+04
 82.0 3.84448E+04
 82.5 3.80156E+04
 83.0 3.75891E+04
 83.5 3.71650E+04
 84.0 3.67434E+04
 84.5 3.63243E+04
 85.0 3.59076E+04
 85.5 3.54934E+04
 86.0 3.50817E+04
 86.5 3.46723E+04
 87.0 3.42653E+04
 87.5 3.38606E+04
 88.0 3.34583E+04
 88.5 3.30582E+04
 89.0 3.26605E+04
 89.5 3.22650E+04
 90.0 3.18717E+04
 90.5 3.14807E+04
 91.0 3.10918E+04
 91.5 3.07051E+04
 92.0 3.03205E+04
 92.5 2.99380E+04
 93.0 2.95576E+04
 93.5 2.91793E+04
 94.0 2.88029E+04
 94.5 2.84286E+04
 95.0 2.80562E+04
 95.5 2.76858E+04
 96.0 2.73174E+04
 96.5 2.69508E+04
 97.0 2.65861E+04
 97.5 2.62233E+04
 98.0 2.58622E+04
 98.5 2.55030E+04
 99.0 2.51456E+04
 99.5 2.47899E+04
100.0 2.44360E+04
100.5 2.40838E+04
101.0 2.37333E+04
101.5 2.33844E+04
102.0 2.30372E+04
102.5 2.26916E+04
103.0 2.23477E+04
103.5 2.20053E+04
104.0 2.16645E+04
104.5 2.13252E+04
105.0 2.09875E+04
105.5 2.06513E+04
106.0 2.03166E+04
106.5 1.99833E+04
107.0 1.96516E+04
107.5 1.93212E+04
108.0 1.89923E+04
108.5 1.86648E+04
109.0 1.83387E+04
109.5 1.80140E+04
110.0 1.76907E+04
110.5 1.73687E+04
111.0 1.70480E+04
111.5 1.67287E+04
112.0 1.64107E+04
112.5 1.60940E+04
113.0 1.57786E+04
113.5 1.54645E+04
114.0 1.51516E+04
114.5 1.48400E+04
115.0 1.45297E+04
115.5 1.42206E+04
116.0 1.39127E+04
116.5 1.36060E+04
117.0 1.33006E+04
117.5 1.29963E+04
118.0 1.26933E+04
118.5 1.23915E+04
119.0 1.20908E+04
119.5 1.17913E+04
120.0 1.14930E+04
120.5 1.11959E+04
121.0 1.08999E+04
121.5 1.06051E+04
122.0 1.03114E+04
122.5 1.00189E+04
123.0 9.72757E+03
123.5 9.43734E+03
124.0 9.14826E+03
124.5 8.86032E+03
125.0 8.57352E+03
125.5 8.28784E+03
126.0 8.00330E+03
126.5 7.71990E+03
127.0 7.43762E+03
127.5 7.15648E+03
128.0 6.87647E+03
128.5 6.59758E+03
129.0 6.31983E+03
129.5 6.04322E+03
130.0 5.76773E+03
130.5 5.49338E+03
131.0 5.22017E+03
131.5 4.94810E+03
132.0 4.67717E+03
132.5 4.40738E+03
133.0 4.13874E+03
133.5 3.87126E+03
134.0 3.60492E+03
134.5 3.33975E+03
135.0 3.07573E+03
135.5 2.81288E+03
136.0 2.55121E+03
136.5 2.29071E+03
137.0 2.03139E+03
137.5 1.77326E+03
138.0 1.51632E+03
138.5 1.26057E+03
139.0 1.00603E+03
139.5 7.52706E+02
140.0 5.00595E+02
140.5 2.49708E+02
141.0 2.07790E+01
