141K20D0W2
  0.5 0.00000E+00
  1.0 0.00000E+00
  1.5 0.00000E+00
  2.0 0.00000E+00
  2.5 0.00000E+00
  3.0 0.00000E+00
  3.5 3.05400E+04
  4.0 3.96315E+04
  4.5 4.91888E+04
  5.0 5.92080E+04
  5.5 6.96907E+04
  6.0 8.06435E+04
  6.5 9.20787E+04
  7.0 1.04017E+05
  7.5 1.16491E+05
  8.0 1.29548E+05
  8.5 1.93186E+06
  9.0 1.57681E+05
  9.5 1.73923E+06
 10.0 1.44932E+06
 10.5 7.37779E+04
 11.0 7.93962E+04
 11.5 1.96970E+05
 12.0 6.13791E+04
 12.5 5.73113E+04
 13.0 6.09440E+04
 13.5 6.46635E+04
 14.0 6.84737E+04
 14.5 7.23784E+04
 15.0 7.63811E+04
 15.5 8.04837E+04
 16.0 8.46860E+04
 16.5 8.89844E+04
 17.0 9.33708E+04
 17.5 9.78331E+04
 18.0 1.02354E+05
 18.5 1.06910E+05
 19.0 1.11478E+05
 19.5 1.16027E+05
 20.0 1.20526E+05
 20.5 1.24945E+05
 21.0 1.29251E+05
 21.5 1.33415E+05
 22.0 1.37410E+05
 22.5 1.41210E+05
 23.0 1.44794E+05
 23.5 1.48144E+05
 24.0 1.51246E+05
 24.5 1.54090E+05
 25.0 1.56669E+05
 25.5 1.58979E+05
 26.0 1.61019E+05
 26.5 1.62792E+05
 27.0 1.64302E+05
 27.5 1.65555E+05
 28.0 1.66559E+05
 28.5 1.67325E+05
 29.0 1.67861E+05
 29.5 1.68180E+05
 30.0 1.68293E+05
 30.5 1.68212E+05
 31.0 1.67950E+05
 31.5 1.67518E+05
 32.0 1.66929E+05
 32.5 1.66195E+05
 33.0 1.65326E+05
 33.5 1.64335E+05
 34.0 1.63232E+05
 34.5 1.62027E+05
 35.0 1.60730E+05
 35.5 1.59351E+05
 36.0 1.57897E+05
 36.5 1.56378E+05
 37.0 1.54801E+05
 37.5 1.53173E+05
 38.0 1.51502E+05
 38.5 1.49792E+05
 39.0 1.48050E+05
 39.5 1.46282E+05
 40.0 1.44493E+05
 40.5 1.42686E+05
 41.0 1.40867E+05
 41.5 1.39038E+05
 42.0 1.37205E+05
 42.5 1.35369E+05
 43.0 1.33534E+05
 43.5 1.31702E+05
 44.0 1.29876E+05
 44.5 1.28058E+05
 45.0 1.26251E+05
 45.5 1.24455E+05
 46.0 1.22672E+05
 46.5 1.20904E+05
 47.0 1.19153E+05
 47.5 1.17418E+05
 48.0 1.15701E+05
 48.5 1.14004E+05
 49.0 1.12326E+05
 49.5 1.10668E+05
 50.0 1.09032E+05
 50.5 1.07416E+05
 51.0 1.05822E+05
 51.5 1.04251E+05
 52.0 1.02701E+05
 52.5 1.01173E+05
 53.0 9.96683E+04
 53.5 9.81858E+04
 54.0 9.67257E+04
 54.5 9.52880E+04
 55.0 9.38727E+04
 55.5 9.24796E+04
 56.0 9.11086E+04
 56.5 8.97596E+04
 57.0 8.84323E+04
 57.5 8.71266E+04
 58.0 4.98272E+05
 58.5 8.45790E+04
 59.0 8.33365E+04
 59.5 8.07546E+05
 60.0 8.09130E+04
 60.5 7.97314E+04
 61.0 7.85694E+04
 61.5 7.74268E+04
 62.0 7.63033E+04
 62.5 7.51985E+04
 63.0 7.41121E+04
 63.5 7.30439E+04
 64.0 7.19935E+04
 64.5 7.09605E+04
 65.0 6.99446E+04
 65.5 6.89456E+04
 66.0 6.79631E+04
 66.5 6.69967E+04
 67.0 3.12862E+05
 67.5 6.51113E+04
 68.0 6.41915E+04
 68.5 6.32867E+04
 69.0 1.27744E+05
 69.5 5.93939E+04
 70.0 4.81031E+04
 70.5 4.76552E+04
 71.0 4.72084E+04
 71.5 4.67628E+04
 72.0 4.63184E+04
 72.5 4.58754E+04
 73.0 4.54337E+04
 73.5 4.49935E+04
 74.0 4.45548E+04
 74.5 4.41177E+04
 75.0 4.36822E+04
 75.5 4.32483E+04
 76.0 4.28162E+04
 76.5 4.23858E+04
 77.0 4.19571E+04
 77.5 4.15302E+04
 78.0 4.11052E+04
 78.5 4.06820E+04
 79.0 4.02606E+04
 79.5 3.98412E+04
 80.0 3.94236E+04
 80.5 3.90080E+04
 81.0 3.85942E+04
 81.5 3.81824E+04
 82.0 3.77725E+04
 82.5 3.73646E+04
 83.0 3.69586E+04
 83.5 3.65545E+04
 84.0 3.61523E+04
 84.5 3.57521E+04
 85.0 3.53537E+04
 85.5 3.49573E+04
 86.0 3.45628E+04
 86.5 3.41703E+04
 87.0 3.37796E+04
 87.5 3.33908E+04
 88.0 3.30038E+04
 88.5 3.26187E+04
 89.0 3.22355E+04
 89.5 3.18541E+04
 90.0 3.14745E+04
 90.5 3.10967E+04
 91.0 3.07208E+04
 91.5 3.03465E+04
 92.0 2.99741E+04
 92.5 2.96034E+04
 93.0 2.92345E+04
 93.5 2.88672E+04
 94.0 2.85016E+04
 94.5 2.81378E+04
 95.0 2.77756E+04
 95.5 2.74150E+04
 96.0 2.70561E+04
 96.5 2.66988E+04
 97.0 2.63431E+04
 97.5 2.59890E+04
 98.0 2.56364E+04
 98.5 2.52854E+04
 99.0 2.49359E+04
 99.5 2.45880E+04
100.0 2.42415E+04
100.5 2.38965E+04
101.0 2.35530E+04
101.5 2.32110E+04
102.0 2.28704E+04
102.5 2.25312E+04
103.0 2.21934E+04
103.5 2.18570E+04
104.0 2.15220E+04
104.5 2.11884E+04
105.0 2.08561E+04
105.5 2.05252E+04
106.0 2.01955E+04
106.5 1.98672E+04
107.0 1.95402E+04
107.5 1.92145E+04
108.0 1.88901E+04
108.5 1.85669E+04
109.0 1.82450E+04
109.5 1.79243E+04
110.0 1.76049E+04
110.5 1.72867E+04
111.0 1.69697E+04
111.5 1.66539E+04
112.0 1.63393E+04
112.5 1.60259E+04
113.0 1.57137E+04
113.5 1.54026E+04
114.0 1.50927E+04
114.5 1.47839E+04
115.0 1.44763E+04
115.5 1.41699E+04
116.0 1.38645E+04
116.5 1.35603E+04
117.0 1.32573E+04
117.5 1.29553E+04
118.0 1.26545E+04
118.5 1.23547E+04
119.0 1.20561E+04
119.5 1.17586E+04
120.0 1.14621E+04
120.5 1.11668E+04
121.0 1.08725E+04
121.5 1.05794E+04
122.0 1.02873E+04
122.5 9.99629E+03
123.0 9.70638E+03
123.5 9.41754E+03
124.0 9.12979E+03
124.5 8.84311E+03
125.0 8.55751E+03
125.5 8.27299E+03
126.0 7.98954E+03
126.5 7.70718E+03
127.0 7.42590E+03
127.5 7.14569E+03
128.0 6.86657E+03
128.5 6.58853E+03
129.0 6.31158E+03
129.5 6.03571E+03
130.0 5.76094E+03
130.5 5.48725E+03
131.0 5.21467E+03
131.5 4.94318E+03
132.0 4.67280E+03
132.5 4.40352E+03
133.0 4.13535E+03
133.5 3.86830E+03
134.0 3.60237E+03
134.5 3.33757E+03
135.0 3.07389E+03
135.5 2.81135E+03
136.0 2.54995E+03
136.5 2.28969E+03
137.0 2.03059E+03
137.5 1.77264E+03
138.0 1.51587E+03
138.5 1.26026E+03
139.0 1.00583E+03
139.5 7.52588E+02
140.0 5.00539E+02
140.5 2.49691E+02
141.0 2.07781E+01
