142K08D0W2
  0.5 0.00000E+00
  1.0 0.00000E+00
  1.5 0.00000E+00
  2.0 0.00000E+00
  2.5 0.00000E+00
  3.0 0.00000E+00
  3.5 8.64110E+03
  4.0 1.22949E+04
  4.5 1.61271E+04
  5.0 2.01008E+04
  5.5 2.42002E+04
  6.0 2.84179E+04
  6.5 3.27494E+04
  7.0 3.71917E+04
  7.5 4.17422E+04
  8.0 4.63992E+04
  8.5 8.11220E+04
  9.0 5.60287E+04
  9.5 1.46981E+05
 10.0 1.29199E+05
 10.5 2.64701E+04
 11.0 2.85149E+04
 11.5 2.97837E+04
 12.0 2.20330E+04
 12.5 2.05731E+04
 13.0 2.19097E+04
 13.5 2.32626E+04
 14.0 2.46319E+04
 14.5 2.60174E+04
 15.0 2.74189E+04
 15.5 2.88363E+04
 16.0 3.02696E+04
 16.5 3.17187E+04
 17.0 3.31835E+04
 17.5 3.46640E+04
 18.0 3.61601E+04
 18.5 3.76719E+04
 19.0 3.91995E+04
 19.5 4.07428E+04
 20.0 4.23018E+04
 20.5 4.38766E+04
 21.0 4.54670E+04
 21.5 4.70725E+04
 22.0 4.86927E+04
 22.5 5.03265E+04
 23.0 5.19728E+04
 23.5 5.36296E+04
 24.0 5.52949E+04
 24.5 5.69658E+04
 25.0 5.86389E+04
 25.5 6.03105E+04
 26.0 6.19763E+04
 26.5 6.36317E+04
 27.0 6.52716E+04
 27.5 6.68909E+04
 28.0 6.84843E+04
 28.5 7.00464E+04
 29.0 7.15719E+04
 29.5 7.30559E+04
 30.0 7.44932E+04
 30.5 7.58795E+04
 31.0 7.72105E+04
 31.5 7.84825E+04
 32.0 7.96920E+04
 32.5 8.08364E+04
 33.0 8.19131E+04
 33.5 8.29204E+04
 34.0 8.38566E+04
 34.5 8.47211E+04
 35.0 8.55130E+04
 35.5 8.62323E+04
 36.0 8.68794E+04
 36.5 8.74548E+04
 37.0 8.79593E+04
 37.5 8.83943E+04
 38.0 8.87612E+04
 38.5 8.90615E+04
 39.0 8.92972E+04
 39.5 8.94704E+04
 40.0 8.95831E+04
 40.5 8.96375E+04
 41.0 8.96360E+04
 41.5 8.95811E+04
 42.0 8.94749E+04
 42.5 8.93201E+04
 43.0 8.91191E+04
 43.5 8.88742E+04
 44.0 8.85879E+04
 44.5 8.82624E+04
 45.0 8.79003E+04
 45.5 8.75036E+04
 46.0 8.70746E+04
 46.5 8.66153E+04
 47.0 8.61281E+04
 47.5 8.56147E+04
 48.0 8.50772E+04
 48.5 8.45173E+04
 49.0 8.39369E+04
 49.5 8.33376E+04
 50.0 8.27211E+04
 50.5 8.20889E+04
 51.0 8.14425E+04
 51.5 8.07832E+04
 52.0 8.01125E+04
 52.5 7.94314E+04
 53.0 7.87414E+04
 53.5 7.80434E+04
 54.0 7.73385E+04
 54.5 7.66277E+04
 55.0 7.59120E+04
 55.5 7.51921E+04
 56.0 7.44690E+04
 56.5 7.37434E+04
 57.0 7.30160E+04
 57.5 7.22876E+04
 58.0 3.64174E+05
 58.5 7.08298E+04
 59.0 7.01016E+04
 59.5 5.95089E+05
 60.0 6.86490E+04
 60.5 6.79256E+04
 61.0 6.72045E+04
 61.5 6.64863E+04
 62.0 6.57712E+04
 62.5 6.50595E+04
 63.0 6.43516E+04
 63.5 6.36475E+04
 64.0 6.29477E+04
 64.5 6.22523E+04
 65.0 6.15615E+04
 65.5 6.08755E+04
 66.0 6.01943E+04
 66.5 5.95182E+04
 67.0 2.55544E+05
 67.5 5.81816E+04
 68.0 5.75212E+04
 68.5 5.68663E+04
 69.0 1.09279E+05
 69.5 5.16223E+04
 70.0 3.15248E+04
 70.5 3.14740E+04
 71.0 3.14181E+04
 71.5 3.13573E+04
 72.0 3.12915E+04
 72.5 3.12208E+04
 73.0 3.11453E+04
 73.5 3.10650E+04
 74.0 3.09800E+04
 74.5 3.08903E+04
 75.0 3.07960E+04
 75.5 3.06972E+04
 76.0 3.05939E+04
 76.5 3.04862E+04
 77.0 3.03741E+04
 77.5 3.02578E+04
 78.0 3.01373E+04
 78.5 3.00126E+04
 79.0 2.98838E+04
 79.5 2.97511E+04
 80.0 2.96143E+04
 80.5 2.94738E+04
 81.0 2.93295E+04
 81.5 2.91814E+04
 82.0 2.90297E+04
 82.5 2.88744E+04
 83.0 2.87156E+04
 83.5 2.85534E+04
 84.0 2.83879E+04
 84.5 2.82190E+04
 85.0 2.80469E+04
 85.5 2.78717E+04
 86.0 2.76934E+04
 86.5 2.75120E+04
 87.0 2.73278E+04
 87.5 2.71406E+04
 88.0 2.69507E+04
 88.5 2.67580E+04
 89.0 2.65626E+04
 89.5 2.63647E+04
 90.0 2.61641E+04
 90.5 2.59611E+04
 91.0 2.57557E+04
 91.5 2.55479E+04
 92.0 2.53378E+04
 92.5 2.51255E+04
 93.0 2.49110E+04
 93.5 2.46944E+04
 94.0 2.44757E+04
 94.5 2.42550E+04
 95.0 2.40323E+04
 95.5 2.38078E+04
 96.0 2.35814E+04
 96.5 2.33532E+04
 97.0 2.31233E+04
 97.5 2.28917E+04
 98.0 2.26585E+04
 98.5 2.24237E+04
 99.0 2.21874E+04
 99.5 2.19496E+04
100.0 2.17103E+04
100.5 2.14696E+04
101.0 2.12276E+04
101.5 2.09843E+04
102.0 2.07398E+04
102.5 2.04940E+04
103.0 2.02471E+04
103.5 1.99990E+04
104.0 1.97499E+04
104.5 1.94997E+04
105.0 1.92484E+04
105.5 1.89963E+04
106.0 1.87432E+04
106.5 1.84892E+04
107.0 1.82343E+04
107.5 1.79787E+04
108.0 1.77223E+04
108.5 1.74651E+04
109.0 1.72072E+04
109.5 1.69486E+04
110.0 1.66894E+04
110.5 1.64296E+04
111.0 1.61692E+04
111.5 1.59082E+04
112.0 1.56468E+04
112.5 1.53849E+04
113.0 1.51225E+04
113.5 1.48597E+04
114.0 1.45965E+04
114.5 1.43329E+04
115.0 1.40690E+04
115.5 1.38048E+04
116.0 1.35404E+04
116.5 1.32757E+04
117.0 1.30107E+04
117.5 1.27456E+04
118.0 1.24803E+04
118.5 1.22148E+04
119.0 1.19493E+04
119.5 1.16836E+04
120.0 1.14179E+04
120.5 1.11522E+04
121.0 1.08864E+04
121.5 1.06206E+04
122.0 1.03549E+04
122.5 1.00892E+04
123.0 9.82360E+03
123.5 9.55811E+03
124.0 9.29274E+03
124.5 9.02751E+03
125.0 8.76246E+03
125.5 8.49759E+03
126.0 8.23294E+03
126.5 7.96853E+03
127.0 7.70438E+03
127.5 7.44050E+03
128.0 7.17692E+03
128.5 6.91367E+03
129.0 6.65076E+03
129.5 6.38821E+03
130.0 6.12604E+03
130.5 5.86427E+03
131.0 5.60294E+03
131.5 5.34204E+03
132.0 5.08161E+03
132.5 4.82166E+03
133.0 4.56221E+03
133.5 4.30329E+03
134.0 4.04491E+03
134.5 3.78709E+03
135.0 3.52985E+03
135.5 3.27321E+03
136.0 3.01719E+03
136.5 2.76181E+03
137.0 2.50708E+03
137.5 2.25303E+03
138.0 1.99967E+03
138.5 1.74703E+03
139.0 1.49512E+03
139.5 1.24396E+03
140.0 9.93564E+02
140.5 7.43957E+02
141.0 4.95154E+02
141.5 2.47174E+02
142.0 2.05772E+01
