142K07D0W2
  0.5 0.00000E+00
  1.0 0.00000E+00
  1.5 0.00000E+00
  2.0 0.00000E+00
  2.5 0.00000E+00
  3.0 0.00000E+00
  3.5 7.00672E+03
  4.0 1.02066E+04
  4.5 1.35777E+04
  5.0 1.70758E+04
  5.5 2.06818E+04
  6.0 2.43867E+04
  6.5 2.81855E+04
  7.0 3.20748E+04
  7.5 3.60519E+04
  8.0 4.01147E+04
  8.5 5.57381E+04
  9.0 4.84915E+04
  9.5 9.62838E+04
 10.0 8.65048E+04
 10.5 2.28519E+04
 11.0 2.46390E+04
 11.5 2.52089E+04
 12.0 1.90182E+04
 12.5 1.77555E+04
 13.0 1.89248E+04
 13.5 2.01071E+04
 14.0 2.13025E+04
 14.5 2.25108E+04
 15.0 2.37318E+04
 15.5 2.49654E+04
 16.0 2.62114E+04
 16.5 2.74697E+04
 17.0 2.87401E+04
 17.5 3.00226E+04
 18.0 3.13171E+04
 18.5 3.26233E+04
 19.0 3.39414E+04
 19.5 3.52712E+04
 20.0 3.66126E+04
 20.5 3.79656E+04
 21.0 3.93301E+04
 21.5 4.07060E+04
 22.0 4.20930E+04
 22.5 4.34908E+04
 23.0 4.48990E+04
 23.5 4.63166E+04
 24.0 4.77427E+04
 24.5 4.91760E+04
 25.0 5.06148E+04
 25.5 5.20570E+04
 26.0 5.35002E+04
 26.5 5.49415E+04
 27.0 5.63779E+04
 27.5 5.78059E+04
 28.0 5.92218E+04
 28.5 6.06217E+04
 29.0 6.20015E+04
 29.5 6.33574E+04
 30.0 6.46850E+04
 30.5 6.59806E+04
 31.0 6.72401E+04
 31.5 6.84600E+04
 32.0 6.96367E+04
 32.5 7.07672E+04
 33.0 7.18485E+04
 33.5 7.28783E+04
 34.0 7.38542E+04
 34.5 7.47746E+04
 35.0 7.56378E+04
 35.5 7.64427E+04
 36.0 7.71887E+04
 36.5 7.78752E+04
 37.0 7.85020E+04
 37.5 7.90695E+04
 38.0 7.95777E+04
 38.5 8.00275E+04
 39.0 8.04197E+04
 39.5 8.07554E+04
 40.0 8.10358E+04
 40.5 8.12622E+04
 41.0 8.14362E+04
 41.5 8.15595E+04
 42.0 8.16335E+04
 42.5 8.16603E+04
 43.0 8.16416E+04
 43.5 8.15793E+04
 44.0 8.14752E+04
 44.5 8.13313E+04
 45.0 8.11495E+04
 45.5 8.09316E+04
 46.0 8.06796E+04
 46.5 8.03953E+04
 47.0 8.00805E+04
 47.5 7.97370E+04
 48.0 7.93665E+04
 48.5 7.89707E+04
 49.0 7.85513E+04
 49.5 7.81098E+04
 50.0 7.76477E+04
 50.5 7.71666E+04
 51.0 7.66679E+04
 51.5 7.61528E+04
 52.0 7.56228E+04
 52.5 7.50790E+04
 53.0 7.45227E+04
 53.5 7.39550E+04
 54.0 7.33768E+04
 54.5 7.27894E+04
 55.0 7.21936E+04
 55.5 7.15904E+04
 56.0 7.09806E+04
 56.5 7.03650E+04
 57.0 6.97445E+04
 57.5 6.91197E+04
 58.0 3.37126E+05
 58.5 6.78602E+04
 59.0 6.72267E+04
 59.5 5.51617E+05
 60.0 6.59550E+04
 60.5 6.53178E+04
 61.0 6.46804E+04
 61.5 6.40432E+04
 62.0 6.34066E+04
 62.5 6.27710E+04
 63.0 6.21367E+04
 63.5 6.15040E+04
 64.0 6.08733E+04
 64.5 6.02447E+04
 65.0 5.96187E+04
 65.5 5.89953E+04
 66.0 5.83749E+04
 66.5 5.77575E+04
 67.0 2.42688E+05
 67.5 5.65328E+04
 68.0 5.59257E+04
 68.5 5.53224E+04
 69.0 1.04996E+05
 69.5 4.99498E+04
 70.0 2.87641E+04
 70.5 2.87571E+04
 71.0 2.87452E+04
 71.5 2.87286E+04
 72.0 2.87071E+04
 72.5 2.86808E+04
 73.0 2.86497E+04
 73.5 2.86138E+04
 74.0 2.85732E+04
 74.5 2.85278E+04
 75.0 2.84778E+04
 75.5 2.84230E+04
 76.0 2.83636E+04
 76.5 2.82996E+04
 77.0 2.82310E+04
 77.5 2.81579E+04
 78.0 2.80803E+04
 78.5 2.79982E+04
 79.0 2.79118E+04
 79.5 2.78210E+04
 80.0 2.77259E+04
 80.5 2.76265E+04
 81.0 2.75230E+04
 81.5 2.74153E+04
 82.0 2.73036E+04
 82.5 2.71878E+04
 83.0 2.70680E+04
 83.5 2.69443E+04
 84.0 2.68168E+04
 84.5 2.66855E+04
 85.0 2.65505E+04
 85.5 2.64118E+04
 86.0 2.62695E+04
 86.5 2.61237E+04
 87.0 2.59744E+04
 87.5 2.58217E+04
 88.0 2.56656E+04
 88.5 2.55063E+04
 89.0 2.53437E+04
 89.5 2.51780E+04
 90.0 2.50091E+04
 90.5 2.48372E+04
 91.0 2.46624E+04
 91.5 2.44847E+04
 92.0 2.43040E+04
 92.5 2.41207E+04
 93.0 2.39345E+04
 93.5 2.37458E+04
 94.0 2.35544E+04
 94.5 2.33604E+04
 95.0 2.31640E+04
 95.5 2.29652E+04
 96.0 2.27640E+04
 96.5 2.25604E+04
 97.0 2.23546E+04
 97.5 2.21467E+04
 98.0 2.19365E+04
 98.5 2.17243E+04
 99.0 2.15101E+04
 99.5 2.12938E+04
100.0 2.10757E+04
100.5 2.08557E+04
101.0 2.06338E+04
101.5 2.04102E+04
102.0 2.01848E+04
102.5 1.99578E+04
103.0 1.97292E+04
103.5 1.94990E+04
104.0 1.92672E+04
104.5 1.90340E+04
105.0 1.87993E+04
105.5 1.85633E+04
106.0 1.83259E+04
106.5 1.80872E+04
107.0 1.78473E+04
107.5 1.76061E+04
108.0 1.73638E+04
108.5 1.71204E+04
109.0 1.68759E+04
109.5 1.66303E+04
110.0 1.63837E+04
110.5 1.61362E+04
111.0 1.58877E+04
111.5 1.56384E+04
112.0 1.53882E+04
112.5 1.51372E+04
113.0 1.48854E+04
113.5 1.46329E+04
114.0 1.43797E+04
114.5 1.41258E+04
115.0 1.38712E+04
115.5 1.36161E+04
116.0 1.33604E+04
116.5 1.31042E+04
117.0 1.28475E+04
117.5 1.25903E+04
118.0 1.23327E+04
118.5 1.20747E+04
119.0 1.18163E+04
119.5 1.15576E+04
120.0 1.12986E+04
120.5 1.10392E+04
121.0 1.07797E+04
121.5 1.05199E+04
122.0 1.02599E+04
122.5 9.99978E+03
123.0 9.73951E+03
123.5 9.47913E+03
124.0 9.21866E+03
124.5 8.95815E+03
125.0 8.69761E+03
125.5 8.43707E+03
126.0 8.17656E+03
126.5 7.91611E+03
127.0 7.65573E+03
127.5 7.39546E+03
128.0 7.13532E+03
128.5 6.87533E+03
129.0 6.61552E+03
129.5 6.35592E+03
130.0 6.09655E+03
130.5 5.83743E+03
131.0 5.57859E+03
131.5 5.32004E+03
132.0 5.06183E+03
132.5 4.80395E+03
133.0 4.54645E+03
133.5 4.28934E+03
134.0 4.03265E+03
134.5 3.77640E+03
135.0 3.52060E+03
135.5 3.26529E+03
136.0 3.01049E+03
136.5 2.75621E+03
137.0 2.50248E+03
137.5 2.24932E+03
138.0 1.99675E+03
138.5 1.74479E+03
139.0 1.49347E+03
139.5 1.24281E+03
140.0 9.92816E+02
140.5 7.43523E+02
141.0 4.94948E+02
141.5 2.47111E+02
142.0 2.05739E+01
