142K18D0W2
  0.5 0.00000E+00
  1.0 0.00000E+00
  1.5 0.00000E+00
  2.0 0.00000E+00
  2.5 0.00000E+00
  3.0 0.00000E+00
  3.5 2.64975E+04
  4.0 3.46130E+04
  4.5 4.31284E+04
  5.0 5.20362E+04
  5.5 6.13350E+04
  6.0 7.10271E+04
  6.5 8.11185E+04
  7.0 9.16207E+04
  7.5 1.02552E+05
  8.0 1.13941E+05
  8.5 1.41949E+06
  9.0 1.38269E+05
  9.5 1.39957E+06
 10.0 1.16799E+06
 10.5 6.50108E+04
 11.0 6.99343E+04
 11.5 1.50546E+05
 12.0 5.41068E+04
 12.5 5.05291E+04
 13.0 5.37205E+04
 13.5 5.69812E+04
 14.0 6.03136E+04
 14.5 6.37205E+04
 15.0 6.72047E+04
 15.5 7.07689E+04
 16.0 7.44149E+04
 16.5 7.81428E+04
 17.0 8.19507E+04
 17.5 8.58337E+04
 18.0 8.97833E+04
 18.5 9.37874E+04
 19.0 9.78302E+04
 19.5 1.01893E+05
 20.0 1.05953E+05
 20.5 1.09986E+05
 21.0 1.13968E+05
 21.5 1.17872E+05
 22.0 1.21674E+05
 22.5 1.25350E+05
 23.0 1.28877E+05
 23.5 1.32235E+05
 24.0 1.35407E+05
 24.5 1.38379E+05
 25.0 1.41138E+05
 25.5 1.43677E+05
 26.0 1.45990E+05
 26.5 1.48072E+05
 27.0 1.49924E+05
 27.5 1.51546E+05
 28.0 1.52942E+05
 28.5 1.54116E+05
 29.0 1.55075E+05
 29.5 1.55825E+05
 30.0 1.56376E+05
 30.5 1.56736E+05
 31.0 1.56914E+05
 31.5 1.56920E+05
 32.0 1.56765E+05
 32.5 1.56459E+05
 33.0 1.56011E+05
 33.5 1.55431E+05
 34.0 1.54730E+05
 34.5 1.53916E+05
 35.0 1.52999E+05
 35.5 1.51987E+05
 36.0 1.50889E+05
 36.5 1.49713E+05
 37.0 1.48467E+05
 37.5 1.47157E+05
 38.0 1.45792E+05
 38.5 1.44376E+05
 39.0 1.42916E+05
 39.5 1.41418E+05
 40.0 1.39886E+05
 40.5 1.38326E+05
 41.0 1.36743E+05
 41.5 1.35140E+05
 42.0 1.33521E+05
 42.5 1.31891E+05
 43.0 1.30251E+05
 43.5 1.28606E+05
 44.0 1.26958E+05
 44.5 1.25309E+05
 45.0 1.23662E+05
 45.5 1.22020E+05
 46.0 1.20383E+05
 46.5 1.18754E+05
 47.0 1.17134E+05
 47.5 1.15524E+05
 48.0 1.13927E+05
 48.5 1.12343E+05
 49.0 1.10772E+05
 49.5 1.09217E+05
 50.0 1.07678E+05
 50.5 1.06154E+05
 51.0 1.04648E+05
 51.5 1.03160E+05
 52.0 1.01689E+05
 52.5 1.00237E+05
 53.0 9.88029E+04
 53.5 9.73880E+04
 54.0 9.59922E+04
 54.5 9.46155E+04
 55.0 9.32581E+04
 55.5 9.19201E+04
 56.0 9.06014E+04
 56.5 8.93019E+04
 57.0 8.80218E+04
 57.5 8.67608E+04
 58.0 4.94796E+05
 58.5 8.42958E+04
 59.0 8.30916E+04
 59.5 8.03069E+05
 60.0 8.07388E+04
 60.5 7.95899E+04
 61.0 7.84590E+04
 61.5 7.73459E+04
 62.0 7.62503E+04
 62.5 7.51722E+04
 63.0 7.41110E+04
 63.5 7.30668E+04
 64.0 7.20391E+04
 64.5 7.10276E+04
 65.0 7.00323E+04
 65.5 6.90527E+04
 66.0 6.80886E+04
 66.5 6.71398E+04
 67.0 3.13525E+05
 67.5 6.52868E+04
 68.0 6.43820E+04
 68.5 6.34914E+04
 69.0 1.28198E+05
 69.5 5.93768E+04
 70.0 4.68757E+04
 70.5 4.64756E+04
 71.0 4.60755E+04
 71.5 4.56752E+04
 72.0 4.52750E+04
 72.5 4.48751E+04
 73.0 4.44753E+04
 73.5 4.40760E+04
 74.0 4.36771E+04
 74.5 4.32786E+04
 75.0 4.28808E+04
 75.5 4.24837E+04
 76.0 4.20873E+04
 76.5 4.16916E+04
 77.0 4.12968E+04
 77.5 4.09029E+04
 78.0 4.05099E+04
 78.5 4.01179E+04
 79.0 3.97269E+04
 79.5 3.93370E+04
 80.0 3.89482E+04
 80.5 3.85606E+04
 81.0 3.81740E+04
 81.5 3.77887E+04
 82.0 3.74046E+04
 82.5 3.70217E+04
 83.0 3.66400E+04
 83.5 3.62597E+04
 84.0 3.58806E+04
 84.5 3.55028E+04
 85.0 3.51263E+04
 85.5 3.47512E+04
 86.0 3.43774E+04
 86.5 3.40049E+04
 87.0 3.36338E+04
 87.5 3.32640E+04
 88.0 3.28956E+04
 88.5 3.25285E+04
 89.0 3.21628E+04
 89.5 3.17984E+04
 90.0 3.14354E+04
 90.5 3.10738E+04
 91.0 3.07135E+04
 91.5 3.03546E+04
 92.0 2.99970E+04
 92.5 2.96407E+04
 93.0 2.92858E+04
 93.5 2.89323E+04
 94.0 2.85800E+04
 94.5 2.82291E+04
 95.0 2.78795E+04
 95.5 2.75312E+04
 96.0 2.71842E+04
 96.5 2.68385E+04
 97.0 2.64940E+04
 97.5 2.61509E+04
 98.0 2.58090E+04
 98.5 2.54684E+04
 99.0 2.51291E+04
 99.5 2.47909E+04
100.0 2.44540E+04
100.5 2.41184E+04
101.0 2.37840E+04
101.5 2.34507E+04
102.0 2.31187E+04
102.5 2.27879E+04
103.0 2.24582E+04
103.5 2.21297E+04
104.0 2.18024E+04
104.5 2.14763E+04
105.0 2.11513E+04
105.5 2.08274E+04
106.0 2.05047E+04
106.5 2.01831E+04
107.0 1.98626E+04
107.5 1.95432E+04
108.0 1.92249E+04
108.5 1.89078E+04
109.0 1.85917E+04
109.5 1.82767E+04
110.0 1.79628E+04
110.5 1.76499E+04
111.0 1.73381E+04
111.5 1.70274E+04
112.0 1.67177E+04
112.5 1.64091E+04
113.0 1.61015E+04
113.5 1.57950E+04
114.0 1.54894E+04
114.5 1.51850E+04
115.0 1.48815E+04
115.5 1.45790E+04
116.0 1.42776E+04
116.5 1.39772E+04
117.0 1.36778E+04
117.5 1.33794E+04
118.0 1.30820E+04
118.5 1.27856E+04
119.0 1.24902E+04
119.5 1.21958E+04
120.0 1.19024E+04
120.5 1.16100E+04
121.0 1.13186E+04
121.5 1.10282E+04
122.0 1.07388E+04
122.5 1.04503E+04
123.0 1.01629E+04
123.5 9.87646E+03
124.0 9.59101E+03
124.5 9.30655E+03
125.0 9.02309E+03
125.5 8.74062E+03
126.0 8.45915E+03
126.5 8.17868E+03
127.0 7.89921E+03
127.5 7.62075E+03
128.0 7.34329E+03
128.5 7.06684E+03
129.0 6.79140E+03
129.5 6.51698E+03
130.0 6.24357E+03
130.5 5.97119E+03
131.0 5.69983E+03
131.5 5.42950E+03
132.0 5.16020E+03
132.5 4.89195E+03
133.0 4.62474E+03
133.5 4.35857E+03
134.0 4.09346E+03
134.5 3.82941E+03
135.0 3.56642E+03
135.5 3.30451E+03
136.0 3.04367E+03
136.5 2.78391E+03
137.0 2.52525E+03
137.5 2.26767E+03
138.0 2.01121E+03
138.5 1.75585E+03
139.0 1.50161E+03
139.5 1.24849E+03
140.0 9.96505E+02
140.5 7.45661E+02
141.0 4.95964E+02
141.5 2.47424E+02
142.0 2.05903E+01
