142K15D0W2
  0.5 0.00000E+00
  1.0 0.00000E+00
  1.5 0.00000E+00
  2.0 0.00000E+00
  2.5 0.00000E+00
  3.0 0.00000E+00
  3.5 2.08922E+04
  4.0 2.76477E+04
  4.5 3.47178E+04
  5.0 4.20901E+04
  5.5 4.97595E+04
  6.0 5.77245E+04
  6.5 6.59856E+04
  7.0 7.45461E+04
  7.5 8.34127E+04
  8.0 9.25967E+04
  8.5 8.04868E+05
  9.0 1.11994E+05
  9.5 9.31363E+05
 10.0 7.80311E+05
 10.5 5.29078E+04
 11.0 5.68976E+04
 11.5 9.67005E+04
 12.0 4.40432E+04
 12.5 4.11343E+04
 13.0 4.37271E+04
 13.5 4.63685E+04
 14.0 4.90596E+04
 14.5 5.18014E+04
 15.0 5.45955E+04
 15.5 5.74435E+04
 16.0 6.03470E+04
 16.5 6.33075E+04
 17.0 6.63258E+04
 17.5 6.94020E+04
 18.0 7.25348E+04
 18.5 7.57211E+04
 19.0 7.89557E+04
 19.5 8.22310E+04
 20.0 8.55369E+04
 20.5 8.88613E+04
 21.0 9.21897E+04
 21.5 9.55060E+04
 22.0 9.87929E+04
 22.5 1.02033E+05
 23.0 1.05207E+05
 23.5 1.08298E+05
 24.0 1.11289E+05
 24.5 1.14165E+05
 25.0 1.16910E+05
 25.5 1.19513E+05
 26.0 1.21962E+05
 26.5 1.24250E+05
 27.0 1.26369E+05
 27.5 1.28314E+05
 28.0 1.30082E+05
 28.5 1.31672E+05
 29.0 1.33085E+05
 29.5 1.34320E+05
 30.0 1.35382E+05
 30.5 1.36274E+05
 31.0 1.37001E+05
 31.5 1.37568E+05
 32.0 1.37981E+05
 32.5 1.38247E+05
 33.0 1.38373E+05
 33.5 1.38365E+05
 34.0 1.38232E+05
 34.5 1.37980E+05
 35.0 1.37617E+05
 35.5 1.37151E+05
 36.0 1.36587E+05
 36.5 1.35934E+05
 37.0 1.35197E+05
 37.5 1.34384E+05
 38.0 1.33501E+05
 38.5 1.32554E+05
 39.0 1.31549E+05
 39.5 1.30490E+05
 40.0 1.29384E+05
 40.5 1.28235E+05
 41.0 1.27048E+05
 41.5 1.25827E+05
 42.0 1.24577E+05
 42.5 1.23301E+05
 43.0 1.22003E+05
 43.5 1.20686E+05
 44.0 1.19353E+05
 44.5 1.18008E+05
 45.0 1.16652E+05
 45.5 1.15289E+05
 46.0 1.13920E+05
 46.5 1.12549E+05
 47.0 1.11176E+05
 47.5 1.09803E+05
 48.0 1.08433E+05
 48.5 1.07067E+05
 49.0 1.05705E+05
 49.5 1.04350E+05
 50.0 1.03002E+05
 50.5 1.01663E+05
 51.0 1.00333E+05
 51.5 9.90136E+04
 52.0 9.77049E+04
 52.5 9.64078E+04
 53.0 9.51228E+04
 53.5 9.38506E+04
 54.0 9.25915E+04
 54.5 9.13459E+04
 55.0 9.01142E+04
 55.5 8.88966E+04
 56.0 8.76934E+04
 56.5 8.65048E+04
 57.0 8.53308E+04
 57.5 8.41718E+04
 58.0 4.70643E+05
 58.5 8.18984E+04
 59.0 8.07841E+04
 59.5 7.64833E+05
 60.0 7.86006E+04
 60.5 7.75312E+04
 61.0 7.64766E+04
 61.5 7.54368E+04
 62.0 7.44117E+04
 62.5 7.34011E+04
 63.0 7.24050E+04
 63.5 7.14231E+04
 64.0 7.04553E+04
 64.5 6.95015E+04
 65.0 6.85615E+04
 65.5 6.76351E+04
 66.0 6.67222E+04
 66.5 6.58226E+04
 67.0 3.03244E+05
 67.5 6.40623E+04
 68.0 6.32013E+04
 68.5 6.23528E+04
 69.0 1.24886E+05
 69.5 5.79678E+04
 70.0 4.37788E+04
 70.5 4.34619E+04
 71.0 4.31429E+04
 71.5 4.28222E+04
 72.0 4.24997E+04
 72.5 4.21756E+04
 73.0 4.18502E+04
 73.5 4.15233E+04
 74.0 4.11952E+04
 74.5 4.08659E+04
 75.0 4.05356E+04
 75.5 4.02044E+04
 76.0 3.98723E+04
 76.5 3.95395E+04
 77.0 3.92060E+04
 77.5 3.88719E+04
 78.0 3.85372E+04
 78.5 3.82021E+04
 79.0 3.78666E+04
 79.5 3.75308E+04
 80.0 3.71948E+04
 80.5 3.68585E+04
 81.0 3.65221E+04
 81.5 3.61857E+04
 82.0 3.58492E+04
 82.5 3.55127E+04
 83.0 3.51762E+04
 83.5 3.48399E+04
 84.0 3.45037E+04
 84.5 3.41677E+04
 85.0 3.38319E+04
 85.5 3.34964E+04
 86.0 3.31612E+04
 86.5 3.28263E+04
 87.0 3.24917E+04
 87.5 3.21575E+04
 88.0 3.18238E+04
 88.5 3.14904E+04
 89.0 3.11575E+04
 89.5 3.08251E+04
 90.0 3.04931E+04
 90.5 3.01617E+04
 91.0 2.98308E+04
 91.5 2.95005E+04
 92.0 2.91707E+04
 92.5 2.88415E+04
 93.0 2.85129E+04
 93.5 2.81848E+04
 94.0 2.78575E+04
 94.5 2.75307E+04
 95.0 2.72046E+04
 95.5 2.68791E+04
 96.0 2.65543E+04
 96.5 2.62301E+04
 97.0 2.59066E+04
 97.5 2.55838E+04
 98.0 2.52617E+04
 98.5 2.49403E+04
 99.0 2.46195E+04
 99.5 2.42995E+04
100.0 2.39802E+04
100.5 2.36616E+04
101.0 2.33437E+04
101.5 2.30265E+04
102.0 2.27101E+04
102.5 2.23944E+04
103.0 2.20794E+04
103.5 2.17652E+04
104.0 2.14517E+04
104.5 2.11389E+04
105.0 2.08269E+04
105.5 2.05156E+04
106.0 2.02051E+04
106.5 1.98953E+04
107.0 1.95863E+04
107.5 1.92781E+04
108.0 1.89705E+04
108.5 1.86638E+04
109.0 1.83578E+04
109.5 1.80526E+04
110.0 1.77481E+04
110.5 1.74444E+04
111.0 1.71414E+04
111.5 1.68393E+04
112.0 1.65379E+04
112.5 1.62372E+04
113.0 1.59374E+04
113.5 1.56383E+04
114.0 1.53400E+04
114.5 1.50425E+04
115.0 1.47458E+04
115.5 1.44498E+04
116.0 1.41547E+04
116.5 1.38603E+04
117.0 1.35667E+04
117.5 1.32739E+04
118.0 1.29820E+04
118.5 1.26908E+04
119.0 1.24004E+04
119.5 1.21109E+04
120.0 1.18221E+04
120.5 1.15342E+04
121.0 1.12471E+04
121.5 1.09608E+04
122.0 1.06753E+04
122.5 1.03907E+04
123.0 1.01069E+04
123.5 9.82394E+03
124.0 9.54183E+03
124.5 9.26057E+03
125.0 8.98017E+03
125.5 8.70063E+03
126.0 8.42195E+03
126.5 8.14414E+03
127.0 7.86721E+03
127.5 7.59115E+03
128.0 7.31599E+03
128.5 7.04172E+03
129.0 6.76835E+03
129.5 6.49588E+03
130.0 6.22432E+03
130.5 5.95369E+03
131.0 5.68398E+03
131.5 5.41520E+03
132.0 5.14736E+03
132.5 4.88047E+03
133.0 4.61453E+03
133.5 4.34955E+03
134.0 4.08554E+03
134.5 3.82251E+03
135.0 3.56046E+03
135.5 3.29941E+03
136.0 3.03936E+03
136.5 2.78031E+03
137.0 2.52229E+03
137.5 2.26529E+03
138.0 2.00933E+03
138.5 1.75441E+03
139.0 1.50055E+03
139.5 1.24775E+03
140.0 9.96028E+02
140.5 7.45384E+02
141.0 4.95833E+02
141.5 2.47384E+02
142.0 2.05882E+01
