142K13D0W2
  0.5 0.00000E+00
  1.0 0.00000E+00
  1.5 0.00000E+00
  2.0 0.00000E+00
  2.5 0.00000E+00
  3.0 0.00000E+00
  3.5 1.72722E+04
  4.0 2.31387E+04
  4.5 2.92704E+04
  5.0 3.56504E+04
  5.5 4.22718E+04
  6.0 4.91310E+04
  6.5 5.62265E+04
  7.0 6.35586E+04
  7.5 7.11291E+04
  8.0 7.89429E+04
  8.5 4.88831E+05
  9.0 9.53372E+04
  9.5 6.47834E+05
 10.0 5.45483E+05
 10.5 4.51261E+04
 11.0 4.85309E+04
 11.5 6.94576E+04
 12.0 3.75683E+04
 12.5 3.50875E+04
 13.0 3.73038E+04
 13.5 3.95574E+04
 14.0 4.18491E+04
 14.5 4.41791E+04
 15.0 4.65482E+04
 15.5 4.89573E+04
 16.0 5.14073E+04
 16.5 5.38991E+04
 17.0 5.64336E+04
 17.5 5.90118E+04
 18.0 6.16339E+04
 18.5 6.42994E+04
 19.0 6.70071E+04
 19.5 6.97541E+04
 20.0 7.25363E+04
 20.5 7.53478E+04
 21.0 7.81810E+04
 21.5 8.10264E+04
 22.0 8.38736E+04
 22.5 8.67102E+04
 23.0 8.95235E+04
 23.5 9.22997E+04
 24.0 9.50253E+04
 24.5 9.76865E+04
 25.0 1.00270E+05
 25.5 1.02764E+05
 26.0 1.05156E+05
 26.5 1.07436E+05
 27.0 1.09596E+05
 27.5 1.11627E+05
 28.0 1.13524E+05
 28.5 1.15282E+05
 29.0 1.16897E+05
 29.5 1.18367E+05
 30.0 1.19692E+05
 30.5 1.20872E+05
 31.0 1.21907E+05
 31.5 1.22800E+05
 32.0 1.23555E+05
 32.5 1.24174E+05
 33.0 1.24662E+05
 33.5 1.25024E+05
 34.0 1.25264E+05
 34.5 1.25389E+05
 35.0 1.25402E+05
 35.5 1.25311E+05
 36.0 1.25121E+05
 36.5 1.24837E+05
 37.0 1.24465E+05
 37.5 1.24011E+05
 38.0 1.23481E+05
 38.5 1.22879E+05
 39.0 1.22211E+05
 39.5 1.21483E+05
 40.0 1.20698E+05
 40.5 1.19862E+05
 41.0 1.18979E+05
 41.5 1.18054E+05
 42.0 1.17089E+05
 42.5 1.16090E+05
 43.0 1.15060E+05
 43.5 1.14002E+05
 44.0 1.12920E+05
 44.5 1.11816E+05
 45.0 1.10694E+05
 45.5 1.09556E+05
 46.0 1.08404E+05
 46.5 1.07241E+05
 47.0 1.06070E+05
 47.5 1.04891E+05
 48.0 1.03707E+05
 48.5 1.02520E+05
 49.0 1.01331E+05
 49.5 1.00142E+05
 50.0 9.89536E+04
 50.5 9.77677E+04
 51.0 9.65852E+04
 51.5 9.54071E+04
 52.0 9.42345E+04
 52.5 9.30681E+04
 53.0 9.19088E+04
 53.5 9.07572E+04
 54.0 8.96140E+04
 54.5 8.84798E+04
 55.0 8.73551E+04
 55.5 8.62404E+04
 56.0 8.51359E+04
 56.5 8.40421E+04
 57.0 8.29594E+04
 57.5 8.18879E+04
 58.0 4.49609E+05
 58.5 7.97795E+04
 59.0 7.87430E+04
 59.5 7.31457E+05
 60.0 7.67059E+04
 60.5 7.57055E+04
 61.0 7.47173E+04
 61.5 7.37412E+04
 62.0 7.27774E+04
 62.5 7.18258E+04
 63.0 7.08864E+04
 63.5 6.99590E+04
 64.0 6.90436E+04
 64.5 6.81403E+04
 65.0 6.72488E+04
 65.5 6.63692E+04
 66.0 6.55013E+04
 66.5 6.46449E+04
 67.0 2.94142E+05
 67.5 6.29664E+04
 68.0 6.21440E+04
 68.5 6.13326E+04
 69.0 1.21940E+05
 69.5 5.67346E+04
 70.0 4.11786E+04
 70.5 4.09268E+04
 71.0 4.06719E+04
 71.5 4.04140E+04
 72.0 4.01531E+04
 72.5 3.98895E+04
 73.0 3.96232E+04
 73.5 3.93544E+04
 74.0 3.90832E+04
 74.5 3.88096E+04
 75.0 3.85339E+04
 75.5 3.82561E+04
 76.0 3.79763E+04
 76.5 3.76947E+04
 77.0 3.74112E+04
 77.5 3.71261E+04
 78.0 3.68393E+04
 78.5 3.65510E+04
 79.0 3.62613E+04
 79.5 3.59703E+04
 80.0 3.56780E+04
 80.5 3.53845E+04
 81.0 3.50898E+04
 81.5 3.47941E+04
 82.0 3.44974E+04
 82.5 3.41998E+04
 83.0 3.39013E+04
 83.5 3.36021E+04
 84.0 3.33020E+04
 84.5 3.30013E+04
 85.0 3.27000E+04
 85.5 3.23980E+04
 86.0 3.20955E+04
 86.5 3.17926E+04
 87.0 3.14892E+04
 87.5 3.11853E+04
 88.0 3.08812E+04
 88.5 3.05767E+04
 89.0 3.02719E+04
 89.5 2.99669E+04
 90.0 2.96616E+04
 90.5 2.93562E+04
 91.0 2.90507E+04
 91.5 2.87450E+04
 92.0 2.84393E+04
 92.5 2.81335E+04
 93.0 2.78277E+04
 93.5 2.75218E+04
 94.0 2.72161E+04
 94.5 2.69103E+04
 95.0 2.66046E+04
 95.5 2.62991E+04
 96.0 2.59936E+04
 96.5 2.56883E+04
 97.0 2.53831E+04
 97.5 2.50781E+04
 98.0 2.47733E+04
 98.5 2.44687E+04
 99.0 2.41644E+04
 99.5 2.38603E+04
100.0 2.35564E+04
100.5 2.32528E+04
101.0 2.29496E+04
101.5 2.26466E+04
102.0 2.23439E+04
102.5 2.20416E+04
103.0 2.17396E+04
103.5 2.14380E+04
104.0 2.11367E+04
104.5 2.08359E+04
105.0 2.05354E+04
105.5 2.02353E+04
106.0 1.99356E+04
106.5 1.96364E+04
107.0 1.93376E+04
107.5 1.90392E+04
108.0 1.87413E+04
108.5 1.84438E+04
109.0 1.81468E+04
109.5 1.78503E+04
110.0 1.75543E+04
110.5 1.72588E+04
111.0 1.69638E+04
111.5 1.66693E+04
112.0 1.63753E+04
112.5 1.60818E+04
113.0 1.57889E+04
113.5 1.54966E+04
114.0 1.52048E+04
114.5 1.49135E+04
115.0 1.46228E+04
115.5 1.43327E+04
116.0 1.40432E+04
116.5 1.37543E+04
117.0 1.34660E+04
117.5 1.31783E+04
118.0 1.28912E+04
118.5 1.26047E+04
119.0 1.23189E+04
119.5 1.20337E+04
120.0 1.17492E+04
120.5 1.14653E+04
121.0 1.11820E+04
121.5 1.08995E+04
122.0 1.06176E+04
122.5 1.03364E+04
123.0 1.00559E+04
123.5 9.77615E+03
124.0 9.49707E+03
124.5 9.21872E+03
125.0 8.94109E+03
125.5 8.66420E+03
126.0 8.38805E+03
126.5 8.11266E+03
127.0 7.83803E+03
127.5 7.56418E+03
128.0 7.29110E+03
128.5 7.01881E+03
129.0 6.74732E+03
129.5 6.47663E+03
130.0 6.20676E+03
130.5 5.93772E+03
131.0 5.66951E+03
131.5 5.40214E+03
132.0 5.13563E+03
132.5 4.86998E+03
133.0 4.60520E+03
133.5 4.34131E+03
134.0 4.07830E+03
134.5 3.81620E+03
135.0 3.55501E+03
135.5 3.29475E+03
136.0 3.03541E+03
136.5 2.77702E+03
137.0 2.51959E+03
137.5 2.26311E+03
138.0 2.00762E+03
138.5 1.75310E+03
139.0 1.49959E+03
139.5 1.24708E+03
140.0 9.95591E+02
140.5 7.45131E+02
141.0 4.95713E+02
141.5 2.47347E+02
142.0 2.05862E+01
