142K22D0W2
  0.5 0.00000E+00
  1.0 0.00000E+00
  1.5 0.00000E+00
  2.0 0.00000E+00
  2.5 0.00000E+00
  3.0 0.00000E+00
  3.5 3.43397E+04
  4.0 4.43431E+04
  4.5 5.48789E+04
  5.0 6.59461E+04
  5.5 7.75499E+04
  6.0 8.97020E+04
  6.5 1.02422E+05
  7.0 1.15742E+05
  7.5 1.29712E+05
  8.0 1.44402E+05
  8.5 2.42910E+06
  9.0 1.76288E+05
  9.5 2.05444E+06
 10.0 1.71051E+06
 10.5 8.21334E+04
 11.0 8.84347E+04
 11.5 2.43155E+05
 12.0 6.83285E+04
 12.5 6.37977E+04
 13.0 6.78661E+04
 13.5 7.20409E+04
 14.0 7.63273E+04
 14.5 8.07297E+04
 15.0 8.52512E+04
 15.5 8.98919E+04
 16.0 9.46479E+04
 16.5 9.95099E+04
 17.0 1.04463E+05
 17.5 1.09485E+05
 18.0 1.14550E+05
 18.5 1.19627E+05
 19.0 1.24680E+05
 19.5 1.29672E+05
 20.0 1.34565E+05
 20.5 1.39324E+05
 21.0 1.43911E+05
 21.5 1.48297E+05
 22.0 1.52452E+05
 22.5 1.56353E+05
 23.0 1.59980E+05
 23.5 1.63319E+05
 24.0 1.66358E+05
 24.5 1.69093E+05
 25.0 1.71519E+05
 25.5 1.73640E+05
 26.0 1.75457E+05
 26.5 1.76978E+05
 27.0 1.78213E+05
 27.5 1.79170E+05
 28.0 1.79863E+05
 28.5 1.80303E+05
 29.0 1.80505E+05
 29.5 1.80483E+05
 30.0 1.80252E+05
 30.5 1.79824E+05
 31.0 1.79215E+05
 31.5 1.78438E+05
 32.0 1.77508E+05
 32.5 1.76437E+05
 33.0 1.75237E+05
 33.5 1.73922E+05
 34.0 1.72501E+05
 34.5 1.70987E+05
 35.0 1.69388E+05
 35.5 1.67716E+05
 36.0 1.65978E+05
 36.5 1.64184E+05
 37.0 1.62340E+05
 37.5 1.60454E+05
 38.0 1.58534E+05
 38.5 1.56584E+05
 39.0 1.54611E+05
 39.5 1.52619E+05
 40.0 1.50615E+05
 40.5 1.48601E+05
 41.0 1.46582E+05
 41.5 1.44562E+05
 42.0 1.42545E+05
 42.5 1.40531E+05
 43.0 1.38526E+05
 43.5 1.36531E+05
 44.0 1.34548E+05
 44.5 1.32579E+05
 45.0 1.30626E+05
 45.5 1.28691E+05
 46.0 1.26774E+05
 46.5 1.24878E+05
 47.0 1.23002E+05
 47.5 1.21149E+05
 48.0 1.19318E+05
 48.5 1.17511E+05
 49.0 1.15727E+05
 49.5 1.13968E+05
 50.0 1.12234E+05
 50.5 1.10525E+05
 51.0 1.08841E+05
 51.5 1.07182E+05
 52.0 1.05549E+05
 52.5 1.03941E+05
 53.0 1.02359E+05
 53.5 1.00802E+05
 54.0 9.92697E+04
 54.5 9.77630E+04
 55.0 9.62811E+04
 55.5 9.48240E+04
 56.0 9.33913E+04
 56.5 9.19828E+04
 57.0 9.05981E+04
 57.5 8.92371E+04
 58.0 5.18193E+05
 58.5 8.65847E+04
 59.0 8.52925E+04
 59.5 8.40023E+05
 60.0 8.27749E+04
 60.5 8.15486E+04
 61.0 8.03435E+04
 61.5 7.91593E+04
 62.0 7.79956E+04
 62.5 7.68520E+04
 63.0 7.57282E+04
 63.5 7.46236E+04
 64.0 7.35381E+04
 64.5 7.24713E+04
 65.0 7.14227E+04
 65.5 7.03920E+04
 66.0 6.93788E+04
 66.5 6.83828E+04
 67.0 3.23322E+05
 67.5 6.64409E+04
 68.0 6.54943E+04
 68.5 6.45635E+04
 69.0 1.31338E+05
 69.5 6.07366E+04
 70.0 4.99904E+04
 70.5 4.95011E+04
 71.0 4.90140E+04
 71.5 4.85291E+04
 72.0 4.80464E+04
 72.5 4.75660E+04
 73.0 4.70880E+04
 73.5 4.66124E+04
 74.0 4.61392E+04
 74.5 4.56684E+04
 75.0 4.52002E+04
 75.5 4.47345E+04
 76.0 4.42713E+04
 76.5 4.38107E+04
 77.0 4.33527E+04
 77.5 4.28972E+04
 78.0 4.24444E+04
 78.5 4.19941E+04
 79.0 4.15465E+04
 79.5 4.11014E+04
 80.0 4.06589E+04
 80.5 4.02191E+04
 81.0 3.97818E+04
 81.5 3.93471E+04
 82.0 3.89150E+04
 82.5 3.84854E+04
 83.0 3.80583E+04
 83.5 3.76338E+04
 84.0 3.72118E+04
 84.5 3.67923E+04
 85.0 3.63753E+04
 85.5 3.59607E+04
 86.0 3.55486E+04
 86.5 3.51388E+04
 87.0 3.47315E+04
 87.5 3.43265E+04
 88.0 3.39239E+04
 88.5 3.35236E+04
 89.0 3.31256E+04
 89.5 3.27299E+04
 90.0 3.23365E+04
 90.5 3.19452E+04
 91.0 3.15562E+04
 91.5 3.11693E+04
 92.0 3.07846E+04
 92.5 3.04020E+04
 93.0 3.00215E+04
 93.5 2.96431E+04
 94.0 2.92668E+04
 94.5 2.88924E+04
 95.0 2.85201E+04
 95.5 2.81497E+04
 96.0 2.77813E+04
 96.5 2.74148E+04
 97.0 2.70502E+04
 97.5 2.66874E+04
 98.0 2.63266E+04
 98.5 2.59675E+04
 99.0 2.56103E+04
 99.5 2.52548E+04
100.0 2.49011E+04
100.5 2.45491E+04
101.0 2.41988E+04
101.5 2.38502E+04
102.0 2.35033E+04
102.5 2.31581E+04
103.0 2.28144E+04
103.5 2.24724E+04
104.0 2.21319E+04
104.5 2.17930E+04
105.0 2.14557E+04
105.5 2.11199E+04
106.0 2.07856E+04
106.5 2.04528E+04
107.0 2.01214E+04
107.5 1.97916E+04
108.0 1.94631E+04
108.5 1.91361E+04
109.0 1.88105E+04
109.5 1.84863E+04
110.0 1.81634E+04
110.5 1.78420E+04
111.0 1.75218E+04
111.5 1.72031E+04
112.0 1.68856E+04
112.5 1.65694E+04
113.0 1.62546E+04
113.5 1.59410E+04
114.0 1.56287E+04
114.5 1.53177E+04
115.0 1.50079E+04
115.5 1.46994E+04
116.0 1.43921E+04
116.5 1.40860E+04
117.0 1.37811E+04
117.5 1.34775E+04
118.0 1.31750E+04
118.5 1.28737E+04
119.0 1.25736E+04
119.5 1.22747E+04
120.0 1.19770E+04
120.5 1.16804E+04
121.0 1.13850E+04
121.5 1.10908E+04
122.0 1.07976E+04
122.5 1.05057E+04
123.0 1.02148E+04
123.5 9.92515E+03
124.0 9.63659E+03
124.5 9.34915E+03
125.0 9.06285E+03
125.5 8.77767E+03
126.0 8.49360E+03
126.5 8.21066E+03
127.0 7.92884E+03
127.5 7.64814E+03
128.0 7.36855E+03
128.5 7.09008E+03
129.0 6.81272E+03
129.5 6.53649E+03
130.0 6.26136E+03
130.5 5.98736E+03
131.0 5.71448E+03
131.5 5.44271E+03
132.0 5.17207E+03
132.5 4.90255E+03
133.0 4.63416E+03
133.5 4.36690E+03
134.0 4.10077E+03
134.5 3.83578E+03
135.0 3.57193E+03
135.5 3.30921E+03
136.0 3.04765E+03
136.5 2.78723E+03
137.0 2.52797E+03
137.5 2.26987E+03
138.0 2.01293E+03
138.5 1.75717E+03
139.0 1.50258E+03
139.5 1.24917E+03
140.0 9.96945E+02
140.5 7.45916E+02
141.0 4.96086E+02
141.5 2.47462E+02
142.0 2.05923E+01
