142K21D0W2
  0.5 0.00000E+00
  1.0 0.00000E+00
  1.5 0.00000E+00
  2.0 0.00000E+00
  2.5 0.00000E+00
  3.0 0.00000E+00
  3.5 3.23357E+04
  4.0 4.18575E+04
  4.5 5.18765E+04
  5.0 6.23901E+04
  5.5 7.34015E+04
  6.0 8.49194E+04
  6.5 9.69593E+04
  7.0 1.09547E+05
  7.5 1.22721E+05
  8.0 1.36541E+05
  8.5 2.16120E+06
  9.0 1.66420E+05
  9.5 1.88986E+06
 10.0 1.57412E+06
 10.5 7.77325E+04
 11.0 8.36728E+04
 11.5 2.18076E+05
 12.0 6.46751E+04
 12.5 6.03901E+04
 13.0 6.42295E+04
 13.5 6.81648E+04
 14.0 7.22006E+04
 14.5 7.63411E+04
 15.0 8.05898E+04
 15.5 8.49481E+04
 16.0 8.94144E+04
 16.5 9.39830E+04
 17.0 9.86430E+04
 17.5 1.03378E+05
 18.0 1.08168E+05
 18.5 1.12985E+05
 19.0 1.17799E+05
 19.5 1.22579E+05
 20.0 1.27289E+05
 20.5 1.31895E+05
 21.0 1.36364E+05
 21.5 1.40665E+05
 22.0 1.44769E+05
 22.5 1.48651E+05
 23.0 1.52291E+05
 23.5 1.55672E+05
 24.0 1.58781E+05
 24.5 1.61608E+05
 25.0 1.64150E+05
 25.5 1.66404E+05
 26.0 1.68371E+05
 26.5 1.70056E+05
 27.0 1.71466E+05
 27.5 1.72607E+05
 28.0 1.73490E+05
 28.5 1.74126E+05
 29.0 1.74527E+05
 29.5 1.74706E+05
 30.0 1.74675E+05
 30.5 1.74447E+05
 31.0 1.74036E+05
 31.5 1.73455E+05
 32.0 1.72717E+05
 32.5 1.71834E+05
 33.0 1.70818E+05
 33.5 1.69681E+05
 34.0 1.68435E+05
 34.5 1.67089E+05
 35.0 1.65653E+05
 35.5 1.64138E+05
 36.0 1.62552E+05
 36.5 1.60904E+05
 37.0 1.59201E+05
 37.5 1.57451E+05
 38.0 1.55660E+05
 38.5 1.53834E+05
 39.0 1.51980E+05
 39.5 1.50103E+05
 40.0 1.48208E+05
 40.5 1.46299E+05
 41.0 1.44381E+05
 41.5 1.42457E+05
 42.0 1.40530E+05
 42.5 1.38604E+05
 43.0 1.36683E+05
 43.5 1.34767E+05
 44.0 1.32860E+05
 44.5 1.30964E+05
 45.0 1.29080E+05
 45.5 1.27211E+05
 46.0 1.25358E+05
 46.5 1.23522E+05
 47.0 1.21704E+05
 47.5 1.19905E+05
 48.0 1.18127E+05
 48.5 1.16370E+05
 49.0 1.14634E+05
 49.5 1.12921E+05
 50.0 1.11230E+05
 50.5 1.09562E+05
 51.0 1.07918E+05
 51.5 1.06297E+05
 52.0 1.04700E+05
 52.5 1.03127E+05
 53.0 1.01577E+05
 53.5 1.00052E+05
 54.0 9.85504E+04
 54.5 9.70725E+04
 55.0 9.56183E+04
 55.5 9.41876E+04
 56.0 9.27800E+04
 56.5 9.13957E+04
 57.0 9.00341E+04
 57.5 8.86952E+04
 58.0 5.13049E+05
 58.5 8.60841E+04
 59.0 8.48114E+04
 59.5 8.31905E+05
 60.0 8.23301E+04
 60.5 8.11208E+04
 61.0 7.99321E+04
 61.5 7.87635E+04
 62.0 7.76148E+04
 62.5 7.64856E+04
 63.0 7.53755E+04
 63.5 7.42842E+04
 64.0 7.32114E+04
 64.5 7.21567E+04
 65.0 7.11198E+04
 65.5 7.01003E+04
 66.0 6.90979E+04
 66.5 6.81122E+04
 67.0 3.21182E+05
 67.5 6.61897E+04
 68.0 6.52523E+04
 68.5 6.43302E+04
 69.0 1.30653E+05
 69.5 6.04379E+04
 70.0 4.92958E+04
 70.5 4.88269E+04
 71.0 4.83596E+04
 71.5 4.78940E+04
 72.0 4.74301E+04
 72.5 4.69679E+04
 73.0 4.65077E+04
 73.5 4.60493E+04
 74.0 4.55930E+04
 74.5 4.51386E+04
 75.0 4.46863E+04
 75.5 4.42360E+04
 76.0 4.37879E+04
 76.5 4.33419E+04
 77.0 4.28981E+04
 77.5 4.24565E+04
 78.0 4.20171E+04
 78.5 4.15799E+04
 79.0 4.11449E+04
 79.5 4.07123E+04
 80.0 4.02818E+04
 80.5 3.98536E+04
 81.0 3.94277E+04
 81.5 3.90040E+04
 82.0 3.85826E+04
 82.5 3.81634E+04
 83.0 3.77465E+04
 83.5 3.73318E+04
 84.0 3.69193E+04
 84.5 3.65091E+04
 85.0 3.61011E+04
 85.5 3.56953E+04
 86.0 3.52916E+04
 86.5 3.48902E+04
 87.0 3.44908E+04
 87.5 3.40937E+04
 88.0 3.36986E+04
 88.5 3.33057E+04
 89.0 3.29148E+04
 89.5 3.25260E+04
 90.0 3.21393E+04
 90.5 3.17546E+04
 91.0 3.13719E+04
 91.5 3.09912E+04
 92.0 3.06125E+04
 92.5 3.02357E+04
 93.0 2.98608E+04
 93.5 2.94879E+04
 94.0 2.91168E+04
 94.5 2.87476E+04
 95.0 2.83803E+04
 95.5 2.80148E+04
 96.0 2.76511E+04
 96.5 2.72891E+04
 97.0 2.69289E+04
 97.5 2.65705E+04
 98.0 2.62138E+04
 98.5 2.58588E+04
 99.0 2.55055E+04
 99.5 2.51538E+04
100.0 2.48038E+04
100.5 2.44553E+04
101.0 2.41085E+04
101.5 2.37633E+04
102.0 2.34197E+04
102.5 2.30775E+04
103.0 2.27370E+04
103.5 2.23979E+04
104.0 2.20603E+04
104.5 2.17242E+04
105.0 2.13896E+04
105.5 2.10563E+04
106.0 2.07246E+04
106.5 2.03942E+04
107.0 2.00652E+04
107.5 1.97376E+04
108.0 1.94114E+04
108.5 1.90865E+04
109.0 1.87630E+04
109.5 1.84408E+04
110.0 1.81199E+04
110.5 1.78003E+04
111.0 1.74820E+04
111.5 1.71650E+04
112.0 1.68492E+04
112.5 1.65347E+04
113.0 1.62214E+04
113.5 1.59094E+04
114.0 1.55985E+04
114.5 1.52889E+04
115.0 1.49805E+04
115.5 1.46733E+04
116.0 1.43673E+04
116.5 1.40624E+04
117.0 1.37587E+04
117.5 1.34562E+04
118.0 1.31549E+04
118.5 1.28547E+04
119.0 1.25556E+04
119.5 1.22577E+04
120.0 1.19609E+04
120.5 1.16652E+04
121.0 1.13706E+04
121.5 1.10772E+04
122.0 1.07849E+04
122.5 1.04937E+04
123.0 1.02036E+04
123.5 9.91462E+03
124.0 9.62673E+03
124.5 9.33994E+03
125.0 9.05425E+03
125.5 8.76966E+03
126.0 8.48616E+03
126.5 8.20375E+03
127.0 7.92244E+03
127.5 7.64222E+03
128.0 7.36309E+03
128.5 7.08506E+03
129.0 6.80811E+03
129.5 6.53227E+03
130.0 6.25752E+03
130.5 5.98387E+03
131.0 5.71131E+03
131.5 5.43986E+03
132.0 5.16951E+03
132.5 4.90026E+03
133.0 4.63213E+03
133.5 4.36510E+03
134.0 4.09920E+03
134.5 3.83441E+03
135.0 3.57074E+03
135.5 3.30820E+03
136.0 3.04679E+03
136.5 2.78652E+03
137.0 2.52738E+03
137.5 2.26940E+03
138.0 2.01256E+03
138.5 1.75688E+03
139.0 1.50237E+03
139.5 1.24902E+03
140.0 9.96850E+02
140.5 7.45861E+02
141.0 4.96059E+02
141.5 2.47454E+02
142.0 2.05918E+01
