143K12D0W2
  0.5 0.00000E+00
  1.0 0.00000E+00
  1.5 0.00000E+00
  2.0 0.00000E+00
  2.5 0.00000E+00
  3.0 0.00000E+00
  3.5 1.53993E+04
  4.0 2.07985E+04
  4.5 2.64399E+04
  5.0 3.23038E+04
  5.5 3.83821E+04
  6.0 4.46706E+04
  6.5 5.11668E+04
  7.0 5.78697E+04
  7.5 6.47797E+04
  8.0 7.18992E+04
  8.5 3.53079E+05
  9.0 8.67886E+04
  9.5 5.10064E+05
 10.0 4.31326E+05
 10.5 4.11145E+04
 11.0 4.42236E+04
 11.5 5.77111E+04
 12.0 3.42353E+04
 12.5 3.19763E+04
 13.0 3.40027E+04
 13.5 3.60617E+04
 14.0 3.81534E+04
 14.5 4.02781E+04
 15.0 4.24362E+04
 15.5 4.46283E+04
 16.0 4.68549E+04
 16.5 4.91167E+04
 17.0 5.14144E+04
 17.5 5.37489E+04
 18.0 5.61205E+04
 18.5 5.85295E+04
 19.0 6.09758E+04
 19.5 6.34581E+04
 20.0 6.59743E+04
 20.5 6.85213E+04
 21.0 7.10943E+04
 21.5 7.36872E+04
 22.0 7.62928E+04
 22.5 7.89023E+04
 23.0 8.15059E+04
 23.5 8.40928E+04
 24.0 8.66518E+04
 24.5 8.91711E+04
 25.0 9.16391E+04
 25.5 9.40442E+04
 26.0 9.63754E+04
 26.5 9.86224E+04
 27.0 1.00776E+05
 27.5 1.02827E+05
 28.0 1.04769E+05
 28.5 1.06595E+05
 29.0 1.08301E+05
 29.5 1.09883E+05
 30.0 1.11337E+05
 30.5 1.12662E+05
 31.0 1.13858E+05
 31.5 1.14925E+05
 32.0 1.15863E+05
 32.5 1.16676E+05
 33.0 1.17365E+05
 33.5 1.17934E+05
 34.0 1.18386E+05
 34.5 1.18725E+05
 35.0 1.18955E+05
 35.5 1.19082E+05
 36.0 1.19109E+05
 36.5 1.19042E+05
 37.0 1.18885E+05
 37.5 1.18643E+05
 38.0 1.18322E+05
 38.5 1.17926E+05
 39.0 1.17460E+05
 39.5 1.16929E+05
 40.0 1.16337E+05
 40.5 1.15689E+05
 41.0 1.14989E+05
 41.5 1.14241E+05
 42.0 1.13449E+05
 42.5 1.12617E+05
 43.0 1.11748E+05
 43.5 1.10846E+05
 44.0 1.09915E+05
 44.5 1.08957E+05
 45.0 1.07974E+05
 45.5 1.06971E+05
 46.0 1.05950E+05
 46.5 1.04912E+05
 47.0 1.03860E+05
 47.5 1.02797E+05
 48.0 1.01724E+05
 48.5 1.00643E+05
 49.0 9.95565E+04
 49.5 9.84652E+04
 50.0 9.73708E+04
 50.5 9.62747E+04
 51.0 9.51783E+04
 51.5 9.40827E+04
 52.0 9.29890E+04
 52.5 9.18982E+04
 53.0 9.08111E+04
 53.5 8.97287E+04
 54.0 8.86517E+04
 54.5 8.75807E+04
 55.0 8.65165E+04
 55.5 8.54595E+04
 56.0 8.44102E+04
 56.5 8.33693E+04
 57.0 8.23369E+04
 57.5 8.13136E+04
 58.0 4.44027E+05
 58.5 7.92953E+04
 59.0 7.83008E+04
 59.5 7.23456E+05
 60.0 7.63421E+04
 60.5 7.53784E+04
 61.0 7.44251E+04
 61.5 7.34825E+04
 62.0 7.25505E+04
 62.5 7.16293E+04
 63.0 7.07189E+04
 63.5 6.98193E+04
 64.0 6.89305E+04
 64.5 6.80524E+04
 65.0 6.71852E+04
 65.5 6.63286E+04
 66.0 6.54826E+04
 66.5 6.46473E+04
 67.0 2.93648E+05
 67.5 6.30080E+04
 68.0 6.22040E+04
 68.5 6.14101E+04
 69.0 1.22011E+05
 69.5 5.66127E+04
 70.0 3.99241E+04
 70.5 3.97115E+04
 71.0 3.94950E+04
 71.5 3.92749E+04
 72.0 3.90513E+04
 72.5 3.88243E+04
 73.0 3.85940E+04
 73.5 3.83605E+04
 74.0 3.81240E+04
 74.5 3.78846E+04
 75.0 3.76423E+04
 75.5 3.73974E+04
 76.0 3.71498E+04
 76.5 3.68998E+04
 77.0 3.66474E+04
 77.5 3.63927E+04
 78.0 3.61358E+04
 78.5 3.58767E+04
 79.0 3.56157E+04
 79.5 3.53527E+04
 80.0 3.50879E+04
 80.5 3.48214E+04
 81.0 3.45531E+04
 81.5 3.42833E+04
 82.0 3.40119E+04
 82.5 3.37391E+04
 83.0 3.34648E+04
 83.5 3.31893E+04
 84.0 3.29125E+04
 84.5 3.26345E+04
 85.0 3.23554E+04
 85.5 3.20752E+04
 86.0 3.17940E+04
 86.5 3.15118E+04
 87.0 3.12287E+04
 87.5 3.09448E+04
 88.0 3.06601E+04
 88.5 3.03746E+04
 89.0 3.00884E+04
 89.5 2.98016E+04
 90.0 2.95141E+04
 90.5 2.92260E+04
 91.0 2.89374E+04
 91.5 2.86484E+04
 92.0 2.83588E+04
 92.5 2.80688E+04
 93.0 2.77785E+04
 93.5 2.74877E+04
 94.0 2.71967E+04
 94.5 2.69053E+04
 95.0 2.66137E+04
 95.5 2.63219E+04
 96.0 2.60299E+04
 96.5 2.57376E+04
 97.0 2.54453E+04
 97.5 2.51528E+04
 98.0 2.48602E+04
 98.5 2.45675E+04
 99.0 2.42748E+04
 99.5 2.39820E+04
100.0 2.36893E+04
100.5 2.33965E+04
101.0 2.31038E+04
101.5 2.28111E+04
102.0 2.25185E+04
102.5 2.22260E+04
103.0 2.19336E+04
103.5 2.16414E+04
104.0 2.13492E+04
104.5 2.10573E+04
105.0 2.07655E+04
105.5 2.04739E+04
106.0 2.01825E+04
106.5 1.98913E+04
107.0 1.96003E+04
107.5 1.93096E+04
108.0 1.90192E+04
108.5 1.87290E+04
109.0 1.84391E+04
109.5 1.81496E+04
110.0 1.78603E+04
110.5 1.75714E+04
111.0 1.72828E+04
111.5 1.69945E+04
112.0 1.67067E+04
112.5 1.64192E+04
113.0 1.61320E+04
113.5 1.58453E+04
114.0 1.55590E+04
114.5 1.52731E+04
115.0 1.49876E+04
115.5 1.47026E+04
116.0 1.44180E+04
116.5 1.41339E+04
117.0 1.38502E+04
117.5 1.35671E+04
118.0 1.32844E+04
118.5 1.30022E+04
119.0 1.27205E+04
119.5 1.24394E+04
120.0 1.21588E+04
120.5 1.18787E+04
121.0 1.15992E+04
121.5 1.13202E+04
122.0 1.10419E+04
122.5 1.07641E+04
123.0 1.04868E+04
123.5 1.02102E+04
124.0 9.93423E+03
124.5 9.65885E+03
125.0 9.38410E+03
125.5 9.10999E+03
126.0 8.83654E+03
126.5 8.56374E+03
127.0 8.29161E+03
127.5 8.02016E+03
128.0 7.74941E+03
128.5 7.47935E+03
129.0 7.21001E+03
129.5 6.94138E+03
130.0 6.67349E+03
130.5 6.40634E+03
131.0 6.13994E+03
131.5 5.87431E+03
132.0 5.60944E+03
132.5 5.34536E+03
133.0 5.08208E+03
133.5 4.81960E+03
134.0 4.55793E+03
134.5 4.29709E+03
135.0 4.03709E+03
135.5 3.77794E+03
136.0 3.51964E+03
136.5 3.26222E+03
137.0 3.00567E+03
137.5 2.75002E+03
138.0 2.49528E+03
138.5 2.24144E+03
139.0 1.98854E+03
139.5 1.73657E+03
140.0 1.48555E+03
140.5 1.23549E+03
141.0 9.86411E+02
141.5 7.38312E+02
142.0 4.91210E+02
142.5 2.45116E+02
143.0 2.04014E+01
