143K10D0W2
  0.5 0.00000E+00
  1.0 0.00000E+00
  1.5 0.00000E+00
  2.0 0.00000E+00
  2.5 0.00000E+00
  3.0 0.00000E+00
  3.5 1.19366E+04
  4.0 1.64584E+04
  4.5 2.11847E+04
  5.0 2.60890E+04
  5.5 3.11600E+04
  6.0 3.63922E+04
  6.5 4.17820E+04
  7.0 4.73271E+04
  7.5 5.30259E+04
  8.0 5.88780E+04
  8.5 1.75006E+05
  9.0 7.10463E+04
  9.5 2.94863E+05
 10.0 2.52643E+05
 10.5 3.36515E+04
 11.0 3.62147E+04
 11.5 4.10782E+04
 12.0 2.80201E+04
 12.5 2.61694E+04
 13.0 2.78427E+04
 13.5 2.95398E+04
 14.0 3.12607E+04
 14.5 3.30054E+04
 15.0 3.47740E+04
 15.5 3.65666E+04
 16.0 3.83833E+04
 16.5 4.02243E+04
 17.0 4.20897E+04
 17.5 4.39800E+04
 18.0 4.58954E+04
 18.5 4.78363E+04
 19.0 4.98029E+04
 19.5 5.17951E+04
 20.0 5.38129E+04
 20.5 5.58555E+04
 21.0 5.79216E+04
 21.5 6.00094E+04
 22.0 6.21161E+04
 22.5 6.42380E+04
 23.0 6.63707E+04
 23.5 6.85086E+04
 24.0 7.06456E+04
 24.5 7.27748E+04
 25.0 7.48885E+04
 25.5 7.69789E+04
 26.0 7.90377E+04
 26.5 8.10567E+04
 27.0 8.30278E+04
 27.5 8.49432E+04
 28.0 8.67953E+04
 28.5 8.85771E+04
 29.0 9.02826E+04
 29.5 9.19061E+04
 30.0 9.34426E+04
 30.5 9.48882E+04
 31.0 9.62397E+04
 31.5 9.74945E+04
 32.0 9.86508E+04
 32.5 9.97076E+04
 33.0 1.00665E+05
 33.5 1.01522E+05
 34.0 1.02281E+05
 34.5 1.02942E+05
 35.0 1.03508E+05
 35.5 1.03981E+05
 36.0 1.04362E+05
 36.5 1.04656E+05
 37.0 1.04864E+05
 37.5 1.04991E+05
 38.0 1.05040E+05
 38.5 1.05013E+05
 39.0 1.04915E+05
 39.5 1.04750E+05
 40.0 1.04520E+05
 40.5 1.04229E+05
 41.0 1.03882E+05
 41.5 1.03481E+05
 42.0 1.03029E+05
 42.5 1.02531E+05
 43.0 1.01989E+05
 43.5 1.01407E+05
 44.0 1.00787E+05
 44.5 1.00133E+05
 45.0 9.94468E+04
 45.5 9.87315E+04
 46.0 9.79898E+04
 46.5 9.72238E+04
 47.0 9.64360E+04
 47.5 9.56286E+04
 48.0 9.48035E+04
 48.5 9.39629E+04
 49.0 9.31084E+04
 49.5 9.22420E+04
 50.0 9.13650E+04
 50.5 9.04792E+04
 51.0 8.95861E+04
 51.5 8.86868E+04
 52.0 8.77826E+04
 52.5 8.68749E+04
 53.0 8.59645E+04
 53.5 8.50527E+04
 54.0 8.41401E+04
 54.5 8.32279E+04
 55.0 8.23168E+04
 55.5 8.14074E+04
 56.0 8.05006E+04
 56.5 7.95970E+04
 57.0 7.86970E+04
 57.5 7.78013E+04
 58.0 4.12191E+05
 58.5 7.60246E+04
 59.0 7.51444E+04
 59.5 6.72691E+05
 60.0 7.34023E+04
 60.5 7.25409E+04
 61.0 7.16863E+04
 61.5 7.08388E+04
 62.0 6.99986E+04
 62.5 6.91658E+04
 63.0 6.83406E+04
 63.5 6.75231E+04
 64.0 6.67135E+04
 64.5 6.59118E+04
 65.0 6.51182E+04
 65.5 6.43326E+04
 66.0 6.35551E+04
 66.5 6.27858E+04
 67.0 2.79424E+05
 67.5 6.12716E+04
 68.0 6.05268E+04
 68.5 5.97901E+04
 69.0 1.17369E+05
 69.5 5.47343E+04
 70.0 3.62781E+04
 70.5 3.61446E+04
 71.0 3.60064E+04
 71.5 3.58636E+04
 72.0 3.57163E+04
 72.5 3.55646E+04
 73.0 3.54087E+04
 73.5 3.52485E+04
 74.0 3.50843E+04
 74.5 3.49161E+04
 75.0 3.47441E+04
 75.5 3.45682E+04
 76.0 3.43887E+04
 76.5 3.42056E+04
 77.0 3.40190E+04
 77.5 3.38290E+04
 78.0 3.36358E+04
 78.5 3.34393E+04
 79.0 3.32397E+04
 79.5 3.30370E+04
 80.0 3.28315E+04
 80.5 3.26230E+04
 81.0 3.24118E+04
 81.5 3.21979E+04
 82.0 3.19814E+04
 82.5 3.17624E+04
 83.0 3.15409E+04
 83.5 3.13171E+04
 84.0 3.10909E+04
 84.5 3.08625E+04
 85.0 3.06320E+04
 85.5 3.03994E+04
 86.0 3.01647E+04
 86.5 2.99281E+04
 87.0 2.96896E+04
 87.5 2.94493E+04
 88.0 2.92072E+04
 88.5 2.89635E+04
 89.0 2.87181E+04
 89.5 2.84711E+04
 90.0 2.82226E+04
 90.5 2.79726E+04
 91.0 2.77212E+04
 91.5 2.74684E+04
 92.0 2.72144E+04
 92.5 2.69590E+04
 93.0 2.67025E+04
 93.5 2.64448E+04
 94.0 2.61859E+04
 94.5 2.59260E+04
 95.0 2.56651E+04
 95.5 2.54032E+04
 96.0 2.51403E+04
 96.5 2.48765E+04
 97.0 2.46119E+04
 97.5 2.43464E+04
 98.0 2.40802E+04
 98.5 2.38132E+04
 99.0 2.35455E+04
 99.5 2.32771E+04
100.0 2.30081E+04
100.5 2.27384E+04
101.0 2.24682E+04
101.5 2.21975E+04
102.0 2.19262E+04
102.5 2.16544E+04
103.0 2.13822E+04
103.5 2.11096E+04
104.0 2.08365E+04
104.5 2.05631E+04
105.0 2.02894E+04
105.5 2.00153E+04
106.0 1.97410E+04
106.5 1.94664E+04
107.0 1.91915E+04
107.5 1.89164E+04
108.0 1.86412E+04
108.5 1.83658E+04
109.0 1.80902E+04
109.5 1.78145E+04
110.0 1.75387E+04
110.5 1.72629E+04
111.0 1.69869E+04
111.5 1.67110E+04
112.0 1.64350E+04
112.5 1.61590E+04
113.0 1.58831E+04
113.5 1.56072E+04
114.0 1.53313E+04
114.5 1.50556E+04
115.0 1.47799E+04
115.5 1.45044E+04
116.0 1.42290E+04
116.5 1.39538E+04
117.0 1.36787E+04
117.5 1.34038E+04
118.0 1.31291E+04
118.5 1.28547E+04
119.0 1.25805E+04
119.5 1.23065E+04
120.0 1.20328E+04
120.5 1.17594E+04
121.0 1.14864E+04
121.5 1.12136E+04
122.0 1.09412E+04
122.5 1.06691E+04
123.0 1.03974E+04
123.5 1.01261E+04
124.0 9.85515E+03
124.5 9.58465E+03
125.0 9.31457E+03
125.5 9.04494E+03
126.0 8.77576E+03
126.5 8.50707E+03
127.0 8.23885E+03
127.5 7.97115E+03
128.0 7.70396E+03
128.5 7.43730E+03
129.0 7.17119E+03
129.5 6.90564E+03
130.0 6.64067E+03
130.5 6.37629E+03
131.0 6.11251E+03
131.5 5.84935E+03
132.0 5.58682E+03
132.5 5.32494E+03
133.0 5.06373E+03
133.5 4.80318E+03
134.0 4.54333E+03
134.5 4.28418E+03
135.0 4.02575E+03
135.5 3.76805E+03
136.0 3.51110E+03
136.5 3.25490E+03
137.0 2.99949E+03
137.5 2.74486E+03
138.0 2.49103E+03
138.5 2.23802E+03
139.0 1.98584E+03
139.5 1.73451E+03
140.0 1.48404E+03
140.5 1.23444E+03
141.0 9.85723E+02
141.5 7.37913E+02
142.0 4.91020E+02
142.5 2.45057E+02
143.0 2.03983E+01
