143K20D0W2
  0.5 0.00000E+00
  1.0 0.00000E+00
  1.5 0.00000E+00
  2.0 0.00000E+00
  2.5 0.00000E+00
  3.0 0.00000E+00
  3.5 3.01859E+04
  4.0 3.91890E+04
  4.5 4.86530E+04
  5.0 5.85737E+04
  5.5 6.89521E+04
  6.0 7.97942E+04
  6.5 9.11114E+04
  7.0 1.02923E+05
  7.5 1.15259E+05
  8.0 1.28164E+05
  8.5 1.87364E+06
  9.0 1.55941E+05
  9.5 1.71160E+06
 10.0 1.42642E+06
 10.5 7.30575E+04
 11.0 7.86215E+04
 11.5 1.91489E+05
 12.0 6.08044E+04
 12.5 5.67829E+04
 13.0 6.03849E+04
 13.5 6.40725E+04
 14.0 6.78498E+04
 14.5 7.17202E+04
 15.0 7.56877E+04
 15.5 7.97546E+04
 16.0 8.39214E+04
 16.5 8.81854E+04
 17.0 9.25403E+04
 17.5 9.69752E+04
 18.0 1.01474E+05
 18.5 1.06017E+05
 19.0 1.10580E+05
 19.5 1.15135E+05
 20.0 1.19652E+05
 20.5 1.24100E+05
 21.0 1.28448E+05
 21.5 1.32666E+05
 22.0 1.36726E+05
 22.5 1.40603E+05
 23.0 1.44274E+05
 23.5 1.47720E+05
 24.0 1.50926E+05
 24.5 1.53880E+05
 25.0 1.56574E+05
 25.5 1.59003E+05
 26.0 1.61165E+05
 26.5 1.63061E+05
 27.0 1.64694E+05
 27.5 1.66070E+05
 28.0 1.67196E+05
 28.5 1.68080E+05
 29.0 1.68733E+05
 29.5 1.69164E+05
 30.0 1.69385E+05
 30.5 1.69409E+05
 31.0 1.69246E+05
 31.5 1.68908E+05
 32.0 1.68409E+05
 32.5 1.67759E+05
 33.0 1.66970E+05
 33.5 1.66053E+05
 34.0 1.65019E+05
 34.5 1.63878E+05
 35.0 1.62641E+05
 35.5 1.61316E+05
 36.0 1.59913E+05
 36.5 1.58439E+05
 37.0 1.56904E+05
 37.5 1.55313E+05
 38.0 1.53674E+05
 38.5 1.51994E+05
 39.0 1.50279E+05
 39.5 1.48533E+05
 40.0 1.46763E+05
 40.5 1.44973E+05
 41.0 1.43167E+05
 41.5 1.41350E+05
 42.0 1.39524E+05
 42.5 1.37694E+05
 43.0 1.35863E+05
 43.5 1.34033E+05
 44.0 1.32207E+05
 44.5 1.30388E+05
 45.0 1.28576E+05
 45.5 1.26775E+05
 46.0 1.24986E+05
 46.5 1.23210E+05
 47.0 1.21450E+05
 47.5 1.19705E+05
 48.0 1.17977E+05
 48.5 1.16268E+05
 49.0 1.14577E+05
 49.5 1.12906E+05
 50.0 1.11254E+05
 50.5 1.09624E+05
 51.0 1.08014E+05
 51.5 1.06427E+05
 52.0 1.04860E+05
 52.5 1.03316E+05
 53.0 1.01794E+05
 53.5 1.00293E+05
 54.0 9.88154E+04
 54.5 9.73596E+04
 55.0 9.59261E+04
 55.5 9.45147E+04
 56.0 9.31252E+04
 56.5 9.17576E+04
 57.0 9.04118E+04
 57.5 8.90875E+04
 58.0 5.16711E+05
 58.5 8.65026E+04
 59.0 8.52415E+04
 59.5 8.38725E+05
 60.0 8.27811E+04
 60.5 8.15812E+04
 61.0 8.04010E+04
 61.5 7.92404E+04
 62.0 7.80989E+04
 62.5 7.69764E+04
 63.0 7.58725E+04
 63.5 7.47868E+04
 64.0 7.37191E+04
 64.5 7.26691E+04
 65.0 7.16364E+04
 65.5 7.06208E+04
 66.0 6.96218E+04
 66.5 6.86392E+04
 67.0 3.24875E+05
 67.5 6.67220E+04
 68.0 6.57867E+04
 68.5 6.48666E+04
 69.0 1.32080E+05
 69.5 6.08352E+04
 70.0 4.89939E+04
 70.5 4.85472E+04
 71.0 4.81014E+04
 71.5 4.76566E+04
 72.0 4.72130E+04
 72.5 4.67707E+04
 73.0 4.63296E+04
 73.5 4.58899E+04
 74.0 4.54516E+04
 74.5 4.50149E+04
 75.0 4.45796E+04
 75.5 4.41460E+04
 76.0 4.37141E+04
 76.5 4.32838E+04
 77.0 4.28552E+04
 77.5 4.24284E+04
 78.0 4.20034E+04
 78.5 4.15802E+04
 79.0 4.11588E+04
 79.5 4.07393E+04
 80.0 4.03217E+04
 80.5 3.99060E+04
 81.0 3.94922E+04
 81.5 3.90803E+04
 82.0 3.86703E+04
 82.5 3.82623E+04
 83.0 3.78562E+04
 83.5 3.74520E+04
 84.0 3.70498E+04
 84.5 3.66495E+04
 85.0 3.62511E+04
 85.5 3.58547E+04
 86.0 3.54602E+04
 86.5 3.50676E+04
 87.0 3.46770E+04
 87.5 3.42882E+04
 88.0 3.39014E+04
 88.5 3.35164E+04
 89.0 3.31333E+04
 89.5 3.27520E+04
 90.0 3.23726E+04
 90.5 3.19951E+04
 91.0 3.16194E+04
 91.5 3.12454E+04
 92.0 3.08733E+04
 92.5 3.05030E+04
 93.0 3.01344E+04
 93.5 2.97675E+04
 94.0 2.94024E+04
 94.5 2.90390E+04
 95.0 2.86773E+04
 95.5 2.83173E+04
 96.0 2.79589E+04
 96.5 2.76022E+04
 97.0 2.72471E+04
 97.5 2.68937E+04
 98.0 2.65418E+04
 98.5 2.61915E+04
 99.0 2.58428E+04
 99.5 2.54956E+04
100.0 2.51500E+04
100.5 2.48058E+04
101.0 2.44632E+04
101.5 2.41221E+04
102.0 2.37824E+04
102.5 2.34442E+04
103.0 2.31074E+04
103.5 2.27720E+04
104.0 2.24381E+04
104.5 2.21055E+04
105.0 2.17743E+04
105.5 2.14445E+04
106.0 2.11160E+04
106.5 2.07888E+04
107.0 2.04630E+04
107.5 2.01385E+04
108.0 1.98153E+04
108.5 1.94933E+04
109.0 1.91727E+04
109.5 1.88532E+04
110.0 1.85351E+04
110.5 1.82182E+04
111.0 1.79025E+04
111.5 1.75880E+04
112.0 1.72747E+04
112.5 1.69626E+04
113.0 1.66517E+04
113.5 1.63420E+04
114.0 1.60334E+04
114.5 1.57261E+04
115.0 1.54198E+04
115.5 1.51147E+04
116.0 1.48107E+04
116.5 1.45079E+04
117.0 1.42062E+04
117.5 1.39056E+04
118.0 1.36061E+04
118.5 1.33077E+04
119.0 1.30104E+04
119.5 1.27142E+04
120.0 1.24191E+04
120.5 1.21251E+04
121.0 1.18321E+04
121.5 1.15403E+04
122.0 1.12494E+04
122.5 1.09597E+04
123.0 1.06710E+04
123.5 1.03834E+04
124.0 1.00969E+04
124.5 9.81140E+03
125.0 9.52696E+03
125.5 9.24358E+03
126.0 8.96126E+03
126.5 8.67999E+03
127.0 8.39977E+03
127.5 8.12061E+03
128.0 7.84250E+03
128.5 7.56544E+03
129.0 7.28943E+03
129.5 7.01448E+03
130.0 6.74059E+03
130.5 6.46775E+03
131.0 6.19598E+03
131.5 5.92526E+03
132.0 5.65561E+03
132.5 5.38702E+03
133.0 5.11950E+03
133.5 4.85306E+03
134.0 4.58768E+03
134.5 4.32339E+03
135.0 4.06018E+03
135.5 3.79806E+03
136.0 3.53703E+03
136.5 3.27709E+03
137.0 3.01825E+03
137.5 2.76052E+03
138.0 2.50390E+03
138.5 2.24839E+03
139.0 1.99401E+03
139.5 1.74075E+03
140.0 1.48863E+03
140.5 1.23764E+03
141.0 9.87805E+02
141.5 7.39120E+02
142.0 4.91594E+02
142.5 2.45234E+02
143.0 2.04076E+01
