143K21D0W2
  0.5 0.00000E+00
  1.0 0.00000E+00
  1.5 0.00000E+00
  2.0 0.00000E+00
  2.5 0.00000E+00
  3.0 0.00000E+00
  3.5 3.21495E+04
  4.0 4.16250E+04
  4.5 5.15949E+04
  5.0 6.20566E+04
  5.5 7.30130E+04
  6.0 8.44722E+04
  6.5 9.64494E+04
  7.0 1.08969E+05
  7.5 1.22069E+05
  8.0 1.35807E+05
  8.5 2.13091E+06
  9.0 1.65493E+05
  9.5 1.87635E+06
 10.0 1.56291E+06
 10.5 7.73518E+04
 11.0 8.32627E+04
 11.5 2.15150E+05
 12.0 6.43714E+04
 12.5 6.01109E+04
 13.0 6.39338E+04
 13.5 6.78519E+04
 14.0 7.18698E+04
 14.5 7.59916E+04
 15.0 8.02213E+04
 15.5 8.45604E+04
 16.0 8.90079E+04
 16.5 9.35587E+04
 17.0 9.82027E+04
 17.5 1.02925E+05
 18.0 1.07705E+05
 18.5 1.12517E+05
 19.0 1.17332E+05
 19.5 1.22117E+05
 20.0 1.26840E+05
 20.5 1.31466E+05
 21.0 1.35961E+05
 21.5 1.40294E+05
 22.0 1.44436E+05
 22.5 1.48362E+05
 23.0 1.52051E+05
 23.5 1.55485E+05
 24.0 1.58651E+05
 24.5 1.61538E+05
 25.0 1.64142E+05
 25.5 1.66459E+05
 26.0 1.68491E+05
 26.5 1.70241E+05
 27.0 1.71714E+05
 27.5 1.72919E+05
 28.0 1.73865E+05
 28.5 1.74562E+05
 29.0 1.75023E+05
 29.5 1.75258E+05
 30.0 1.75282E+05
 30.5 1.75107E+05
 31.0 1.74746E+05
 31.5 1.74212E+05
 32.0 1.73518E+05
 32.5 1.72677E+05
 33.0 1.71700E+05
 33.5 1.70599E+05
 34.0 1.69386E+05
 34.5 1.68071E+05
 35.0 1.66665E+05
 35.5 1.65176E+05
 36.0 1.63614E+05
 36.5 1.61987E+05
 37.0 1.60303E+05
 37.5 1.58570E+05
 38.0 1.56795E+05
 38.5 1.54983E+05
 39.0 1.53141E+05
 39.5 1.51274E+05
 40.0 1.49387E+05
 40.5 1.47485E+05
 41.0 1.45572E+05
 41.5 1.43652E+05
 42.0 1.41728E+05
 42.5 1.39805E+05
 43.0 1.37883E+05
 43.5 1.35968E+05
 44.0 1.34060E+05
 44.5 1.32161E+05
 45.0 1.30275E+05
 45.5 1.28402E+05
 46.0 1.26545E+05
 46.5 1.24704E+05
 47.0 1.22880E+05
 47.5 1.21076E+05
 48.0 1.19291E+05
 48.5 1.17527E+05
 49.0 1.15784E+05
 49.5 1.14063E+05
 50.0 1.12364E+05
 50.5 1.10688E+05
 51.0 1.09035E+05
 51.5 1.07406E+05
 52.0 1.05800E+05
 52.5 1.04218E+05
 53.0 1.02659E+05
 53.5 1.01124E+05
 54.0 9.96132E+04
 54.5 9.81258E+04
 55.0 9.66619E+04
 55.5 9.52214E+04
 56.0 9.38042E+04
 56.5 9.24100E+04
 57.0 9.10388E+04
 57.5 8.96901E+04
 58.0 5.22467E+05
 58.5 8.70596E+04
 59.0 8.57771E+04
 59.5 8.47818E+05
 60.0 8.32766E+04
 60.5 8.20578E+04
 61.0 8.08596E+04
 61.5 7.96817E+04
 62.0 7.85237E+04
 62.5 7.73853E+04
 63.0 7.62660E+04
 63.5 7.51657E+04
 64.0 7.40840E+04
 64.5 7.30205E+04
 65.0 7.19749E+04
 65.5 7.09468E+04
 66.0 6.99359E+04
 66.5 6.89418E+04
 67.0 3.27281E+05
 67.5 6.70030E+04
 68.0 6.60576E+04
 68.5 6.51277E+04
 69.0 1.32850E+05
 69.5 6.11672E+04
 70.0 4.97572E+04
 70.5 4.92886E+04
 71.0 4.88214E+04
 71.5 4.83559E+04
 72.0 4.78921E+04
 72.5 4.74300E+04
 73.0 4.69697E+04
 73.5 4.65113E+04
 74.0 4.60549E+04
 74.5 4.56004E+04
 75.0 4.51479E+04
 75.5 4.46975E+04
 76.0 4.42492E+04
 76.5 4.38030E+04
 77.0 4.33590E+04
 77.5 4.29171E+04
 78.0 4.24774E+04
 78.5 4.20400E+04
 79.0 4.16048E+04
 79.5 4.11718E+04
 80.0 4.07411E+04
 80.5 4.03126E+04
 81.0 3.98864E+04
 81.5 3.94624E+04
 82.0 3.90407E+04
 82.5 3.86213E+04
 83.0 3.82040E+04
 83.5 3.77891E+04
 84.0 3.73764E+04
 84.5 3.69659E+04
 85.0 3.65577E+04
 85.5 3.61516E+04
 86.0 3.57478E+04
 86.5 3.53461E+04
 87.0 3.49466E+04
 87.5 3.45493E+04
 88.0 3.41540E+04
 88.5 3.37610E+04
 89.0 3.33700E+04
 89.5 3.29811E+04
 90.0 3.25942E+04
 90.5 3.22095E+04
 91.0 3.18267E+04
 91.5 3.14460E+04
 92.0 3.10672E+04
 92.5 3.06904E+04
 93.0 3.03156E+04
 93.5 2.99427E+04
 94.0 2.95717E+04
 94.5 2.92026E+04
 95.0 2.88353E+04
 95.5 2.84699E+04
 96.0 2.81063E+04
 96.5 2.77445E+04
 97.0 2.73845E+04
 97.5 2.70263E+04
 98.0 2.66697E+04
 98.5 2.63150E+04
 99.0 2.59619E+04
 99.5 2.56104E+04
100.0 2.52607E+04
100.5 2.49126E+04
101.0 2.45661E+04
101.5 2.42212E+04
102.0 2.38779E+04
102.5 2.35361E+04
103.0 2.31959E+04
103.5 2.28572E+04
104.0 2.25200E+04
104.5 2.21843E+04
105.0 2.18501E+04
105.5 2.15174E+04
106.0 2.11860E+04
106.5 2.08561E+04
107.0 2.05277E+04
107.5 2.02006E+04
108.0 1.98748E+04
108.5 1.95505E+04
109.0 1.92275E+04
109.5 1.89058E+04
110.0 1.85854E+04
110.5 1.82664E+04
111.0 1.79487E+04
111.5 1.76322E+04
112.0 1.73170E+04
112.5 1.70031E+04
113.0 1.66904E+04
113.5 1.63789E+04
114.0 1.60687E+04
114.5 1.57597E+04
115.0 1.54519E+04
115.5 1.51453E+04
116.0 1.48398E+04
116.5 1.45356E+04
117.0 1.42325E+04
117.5 1.39306E+04
118.0 1.36299E+04
118.5 1.33303E+04
119.0 1.30318E+04
119.5 1.27345E+04
120.0 1.24383E+04
120.5 1.21433E+04
121.0 1.18493E+04
121.5 1.15565E+04
122.0 1.12647E+04
122.5 1.09741E+04
123.0 1.06846E+04
123.5 1.03962E+04
124.0 1.01089E+04
124.5 9.82262E+03
125.0 9.53747E+03
125.5 9.25340E+03
126.0 8.97042E+03
126.5 8.68853E+03
127.0 8.40771E+03
127.5 8.12798E+03
128.0 7.84933E+03
128.5 7.57175E+03
129.0 7.29526E+03
129.5 7.01984E+03
130.0 6.74551E+03
130.5 6.47225E+03
131.0 6.20008E+03
131.5 5.92899E+03
132.0 5.65898E+03
132.5 5.39007E+03
133.0 5.12224E+03
133.5 4.85550E+03
134.0 4.58986E+03
134.5 4.32531E+03
135.0 4.06187E+03
135.5 3.79953E+03
136.0 3.53830E+03
136.5 3.27817E+03
137.0 3.01917E+03
137.5 2.76129E+03
138.0 2.50453E+03
138.5 2.24890E+03
139.0 1.99441E+03
139.5 1.74106E+03
140.0 1.48885E+03
140.5 1.23780E+03
141.0 9.87907E+02
141.5 7.39178E+02
142.0 4.91622E+02
142.5 2.45243E+02
143.0 2.04080E+01
