144K07D0W2
  0.5 0.00000E+00
  1.0 0.00000E+00
  1.5 0.00000E+00
  2.0 0.00000E+00
  2.5 0.00000E+00
  3.0 0.00000E+00
  3.5 6.90690E+03
  4.0 1.00753E+04
  4.5 1.34149E+04
  5.0 1.68809E+04
  5.5 2.04543E+04
  6.0 2.41260E+04
  6.5 2.78910E+04
  7.0 3.17458E+04
  7.5 3.56879E+04
  8.0 3.97150E+04
  8.5 5.38129E+04
  9.0 4.80183E+04
  9.5 9.19329E+04
 10.0 8.28735E+04
 10.5 2.26361E+04
 11.0 2.44098E+04
 11.5 2.49307E+04
 12.0 1.88450E+04
 12.5 1.75958E+04
 13.0 1.87573E+04
 13.5 1.99320E+04
 14.0 2.11199E+04
 14.5 2.23207E+04
 15.0 2.35343E+04
 15.5 2.47606E+04
 16.0 2.59994E+04
 16.5 2.72507E+04
 17.0 2.85141E+04
 17.5 2.97898E+04
 18.0 3.10774E+04
 18.5 3.23771E+04
 19.0 3.36886E+04
 19.5 3.50119E+04
 20.0 3.63470E+04
 20.5 3.76939E+04
 21.0 3.90524E+04
 21.5 4.04225E+04
 22.0 4.18040E+04
 22.5 4.31965E+04
 23.0 4.45998E+04
 23.5 4.60130E+04
 24.0 4.74353E+04
 24.5 4.88656E+04
 25.0 5.03024E+04
 25.5 5.17436E+04
 26.0 5.31872E+04
 26.5 5.46304E+04
 27.0 5.60703E+04
 27.5 5.75037E+04
 28.0 5.89270E+04
 28.5 6.03364E+04
 29.0 6.17281E+04
 29.5 6.30980E+04
 30.0 6.44420E+04
 30.5 6.57563E+04
 31.0 6.70368E+04
 31.5 6.82799E+04
 32.0 6.94821E+04
 32.5 7.06400E+04
 33.0 7.17508E+04
 33.5 7.28117E+04
 34.0 7.38203E+04
 34.5 7.47748E+04
 35.0 7.56734E+04
 35.5 7.65148E+04
 36.0 7.72980E+04
 36.5 7.80225E+04
 37.0 7.86878E+04
 37.5 7.92940E+04
 38.0 7.98412E+04
 38.5 8.03299E+04
 39.0 8.07609E+04
 39.5 8.11351E+04
 40.0 8.14535E+04
 40.5 8.17174E+04
 41.0 8.19283E+04
 41.5 8.20876E+04
 42.0 8.21970E+04
 42.5 8.22581E+04
 43.0 8.22728E+04
 43.5 8.22428E+04
 44.0 8.21701E+04
 44.5 8.20564E+04
 45.0 8.19037E+04
 45.5 8.17138E+04
 46.0 8.14886E+04
 46.5 8.12299E+04
 47.0 8.09396E+04
 47.5 8.06194E+04
 48.0 8.02710E+04
 48.5 7.98962E+04
 49.0 7.94967E+04
 49.5 7.90739E+04
 50.0 7.86295E+04
 50.5 7.81650E+04
 51.0 7.76818E+04
 51.5 7.71813E+04
 52.0 7.66648E+04
 52.5 7.61337E+04
 53.0 7.55890E+04
 53.5 7.50321E+04
 54.0 7.44639E+04
 54.5 7.38856E+04
 55.0 7.32981E+04
 55.5 7.27024E+04
 56.0 7.20994E+04
 56.5 7.14900E+04
 57.0 7.08749E+04
 57.5 7.02550E+04
 58.0 3.45405E+05
 58.5 6.90033E+04
 59.0 6.83728E+04
 59.5 5.66195E+05
 60.0 6.71058E+04
 60.5 6.64702E+04
 61.0 6.58340E+04
 61.5 6.51975E+04
 62.0 6.45613E+04
 62.5 6.39256E+04
 63.0 6.32910E+04
 63.5 6.26576E+04
 64.0 6.20259E+04
 64.5 6.13961E+04
 65.0 6.07685E+04
 65.5 6.01434E+04
 66.0 5.95210E+04
 66.5 5.89014E+04
 67.0 2.49893E+05
 67.5 5.76717E+04
 68.0 5.70619E+04
 68.5 5.64558E+04
 69.0 1.07819E+05
 69.5 5.09174E+04
 70.0 2.89347E+04
 70.5 2.89340E+04
 71.0 2.89286E+04
 71.5 2.89183E+04
 72.0 2.89034E+04
 72.5 2.88837E+04
 73.0 2.88593E+04
 73.5 2.88302E+04
 74.0 2.87964E+04
 74.5 2.87579E+04
 75.0 2.87147E+04
 75.5 2.86669E+04
 76.0 2.86146E+04
 76.5 2.85576E+04
 77.0 2.84962E+04
 77.5 2.84302E+04
 78.0 2.83598E+04
 78.5 2.82849E+04
 79.0 2.82057E+04
 79.5 2.81222E+04
 80.0 2.80344E+04
 80.5 2.79424E+04
 81.0 2.78462E+04
 81.5 2.77458E+04
 82.0 2.76414E+04
 82.5 2.75330E+04
 83.0 2.74207E+04
 83.5 2.73044E+04
 84.0 2.71843E+04
 84.5 2.70604E+04
 85.0 2.69328E+04
 85.5 2.68015E+04
 86.0 2.66666E+04
 86.5 2.65282E+04
 87.0 2.63863E+04
 87.5 2.62410E+04
 88.0 2.60923E+04
 88.5 2.59403E+04
 89.0 2.57851E+04
 89.5 2.56267E+04
 90.0 2.54652E+04
 90.5 2.53006E+04
 91.0 2.51331E+04
 91.5 2.49626E+04
 92.0 2.47893E+04
 92.5 2.46131E+04
 93.0 2.44342E+04
 93.5 2.42526E+04
 94.0 2.40684E+04
 94.5 2.38816E+04
 95.0 2.36923E+04
 95.5 2.35005E+04
 96.0 2.33063E+04
 96.5 2.31098E+04
 97.0 2.29110E+04
 97.5 2.27100E+04
 98.0 2.25068E+04
 98.5 2.23014E+04
 99.0 2.20940E+04
 99.5 2.18846E+04
100.0 2.16733E+04
100.5 2.14600E+04
101.0 2.12448E+04
101.5 2.10279E+04
102.0 2.08092E+04
102.5 2.05887E+04
103.0 2.03667E+04
103.5 2.01429E+04
104.0 1.99177E+04
104.5 1.96909E+04
105.0 1.94626E+04
105.5 1.92329E+04
106.0 1.90018E+04
106.5 1.87694E+04
107.0 1.85357E+04
107.5 1.83007E+04
108.0 1.80645E+04
108.5 1.78271E+04
109.0 1.75886E+04
109.5 1.73490E+04
110.0 1.71084E+04
110.5 1.68668E+04
111.0 1.66241E+04
111.5 1.63806E+04
112.0 1.61361E+04
112.5 1.58908E+04
113.0 1.56446E+04
113.5 1.53976E+04
114.0 1.51499E+04
114.5 1.49015E+04
115.0 1.46524E+04
115.5 1.44027E+04
116.0 1.41523E+04
116.5 1.39013E+04
117.0 1.36498E+04
117.5 1.33977E+04
118.0 1.31452E+04
118.5 1.28922E+04
119.0 1.26388E+04
119.5 1.23849E+04
120.0 1.21307E+04
120.5 1.18762E+04
121.0 1.16214E+04
121.5 1.13662E+04
122.0 1.11108E+04
122.5 1.08552E+04
123.0 1.05994E+04
123.5 1.03434E+04
124.0 1.00873E+04
124.5 9.83105E+03
125.0 9.57471E+03
125.5 9.31830E+03
126.0 9.06186E+03
126.5 8.80540E+03
127.0 8.54895E+03
127.5 8.29253E+03
128.0 8.03618E+03
128.5 7.77991E+03
129.0 7.52374E+03
129.5 7.26771E+03
130.0 7.01183E+03
130.5 6.75614E+03
131.0 6.50064E+03
131.5 6.24537E+03
132.0 5.99035E+03
132.5 5.73559E+03
133.0 5.48113E+03
133.5 5.22699E+03
134.0 4.97317E+03
134.5 4.71972E+03
135.0 4.46665E+03
135.5 4.21398E+03
136.0 3.96173E+03
136.5 3.70993E+03
137.0 3.45859E+03
137.5 3.20773E+03
138.0 2.95738E+03
138.5 2.70756E+03
139.0 2.45829E+03
139.5 2.20958E+03
140.0 1.96146E+03
140.5 1.71395E+03
141.0 1.46706E+03
141.5 1.22082E+03
142.0 9.75254E+02
142.5 7.30370E+02
143.0 4.86192E+02
143.5 2.42739E+02
144.0 2.02100E+01
