144K09D0W2
  0.5 0.00000E+00
  1.0 0.00000E+00
  1.5 0.00000E+00
  2.0 0.00000E+00
  2.5 0.00000E+00
  3.0 0.00000E+00
  3.5 1.01761E+04
  4.0 1.42375E+04
  4.5 1.84882E+04
  5.0 2.28968E+04
  5.5 2.74500E+04
  6.0 3.21415E+04
  6.5 3.69672E+04
  7.0 4.19243E+04
  7.5 4.70106E+04
  8.0 5.22250E+04
  8.5 1.14654E+05
  9.0 6.30364E+04
  9.5 2.05430E+05
 10.0 1.78163E+05
 10.5 2.98393E+04
 11.0 3.21283E+04
 11.5 3.45348E+04
 12.0 2.48486E+04
 12.5 2.32072E+04
 13.0 2.47033E+04
 13.5 2.62195E+04
 14.0 2.77557E+04
 14.5 2.93116E+04
 15.0 3.08874E+04
 15.5 3.24830E+04
 16.0 3.40983E+04
 16.5 3.57334E+04
 17.0 3.73883E+04
 17.5 3.90633E+04
 18.0 4.07583E+04
 18.5 4.24735E+04
 19.0 4.42092E+04
 19.5 4.59655E+04
 20.0 4.77423E+04
 20.5 4.95396E+04
 21.0 5.13570E+04
 21.5 5.31936E+04
 22.0 5.50484E+04
 22.5 5.69194E+04
 23.0 5.88043E+04
 23.5 6.06999E+04
 24.0 6.26026E+04
 24.5 6.45077E+04
 25.0 6.64104E+04
 25.5 6.83049E+04
 26.0 7.01850E+04
 26.5 7.20446E+04
 27.0 7.38768E+04
 27.5 7.56751E+04
 28.0 7.74329E+04
 28.5 7.91437E+04
 29.0 8.08014E+04
 29.5 8.24003E+04
 30.0 8.39352E+04
 30.5 8.54012E+04
 31.0 8.67942E+04
 31.5 8.81108E+04
 32.0 8.93479E+04
 32.5 9.05031E+04
 33.0 9.15748E+04
 33.5 9.25618E+04
 34.0 9.34635E+04
 34.5 9.42798E+04
 35.0 9.50110E+04
 35.5 9.56580E+04
 36.0 9.62220E+04
 36.5 9.67045E+04
 37.0 9.71074E+04
 37.5 9.74328E+04
 38.0 9.76831E+04
 38.5 9.78606E+04
 39.0 9.79681E+04
 39.5 9.80084E+04
 40.0 9.79843E+04
 40.5 9.78988E+04
 41.0 9.77547E+04
 41.5 9.75551E+04
 42.0 9.73028E+04
 42.5 9.70009E+04
 43.0 9.66522E+04
 43.5 9.62594E+04
 44.0 9.58255E+04
 44.5 9.53530E+04
 45.0 9.48447E+04
 45.5 9.43029E+04
 46.0 9.37302E+04
 46.5 9.31290E+04
 47.0 9.25013E+04
 47.5 9.18496E+04
 48.0 9.11757E+04
 48.5 9.04816E+04
 49.0 8.97693E+04
 49.5 8.90406E+04
 50.0 8.82969E+04
 50.5 8.75401E+04
 51.0 8.67716E+04
 51.5 8.59928E+04
 52.0 8.52050E+04
 52.5 8.44097E+04
 53.0 8.36078E+04
 53.5 8.28006E+04
 54.0 8.19890E+04
 54.5 8.11740E+04
 55.0 8.03567E+04
 55.5 7.95378E+04
 56.0 7.87180E+04
 56.5 7.78982E+04
 57.0 7.70790E+04
 57.5 7.62611E+04
 58.0 3.97880E+05
 58.5 7.46312E+04
 59.0 7.38204E+04
 59.5 6.50555E+05
 60.0 7.22091E+04
 60.5 7.14094E+04
 61.0 7.06142E+04
 61.5 6.98238E+04
 62.0 6.90385E+04
 62.5 6.82585E+04
 63.0 6.74841E+04
 63.5 6.67155E+04
 64.0 6.59529E+04
 64.5 6.51964E+04
 65.0 6.44461E+04
 65.5 6.37023E+04
 66.0 6.29650E+04
 66.5 6.22343E+04
 67.0 2.74693E+05
 67.5 6.07929E+04
 68.0 6.00824E+04
 68.5 5.93788E+04
 69.0 1.16038E+05
 69.5 5.41016E+04
 70.0 3.42649E+04
 70.5 3.41774E+04
 71.0 3.40850E+04
 71.5 3.39876E+04
 72.0 3.38855E+04
 72.5 3.37786E+04
 73.0 3.36670E+04
 73.5 3.35509E+04
 74.0 3.34303E+04
 74.5 3.33053E+04
 75.0 3.31760E+04
 75.5 3.30424E+04
 76.0 3.29047E+04
 76.5 3.27630E+04
 77.0 3.26172E+04
 77.5 3.24675E+04
 78.0 3.23141E+04
 78.5 3.21569E+04
 79.0 3.19960E+04
 79.5 3.18316E+04
 80.0 3.16636E+04
 80.5 3.14923E+04
 81.0 3.13177E+04
 81.5 3.11398E+04
 82.0 3.09588E+04
 82.5 3.07746E+04
 83.0 3.05875E+04
 83.5 3.03974E+04
 84.0 3.02044E+04
 84.5 3.00087E+04
 85.0 2.98103E+04
 85.5 2.96092E+04
 86.0 2.94055E+04
 86.5 2.91994E+04
 87.0 2.89908E+04
 87.5 2.87798E+04
 88.0 2.85666E+04
 88.5 2.83511E+04
 89.0 2.81334E+04
 89.5 2.79137E+04
 90.0 2.76919E+04
 90.5 2.74681E+04
 91.0 2.72423E+04
 91.5 2.70148E+04
 92.0 2.67854E+04
 92.5 2.65542E+04
 93.0 2.63214E+04
 93.5 2.60869E+04
 94.0 2.58508E+04
 94.5 2.56131E+04
 95.0 2.53740E+04
 95.5 2.51334E+04
 96.0 2.48915E+04
 96.5 2.46482E+04
 97.0 2.44036E+04
 97.5 2.41577E+04
 98.0 2.39107E+04
 98.5 2.36624E+04
 99.0 2.34131E+04
 99.5 2.31626E+04
100.0 2.29112E+04
100.5 2.26587E+04
101.0 2.24052E+04
101.5 2.21509E+04
102.0 2.18956E+04
102.5 2.16396E+04
103.0 2.13827E+04
103.5 2.11250E+04
104.0 2.08666E+04
104.5 2.06074E+04
105.0 2.03476E+04
105.5 2.00872E+04
106.0 1.98261E+04
106.5 1.95645E+04
107.0 1.93023E+04
107.5 1.90396E+04
108.0 1.87764E+04
108.5 1.85128E+04
109.0 1.82487E+04
109.5 1.79843E+04
110.0 1.77194E+04
110.5 1.74542E+04
111.0 1.71887E+04
111.5 1.69228E+04
112.0 1.66567E+04
112.5 1.63904E+04
113.0 1.61238E+04
113.5 1.58571E+04
114.0 1.55902E+04
114.5 1.53231E+04
115.0 1.50559E+04
115.5 1.47885E+04
116.0 1.45211E+04
116.5 1.42537E+04
117.0 1.39862E+04
117.5 1.37187E+04
118.0 1.34512E+04
118.5 1.31837E+04
119.0 1.29162E+04
119.5 1.26489E+04
120.0 1.23816E+04
120.5 1.21144E+04
121.0 1.18473E+04
121.5 1.15804E+04
122.0 1.13136E+04
122.5 1.10471E+04
123.0 1.07807E+04
123.5 1.05145E+04
124.0 1.02486E+04
124.5 9.98295E+03
125.0 9.71756E+03
125.5 9.45246E+03
126.0 9.18767E+03
126.5 8.92320E+03
127.0 8.65908E+03
127.5 8.39532E+03
128.0 8.13193E+03
128.5 7.86893E+03
129.0 7.60635E+03
129.5 7.34420E+03
130.0 7.08249E+03
130.5 6.82124E+03
131.0 6.56047E+03
131.5 6.30019E+03
132.0 6.04042E+03
132.5 5.78118E+03
133.0 5.52247E+03
133.5 5.26433E+03
134.0 5.00676E+03
134.5 4.74978E+03
135.0 4.49341E+03
135.5 4.23765E+03
136.0 3.98254E+03
136.5 3.72808E+03
137.0 3.47428E+03
137.5 3.22117E+03
138.0 2.96876E+03
138.5 2.71707E+03
139.0 2.46610E+03
139.5 2.21588E+03
140.0 1.96643E+03
140.5 1.71775E+03
141.0 1.46986E+03
141.5 1.22278E+03
142.0 9.76524E+02
142.5 7.31106E+02
143.0 4.86542E+02
143.5 2.42848E+02
144.0 2.02156E+01
