144K06D0W2
  0.5 0.00000E+00
  1.0 0.00000E+00
  1.5 0.00000E+00
  2.0 0.00000E+00
  2.5 0.00000E+00
  3.0 0.00000E+00
  3.5 5.33950E+03
  4.0 8.04627E+03
  4.5 1.09233E+04
  5.0 1.39163E+04
  5.5 1.70017E+04
  6.0 2.01684E+04
  6.5 2.34103E+04
  7.0 2.67238E+04
  7.5 3.01060E+04
  8.0 3.35547E+04
  8.5 3.97773E+04
  9.0 4.06445E+04
  9.5 5.99700E+04
 10.0 5.55418E+04
 10.5 1.90827E+04
 11.0 2.06046E+04
 11.5 2.08827E+04
 12.0 1.58826E+04
 12.5 1.48266E+04
 13.0 1.58242E+04
 13.5 1.68321E+04
 14.0 1.78502E+04
 14.5 1.88782E+04
 15.0 1.99161E+04
 15.5 2.09637E+04
 16.0 2.20208E+04
 16.5 2.30873E+04
 17.0 2.41629E+04
 17.5 2.52476E+04
 18.0 2.63412E+04
 18.5 2.74436E+04
 19.0 2.85546E+04
 19.5 2.96741E+04
 20.0 3.08019E+04
 20.5 3.19380E+04
 21.0 3.30823E+04
 21.5 3.42346E+04
 22.0 3.53948E+04
 22.5 3.65627E+04
 23.0 3.77383E+04
 23.5 3.89212E+04
 24.0 4.01111E+04
 24.5 4.13075E+04
 25.0 4.25099E+04
 25.5 4.37174E+04
 26.0 4.49290E+04
 26.5 4.61435E+04
 27.0 4.73595E+04
 27.5 4.85753E+04
 28.0 4.97888E+04
 28.5 5.09978E+04
 29.0 5.22001E+04
 29.5 5.33930E+04
 30.0 5.45737E+04
 30.5 5.57395E+04
 31.0 5.68874E+04
 31.5 5.80145E+04
 32.0 5.91179E+04
 32.5 6.01946E+04
 33.0 6.12421E+04
 33.5 6.22576E+04
 34.0 6.32386E+04
 34.5 6.41829E+04
 35.0 6.50885E+04
 35.5 6.59533E+04
 36.0 6.67760E+04
 36.5 6.75550E+04
 37.0 6.82892E+04
 37.5 6.89778E+04
 38.0 6.96200E+04
 38.5 7.02154E+04
 39.0 7.07639E+04
 39.5 7.12653E+04
 40.0 7.17199E+04
 40.5 7.21280E+04
 41.0 7.24901E+04
 41.5 7.28069E+04
 42.0 7.30792E+04
 42.5 7.33079E+04
 43.0 7.34940E+04
 43.5 7.36387E+04
 44.0 7.37431E+04
 44.5 7.38084E+04
 45.0 7.38361E+04
 45.5 7.38274E+04
 46.0 7.37836E+04
 46.5 7.37062E+04
 47.0 7.35966E+04
 47.5 7.34562E+04
 48.0 7.32864E+04
 48.5 7.30885E+04
 49.0 7.28640E+04
 49.5 7.26143E+04
 50.0 7.23406E+04
 50.5 7.20443E+04
 51.0 7.17266E+04
 51.5 7.13889E+04
 52.0 7.10323E+04
 52.5 7.06579E+04
 53.0 7.02670E+04
 53.5 6.98607E+04
 54.0 6.94399E+04
 54.5 6.90057E+04
 55.0 6.85591E+04
 55.5 6.81010E+04
 56.0 6.76324E+04
 56.5 6.71540E+04
 57.0 6.66668E+04
 57.5 6.61714E+04
 58.0 3.10995E+05
 58.5 6.51593E+04
 59.0 6.46439E+04
 59.5 5.10559E+05
 60.0 6.35979E+04
 60.5 6.30683E+04
 61.0 6.25351E+04
 61.5 6.19988E+04
 62.0 6.14599E+04
 62.5 6.09188E+04
 63.0 6.03760E+04
 63.5 5.98319E+04
 64.0 5.92868E+04
 64.5 5.87411E+04
 65.0 5.81951E+04
 65.5 5.76493E+04
 66.0 5.71037E+04
 66.5 5.65588E+04
 67.0 2.32918E+05
 67.5 5.54717E+04
 68.0 5.49301E+04
 68.5 5.43900E+04
 69.0 1.02117E+05
 69.5 4.87546E+04
 70.0 2.57058E+04
 70.5 2.57454E+04
 71.0 2.57810E+04
 71.5 2.58123E+04
 72.0 2.58396E+04
 72.5 2.58626E+04
 73.0 2.58813E+04
 73.5 2.58957E+04
 74.0 2.59059E+04
 74.5 2.59116E+04
 75.0 2.59130E+04
 75.5 2.59099E+04
 76.0 2.59025E+04
 76.5 2.58906E+04
 77.0 2.58743E+04
 77.5 2.58536E+04
 78.0 2.58285E+04
 78.5 2.57989E+04
 79.0 2.57649E+04
 79.5 2.57265E+04
 80.0 2.56838E+04
 80.5 2.56366E+04
 81.0 2.55851E+04
 81.5 2.55293E+04
 82.0 2.54692E+04
 82.5 2.54048E+04
 83.0 2.53362E+04
 83.5 2.52633E+04
 84.0 2.51863E+04
 84.5 2.51052E+04
 85.0 2.50200E+04
 85.5 2.49307E+04
 86.0 2.48374E+04
 86.5 2.47402E+04
 87.0 2.46390E+04
 87.5 2.45339E+04
 88.0 2.44251E+04
 88.5 2.43124E+04
 89.0 2.41961E+04
 89.5 2.40760E+04
 90.0 2.39524E+04
 90.5 2.38251E+04
 91.0 2.36944E+04
 91.5 2.35602E+04
 92.0 2.34226E+04
 92.5 2.32817E+04
 93.0 2.31374E+04
 93.5 2.29899E+04
 94.0 2.28393E+04
 94.5 2.26855E+04
 95.0 2.25286E+04
 95.5 2.23688E+04
 96.0 2.22059E+04
 96.5 2.20402E+04
 97.0 2.18716E+04
 97.5 2.17003E+04
 98.0 2.15262E+04
 98.5 2.13494E+04
 99.0 2.11700E+04
 99.5 2.09881E+04
100.0 2.08036E+04
100.5 2.06167E+04
101.0 2.04274E+04
101.5 2.02357E+04
102.0 2.00418E+04
102.5 1.98456E+04
103.0 1.96472E+04
103.5 1.94467E+04
104.0 1.92441E+04
104.5 1.90395E+04
105.0 1.88329E+04
105.5 1.86244E+04
106.0 1.84140E+04
106.5 1.82017E+04
107.0 1.79877E+04
107.5 1.77720E+04
108.0 1.75546E+04
108.5 1.73355E+04
109.0 1.71149E+04
109.5 1.68927E+04
110.0 1.66690E+04
110.5 1.64439E+04
111.0 1.62173E+04
111.5 1.59894E+04
112.0 1.57602E+04
112.5 1.55297E+04
113.0 1.52980E+04
113.5 1.50651E+04
114.0 1.48310E+04
114.5 1.45959E+04
115.0 1.43596E+04
115.5 1.41224E+04
116.0 1.38842E+04
116.5 1.36450E+04
117.0 1.34049E+04
117.5 1.31639E+04
118.0 1.29221E+04
118.5 1.26795E+04
119.0 1.24362E+04
119.5 1.21921E+04
120.0 1.19473E+04
120.5 1.17019E+04
121.0 1.14559E+04
121.5 1.12093E+04
122.0 1.09621E+04
122.5 1.07145E+04
123.0 1.04663E+04
123.5 1.02177E+04
124.0 9.96872E+03
124.5 9.71933E+03
125.0 9.46958E+03
125.5 9.21952E+03
126.0 8.96917E+03
126.5 8.71856E+03
127.0 8.46772E+03
127.5 8.21669E+03
128.0 7.96548E+03
128.5 7.71414E+03
129.0 7.46268E+03
129.5 7.21115E+03
130.0 6.95956E+03
130.5 6.70794E+03
131.0 6.45633E+03
131.5 6.20475E+03
132.0 5.95323E+03
132.5 5.70179E+03
133.0 5.45046E+03
133.5 5.19926E+03
134.0 4.94823E+03
134.5 4.69739E+03
135.0 4.44676E+03
135.5 4.19637E+03
136.0 3.94625E+03
136.5 3.69642E+03
137.0 3.44690E+03
137.5 3.19772E+03
138.0 2.94891E+03
138.5 2.70048E+03
139.0 2.45246E+03
139.5 2.20488E+03
140.0 1.95775E+03
140.5 1.71111E+03
141.0 1.46497E+03
141.5 1.21936E+03
142.0 9.74305E+02
142.5 7.29819E+02
143.0 4.85930E+02
143.5 2.42658E+02
144.0 2.02057E+01
