144K12D0W2
  0.5 0.00000E+00
  1.0 0.00000E+00
  1.5 0.00000E+00
  2.0 0.00000E+00
  2.5 0.00000E+00
  3.0 0.00000E+00
  3.5 1.53038E+04
  4.0 2.06774E+04
  4.5 2.62924E+04
  5.0 3.21290E+04
  5.5 3.81790E+04
  6.0 4.44382E+04
  6.5 5.09039E+04
  7.0 5.75753E+04
  7.5 6.44525E+04
  8.0 7.15378E+04
  8.5 3.43092E+05
  9.0 8.63535E+04
  9.5 5.00469E+05
 10.0 4.23405E+05
 10.5 4.09212E+04
 11.0 4.40178E+04
 11.5 5.69510E+04
 12.0 3.40805E+04
 12.5 3.18337E+04
 13.0 3.38529E+04
 13.5 3.59045E+04
 14.0 3.79888E+04
 14.5 4.01061E+04
 15.0 4.22568E+04
 15.5 4.44414E+04
 16.0 4.66604E+04
 16.5 4.89145E+04
 17.0 5.12044E+04
 17.5 5.35310E+04
 18.0 5.58947E+04
 18.5 5.82959E+04
 19.0 6.07345E+04
 19.5 6.32093E+04
 20.0 6.57187E+04
 20.5 6.82595E+04
 21.0 7.08273E+04
 21.5 7.34165E+04
 22.0 7.60199E+04
 22.5 7.86290E+04
 23.0 8.12345E+04
 23.5 8.38256E+04
 24.0 8.63914E+04
 24.5 8.89201E+04
 25.0 9.14004E+04
 25.5 9.38205E+04
 26.0 9.61695E+04
 26.5 9.84369E+04
 27.0 1.00613E+05
 27.5 1.02690E+05
 28.0 1.04659E+05
 28.5 1.06515E+05
 29.0 1.08251E+05
 29.5 1.09865E+05
 30.0 1.11352E+05
 30.5 1.12712E+05
 31.0 1.13943E+05
 31.5 1.15045E+05
 32.0 1.16019E+05
 32.5 1.16867E+05
 33.0 1.17592E+05
 33.5 1.18195E+05
 34.0 1.18682E+05
 34.5 1.19054E+05
 35.0 1.19317E+05
 35.5 1.19475E+05
 36.0 1.19533E+05
 36.5 1.19496E+05
 37.0 1.19367E+05
 37.5 1.19153E+05
 38.0 1.18858E+05
 38.5 1.18487E+05
 39.0 1.18045E+05
 39.5 1.17536E+05
 40.0 1.16965E+05
 40.5 1.16337E+05
 41.0 1.15656E+05
 41.5 1.14925E+05
 42.0 1.14149E+05
 42.5 1.13332E+05
 43.0 1.12478E+05
 43.5 1.11589E+05
 44.0 1.10669E+05
 44.5 1.09722E+05
 45.0 1.08749E+05
 45.5 1.07755E+05
 46.0 1.06741E+05
 46.5 1.05711E+05
 47.0 1.04665E+05
 47.5 1.03607E+05
 48.0 1.02539E+05
 48.5 1.01462E+05
 49.0 1.00379E+05
 49.5 9.92902E+04
 50.0 9.81978E+04
 50.5 9.71032E+04
 51.0 9.60078E+04
 51.5 9.49126E+04
 52.0 9.38189E+04
 52.5 9.27275E+04
 53.0 9.16395E+04
 53.5 9.05559E+04
 54.0 8.94771E+04
 54.5 8.84042E+04
 55.0 8.73376E+04
 55.5 8.62780E+04
 56.0 8.52259E+04
 56.5 8.41818E+04
 57.0 8.31462E+04
 57.5 8.21193E+04
 58.0 4.51030E+05
 58.5 8.00933E+04
 59.0 7.90947E+04
 59.5 7.35467E+05
 60.0 7.71274E+04
 60.5 7.61592E+04
 61.0 7.52013E+04
 61.5 7.42540E+04
 62.0 7.33173E+04
 62.5 7.23913E+04
 63.0 7.14760E+04
 63.5 7.05714E+04
 64.0 6.96776E+04
 64.5 6.87946E+04
 65.0 6.79223E+04
 65.5 6.70607E+04
 66.0 6.62097E+04
 66.5 6.53693E+04
 67.0 2.98684E+05
 67.5 6.37200E+04
 68.0 6.29108E+04
 68.5 6.21120E+04
 69.0 1.23878E+05
 69.5 5.72322E+04
 70.0 4.01804E+04
 70.5 3.99709E+04
 71.0 3.97576E+04
 71.5 3.95405E+04
 72.0 3.93198E+04
 72.5 3.90957E+04
 73.0 3.88683E+04
 73.5 3.86376E+04
 74.0 3.84039E+04
 74.5 3.81672E+04
 75.0 3.79277E+04
 75.5 3.76853E+04
 76.0 3.74404E+04
 76.5 3.71929E+04
 77.0 3.69430E+04
 77.5 3.66908E+04
 78.0 3.64363E+04
 78.5 3.61797E+04
 79.0 3.59211E+04
 79.5 3.56605E+04
 80.0 3.53979E+04
 80.5 3.51337E+04
 81.0 3.48677E+04
 81.5 3.46000E+04
 82.0 3.43309E+04
 82.5 3.40602E+04
 83.0 3.37881E+04
 83.5 3.35147E+04
 84.0 3.32400E+04
 84.5 3.29641E+04
 85.0 3.26870E+04
 85.5 3.24089E+04
 86.0 3.21297E+04
 86.5 3.18495E+04
 87.0 3.15684E+04
 87.5 3.12865E+04
 88.0 3.10037E+04
 88.5 3.07201E+04
 89.0 3.04359E+04
 89.5 3.01509E+04
 90.0 2.98653E+04
 90.5 2.95792E+04
 91.0 2.92924E+04
 91.5 2.90052E+04
 92.0 2.87175E+04
 92.5 2.84293E+04
 93.0 2.81408E+04
 93.5 2.78519E+04
 94.0 2.75626E+04
 94.5 2.72731E+04
 95.0 2.69833E+04
 95.5 2.66932E+04
 96.0 2.64029E+04
 96.5 2.61125E+04
 97.0 2.58219E+04
 97.5 2.55311E+04
 98.0 2.52403E+04
 98.5 2.49493E+04
 99.0 2.46583E+04
 99.5 2.43673E+04
100.0 2.40762E+04
100.5 2.37852E+04
101.0 2.34942E+04
101.5 2.32032E+04
102.0 2.29123E+04
102.5 2.26214E+04
103.0 2.23307E+04
103.5 2.20401E+04
104.0 2.17496E+04
104.5 2.14593E+04
105.0 2.11692E+04
105.5 2.08792E+04
106.0 2.05894E+04
106.5 2.02998E+04
107.0 2.00105E+04
107.5 1.97214E+04
108.0 1.94326E+04
108.5 1.91440E+04
109.0 1.88557E+04
109.5 1.85677E+04
110.0 1.82800E+04
110.5 1.79927E+04
111.0 1.77056E+04
111.5 1.74189E+04
112.0 1.71326E+04
112.5 1.68466E+04
113.0 1.65610E+04
113.5 1.62757E+04
114.0 1.59909E+04
114.5 1.57065E+04
115.0 1.54225E+04
115.5 1.51389E+04
116.0 1.48558E+04
116.5 1.45731E+04
117.0 1.42909E+04
117.5 1.40091E+04
118.0 1.37278E+04
118.5 1.34470E+04
119.0 1.31667E+04
119.5 1.28869E+04
120.0 1.26077E+04
120.5 1.23289E+04
121.0 1.20507E+04
121.5 1.17730E+04
122.0 1.14959E+04
122.5 1.12194E+04
123.0 1.09434E+04
123.5 1.06680E+04
124.0 1.03932E+04
124.5 1.01190E+04
125.0 9.84544E+03
125.5 9.57248E+03
126.0 9.30015E+03
126.5 9.02846E+03
127.0 8.75742E+03
127.5 8.48704E+03
128.0 8.21733E+03
128.5 7.94829E+03
129.0 7.67995E+03
129.5 7.41230E+03
130.0 7.14536E+03
130.5 6.87914E+03
131.0 6.61365E+03
131.5 6.34889E+03
132.0 6.08489E+03
132.5 5.82163E+03
133.0 5.55915E+03
133.5 5.29745E+03
134.0 5.03653E+03
134.5 4.77641E+03
135.0 4.51710E+03
135.5 4.25861E+03
136.0 4.00095E+03
136.5 3.74413E+03
137.0 3.48816E+03
137.5 3.23305E+03
138.0 2.97881E+03
138.5 2.72546E+03
139.0 2.47300E+03
139.5 2.22144E+03
140.0 1.97081E+03
140.5 1.72110E+03
141.0 1.47232E+03
141.5 1.22450E+03
142.0 9.77642E+02
142.5 7.31754E+02
143.0 4.86850E+02
143.5 2.42943E+02
144.0 2.02206E+01
