144K16D0W2
  0.5 0.00000E+00
  1.0 0.00000E+00
  1.5 0.00000E+00
  2.0 0.00000E+00
  2.5 0.00000E+00
  3.0 0.00000E+00
  3.5 2.24676E+04
  4.0 2.96035E+04
  4.5 3.70780E+04
  5.0 4.48801E+04
  5.5 5.30058E+04
  6.0 6.14542E+04
  6.5 7.02271E+04
  7.0 7.93294E+04
  7.5 8.87701E+04
  8.0 9.85640E+04
  8.5 9.50965E+05
  9.0 1.19310E+05
  9.5 1.05631E+06
 10.0 8.83814E+05
 10.5 5.63395E+04
 11.0 6.05947E+04
 11.5 1.09488E+05
 12.0 4.69147E+04
 12.5 4.38211E+04
 13.0 4.65871E+04
 13.5 4.94076E+04
 14.0 5.22839E+04
 14.5 5.52177E+04
 15.0 5.82107E+04
 15.5 6.12651E+04
 16.0 6.43827E+04
 16.5 6.75653E+04
 17.0 7.08134E+04
 17.5 7.41267E+04
 18.0 7.75028E+04
 18.5 8.09373E+04
 19.0 8.44229E+04
 19.5 8.79498E+04
 20.0 9.15053E+04
 20.5 9.50744E+04
 21.0 9.86397E+04
 21.5 1.02183E+05
 22.0 1.05683E+05
 22.5 1.09122E+05
 23.0 1.12478E+05
 23.5 1.15732E+05
 24.0 1.18867E+05
 24.5 1.21866E+05
 25.0 1.24714E+05
 25.5 1.27400E+05
 26.0 1.29912E+05
 26.5 1.32243E+05
 27.0 1.34387E+05
 27.5 1.36339E+05
 28.0 1.38098E+05
 28.5 1.39664E+05
 29.0 1.41038E+05
 29.5 1.42223E+05
 30.0 1.43222E+05
 30.5 1.44042E+05
 31.0 1.44686E+05
 31.5 1.45163E+05
 32.0 1.45480E+05
 32.5 1.45643E+05
 33.0 1.45661E+05
 33.5 1.45542E+05
 34.0 1.45293E+05
 34.5 1.44924E+05
 35.0 1.44441E+05
 35.5 1.43853E+05
 36.0 1.43167E+05
 36.5 1.42390E+05
 37.0 1.41531E+05
 37.5 1.40596E+05
 38.0 1.39591E+05
 38.5 1.38523E+05
 39.0 1.37397E+05
 39.5 1.36221E+05
 40.0 1.34997E+05
 40.5 1.33733E+05
 41.0 1.32433E+05
 41.5 1.31101E+05
 42.0 1.29741E+05
 42.5 1.28358E+05
 43.0 1.26954E+05
 43.5 1.25534E+05
 44.0 1.24101E+05
 44.5 1.22657E+05
 45.0 1.21204E+05
 45.5 1.19747E+05
 46.0 1.18286E+05
 46.5 1.16824E+05
 47.0 1.15364E+05
 47.5 1.13906E+05
 48.0 1.12452E+05
 48.5 1.11004E+05
 49.0 1.09563E+05
 49.5 1.08130E+05
 50.0 1.06707E+05
 50.5 1.05294E+05
 51.0 1.03893E+05
 51.5 1.02503E+05
 52.0 1.01126E+05
 52.5 9.97627E+04
 53.0 9.84131E+04
 53.5 9.70779E+04
 54.0 9.57574E+04
 54.5 9.44520E+04
 55.0 9.31620E+04
 55.5 9.18877E+04
 56.0 9.06293E+04
 56.5 8.93868E+04
 57.0 8.81604E+04
 57.5 8.69502E+04
 58.0 4.96205E+05
 58.5 8.45786E+04
 59.0 8.34172E+04
 59.5 8.07261E+05
 60.0 8.11428E+04
 60.5 8.00298E+04
 61.0 7.89327E+04
 61.5 7.78515E+04
 62.0 7.67860E+04
 62.5 7.57361E+04
 63.0 7.47016E+04
 63.5 7.36824E+04
 64.0 7.26783E+04
 64.5 7.16891E+04
 65.0 7.07146E+04
 65.5 6.97546E+04
 66.0 6.88089E+04
 66.5 6.78773E+04
 67.0 3.18319E+05
 67.5 6.60557E+04
 68.0 6.51652E+04
 68.5 6.42880E+04
 69.0 1.30222E+05
 69.5 5.98472E+04
 70.0 4.56292E+04
 70.5 4.52866E+04
 71.0 4.49424E+04
 71.5 4.45969E+04
 72.0 4.42501E+04
 72.5 4.39023E+04
 73.0 4.35534E+04
 73.5 4.32037E+04
 74.0 4.28532E+04
 74.5 4.25020E+04
 75.0 4.21503E+04
 75.5 4.17981E+04
 76.0 4.14455E+04
 76.5 4.10925E+04
 77.0 4.07394E+04
 77.5 4.03861E+04
 78.0 4.00327E+04
 78.5 3.96794E+04
 79.0 3.93260E+04
 79.5 3.89728E+04
 80.0 3.86197E+04
 80.5 3.82669E+04
 81.0 3.79143E+04
 81.5 3.75621E+04
 82.0 3.72102E+04
 82.5 3.68588E+04
 83.0 3.65078E+04
 83.5 3.61573E+04
 84.0 3.58073E+04
 84.5 3.54579E+04
 85.0 3.51091E+04
 85.5 3.47609E+04
 86.0 3.44133E+04
 86.5 3.40664E+04
 87.0 3.37202E+04
 87.5 3.33748E+04
 88.0 3.30300E+04
 88.5 3.26860E+04
 89.0 3.23428E+04
 89.5 3.20004E+04
 90.0 3.16588E+04
 90.5 3.13180E+04
 91.0 3.09780E+04
 91.5 3.06389E+04
 92.0 3.03006E+04
 92.5 2.99632E+04
 93.0 2.96266E+04
 93.5 2.92910E+04
 94.0 2.89562E+04
 94.5 2.86223E+04
 95.0 2.82892E+04
 95.5 2.79571E+04
 96.0 2.76259E+04
 96.5 2.72956E+04
 97.0 2.69662E+04
 97.5 2.66376E+04
 98.0 2.63100E+04
 98.5 2.59834E+04
 99.0 2.56576E+04
 99.5 2.53327E+04
100.0 2.50088E+04
100.5 2.46857E+04
101.0 2.43636E+04
101.5 2.40424E+04
102.0 2.37221E+04
102.5 2.34026E+04
103.0 2.30842E+04
103.5 2.27666E+04
104.0 2.24499E+04
104.5 2.21341E+04
105.0 2.18192E+04
105.5 2.15052E+04
106.0 2.11921E+04
106.5 2.08799E+04
107.0 2.05686E+04
107.5 2.02582E+04
108.0 1.99487E+04
108.5 1.96400E+04
109.0 1.93323E+04
109.5 1.90254E+04
110.0 1.87194E+04
110.5 1.84143E+04
111.0 1.81101E+04
111.5 1.78067E+04
112.0 1.75042E+04
112.5 1.72026E+04
113.0 1.69018E+04
113.5 1.66020E+04
114.0 1.63029E+04
114.5 1.60048E+04
115.0 1.57075E+04
115.5 1.54111E+04
116.0 1.51156E+04
116.5 1.48209E+04
117.0 1.45271E+04
117.5 1.42341E+04
118.0 1.39420E+04
118.5 1.36508E+04
119.0 1.33604E+04
119.5 1.30709E+04
120.0 1.27822E+04
120.5 1.24945E+04
121.0 1.22076E+04
121.5 1.19215E+04
122.0 1.16363E+04
122.5 1.13520E+04
123.0 1.10686E+04
123.5 1.07860E+04
124.0 1.05044E+04
124.5 1.02236E+04
125.0 9.94363E+03
125.5 9.66459E+03
126.0 9.38643E+03
126.5 9.10916E+03
127.0 8.83278E+03
127.5 8.55729E+03
128.0 8.28270E+03
128.5 8.00902E+03
129.0 7.73624E+03
129.5 7.46437E+03
130.0 7.19341E+03
130.5 6.92337E+03
131.0 6.65425E+03
131.5 6.38606E+03
132.0 6.11881E+03
132.5 5.85248E+03
133.0 5.58711E+03
133.5 5.32268E+03
134.0 5.05920E+03
134.5 4.79668E+03
135.0 4.53513E+03
135.5 4.27455E+03
136.0 4.01495E+03
136.5 3.75633E+03
137.0 3.49870E+03
137.5 3.24207E+03
138.0 2.98644E+03
138.5 2.73183E+03
139.0 2.47823E+03
139.5 2.22566E+03
140.0 1.97413E+03
140.5 1.72364E+03
141.0 1.47419E+03
141.5 1.22581E+03
142.0 9.78489E+02
142.5 7.32245E+02
143.0 4.87084E+02
143.5 2.43015E+02
144.0 2.02244E+01
