144K18D0W2
  0.5 0.00000E+00
  1.0 0.00000E+00
  1.5 0.00000E+00
  2.0 0.00000E+00
  2.5 0.00000E+00
  3.0 0.00000E+00
  3.5 2.61890E+04
  4.0 3.42267E+04
  4.5 4.26604E+04
  5.0 5.14823E+04
  5.5 6.06907E+04
  6.0 7.02874E+04
  6.5 8.02780E+04
  7.0 9.06729E+04
  7.5 1.01489E+05
  8.0 1.12754E+05
  8.5 1.36869E+06
  9.0 1.36794E+05
  9.5 1.37148E+06
 10.0 1.14475E+06
 10.5 6.43872E+04
 11.0 6.92656E+04
 11.5 1.46053E+05
 12.0 5.36085E+04
 12.5 5.00707E+04
 13.0 5.32364E+04
 13.5 5.64707E+04
 14.0 5.97760E+04
 14.5 6.31548E+04
 15.0 6.66101E+04
 15.5 7.01446E+04
 16.0 7.37605E+04
 16.5 7.74583E+04
 17.0 8.12369E+04
 17.5 8.50923E+04
 18.0 8.90174E+04
 18.5 9.30012E+04
 19.0 9.70294E+04
 19.5 1.01084E+05
 20.0 1.05145E+05
 20.5 1.09188E+05
 21.0 1.13189E+05
 21.5 1.17123E+05
 22.0 1.20966E+05
 22.5 1.24691E+05
 23.0 1.28278E+05
 23.5 1.31706E+05
 24.0 1.34956E+05
 24.5 1.38013E+05
 25.0 1.40865E+05
 25.5 1.43502E+05
 26.0 1.45916E+05
 26.5 1.48104E+05
 27.0 1.50063E+05
 27.5 1.51795E+05
 28.0 1.53300E+05
 28.5 1.54583E+05
 29.0 1.55650E+05
 29.5 1.56507E+05
 30.0 1.57161E+05
 30.5 1.57622E+05
 31.0 1.57898E+05
 31.5 1.57999E+05
 32.0 1.57935E+05
 32.5 1.57715E+05
 33.0 1.57349E+05
 33.5 1.56847E+05
 34.0 1.56219E+05
 34.5 1.55474E+05
 35.0 1.54622E+05
 35.5 1.53671E+05
 36.0 1.52629E+05
 36.5 1.51505E+05
 37.0 1.50307E+05
 37.5 1.49041E+05
 38.0 1.47716E+05
 38.5 1.46336E+05
 39.0 1.44909E+05
 39.5 1.43441E+05
 40.0 1.41936E+05
 40.5 1.40399E+05
 41.0 1.38836E+05
 41.5 1.37251E+05
 42.0 1.35647E+05
 42.5 1.34029E+05
 43.0 1.32400E+05
 43.5 1.30763E+05
 44.0 1.29120E+05
 44.5 1.27476E+05
 45.0 1.25831E+05
 45.5 1.24189E+05
 46.0 1.22551E+05
 46.5 1.20919E+05
 47.0 1.19295E+05
 47.5 1.17681E+05
 48.0 1.16077E+05
 48.5 1.14485E+05
 49.0 1.12906E+05
 49.5 1.11342E+05
 50.0 1.09792E+05
 50.5 1.08258E+05
 51.0 1.06740E+05
 51.5 1.05239E+05
 52.0 1.03755E+05
 52.5 1.02289E+05
 53.0 1.00841E+05
 53.5 9.94122E+04
 54.0 9.80016E+04
 54.5 9.66099E+04
 55.0 9.52371E+04
 55.5 9.38834E+04
 56.0 9.25488E+04
 56.5 9.12333E+04
 57.0 8.99370E+04
 57.5 8.86597E+04
 58.0 5.12465E+05
 58.5 8.61619E+04
 59.0 8.49412E+04
 59.5 8.33024E+05
 60.0 8.25554E+04
 60.5 8.13900E+04
 61.0 8.02426E+04
 61.5 7.91131E+04
 62.0 7.80013E+04
 62.5 7.69069E+04
 63.0 7.58296E+04
 63.5 7.47693E+04
 64.0 7.37258E+04
 64.5 7.26986E+04
 65.0 7.16877E+04
 65.5 7.06926E+04
 66.0 6.97133E+04
 66.5 6.87494E+04
 67.0 3.25235E+05
 67.5 6.68666E+04
 68.0 6.59473E+04
 68.5 6.50423E+04
 69.0 1.32441E+05
 69.5 6.07819E+04
 70.0 4.76869E+04
 70.5 4.72893E+04
 71.0 4.68914E+04
 71.5 4.64934E+04
 72.0 4.60953E+04
 72.5 4.56973E+04
 73.0 4.52994E+04
 73.5 4.49018E+04
 74.0 4.45045E+04
 74.5 4.41077E+04
 75.0 4.37114E+04
 75.5 4.33156E+04
 76.0 4.29205E+04
 76.5 4.25262E+04
 77.0 4.21326E+04
 77.5 4.17398E+04
 78.0 4.13479E+04
 78.5 4.09570E+04
 79.0 4.05670E+04
 79.5 4.01781E+04
 80.0 3.97902E+04
 80.5 3.94034E+04
 81.0 3.90178E+04
 81.5 3.86333E+04
 82.0 3.82500E+04
 82.5 3.78679E+04
 83.0 3.74871E+04
 83.5 3.71076E+04
 84.0 3.67292E+04
 84.5 3.63523E+04
 85.0 3.59766E+04
 85.5 3.56022E+04
 86.0 3.52291E+04
 86.5 3.48574E+04
 87.0 3.44871E+04
 87.5 3.41181E+04
 88.0 3.37505E+04
 88.5 3.33842E+04
 89.0 3.30193E+04
 89.5 3.26558E+04
 90.0 3.22936E+04
 90.5 3.19329E+04
 91.0 3.15734E+04
 91.5 3.12154E+04
 92.0 3.08587E+04
 92.5 3.05034E+04
 93.0 3.01494E+04
 93.5 2.97968E+04
 94.0 2.94456E+04
 94.5 2.90956E+04
 95.0 2.87471E+04
 95.5 2.83998E+04
 96.0 2.80539E+04
 96.5 2.77093E+04
 97.0 2.73659E+04
 97.5 2.70239E+04
 98.0 2.66832E+04
 98.5 2.63438E+04
 99.0 2.60056E+04
 99.5 2.56687E+04
100.0 2.53331E+04
100.5 2.49987E+04
101.0 2.46655E+04
101.5 2.43336E+04
102.0 2.40029E+04
102.5 2.36734E+04
103.0 2.33451E+04
103.5 2.30180E+04
104.0 2.26921E+04
104.5 2.23673E+04
105.0 2.20438E+04
105.5 2.17214E+04
106.0 2.14001E+04
106.5 2.10800E+04
107.0 2.07610E+04
107.5 2.04431E+04
108.0 2.01264E+04
108.5 1.98107E+04
109.0 1.94962E+04
109.5 1.91827E+04
110.0 1.88704E+04
110.5 1.85591E+04
111.0 1.82489E+04
111.5 1.79397E+04
112.0 1.76316E+04
112.5 1.73246E+04
113.0 1.70186E+04
113.5 1.67137E+04
114.0 1.64097E+04
114.5 1.61069E+04
115.0 1.58050E+04
115.5 1.55041E+04
116.0 1.52043E+04
116.5 1.49055E+04
117.0 1.46077E+04
117.5 1.43109E+04
118.0 1.40151E+04
118.5 1.37202E+04
119.0 1.34264E+04
119.5 1.31336E+04
120.0 1.28417E+04
120.5 1.25508E+04
121.0 1.22610E+04
121.5 1.19720E+04
122.0 1.16841E+04
122.5 1.13972E+04
123.0 1.11112E+04
123.5 1.08262E+04
124.0 1.05421E+04
124.5 1.02591E+04
125.0 9.97697E+03
125.5 9.69585E+03
126.0 9.41570E+03
126.5 9.13653E+03
127.0 8.85833E+03
127.5 8.58111E+03
128.0 8.30486E+03
128.5 8.02960E+03
129.0 7.75531E+03
129.5 7.48200E+03
130.0 7.20968E+03
130.5 6.93834E+03
131.0 6.66799E+03
131.5 6.39864E+03
132.0 6.13028E+03
132.5 5.86292E+03
133.0 5.59656E+03
133.5 5.33120E+03
134.0 5.06686E+03
134.5 4.80353E+03
135.0 4.54122E+03
135.5 4.27993E+03
136.0 4.01967E+03
136.5 3.76044E+03
137.0 3.50226E+03
137.5 3.24511E+03
138.0 2.98902E+03
138.5 2.73398E+03
139.0 2.48000E+03
139.5 2.22709E+03
140.0 1.97525E+03
140.5 1.72449E+03
141.0 1.47482E+03
141.5 1.22625E+03
142.0 9.78774E+02
142.5 7.32410E+02
143.0 4.87162E+02
143.5 2.43039E+02
144.0 2.02256E+01
