144K19D0W2
  0.5 0.00000E+00
  1.0 0.00000E+00
  1.5 0.00000E+00
  2.0 0.00000E+00
  2.5 0.00000E+00
  3.0 0.00000E+00
  3.5 2.80874E+04
  4.0 3.65834E+04
  4.5 4.55059E+04
  5.0 5.48490E+04
  5.5 6.46120E+04
  6.0 7.47986E+04
  6.5 8.54168E+04
  7.0 9.64806E+04
  7.5 1.08013E+05
  8.0 1.20048E+05
  8.5 1.60030E+06
  9.0 1.45833E+05
  9.5 1.53367E+06
 10.0 1.27905E+06
 10.5 6.85099E+04
 11.0 7.37129E+04
 11.5 1.66701E+05
 12.0 5.70361E+04
 12.5 5.32700E+04
 13.0 5.66435E+04
 13.5 6.00934E+04
 14.0 6.36230E+04
 14.5 6.72352E+04
 15.0 7.09337E+04
 15.5 7.47211E+04
 16.0 7.85992E+04
 16.5 8.25676E+04
 17.0 8.66230E+04
 17.5 9.07589E+04
 18.0 9.49644E+04
 18.5 9.92248E+04
 19.0 1.03521E+05
 19.5 1.07831E+05
 20.0 1.12130E+05
 20.5 1.16390E+05
 21.0 1.20584E+05
 21.5 1.24684E+05
 22.0 1.28662E+05
 22.5 1.32495E+05
 23.0 1.36157E+05
 23.5 1.39631E+05
 24.0 1.42897E+05
 24.5 1.45942E+05
 25.0 1.48755E+05
 25.5 1.51328E+05
 26.0 1.53657E+05
 26.5 1.55739E+05
 27.0 1.57575E+05
 27.5 1.59166E+05
 28.0 1.60519E+05
 28.5 1.61638E+05
 29.0 1.62531E+05
 29.5 1.63208E+05
 30.0 1.63676E+05
 30.5 1.63946E+05
 31.0 1.64030E+05
 31.5 1.63936E+05
 32.0 1.63677E+05
 32.5 1.63263E+05
 33.0 1.62705E+05
 33.5 1.62014E+05
 34.0 1.61199E+05
 34.5 1.60271E+05
 35.0 1.59239E+05
 35.5 1.58112E+05
 36.0 1.56900E+05
 36.5 1.55611E+05
 37.0 1.54251E+05
 37.5 1.52830E+05
 38.0 1.51353E+05
 38.5 1.49828E+05
 39.0 1.48261E+05
 39.5 1.46656E+05
 40.0 1.45021E+05
 40.5 1.43359E+05
 41.0 1.41675E+05
 41.5 1.39973E+05
 42.0 1.38258E+05
 42.5 1.36533E+05
 43.0 1.34801E+05
 43.5 1.33065E+05
 44.0 1.31328E+05
 44.5 1.29593E+05
 45.0 1.27861E+05
 45.5 1.26136E+05
 46.0 1.24418E+05
 46.5 1.22710E+05
 47.0 1.21014E+05
 47.5 1.19329E+05
 48.0 1.17659E+05
 48.5 1.16003E+05
 49.0 1.14363E+05
 49.5 1.12739E+05
 50.0 1.11133E+05
 50.5 1.09545E+05
 51.0 1.07976E+05
 51.5 1.06426E+05
 52.0 1.04895E+05
 52.5 1.03384E+05
 53.0 1.01893E+05
 53.5 1.00423E+05
 54.0 9.89726E+04
 54.5 9.75429E+04
 55.0 9.61339E+04
 55.5 9.47454E+04
 56.0 9.33775E+04
 56.5 9.20301E+04
 57.0 9.07032E+04
 57.5 8.93966E+04
 58.0 5.19517E+05
 58.5 8.68438E+04
 59.0 8.55973E+04
 59.5 8.44185E+05
 60.0 8.31631E+04
 60.5 8.19749E+04
 61.0 8.08057E+04
 61.5 7.96553E+04
 62.0 7.85233E+04
 62.5 7.74096E+04
 63.0 7.63138E+04
 63.5 7.52357E+04
 64.0 7.41751E+04
 64.5 7.31315E+04
 65.0 7.21048E+04
 65.5 7.10947E+04
 66.0 7.01008E+04
 66.5 6.91228E+04
 67.0 3.28211E+05
 67.5 6.72137E+04
 68.0 6.62820E+04
 68.5 6.53651E+04
 69.0 1.33394E+05
 69.5 6.11865E+04
 70.0 4.85953E+04
 70.5 4.81727E+04
 71.0 4.77504E+04
 71.5 4.73285E+04
 72.0 4.69072E+04
 72.5 4.64864E+04
 73.0 4.60664E+04
 73.5 4.56472E+04
 74.0 4.52289E+04
 74.5 4.48115E+04
 75.0 4.43952E+04
 75.5 4.39799E+04
 76.0 4.35658E+04
 76.5 4.31528E+04
 77.0 4.27411E+04
 77.5 4.23308E+04
 78.0 4.19217E+04
 78.5 4.15141E+04
 79.0 4.11078E+04
 79.5 4.07030E+04
 80.0 4.02997E+04
 80.5 3.98978E+04
 81.0 3.94975E+04
 81.5 3.90988E+04
 82.0 3.87016E+04
 82.5 3.83060E+04
 83.0 3.79120E+04
 83.5 3.75196E+04
 84.0 3.71288E+04
 84.5 3.67397E+04
 85.0 3.63522E+04
 85.5 3.59663E+04
 86.0 3.55821E+04
 86.5 3.51995E+04
 87.0 3.48185E+04
 87.5 3.44392E+04
 88.0 3.40616E+04
 88.5 3.36856E+04
 89.0 3.33112E+04
 89.5 3.29385E+04
 90.0 3.25673E+04
 90.5 3.21978E+04
 91.0 3.18299E+04
 91.5 3.14637E+04
 92.0 3.10990E+04
 92.5 3.07359E+04
 93.0 3.03743E+04
 93.5 3.00144E+04
 94.0 2.96560E+04
 94.5 2.92991E+04
 95.0 2.89438E+04
 95.5 2.85899E+04
 96.0 2.82376E+04
 96.5 2.78868E+04
 97.0 2.75375E+04
 97.5 2.71897E+04
 98.0 2.68433E+04
 98.5 2.64983E+04
 99.0 2.61548E+04
 99.5 2.58127E+04
100.0 2.54720E+04
100.5 2.51327E+04
101.0 2.47948E+04
101.5 2.44583E+04
102.0 2.41231E+04
102.5 2.37892E+04
103.0 2.34567E+04
103.5 2.31255E+04
104.0 2.27956E+04
104.5 2.24670E+04
105.0 2.21397E+04
105.5 2.18137E+04
106.0 2.14889E+04
106.5 2.11654E+04
107.0 2.08431E+04
107.5 2.05221E+04
108.0 2.02022E+04
108.5 1.98835E+04
109.0 1.95661E+04
109.5 1.92498E+04
110.0 1.89347E+04
110.5 1.86208E+04
111.0 1.83081E+04
111.5 1.79964E+04
112.0 1.76860E+04
112.5 1.73766E+04
113.0 1.70684E+04
113.5 1.67612E+04
114.0 1.64552E+04
114.5 1.61503E+04
115.0 1.58465E+04
115.5 1.55438E+04
116.0 1.52421E+04
116.5 1.49415E+04
117.0 1.46420E+04
117.5 1.43435E+04
118.0 1.40461E+04
118.5 1.37498E+04
119.0 1.34545E+04
119.5 1.31602E+04
120.0 1.28670E+04
120.5 1.25748E+04
121.0 1.22837E+04
121.5 1.19935E+04
122.0 1.17044E+04
122.5 1.14163E+04
123.0 1.11293E+04
123.5 1.08432E+04
124.0 1.05582E+04
124.5 1.02741E+04
125.0 9.99112E+03
125.5 9.70912E+03
126.0 9.42813E+03
126.5 9.14815E+03
127.0 8.86918E+03
127.5 8.59122E+03
128.0 8.31427E+03
128.5 8.03833E+03
129.0 7.76340E+03
129.5 7.48948E+03
130.0 7.21658E+03
130.5 6.94469E+03
131.0 6.67382E+03
131.5 6.40397E+03
132.0 6.13515E+03
132.5 5.86734E+03
133.0 5.60057E+03
133.5 5.33482E+03
134.0 5.07011E+03
134.5 4.80643E+03
135.0 4.54380E+03
135.5 4.28221E+03
136.0 4.02167E+03
136.5 3.76219E+03
137.0 3.50376E+03
137.5 3.24640E+03
138.0 2.99011E+03
138.5 2.73489E+03
139.0 2.48074E+03
139.5 2.22769E+03
140.0 1.97572E+03
140.5 1.72485E+03
141.0 1.47509E+03
141.5 1.22643E+03
142.0 9.78895E+02
142.5 7.32480E+02
143.0 4.87196E+02
143.5 2.43049E+02
144.0 2.02262E+01
