144K13D0W2
  0.5 0.00000E+00
  1.0 0.00000E+00
  1.5 0.00000E+00
  2.0 0.00000E+00
  2.5 0.00000E+00
  3.0 0.00000E+00
  3.5 1.70609E+04
  4.0 2.28717E+04
  4.5 2.89457E+04
  5.0 3.52658E+04
  5.5 4.18250E+04
  6.0 4.86196E+04
  6.5 5.56480E+04
  7.0 6.29099E+04
  7.5 7.04073E+04
  8.0 7.81444E+04
  8.5 4.63137E+05
  9.0 9.43716E+04
  9.5 6.25973E+05
 10.0 5.27438E+05
 10.5 4.47004E+04
 11.0 4.80770E+04
 11.5 6.74702E+04
 12.0 3.72275E+04
 12.5 3.47736E+04
 13.0 3.69736E+04
 13.5 3.92110E+04
 14.0 4.14861E+04
 14.5 4.37995E+04
 15.0 4.61518E+04
 15.5 4.85437E+04
 16.0 5.09762E+04
 16.5 5.34504E+04
 17.0 5.59671E+04
 17.5 5.85272E+04
 18.0 6.11313E+04
 18.5 6.37791E+04
 19.0 6.64697E+04
 19.5 6.92009E+04
 20.0 7.19690E+04
 20.5 7.47689E+04
 21.0 7.75935E+04
 21.5 8.04343E+04
 22.0 8.32812E+04
 22.5 8.61228E+04
 23.0 8.89466E+04
 23.5 9.17393E+04
 24.0 9.44876E+04
 24.5 9.71778E+04
 25.0 9.97968E+04
 25.5 1.02332E+05
 26.0 1.04771E+05
 26.5 1.07104E+05
 27.0 1.09322E+05
 27.5 1.11415E+05
 28.0 1.13379E+05
 28.5 1.15206E+05
 29.0 1.16893E+05
 29.5 1.18438E+05
 30.0 1.19839E+05
 30.5 1.21095E+05
 31.0 1.22208E+05
 31.5 1.23179E+05
 32.0 1.24011E+05
 32.5 1.24707E+05
 33.0 1.25270E+05
 33.5 1.25705E+05
 34.0 1.26017E+05
 34.5 1.26211E+05
 35.0 1.26292E+05
 35.5 1.26266E+05
 36.0 1.26138E+05
 36.5 1.25914E+05
 37.0 1.25599E+05
 37.5 1.25199E+05
 38.0 1.24720E+05
 38.5 1.24167E+05
 39.0 1.23545E+05
 39.5 1.22859E+05
 40.0 1.22115E+05
 40.5 1.21316E+05
 41.0 1.20468E+05
 41.5 1.19574E+05
 42.0 1.18640E+05
 42.5 1.17668E+05
 43.0 1.16663E+05
 43.5 1.15627E+05
 44.0 1.14565E+05
 44.5 1.13480E+05
 45.0 1.12374E+05
 45.5 1.11250E+05
 46.0 1.10111E+05
 46.5 1.08959E+05
 47.0 1.07797E+05
 47.5 1.06626E+05
 48.0 1.05448E+05
 48.5 1.04266E+05
 49.0 1.03081E+05
 49.5 1.01894E+05
 50.0 1.00707E+05
 50.5 9.95209E+04
 51.0 9.83374E+04
 51.5 9.71575E+04
 52.0 9.59821E+04
 52.5 9.48122E+04
 53.0 9.36485E+04
 53.5 9.24919E+04
 54.0 9.13430E+04
 54.5 9.02024E+04
 55.0 8.90709E+04
 55.5 8.79486E+04
 56.0 8.68363E+04
 56.5 8.57341E+04
 57.0 8.46426E+04
 57.5 8.35620E+04
 58.0 4.64398E+05
 58.5 8.14345E+04
 59.0 8.03880E+04
 59.5 7.56747E+05
 60.0 7.83303E+04
 60.5 7.73193E+04
 61.0 7.63204E+04
 61.5 7.53335E+04
 62.0 7.43587E+04
 62.5 7.33960E+04
 63.0 7.24453E+04
 63.5 7.15068E+04
 64.0 7.05803E+04
 64.5 6.96656E+04
 65.0 6.87629E+04
 65.5 6.78721E+04
 66.0 6.69929E+04
 66.5 6.61253E+04
 67.0 3.04562E+05
 67.5 6.44246E+04
 68.0 6.35912E+04
 68.5 6.27689E+04
 69.0 1.25784E+05
 69.5 5.80095E+04
 70.0 4.17521E+04
 70.5 4.15061E+04
 71.0 4.12568E+04
 71.5 4.10044E+04
 72.0 4.07489E+04
 72.5 4.04905E+04
 73.0 4.02294E+04
 73.5 3.99656E+04
 74.0 3.96994E+04
 74.5 3.94307E+04
 75.0 3.91597E+04
 75.5 3.88865E+04
 76.0 3.86113E+04
 76.5 3.83341E+04
 77.0 3.80551E+04
 77.5 3.77743E+04
 78.0 3.74918E+04
 78.5 3.72077E+04
 79.0 3.69221E+04
 79.5 3.66351E+04
 80.0 3.63468E+04
 80.5 3.60572E+04
 81.0 3.57664E+04
 81.5 3.54745E+04
 82.0 3.51816E+04
 82.5 3.48877E+04
 83.0 3.45929E+04
 83.5 3.42972E+04
 84.0 3.40008E+04
 84.5 3.37036E+04
 85.0 3.34058E+04
 85.5 3.31073E+04
 86.0 3.28082E+04
 86.5 3.25087E+04
 87.0 3.22086E+04
 87.5 3.19082E+04
 88.0 3.16073E+04
 88.5 3.13061E+04
 89.0 3.10046E+04
 89.5 3.07029E+04
 90.0 3.04008E+04
 90.5 3.00987E+04
 91.0 2.97963E+04
 91.5 2.94938E+04
 92.0 2.91912E+04
 92.5 2.88886E+04
 93.0 2.85859E+04
 93.5 2.82832E+04
 94.0 2.79805E+04
 94.5 2.76778E+04
 95.0 2.73752E+04
 95.5 2.70727E+04
 96.0 2.67703E+04
 96.5 2.64680E+04
 97.0 2.61659E+04
 97.5 2.58639E+04
 98.0 2.55622E+04
 98.5 2.52606E+04
 99.0 2.49592E+04
 99.5 2.46581E+04
100.0 2.43573E+04
100.5 2.40567E+04
101.0 2.37564E+04
101.5 2.34564E+04
102.0 2.31567E+04
102.5 2.28573E+04
103.0 2.25583E+04
103.5 2.22596E+04
104.0 2.19613E+04
104.5 2.16633E+04
105.0 2.13658E+04
105.5 2.10686E+04
106.0 2.07718E+04
106.5 2.04754E+04
107.0 2.01795E+04
107.5 1.98840E+04
108.0 1.95889E+04
108.5 1.92943E+04
109.0 1.90002E+04
109.5 1.87065E+04
110.0 1.84133E+04
110.5 1.81206E+04
111.0 1.78283E+04
111.5 1.75366E+04
112.0 1.72454E+04
112.5 1.69547E+04
113.0 1.66645E+04
113.5 1.63749E+04
114.0 1.60857E+04
114.5 1.57972E+04
115.0 1.55092E+04
115.5 1.52217E+04
116.0 1.49348E+04
116.5 1.46485E+04
117.0 1.43627E+04
117.5 1.40776E+04
118.0 1.37930E+04
118.5 1.35091E+04
119.0 1.32257E+04
119.5 1.29430E+04
120.0 1.26608E+04
120.5 1.23794E+04
121.0 1.20985E+04
121.5 1.18183E+04
122.0 1.15387E+04
122.5 1.12598E+04
123.0 1.09816E+04
123.5 1.07040E+04
124.0 1.04271E+04
124.5 1.01509E+04
125.0 9.87541E+03
125.5 9.60059E+03
126.0 9.32649E+03
126.5 9.05310E+03
127.0 8.78043E+03
127.5 8.50850E+03
128.0 8.23730E+03
128.5 7.96684E+03
129.0 7.69715E+03
129.5 7.42821E+03
130.0 7.16005E+03
130.5 6.89266E+03
131.0 6.62606E+03
131.5 6.36026E+03
132.0 6.09526E+03
132.5 5.83107E+03
133.0 5.56770E+03
133.5 5.30516E+03
134.0 5.04346E+03
134.5 4.78261E+03
135.0 4.52262E+03
135.5 4.26349E+03
136.0 4.00523E+03
136.5 3.74786E+03
137.0 3.49138E+03
137.5 3.23581E+03
138.0 2.98115E+03
138.5 2.72741E+03
139.0 2.47460E+03
139.5 2.22274E+03
140.0 1.97182E+03
140.5 1.72187E+03
141.0 1.47290E+03
141.5 1.22490E+03
142.0 9.77901E+02
142.5 7.31904E+02
143.0 4.86922E+02
143.5 2.42965E+02
144.0 2.02218E+01
