144K20D0W2
  0.5 0.00000E+00
  1.0 0.00000E+00
  1.5 0.00000E+00
  2.0 0.00000E+00
  2.5 0.00000E+00
  3.0 0.00000E+00
  3.5 3.00126E+04
  4.0 3.89724E+04
  4.5 4.83907E+04
  5.0 5.82631E+04
  5.5 6.85905E+04
  6.0 7.93784E+04
  6.5 9.06378E+04
  7.0 1.02387E+05
  7.5 1.14656E+05
  8.0 1.27487E+05
  8.5 1.84485E+06
  9.0 1.55090E+05
  9.5 1.69767E+06
 10.0 1.41488E+06
 10.5 7.27046E+04
 11.0 7.82419E+04
 11.5 1.88803E+05
 12.0 6.05224E+04
 12.5 5.65237E+04
 13.0 6.01105E+04
 13.5 6.37826E+04
 14.0 6.75436E+04
 14.5 7.13973E+04
 15.0 7.53475E+04
 15.5 7.93967E+04
 16.0 8.35459E+04
 16.5 8.77928E+04
 17.0 9.21317E+04
 17.5 9.65525E+04
 18.0 1.01040E+05
 18.5 1.05575E+05
 19.0 1.10135E+05
 19.5 1.14691E+05
 20.0 1.19215E+05
 20.5 1.23676E+05
 21.0 1.28043E+05
 21.5 1.32286E+05
 22.0 1.36377E+05
 22.5 1.40290E+05
 23.0 1.44003E+05
 23.5 1.47495E+05
 24.0 1.50751E+05
 24.5 1.53759E+05
 25.0 1.56509E+05
 25.5 1.58996E+05
 26.0 1.61218E+05
 26.5 1.63174E+05
 27.0 1.64868E+05
 27.5 1.66305E+05
 28.0 1.67491E+05
 28.5 1.68434E+05
 29.0 1.69145E+05
 29.5 1.69632E+05
 30.0 1.69908E+05
 30.5 1.69983E+05
 31.0 1.69870E+05
 31.5 1.69581E+05
 32.0 1.69127E+05
 32.5 1.68519E+05
 33.0 1.67771E+05
 33.5 1.66891E+05
 34.0 1.65893E+05
 34.5 1.64785E+05
 35.0 1.63578E+05
 35.5 1.62281E+05
 36.0 1.60904E+05
 36.5 1.59454E+05
 37.0 1.57939E+05
 37.5 1.56368E+05
 38.0 1.54747E+05
 38.5 1.53082E+05
 39.0 1.51380E+05
 39.5 1.49647E+05
 40.0 1.47887E+05
 40.5 1.46106E+05
 41.0 1.44307E+05
 41.5 1.42496E+05
 42.0 1.40675E+05
 42.5 1.38849E+05
 43.0 1.37020E+05
 43.5 1.35192E+05
 44.0 1.33366E+05
 44.5 1.31546E+05
 45.0 1.29734E+05
 45.5 1.27931E+05
 46.0 1.26139E+05
 46.5 1.24359E+05
 47.0 1.22595E+05
 47.5 1.20845E+05
 48.0 1.19112E+05
 48.5 1.17397E+05
 49.0 1.15700E+05
 49.5 1.14022E+05
 50.0 1.12364E+05
 50.5 1.10726E+05
 51.0 1.09110E+05
 51.5 1.07514E+05
 52.0 1.05939E+05
 52.5 1.04387E+05
 53.0 1.02856E+05
 53.5 1.01347E+05
 54.0 9.98606E+04
 54.5 9.83961E+04
 55.0 9.69536E+04
 55.5 9.55331E+04
 56.0 9.41345E+04
 56.5 9.27578E+04
 57.0 9.14028E+04
 57.5 9.00693E+04
 58.0 5.25976E+05
 58.5 8.74660E+04
 59.0 8.61958E+04
 59.5 8.54402E+05
 60.0 8.37170E+04
 60.5 8.25080E+04
 61.0 8.13188E+04
 61.5 8.01492E+04
 62.0 7.89988E+04
 62.5 7.78674E+04
 63.0 7.67547E+04
 63.5 7.56604E+04
 64.0 7.45841E+04
 64.5 7.35255E+04
 65.0 7.24844E+04
 65.5 7.14604E+04
 66.0 7.04532E+04
 66.5 6.94625E+04
 67.0 3.30925E+05
 67.5 6.75294E+04
 68.0 6.65863E+04
 68.5 6.56585E+04
 69.0 1.34262E+05
 69.5 6.15568E+04
 70.0 4.94360E+04
 70.5 4.89898E+04
 71.0 4.85445E+04
 71.5 4.81003E+04
 72.0 4.76571E+04
 72.5 4.72151E+04
 73.0 4.67743E+04
 73.5 4.63348E+04
 74.0 4.58968E+04
 74.5 4.54602E+04
 75.0 4.50251E+04
 75.5 4.45916E+04
 76.0 4.41597E+04
 76.5 4.37295E+04
 77.0 4.33009E+04
 77.5 4.28741E+04
 78.0 4.24491E+04
 78.5 4.20259E+04
 79.0 4.16045E+04
 79.5 4.11849E+04
 80.0 4.07673E+04
 80.5 4.03515E+04
 81.0 3.99376E+04
 81.5 3.95256E+04
 82.0 3.91155E+04
 82.5 3.87074E+04
 83.0 3.83012E+04
 83.5 3.78970E+04
 84.0 3.74947E+04
 84.5 3.70943E+04
 85.0 3.66959E+04
 85.5 3.62994E+04
 86.0 3.59048E+04
 86.5 3.55122E+04
 87.0 3.51215E+04
 87.5 3.47327E+04
 88.0 3.43459E+04
 88.5 3.39609E+04
 89.0 3.35778E+04
 89.5 3.31966E+04
 90.0 3.28172E+04
 90.5 3.24397E+04
 91.0 3.20640E+04
 91.5 3.16902E+04
 92.0 3.13181E+04
 92.5 3.09479E+04
 93.0 3.05794E+04
 93.5 3.02127E+04
 94.0 2.98477E+04
 94.5 2.94845E+04
 95.0 2.91230E+04
 95.5 2.87631E+04
 96.0 2.84050E+04
 96.5 2.80485E+04
 97.0 2.76937E+04
 97.5 2.73405E+04
 98.0 2.69889E+04
 98.5 2.66389E+04
 99.0 2.62905E+04
 99.5 2.59437E+04
100.0 2.55984E+04
100.5 2.52546E+04
101.0 2.49123E+04
101.5 2.45716E+04
102.0 2.42323E+04
102.5 2.38945E+04
103.0 2.35581E+04
103.5 2.32232E+04
104.0 2.28897E+04
104.5 2.25576E+04
105.0 2.22269E+04
105.5 2.18976E+04
106.0 2.15696E+04
106.5 2.12430E+04
107.0 2.09177E+04
107.5 2.05937E+04
108.0 2.02710E+04
108.5 1.99497E+04
109.0 1.96296E+04
109.5 1.93107E+04
110.0 1.89932E+04
110.5 1.86768E+04
111.0 1.83618E+04
111.5 1.80479E+04
112.0 1.77352E+04
112.5 1.74237E+04
113.0 1.71135E+04
113.5 1.68044E+04
114.0 1.64965E+04
114.5 1.61897E+04
115.0 1.58841E+04
115.5 1.55797E+04
116.0 1.52763E+04
116.5 1.49742E+04
117.0 1.46731E+04
117.5 1.43731E+04
118.0 1.40743E+04
118.5 1.37766E+04
119.0 1.34799E+04
119.5 1.31844E+04
120.0 1.28899E+04
120.5 1.25965E+04
121.0 1.23042E+04
121.5 1.20130E+04
122.0 1.17228E+04
122.5 1.14337E+04
123.0 1.11456E+04
123.5 1.08586E+04
124.0 1.05727E+04
124.5 1.02878E+04
125.0 1.00039E+04
125.5 9.72114E+03
126.0 9.43938E+03
126.5 9.15867E+03
127.0 8.87900E+03
127.5 8.60037E+03
128.0 8.32278E+03
128.5 8.04623E+03
129.0 7.77072E+03
129.5 7.49625E+03
130.0 7.22282E+03
130.5 6.95044E+03
131.0 6.67910E+03
131.5 6.40880E+03
132.0 6.13955E+03
132.5 5.87134E+03
133.0 5.60419E+03
133.5 5.33809E+03
134.0 5.07305E+03
134.5 4.80906E+03
135.0 4.54614E+03
135.5 4.28428E+03
136.0 4.02349E+03
136.5 3.76377E+03
137.0 3.50513E+03
137.5 3.24757E+03
138.0 2.99109E+03
138.5 2.73571E+03
139.0 2.48142E+03
139.5 2.22823E+03
140.0 1.97615E+03
140.5 1.72518E+03
141.0 1.47533E+03
141.5 1.22660E+03
142.0 9.79004E+02
142.5 7.32543E+02
143.0 4.87226E+02
143.5 2.43058E+02
144.0 2.02267E+01
