144K22D0W2
  0.5 0.00000E+00
  1.0 0.00000E+00
  1.5 0.00000E+00
  2.0 0.00000E+00
  2.5 0.00000E+00
  3.0 0.00000E+00
  3.5 3.39489E+04
  4.0 4.38553E+04
  4.5 5.42882E+04
  5.0 6.52463E+04
  5.5 7.67341E+04
  6.0 8.87622E+04
  6.5 1.01349E+05
  7.0 1.14525E+05
  7.5 1.28335E+05
  8.0 1.42847E+05
  8.5 2.36666E+06
  9.0 1.74315E+05
  9.5 2.02825E+06
 10.0 1.68876E+06
 10.5 8.13298E+04
 11.0 8.75678E+04
 11.5 2.36970E+05
 12.0 6.76875E+04
 12.5 6.32087E+04
 13.0 6.72414E+04
 13.5 7.13790E+04
 14.0 7.56267E+04
 14.5 7.99890E+04
 15.0 8.44696E+04
 15.5 8.90694E+04
 16.0 9.37858E+04
 16.5 9.86111E+04
 17.0 1.03532E+05
 17.5 1.08530E+05
 18.0 1.13579E+05
 18.5 1.18650E+05
 19.0 1.23710E+05
 19.5 1.28723E+05
 20.0 1.33651E+05
 20.5 1.38457E+05
 21.0 1.43107E+05
 21.5 1.47568E+05
 22.0 1.51811E+05
 22.5 1.55811E+05
 23.0 1.59546E+05
 23.5 1.63002E+05
 24.0 1.66165E+05
 24.5 1.69028E+05
 25.0 1.71586E+05
 25.5 1.73841E+05
 26.0 1.75794E+05
 26.5 1.77450E+05
 27.0 1.78818E+05
 27.5 1.79907E+05
 28.0 1.80728E+05
 28.5 1.81293E+05
 29.0 1.81615E+05
 29.5 1.81709E+05
 30.0 1.81587E+05
 30.5 1.81264E+05
 31.0 1.80754E+05
 31.5 1.80072E+05
 32.0 1.79229E+05
 32.5 1.78240E+05
 33.0 1.77117E+05
 33.5 1.75872E+05
 34.0 1.74517E+05
 34.5 1.73062E+05
 35.0 1.71519E+05
 35.5 1.69896E+05
 36.0 1.68204E+05
 36.5 1.66450E+05
 37.0 1.64642E+05
 37.5 1.62789E+05
 38.0 1.60896E+05
 38.5 1.58971E+05
 39.0 1.57018E+05
 39.5 1.55044E+05
 40.0 1.53054E+05
 40.5 1.51052E+05
 41.0 1.49042E+05
 41.5 1.47028E+05
 42.0 1.45014E+05
 42.5 1.43002E+05
 43.0 1.40996E+05
 43.5 1.38998E+05
 44.0 1.37011E+05
 44.5 1.35036E+05
 45.0 1.33075E+05
 45.5 1.31131E+05
 46.0 1.29204E+05
 46.5 1.27296E+05
 47.0 1.25408E+05
 47.5 1.23541E+05
 48.0 1.21696E+05
 48.5 1.19873E+05
 49.0 1.18074E+05
 49.5 1.16298E+05
 50.0 1.14546E+05
 50.5 1.12819E+05
 51.0 1.11117E+05
 51.5 1.09439E+05
 52.0 1.07787E+05
 52.5 1.06160E+05
 53.0 1.04558E+05
 53.5 1.02981E+05
 54.0 1.01429E+05
 54.5 9.99021E+04
 55.0 9.83999E+04
 55.5 9.69225E+04
 56.0 9.54693E+04
 56.5 9.40404E+04
 57.0 9.26354E+04
 57.5 9.12540E+04
 58.0 5.37404E+05
 58.5 8.85610E+04
 59.0 8.72488E+04
 59.5 8.72462E+05
 60.0 8.46912E+04
 60.5 8.34452E+04
 61.0 8.22205E+04
 61.5 8.10170E+04
 62.0 7.98340E+04
 62.5 7.86714E+04
 63.0 7.75288E+04
 63.5 7.64056E+04
 64.0 7.53018E+04
 64.5 7.42168E+04
 65.0 7.31502E+04
 65.5 7.21018E+04
 66.0 7.10712E+04
 66.5 7.00580E+04
 67.0 3.35699E+05
 67.5 6.80825E+04
 68.0 6.71194E+04
 68.5 6.61724E+04
 69.0 1.35786E+05
 69.5 6.22112E+04
 70.0 5.09433E+04
 70.5 5.04540E+04
 71.0 4.99666E+04
 71.5 4.94813E+04
 72.0 4.89982E+04
 72.5 4.85173E+04
 73.0 4.80387E+04
 73.5 4.75624E+04
 74.0 4.70885E+04
 74.5 4.66170E+04
 75.0 4.61479E+04
 75.5 4.56813E+04
 76.0 4.52172E+04
 76.5 4.47557E+04
 77.0 4.42966E+04
 77.5 4.38402E+04
 78.0 4.33863E+04
 78.5 4.29350E+04
 79.0 4.24863E+04
 79.5 4.20402E+04
 80.0 4.15967E+04
 80.5 4.11558E+04
 81.0 4.07175E+04
 81.5 4.02818E+04
 82.0 3.98486E+04
 82.5 3.94180E+04
 83.0 3.89900E+04
 83.5 3.85645E+04
 84.0 3.81416E+04
 84.5 3.77211E+04
 85.0 3.73032E+04
 85.5 3.68878E+04
 86.0 3.64748E+04
 86.5 3.60643E+04
 87.0 3.56562E+04
 87.5 3.52505E+04
 88.0 3.48472E+04
 88.5 3.44462E+04
 89.0 3.40476E+04
 89.5 3.36513E+04
 90.0 3.32573E+04
 90.5 3.28656E+04
 91.0 3.24761E+04
 91.5 3.20888E+04
 92.0 3.17037E+04
 92.5 3.13208E+04
 93.0 3.09400E+04
 93.5 3.05613E+04
 94.0 3.01848E+04
 94.5 2.98103E+04
 95.0 2.94378E+04
 95.5 2.90673E+04
 96.0 2.86989E+04
 96.5 2.83324E+04
 97.0 2.79678E+04
 97.5 2.76052E+04
 98.0 2.72444E+04
 98.5 2.68856E+04
 99.0 2.65285E+04
 99.5 2.61733E+04
100.0 2.58199E+04
100.5 2.54682E+04
101.0 2.51183E+04
101.5 2.47702E+04
102.0 2.44237E+04
102.5 2.40789E+04
103.0 2.37358E+04
103.5 2.33943E+04
104.0 2.30544E+04
104.5 2.27162E+04
105.0 2.23795E+04
105.5 2.20443E+04
106.0 2.17107E+04
106.5 2.13787E+04
107.0 2.10481E+04
107.5 2.07190E+04
108.0 2.03914E+04
108.5 2.00652E+04
109.0 1.97405E+04
109.5 1.94172E+04
110.0 1.90952E+04
110.5 1.87747E+04
111.0 1.84555E+04
111.5 1.81377E+04
112.0 1.78212E+04
112.5 1.75061E+04
113.0 1.71922E+04
113.5 1.68797E+04
114.0 1.65685E+04
114.5 1.62585E+04
115.0 1.59498E+04
115.5 1.56423E+04
116.0 1.53361E+04
116.5 1.50311E+04
117.0 1.47273E+04
117.5 1.44248E+04
118.0 1.41234E+04
118.5 1.38233E+04
119.0 1.35243E+04
119.5 1.32265E+04
120.0 1.29298E+04
120.5 1.26344E+04
121.0 1.23400E+04
121.5 1.20469E+04
122.0 1.17548E+04
122.5 1.14639E+04
123.0 1.11742E+04
123.5 1.08855E+04
124.0 1.05980E+04
124.5 1.03116E+04
125.0 1.00263E+04
125.5 9.74207E+03
126.0 9.45898E+03
126.5 9.17699E+03
127.0 8.89609E+03
127.5 8.61630E+03
128.0 8.33759E+03
128.5 8.05998E+03
129.0 7.78346E+03
129.5 7.50803E+03
130.0 7.23369E+03
130.5 6.96044E+03
131.0 6.68827E+03
131.5 6.41719E+03
132.0 6.14721E+03
132.5 5.87831E+03
133.0 5.61050E+03
133.5 5.34378E+03
134.0 5.07816E+03
134.5 4.81363E+03
135.0 4.55020E+03
135.5 4.28787E+03
136.0 4.02664E+03
136.5 3.76651E+03
137.0 3.50750E+03
137.5 3.24959E+03
138.0 2.99281E+03
138.5 2.73714E+03
139.0 2.48259E+03
139.5 2.22918E+03
140.0 1.97690E+03
140.5 1.72575E+03
141.0 1.47575E+03
141.5 1.22689E+03
142.0 9.79194E+02
142.5 7.32653E+02
143.0 4.87278E+02
143.5 2.43075E+02
144.0 2.02275E+01
