144K21D0W2
  0.5 0.00000E+00
  1.0 0.00000E+00
  1.5 0.00000E+00
  2.0 0.00000E+00
  2.5 0.00000E+00
  3.0 0.00000E+00
  3.5 3.19659E+04
  4.0 4.13957E+04
  4.5 5.13173E+04
  5.0 6.17278E+04
  5.5 7.26298E+04
  6.0 8.40314E+04
  6.5 9.59467E+04
  7.0 1.08400E+05
  7.5 1.21427E+05
  8.0 1.35083E+05
  8.5 2.10079E+06
  9.0 1.64580E+05
  9.5 1.86274E+06
 10.0 1.55161E+06
 10.5 7.69761E+04
 11.0 8.28582E+04
 11.5 2.12259E+05
 12.0 6.40715E+04
 12.5 5.98353E+04
 13.0 6.36417E+04
 13.5 6.75428E+04
 14.0 7.15430E+04
 14.5 7.56466E+04
 15.0 7.98574E+04
 15.5 8.41775E+04
 16.0 8.86061E+04
 16.5 9.31390E+04
 17.0 9.77668E+04
 17.5 1.02475E+05
 18.0 1.07245E+05
 18.5 1.12051E+05
 19.0 1.16866E+05
 19.5 1.21657E+05
 20.0 1.26391E+05
 20.5 1.31035E+05
 21.0 1.35554E+05
 21.5 1.39918E+05
 22.0 1.44097E+05
 22.5 1.48066E+05
 23.0 1.51803E+05
 23.5 1.55288E+05
 24.0 1.58510E+05
 24.5 1.61456E+05
 25.0 1.64121E+05
 25.5 1.66501E+05
 26.0 1.68596E+05
 26.5 1.70410E+05
 27.0 1.71948E+05
 27.5 1.73216E+05
 28.0 1.74224E+05
 28.5 1.74982E+05
 29.0 1.75502E+05
 29.5 1.75795E+05
 30.0 1.75873E+05
 30.5 1.75750E+05
 31.0 1.75439E+05
 31.5 1.74953E+05
 32.0 1.74304E+05
 32.5 1.73505E+05
 33.0 1.72567E+05
 33.5 1.71504E+05
 34.0 1.70325E+05
 34.5 1.69042E+05
 35.0 1.67664E+05
 35.5 1.66202E+05
 36.0 1.64664E+05
 36.5 1.63059E+05
 37.0 1.61396E+05
 37.5 1.59680E+05
 38.0 1.57920E+05
 38.5 1.56123E+05
 39.0 1.54293E+05
 39.5 1.52436E+05
 40.0 1.50558E+05
 40.5 1.48664E+05
 41.0 1.46757E+05
 41.5 1.44841E+05
 42.0 1.42921E+05
 42.5 1.41000E+05
 43.0 1.39080E+05
 43.5 1.37164E+05
 44.0 1.35255E+05
 44.5 1.33355E+05
 45.0 1.31466E+05
 45.5 1.29590E+05
 46.0 1.27729E+05
 46.5 1.25883E+05
 47.0 1.24055E+05
 47.5 1.22244E+05
 48.0 1.20454E+05
 48.5 1.18683E+05
 49.0 1.16933E+05
 49.5 1.15204E+05
 50.0 1.13498E+05
 50.5 1.11814E+05
 51.0 1.10153E+05
 51.5 1.08515E+05
 52.0 1.06900E+05
 52.5 1.05309E+05
 53.0 1.03741E+05
 53.5 1.02197E+05
 54.0 1.00677E+05
 54.5 9.91796E+04
 55.0 9.77062E+04
 55.5 9.62561E+04
 56.0 9.48292E+04
 56.5 9.34254E+04
 57.0 9.20445E+04
 57.5 9.06861E+04
 58.0 5.31918E+05
 58.5 8.80362E+04
 59.0 8.67441E+04
 59.5 8.63794E+05
 60.0 8.42245E+04
 60.5 8.29962E+04
 61.0 8.17886E+04
 61.5 8.06013E+04
 62.0 7.94340E+04
 62.5 7.82864E+04
 63.0 7.71580E+04
 63.5 7.60488E+04
 64.0 7.49581E+04
 64.5 7.38858E+04
 65.0 7.28315E+04
 65.5 7.17948E+04
 66.0 7.07754E+04
 66.5 6.97730E+04
 67.0 3.33412E+05
 67.5 6.78178E+04
 68.0 6.68643E+04
 68.5 6.59265E+04
 69.0 1.35056E+05
 69.5 6.18971E+04
 70.0 5.02165E+04
 70.5 4.97481E+04
 71.0 4.92812E+04
 71.5 4.88158E+04
 72.0 4.83520E+04
 72.5 4.78900E+04
 73.0 4.74297E+04
 73.5 4.69713E+04
 74.0 4.65148E+04
 74.5 4.60601E+04
 75.0 4.56075E+04
 75.5 4.51569E+04
 76.0 4.47084E+04
 76.5 4.42620E+04
 77.0 4.38178E+04
 77.5 4.33756E+04
 78.0 4.29357E+04
 78.5 4.24980E+04
 79.0 4.20625E+04
 79.5 4.16292E+04
 80.0 4.11981E+04
 80.5 4.07694E+04
 81.0 4.03428E+04
 81.5 3.99186E+04
 82.0 3.94966E+04
 82.5 3.90768E+04
 83.0 3.86593E+04
 83.5 3.82440E+04
 84.0 3.78310E+04
 84.5 3.74203E+04
 85.0 3.70118E+04
 85.5 3.66054E+04
 86.0 3.62013E+04
 86.5 3.57994E+04
 87.0 3.53997E+04
 87.5 3.50022E+04
 88.0 3.46068E+04
 88.5 3.42135E+04
 89.0 3.38223E+04
 89.5 3.34333E+04
 90.0 3.30463E+04
 90.5 3.26614E+04
 91.0 3.22786E+04
 91.5 3.18977E+04
 92.0 3.15189E+04
 92.5 3.11421E+04
 93.0 3.07672E+04
 93.5 3.03943E+04
 94.0 3.00233E+04
 94.5 2.96542E+04
 95.0 2.92870E+04
 95.5 2.89216E+04
 96.0 2.85581E+04
 96.5 2.81964E+04
 97.0 2.78366E+04
 97.5 2.74785E+04
 98.0 2.71221E+04
 98.5 2.67675E+04
 99.0 2.64146E+04
 99.5 2.60634E+04
100.0 2.57139E+04
100.5 2.53660E+04
101.0 2.50198E+04
101.5 2.46751E+04
102.0 2.43321E+04
102.5 2.39907E+04
103.0 2.36508E+04
103.5 2.33124E+04
104.0 2.29756E+04
104.5 2.26403E+04
105.0 2.23065E+04
105.5 2.19741E+04
106.0 2.16432E+04
106.5 2.13138E+04
107.0 2.09857E+04
107.5 2.06591E+04
108.0 2.03338E+04
108.5 2.00100E+04
109.0 1.96874E+04
109.5 1.93663E+04
110.0 1.90464E+04
110.5 1.87279E+04
111.0 1.84107E+04
111.5 1.80948E+04
112.0 1.77801E+04
112.5 1.74667E+04
113.0 1.71546E+04
113.5 1.68437E+04
114.0 1.65341E+04
114.5 1.62256E+04
115.0 1.59184E+04
115.5 1.56124E+04
116.0 1.53075E+04
116.5 1.50039E+04
117.0 1.47014E+04
117.5 1.44001E+04
118.0 1.41000E+04
118.5 1.38010E+04
119.0 1.35031E+04
119.5 1.32064E+04
120.0 1.29108E+04
120.5 1.26163E+04
121.0 1.23229E+04
121.5 1.20307E+04
122.0 1.17395E+04
122.5 1.14495E+04
123.0 1.11605E+04
123.5 1.08727E+04
124.0 1.05859E+04
124.5 1.03002E+04
125.0 1.00156E+04
125.5 9.73207E+03
126.0 9.44962E+03
126.5 9.16824E+03
127.0 8.88793E+03
127.5 8.60869E+03
128.0 8.33052E+03
128.5 8.05342E+03
129.0 7.77738E+03
129.5 7.50241E+03
130.0 7.22850E+03
130.5 6.95566E+03
131.0 6.68389E+03
131.5 6.41319E+03
132.0 6.14355E+03
132.5 5.87498E+03
133.0 5.60749E+03
133.5 5.34106E+03
134.0 5.07572E+03
134.5 4.81145E+03
135.0 4.54826E+03
135.5 4.28615E+03
136.0 4.02513E+03
136.5 3.76520E+03
137.0 3.50637E+03
137.5 3.24863E+03
138.0 2.99199E+03
138.5 2.73646E+03
139.0 2.48203E+03
139.5 2.22873E+03
140.0 1.97654E+03
140.5 1.72548E+03
141.0 1.47555E+03
141.5 1.22675E+03
142.0 9.79103E+02
142.5 7.32601E+02
143.0 4.87253E+02
143.5 2.43067E+02
144.0 2.02271E+01
