145K07D0W2
  0.5 0.00000E+00
  1.0 0.00000E+00
  1.5 0.00000E+00
  2.0 0.00000E+00
  2.5 0.00000E+00
  3.0 0.00000E+00
  3.5 6.85811E+03
  4.0 1.00111E+04
  4.5 1.33351E+04
  5.0 1.67854E+04
  5.5 2.03429E+04
  6.0 2.39983E+04
  6.5 2.77467E+04
  7.0 3.15846E+04
  7.5 3.55095E+04
  8.0 3.95191E+04
  8.5 5.29250E+04
  9.0 4.77863E+04
  9.5 8.98794E+04
 10.0 8.11584E+04
 10.5 2.25302E+04
 11.0 2.42973E+04
 11.5 2.47965E+04
 12.0 1.87599E+04
 12.5 1.75173E+04
 13.0 1.86750E+04
 13.5 1.98459E+04
 14.0 2.10301E+04
 14.5 2.22272E+04
 15.0 2.34372E+04
 15.5 2.46598E+04
 16.0 2.58951E+04
 16.5 2.71428E+04
 17.0 2.84029E+04
 17.5 2.96751E+04
 18.0 3.09594E+04
 18.5 3.22557E+04
 19.0 3.35640E+04
 19.5 3.48842E+04
 20.0 3.62161E+04
 20.5 3.75599E+04
 21.0 3.89155E+04
 21.5 4.02826E+04
 22.0 4.16613E+04
 22.5 4.30512E+04
 23.0 4.44519E+04
 23.5 4.58628E+04
 24.0 4.72832E+04
 24.5 4.87119E+04
 25.0 5.01474E+04
 25.5 5.15880E+04
 26.0 5.30314E+04
 26.5 5.44753E+04
 27.0 5.59167E+04
 27.5 5.73524E+04
 28.0 5.87790E+04
 28.5 6.01927E+04
 29.0 6.15898E+04
 29.5 6.29662E+04
 30.0 6.43179E+04
 30.5 6.56410E+04
 31.0 6.69314E+04
 31.5 6.81856E+04
 32.0 6.93999E+04
 32.5 7.05711E+04
 33.0 7.16960E+04
 33.5 7.27719E+04
 34.0 7.37964E+04
 34.5 7.47675E+04
 35.0 7.56834E+04
 35.5 7.65425E+04
 36.0 7.73441E+04
 36.5 7.80872E+04
 37.0 7.87714E+04
 37.5 7.93967E+04
 38.0 7.99632E+04
 38.5 8.04712E+04
 39.0 8.09214E+04
 39.5 8.13147E+04
 40.0 8.16520E+04
 40.5 8.19347E+04
 41.0 8.21639E+04
 41.5 8.23413E+04
 42.0 8.24683E+04
 42.5 8.25467E+04
 43.0 8.25782E+04
 43.5 8.25646E+04
 44.0 8.25076E+04
 44.5 8.24092E+04
 45.0 8.22712E+04
 45.5 8.20954E+04
 46.0 8.18838E+04
 46.5 8.16382E+04
 47.0 8.13602E+04
 47.5 8.10519E+04
 48.0 8.07148E+04
 48.5 8.03508E+04
 49.0 7.99613E+04
 49.5 7.95482E+04
 50.0 7.91129E+04
 50.5 7.86569E+04
 51.0 7.81817E+04
 51.5 7.76888E+04
 52.0 7.71793E+04
 52.5 7.66547E+04
 53.0 7.61161E+04
 53.5 7.55647E+04
 54.0 7.50017E+04
 54.5 7.44282E+04
 55.0 7.38451E+04
 55.5 7.32533E+04
 56.0 7.26540E+04
 56.5 7.20478E+04
 57.0 7.14356E+04
 57.5 7.08183E+04
 58.0 3.49485E+05
 58.5 6.95709E+04
 59.0 6.89421E+04
 59.5 5.73391E+05
 60.0 6.76776E+04
 60.5 6.70431E+04
 61.0 6.64075E+04
 61.5 6.57716E+04
 62.0 6.51356E+04
 62.5 6.45001E+04
 63.0 6.38654E+04
 63.5 6.32318E+04
 64.0 6.25997E+04
 64.5 6.19694E+04
 65.0 6.13411E+04
 65.5 6.07151E+04
 66.0 6.00918E+04
 66.5 5.94712E+04
 67.0 2.53480E+05
 67.5 5.82392E+04
 68.0 5.76281E+04
 68.5 5.70205E+04
 69.0 1.09226E+05
 69.5 5.13991E+04
 70.0 2.90173E+04
 70.5 2.90196E+04
 71.0 2.90173E+04
 71.5 2.90102E+04
 72.0 2.89984E+04
 72.5 2.89819E+04
 73.0 2.89607E+04
 73.5 2.89349E+04
 74.0 2.89044E+04
 74.5 2.88692E+04
 75.0 2.88294E+04
 75.5 2.87850E+04
 76.0 2.87360E+04
 76.5 2.86825E+04
 77.0 2.86245E+04
 77.5 2.85620E+04
 78.0 2.84950E+04
 78.5 2.84237E+04
 79.0 2.83480E+04
 79.5 2.82680E+04
 80.0 2.81838E+04
 80.5 2.80953E+04
 81.0 2.80026E+04
 81.5 2.79059E+04
 82.0 2.78051E+04
 82.5 2.77002E+04
 83.0 2.75915E+04
 83.5 2.74788E+04
 84.0 2.73623E+04
 84.5 2.72420E+04
 85.0 2.71180E+04
 85.5 2.69903E+04
 86.0 2.68590E+04
 86.5 2.67242E+04
 87.0 2.65859E+04
 87.5 2.64442E+04
 88.0 2.62991E+04
 88.5 2.61507E+04
 89.0 2.59990E+04
 89.5 2.58442E+04
 90.0 2.56863E+04
 90.5 2.55253E+04
 91.0 2.53613E+04
 91.5 2.51943E+04
 92.0 2.50245E+04
 92.5 2.48519E+04
 93.0 2.46765E+04
 93.5 2.44984E+04
 94.0 2.43176E+04
 94.5 2.41343E+04
 95.0 2.39485E+04
 95.5 2.37601E+04
 96.0 2.35694E+04
 96.5 2.33763E+04
 97.0 2.31809E+04
 97.5 2.29833E+04
 98.0 2.27835E+04
 98.5 2.25815E+04
 99.0 2.23775E+04
 99.5 2.21714E+04
100.0 2.19633E+04
100.5 2.17533E+04
101.0 2.15415E+04
101.5 2.13278E+04
102.0 2.11123E+04
102.5 2.08951E+04
103.0 2.06762E+04
103.5 2.04557E+04
104.0 2.02336E+04
104.5 2.00100E+04
105.0 1.97848E+04
105.5 1.95583E+04
106.0 1.93303E+04
106.5 1.91009E+04
107.0 1.88702E+04
107.5 1.86383E+04
108.0 1.84051E+04
108.5 1.81707E+04
109.0 1.79352E+04
109.5 1.76985E+04
110.0 1.74608E+04
110.5 1.72220E+04
111.0 1.69822E+04
111.5 1.67415E+04
112.0 1.64999E+04
112.5 1.62574E+04
113.0 1.60140E+04
113.5 1.57698E+04
114.0 1.55248E+04
114.5 1.52791E+04
115.0 1.50326E+04
115.5 1.47855E+04
116.0 1.45378E+04
116.5 1.42894E+04
117.0 1.40404E+04
117.5 1.37909E+04
118.0 1.35409E+04
118.5 1.32904E+04
119.0 1.30394E+04
119.5 1.27881E+04
120.0 1.25363E+04
120.5 1.22841E+04
121.0 1.20316E+04
121.5 1.17788E+04
122.0 1.15257E+04
122.5 1.12723E+04
123.0 1.10188E+04
123.5 1.07650E+04
124.0 1.05110E+04
124.5 1.02569E+04
125.0 1.00027E+04
125.5 9.74838E+03
126.0 9.49398E+03
126.5 9.23953E+03
127.0 8.98507E+03
127.5 8.73060E+03
128.0 8.47617E+03
128.5 8.22178E+03
129.0 7.96746E+03
129.5 7.71325E+03
130.0 7.45916E+03
130.5 7.20521E+03
131.0 6.95142E+03
131.5 6.69783E+03
132.0 6.44445E+03
132.5 6.19130E+03
133.0 5.93841E+03
133.5 5.68580E+03
134.0 5.43348E+03
134.5 5.18149E+03
135.0 4.92984E+03
135.5 4.67855E+03
136.0 4.42764E+03
136.5 4.17715E+03
137.0 3.92707E+03
137.5 3.67744E+03
138.0 3.42828E+03
138.5 3.17961E+03
139.0 2.93144E+03
139.5 2.68379E+03
140.0 2.43670E+03
140.5 2.19017E+03
141.0 1.94422E+03
141.5 1.69888E+03
142.0 1.45416E+03
142.5 1.21009E+03
143.0 9.66675E+02
143.5 7.23945E+02
144.0 4.81915E+02
144.5 2.40604E+02
145.0 2.00322E+01
