145K06D0W2
  0.5 0.00000E+00
  1.0 0.00000E+00
  1.5 0.00000E+00
  2.0 0.00000E+00
  2.5 0.00000E+00
  3.0 0.00000E+00
  3.5 5.29969E+03
  4.0 7.99292E+03
  4.5 1.08564E+04
  5.0 1.38359E+04
  5.5 1.69075E+04
  6.0 2.00603E+04
  6.5 2.32881E+04
  7.0 2.65872E+04
  7.5 2.99548E+04
  8.0 3.33888E+04
  8.5 3.93795E+04
  9.0 4.04485E+04
  9.5 5.89015E+04
 10.0 5.46382E+04
 10.5 1.89929E+04
 11.0 2.05092E+04
 11.5 2.07819E+04
 12.0 1.58104E+04
 12.5 1.47600E+04
 13.0 1.57544E+04
 13.5 1.67591E+04
 14.0 1.77740E+04
 14.5 1.87990E+04
 15.0 1.98338E+04
 15.5 2.08784E+04
 16.0 2.19326E+04
 16.5 2.29962E+04
 17.0 2.40690E+04
 17.5 2.51509E+04
 18.0 2.62418E+04
 18.5 2.73415E+04
 19.0 2.84499E+04
 19.5 2.95669E+04
 20.0 3.06922E+04
 20.5 3.18260E+04
 21.0 3.29679E+04
 21.5 3.41179E+04
 22.0 3.52760E+04
 22.5 3.64419E+04
 23.0 3.76154E+04
 23.5 3.87965E+04
 24.0 3.99847E+04
 24.5 4.11796E+04
 25.0 4.23806E+04
 25.5 4.35871E+04
 26.0 4.47980E+04
 26.5 4.60122E+04
 27.0 4.72283E+04
 27.5 4.84446E+04
 28.0 4.96592E+04
 28.5 5.08701E+04
 29.0 5.20748E+04
 29.5 5.32709E+04
 30.0 5.44557E+04
 30.5 5.56263E+04
 31.0 5.67799E+04
 31.5 5.79135E+04
 32.0 5.90243E+04
 32.5 6.01094E+04
 33.0 6.11660E+04
 33.5 6.21915E+04
 34.0 6.31833E+04
 34.5 6.41392E+04
 35.0 6.50571E+04
 35.5 6.59349E+04
 36.0 6.67711E+04
 36.5 6.75642E+04
 37.0 6.83130E+04
 37.5 6.90165E+04
 38.0 6.96740E+04
 38.5 7.02850E+04
 39.0 7.08493E+04
 39.5 7.13666E+04
 40.0 7.18372E+04
 40.5 7.22614E+04
 41.0 7.26395E+04
 41.5 7.29722E+04
 42.0 7.32603E+04
 42.5 7.35046E+04
 43.0 7.37061E+04
 43.5 7.38659E+04
 44.0 7.39851E+04
 44.5 7.40650E+04
 45.0 7.41067E+04
 45.5 7.41118E+04
 46.0 7.40814E+04
 46.5 7.40170E+04
 47.0 7.39199E+04
 47.5 7.37916E+04
 48.0 7.36335E+04
 48.5 7.34468E+04
 49.0 7.32331E+04
 49.5 7.29937E+04
 50.0 7.27299E+04
 50.5 7.24430E+04
 51.0 7.21344E+04
 51.5 7.18052E+04
 52.0 7.14567E+04
 52.5 7.10900E+04
 53.0 7.07064E+04
 53.5 7.03069E+04
 54.0 6.98926E+04
 54.5 6.94645E+04
 55.0 6.90236E+04
 55.5 6.85709E+04
 56.0 6.81072E+04
 56.5 6.76335E+04
 57.0 6.71505E+04
 57.5 6.66591E+04
 58.0 3.14224E+05
 58.5 6.56541E+04
 59.0 6.51418E+04
 59.5 5.16326E+05
 60.0 6.41011E+04
 60.5 6.35739E+04
 61.0 6.30427E+04
 61.5 6.25083E+04
 62.0 6.19710E+04
 62.5 6.14314E+04
 63.0 6.08898E+04
 63.5 6.03467E+04
 64.0 5.98025E+04
 64.5 5.92575E+04
 65.0 5.87122E+04
 65.5 5.81667E+04
 66.0 5.76214E+04
 66.5 5.70766E+04
 67.0 2.36029E+05
 67.5 5.59895E+04
 68.0 5.54476E+04
 68.5 5.49072E+04
 69.0 1.03369E+05
 69.5 4.91925E+04
 70.0 2.57529E+04
 70.5 2.57950E+04
 71.0 2.58330E+04
 71.5 2.58670E+04
 72.0 2.58969E+04
 72.5 2.59226E+04
 73.0 2.59442E+04
 73.5 2.59615E+04
 74.0 2.59745E+04
 74.5 2.59832E+04
 75.0 2.59876E+04
 75.5 2.59876E+04
 76.0 2.59833E+04
 76.5 2.59746E+04
 77.0 2.59616E+04
 77.5 2.59441E+04
 78.0 2.59223E+04
 78.5 2.58961E+04
 79.0 2.58655E+04
 79.5 2.58305E+04
 80.0 2.57912E+04
 80.5 2.57476E+04
 81.0 2.56996E+04
 81.5 2.56474E+04
 82.0 2.55909E+04
 82.5 2.55301E+04
 83.0 2.54652E+04
 83.5 2.53960E+04
 84.0 2.53227E+04
 84.5 2.52453E+04
 85.0 2.51638E+04
 85.5 2.50783E+04
 86.0 2.49888E+04
 86.5 2.48953E+04
 87.0 2.47980E+04
 87.5 2.46967E+04
 88.0 2.45917E+04
 88.5 2.44829E+04
 89.0 2.43704E+04
 89.5 2.42542E+04
 90.0 2.41344E+04
 90.5 2.40110E+04
 91.0 2.38842E+04
 91.5 2.37539E+04
 92.0 2.36201E+04
 92.5 2.34831E+04
 93.0 2.33427E+04
 93.5 2.31991E+04
 94.0 2.30523E+04
 94.5 2.29023E+04
 95.0 2.27493E+04
 95.5 2.25933E+04
 96.0 2.24343E+04
 96.5 2.22724E+04
 97.0 2.21077E+04
 97.5 2.19401E+04
 98.0 2.17698E+04
 98.5 2.15969E+04
 99.0 2.14212E+04
 99.5 2.12431E+04
100.0 2.10624E+04
100.5 2.08792E+04
101.0 2.06936E+04
101.5 2.05056E+04
102.0 2.03154E+04
102.5 2.01229E+04
103.0 1.99281E+04
103.5 1.97313E+04
104.0 1.95323E+04
104.5 1.93313E+04
105.0 1.91283E+04
105.5 1.89233E+04
106.0 1.87164E+04
106.5 1.85077E+04
107.0 1.82972E+04
107.5 1.80850E+04
108.0 1.78710E+04
108.5 1.76553E+04
109.0 1.74381E+04
109.5 1.72193E+04
110.0 1.69990E+04
110.5 1.67772E+04
111.0 1.65539E+04
111.5 1.63293E+04
112.0 1.61034E+04
112.5 1.58761E+04
113.0 1.56476E+04
113.5 1.54178E+04
114.0 1.51869E+04
114.5 1.49549E+04
115.0 1.47218E+04
115.5 1.44876E+04
116.0 1.42524E+04
116.5 1.40162E+04
117.0 1.37790E+04
117.5 1.35410E+04
118.0 1.33021E+04
118.5 1.30624E+04
119.0 1.28219E+04
119.5 1.25807E+04
120.0 1.23387E+04
120.5 1.20961E+04
121.0 1.18528E+04
121.5 1.16088E+04
122.0 1.13643E+04
122.5 1.11193E+04
123.0 1.08738E+04
123.5 1.06277E+04
124.0 1.03812E+04
124.5 1.01343E+04
125.0 9.88704E+03
125.5 9.63940E+03
126.0 9.39143E+03
126.5 9.14317E+03
127.0 8.89464E+03
127.5 8.64588E+03
128.0 8.39691E+03
128.5 8.14777E+03
129.0 7.89848E+03
129.5 7.64907E+03
130.0 7.39957E+03
130.5 7.15001E+03
131.0 6.90040E+03
131.5 6.65080E+03
132.0 6.40120E+03
132.5 6.15165E+03
133.0 5.90218E+03
133.5 5.65279E+03
134.0 5.40353E+03
134.5 5.15442E+03
135.0 4.90548E+03
135.5 4.65674E+03
136.0 4.40823E+03
136.5 4.15995E+03
137.0 3.91195E+03
137.5 3.66425E+03
138.0 3.41687E+03
138.5 3.16983E+03
139.0 2.92316E+03
139.5 2.67687E+03
140.0 2.43100E+03
140.5 2.18557E+03
141.0 1.94060E+03
141.5 1.69611E+03
142.0 1.45212E+03
142.5 1.20866E+03
143.0 9.65748E+02
143.5 7.23407E+02
144.0 4.81659E+02
144.5 2.40525E+02
145.0 2.00281E+01
