145K17D0W2
  0.5 0.00000E+00
  1.0 0.00000E+00
  1.5 0.00000E+00
  2.0 0.00000E+00
  2.5 0.00000E+00
  3.0 0.00000E+00
  3.5 2.41748E+04
  4.0 3.17235E+04
  4.5 3.96371E+04
  5.0 4.79061E+04
  5.5 5.65276E+04
  6.0 6.55016E+04
  6.5 7.48316E+04
  7.0 8.45245E+04
  7.5 9.45925E+04
  8.0 1.05055E+05
  8.5 1.12891E+06
  9.0 1.27290E+05
  9.5 1.19819E+06
 10.0 1.00129E+06
 10.5 6.00466E+04
 11.0 6.45890E+04
 11.5 1.25012E+05
 12.0 5.00076E+04
 12.5 4.67120E+04
 13.0 4.96638E+04
 13.5 5.26766E+04
 14.0 5.57521E+04
 14.5 5.88924E+04
 15.0 6.21000E+04
 15.5 6.53770E+04
 16.0 6.87259E+04
 16.5 7.21480E+04
 17.0 7.56437E+04
 17.5 7.92114E+04
 18.0 8.28471E+04
 18.5 8.65440E+04
 19.0 9.02922E+04
 19.5 9.40786E+04
 20.0 9.78871E+04
 20.5 1.01699E+05
 21.0 1.05495E+05
 21.5 1.09252E+05
 22.0 1.12947E+05
 22.5 1.16560E+05
 23.0 1.20067E+05
 23.5 1.23449E+05
 24.0 1.26687E+05
 24.5 1.29764E+05
 25.0 1.32667E+05
 25.5 1.35384E+05
 26.0 1.37905E+05
 26.5 1.40224E+05
 27.0 1.42335E+05
 27.5 1.44237E+05
 28.0 1.45930E+05
 28.5 1.47414E+05
 29.0 1.48693E+05
 29.5 1.49770E+05
 30.0 1.50653E+05
 30.5 1.51346E+05
 31.0 1.51858E+05
 31.5 1.52197E+05
 32.0 1.52369E+05
 32.5 1.52386E+05
 33.0 1.52254E+05
 33.5 1.51983E+05
 34.0 1.51582E+05
 34.5 1.51059E+05
 35.0 1.50423E+05
 35.5 1.49683E+05
 36.0 1.48847E+05
 36.5 1.47922E+05
 37.0 1.46917E+05
 37.5 1.45837E+05
 38.0 1.44691E+05
 38.5 1.43484E+05
 39.0 1.42223E+05
 39.5 1.40914E+05
 40.0 1.39561E+05
 40.5 1.38171E+05
 41.0 1.36748E+05
 41.5 1.35297E+05
 42.0 1.33821E+05
 42.5 1.32325E+05
 43.0 1.30812E+05
 43.5 1.29286E+05
 44.0 1.27749E+05
 44.5 1.26205E+05
 45.0 1.24656E+05
 45.5 1.23105E+05
 46.0 1.21554E+05
 46.5 1.20005E+05
 47.0 1.18459E+05
 47.5 1.16919E+05
 48.0 1.15385E+05
 48.5 1.13860E+05
 49.0 1.12345E+05
 49.5 1.10840E+05
 50.0 1.09347E+05
 50.5 1.07867E+05
 51.0 1.06400E+05
 51.5 1.04948E+05
 52.0 1.03510E+05
 52.5 1.02087E+05
 53.0 1.00681E+05
 53.5 9.92900E+04
 54.0 9.79161E+04
 54.5 9.65590E+04
 55.0 9.52190E+04
 55.5 9.38963E+04
 56.0 9.25909E+04
 56.5 9.13031E+04
 57.0 9.00328E+04
 57.5 8.87801E+04
 58.0 5.13355E+05
 58.5 8.63274E+04
 59.0 8.51273E+04
 59.5 8.35426E+05
 60.0 8.27793E+04
 60.5 8.16312E+04
 61.0 8.05001E+04
 61.5 7.93859E+04
 62.0 7.82884E+04
 62.5 7.72075E+04
 63.0 7.61430E+04
 63.5 7.50947E+04
 64.0 7.40624E+04
 64.5 7.30457E+04
 65.0 7.20447E+04
 65.5 7.10589E+04
 66.0 7.00883E+04
 66.5 6.91325E+04
 67.0 3.27741E+05
 67.5 6.72645E+04
 68.0 6.63519E+04
 68.5 6.54531E+04
 69.0 1.33490E+05
 69.5 6.10301E+04
 70.0 4.70827E+04
 70.5 4.67134E+04
 71.0 4.63430E+04
 71.5 4.59718E+04
 72.0 4.55999E+04
 72.5 4.52274E+04
 73.0 4.48545E+04
 73.5 4.44812E+04
 74.0 4.41077E+04
 74.5 4.37340E+04
 75.0 4.33602E+04
 75.5 4.29864E+04
 76.0 4.26128E+04
 76.5 4.22393E+04
 77.0 4.18660E+04
 77.5 4.14931E+04
 78.0 4.11205E+04
 78.5 4.07484E+04
 79.0 4.03768E+04
 79.5 4.00058E+04
 80.0 3.96353E+04
 80.5 3.92655E+04
 81.0 3.88964E+04
 81.5 3.85281E+04
 82.0 3.81605E+04
 82.5 3.77937E+04
 83.0 3.74278E+04
 83.5 3.70627E+04
 84.0 3.66986E+04
 84.5 3.63354E+04
 85.0 3.59731E+04
 85.5 3.56118E+04
 86.0 3.52515E+04
 86.5 3.48922E+04
 87.0 3.45340E+04
 87.5 3.41768E+04
 88.0 3.38207E+04
 88.5 3.34656E+04
 89.0 3.31116E+04
 89.5 3.27587E+04
 90.0 3.24069E+04
 90.5 3.20562E+04
 91.0 3.17067E+04
 91.5 3.13582E+04
 92.0 3.10109E+04
 92.5 3.06647E+04
 93.0 3.03196E+04
 93.5 2.99757E+04
 94.0 2.96328E+04
 94.5 2.92912E+04
 95.0 2.89506E+04
 95.5 2.86112E+04
 96.0 2.82729E+04
 96.5 2.79357E+04
 97.0 2.75996E+04
 97.5 2.72647E+04
 98.0 2.69309E+04
 98.5 2.65982E+04
 99.0 2.62666E+04
 99.5 2.59361E+04
100.0 2.56067E+04
100.5 2.52784E+04
101.0 2.49512E+04
101.5 2.46251E+04
102.0 2.43000E+04
102.5 2.39761E+04
103.0 2.36532E+04
103.5 2.33314E+04
104.0 2.30106E+04
104.5 2.26909E+04
105.0 2.23722E+04
105.5 2.20546E+04
106.0 2.17380E+04
106.5 2.14224E+04
107.0 2.11078E+04
107.5 2.07943E+04
108.0 2.04818E+04
108.5 2.01703E+04
109.0 1.98598E+04
109.5 1.95503E+04
110.0 1.92418E+04
110.5 1.89343E+04
111.0 1.86277E+04
111.5 1.83221E+04
112.0 1.80176E+04
112.5 1.77139E+04
113.0 1.74113E+04
113.5 1.71096E+04
114.0 1.68088E+04
114.5 1.65090E+04
115.0 1.62102E+04
115.5 1.59123E+04
116.0 1.56153E+04
116.5 1.53193E+04
117.0 1.50242E+04
117.5 1.47301E+04
118.0 1.44369E+04
118.5 1.41446E+04
119.0 1.38532E+04
119.5 1.35628E+04
120.0 1.32733E+04
120.5 1.29847E+04
121.0 1.26970E+04
121.5 1.24103E+04
122.0 1.21244E+04
122.5 1.18395E+04
123.0 1.15555E+04
123.5 1.12725E+04
124.0 1.09903E+04
124.5 1.07091E+04
125.0 1.04287E+04
125.5 1.01493E+04
126.0 9.87084E+03
126.5 9.59328E+03
127.0 9.31664E+03
127.5 9.04092E+03
128.0 8.76613E+03
128.5 8.49227E+03
129.0 8.21933E+03
129.5 7.94733E+03
130.0 7.67627E+03
130.5 7.40614E+03
131.0 7.13696E+03
131.5 6.86871E+03
132.0 6.60142E+03
132.5 6.33507E+03
133.0 6.06968E+03
133.5 5.80525E+03
134.0 5.54179E+03
134.5 5.27929E+03
135.0 5.01776E+03
135.5 4.75721E+03
136.0 4.49764E+03
136.5 4.23906E+03
137.0 3.98147E+03
137.5 3.72487E+03
138.0 3.46929E+03
138.5 3.21471E+03
139.0 2.96114E+03
139.5 2.70860E+03
140.0 2.45709E+03
140.5 2.20661E+03
141.0 1.95717E+03
141.5 1.70878E+03
142.0 1.46145E+03
142.5 1.21518E+03
143.0 9.69984E+02
143.5 7.25863E+02
144.0 4.82827E+02
144.5 2.40886E+02
145.0 2.00470E+01
