145K16D0W2
  0.5 0.00000E+00
  1.0 0.00000E+00
  1.5 0.00000E+00
  2.0 0.00000E+00
  2.5 0.00000E+00
  3.0 0.00000E+00
  3.5 2.23359E+04
  4.0 2.94382E+04
  4.5 3.68775E+04
  5.0 4.46428E+04
  5.5 5.27299E+04
  6.0 6.11379E+04
  6.5 6.98684E+04
  7.0 7.89260E+04
  7.5 8.83194E+04
  8.0 9.80627E+04
  8.5 9.30614E+05
  9.0 1.18695E+05
  9.5 1.04295E+06
 10.0 8.72777E+05
 10.5 5.60740E+04
 11.0 6.03107E+04
 11.5 1.07800E+05
 12.0 4.67023E+04
 12.5 4.36255E+04
 13.0 4.63809E+04
 13.5 4.91906E+04
 14.0 5.20559E+04
 14.5 5.49783E+04
 15.0 5.79598E+04
 15.5 6.10023E+04
 16.0 6.41077E+04
 16.5 6.72779E+04
 17.0 7.05135E+04
 17.5 7.38146E+04
 18.0 7.71790E+04
 18.5 8.06025E+04
 19.0 8.40786E+04
 19.5 8.75979E+04
 20.0 9.11482E+04
 20.5 9.47150E+04
 21.0 9.82815E+04
 21.5 1.01829E+05
 22.0 1.05339E+05
 22.5 1.08790E+05
 23.0 1.12163E+05
 23.5 1.15439E+05
 24.0 1.18600E+05
 24.5 1.21628E+05
 25.0 1.24510E+05
 25.5 1.27232E+05
 26.0 1.29783E+05
 26.5 1.32156E+05
 27.0 1.34343E+05
 27.5 1.36341E+05
 28.0 1.38147E+05
 28.5 1.39760E+05
 29.0 1.41182E+05
 29.5 1.42414E+05
 30.0 1.43461E+05
 30.5 1.44327E+05
 31.0 1.45018E+05
 31.5 1.45541E+05
 32.0 1.45901E+05
 32.5 1.46107E+05
 33.0 1.46166E+05
 33.5 1.46086E+05
 34.0 1.45876E+05
 34.5 1.45542E+05
 35.0 1.45094E+05
 35.5 1.44538E+05
 36.0 1.43882E+05
 36.5 1.43135E+05
 37.0 1.42302E+05
 37.5 1.41392E+05
 38.0 1.40411E+05
 38.5 1.39364E+05
 39.0 1.38259E+05
 39.5 1.37100E+05
 40.0 1.35894E+05
 40.5 1.34645E+05
 41.0 1.33358E+05
 41.5 1.32039E+05
 42.0 1.30690E+05
 42.5 1.29316E+05
 43.0 1.27922E+05
 43.5 1.26509E+05
 44.0 1.25082E+05
 44.5 1.23643E+05
 45.0 1.22195E+05
 45.5 1.20741E+05
 46.0 1.19283E+05
 46.5 1.17823E+05
 47.0 1.16363E+05
 47.5 1.14905E+05
 48.0 1.13451E+05
 48.5 1.12002E+05
 49.0 1.10559E+05
 49.5 1.09124E+05
 50.0 1.07698E+05
 50.5 1.06282E+05
 51.0 1.04877E+05
 51.5 1.03483E+05
 52.0 1.02102E+05
 52.5 1.00734E+05
 53.0 9.93795E+04
 53.5 9.80389E+04
 54.0 9.67129E+04
 54.5 9.54018E+04
 55.0 9.41058E+04
 55.5 9.28253E+04
 56.0 9.15605E+04
 56.5 9.03115E+04
 57.0 8.90785E+04
 57.5 8.78616E+04
 58.0 5.04565E+05
 58.5 8.54762E+04
 59.0 8.43078E+04
 59.5 8.21486E+05
 60.0 8.20193E+04
 60.5 8.08991E+04
 61.0 7.97949E+04
 61.5 7.87065E+04
 62.0 7.76339E+04
 62.5 7.65768E+04
 63.0 7.55352E+04
 63.5 7.45088E+04
 64.0 7.34976E+04
 64.5 7.25013E+04
 65.0 7.15198E+04
 65.5 7.05528E+04
 66.0 6.96002E+04
 66.5 6.86618E+04
 67.0 3.23988E+05
 67.5 6.68266E+04
 68.0 6.59294E+04
 68.5 6.50455E+04
 69.0 1.32286E+05
 69.5 6.05278E+04
 70.0 4.59880E+04
 70.5 4.56473E+04
 71.0 4.53050E+04
 71.5 4.49613E+04
 72.0 4.46162E+04
 72.5 4.42700E+04
 73.0 4.39228E+04
 73.5 4.35746E+04
 74.0 4.32256E+04
 74.5 4.28758E+04
 75.0 4.25255E+04
 75.5 4.21746E+04
 76.0 4.18232E+04
 76.5 4.14716E+04
 77.0 4.11196E+04
 77.5 4.07675E+04
 78.0 4.04152E+04
 78.5 4.00629E+04
 79.0 3.97107E+04
 79.5 3.93585E+04
 80.0 3.90064E+04
 80.5 3.86546E+04
 81.0 3.83030E+04
 81.5 3.79517E+04
 82.0 3.76008E+04
 82.5 3.72503E+04
 83.0 3.69001E+04
 83.5 3.65505E+04
 84.0 3.62014E+04
 84.5 3.58528E+04
 85.0 3.55049E+04
 85.5 3.51575E+04
 86.0 3.48107E+04
 86.5 3.44647E+04
 87.0 3.41193E+04
 87.5 3.37746E+04
 88.0 3.34307E+04
 88.5 3.30875E+04
 89.0 3.27451E+04
 89.5 3.24034E+04
 90.0 3.20626E+04
 90.5 3.17226E+04
 91.0 3.13834E+04
 91.5 3.10451E+04
 92.0 3.07076E+04
 92.5 3.03709E+04
 93.0 3.00352E+04
 93.5 2.97003E+04
 94.0 2.93663E+04
 94.5 2.90332E+04
 95.0 2.87010E+04
 95.5 2.83697E+04
 96.0 2.80393E+04
 96.5 2.77098E+04
 97.0 2.73812E+04
 97.5 2.70535E+04
 98.0 2.67268E+04
 98.5 2.64009E+04
 99.0 2.60760E+04
 99.5 2.57520E+04
100.0 2.54289E+04
100.5 2.51067E+04
101.0 2.47855E+04
101.5 2.44651E+04
102.0 2.41457E+04
102.5 2.38272E+04
103.0 2.35096E+04
103.5 2.31929E+04
104.0 2.28771E+04
104.5 2.25622E+04
105.0 2.22482E+04
105.5 2.19352E+04
106.0 2.16230E+04
106.5 2.13117E+04
107.0 2.10014E+04
107.5 2.06919E+04
108.0 2.03833E+04
108.5 2.00756E+04
109.0 1.97688E+04
109.5 1.94628E+04
110.0 1.91578E+04
110.5 1.88536E+04
111.0 1.85503E+04
111.5 1.82479E+04
112.0 1.79464E+04
112.5 1.76457E+04
113.0 1.73459E+04
113.5 1.70470E+04
114.0 1.67489E+04
114.5 1.64517E+04
115.0 1.61554E+04
115.5 1.58599E+04
116.0 1.55653E+04
116.5 1.52716E+04
117.0 1.49787E+04
117.5 1.46866E+04
118.0 1.43955E+04
118.5 1.41051E+04
119.0 1.38157E+04
119.5 1.35271E+04
120.0 1.32394E+04
120.5 1.29525E+04
121.0 1.26665E+04
121.5 1.23813E+04
122.0 1.20970E+04
122.5 1.18135E+04
123.0 1.15310E+04
123.5 1.12493E+04
124.0 1.09684E+04
124.5 1.06884E+04
125.0 1.04093E+04
125.5 1.01311E+04
126.0 9.85368E+03
126.5 9.57719E+03
127.0 9.30157E+03
127.5 9.02683E+03
128.0 8.75297E+03
128.5 8.48000E+03
129.0 8.20792E+03
129.5 7.93673E+03
130.0 7.66645E+03
130.5 7.39706E+03
131.0 7.12857E+03
131.5 6.86100E+03
132.0 6.59434E+03
132.5 6.32859E+03
133.0 6.06377E+03
133.5 5.79988E+03
134.0 5.53691E+03
134.5 5.27489E+03
135.0 5.01381E+03
135.5 4.75368E+03
136.0 4.49450E+03
136.5 4.23628E+03
137.0 3.97903E+03
137.5 3.72275E+03
138.0 3.46745E+03
138.5 3.21314E+03
139.0 2.95981E+03
139.5 2.70749E+03
140.0 2.45618E+03
140.5 2.20588E+03
141.0 1.95659E+03
141.5 1.70834E+03
142.0 1.46113E+03
142.5 1.21496E+03
143.0 9.69836E+02
143.5 7.25777E+02
144.0 4.82787E+02
144.5 2.40873E+02
145.0 2.00463E+01
