145K10D0W2
  0.5 0.00000E+00
  1.0 0.00000E+00
  1.5 0.00000E+00
  2.0 0.00000E+00
  2.5 0.00000E+00
  3.0 0.00000E+00
  3.5 1.17838E+04
  4.0 1.62629E+04
  4.5 2.09454E+04
  5.0 2.58047E+04
  5.5 3.08294E+04
  6.0 3.60140E+04
  6.5 4.13547E+04
  7.0 4.68492E+04
  7.5 5.24959E+04
  8.0 5.82942E+04
  8.5 1.64828E+05
  9.0 7.03489E+04
  9.5 2.81823E+05
 10.0 2.41864E+05
 10.5 3.33378E+04
 11.0 3.58810E+04
 11.5 4.02770E+04
 12.0 2.77685E+04
 12.5 2.59375E+04
 13.0 2.75992E+04
 13.5 2.92848E+04
 14.0 3.09942E+04
 14.5 3.27274E+04
 15.0 3.44845E+04
 15.5 3.62656E+04
 16.0 3.80708E+04
 16.5 3.99002E+04
 17.0 4.17541E+04
 17.5 4.36328E+04
 18.0 4.55366E+04
 18.5 4.74659E+04
 19.0 4.94208E+04
 19.5 5.14017E+04
 20.0 5.34082E+04
 20.5 5.54400E+04
 21.0 5.74961E+04
 21.5 5.95747E+04
 22.0 6.16735E+04
 22.5 6.37892E+04
 23.0 6.59178E+04
 23.5 6.80541E+04
 24.0 7.01924E+04
 24.5 7.23261E+04
 25.0 7.44479E+04
 25.5 7.65501E+04
 26.0 7.86248E+04
 26.5 8.06638E+04
 27.0 8.26590E+04
 27.5 8.46025E+04
 28.0 8.64869E+04
 28.5 8.83049E+04
 29.0 9.00500E+04
 29.5 9.17166E+04
 30.0 9.32992E+04
 30.5 9.47938E+04
 31.0 9.61964E+04
 31.5 9.75044E+04
 32.0 9.87156E+04
 32.5 9.98286E+04
 33.0 1.00843E+05
 33.5 1.01758E+05
 34.0 1.02575E+05
 34.5 1.03294E+05
 35.0 1.03918E+05
 35.5 1.04447E+05
 36.0 1.04885E+05
 36.5 1.05234E+05
 37.0 1.05496E+05
 37.5 1.05676E+05
 38.0 1.05776E+05
 38.5 1.05799E+05
 39.0 1.05749E+05
 39.5 1.05629E+05
 40.0 1.05443E+05
 40.5 1.05195E+05
 41.0 1.04888E+05
 41.5 1.04526E+05
 42.0 1.04111E+05
 42.5 1.03647E+05
 43.0 1.03138E+05
 43.5 1.02586E+05
 44.0 1.01996E+05
 44.5 1.01368E+05
 45.0 1.00707E+05
 45.5 1.00015E+05
 46.0 9.92954E+04
 46.5 9.85494E+04
 47.0 9.77801E+04
 47.5 9.69895E+04
 48.0 9.61799E+04
 48.5 9.53532E+04
 49.0 9.45113E+04
 49.5 9.36561E+04
 50.0 9.27892E+04
 50.5 9.19122E+04
 51.0 9.10266E+04
 51.5 9.01339E+04
 52.0 8.92352E+04
 52.5 8.83320E+04
 53.0 8.74252E+04
 53.5 8.65160E+04
 54.0 8.56053E+04
 54.5 8.46941E+04
 55.0 8.37834E+04
 55.5 8.28737E+04
 56.0 8.19658E+04
 56.5 8.10605E+04
 57.0 8.01583E+04
 57.5 7.92599E+04
 58.0 4.24305E+05
 58.5 7.74762E+04
 59.0 7.65919E+04
 59.5 6.93624E+05
 60.0 7.48403E+04
 60.5 7.39736E+04
 61.0 7.31135E+04
 61.5 7.22602E+04
 62.0 7.14138E+04
 62.5 7.05747E+04
 63.0 6.97430E+04
 63.5 6.89188E+04
 64.0 6.81022E+04
 64.5 6.72935E+04
 65.0 6.64926E+04
 65.5 6.56998E+04
 66.0 6.49148E+04
 66.5 6.41380E+04
 67.0 2.88608E+05
 67.5 6.26087E+04
 68.0 6.18561E+04
 68.5 6.11118E+04
 69.0 1.20826E+05
 69.5 5.58866E+04
 70.0 3.66602E+04
 70.5 3.65336E+04
 71.0 3.64023E+04
 71.5 3.62664E+04
 72.0 3.61259E+04
 72.5 3.59809E+04
 73.0 3.58316E+04
 73.5 3.56781E+04
 74.0 3.55204E+04
 74.5 3.53587E+04
 75.0 3.51931E+04
 75.5 3.50236E+04
 76.0 3.48504E+04
 76.5 3.46736E+04
 77.0 3.44932E+04
 77.5 3.43094E+04
 78.0 3.41222E+04
 78.5 3.39318E+04
 79.0 3.37381E+04
 79.5 3.35414E+04
 80.0 3.33418E+04
 80.5 3.31392E+04
 81.0 3.29338E+04
 81.5 3.27256E+04
 82.0 3.25148E+04
 82.5 3.23014E+04
 83.0 3.20855E+04
 83.5 3.18672E+04
 84.0 3.16466E+04
 84.5 3.14236E+04
 85.0 3.11985E+04
 85.5 3.09713E+04
 86.0 3.07420E+04
 86.5 3.05107E+04
 87.0 3.02775E+04
 87.5 3.00424E+04
 88.0 2.98055E+04
 88.5 2.95669E+04
 89.0 2.93266E+04
 89.5 2.90847E+04
 90.0 2.88413E+04
 90.5 2.85963E+04
 91.0 2.83499E+04
 91.5 2.81021E+04
 92.0 2.78529E+04
 92.5 2.76025E+04
 93.0 2.73508E+04
 93.5 2.70979E+04
 94.0 2.68439E+04
 94.5 2.65888E+04
 95.0 2.63326E+04
 95.5 2.60754E+04
 96.0 2.58172E+04
 96.5 2.55581E+04
 97.0 2.52981E+04
 97.5 2.50373E+04
 98.0 2.47756E+04
 98.5 2.45132E+04
 99.0 2.42500E+04
 99.5 2.39862E+04
100.0 2.37216E+04
100.5 2.34564E+04
101.0 2.31907E+04
101.5 2.29243E+04
102.0 2.26574E+04
102.5 2.23900E+04
103.0 2.21221E+04
103.5 2.18538E+04
104.0 2.15850E+04
104.5 2.13159E+04
105.0 2.10464E+04
105.5 2.07765E+04
106.0 2.05063E+04
106.5 2.02359E+04
107.0 1.99652E+04
107.5 1.96942E+04
108.0 1.94230E+04
108.5 1.91516E+04
109.0 1.88801E+04
109.5 1.86084E+04
110.0 1.83366E+04
110.5 1.80646E+04
111.0 1.77926E+04
111.5 1.75205E+04
112.0 1.72484E+04
112.5 1.69763E+04
113.0 1.67041E+04
113.5 1.64320E+04
114.0 1.61599E+04
114.5 1.58878E+04
115.0 1.56158E+04
115.5 1.53439E+04
116.0 1.50721E+04
116.5 1.48004E+04
117.0 1.45289E+04
117.5 1.42575E+04
118.0 1.39863E+04
118.5 1.37152E+04
119.0 1.34444E+04
119.5 1.31738E+04
120.0 1.29034E+04
120.5 1.26333E+04
121.0 1.23635E+04
121.5 1.20939E+04
122.0 1.18246E+04
122.5 1.15556E+04
123.0 1.12870E+04
123.5 1.10187E+04
124.0 1.07508E+04
124.5 1.04832E+04
125.0 1.02160E+04
125.5 9.94921E+03
126.0 9.68283E+03
126.5 9.41688E+03
127.0 9.15137E+03
127.5 8.88631E+03
128.0 8.62172E+03
128.5 8.35761E+03
129.0 8.09400E+03
129.5 7.83090E+03
130.0 7.56831E+03
130.5 7.30627E+03
131.0 7.04477E+03
131.5 6.78384E+03
132.0 6.52349E+03
132.5 6.26372E+03
133.0 6.00456E+03
133.5 5.74601E+03
134.0 5.48809E+03
134.5 5.23082E+03
135.0 4.97420E+03
135.5 4.71825E+03
136.0 4.46298E+03
136.5 4.20841E+03
137.0 3.95455E+03
137.5 3.70141E+03
138.0 3.44901E+03
138.5 3.19735E+03
139.0 2.94646E+03
139.5 2.69635E+03
140.0 2.44702E+03
140.5 2.19849E+03
141.0 1.95078E+03
141.5 1.70390E+03
142.0 1.45786E+03
142.5 1.21267E+03
143.0 9.68352E+02
143.5 7.24917E+02
144.0 4.82378E+02
144.5 2.40747E+02
145.0 2.00397E+01
