145K11D0W2
  0.5 0.00000E+00
  1.0 0.00000E+00
  1.5 0.00000E+00
  2.0 0.00000E+00
  2.5 0.00000E+00
  3.0 0.00000E+00
  3.5 1.34847E+04
  4.0 1.83986E+04
  4.5 2.35334E+04
  5.0 2.88661E+04
  5.5 3.43871E+04
  6.0 4.00914E+04
  6.5 4.59759E+04
  7.0 5.20386E+04
  7.5 5.82788E+04
  8.0 6.46970E+04
  8.5 2.38262E+05
  9.0 7.80776E+04
  9.5 3.79218E+05
 10.0 3.22824E+05
 10.5 3.70135E+04
 11.0 3.98245E+04
 11.5 4.75205E+04
 12.0 3.08312E+04
 12.5 2.87995E+04
 13.0 3.06348E+04
 13.5 3.24981E+04
 14.0 3.43894E+04
 14.5 3.63088E+04
 15.0 3.82566E+04
 15.5 4.02331E+04
 16.0 4.22384E+04
 16.5 4.42731E+04
 17.0 4.63375E+04
 17.5 4.84323E+04
 18.0 5.05579E+04
 18.5 5.27147E+04
 19.0 5.49030E+04
 19.5 5.71226E+04
 20.0 5.93729E+04
 20.5 6.16527E+04
 21.0 6.39595E+04
 21.5 6.62901E+04
 22.0 6.86404E+04
 22.5 7.10047E+04
 23.0 7.33767E+04
 23.5 7.57487E+04
 24.0 7.81124E+04
 24.5 8.04587E+04
 25.0 8.27782E+04
 25.5 8.50610E+04
 26.0 8.72975E+04
 26.5 8.94779E+04
 27.0 9.15932E+04
 27.5 9.36348E+04
 28.0 9.55946E+04
 28.5 9.74654E+04
 29.0 9.92412E+04
 29.5 1.00917E+05
 30.0 1.02487E+05
 30.5 1.03949E+05
 31.0 1.05300E+05
 31.5 1.06539E+05
 32.0 1.07664E+05
 32.5 1.08676E+05
 33.0 1.09576E+05
 33.5 1.10364E+05
 34.0 1.11043E+05
 34.5 1.11614E+05
 35.0 1.12082E+05
 35.5 1.12448E+05
 36.0 1.12716E+05
 36.5 1.12891E+05
 37.0 1.12976E+05
 37.5 1.12975E+05
 38.0 1.12891E+05
 38.5 1.12730E+05
 39.0 1.12496E+05
 39.5 1.12192E+05
 40.0 1.11823E+05
 40.5 1.11392E+05
 41.0 1.10905E+05
 41.5 1.10364E+05
 42.0 1.09773E+05
 42.5 1.09136E+05
 43.0 1.08457E+05
 43.5 1.07739E+05
 44.0 1.06985E+05
 44.5 1.06197E+05
 45.0 1.05381E+05
 45.5 1.04537E+05
 46.0 1.03668E+05
 46.5 1.02778E+05
 47.0 1.01868E+05
 47.5 1.00941E+05
 48.0 9.99991E+04
 48.5 9.90437E+04
 49.0 9.80770E+04
 49.5 9.71009E+04
 50.0 9.61168E+04
 50.5 9.51263E+04
 51.0 9.41308E+04
 51.5 9.31317E+04
 52.0 9.21303E+04
 52.5 9.11276E+04
 53.0 9.01247E+04
 53.5 8.91226E+04
 54.0 8.81222E+04
 54.5 8.71243E+04
 55.0 8.61298E+04
 55.5 8.51392E+04
 56.0 8.41534E+04
 56.5 8.31727E+04
 57.0 8.21979E+04
 57.5 8.12292E+04
 58.0 4.42340E+05
 58.5 7.93125E+04
 59.0 7.83651E+04
 59.5 7.22449E+05
 60.0 7.64940E+04
 60.5 7.55708E+04
 61.0 7.46560E+04
 61.5 7.37500E+04
 62.0 7.28528E+04
 62.5 7.19647E+04
 63.0 7.10856E+04
 63.5 7.02158E+04
 64.0 6.93552E+04
 64.5 6.85040E+04
 65.0 6.76622E+04
 65.5 6.68297E+04
 66.0 6.60067E+04
 66.5 6.51930E+04
 67.0 2.96745E+05
 67.5 6.35938E+04
 68.0 6.28082E+04
 68.5 6.20319E+04
 69.0 1.23480E+05
 69.5 5.69408E+04
 70.0 3.86526E+04
 70.5 3.84852E+04
 71.0 3.83133E+04
 71.5 3.81372E+04
 72.0 3.79569E+04
 72.5 3.77727E+04
 73.0 3.75845E+04
 73.5 3.73926E+04
 74.0 3.71970E+04
 74.5 3.69978E+04
 75.0 3.67952E+04
 75.5 3.65893E+04
 76.0 3.63801E+04
 76.5 3.61678E+04
 77.0 3.59525E+04
 77.5 3.57342E+04
 78.0 3.55132E+04
 78.5 3.52894E+04
 79.0 3.50630E+04
 79.5 3.48340E+04
 80.0 3.46026E+04
 80.5 3.43688E+04
 81.0 3.41327E+04
 81.5 3.38945E+04
 82.0 3.36541E+04
 82.5 3.34117E+04
 83.0 3.31673E+04
 83.5 3.29210E+04
 84.0 3.26729E+04
 84.5 3.24231E+04
 85.0 3.21716E+04
 85.5 3.19185E+04
 86.0 3.16638E+04
 86.5 3.14077E+04
 87.0 3.11502E+04
 87.5 3.08912E+04
 88.0 3.06310E+04
 88.5 3.03696E+04
 89.0 3.01069E+04
 89.5 2.98431E+04
 90.0 2.95782E+04
 90.5 2.93123E+04
 91.0 2.90454E+04
 91.5 2.87776E+04
 92.0 2.85088E+04
 92.5 2.82392E+04
 93.0 2.79689E+04
 93.5 2.76977E+04
 94.0 2.74258E+04
 94.5 2.71532E+04
 95.0 2.68800E+04
 95.5 2.66061E+04
 96.0 2.63317E+04
 96.5 2.60568E+04
 97.0 2.57813E+04
 97.5 2.55053E+04
 98.0 2.52289E+04
 98.5 2.49521E+04
 99.0 2.46749E+04
 99.5 2.43974E+04
100.0 2.41195E+04
100.5 2.38413E+04
101.0 2.35629E+04
101.5 2.32842E+04
102.0 2.30053E+04
102.5 2.27262E+04
103.0 2.24469E+04
103.5 2.21674E+04
104.0 2.18879E+04
104.5 2.16082E+04
105.0 2.13284E+04
105.5 2.10486E+04
106.0 2.07687E+04
106.5 2.04888E+04
107.0 2.02089E+04
107.5 1.99291E+04
108.0 1.96492E+04
108.5 1.93694E+04
109.0 1.90896E+04
109.5 1.88100E+04
110.0 1.85304E+04
110.5 1.82510E+04
111.0 1.79717E+04
111.5 1.76925E+04
112.0 1.74135E+04
112.5 1.71347E+04
113.0 1.68561E+04
113.5 1.65776E+04
114.0 1.62994E+04
114.5 1.60215E+04
115.0 1.57438E+04
115.5 1.54663E+04
116.0 1.51892E+04
116.5 1.49123E+04
117.0 1.46357E+04
117.5 1.43595E+04
118.0 1.40836E+04
118.5 1.38080E+04
119.0 1.35328E+04
119.5 1.32579E+04
120.0 1.29834E+04
120.5 1.27093E+04
121.0 1.24357E+04
121.5 1.21624E+04
122.0 1.18896E+04
122.5 1.16172E+04
123.0 1.13452E+04
123.5 1.10737E+04
124.0 1.08027E+04
124.5 1.05322E+04
125.0 1.02622E+04
125.5 9.99267E+03
126.0 9.72368E+03
126.5 9.45522E+03
127.0 9.18730E+03
127.5 8.91994E+03
128.0 8.65314E+03
128.5 8.38692E+03
129.0 8.12129E+03
129.5 7.85625E+03
130.0 7.59183E+03
130.5 7.32803E+03
131.0 7.06487E+03
131.5 6.80235E+03
132.0 6.54048E+03
132.5 6.27929E+03
133.0 6.01877E+03
133.5 5.75894E+03
134.0 5.49981E+03
134.5 5.24140E+03
135.0 4.98372E+03
135.5 4.72676E+03
136.0 4.47056E+03
136.5 4.21511E+03
137.0 3.96044E+03
137.5 3.70654E+03
138.0 3.45345E+03
138.5 3.20115E+03
139.0 2.94968E+03
139.5 2.69903E+03
140.0 2.44922E+03
140.5 2.20027E+03
141.0 1.95218E+03
141.5 1.70497E+03
142.0 1.45864E+03
142.5 1.21322E+03
143.0 9.68710E+02
143.5 7.25125E+02
144.0 4.82476E+02
144.5 2.40778E+02
145.0 2.00413E+01
