145K18D0W2
  0.5 0.00000E+00
  1.0 0.00000E+00
  1.5 0.00000E+00
  2.0 0.00000E+00
  2.5 0.00000E+00
  3.0 0.00000E+00
  3.5 2.60380E+04
  4.0 3.40376E+04
  4.5 4.24312E+04
  5.0 5.12111E+04
  5.5 6.03752E+04
  6.0 6.99252E+04
  6.5 7.98664E+04
  7.0 9.02089E+04
  7.5 1.00969E+05
  8.0 1.12173E+05
  8.5 1.34374E+06
  9.0 1.36073E+05
  9.5 1.35742E+06
 10.0 1.13312E+06
 10.5 6.40815E+04
 11.0 6.89378E+04
 11.5 1.43864E+05
 12.0 5.33640E+04
 12.5 4.98457E+04
 13.0 5.29988E+04
 13.5 5.62202E+04
 14.0 5.95121E+04
 14.5 6.28771E+04
 15.0 6.63183E+04
 15.5 6.98382E+04
 16.0 7.34391E+04
 16.5 7.71220E+04
 17.0 8.08860E+04
 17.5 8.47276E+04
 18.0 8.86400E+04
 18.5 9.26133E+04
 19.0 9.66335E+04
 19.5 1.00684E+05
 20.0 1.04743E+05
 20.5 1.08790E+05
 21.0 1.12800E+05
 21.5 1.16747E+05
 22.0 1.20608E+05
 22.5 1.24357E+05
 23.0 1.27972E+05
 23.5 1.31433E+05
 24.0 1.34720E+05
 24.5 1.37818E+05
 25.0 1.40715E+05
 25.5 1.43399E+05
 26.0 1.45863E+05
 26.5 1.48102E+05
 27.0 1.50114E+05
 27.5 1.51899E+05
 28.0 1.53459E+05
 28.5 1.54796E+05
 29.0 1.55916E+05
 29.5 1.56826E+05
 30.0 1.57532E+05
 30.5 1.58044E+05
 31.0 1.58369E+05
 31.5 1.58517E+05
 32.0 1.58498E+05
 32.5 1.58322E+05
 33.0 1.57997E+05
 33.5 1.57535E+05
 34.0 1.56944E+05
 34.5 1.56235E+05
 35.0 1.55415E+05
 35.5 1.54495E+05
 36.0 1.53482E+05
 36.5 1.52384E+05
 37.0 1.51211E+05
 37.5 1.49968E+05
 38.0 1.48663E+05
 38.5 1.47302E+05
 39.0 1.45893E+05
 39.5 1.44440E+05
 40.0 1.42948E+05
 40.5 1.41424E+05
 41.0 1.39872E+05
 41.5 1.38296E+05
 42.0 1.36701E+05
 42.5 1.35089E+05
 43.0 1.33466E+05
 43.5 1.31833E+05
 44.0 1.30194E+05
 44.5 1.28552E+05
 45.0 1.26909E+05
 45.5 1.25267E+05
 46.0 1.23629E+05
 46.5 1.21997E+05
 47.0 1.20371E+05
 47.5 1.18755E+05
 48.0 1.17148E+05
 48.5 1.15553E+05
 49.0 1.13970E+05
 49.5 1.12401E+05
 50.0 1.10847E+05
 50.5 1.09307E+05
 51.0 1.07784E+05
 51.5 1.06277E+05
 52.0 1.04787E+05
 52.5 1.03314E+05
 53.0 1.01860E+05
 53.5 1.00424E+05
 54.0 9.90060E+04
 54.5 9.76069E+04
 55.0 9.62266E+04
 55.5 9.48652E+04
 56.0 9.35229E+04
 56.5 9.21995E+04
 57.0 9.08953E+04
 57.5 8.96099E+04
 58.0 5.21332E+05
 58.5 8.70959E+04
 59.0 8.58671E+04
 59.5 8.48067E+05
 60.0 8.34649E+04
 60.5 8.22914E+04
 61.0 8.11358E+04
 61.5 7.99983E+04
 62.0 7.88783E+04
 62.5 7.77758E+04
 63.0 7.66906E+04
 63.5 7.56223E+04
 64.0 7.45708E+04
 64.5 7.35358E+04
 65.0 7.25171E+04
 65.5 7.15143E+04
 66.0 7.05273E+04
 66.5 6.95558E+04
 67.0 3.31128E+05
 67.5 6.76582E+04
 68.0 6.67316E+04
 68.5 6.58194E+04
 69.0 1.34575E+05
 69.5 6.14852E+04
 70.0 4.80888E+04
 70.5 4.76925E+04
 71.0 4.72958E+04
 71.5 4.68988E+04
 72.0 4.65018E+04
 72.5 4.61048E+04
 73.0 4.57079E+04
 73.5 4.53111E+04
 74.0 4.49147E+04
 74.5 4.45186E+04
 75.0 4.41231E+04
 75.5 4.37280E+04
 76.0 4.33336E+04
 76.5 4.29398E+04
 77.0 4.25468E+04
 77.5 4.21546E+04
 78.0 4.17633E+04
 78.5 4.13728E+04
 79.0 4.09834E+04
 79.5 4.05949E+04
 80.0 4.02074E+04
 80.5 3.98211E+04
 81.0 3.94359E+04
 81.5 3.90518E+04
 82.0 3.86689E+04
 82.5 3.82872E+04
 83.0 3.79067E+04
 83.5 3.75275E+04
 84.0 3.71495E+04
 84.5 3.67729E+04
 85.0 3.63975E+04
 85.5 3.60235E+04
 86.0 3.56508E+04
 86.5 3.52794E+04
 87.0 3.49094E+04
 87.5 3.45408E+04
 88.0 3.41735E+04
 88.5 3.38076E+04
 89.0 3.34430E+04
 89.5 3.30799E+04
 90.0 3.27181E+04
 90.5 3.23577E+04
 91.0 3.19986E+04
 91.5 3.16410E+04
 92.0 3.12847E+04
 92.5 3.09298E+04
 93.0 3.05762E+04
 93.5 3.02240E+04
 94.0 2.98732E+04
 94.5 2.95237E+04
 95.0 2.91756E+04
 95.5 2.88288E+04
 96.0 2.84833E+04
 96.5 2.81392E+04
 97.0 2.77963E+04
 97.5 2.74548E+04
 98.0 2.71146E+04
 98.5 2.67757E+04
 99.0 2.64381E+04
 99.5 2.61017E+04
100.0 2.57667E+04
100.5 2.54328E+04
101.0 2.51003E+04
101.5 2.47689E+04
102.0 2.44388E+04
102.5 2.41099E+04
103.0 2.37822E+04
103.5 2.34558E+04
104.0 2.31305E+04
104.5 2.28064E+04
105.0 2.24835E+04
105.5 2.21617E+04
106.0 2.18412E+04
106.5 2.15217E+04
107.0 2.12034E+04
107.5 2.08863E+04
108.0 2.05702E+04
108.5 2.02553E+04
109.0 1.99415E+04
109.5 1.96287E+04
110.0 1.93171E+04
110.5 1.90066E+04
111.0 1.86971E+04
111.5 1.83887E+04
112.0 1.80814E+04
112.5 1.77751E+04
113.0 1.74698E+04
113.5 1.71657E+04
114.0 1.68625E+04
114.5 1.65604E+04
115.0 1.62593E+04
115.5 1.59592E+04
116.0 1.56601E+04
116.5 1.53621E+04
117.0 1.50650E+04
117.5 1.47690E+04
118.0 1.44739E+04
118.5 1.41799E+04
119.0 1.38868E+04
119.5 1.35947E+04
120.0 1.33036E+04
120.5 1.30135E+04
121.0 1.27244E+04
121.5 1.24362E+04
122.0 1.21490E+04
122.5 1.18628E+04
123.0 1.15775E+04
123.5 1.12932E+04
124.0 1.10099E+04
124.5 1.07275E+04
125.0 1.04461E+04
125.5 1.01657E+04
126.0 9.88617E+03
126.5 9.60766E+03
127.0 9.33010E+03
127.5 9.05351E+03
128.0 8.77788E+03
128.5 8.50322E+03
129.0 8.22953E+03
129.5 7.95680E+03
130.0 7.68504E+03
130.5 7.41425E+03
131.0 7.14444E+03
131.5 6.87560E+03
132.0 6.60774E+03
132.5 6.34086E+03
133.0 6.07496E+03
133.5 5.81006E+03
134.0 5.54614E+03
134.5 5.28321E+03
135.0 5.02129E+03
135.5 4.76036E+03
136.0 4.50044E+03
136.5 4.24153E+03
137.0 3.98364E+03
137.5 3.72677E+03
138.0 3.47092E+03
138.5 3.21611E+03
139.0 2.96233E+03
139.5 2.70959E+03
140.0 2.45790E+03
140.5 2.20727E+03
141.0 1.95769E+03
141.5 1.70918E+03
142.0 1.46174E+03
142.5 1.21539E+03
143.0 9.70115E+02
143.5 7.25939E+02
144.0 4.82864E+02
144.5 2.40897E+02
145.0 2.00475E+01
