145K15D0W2
  0.5 0.00000E+00
  1.0 0.00000E+00
  1.5 0.00000E+00
  2.0 0.00000E+00
  2.5 0.00000E+00
  3.0 0.00000E+00
  3.5 2.05205E+04
  4.0 2.71802E+04
  4.5 3.41504E+04
  5.0 4.14185E+04
  5.5 4.89791E+04
  6.0 5.68303E+04
  6.5 6.49724E+04
  7.0 7.34079E+04
  7.5 8.21427E+04
  8.0 9.11868E+04
  8.5 7.50500E+05
  9.0 1.10272E+05
  9.5 8.93009E+05
 10.0 7.48639E+05
 10.5 5.21599E+04
 11.0 5.60984E+04
 11.5 9.22934E+04
 12.0 4.34446E+04
 12.5 4.05832E+04
 13.0 4.31467E+04
 13.5 4.57583E+04
 14.0 4.84190E+04
 14.5 5.11300E+04
 15.0 5.38925E+04
 15.5 5.67082E+04
 16.0 5.95787E+04
 16.5 6.25055E+04
 17.0 6.54898E+04
 17.5 6.85323E+04
 18.0 7.16322E+04
 18.5 7.47873E+04
 19.0 7.79937E+04
 19.5 8.12450E+04
 20.0 8.45327E+04
 20.5 8.78458E+04
 21.0 9.11712E+04
 21.5 9.44941E+04
 22.0 9.77982E+04
 22.5 1.01066E+05
 23.0 1.04280E+05
 23.5 1.07423E+05
 24.0 1.10478E+05
 24.5 1.13427E+05
 25.0 1.16258E+05
 25.5 1.18955E+05
 26.0 1.21508E+05
 26.5 1.23907E+05
 27.0 1.26144E+05
 27.5 1.28213E+05
 28.0 1.30110E+05
 28.5 1.31831E+05
 29.0 1.33377E+05
 29.5 1.34748E+05
 30.0 1.35945E+05
 30.5 1.36971E+05
 31.0 1.37830E+05
 31.5 1.38528E+05
 32.0 1.39069E+05
 32.5 1.39460E+05
 33.0 1.39707E+05
 33.5 1.39816E+05
 34.0 1.39796E+05
 34.5 1.39652E+05
 35.0 1.39392E+05
 35.5 1.39022E+05
 36.0 1.38552E+05
 36.5 1.37986E+05
 37.0 1.37332E+05
 37.5 1.36596E+05
 38.0 1.35786E+05
 38.5 1.34906E+05
 39.0 1.33963E+05
 39.5 1.32962E+05
 40.0 1.31909E+05
 40.5 1.30809E+05
 41.0 1.29667E+05
 41.5 1.28486E+05
 42.0 1.27273E+05
 42.5 1.26029E+05
 43.0 1.24760E+05
 43.5 1.23469E+05
 44.0 1.22158E+05
 44.5 1.20832E+05
 45.0 1.19492E+05
 45.5 1.18143E+05
 46.0 1.16785E+05
 46.5 1.15421E+05
 47.0 1.14054E+05
 47.5 1.12686E+05
 48.0 1.11317E+05
 48.5 1.09950E+05
 49.0 1.08587E+05
 49.5 1.07228E+05
 50.0 1.05875E+05
 50.5 1.04529E+05
 51.0 1.03191E+05
 51.5 1.01862E+05
 52.0 1.00543E+05
 52.5 9.92339E+04
 53.0 9.79363E+04
 53.5 9.66505E+04
 54.0 9.53769E+04
 54.5 9.41162E+04
 55.0 9.28687E+04
 55.5 9.16346E+04
 56.0 9.04144E+04
 56.5 8.92083E+04
 57.0 8.80164E+04
 57.5 8.68389E+04
 58.0 4.94826E+05
 58.5 8.45278E+04
 59.0 8.33943E+04
 59.5 8.06026E+05
 60.0 8.11716E+04
 60.5 8.00824E+04
 61.0 7.90079E+04
 61.5 7.79481E+04
 62.0 7.69029E+04
 62.5 7.58723E+04
 63.0 7.48560E+04
 63.5 7.38541E+04
 64.0 7.28663E+04
 64.5 7.18926E+04
 65.0 7.09327E+04
 65.5 6.99867E+04
 66.0 6.90541E+04
 66.5 6.81350E+04
 67.0 3.19804E+05
 67.5 6.63363E+04
 68.0 6.54563E+04
 68.5 6.45890E+04
 69.0 1.30941E+05
 69.5 5.99703E+04
 70.0 4.47922E+04
 70.5 4.44820E+04
 71.0 4.41696E+04
 71.5 4.38552E+04
 72.0 4.35388E+04
 72.5 4.32207E+04
 73.0 4.29010E+04
 73.5 4.25797E+04
 74.0 4.22570E+04
 74.5 4.19331E+04
 75.0 4.16079E+04
 75.5 4.12817E+04
 76.0 4.09544E+04
 76.5 4.06263E+04
 77.0 4.02974E+04
 77.5 3.99678E+04
 78.0 3.96375E+04
 78.5 3.93067E+04
 79.0 3.89754E+04
 79.5 3.86437E+04
 80.0 3.83116E+04
 80.5 3.79793E+04
 81.0 3.76468E+04
 81.5 3.73141E+04
 82.0 3.69813E+04
 82.5 3.66485E+04
 83.0 3.63157E+04
 83.5 3.59829E+04
 84.0 3.56502E+04
 84.5 3.53177E+04
 85.0 3.49853E+04
 85.5 3.46532E+04
 86.0 3.43213E+04
 86.5 3.39898E+04
 87.0 3.36585E+04
 87.5 3.33276E+04
 88.0 3.29971E+04
 88.5 3.26669E+04
 89.0 3.23373E+04
 89.5 3.20080E+04
 90.0 3.16793E+04
 90.5 3.13510E+04
 91.0 3.10233E+04
 91.5 3.06961E+04
 92.0 3.03695E+04
 92.5 3.00435E+04
 93.0 2.97180E+04
 93.5 2.93932E+04
 94.0 2.90689E+04
 94.5 2.87453E+04
 95.0 2.84224E+04
 95.5 2.81001E+04
 96.0 2.77784E+04
 96.5 2.74574E+04
 97.0 2.71371E+04
 97.5 2.68175E+04
 98.0 2.64986E+04
 98.5 2.61804E+04
 99.0 2.58628E+04
 99.5 2.55460E+04
100.0 2.52299E+04
100.5 2.49146E+04
101.0 2.45999E+04
101.5 2.42860E+04
102.0 2.39728E+04
102.5 2.36604E+04
103.0 2.33487E+04
103.5 2.30377E+04
104.0 2.27275E+04
104.5 2.24180E+04
105.0 2.21093E+04
105.5 2.18013E+04
106.0 2.14941E+04
106.5 2.11876E+04
107.0 2.08819E+04
107.5 2.05769E+04
108.0 2.02727E+04
108.5 1.99693E+04
109.0 1.96666E+04
109.5 1.93646E+04
110.0 1.90635E+04
110.5 1.87631E+04
111.0 1.84634E+04
111.5 1.81645E+04
112.0 1.78664E+04
112.5 1.75690E+04
113.0 1.72725E+04
113.5 1.69766E+04
114.0 1.66816E+04
114.5 1.63873E+04
115.0 1.60938E+04
115.5 1.58010E+04
116.0 1.55090E+04
116.5 1.52178E+04
117.0 1.49274E+04
117.5 1.46377E+04
118.0 1.43489E+04
118.5 1.40608E+04
119.0 1.37734E+04
119.5 1.34869E+04
120.0 1.32012E+04
120.5 1.29162E+04
121.0 1.26320E+04
121.5 1.23487E+04
122.0 1.20661E+04
122.5 1.17843E+04
123.0 1.15033E+04
123.5 1.12231E+04
124.0 1.09437E+04
124.5 1.06652E+04
125.0 1.03874E+04
125.5 1.01105E+04
126.0 9.83435E+03
126.5 9.55905E+03
127.0 9.28458E+03
127.5 9.01094E+03
128.0 8.73814E+03
128.5 8.46618E+03
129.0 8.19506E+03
129.5 7.92479E+03
130.0 7.65537E+03
130.5 7.38682E+03
131.0 7.11912E+03
131.5 6.85230E+03
132.0 6.58635E+03
132.5 6.32128E+03
133.0 6.05710E+03
133.5 5.79381E+03
134.0 5.53142E+03
134.5 5.26993E+03
135.0 5.00935E+03
135.5 4.74969E+03
136.0 4.49095E+03
136.5 4.23315E+03
137.0 3.97628E+03
137.5 3.72035E+03
138.0 3.46538E+03
138.5 3.21136E+03
139.0 2.95832E+03
139.5 2.70624E+03
140.0 2.45515E+03
140.5 2.20505E+03
141.0 1.95594E+03
141.5 1.70784E+03
142.0 1.46076E+03
142.5 1.21470E+03
143.0 9.69670E+02
143.5 7.25681E+02
144.0 4.82741E+02
144.5 2.40859E+02
145.0 2.00456E+01
