145K21D0W2
  0.5 0.00000E+00
  1.0 0.00000E+00
  1.5 0.00000E+00
  2.0 0.00000E+00
  2.5 0.00000E+00
  3.0 0.00000E+00
  3.5 3.17849E+04
  4.0 4.11695E+04
  4.5 5.10435E+04
  5.0 6.14035E+04
  5.5 7.22520E+04
  6.0 8.35966E+04
  6.5 9.54510E+04
  7.0 1.07838E+05
  7.5 1.20794E+05
  8.0 1.34371E+05
  8.5 2.07084E+06
  9.0 1.63680E+05
  9.5 1.84903E+06
 10.0 1.54024E+06
 10.5 7.66055E+04
 11.0 8.24590E+04
 11.5 2.09401E+05
 12.0 6.37755E+04
 12.5 5.95630E+04
 13.0 6.33533E+04
 13.5 6.72377E+04
 14.0 7.12204E+04
 14.5 7.53059E+04
 15.0 7.94981E+04
 15.5 8.37992E+04
 16.0 8.82092E+04
 16.5 9.27241E+04
 17.0 9.73355E+04
 17.5 1.02030E+05
 18.0 1.06789E+05
 18.5 1.11589E+05
 19.0 1.16402E+05
 19.5 1.21197E+05
 20.0 1.25942E+05
 20.5 1.30602E+05
 21.0 1.35145E+05
 21.5 1.39538E+05
 22.0 1.43753E+05
 22.5 1.47763E+05
 23.0 1.51546E+05
 23.5 1.55082E+05
 24.0 1.58358E+05
 24.5 1.61362E+05
 25.0 1.64087E+05
 25.5 1.66529E+05
 26.0 1.68687E+05
 26.5 1.70565E+05
 27.0 1.72166E+05
 27.5 1.73497E+05
 28.0 1.74568E+05
 28.5 1.75386E+05
 29.0 1.75965E+05
 29.5 1.76315E+05
 30.0 1.76448E+05
 30.5 1.76378E+05
 31.0 1.76118E+05
 31.5 1.75679E+05
 32.0 1.75075E+05
 32.5 1.74318E+05
 33.0 1.73421E+05
 33.5 1.72394E+05
 34.0 1.71250E+05
 34.5 1.69999E+05
 35.0 1.68651E+05
 35.5 1.67216E+05
 36.0 1.65703E+05
 36.5 1.64121E+05
 37.0 1.62477E+05
 37.5 1.60781E+05
 38.0 1.59037E+05
 38.5 1.57254E+05
 39.0 1.55436E+05
 39.5 1.53591E+05
 40.0 1.51722E+05
 40.5 1.49835E+05
 41.0 1.47935E+05
 41.5 1.46025E+05
 42.0 1.44108E+05
 42.5 1.42189E+05
 43.0 1.40271E+05
 43.5 1.38356E+05
 44.0 1.36446E+05
 44.5 1.34545E+05
 45.0 1.32654E+05
 45.5 1.30775E+05
 46.0 1.28910E+05
 46.5 1.27060E+05
 47.0 1.25227E+05
 47.5 1.23411E+05
 48.0 1.21614E+05
 48.5 1.19837E+05
 49.0 1.18080E+05
 49.5 1.16345E+05
 50.0 1.14631E+05
 50.5 1.12939E+05
 51.0 1.11270E+05
 51.5 1.09623E+05
 52.0 1.08000E+05
 52.5 1.06400E+05
 53.0 1.04823E+05
 53.5 1.03270E+05
 54.0 1.01740E+05
 54.5 1.00234E+05
 55.0 9.87510E+04
 55.5 9.72915E+04
 56.0 9.58551E+04
 56.5 9.44417E+04
 57.0 9.30511E+04
 57.5 9.16831E+04
 58.0 5.41401E+05
 58.5 8.90140E+04
 59.0 8.77124E+04
 59.5 8.79831E+05
 60.0 8.51736E+04
 60.5 8.39359E+04
 61.0 8.27190E+04
 61.5 8.15224E+04
 62.0 8.03458E+04
 62.5 7.91890E+04
 63.0 7.80516E+04
 63.5 7.69333E+04
 64.0 7.58338E+04
 64.5 7.47526E+04
 65.0 7.36896E+04
 65.5 7.26443E+04
 66.0 7.16165E+04
 66.5 7.06057E+04
 67.0 3.39571E+05
 67.5 6.86340E+04
 68.0 6.76725E+04
 68.5 6.67268E+04
 69.0 1.37272E+05
 69.5 6.26279E+04
 70.0 5.06737E+04
 70.5 5.02056E+04
 71.0 4.97389E+04
 71.5 4.92736E+04
 72.0 4.88100E+04
 72.5 4.83480E+04
 73.0 4.78877E+04
 73.5 4.74292E+04
 74.0 4.69726E+04
 74.5 4.65179E+04
 75.0 4.60652E+04
 75.5 4.56144E+04
 76.0 4.51657E+04
 76.5 4.47190E+04
 77.0 4.42745E+04
 77.5 4.38321E+04
 78.0 4.33919E+04
 78.5 4.29539E+04
 79.0 4.25181E+04
 79.5 4.20845E+04
 80.0 4.16531E+04
 80.5 4.12240E+04
 81.0 4.07971E+04
 81.5 4.03725E+04
 82.0 3.99502E+04
 82.5 3.95301E+04
 83.0 3.91123E+04
 83.5 3.86967E+04
 84.0 3.82834E+04
 84.5 3.78723E+04
 85.0 3.74635E+04
 85.5 3.70569E+04
 86.0 3.66525E+04
 86.5 3.62503E+04
 87.0 3.58503E+04
 87.5 3.54525E+04
 88.0 3.50569E+04
 88.5 3.46634E+04
 89.0 3.42720E+04
 89.5 3.38828E+04
 90.0 3.34956E+04
 90.5 3.31106E+04
 91.0 3.27276E+04
 91.5 3.23466E+04
 92.0 3.19677E+04
 92.5 3.15908E+04
 93.0 3.12158E+04
 93.5 3.08428E+04
 94.0 3.04718E+04
 94.5 3.01027E+04
 95.0 2.97355E+04
 95.5 2.93702E+04
 96.0 2.90067E+04
 96.5 2.86451E+04
 97.0 2.82852E+04
 97.5 2.79272E+04
 98.0 2.75710E+04
 98.5 2.72165E+04
 99.0 2.68638E+04
 99.5 2.65127E+04
100.0 2.61634E+04
100.5 2.58157E+04
101.0 2.54697E+04
101.5 2.51253E+04
102.0 2.47826E+04
102.5 2.44414E+04
103.0 2.41018E+04
103.5 2.37638E+04
104.0 2.34273E+04
104.5 2.30923E+04
105.0 2.27588E+04
105.5 2.24268E+04
106.0 2.20963E+04
106.5 2.17672E+04
107.0 2.14396E+04
107.5 2.11134E+04
108.0 2.07886E+04
108.5 2.04651E+04
109.0 2.01431E+04
109.5 1.98224E+04
110.0 1.95030E+04
110.5 1.91850E+04
111.0 1.88682E+04
111.5 1.85528E+04
112.0 1.82387E+04
112.5 1.79258E+04
113.0 1.76142E+04
113.5 1.73039E+04
114.0 1.69948E+04
114.5 1.66869E+04
115.0 1.63802E+04
115.5 1.60747E+04
116.0 1.57705E+04
116.5 1.54674E+04
117.0 1.51655E+04
117.5 1.48647E+04
118.0 1.45652E+04
118.5 1.42667E+04
119.0 1.39695E+04
119.5 1.36733E+04
120.0 1.33783E+04
120.5 1.30844E+04
121.0 1.27916E+04
121.5 1.24999E+04
122.0 1.22093E+04
122.5 1.19199E+04
123.0 1.16315E+04
123.5 1.13442E+04
124.0 1.10580E+04
124.5 1.07728E+04
125.0 1.04887E+04
125.5 1.02058E+04
126.0 9.92382E+03
126.5 9.64296E+03
127.0 9.36316E+03
127.5 9.08442E+03
128.0 8.80674E+03
128.5 8.53011E+03
129.0 8.25454E+03
129.5 7.98003E+03
130.0 7.70656E+03
130.5 7.43415E+03
131.0 7.16280E+03
131.5 6.89250E+03
132.0 6.62325E+03
132.5 6.35505E+03
133.0 6.08791E+03
133.5 5.82183E+03
134.0 5.55680E+03
134.5 5.29283E+03
135.0 5.02993E+03
135.5 4.76809E+03
136.0 4.50731E+03
136.5 4.24761E+03
137.0 3.98897E+03
137.5 3.73142E+03
138.0 3.47494E+03
138.5 3.21954E+03
139.0 2.96523E+03
139.5 2.71201E+03
140.0 2.45989E+03
140.5 2.20887E+03
141.0 1.95895E+03
141.5 1.71014E+03
142.0 1.46245E+03
142.5 1.21588E+03
143.0 9.70437E+02
143.5 7.26125E+02
144.0 4.82952E+02
144.5 2.40924E+02
145.0 2.00490E+01
