146K09D0W2
  0.5 0.00000E+00
  1.0 0.00000E+00
  1.5 0.00000E+00
  2.0 0.00000E+00
  2.5 0.00000E+00
  3.0 0.00000E+00
  3.5 1.00434E+04
  4.0 1.40666E+04
  4.5 1.82783E+04
  5.0 2.26469E+04
  5.5 2.71592E+04
  6.0 3.18087E+04
  6.5 3.65912E+04
  7.0 4.15040E+04
  7.5 4.65449E+04
  8.0 5.17126E+04
  8.5 1.08467E+05
  9.0 6.24263E+04
  9.5 1.95838E+05
 10.0 1.70220E+05
 10.5 2.95632E+04
 11.0 3.18347E+04
 11.5 3.39958E+04
 12.0 2.46269E+04
 12.5 2.30028E+04
 13.0 2.44889E+04
 13.5 2.59950E+04
 14.0 2.75211E+04
 14.5 2.90671E+04
 15.0 3.06330E+04
 15.5 3.22186E+04
 16.0 3.38241E+04
 16.5 3.54494E+04
 17.0 3.70945E+04
 17.5 3.87597E+04
 18.0 4.04450E+04
 18.5 4.21505E+04
 19.0 4.38766E+04
 19.5 4.56232E+04
 20.0 4.73906E+04
 20.5 4.91786E+04
 21.0 5.09870E+04
 21.5 5.28151E+04
 22.0 5.46620E+04
 22.5 5.65261E+04
 23.0 5.84053E+04
 23.5 6.02967E+04
 24.0 6.21969E+04
 24.5 6.41018E+04
 25.0 6.60066E+04
 25.5 6.79059E+04
 26.0 6.97940E+04
 26.5 7.16645E+04
 27.0 7.35111E+04
 27.5 7.53272E+04
 28.0 7.71061E+04
 28.5 7.88416E+04
 29.0 8.05274E+04
 29.5 8.21576E+04
 30.0 8.37269E+04
 30.5 8.52302E+04
 31.0 8.66632E+04
 31.5 8.80221E+04
 32.0 8.93036E+04
 32.5 9.05052E+04
 33.0 9.16247E+04
 33.5 9.26608E+04
 34.0 9.36125E+04
 34.5 9.44795E+04
 35.0 9.52618E+04
 35.5 9.59600E+04
 36.0 9.65751E+04
 36.5 9.71084E+04
 37.0 9.75616E+04
 37.5 9.79365E+04
 38.0 9.82354E+04
 38.5 9.84605E+04
 39.0 9.86145E+04
 39.5 9.87000E+04
 40.0 9.87197E+04
 40.5 9.86765E+04
 41.0 9.85733E+04
 41.5 9.84129E+04
 42.0 9.81984E+04
 42.5 9.79324E+04
 43.0 9.76180E+04
 43.5 9.72580E+04
 44.0 9.68551E+04
 44.5 9.64120E+04
 45.0 9.59314E+04
 45.5 9.54158E+04
 46.0 9.48676E+04
 46.5 9.42894E+04
 47.0 9.36833E+04
 47.5 9.30514E+04
 48.0 9.23961E+04
 48.5 9.17192E+04
 49.0 9.10227E+04
 49.5 9.03085E+04
 50.0 8.95781E+04
 50.5 8.88333E+04
 51.0 8.80757E+04
 51.5 8.73067E+04
 52.0 8.65277E+04
 52.5 8.57399E+04
 53.0 8.49448E+04
 53.5 8.41434E+04
 54.0 8.33367E+04
 54.5 8.25259E+04
 55.0 8.17118E+04
 55.5 8.08954E+04
 56.0 8.00775E+04
 56.5 7.92588E+04
 57.0 7.84402E+04
 57.5 7.76222E+04
 58.0 4.08807E+05
 58.5 7.59906E+04
 59.0 7.51780E+04
 59.5 6.69544E+05
 60.0 7.35621E+04
 60.5 7.27594E+04
 61.0 7.19610E+04
 61.5 7.11669E+04
 62.0 7.03776E+04
 62.5 6.95934E+04
 63.0 6.88145E+04
 63.5 6.80411E+04
 64.0 6.72734E+04
 64.5 6.65117E+04
 65.0 6.57561E+04
 65.5 6.50067E+04
 66.0 6.42636E+04
 66.5 6.35270E+04
 67.0 2.83316E+05
 67.5 6.20736E+04
 68.0 6.13570E+04
 68.5 6.06471E+04
 69.0 1.19318E+05
 69.5 5.51992E+04
 70.0 3.45726E+04
 70.5 3.44921E+04
 71.0 3.44065E+04
 71.5 3.43161E+04
 72.0 3.42208E+04
 72.5 3.41208E+04
 73.0 3.40161E+04
 73.5 3.39068E+04
 74.0 3.37930E+04
 74.5 3.36747E+04
 75.0 3.35521E+04
 75.5 3.34252E+04
 76.0 3.32941E+04
 76.5 3.31590E+04
 77.0 3.30198E+04
 77.5 3.28767E+04
 78.0 3.27297E+04
 78.5 3.25790E+04
 79.0 3.24245E+04
 79.5 3.22665E+04
 80.0 3.21050E+04
 80.5 3.19400E+04
 81.0 3.17716E+04
 81.5 3.16000E+04
 82.0 3.14252E+04
 82.5 3.12472E+04
 83.0 3.10662E+04
 83.5 3.08823E+04
 84.0 3.06954E+04
 84.5 3.05057E+04
 85.0 3.03133E+04
 85.5 3.01181E+04
 86.0 2.99204E+04
 86.5 2.97202E+04
 87.0 2.95175E+04
 87.5 2.93123E+04
 88.0 2.91049E+04
 88.5 2.88952E+04
 89.0 2.86833E+04
 89.5 2.84692E+04
 90.0 2.82530E+04
 90.5 2.80349E+04
 91.0 2.78148E+04
 91.5 2.75927E+04
 92.0 2.73689E+04
 92.5 2.71433E+04
 93.0 2.69159E+04
 93.5 2.66868E+04
 94.0 2.64562E+04
 94.5 2.62239E+04
 95.0 2.59901E+04
 95.5 2.57549E+04
 96.0 2.55182E+04
 96.5 2.52802E+04
 97.0 2.50408E+04
 97.5 2.48002E+04
 98.0 2.45582E+04
 98.5 2.43152E+04
 99.0 2.40709E+04
 99.5 2.38256E+04
100.0 2.35791E+04
100.5 2.33317E+04
101.0 2.30832E+04
101.5 2.28339E+04
102.0 2.25835E+04
102.5 2.23324E+04
103.0 2.20803E+04
103.5 2.18275E+04
104.0 2.15739E+04
104.5 2.13196E+04
105.0 2.10645E+04
105.5 2.08088E+04
106.0 2.05524E+04
106.5 2.02955E+04
107.0 2.00379E+04
107.5 1.97798E+04
108.0 1.95212E+04
108.5 1.92621E+04
109.0 1.90025E+04
109.5 1.87425E+04
110.0 1.84821E+04
110.5 1.82213E+04
111.0 1.79601E+04
111.5 1.76987E+04
112.0 1.74369E+04
112.5 1.71748E+04
113.0 1.69125E+04
113.5 1.66499E+04
114.0 1.63872E+04
114.5 1.61242E+04
115.0 1.58611E+04
115.5 1.55978E+04
116.0 1.53344E+04
116.5 1.50710E+04
117.0 1.48074E+04
117.5 1.45438E+04
118.0 1.42802E+04
118.5 1.40165E+04
119.0 1.37528E+04
119.5 1.34892E+04
120.0 1.32256E+04
120.5 1.29621E+04
121.0 1.26986E+04
121.5 1.24353E+04
122.0 1.21721E+04
122.5 1.19090E+04
123.0 1.16460E+04
123.5 1.13833E+04
124.0 1.11207E+04
124.5 1.08583E+04
125.0 1.05962E+04
125.5 1.03343E+04
126.0 1.00727E+04
126.5 9.81130E+03
127.0 9.55024E+03
127.5 9.28947E+03
128.0 9.02903E+03
128.5 8.76894E+03
129.0 8.50920E+03
129.5 8.24984E+03
130.0 7.99086E+03
130.5 7.73229E+03
131.0 7.47414E+03
131.5 7.21642E+03
132.0 6.95916E+03
132.5 6.70237E+03
133.0 6.44605E+03
133.5 6.19024E+03
134.0 5.93494E+03
134.5 5.68016E+03
135.0 5.42593E+03
135.5 5.17225E+03
136.0 4.91915E+03
136.5 4.66664E+03
137.0 4.41473E+03
137.5 4.16343E+03
138.0 3.91277E+03
138.5 3.66276E+03
139.0 3.41340E+03
139.5 3.16472E+03
140.0 2.91674E+03
140.5 2.66945E+03
141.0 2.42289E+03
141.5 2.17706E+03
142.0 1.93198E+03
142.5 1.68767E+03
143.0 1.44413E+03
143.5 1.20138E+03
144.0 9.59441E+02
144.5 7.18322E+02
145.0 4.78039E+02
145.5 2.38605E+02
146.0 1.98626E+01
