146K11D0W2
  0.5 0.00000E+00
  1.0 0.00000E+00
  1.5 0.00000E+00
  2.0 0.00000E+00
  2.5 0.00000E+00
  3.0 0.00000E+00
  3.5 1.34009E+04
  4.0 1.82919E+04
  4.5 2.34032E+04
  5.0 2.87116E+04
  5.5 3.42074E+04
  6.0 3.98858E+04
  6.5 4.57434E+04
  7.0 5.17785E+04
  7.5 5.79900E+04
  8.0 6.43785E+04
  8.5 2.31304E+05
  9.0 7.76958E+04
  9.5 3.71365E+05
 10.0 3.16339E+05
 10.5 3.68425E+04
 11.0 3.96425E+04
 11.5 4.69897E+04
 12.0 3.06940E+04
 12.5 2.86731E+04
 13.0 3.05019E+04
 13.5 3.23588E+04
 14.0 3.42437E+04
 14.5 3.61567E+04
 15.0 3.80980E+04
 15.5 4.00680E+04
 16.0 4.20668E+04
 16.5 4.40949E+04
 17.0 4.61527E+04
 17.5 4.82408E+04
 18.0 5.03596E+04
 18.5 5.25096E+04
 19.0 5.46912E+04
 19.5 5.69043E+04
 20.0 5.91482E+04
 20.5 6.14219E+04
 21.0 6.37232E+04
 21.5 6.60491E+04
 22.0 6.83955E+04
 22.5 7.07573E+04
 23.0 7.31282E+04
 23.5 7.55007E+04
 24.0 7.78669E+04
 24.5 8.02178E+04
 25.0 8.25440E+04
 25.5 8.48359E+04
 26.0 8.70838E+04
 26.5 8.92780E+04
 27.0 9.14095E+04
 27.5 9.34694E+04
 28.0 9.54497E+04
 28.5 9.73431E+04
 29.0 9.91433E+04
 29.5 1.00845E+05
 30.0 1.02442E+05
 30.5 1.03933E+05
 31.0 1.05314E+05
 31.5 1.06583E+05
 32.0 1.07740E+05
 32.5 1.08784E+05
 33.0 1.09715E+05
 33.5 1.10535E+05
 34.0 1.11245E+05
 34.5 1.11848E+05
 35.0 1.12346E+05
 35.5 1.12743E+05
 36.0 1.13042E+05
 36.5 1.13245E+05
 37.0 1.13358E+05
 37.5 1.13384E+05
 38.0 1.13328E+05
 38.5 1.13192E+05
 39.0 1.12982E+05
 39.5 1.12701E+05
 40.0 1.12354E+05
 40.5 1.11945E+05
 41.0 1.11477E+05
 41.5 1.10955E+05
 42.0 1.10382E+05
 42.5 1.09762E+05
 43.0 1.09099E+05
 43.5 1.08395E+05
 44.0 1.07654E+05
 44.5 1.06880E+05
 45.0 1.06075E+05
 45.5 1.05242E+05
 46.0 1.04383E+05
 46.5 1.03502E+05
 47.0 1.02601E+05
 47.5 1.01681E+05
 48.0 1.00745E+05
 48.5 9.97959E+04
 49.0 9.88344E+04
 49.5 9.78628E+04
 50.0 9.68826E+04
 50.5 9.58953E+04
 51.0 9.49026E+04
 51.5 9.39057E+04
 52.0 9.29060E+04
 52.5 9.19044E+04
 53.0 9.09023E+04
 53.5 8.99005E+04
 54.0 8.89000E+04
 54.5 8.79016E+04
 55.0 8.69062E+04
 55.5 8.59145E+04
 56.0 8.49271E+04
 56.5 8.39447E+04
 57.0 8.29678E+04
 57.5 8.19969E+04
 58.0 4.48877E+05
 58.5 8.00749E+04
 59.0 7.91246E+04
 59.5 7.33711E+05
 60.0 7.72470E+04
 60.5 7.63203E+04
 61.0 7.54020E+04
 61.5 7.44922E+04
 62.0 7.35912E+04
 62.5 7.26992E+04
 63.0 7.18161E+04
 63.5 7.09421E+04
 64.0 7.00774E+04
 64.5 6.92220E+04
 65.0 6.83759E+04
 65.5 6.75390E+04
 66.0 6.67116E+04
 66.5 6.58936E+04
 67.0 3.01588E+05
 67.5 6.42856E+04
 68.0 6.34956E+04
 68.5 6.27148E+04
 69.0 1.25288E+05
 69.5 5.75393E+04
 70.0 3.88725E+04
 70.5 3.87083E+04
 71.0 3.85397E+04
 71.5 3.83669E+04
 72.0 3.81898E+04
 72.5 3.80087E+04
 73.0 3.78236E+04
 73.5 3.76347E+04
 74.0 3.74421E+04
 74.5 3.72459E+04
 75.0 3.70462E+04
 75.5 3.68432E+04
 76.0 3.66369E+04
 76.5 3.64274E+04
 77.0 3.62148E+04
 77.5 3.59993E+04
 78.0 3.57810E+04
 78.5 3.55599E+04
 79.0 3.53361E+04
 79.5 3.51097E+04
 80.0 3.48809E+04
 80.5 3.46497E+04
 81.0 3.44161E+04
 81.5 3.41803E+04
 82.0 3.39424E+04
 82.5 3.37025E+04
 83.0 3.34605E+04
 83.5 3.32166E+04
 84.0 3.29709E+04
 84.5 3.27234E+04
 85.0 3.24742E+04
 85.5 3.22234E+04
 86.0 3.19710E+04
 86.5 3.17171E+04
 87.0 3.14618E+04
 87.5 3.12051E+04
 88.0 3.09471E+04
 88.5 3.06878E+04
 89.0 3.04273E+04
 89.5 3.01657E+04
 90.0 2.99029E+04
 90.5 2.96391E+04
 91.0 2.93743E+04
 91.5 2.91086E+04
 92.0 2.88419E+04
 92.5 2.85744E+04
 93.0 2.83060E+04
 93.5 2.80369E+04
 94.0 2.77670E+04
 94.5 2.74964E+04
 95.0 2.72252E+04
 95.5 2.69533E+04
 96.0 2.66809E+04
 96.5 2.64079E+04
 97.0 2.61343E+04
 97.5 2.58603E+04
 98.0 2.55859E+04
 98.5 2.53110E+04
 99.0 2.50357E+04
 99.5 2.47601E+04
100.0 2.44841E+04
100.5 2.42078E+04
101.0 2.39312E+04
101.5 2.36544E+04
102.0 2.33773E+04
102.5 2.31001E+04
103.0 2.28226E+04
103.5 2.25450E+04
104.0 2.22672E+04
104.5 2.19894E+04
105.0 2.17114E+04
105.5 2.14334E+04
106.0 2.11553E+04
106.5 2.08772E+04
107.0 2.05990E+04
107.5 2.03209E+04
108.0 2.00428E+04
108.5 1.97647E+04
109.0 1.94867E+04
109.5 1.92088E+04
110.0 1.89309E+04
110.5 1.86532E+04
111.0 1.83756E+04
111.5 1.80981E+04
112.0 1.78207E+04
112.5 1.75436E+04
113.0 1.72666E+04
113.5 1.69898E+04
114.0 1.67132E+04
114.5 1.64369E+04
115.0 1.61608E+04
115.5 1.58849E+04
116.0 1.56094E+04
116.5 1.53340E+04
117.0 1.50590E+04
117.5 1.47843E+04
118.0 1.45099E+04
118.5 1.42358E+04
119.0 1.39621E+04
119.5 1.36887E+04
120.0 1.34157E+04
120.5 1.31431E+04
121.0 1.28708E+04
121.5 1.25990E+04
122.0 1.23276E+04
122.5 1.20566E+04
123.0 1.17860E+04
123.5 1.15159E+04
124.0 1.12462E+04
124.5 1.09770E+04
125.0 1.07083E+04
125.5 1.04400E+04
126.0 1.01723E+04
126.5 9.90507E+03
127.0 9.63837E+03
127.5 9.37221E+03
128.0 9.10659E+03
128.5 8.84153E+03
129.0 8.57704E+03
129.5 8.31312E+03
130.0 8.04979E+03
130.5 7.78706E+03
131.0 7.52495E+03
131.5 7.26345E+03
132.0 7.00259E+03
132.5 6.74236E+03
133.0 6.48280E+03
133.5 6.22390E+03
134.0 5.96567E+03
134.5 5.70813E+03
135.0 5.45129E+03
135.5 5.19516E+03
136.0 4.93974E+03
136.5 4.68506E+03
137.0 4.43112E+03
137.5 4.17794E+03
138.0 3.92551E+03
138.5 3.67387E+03
139.0 3.42301E+03
139.5 3.17295E+03
140.0 2.92370E+03
140.5 2.67527E+03
141.0 2.42767E+03
141.5 2.18092E+03
142.0 1.93502E+03
142.5 1.68999E+03
143.0 1.44584E+03
143.5 1.20258E+03
144.0 9.60216E+02
144.5 7.18772E+02
145.0 4.78253E+02
145.5 2.38671E+02
146.0 1.98661E+01
