146K12D0W2
  0.5 0.00000E+00
  1.0 0.00000E+00
  1.5 0.00000E+00
  2.0 0.00000E+00
  2.5 0.00000E+00
  3.0 0.00000E+00
  3.5 1.51168E+04
  4.0 2.04403E+04
  4.5 2.60035E+04
  5.0 3.17865E+04
  5.5 3.77810E+04
  6.0 4.39826E+04
  6.5 5.03888E+04
  7.0 5.69984E+04
  7.5 6.38113E+04
  8.0 7.08296E+04
  8.5 3.23992E+05
  9.0 8.55012E+04
  9.5 4.81713E+05
 10.0 4.07922E+05
 10.5 4.05420E+04
 11.0 4.36137E+04
 11.5 5.55008E+04
 12.0 3.37765E+04
 12.5 3.15535E+04
 13.0 3.35583E+04
 13.5 3.55956E+04
 14.0 3.76654E+04
 14.5 3.97681E+04
 15.0 4.19041E+04
 15.5 4.40738E+04
 16.0 4.62778E+04
 16.5 4.85168E+04
 17.0 5.07913E+04
 17.5 5.31024E+04
 18.0 5.54505E+04
 18.5 5.78361E+04
 19.0 6.02592E+04
 19.5 6.27192E+04
 20.0 6.52146E+04
 20.5 6.77427E+04
 21.0 7.02998E+04
 21.5 7.28805E+04
 22.0 7.54786E+04
 22.5 7.80860E+04
 23.0 8.06937E+04
 23.5 8.32917E+04
 24.0 8.58693E+04
 24.5 8.84152E+04
 25.0 9.09179E+04
 25.5 9.33659E+04
 26.0 9.57483E+04
 26.5 9.80543E+04
 27.0 1.00274E+05
 27.5 1.02399E+05
 28.0 1.04421E+05
 28.5 1.06333E+05
 29.0 1.08130E+05
 29.5 1.09806E+05
 30.0 1.11359E+05
 30.5 1.12786E+05
 31.0 1.14085E+05
 31.5 1.15257E+05
 32.0 1.16301E+05
 32.5 1.17219E+05
 33.0 1.18014E+05
 33.5 1.18686E+05
 34.0 1.19241E+05
 34.5 1.19680E+05
 35.0 1.20009E+05
 35.5 1.20231E+05
 36.0 1.20351E+05
 36.5 1.20373E+05
 37.0 1.20302E+05
 37.5 1.20143E+05
 38.0 1.19901E+05
 38.5 1.19581E+05
 39.0 1.19186E+05
 39.5 1.18723E+05
 40.0 1.18195E+05
 40.5 1.17608E+05
 41.0 1.16964E+05
 41.5 1.16269E+05
 42.0 1.15527E+05
 42.5 1.14741E+05
 43.0 1.13915E+05
 43.5 1.13053E+05
 44.0 1.12157E+05
 44.5 1.11232E+05
 45.0 1.10280E+05
 45.5 1.09305E+05
 46.0 1.08308E+05
 46.5 1.07292E+05
 47.0 1.06260E+05
 47.5 1.05214E+05
 48.0 1.04156E+05
 48.5 1.03088E+05
 49.0 1.02011E+05
 49.5 1.00929E+05
 50.0 9.98410E+04
 50.5 9.87501E+04
 51.0 9.76572E+04
 51.5 9.65635E+04
 52.0 9.54702E+04
 52.5 9.43785E+04
 53.0 9.32893E+04
 53.5 9.22036E+04
 54.0 9.11220E+04
 54.5 9.00456E+04
 55.0 8.89749E+04
 55.5 8.79105E+04
 56.0 8.68530E+04
 56.5 8.58031E+04
 57.0 8.47611E+04
 57.5 8.37274E+04
 58.0 4.65014E+05
 58.5 8.16867E+04
 59.0 8.06802E+04
 59.5 7.59473E+05
 60.0 7.86963E+04
 60.5 7.77194E+04
 61.0 7.67525E+04
 61.5 7.57961E+04
 62.0 7.48501E+04
 62.5 7.39146E+04
 63.0 7.29897E+04
 63.5 7.20755E+04
 64.0 7.11718E+04
 64.5 7.02789E+04
 65.0 6.93967E+04
 65.5 6.85251E+04
 66.0 6.76641E+04
 66.5 6.68137E+04
 67.0 3.08786E+05
 67.5 6.51443E+04
 68.0 6.43252E+04
 68.5 6.35164E+04
 69.0 1.27624E+05
 69.5 5.84704E+04
 70.0 4.06847E+04
 70.5 4.04814E+04
 71.0 4.02742E+04
 71.5 4.00631E+04
 72.0 3.98484E+04
 72.5 3.96301E+04
 73.0 3.94084E+04
 73.5 3.91833E+04
 74.0 3.89551E+04
 74.5 3.87238E+04
 75.0 3.84895E+04
 75.5 3.82524E+04
 76.0 3.80126E+04
 76.5 3.77702E+04
 77.0 3.75253E+04
 77.5 3.72780E+04
 78.0 3.70283E+04
 78.5 3.67764E+04
 79.0 3.65225E+04
 79.5 3.62665E+04
 80.0 3.60085E+04
 80.5 3.57487E+04
 81.0 3.54871E+04
 81.5 3.52238E+04
 82.0 3.49590E+04
 82.5 3.46926E+04
 83.0 3.44247E+04
 83.5 3.41554E+04
 84.0 3.38848E+04
 84.5 3.36129E+04
 85.0 3.33399E+04
 85.5 3.30657E+04
 86.0 3.27904E+04
 86.5 3.25142E+04
 87.0 3.22369E+04
 87.5 3.19588E+04
 88.0 3.16798E+04
 88.5 3.14000E+04
 89.0 3.11194E+04
 89.5 3.08382E+04
 90.0 3.05563E+04
 90.5 3.02737E+04
 91.0 2.99906E+04
 91.5 2.97070E+04
 92.0 2.94228E+04
 92.5 2.91382E+04
 93.0 2.88532E+04
 93.5 2.85678E+04
 94.0 2.82820E+04
 94.5 2.79960E+04
 95.0 2.77096E+04
 95.5 2.74230E+04
 96.0 2.71361E+04
 96.5 2.68490E+04
 97.0 2.65618E+04
 97.5 2.62744E+04
 98.0 2.59869E+04
 98.5 2.56993E+04
 99.0 2.54117E+04
 99.5 2.51239E+04
100.0 2.48362E+04
100.5 2.45484E+04
101.0 2.42607E+04
101.5 2.39730E+04
102.0 2.36853E+04
102.5 2.33977E+04
103.0 2.31102E+04
103.5 2.28228E+04
104.0 2.25356E+04
104.5 2.22484E+04
105.0 2.19615E+04
105.5 2.16747E+04
106.0 2.13880E+04
106.5 2.11016E+04
107.0 2.08154E+04
107.5 2.05294E+04
108.0 2.02437E+04
108.5 1.99582E+04
109.0 1.96730E+04
109.5 1.93881E+04
110.0 1.91034E+04
110.5 1.88191E+04
111.0 1.85351E+04
111.5 1.82514E+04
112.0 1.79680E+04
112.5 1.76850E+04
113.0 1.74023E+04
113.5 1.71200E+04
114.0 1.68381E+04
114.5 1.65566E+04
115.0 1.62755E+04
115.5 1.59947E+04
116.0 1.57144E+04
116.5 1.54346E+04
117.0 1.51551E+04
117.5 1.48761E+04
118.0 1.45976E+04
118.5 1.43195E+04
119.0 1.40419E+04
119.5 1.37648E+04
120.0 1.34882E+04
120.5 1.32120E+04
121.0 1.29364E+04
121.5 1.26613E+04
122.0 1.23867E+04
122.5 1.21127E+04
123.0 1.18392E+04
123.5 1.15663E+04
124.0 1.12939E+04
124.5 1.10221E+04
125.0 1.07508E+04
125.5 1.04802E+04
126.0 1.02101E+04
126.5 9.94065E+03
127.0 9.67181E+03
127.5 9.40359E+03
128.0 9.13600E+03
128.5 8.86905E+03
129.0 8.60274E+03
129.5 8.33709E+03
130.0 8.07211E+03
130.5 7.80780E+03
131.0 7.54418E+03
131.5 7.28125E+03
132.0 7.01902E+03
132.5 6.75750E+03
133.0 6.49669E+03
133.5 6.23662E+03
134.0 5.97729E+03
134.5 5.71870E+03
135.0 5.46087E+03
135.5 5.20381E+03
136.0 4.94752E+03
136.5 4.69202E+03
137.0 4.43731E+03
137.5 4.18341E+03
138.0 3.93032E+03
138.5 3.67806E+03
139.0 3.42663E+03
139.5 3.17605E+03
140.0 2.92632E+03
140.5 2.67746E+03
141.0 2.42947E+03
141.5 2.18237E+03
142.0 1.93616E+03
142.5 1.69086E+03
143.0 1.44648E+03
143.5 1.20303E+03
144.0 9.60508E+02
144.5 7.18941E+02
145.0 4.78333E+02
145.5 2.38696E+02
146.0 1.98674E+01
