147K06D0W2
  0.5 0.00000E+00
  1.0 0.00000E+00
  1.5 0.00000E+00
  2.0 0.00000E+00
  2.5 0.00000E+00
  3.0 0.00000E+00
  3.5 5.22188E+03
  4.0 7.88854E+03
  4.5 1.07255E+04
  5.0 1.36783E+04
  5.5 1.67229E+04
  6.0 1.98483E+04
  6.5 2.30483E+04
  7.0 2.63193E+04
  7.5 2.96584E+04
  8.0 3.30634E+04
  8.5 3.86398E+04
  9.0 4.00639E+04
  9.5 5.69014E+04
 10.0 5.29442E+04
 10.5 1.88164E+04
 11.0 2.03218E+04
 11.5 2.05852E+04
 12.0 1.56685E+04
 12.5 1.46290E+04
 13.0 1.56171E+04
 13.5 1.66155E+04
 14.0 1.76242E+04
 14.5 1.86431E+04
 15.0 1.96719E+04
 15.5 2.07106E+04
 16.0 2.17589E+04
 16.5 2.28167E+04
 17.0 2.38839E+04
 17.5 2.49604E+04
 18.0 2.60459E+04
 18.5 2.71403E+04
 19.0 2.82435E+04
 19.5 2.93554E+04
 20.0 3.04759E+04
 20.5 3.16048E+04
 21.0 3.27421E+04
 21.5 3.38876E+04
 22.0 3.50413E+04
 22.5 3.62030E+04
 23.0 3.73726E+04
 23.5 3.85498E+04
 24.0 3.97346E+04
 24.5 4.09263E+04
 25.0 4.21246E+04
 25.5 4.33288E+04
 26.0 4.45380E+04
 26.5 4.57512E+04
 27.0 4.69671E+04
 27.5 4.81842E+04
 28.0 4.94006E+04
 28.5 5.06145E+04
 29.0 5.18236E+04
 29.5 5.30255E+04
 30.0 5.42175E+04
 30.5 5.53970E+04
 31.0 5.65612E+04
 31.5 5.77071E+04
 32.0 5.88319E+04
 32.5 5.99327E+04
 33.0 6.10068E+04
 33.5 6.20514E+04
 34.0 6.30640E+04
 34.5 6.40422E+04
 35.0 6.49838E+04
 35.5 6.58867E+04
 36.0 6.67492E+04
 36.5 6.75698E+04
 37.0 6.83470E+04
 37.5 6.90799E+04
 38.0 6.97674E+04
 38.5 7.04090E+04
 39.0 7.10043E+04
 39.5 7.15531E+04
 40.0 7.20554E+04
 40.5 7.25113E+04
 41.0 7.29211E+04
 41.5 7.32854E+04
 42.0 7.36049E+04
 42.5 7.38803E+04
 43.0 7.41125E+04
 43.5 7.43025E+04
 44.0 7.44514E+04
 44.5 7.45603E+04
 45.0 7.46305E+04
 45.5 7.46632E+04
 46.0 7.46597E+04
 46.5 7.46214E+04
 47.0 7.45497E+04
 47.5 7.44459E+04
 48.0 7.43114E+04
 48.5 7.41475E+04
 49.0 7.39557E+04
 49.5 7.37373E+04
 50.0 7.34935E+04
 50.5 7.32258E+04
 51.0 7.29355E+04
 51.5 7.26238E+04
 52.0 7.22919E+04
 52.5 7.19410E+04
 53.0 7.15723E+04
 53.5 7.11869E+04
 54.0 7.07858E+04
 54.5 7.03702E+04
 55.0 6.99411E+04
 55.5 6.94994E+04
 56.0 6.90461E+04
 56.5 6.85819E+04
 57.0 6.81080E+04
 57.5 6.76249E+04
 58.0 3.20545E+05
 58.5 6.66346E+04
 59.0 6.61288E+04
 59.5 5.27639E+05
 60.0 6.50994E+04
 60.5 6.45771E+04
 61.0 6.40504E+04
 61.5 6.35199E+04
 62.0 6.29861E+04
 62.5 6.24495E+04
 63.0 6.19107E+04
 63.5 6.13699E+04
 64.0 6.08276E+04
 64.5 6.02843E+04
 65.0 5.97402E+04
 65.5 5.91957E+04
 66.0 5.86511E+04
 66.5 5.81067E+04
 67.0 2.42203E+05
 67.5 5.70196E+04
 68.0 5.64775E+04
 68.5 5.59365E+04
 69.0 1.05858E+05
 69.5 5.00638E+04
 70.0 2.58435E+04
 70.5 2.58903E+04
 71.0 2.59333E+04
 71.5 2.59722E+04
 72.0 2.60072E+04
 72.5 2.60382E+04
 73.0 2.60651E+04
 73.5 2.60878E+04
 74.0 2.61064E+04
 74.5 2.61209E+04
 75.0 2.61311E+04
 75.5 2.61370E+04
 76.0 2.61387E+04
 76.5 2.61361E+04
 77.0 2.61293E+04
 77.5 2.61181E+04
 78.0 2.61027E+04
 78.5 2.60829E+04
 79.0 2.60588E+04
 79.5 2.60305E+04
 80.0 2.59979E+04
 80.5 2.59610E+04
 81.0 2.59199E+04
 81.5 2.58746E+04
 82.0 2.58250E+04
 82.5 2.57713E+04
 83.0 2.57133E+04
 83.5 2.56513E+04
 84.0 2.55852E+04
 84.5 2.55150E+04
 85.0 2.54407E+04
 85.5 2.53625E+04
 86.0 2.52803E+04
 86.5 2.51942E+04
 87.0 2.51042E+04
 87.5 2.50104E+04
 88.0 2.49128E+04
 88.5 2.48114E+04
 89.0 2.47064E+04
 89.5 2.45977E+04
 90.0 2.44854E+04
 90.5 2.43695E+04
 91.0 2.42502E+04
 91.5 2.41274E+04
 92.0 2.40012E+04
 92.5 2.38716E+04
 93.0 2.37387E+04
 93.5 2.36026E+04
 94.0 2.34634E+04
 94.5 2.33209E+04
 95.0 2.31754E+04
 95.5 2.30269E+04
 96.0 2.28754E+04
 96.5 2.27210E+04
 97.0 2.25637E+04
 97.5 2.24035E+04
 98.0 2.22407E+04
 98.5 2.20751E+04
 99.0 2.19069E+04
 99.5 2.17360E+04
100.0 2.15626E+04
100.5 2.13868E+04
101.0 2.12084E+04
101.5 2.10277E+04
102.0 2.08447E+04
102.5 2.06593E+04
103.0 2.04718E+04
103.5 2.02820E+04
104.0 2.00901E+04
104.5 1.98962E+04
105.0 1.97002E+04
105.5 1.95022E+04
106.0 1.93023E+04
106.5 1.91004E+04
107.0 1.88968E+04
107.5 1.86913E+04
108.0 1.84841E+04
108.5 1.82752E+04
109.0 1.80647E+04
109.5 1.78525E+04
110.0 1.76388E+04
110.5 1.74235E+04
111.0 1.72068E+04
111.5 1.69886E+04
112.0 1.67691E+04
112.5 1.65482E+04
113.0 1.63260E+04
113.5 1.61025E+04
114.0 1.58778E+04
114.5 1.56519E+04
115.0 1.54249E+04
115.5 1.51967E+04
116.0 1.49675E+04
116.5 1.47373E+04
117.0 1.45060E+04
117.5 1.42739E+04
118.0 1.40407E+04
118.5 1.38068E+04
119.0 1.35719E+04
119.5 1.33363E+04
120.0 1.30998E+04
120.5 1.28627E+04
121.0 1.26248E+04
121.5 1.23862E+04
122.0 1.21470E+04
122.5 1.19072E+04
123.0 1.16668E+04
123.5 1.14259E+04
124.0 1.11845E+04
124.5 1.09425E+04
125.0 1.07002E+04
125.5 1.04574E+04
126.0 1.02142E+04
126.5 9.97064E+03
127.0 9.72677E+03
127.5 9.48258E+03
128.0 9.23813E+03
128.5 8.99342E+03
129.0 8.74851E+03
129.5 8.50340E+03
130.0 8.25812E+03
130.5 8.01272E+03
131.0 7.76720E+03
131.5 7.52160E+03
132.0 7.27594E+03
132.5 7.03025E+03
133.0 6.78456E+03
133.5 6.53889E+03
134.0 6.29326E+03
134.5 6.04771E+03
135.0 5.80225E+03
135.5 5.55691E+03
136.0 5.31171E+03
136.5 5.06668E+03
137.0 4.82185E+03
137.5 4.57722E+03
138.0 4.33284E+03
138.5 4.08871E+03
139.0 3.84487E+03
139.5 3.60134E+03
140.0 3.35814E+03
140.5 3.11528E+03
141.0 2.87280E+03
141.5 2.63072E+03
142.0 2.38906E+03
142.5 2.14783E+03
143.0 1.90706E+03
143.5 1.66678E+03
144.0 1.42699E+03
144.5 1.18774E+03
145.0 9.49023E+02
145.5 7.10875E+02
146.0 4.73312E+02
146.5 2.36356E+02
147.0 1.96809E+01
