147K09D0W2
  0.5 0.00000E+00
  1.0 0.00000E+00
  1.5 0.00000E+00
  2.0 0.00000E+00
  2.5 0.00000E+00
  3.0 0.00000E+00
  3.5 9.97853E+03
  4.0 1.39829E+04
  4.5 1.81755E+04
  5.0 2.25245E+04
  5.5 2.70167E+04
  6.0 3.16455E+04
  6.5 3.64069E+04
  7.0 4.12980E+04
  7.5 4.63166E+04
  8.0 5.14614E+04
  8.5 1.05575E+05
  9.0 6.21272E+04
  9.5 1.91236E+05
 10.0 1.66409E+05
 10.5 2.94276E+04
 11.0 3.16906E+04
 11.5 3.37394E+04
 12.0 2.45181E+04
 12.5 2.29023E+04
 13.0 2.43835E+04
 13.5 2.58846E+04
 14.0 2.74058E+04
 14.5 2.89469E+04
 15.0 3.05078E+04
 15.5 3.20886E+04
 16.0 3.36892E+04
 16.5 3.53096E+04
 17.0 3.69499E+04
 17.5 3.86103E+04
 18.0 4.02907E+04
 18.5 4.19915E+04
 19.0 4.37127E+04
 19.5 4.54546E+04
 20.0 4.72172E+04
 20.5 4.90006E+04
 21.0 5.08045E+04
 21.5 5.26283E+04
 22.0 5.44712E+04
 22.5 5.63317E+04
 23.0 5.82079E+04
 23.5 6.00969E+04
 24.0 6.19956E+04
 24.5 6.39000E+04
 25.0 6.58055E+04
 25.5 6.77067E+04
 26.0 6.95981E+04
 26.5 7.14736E+04
 27.0 7.33267E+04
 27.5 7.51509E+04
 28.0 7.69398E+04
 28.5 7.86869E+04
 29.0 8.03859E+04
 29.5 8.20311E+04
 30.0 8.36168E+04
 30.5 8.51380E+04
 31.0 8.65903E+04
 31.5 8.79697E+04
 32.0 8.92728E+04
 32.5 9.04969E+04
 33.0 9.16398E+04
 33.5 9.26999E+04
 34.0 9.36761E+04
 34.5 9.45681E+04
 35.0 9.53756E+04
 35.5 9.60991E+04
 36.0 9.67395E+04
 36.5 9.72980E+04
 37.0 9.77762E+04
 37.5 9.81758E+04
 38.0 9.84990E+04
 38.5 9.87479E+04
 39.0 9.89252E+04
 39.5 9.90333E+04
 40.0 9.90750E+04
 40.5 9.90532E+04
 41.0 9.89705E+04
 41.5 9.88300E+04
 42.0 9.86344E+04
 42.5 9.83867E+04
 43.0 9.80898E+04
 43.5 9.77463E+04
 44.0 9.73592E+04
 44.5 9.69311E+04
 45.0 9.64647E+04
 45.5 9.59625E+04
 46.0 9.54269E+04
 46.5 9.48604E+04
 47.0 9.42653E+04
 47.5 9.36439E+04
 48.0 9.29981E+04
 48.5 9.23301E+04
 49.0 9.16419E+04
 49.5 9.09352E+04
 50.0 9.02118E+04
 50.5 8.94733E+04
 51.0 8.87214E+04
 51.5 8.79575E+04
 52.0 8.71832E+04
 52.5 8.63996E+04
 53.0 8.56081E+04
 53.5 8.48098E+04
 54.0 8.40058E+04
 54.5 8.31973E+04
 55.0 8.23851E+04
 55.5 8.15702E+04
 56.0 8.07534E+04
 56.5 7.99355E+04
 57.0 7.91174E+04
 57.5 7.82995E+04
 58.0 4.14229E+05
 58.5 7.66674E+04
 59.0 7.58542E+04
 59.5 6.78979E+05
 60.0 7.42362E+04
 60.5 7.34323E+04
 61.0 7.26323E+04
 61.5 7.18365E+04
 62.0 7.10454E+04
 62.5 7.02591E+04
 63.0 6.94781E+04
 63.5 6.87024E+04
 64.0 6.79323E+04
 64.5 6.71680E+04
 65.0 6.64098E+04
 65.5 6.56576E+04
 66.0 6.49118E+04
 66.5 6.41724E+04
 67.0 2.87624E+05
 67.5 6.27131E+04
 68.0 6.19934E+04
 68.5 6.12803E+04
 69.0 1.20958E+05
 69.5 5.57467E+04
 70.0 3.47228E+04
 70.5 3.46457E+04
 71.0 3.45636E+04
 71.5 3.44766E+04
 72.0 3.43847E+04
 72.5 3.42880E+04
 73.0 3.41867E+04
 73.5 3.40807E+04
 74.0 3.39702E+04
 74.5 3.38553E+04
 75.0 3.37359E+04
 75.5 3.36123E+04
 76.0 3.34845E+04
 76.5 3.33526E+04
 77.0 3.32166E+04
 77.5 3.30767E+04
 78.0 3.29329E+04
 78.5 3.27854E+04
 79.0 3.26341E+04
 79.5 3.24792E+04
 80.0 3.23208E+04
 80.5 3.21589E+04
 81.0 3.19936E+04
 81.5 3.18251E+04
 82.0 3.16533E+04
 82.5 3.14783E+04
 83.0 3.13003E+04
 83.5 3.11194E+04
 84.0 3.09355E+04
 84.5 3.07487E+04
 85.0 3.05592E+04
 85.5 3.03671E+04
 86.0 3.01722E+04
 86.5 2.99749E+04
 87.0 2.97750E+04
 87.5 2.95727E+04
 88.0 2.93681E+04
 88.5 2.91612E+04
 89.0 2.89521E+04
 89.5 2.87408E+04
 90.0 2.85274E+04
 90.5 2.83120E+04
 91.0 2.80947E+04
 91.5 2.78753E+04
 92.0 2.76542E+04
 92.5 2.74312E+04
 93.0 2.72065E+04
 93.5 2.69801E+04
 94.0 2.67521E+04
 94.5 2.65225E+04
 95.0 2.62913E+04
 95.5 2.60587E+04
 96.0 2.58246E+04
 96.5 2.55891E+04
 97.0 2.53523E+04
 97.5 2.51141E+04
 98.0 2.48748E+04
 98.5 2.46342E+04
 99.0 2.43924E+04
 99.5 2.41496E+04
100.0 2.39056E+04
100.5 2.36606E+04
101.0 2.34146E+04
101.5 2.31676E+04
102.0 2.29197E+04
102.5 2.26709E+04
103.0 2.24213E+04
103.5 2.21708E+04
104.0 2.19195E+04
104.5 2.16675E+04
105.0 2.14148E+04
105.5 2.11614E+04
106.0 2.09073E+04
106.5 2.06527E+04
107.0 2.03974E+04
107.5 2.01415E+04
108.0 1.98851E+04
108.5 1.96282E+04
109.0 1.93709E+04
109.5 1.91131E+04
110.0 1.88548E+04
110.5 1.85962E+04
111.0 1.83372E+04
111.5 1.80778E+04
112.0 1.78182E+04
112.5 1.75582E+04
113.0 1.72979E+04
113.5 1.70374E+04
114.0 1.67767E+04
114.5 1.65158E+04
115.0 1.62547E+04
115.5 1.59934E+04
116.0 1.57320E+04
116.5 1.54705E+04
117.0 1.52089E+04
117.5 1.49472E+04
118.0 1.46855E+04
118.5 1.44237E+04
119.0 1.41619E+04
119.5 1.39002E+04
120.0 1.36384E+04
120.5 1.33767E+04
121.0 1.31150E+04
121.5 1.28535E+04
122.0 1.25920E+04
122.5 1.23307E+04
123.0 1.20694E+04
123.5 1.18084E+04
124.0 1.15475E+04
124.5 1.12867E+04
125.0 1.10262E+04
125.5 1.07659E+04
126.0 1.05059E+04
126.5 1.02461E+04
127.0 9.98654E+03
127.5 9.72729E+03
128.0 9.46834E+03
128.5 9.20971E+03
129.0 8.95142E+03
129.5 8.69346E+03
130.0 8.43588E+03
130.5 8.17867E+03
131.0 7.92186E+03
131.5 7.66545E+03
132.0 7.40948E+03
132.5 7.15394E+03
133.0 6.89886E+03
133.5 6.64424E+03
134.0 6.39011E+03
134.5 6.13648E+03
135.0 5.88337E+03
135.5 5.63078E+03
136.0 5.37873E+03
136.5 5.12725E+03
137.0 4.87633E+03
137.5 4.62600E+03
138.0 4.37627E+03
138.5 4.12716E+03
139.0 3.87868E+03
139.5 3.63084E+03
140.0 3.38365E+03
140.5 3.13714E+03
141.0 2.89131E+03
141.5 2.64619E+03
142.0 2.40178E+03
142.5 2.15809E+03
143.0 1.91515E+03
143.5 1.67297E+03
144.0 1.43156E+03
144.5 1.19093E+03
145.0 9.51094E+02
145.5 7.12076E+02
146.0 4.73884E+02
146.5 2.36533E+02
147.0 1.96902E+01
