147K18D0W2
  0.5 0.00000E+00
  1.0 0.00000E+00
  1.5 0.00000E+00
  2.0 0.00000E+00
  2.5 0.00000E+00
  3.0 0.00000E+00
  3.5 2.57423E+04
  4.0 3.36671E+04
  4.5 4.19823E+04
  5.0 5.06796E+04
  5.5 5.97569E+04
  6.0 6.92155E+04
  6.5 7.90600E+04
  7.0 8.92998E+04
  7.5 9.99501E+04
  8.0 1.11035E+05
  8.5 1.29476E+06
  9.0 1.34662E+05
  9.5 1.32933E+06
 10.0 1.10989E+06
 10.5 6.34818E+04
 11.0 6.82948E+04
 11.5 1.39599E+05
 12.0 5.28841E+04
 12.5 4.94038E+04
 13.0 5.25322E+04
 13.5 5.57281E+04
 14.0 5.89938E+04
 14.5 6.23318E+04
 15.0 6.57450E+04
 15.5 6.92362E+04
 16.0 7.28078E+04
 16.5 7.64611E+04
 17.0 8.01959E+04
 17.5 8.40096E+04
 18.0 8.78965E+04
 18.5 9.18478E+04
 19.0 9.58509E+04
 19.5 9.98900E+04
 20.0 1.03946E+05
 20.5 1.07997E+05
 21.0 1.12021E+05
 21.5 1.15992E+05
 22.0 1.19886E+05
 22.5 1.23678E+05
 23.0 1.27347E+05
 23.5 1.30870E+05
 24.0 1.34228E+05
 24.5 1.37406E+05
 25.0 1.40388E+05
 25.5 1.43164E+05
 26.0 1.45725E+05
 26.5 1.48065E+05
 27.0 1.50181E+05
 27.5 1.52071E+05
 28.0 1.53737E+05
 28.5 1.55181E+05
 29.0 1.56408E+05
 29.5 1.57423E+05
 30.0 1.58232E+05
 30.5 1.58845E+05
 31.0 1.59268E+05
 31.5 1.59511E+05
 32.0 1.59583E+05
 32.5 1.59494E+05
 33.0 1.59254E+05
 33.5 1.58871E+05
 34.0 1.58355E+05
 34.5 1.57717E+05
 35.0 1.56964E+05
 35.5 1.56106E+05
 36.0 1.55152E+05
 36.5 1.54109E+05
 37.0 1.52986E+05
 37.5 1.51790E+05
 38.0 1.50528E+05
 38.5 1.49206E+05
 39.0 1.47832E+05
 39.5 1.46411E+05
 40.0 1.44949E+05
 40.5 1.43451E+05
 41.0 1.41921E+05
 41.5 1.40365E+05
 42.0 1.38787E+05
 42.5 1.37191E+05
 43.0 1.35580E+05
 43.5 1.33957E+05
 44.0 1.32326E+05
 44.5 1.30690E+05
 45.0 1.29051E+05
 45.5 1.27412E+05
 46.0 1.25775E+05
 46.5 1.24142E+05
 47.0 1.22514E+05
 47.5 1.20894E+05
 48.0 1.19282E+05
 48.5 1.17681E+05
 49.0 1.16091E+05
 49.5 1.14514E+05
 50.0 1.12951E+05
 50.5 1.11401E+05
 51.0 1.09867E+05
 51.5 1.08349E+05
 52.0 1.06847E+05
 52.5 1.05363E+05
 53.0 1.03895E+05
 53.5 1.02445E+05
 54.0 1.01014E+05
 54.5 9.96003E+04
 55.0 9.82053E+04
 55.5 9.68290E+04
 56.0 9.54715E+04
 56.5 9.41327E+04
 57.0 9.28128E+04
 57.5 9.15117E+04
 58.0 5.39127E+05
 58.5 8.89658E+04
 59.0 8.77209E+04
 59.5 8.78278E+05
 60.0 8.52865E+04
 60.5 8.40967E+04
 61.0 8.29251E+04
 61.5 8.17713E+04
 62.0 8.06353E+04
 62.5 7.95168E+04
 63.0 7.84155E+04
 63.5 7.73314E+04
 64.0 7.62642E+04
 64.5 7.52135E+04
 65.0 7.41792E+04
 65.5 7.31611E+04
 66.0 7.21589E+04
 66.5 7.11722E+04
 67.0 3.42986E+05
 67.5 6.92449E+04
 68.0 6.83037E+04
 68.5 6.73770E+04
 69.0 1.38866E+05
 69.5 6.28933E+04
 70.0 4.88855E+04
 70.5 4.84918E+04
 71.0 4.80975E+04
 71.5 4.77029E+04
 72.0 4.73080E+04
 72.5 4.69130E+04
 73.0 4.65179E+04
 73.5 4.61230E+04
 74.0 4.57283E+04
 74.5 4.53338E+04
 75.0 4.49397E+04
 75.5 4.45460E+04
 76.0 4.41529E+04
 76.5 4.37604E+04
 77.0 4.33685E+04
 77.5 4.29774E+04
 78.0 4.25871E+04
 78.5 4.21976E+04
 79.0 4.18091E+04
 79.5 4.14215E+04
 80.0 4.10349E+04
 80.5 4.06493E+04
 81.0 4.02648E+04
 81.5 3.98815E+04
 82.0 3.94993E+04
 82.5 3.91182E+04
 83.0 3.87384E+04
 83.5 3.83598E+04
 84.0 3.79825E+04
 84.5 3.76064E+04
 85.0 3.72317E+04
 85.5 3.68582E+04
 86.0 3.64861E+04
 86.5 3.61153E+04
 87.0 3.57459E+04
 87.5 3.53778E+04
 88.0 3.50111E+04
 88.5 3.46458E+04
 89.0 3.42819E+04
 89.5 3.39193E+04
 90.0 3.35581E+04
 90.5 3.31983E+04
 91.0 3.28400E+04
 91.5 3.24829E+04
 92.0 3.21273E+04
 92.5 3.17731E+04
 93.0 3.14203E+04
 93.5 3.10688E+04
 94.0 3.07187E+04
 94.5 3.03700E+04
 95.0 3.00226E+04
 95.5 2.96766E+04
 96.0 2.93320E+04
 96.5 2.89887E+04
 97.0 2.86467E+04
 97.5 2.83061E+04
 98.0 2.79668E+04
 98.5 2.76288E+04
 99.0 2.72921E+04
 99.5 2.69567E+04
100.0 2.66226E+04
100.5 2.62898E+04
101.0 2.59583E+04
101.5 2.56280E+04
102.0 2.52990E+04
102.5 2.49712E+04
103.0 2.46446E+04
103.5 2.43193E+04
104.0 2.39952E+04
104.5 2.36723E+04
105.0 2.33506E+04
105.5 2.30300E+04
106.0 2.27107E+04
106.5 2.23925E+04
107.0 2.20755E+04
107.5 2.17596E+04
108.0 2.14449E+04
108.5 2.11313E+04
109.0 2.08188E+04
109.5 2.05074E+04
110.0 2.01971E+04
110.5 1.98880E+04
111.0 1.95799E+04
111.5 1.92729E+04
112.0 1.89670E+04
112.5 1.86621E+04
113.0 1.83583E+04
113.5 1.80556E+04
114.0 1.77539E+04
114.5 1.74532E+04
115.0 1.71536E+04
115.5 1.68549E+04
116.0 1.65573E+04
116.5 1.62608E+04
117.0 1.59652E+04
117.5 1.56706E+04
118.0 1.53770E+04
118.5 1.50844E+04
119.0 1.47928E+04
119.5 1.45022E+04
120.0 1.42126E+04
120.5 1.39239E+04
121.0 1.36362E+04
121.5 1.33495E+04
122.0 1.30637E+04
122.5 1.27789E+04
123.0 1.24950E+04
123.5 1.22122E+04
124.0 1.19302E+04
124.5 1.16492E+04
125.0 1.13692E+04
125.5 1.10901E+04
126.0 1.08119E+04
126.5 1.05347E+04
127.0 1.02585E+04
127.5 9.98315E+03
128.0 9.70878E+03
128.5 9.43534E+03
129.0 9.16286E+03
129.5 8.89131E+03
130.0 8.62071E+03
130.5 8.35106E+03
131.0 8.08234E+03
131.5 7.81458E+03
132.0 7.54777E+03
132.5 7.28190E+03
133.0 7.01699E+03
133.5 6.75303E+03
134.0 6.49002E+03
134.5 6.22798E+03
135.0 5.96690E+03
135.5 5.70678E+03
136.0 5.44763E+03
136.5 5.18945E+03
137.0 4.93224E+03
137.5 4.67602E+03
138.0 4.42077E+03
138.5 4.16652E+03
139.0 3.91325E+03
139.5 3.66098E+03
140.0 3.40971E+03
140.5 3.15944E+03
141.0 2.91019E+03
141.5 2.66195E+03
142.0 2.41473E+03
142.5 2.16854E+03
143.0 1.92338E+03
143.5 1.67926E+03
144.0 1.43618E+03
144.5 1.19416E+03
145.0 9.53195E+02
145.5 7.13293E+02
146.0 4.74463E+02
146.5 2.36712E+02
147.0 1.96995E+01
