147K13D0W2
  0.5 0.00000E+00
  1.0 0.00000E+00
  1.5 0.00000E+00
  2.0 0.00000E+00
  2.5 0.00000E+00
  3.0 0.00000E+00
  3.5 1.67551E+04
  4.0 2.24851E+04
  4.5 2.84753E+04
  5.0 3.47085E+04
  5.5 4.11773E+04
  6.0 4.78781E+04
  6.5 5.48089E+04
  7.0 6.19694E+04
  7.5 6.93608E+04
  8.0 7.69868E+04
  8.5 4.27029E+05
  9.0 9.29727E+04
  9.5 5.94167E+05
 10.0 5.01185E+05
 10.5 4.40818E+04
 11.0 4.74172E+04
 11.5 6.46980E+04
 12.0 3.67315E+04
 12.5 3.43166E+04
 13.0 3.64929E+04
 13.5 3.87064E+04
 14.0 4.09574E+04
 14.5 4.32463E+04
 15.0 4.55739E+04
 15.5 4.79408E+04
 16.0 5.03479E+04
 16.5 5.27962E+04
 17.0 5.52866E+04
 17.5 5.78202E+04
 18.0 6.03976E+04
 18.5 6.30190E+04
 19.0 6.56840E+04
 19.5 6.83909E+04
 20.0 7.11370E+04
 20.5 7.39179E+04
 21.0 7.67277E+04
 21.5 7.95588E+04
 22.0 8.24022E+04
 22.5 8.52473E+04
 23.0 8.80823E+04
 23.5 9.08948E+04
 24.0 9.36718E+04
 24.5 9.63998E+04
 25.0 9.90658E+04
 25.5 1.01657E+05
 26.0 1.04161E+05
 26.5 1.06568E+05
 27.0 1.08866E+05
 27.5 1.11047E+05
 28.0 1.13105E+05
 28.5 1.15031E+05
 29.0 1.16823E+05
 29.5 1.18475E+05
 30.0 1.19986E+05
 30.5 1.21356E+05
 31.0 1.22582E+05
 31.5 1.23668E+05
 32.0 1.24613E+05
 32.5 1.25422E+05
 33.0 1.26097E+05
 33.5 1.26642E+05
 34.0 1.27061E+05
 34.5 1.27360E+05
 35.0 1.27543E+05
 35.5 1.27615E+05
 36.0 1.27581E+05
 36.5 1.27448E+05
 37.0 1.27220E+05
 37.5 1.26903E+05
 38.0 1.26503E+05
 38.5 1.26024E+05
 39.0 1.25473E+05
 39.5 1.24853E+05
 40.0 1.24171E+05
 40.5 1.23431E+05
 41.0 1.22637E+05
 41.5 1.21794E+05
 42.0 1.20906E+05
 42.5 1.19978E+05
 43.0 1.19012E+05
 43.5 1.18013E+05
 44.0 1.16984E+05
 44.5 1.15928E+05
 45.0 1.14849E+05
 45.5 1.13749E+05
 46.0 1.12632E+05
 46.5 1.11498E+05
 47.0 1.10352E+05
 47.5 1.09194E+05
 48.0 1.08028E+05
 48.5 1.06855E+05
 49.0 1.05677E+05
 49.5 1.04495E+05
 50.0 1.03312E+05
 50.5 1.02128E+05
 51.0 1.00945E+05
 51.5 9.97636E+04
 52.0 9.85856E+04
 52.5 9.74117E+04
 53.0 9.62429E+04
 53.5 9.50799E+04
 54.0 9.39237E+04
 54.5 9.27748E+04
 55.0 9.16340E+04
 55.5 9.05017E+04
 56.0 8.93785E+04
 56.5 8.82648E+04
 57.0 8.71611E+04
 57.5 8.60677E+04
 58.0 4.86570E+05
 58.5 8.39131E+04
 59.0 8.28523E+04
 59.5 7.94717E+05
 60.0 8.07650E+04
 60.5 7.97387E+04
 61.0 7.87241E+04
 61.5 7.77214E+04
 62.0 7.67306E+04
 62.5 7.57516E+04
 63.0 7.47847E+04
 63.5 7.38297E+04
 64.0 7.28865E+04
 64.5 7.19554E+04
 65.0 7.10360E+04
 65.5 7.01285E+04
 66.0 6.92326E+04
 66.5 6.83484E+04
 67.0 3.20292E+05
 67.5 6.66146E+04
 68.0 6.57647E+04
 68.5 6.49261E+04
 69.0 1.31583E+05
 69.5 5.99206E+04
 70.0 4.25915E+04
 70.5 4.23541E+04
 71.0 4.21132E+04
 71.5 4.18689E+04
 72.0 4.16215E+04
 72.5 4.13710E+04
 73.0 4.11175E+04
 73.5 4.08612E+04
 74.0 4.06023E+04
 74.5 4.03408E+04
 75.0 4.00768E+04
 75.5 3.98106E+04
 76.0 3.95421E+04
 76.5 3.92715E+04
 77.0 3.89989E+04
 77.5 3.87244E+04
 78.0 3.84482E+04
 78.5 3.81702E+04
 79.0 3.78906E+04
 79.5 3.76095E+04
 80.0 3.73270E+04
 80.5 3.70431E+04
 81.0 3.67579E+04
 81.5 3.64716E+04
 82.0 3.61841E+04
 82.5 3.58955E+04
 83.0 3.56060E+04
 83.5 3.53156E+04
 84.0 3.50243E+04
 84.5 3.47322E+04
 85.0 3.44393E+04
 85.5 3.41458E+04
 86.0 3.38517E+04
 86.5 3.35570E+04
 87.0 3.32617E+04
 87.5 3.29660E+04
 88.0 3.26699E+04
 88.5 3.23734E+04
 89.0 3.20765E+04
 89.5 3.17793E+04
 90.0 3.14819E+04
 90.5 3.11842E+04
 91.0 3.08863E+04
 91.5 3.05883E+04
 92.0 3.02902E+04
 92.5 2.99920E+04
 93.0 2.96937E+04
 93.5 2.93953E+04
 94.0 2.90970E+04
 94.5 2.87987E+04
 95.0 2.85004E+04
 95.5 2.82022E+04
 96.0 2.79041E+04
 96.5 2.76061E+04
 97.0 2.73082E+04
 97.5 2.70105E+04
 98.0 2.67130E+04
 98.5 2.64156E+04
 99.0 2.61185E+04
 99.5 2.58216E+04
100.0 2.55249E+04
100.5 2.52285E+04
101.0 2.49324E+04
101.5 2.46365E+04
102.0 2.43410E+04
102.5 2.40458E+04
103.0 2.37509E+04
103.5 2.34563E+04
104.0 2.31621E+04
104.5 2.28683E+04
105.0 2.25748E+04
105.5 2.22818E+04
106.0 2.19891E+04
106.5 2.16968E+04
107.0 2.14049E+04
107.5 2.11135E+04
108.0 2.08225E+04
108.5 2.05319E+04
109.0 2.02418E+04
109.5 1.99521E+04
110.0 1.96629E+04
110.5 1.93742E+04
111.0 1.90859E+04
111.5 1.87981E+04
112.0 1.85108E+04
112.5 1.82241E+04
113.0 1.79378E+04
113.5 1.76520E+04
114.0 1.73668E+04
114.5 1.70821E+04
115.0 1.67979E+04
115.5 1.65142E+04
116.0 1.62311E+04
116.5 1.59485E+04
117.0 1.56665E+04
117.5 1.53851E+04
118.0 1.51042E+04
118.5 1.48239E+04
119.0 1.45442E+04
119.5 1.42650E+04
120.0 1.39865E+04
120.5 1.37085E+04
121.0 1.34312E+04
121.5 1.31544E+04
122.0 1.28783E+04
122.5 1.26028E+04
123.0 1.23279E+04
123.5 1.20536E+04
124.0 1.17800E+04
124.5 1.15070E+04
125.0 1.12347E+04
125.5 1.09630E+04
126.0 1.06920E+04
126.5 1.04217E+04
127.0 1.01520E+04
127.5 9.88300E+03
128.0 9.61469E+03
128.5 9.34708E+03
129.0 9.08017E+03
129.5 8.81397E+03
130.0 8.54848E+03
130.5 8.28371E+03
131.0 8.01967E+03
131.5 7.75636E+03
132.0 7.49379E+03
132.5 7.23197E+03
133.0 6.97091E+03
133.5 6.71061E+03
134.0 6.45107E+03
134.5 6.19232E+03
135.0 5.93435E+03
135.5 5.67718E+03
136.0 5.42080E+03
136.5 5.16523E+03
137.0 4.91048E+03
137.5 4.65656E+03
138.0 4.40346E+03
138.5 4.15121E+03
139.0 3.89981E+03
139.5 3.64926E+03
140.0 3.39958E+03
140.5 3.15078E+03
141.0 2.90286E+03
141.5 2.65583E+03
142.0 2.40970E+03
142.5 2.16448E+03
143.0 1.92019E+03
143.5 1.67682E+03
144.0 1.43439E+03
144.5 1.19291E+03
145.0 9.52380E+02
145.5 7.12821E+02
146.0 4.74239E+02
146.5 2.36642E+02
147.0 1.96959E+01
