147K16D0W2
  0.5 0.00000E+00
  1.0 0.00000E+00
  1.5 0.00000E+00
  2.0 0.00000E+00
  2.5 0.00000E+00
  3.0 0.00000E+00
  3.5 2.20781E+04
  4.0 2.91143E+04
  4.5 3.64846E+04
  5.0 4.41777E+04
  5.5 5.21893E+04
  6.0 6.05181E+04
  6.5 6.91655E+04
  7.0 7.81355E+04
  7.5 8.74362E+04
  8.0 9.70807E+04
  8.5 8.90953E+05
  9.0 1.17490E+05
  9.5 1.01642E+06
 10.0 8.50865E+05
 10.5 5.55532E+04
 11.0 5.97536E+04
 11.5 1.04534E+05
 12.0 4.62851E+04
 12.5 4.32413E+04
 13.0 4.59758E+04
 13.5 4.87643E+04
 14.0 5.16079E+04
 14.5 5.45081E+04
 15.0 5.74668E+04
 15.5 6.04858E+04
 16.0 6.35673E+04
 16.5 6.67130E+04
 17.0 6.99240E+04
 17.5 7.32007E+04
 18.0 7.65414E+04
 18.5 7.99430E+04
 19.0 8.33996E+04
 19.5 8.69027E+04
 20.0 9.04415E+04
 20.5 9.40021E+04
 21.0 9.75689E+04
 21.5 1.01124E+05
 22.0 1.04649E+05
 22.5 1.08124E+05
 23.0 1.11529E+05
 23.5 1.14845E+05
 24.0 1.18054E+05
 24.5 1.21138E+05
 25.0 1.24083E+05
 25.5 1.26875E+05
 26.0 1.29502E+05
 26.5 1.31955E+05
 27.0 1.34228E+05
 27.5 1.36314E+05
 28.0 1.38211E+05
 28.5 1.39917E+05
 29.0 1.41433E+05
 29.5 1.42760E+05
 30.0 1.43901E+05
 30.5 1.44861E+05
 31.0 1.45644E+05
 31.5 1.46256E+05
 32.0 1.46704E+05
 32.5 1.46996E+05
 33.0 1.47137E+05
 33.5 1.47137E+05
 34.0 1.47003E+05
 34.5 1.46742E+05
 35.0 1.46362E+05
 35.5 1.45872E+05
 36.0 1.45279E+05
 36.5 1.44590E+05
 37.0 1.43812E+05
 37.5 1.42953E+05
 38.0 1.42019E+05
 38.5 1.41017E+05
 39.0 1.39953E+05
 39.5 1.38832E+05
 40.0 1.37660E+05
 40.5 1.36443E+05
 41.0 1.35185E+05
 41.5 1.33892E+05
 42.0 1.32566E+05
 42.5 1.31213E+05
 43.0 1.29836E+05
 43.5 1.28440E+05
 44.0 1.27026E+05
 44.5 1.25599E+05
 45.0 1.24160E+05
 45.5 1.22714E+05
 46.0 1.21262E+05
 46.5 1.19806E+05
 47.0 1.18349E+05
 47.5 1.16893E+05
 48.0 1.15438E+05
 48.5 1.13988E+05
 49.0 1.12543E+05
 49.5 1.11104E+05
 50.0 1.09674E+05
 50.5 1.08252E+05
 51.0 1.06840E+05
 51.5 1.05439E+05
 52.0 1.04050E+05
 52.5 1.02673E+05
 53.0 1.01309E+05
 53.5 9.99581E+04
 54.0 9.86214E+04
 54.5 9.72991E+04
 55.0 9.59916E+04
 55.5 9.46991E+04
 56.0 9.34220E+04
 56.5 9.21603E+04
 57.0 9.09145E+04
 57.5 8.96844E+04
 58.0 5.21323E+05
 58.5 8.72720E+04
 59.0 8.60898E+04
 59.5 8.50018E+05
 60.0 8.37735E+04
 60.5 8.26393E+04
 61.0 8.15209E+04
 61.5 8.04183E+04
 62.0 7.93315E+04
 62.5 7.82602E+04
 63.0 7.72044E+04
 63.5 7.61639E+04
 64.0 7.51386E+04
 64.5 7.41282E+04
 65.0 7.31327E+04
 65.5 7.21518E+04
 66.0 7.11854E+04
 66.5 7.02332E+04
 67.0 3.35386E+05
 67.5 6.83709E+04
 68.0 6.74603E+04
 68.5 6.65632E+04
 69.0 1.36436E+05
 69.5 6.18899E+04
 70.0 4.66981E+04
 70.5 4.63612E+04
 71.0 4.60227E+04
 71.5 4.56825E+04
 72.0 4.53409E+04
 72.5 4.49981E+04
 73.0 4.46540E+04
 73.5 4.43089E+04
 74.0 4.39628E+04
 74.5 4.36159E+04
 75.0 4.32683E+04
 75.5 4.29201E+04
 76.0 4.25713E+04
 76.5 4.22221E+04
 77.0 4.18725E+04
 77.5 4.15227E+04
 78.0 4.11727E+04
 78.5 4.08225E+04
 79.0 4.04723E+04
 79.5 4.01222E+04
 80.0 3.97721E+04
 80.5 3.94222E+04
 81.0 3.90724E+04
 81.5 3.87230E+04
 82.0 3.83738E+04
 82.5 3.80250E+04
 83.0 3.76766E+04
 83.5 3.73287E+04
 84.0 3.69812E+04
 84.5 3.66342E+04
 85.0 3.62879E+04
 85.5 3.59420E+04
 86.0 3.55968E+04
 86.5 3.52523E+04
 87.0 3.49085E+04
 87.5 3.45653E+04
 88.0 3.42228E+04
 88.5 3.38811E+04
 89.0 3.35402E+04
 89.5 3.32001E+04
 90.0 3.28607E+04
 90.5 3.25222E+04
 91.0 3.21844E+04
 91.5 3.18476E+04
 92.0 3.15116E+04
 92.5 3.11764E+04
 93.0 3.08421E+04
 93.5 3.05087E+04
 94.0 3.01762E+04
 94.5 2.98446E+04
 95.0 2.95139E+04
 95.5 2.91841E+04
 96.0 2.88552E+04
 96.5 2.85273E+04
 97.0 2.82002E+04
 97.5 2.78741E+04
 98.0 2.75489E+04
 98.5 2.72246E+04
 99.0 2.69013E+04
 99.5 2.65788E+04
100.0 2.62573E+04
100.5 2.59368E+04
101.0 2.56172E+04
101.5 2.52985E+04
102.0 2.49807E+04
102.5 2.46638E+04
103.0 2.43479E+04
103.5 2.40329E+04
104.0 2.37188E+04
104.5 2.34056E+04
105.0 2.30934E+04
105.5 2.27820E+04
106.0 2.24716E+04
106.5 2.21620E+04
107.0 2.18534E+04
107.5 2.15457E+04
108.0 2.12389E+04
108.5 2.09330E+04
109.0 2.06279E+04
109.5 2.03238E+04
110.0 2.00205E+04
110.5 1.97182E+04
111.0 1.94167E+04
111.5 1.91161E+04
112.0 1.88163E+04
112.5 1.85175E+04
113.0 1.82195E+04
113.5 1.79224E+04
114.0 1.76262E+04
114.5 1.73308E+04
115.0 1.70363E+04
115.5 1.67426E+04
116.0 1.64498E+04
116.5 1.61579E+04
117.0 1.58668E+04
117.5 1.55766E+04
118.0 1.52872E+04
118.5 1.49986E+04
119.0 1.47110E+04
119.5 1.44241E+04
120.0 1.41382E+04
120.5 1.38530E+04
121.0 1.35688E+04
121.5 1.32853E+04
122.0 1.30027E+04
122.5 1.27210E+04
123.0 1.24401E+04
123.5 1.21600E+04
124.0 1.18809E+04
124.5 1.16025E+04
125.0 1.13250E+04
125.5 1.10483E+04
126.0 1.07725E+04
126.5 1.04976E+04
127.0 1.02235E+04
127.5 9.95028E+03
128.0 9.67790E+03
128.5 9.40638E+03
129.0 9.13573E+03
129.5 8.86594E+03
130.0 8.59702E+03
130.5 8.32897E+03
131.0 8.06179E+03
131.5 7.79549E+03
132.0 7.53007E+03
132.5 7.26553E+03
133.0 7.00188E+03
133.5 6.73913E+03
134.0 6.47726E+03
134.5 6.21630E+03
135.0 5.95623E+03
135.5 5.69708E+03
136.0 5.43884E+03
136.5 5.18152E+03
137.0 4.92512E+03
137.5 4.66965E+03
138.0 4.41511E+03
138.5 4.16151E+03
139.0 3.90885E+03
139.5 3.65714E+03
140.0 3.40639E+03
140.5 3.15661E+03
141.0 2.90779E+03
141.5 2.65995E+03
142.0 2.41309E+03
142.5 2.16721E+03
143.0 1.92234E+03
143.5 1.67846E+03
144.0 1.43560E+03
144.5 1.19375E+03
145.0 9.52928E+02
145.5 7.13139E+02
146.0 4.74390E+02
146.5 2.36689E+02
147.0 1.96983E+01
