147K20D0W2
  0.5 0.00000E+00
  1.0 0.00000E+00
  1.5 0.00000E+00
  2.0 0.00000E+00
  2.5 0.00000E+00
  3.0 0.00000E+00
  3.5 2.95071E+04
  4.0 3.83404E+04
  4.5 4.76253E+04
  5.0 5.73567E+04
  5.5 6.75350E+04
  6.0 7.81649E+04
  6.5 8.92561E+04
  7.0 1.00825E+05
  7.5 1.12898E+05
  8.0 1.25515E+05
  8.5 1.75988E+06
  9.0 1.52616E+05
  9.5 1.65553E+06
 10.0 1.37997E+06
 10.5 7.16731E+04
 11.0 7.71330E+04
 11.5 1.80959E+05
 12.0 5.96978E+04
 12.5 5.57650E+04
 13.0 5.93078E+04
 13.5 6.29342E+04
 14.0 6.66478E+04
 14.5 7.04523E+04
 15.0 7.43517E+04
 15.5 7.83490E+04
 16.0 8.24459E+04
 16.5 8.66416E+04
 17.0 9.09319E+04
 17.5 9.53091E+04
 18.0 9.97605E+04
 18.5 1.04269E+05
 19.0 1.08814E+05
 19.5 1.13369E+05
 20.0 1.17908E+05
 20.5 1.22401E+05
 21.0 1.26818E+05
 21.5 1.31129E+05
 22.0 1.35305E+05
 22.5 1.39319E+05
 23.0 1.43149E+05
 23.5 1.46772E+05
 24.0 1.50171E+05
 24.5 1.53333E+05
 25.0 1.56245E+05
 25.5 1.58902E+05
 26.0 1.61298E+05
 26.5 1.63432E+05
 27.0 1.65306E+05
 27.5 1.66922E+05
 28.0 1.68287E+05
 28.5 1.69406E+05
 29.0 1.70289E+05
 29.5 1.70945E+05
 30.0 1.71383E+05
 30.5 1.71616E+05
 31.0 1.71654E+05
 31.5 1.71509E+05
 32.0 1.71192E+05
 32.5 1.70715E+05
 33.0 1.70089E+05
 33.5 1.69325E+05
 34.0 1.68435E+05
 34.5 1.67428E+05
 35.0 1.66315E+05
 35.5 1.65105E+05
 36.0 1.63807E+05
 36.5 1.62431E+05
 37.0 1.60983E+05
 37.5 1.59473E+05
 38.0 1.57907E+05
 38.5 1.56292E+05
 39.0 1.54634E+05
 39.5 1.52939E+05
 40.0 1.51213E+05
 40.5 1.49461E+05
 41.0 1.47687E+05
 41.5 1.45897E+05
 42.0 1.44093E+05
 42.5 1.42280E+05
 43.0 1.40461E+05
 43.5 1.38639E+05
 44.0 1.36817E+05
 44.5 1.34998E+05
 45.0 1.33183E+05
 45.5 1.31376E+05
 46.0 1.29577E+05
 46.5 1.27789E+05
 47.0 1.26014E+05
 47.5 1.24252E+05
 48.0 1.22505E+05
 48.5 1.20774E+05
 49.0 1.19060E+05
 49.5 1.17364E+05
 50.0 1.15687E+05
 50.5 1.14028E+05
 51.0 1.12390E+05
 51.5 1.10772E+05
 52.0 1.09175E+05
 52.5 1.07598E+05
 53.0 1.06043E+05
 53.5 1.04509E+05
 54.0 1.02997E+05
 54.5 1.01507E+05
 55.0 1.00038E+05
 55.5 9.85914E+04
 56.0 9.71661E+04
 56.5 9.57625E+04
 57.0 9.43805E+04
 57.5 9.30198E+04
 58.0 5.53940E+05
 58.5 9.03621E+04
 59.0 8.90648E+04
 59.5 9.01757E+05
 60.0 8.65317E+04
 60.5 8.52956E+04
 61.0 8.40795E+04
 61.5 8.28832E+04
 62.0 8.17062E+04
 62.5 8.05484E+04
 63.0 7.94095E+04
 63.5 7.82892E+04
 64.0 7.71871E+04
 64.5 7.61031E+04
 65.0 7.50367E+04
 65.5 7.39878E+04
 66.0 7.29559E+04
 66.5 7.19408E+04
 67.0 3.49243E+05
 67.5 6.99597E+04
 68.0 6.89931E+04
 68.5 6.80422E+04
 69.0 1.40861E+05
 69.5 6.37259E+04
 70.0 5.07493E+04
 70.5 5.03049E+04
 71.0 4.98613E+04
 71.5 4.94185E+04
 72.0 4.89765E+04
 72.5 4.85356E+04
 73.0 4.80958E+04
 73.5 4.76571E+04
 74.0 4.72197E+04
 74.5 4.67837E+04
 75.0 4.63490E+04
 75.5 4.59158E+04
 76.0 4.54841E+04
 76.5 4.50540E+04
 77.0 4.46255E+04
 77.5 4.41987E+04
 78.0 4.37736E+04
 78.5 4.33502E+04
 79.0 4.29286E+04
 79.5 4.25088E+04
 80.0 4.20908E+04
 80.5 4.16747E+04
 81.0 4.12604E+04
 81.5 4.08481E+04
 82.0 4.04376E+04
 82.5 4.00291E+04
 83.0 3.96225E+04
 83.5 3.92178E+04
 84.0 3.88151E+04
 84.5 3.84143E+04
 85.0 3.80155E+04
 85.5 3.76187E+04
 86.0 3.72237E+04
 86.5 3.68308E+04
 87.0 3.64398E+04
 87.5 3.60507E+04
 88.0 3.56635E+04
 88.5 3.52783E+04
 89.0 3.48950E+04
 89.5 3.45136E+04
 90.0 3.41341E+04
 90.5 3.37565E+04
 91.0 3.33807E+04
 91.5 3.30069E+04
 92.0 3.26348E+04
 92.5 3.22647E+04
 93.0 3.18963E+04
 93.5 3.15297E+04
 94.0 3.11650E+04
 94.5 3.08020E+04
 95.0 3.04408E+04
 95.5 3.00813E+04
 96.0 2.97235E+04
 96.5 2.93675E+04
 97.0 2.90131E+04
 97.5 2.86605E+04
 98.0 2.83095E+04
 98.5 2.79601E+04
 99.0 2.76124E+04
 99.5 2.72663E+04
100.0 2.69217E+04
100.5 2.65788E+04
101.0 2.62374E+04
101.5 2.58976E+04
102.0 2.55593E+04
102.5 2.52225E+04
103.0 2.48871E+04
103.5 2.45533E+04
104.0 2.42209E+04
104.5 2.38900E+04
105.0 2.35605E+04
105.5 2.32324E+04
106.0 2.29058E+04
106.5 2.25805E+04
107.0 2.22565E+04
107.5 2.19340E+04
108.0 2.16127E+04
108.5 2.12928E+04
109.0 2.09742E+04
109.5 2.06570E+04
110.0 2.03409E+04
110.5 2.00262E+04
111.0 1.97127E+04
111.5 1.94005E+04
112.0 1.90895E+04
112.5 1.87797E+04
113.0 1.84712E+04
113.5 1.81638E+04
114.0 1.78577E+04
114.5 1.75527E+04
115.0 1.72488E+04
115.5 1.69462E+04
116.0 1.66447E+04
116.5 1.63443E+04
117.0 1.60451E+04
117.5 1.57469E+04
118.0 1.54499E+04
118.5 1.51540E+04
119.0 1.48592E+04
119.5 1.45655E+04
120.0 1.42729E+04
120.5 1.39814E+04
121.0 1.36909E+04
121.5 1.34015E+04
122.0 1.31131E+04
122.5 1.28258E+04
123.0 1.25396E+04
123.5 1.22544E+04
124.0 1.19702E+04
124.5 1.16871E+04
125.0 1.14049E+04
125.5 1.11239E+04
126.0 1.08438E+04
126.5 1.05648E+04
127.0 1.02868E+04
127.5 1.00097E+04
128.0 9.73376E+03
128.5 9.45877E+03
129.0 9.18480E+03
129.5 8.91183E+03
130.0 8.63987E+03
130.5 8.36891E+03
131.0 8.09896E+03
131.5 7.83001E+03
132.0 7.56207E+03
132.5 7.29512E+03
133.0 7.02919E+03
133.5 6.76426E+03
134.0 6.50033E+03
134.5 6.23741E+03
135.0 5.97551E+03
135.5 5.71461E+03
136.0 5.45472E+03
136.5 5.19585E+03
137.0 4.93800E+03
137.5 4.68116E+03
138.0 4.42535E+03
138.5 4.17056E+03
139.0 3.91680E+03
139.5 3.66407E+03
140.0 3.41238E+03
140.5 3.16173E+03
141.0 2.91212E+03
141.5 2.66356E+03
142.0 2.41606E+03
142.5 2.16961E+03
143.0 1.92422E+03
143.5 1.67990E+03
144.0 1.43666E+03
144.5 1.19449E+03
145.0 9.53409E+02
145.5 7.13418E+02
146.0 4.74522E+02
146.5 2.36730E+02
147.0 1.97005E+01
