147K21D0W2
  0.5 0.00000E+00
  1.0 0.00000E+00
  1.5 0.00000E+00
  2.0 0.00000E+00
  2.5 0.00000E+00
  3.0 0.00000E+00
  3.5 3.14304E+04
  4.0 4.07266E+04
  4.5 5.05070E+04
  5.0 6.07681E+04
  5.5 7.15117E+04
  6.0 8.27448E+04
  6.5 9.44800E+04
  7.0 1.06739E+05
  7.5 1.19554E+05
  8.0 1.32977E+05
  8.5 2.01152E+06
  9.0 1.61923E+05
  9.5 1.82135E+06
 10.0 1.51729E+06
 10.5 7.58787E+04
 11.0 8.16766E+04
 11.5 2.03787E+05
 12.0 6.31946E+04
 12.5 5.90287E+04
 13.0 6.27873E+04
 13.5 6.66387E+04
 14.0 7.05872E+04
 14.5 7.46371E+04
 15.0 7.87926E+04
 15.5 8.30564E+04
 16.0 8.74291E+04
 16.5 9.19081E+04
 17.0 9.64864E+04
 17.5 1.01152E+05
 18.0 1.05889E+05
 18.5 1.10674E+05
 19.0 1.15481E+05
 19.5 1.20282E+05
 20.0 1.25044E+05
 20.5 1.29734E+05
 21.0 1.34319E+05
 21.5 1.38767E+05
 22.0 1.43049E+05
 22.5 1.47137E+05
 23.0 1.51008E+05
 23.5 1.54643E+05
 24.0 1.58024E+05
 24.5 1.61140E+05
 25.0 1.63982E+05
 25.5 1.66546E+05
 26.0 1.68828E+05
 26.5 1.70831E+05
 27.0 1.72558E+05
 27.5 1.74014E+05
 28.0 1.75207E+05
 28.5 1.76147E+05
 29.0 1.76844E+05
 29.5 1.77308E+05
 30.0 1.77552E+05
 30.5 1.77588E+05
 31.0 1.77428E+05
 31.5 1.77086E+05
 32.0 1.76573E+05
 32.5 1.75902E+05
 33.0 1.75086E+05
 33.5 1.74135E+05
 34.0 1.73062E+05
 34.5 1.71876E+05
 35.0 1.70588E+05
 35.5 1.69209E+05
 36.0 1.67747E+05
 36.5 1.66212E+05
 37.0 1.64611E+05
 37.5 1.62952E+05
 38.0 1.61243E+05
 38.5 1.59489E+05
 39.0 1.57699E+05
 39.5 1.55877E+05
 40.0 1.54028E+05
 40.5 1.52158E+05
 41.0 1.50272E+05
 41.5 1.48373E+05
 42.0 1.46466E+05
 42.5 1.44553E+05
 43.0 1.42639E+05
 43.5 1.40726E+05
 44.0 1.38817E+05
 44.5 1.36914E+05
 45.0 1.35019E+05
 45.5 1.33136E+05
 46.0 1.31264E+05
 46.5 1.29406E+05
 47.0 1.27564E+05
 47.5 1.25738E+05
 48.0 1.23930E+05
 48.5 1.22141E+05
 49.0 1.20371E+05
 49.5 1.18622E+05
 50.0 1.16893E+05
 50.5 1.15186E+05
 51.0 1.13501E+05
 51.5 1.11839E+05
 52.0 1.10199E+05
 52.5 1.08581E+05
 53.0 1.06987E+05
 53.5 1.05416E+05
 54.0 1.03868E+05
 54.5 1.02344E+05
 55.0 1.00842E+05
 55.5 9.93642E+04
 56.0 9.79090E+04
 56.5 9.64766E+04
 57.0 9.50671E+04
 57.5 9.36801E+04
 58.0 5.60459E+05
 58.5 9.09730E+04
 59.0 8.96524E+04
 59.5 9.12080E+05
 60.0 8.70759E+04
 60.5 8.58194E+04
 61.0 8.45838E+04
 61.5 8.33686E+04
 62.0 8.21737E+04
 62.5 8.09986E+04
 63.0 7.98431E+04
 63.5 7.87069E+04
 64.0 7.75896E+04
 64.5 7.64908E+04
 65.0 7.54104E+04
 65.5 7.43479E+04
 66.0 7.33030E+04
 66.5 7.22754E+04
 67.0 3.51979E+05
 67.5 7.02709E+04
 68.0 6.92932E+04
 68.5 6.83316E+04
 69.0 1.41731E+05
 69.5 6.40919E+04
 70.0 5.15820E+04
 70.5 5.11145E+04
 71.0 5.06483E+04
 71.5 5.01834E+04
 72.0 4.97200E+04
 72.5 4.92581E+04
 73.0 4.87979E+04
 73.5 4.83394E+04
 74.0 4.78826E+04
 74.5 4.74277E+04
 75.0 4.69746E+04
 75.5 4.65235E+04
 76.0 4.60744E+04
 76.5 4.56273E+04
 77.0 4.51822E+04
 77.5 4.47393E+04
 78.0 4.42985E+04
 78.5 4.38598E+04
 79.0 4.34233E+04
 79.5 4.29891E+04
 80.0 4.25570E+04
 80.5 4.21272E+04
 81.0 4.16996E+04
 81.5 4.12742E+04
 82.0 4.08511E+04
 82.5 4.04303E+04
 83.0 4.00118E+04
 83.5 3.95954E+04
 84.0 3.91814E+04
 84.5 3.87696E+04
 85.0 3.83601E+04
 85.5 3.79528E+04
 86.0 3.75477E+04
 86.5 3.71449E+04
 87.0 3.67443E+04
 87.5 3.63459E+04
 88.0 3.59496E+04
 88.5 3.55556E+04
 89.0 3.51637E+04
 89.5 3.47740E+04
 90.0 3.43864E+04
 90.5 3.40009E+04
 91.0 3.36175E+04
 91.5 3.32361E+04
 92.0 3.28569E+04
 92.5 3.24796E+04
 93.0 3.21044E+04
 93.5 3.17312E+04
 94.0 3.13600E+04
 94.5 3.09907E+04
 95.0 3.06234E+04
 95.5 3.02579E+04
 96.0 2.98944E+04
 96.5 2.95328E+04
 97.0 2.91730E+04
 97.5 2.88150E+04
 98.0 2.84589E+04
 98.5 2.81046E+04
 99.0 2.77520E+04
 99.5 2.74012E+04
100.0 2.70521E+04
100.5 2.67047E+04
101.0 2.63590E+04
101.5 2.60149E+04
102.0 2.56726E+04
102.5 2.53318E+04
103.0 2.49927E+04
103.5 2.46551E+04
104.0 2.43191E+04
104.5 2.39847E+04
105.0 2.36518E+04
105.5 2.33204E+04
106.0 2.29905E+04
106.5 2.26622E+04
107.0 2.23352E+04
107.5 2.20097E+04
108.0 2.16857E+04
108.5 2.13630E+04
109.0 2.10417E+04
109.5 2.07219E+04
110.0 2.04034E+04
110.5 2.00862E+04
111.0 1.97704E+04
111.5 1.94559E+04
112.0 1.91427E+04
112.5 1.88307E+04
113.0 1.85201E+04
113.5 1.82108E+04
114.0 1.79026E+04
114.5 1.75958E+04
115.0 1.72901E+04
115.5 1.69857E+04
116.0 1.66825E+04
116.5 1.63805E+04
117.0 1.60797E+04
117.5 1.57800E+04
118.0 1.54815E+04
118.5 1.51842E+04
119.0 1.48880E+04
119.5 1.45929E+04
120.0 1.42990E+04
120.5 1.40062E+04
121.0 1.37145E+04
121.5 1.34240E+04
122.0 1.31345E+04
122.5 1.28461E+04
123.0 1.25588E+04
123.5 1.22726E+04
124.0 1.19875E+04
124.5 1.17034E+04
125.0 1.14204E+04
125.5 1.11385E+04
126.0 1.08576E+04
126.5 1.05778E+04
127.0 1.02990E+04
127.5 1.00212E+04
128.0 9.74455E+03
128.5 9.46890E+03
129.0 9.19428E+03
129.5 8.92069E+03
130.0 8.64814E+03
130.5 8.37663E+03
131.0 8.10614E+03
131.5 7.83667E+03
132.0 7.56824E+03
132.5 7.30084E+03
133.0 7.03446E+03
133.5 6.76911E+03
134.0 6.50479E+03
134.5 6.24149E+03
135.0 5.97922E+03
135.5 5.71799E+03
136.0 5.45778E+03
136.5 5.19861E+03
137.0 4.94048E+03
137.5 4.68338E+03
138.0 4.42732E+03
138.5 4.17230E+03
139.0 3.91833E+03
139.5 3.66541E+03
140.0 3.41354E+03
140.5 3.16272E+03
141.0 2.91296E+03
141.5 2.66426E+03
142.0 2.41663E+03
142.5 2.17007E+03
143.0 1.92458E+03
143.5 1.68018E+03
144.0 1.43686E+03
144.5 1.19463E+03
145.0 9.53502E+02
145.5 7.13471E+02
146.0 4.74548E+02
146.5 2.36738E+02
147.0 1.97009E+01
