148K07D0W2
  0.5 0.00000E+00
  1.0 0.00000E+00
  1.5 0.00000E+00
  2.0 0.00000E+00
  2.5 0.00000E+00
  3.0 0.00000E+00
  3.5 6.71603E+03
  4.0 9.82390E+03
  4.5 1.31026E+04
  5.0 1.65069E+04
  5.5 2.00175E+04
  6.0 2.36252E+04
  6.5 2.73251E+04
  7.0 3.11136E+04
  7.5 3.49880E+04
  8.0 3.89464E+04
  8.5 5.05267E+04
  9.0 4.71081E+04
  9.5 8.41745E+04
 10.0 7.63882E+04
 10.5 2.22200E+04
 11.0 2.39679E+04
 11.5 2.44114E+04
 12.0 1.85105E+04
 12.5 1.72872E+04
 13.0 1.84337E+04
 13.5 1.95935E+04
 14.0 2.07666E+04
 14.5 2.19528E+04
 15.0 2.31520E+04
 15.5 2.43641E+04
 16.0 2.55888E+04
 16.5 2.68261E+04
 17.0 2.80759E+04
 17.5 2.93380E+04
 18.0 3.06123E+04
 18.5 3.18988E+04
 19.0 3.31974E+04
 19.5 3.45081E+04
 20.0 3.58307E+04
 20.5 3.71653E+04
 21.0 3.85118E+04
 21.5 3.98702E+04
 22.0 4.12404E+04
 22.5 4.26221E+04
 23.0 4.40152E+04
 23.5 4.54190E+04
 24.0 4.68331E+04
 24.5 4.82563E+04
 25.0 4.96877E+04
 25.5 5.11255E+04
 26.0 5.25678E+04
 26.5 5.40126E+04
 27.0 5.54571E+04
 27.5 5.68984E+04
 28.0 5.83333E+04
 28.5 5.97583E+04
 29.0 6.11697E+04
 29.5 6.25637E+04
 30.0 6.39364E+04
 30.5 6.52837E+04
 31.0 6.66019E+04
 31.5 6.78871E+04
 32.0 6.91357E+04
 32.5 7.03442E+04
 33.0 7.15094E+04
 33.5 7.26284E+04
 34.0 7.36986E+04
 34.5 7.47176E+04
 35.0 7.56834E+04
 35.5 7.65943E+04
 36.0 7.74492E+04
 36.5 7.82468E+04
 37.0 7.89866E+04
 37.5 7.96682E+04
 38.0 8.02914E+04
 38.5 8.08564E+04
 39.0 8.13636E+04
 39.5 8.18137E+04
 40.0 8.22074E+04
 40.5 8.25459E+04
 41.0 8.28302E+04
 41.5 8.30617E+04
 42.0 8.32419E+04
 42.5 8.33722E+04
 43.0 8.34543E+04
 43.5 8.34899E+04
 44.0 8.34808E+04
 44.5 8.34286E+04
 45.0 8.33354E+04
 45.5 8.32027E+04
 46.0 8.30325E+04
 46.5 8.28266E+04
 47.0 8.25868E+04
 47.5 8.23148E+04
 48.0 8.20125E+04
 48.5 8.16815E+04
 49.0 8.13234E+04
 49.5 8.09400E+04
 50.0 8.05328E+04
 50.5 8.01033E+04
 51.0 7.96531E+04
 51.5 7.91835E+04
 52.0 7.86960E+04
 52.5 7.81919E+04
 53.0 7.76724E+04
 53.5 7.71388E+04
 54.0 7.65922E+04
 54.5 7.60338E+04
 55.0 7.54647E+04
 55.5 7.48857E+04
 56.0 7.42979E+04
 56.5 7.37023E+04
 57.0 7.30996E+04
 57.5 7.24908E+04
 58.0 3.61486E+05
 58.5 7.12575E+04
 59.0 7.06345E+04
 59.5 5.94604E+05
 60.0 6.93791E+04
 60.5 6.87480E+04
 61.0 6.81152E+04
 61.5 6.74813E+04
 62.0 6.68467E+04
 62.5 6.62120E+04
 63.0 6.55775E+04
 63.5 6.49437E+04
 64.0 6.43108E+04
 64.5 6.36793E+04
 65.0 6.30493E+04
 65.5 6.24213E+04
 66.0 6.17955E+04
 66.5 6.11721E+04
 67.0 2.64172E+05
 67.5 5.99335E+04
 68.0 5.93187E+04
 68.5 5.87071E+04
 69.0 1.13428E+05
 69.5 5.28367E+04
 70.0 2.92546E+04
 70.5 2.92658E+04
 71.0 2.92723E+04
 71.5 2.92743E+04
 72.0 2.92716E+04
 72.5 2.92644E+04
 73.0 2.92525E+04
 73.5 2.92361E+04
 74.0 2.92151E+04
 74.5 2.91895E+04
 75.0 2.91593E+04
 75.5 2.91247E+04
 76.0 2.90855E+04
 76.5 2.90419E+04
 77.0 2.89938E+04
 77.5 2.89413E+04
 78.0 2.88844E+04
 78.5 2.88231E+04
 79.0 2.87576E+04
 79.5 2.86877E+04
 80.0 2.86137E+04
 80.5 2.85355E+04
 81.0 2.84531E+04
 81.5 2.83667E+04
 82.0 2.82762E+04
 82.5 2.81817E+04
 83.0 2.80833E+04
 83.5 2.79810E+04
 84.0 2.78749E+04
 84.5 2.77650E+04
 85.0 2.76514E+04
 85.5 2.75341E+04
 86.0 2.74133E+04
 86.5 2.72888E+04
 87.0 2.71609E+04
 87.5 2.70296E+04
 88.0 2.68949E+04
 88.5 2.67569E+04
 89.0 2.66156E+04
 89.5 2.64711E+04
 90.0 2.63235E+04
 90.5 2.61728E+04
 91.0 2.60191E+04
 91.5 2.58624E+04
 92.0 2.57028E+04
 92.5 2.55404E+04
 93.0 2.53752E+04
 93.5 2.52072E+04
 94.0 2.50366E+04
 94.5 2.48633E+04
 95.0 2.46875E+04
 95.5 2.45092E+04
 96.0 2.43285E+04
 96.5 2.41453E+04
 97.0 2.39598E+04
 97.5 2.37721E+04
 98.0 2.35820E+04
 98.5 2.33899E+04
 99.0 2.31955E+04
 99.5 2.29992E+04
100.0 2.28007E+04
100.5 2.26003E+04
101.0 2.23980E+04
101.5 2.21938E+04
102.0 2.19878E+04
102.5 2.17800E+04
103.0 2.15705E+04
103.5 2.13592E+04
104.0 2.11464E+04
104.5 2.09319E+04
105.0 2.07159E+04
105.5 2.04984E+04
106.0 2.02794E+04
106.5 2.00590E+04
107.0 1.98373E+04
107.5 1.96142E+04
108.0 1.93898E+04
108.5 1.91641E+04
109.0 1.89372E+04
109.5 1.87092E+04
110.0 1.84800E+04
110.5 1.82497E+04
111.0 1.80184E+04
111.5 1.77860E+04
112.0 1.75527E+04
112.5 1.73184E+04
113.0 1.70832E+04
113.5 1.68470E+04
114.0 1.66101E+04
114.5 1.63723E+04
115.0 1.61338E+04
115.5 1.58945E+04
116.0 1.56545E+04
116.5 1.54138E+04
117.0 1.51724E+04
117.5 1.49305E+04
118.0 1.46879E+04
118.5 1.44448E+04
119.0 1.42011E+04
119.5 1.39570E+04
120.0 1.37123E+04
120.5 1.34672E+04
121.0 1.32217E+04
121.5 1.29758E+04
122.0 1.27296E+04
122.5 1.24830E+04
123.0 1.22361E+04
123.5 1.19889E+04
124.0 1.17415E+04
124.5 1.14938E+04
125.0 1.12459E+04
125.5 1.09978E+04
126.0 1.07496E+04
126.5 1.05012E+04
127.0 1.02528E+04
127.5 1.00042E+04
128.0 9.75559E+03
128.5 9.50693E+03
129.0 9.25825E+03
129.5 9.00957E+03
130.0 8.76092E+03
130.5 8.51232E+03
131.0 8.26379E+03
131.5 8.01536E+03
132.0 7.76704E+03
132.5 7.51885E+03
133.0 7.27082E+03
133.5 7.02297E+03
134.0 6.77531E+03
134.5 6.52788E+03
135.0 6.28068E+03
135.5 6.03374E+03
136.0 5.78708E+03
136.5 5.54072E+03
137.0 5.29467E+03
137.5 5.04897E+03
138.0 4.80361E+03
138.5 4.55864E+03
139.0 4.31406E+03
139.5 4.06989E+03
140.0 3.82616E+03
140.5 3.58287E+03
141.0 3.34006E+03
141.5 3.09773E+03
142.0 2.85591E+03
142.5 2.61462E+03
143.0 2.37386E+03
143.5 2.13367E+03
144.0 1.89405E+03
144.5 1.65503E+03
145.0 1.41662E+03
145.5 1.17884E+03
146.0 9.41716E+02
146.5 7.05253E+02
147.0 4.69473E+02
147.5 2.34393E+02
148.0 1.95151E+01
