148K08D0W2
  0.5 0.00000E+00
  1.0 0.00000E+00
  1.5 0.00000E+00
  2.0 0.00000E+00
  2.5 0.00000E+00
  3.0 0.00000E+00
  3.5 8.29679E+03
  4.0 1.18473E+04
  4.5 1.55748E+04
  5.0 1.94417E+04
  5.5 2.34322E+04
  6.0 2.75384E+04
  6.5 3.17560E+04
  7.0 3.60816E+04
  7.5 4.05130E+04
  8.0 4.50481E+04
  8.5 7.06113E+04
  9.0 5.44248E+04
  9.5 1.27143E+05
 10.0 1.12723E+05
 10.5 2.57407E+04
 11.0 2.77399E+04
 11.5 2.86632E+04
 12.0 2.14472E+04
 12.5 2.00329E+04
 13.0 2.13430E+04
 13.5 2.26697E+04
 14.0 2.40130E+04
 14.5 2.53725E+04
 15.0 2.67483E+04
 15.5 2.81403E+04
 16.0 2.95484E+04
 16.5 3.09725E+04
 17.0 3.24124E+04
 17.5 3.38683E+04
 18.0 3.53401E+04
 18.5 3.68277E+04
 19.0 3.83313E+04
 19.5 3.98510E+04
 20.0 4.13866E+04
 20.5 4.29384E+04
 21.0 4.45063E+04
 21.5 4.60902E+04
 22.0 4.76897E+04
 22.5 4.93044E+04
 23.0 5.09334E+04
 23.5 5.25755E+04
 24.0 5.42292E+04
 24.5 5.58924E+04
 25.0 5.75625E+04
 25.5 5.92364E+04
 26.0 6.09107E+04
 26.5 6.25811E+04
 27.0 6.42435E+04
 27.5 6.58931E+04
 28.0 6.75250E+04
 28.5 6.91340E+04
 29.0 7.07151E+04
 29.5 7.22630E+04
 30.0 7.37728E+04
 30.5 7.52398E+04
 31.0 7.66592E+04
 31.5 7.80270E+04
 32.0 7.93392E+04
 32.5 8.05924E+04
 33.0 8.17835E+04
 33.5 8.29102E+04
 34.0 8.39700E+04
 34.5 8.49615E+04
 35.0 8.58834E+04
 35.5 8.67347E+04
 36.0 8.75153E+04
 36.5 8.82249E+04
 37.0 8.88638E+04
 37.5 8.94329E+04
 38.0 8.99329E+04
 38.5 9.03649E+04
 39.0 9.07306E+04
 39.5 9.10313E+04
 40.0 9.12689E+04
 40.5 9.14455E+04
 41.0 9.15628E+04
 41.5 9.16232E+04
 42.0 9.16289E+04
 42.5 9.15820E+04
 43.0 9.14849E+04
 43.5 9.13399E+04
 44.0 9.11494E+04
 44.5 9.09156E+04
 45.0 9.06409E+04
 45.5 9.03274E+04
 46.0 8.99774E+04
 46.5 8.95932E+04
 47.0 8.91767E+04
 47.5 8.87301E+04
 48.0 8.82553E+04
 48.5 8.77544E+04
 49.0 8.72291E+04
 49.5 8.66812E+04
 50.0 8.61125E+04
 50.5 8.55247E+04
 51.0 8.49193E+04
 51.5 8.42977E+04
 52.0 8.36615E+04
 52.5 8.30121E+04
 53.0 8.23507E+04
 53.5 8.16785E+04
 54.0 8.09968E+04
 54.5 8.03066E+04
 55.0 7.96091E+04
 55.5 7.89051E+04
 56.0 7.81957E+04
 56.5 7.74816E+04
 57.0 7.67638E+04
 57.5 7.60429E+04
 58.0 3.93024E+05
 58.5 7.45951E+04
 59.0 7.38694E+04
 59.5 6.45551E+05
 60.0 7.24174E+04
 60.5 7.16923E+04
 61.0 7.09683E+04
 61.5 7.02459E+04
 62.0 6.95255E+04
 62.5 6.88075E+04
 63.0 6.80923E+04
 63.5 6.73802E+04
 64.0 6.66714E+04
 64.5 6.59663E+04
 65.0 6.52651E+04
 65.5 6.45679E+04
 66.0 6.38751E+04
 66.5 6.31868E+04
 67.0 2.79407E+05
 67.5 6.18244E+04
 68.0 6.11505E+04
 68.5 6.04818E+04
 69.0 1.18478E+05
 69.5 5.47289E+04
 70.0 3.22332E+04
 70.5 3.22025E+04
 71.0 3.21669E+04
 71.5 3.21263E+04
 72.0 3.20808E+04
 72.5 3.20305E+04
 73.0 3.19755E+04
 73.5 3.19156E+04
 74.0 3.18511E+04
 74.5 3.17819E+04
 75.0 3.17082E+04
 75.5 3.16299E+04
 76.0 3.15472E+04
 76.5 3.14600E+04
 77.0 3.13685E+04
 77.5 3.12727E+04
 78.0 3.11726E+04
 78.5 3.10684E+04
 79.0 3.09601E+04
 79.5 3.08478E+04
 80.0 3.07315E+04
 80.5 3.06114E+04
 81.0 3.04874E+04
 81.5 3.03596E+04
 82.0 3.02281E+04
 82.5 3.00930E+04
 83.0 2.99544E+04
 83.5 2.98123E+04
 84.0 2.96667E+04
 84.5 2.95178E+04
 85.0 2.93656E+04
 85.5 2.92102E+04
 86.0 2.90517E+04
 86.5 2.88901E+04
 87.0 2.87254E+04
 87.5 2.85578E+04
 88.0 2.83873E+04
 88.5 2.82140E+04
 89.0 2.80380E+04
 89.5 2.78593E+04
 90.0 2.76779E+04
 90.5 2.74939E+04
 91.0 2.73075E+04
 91.5 2.71186E+04
 92.0 2.69274E+04
 92.5 2.67338E+04
 93.0 2.65379E+04
 93.5 2.63399E+04
 94.0 2.61396E+04
 94.5 2.59373E+04
 95.0 2.57330E+04
 95.5 2.55266E+04
 96.0 2.53183E+04
 96.5 2.51082E+04
 97.0 2.48962E+04
 97.5 2.46824E+04
 98.0 2.44669E+04
 98.5 2.42497E+04
 99.0 2.40309E+04
 99.5 2.38105E+04
100.0 2.35886E+04
100.5 2.33652E+04
101.0 2.31403E+04
101.5 2.29141E+04
102.0 2.26864E+04
102.5 2.24575E+04
103.0 2.22273E+04
103.5 2.19958E+04
104.0 2.17632E+04
104.5 2.15294E+04
105.0 2.12945E+04
105.5 2.10585E+04
106.0 2.08215E+04
106.5 2.05835E+04
107.0 2.03445E+04
107.5 2.01046E+04
108.0 1.98638E+04
108.5 1.96222E+04
109.0 1.93797E+04
109.5 1.91364E+04
110.0 1.88924E+04
110.5 1.86477E+04
111.0 1.84022E+04
111.5 1.81561E+04
112.0 1.79093E+04
112.5 1.76620E+04
113.0 1.74141E+04
113.5 1.71656E+04
114.0 1.69166E+04
114.5 1.66671E+04
115.0 1.64172E+04
115.5 1.61668E+04
116.0 1.59161E+04
116.5 1.56649E+04
117.0 1.54134E+04
117.5 1.51615E+04
118.0 1.49094E+04
118.5 1.46569E+04
119.0 1.44042E+04
119.5 1.41513E+04
120.0 1.38982E+04
120.5 1.36448E+04
121.0 1.33913E+04
121.5 1.31377E+04
122.0 1.28840E+04
122.5 1.26301E+04
123.0 1.23762E+04
123.5 1.21222E+04
124.0 1.18682E+04
124.5 1.16142E+04
125.0 1.13602E+04
125.5 1.11062E+04
126.0 1.08522E+04
126.5 1.05983E+04
127.0 1.03446E+04
127.5 1.00909E+04
128.0 9.83733E+03
128.5 9.58392E+03
129.0 9.33067E+03
129.5 9.07761E+03
130.0 8.82475E+03
130.5 8.57211E+03
131.0 8.31971E+03
131.5 8.06756E+03
132.0 7.81568E+03
132.5 7.56409E+03
133.0 7.31282E+03
133.5 7.06186E+03
134.0 6.81126E+03
134.5 6.56101E+03
135.0 6.31113E+03
135.5 6.06166E+03
136.0 5.81259E+03
136.5 5.56394E+03
137.0 5.31575E+03
137.5 5.06801E+03
138.0 4.82075E+03
138.5 4.57398E+03
139.0 4.32772E+03
139.5 4.08198E+03
140.0 3.83679E+03
140.5 3.59215E+03
141.0 3.34808E+03
141.5 3.10460E+03
142.0 2.86173E+03
142.5 2.61948E+03
143.0 2.37786E+03
143.5 2.13689E+03
144.0 1.89659E+03
144.5 1.65698E+03
145.0 1.41805E+03
145.5 1.17985E+03
146.0 9.42367E+02
146.5 7.05630E+02
147.0 4.69652E+02
147.5 2.34448E+02
148.0 1.95180E+01
