148K16D0W2
  0.5 0.00000E+00
  1.0 0.00000E+00
  1.5 0.00000E+00
  2.0 0.00000E+00
  2.5 0.00000E+00
  3.0 0.00000E+00
  3.5 2.19519E+04
  4.0 2.89557E+04
  4.5 3.62922E+04
  5.0 4.39498E+04
  5.5 5.19243E+04
  6.0 6.02144E+04
  6.5 6.88210E+04
  7.0 7.77482E+04
  7.5 8.70036E+04
  8.0 9.65998E+04
  8.5 8.71641E+05
  9.0 1.16901E+05
  9.5 1.00326E+06
 10.0 8.39996E+05
 10.5 5.52977E+04
 11.0 5.94802E+04
 11.5 1.02955E+05
 12.0 4.60802E+04
 12.5 4.30526E+04
 13.0 4.57769E+04
 13.5 4.85549E+04
 14.0 5.13878E+04
 14.5 5.42771E+04
 15.0 5.72246E+04
 15.5 6.02321E+04
 16.0 6.33018E+04
 16.5 6.64355E+04
 17.0 6.96343E+04
 17.5 7.28988E+04
 18.0 7.62278E+04
 18.5 7.96181E+04
 19.0 8.30647E+04
 19.5 8.65594E+04
 20.0 9.00918E+04
 20.5 9.36487E+04
 21.0 9.72147E+04
 21.5 1.00773E+05
 22.0 1.04304E+05
 22.5 1.07789E+05
 23.0 1.11209E+05
 23.5 1.14543E+05
 24.0 1.17775E+05
 24.5 1.20886E+05
 25.0 1.23861E+05
 25.5 1.26686E+05
 26.0 1.29350E+05
 26.5 1.31842E+05
 27.0 1.34156E+05
 27.5 1.36286E+05
 28.0 1.38228E+05
 28.5 1.39979E+05
 29.0 1.41541E+05
 29.5 1.42915E+05
 30.0 1.44103E+05
 30.5 1.45109E+05
 31.0 1.45937E+05
 31.5 1.46595E+05
 32.0 1.47087E+05
 32.5 1.47421E+05
 33.0 1.47604E+05
 33.5 1.47643E+05
 34.0 1.47547E+05
 34.5 1.47323E+05
 35.0 1.46979E+05
 35.5 1.46522E+05
 36.0 1.45960E+05
 36.5 1.45300E+05
 37.0 1.44551E+05
 37.5 1.43718E+05
 38.0 1.42808E+05
 38.5 1.41829E+05
 39.0 1.40786E+05
 39.5 1.39684E+05
 40.0 1.38531E+05
 40.5 1.37330E+05
 41.0 1.36087E+05
 41.5 1.34807E+05
 42.0 1.33493E+05
 42.5 1.32151E+05
 43.0 1.30784E+05
 43.5 1.29396E+05
 44.0 1.27989E+05
 44.5 1.26568E+05
 45.0 1.25135E+05
 45.5 1.23693E+05
 46.0 1.22245E+05
 46.5 1.20792E+05
 47.0 1.19336E+05
 47.5 1.17881E+05
 48.0 1.16427E+05
 48.5 1.14976E+05
 49.0 1.13530E+05
 49.5 1.12090E+05
 50.0 1.10658E+05
 50.5 1.09233E+05
 51.0 1.07819E+05
 51.5 1.06414E+05
 52.0 1.05021E+05
 52.5 1.03640E+05
 53.0 1.02271E+05
 53.5 1.00916E+05
 54.0 9.95742E+04
 54.5 9.82466E+04
 55.0 9.69335E+04
 55.5 9.56353E+04
 56.0 9.43522E+04
 56.5 9.30844E+04
 57.0 9.18322E+04
 57.5 9.05957E+04
 58.0 5.29718E+05
 58.5 8.81701E+04
 59.0 8.69812E+04
 59.5 8.64322E+05
 60.0 8.46511E+04
 60.5 8.35100E+04
 61.0 8.23846E+04
 61.5 8.12751E+04
 62.0 8.01812E+04
 62.5 7.91029E+04
 63.0 7.80401E+04
 63.5 7.69925E+04
 64.0 7.59602E+04
 64.5 7.49428E+04
 65.0 7.39403E+04
 65.5 7.29525E+04
 66.0 7.19792E+04
 66.5 7.10202E+04
 67.0 3.41115E+05
 67.5 6.91444E+04
 68.0 6.82271E+04
 68.5 6.73234E+04
 69.0 1.38520E+05
 69.5 6.25714E+04
 70.0 4.70493E+04
 70.5 4.67145E+04
 71.0 4.63778E+04
 71.5 4.60395E+04
 72.0 4.56996E+04
 72.5 4.53584E+04
 73.0 4.50160E+04
 73.5 4.46724E+04
 74.0 4.43278E+04
 74.5 4.39823E+04
 75.0 4.36361E+04
 75.5 4.32891E+04
 76.0 4.29417E+04
 76.5 4.25937E+04
 77.0 4.22453E+04
 77.5 4.18966E+04
 78.0 4.15477E+04
 78.5 4.11986E+04
 79.0 4.08494E+04
 79.5 4.05003E+04
 80.0 4.01512E+04
 80.5 3.98021E+04
 81.0 3.94533E+04
 81.5 3.91048E+04
 82.0 3.87565E+04
 82.5 3.84085E+04
 83.0 3.80609E+04
 83.5 3.77138E+04
 84.0 3.73671E+04
 84.5 3.70209E+04
 85.0 3.66753E+04
 85.5 3.63302E+04
 86.0 3.59858E+04
 86.5 3.56419E+04
 87.0 3.52988E+04
 87.5 3.49563E+04
 88.0 3.46146E+04
 88.5 3.42736E+04
 89.0 3.39333E+04
 89.5 3.35939E+04
 90.0 3.32552E+04
 90.5 3.29173E+04
 91.0 3.25803E+04
 91.5 3.22441E+04
 92.0 3.19088E+04
 92.5 3.15743E+04
 93.0 3.12407E+04
 93.5 3.09080E+04
 94.0 3.05762E+04
 94.5 3.02453E+04
 95.0 2.99153E+04
 95.5 2.95862E+04
 96.0 2.92580E+04
 96.5 2.89307E+04
 97.0 2.86044E+04
 97.5 2.82790E+04
 98.0 2.79545E+04
 98.5 2.76309E+04
 99.0 2.73083E+04
 99.5 2.69867E+04
100.0 2.66659E+04
100.5 2.63461E+04
101.0 2.60272E+04
101.5 2.57093E+04
102.0 2.53923E+04
102.5 2.50762E+04
103.0 2.47610E+04
103.5 2.44468E+04
104.0 2.41335E+04
104.5 2.38211E+04
105.0 2.35097E+04
105.5 2.31991E+04
106.0 2.28895E+04
106.5 2.25808E+04
107.0 2.22730E+04
107.5 2.19661E+04
108.0 2.16601E+04
108.5 2.13550E+04
109.0 2.10508E+04
109.5 2.07476E+04
110.0 2.04451E+04
110.5 2.01436E+04
111.0 1.98430E+04
111.5 1.95433E+04
112.0 1.92444E+04
112.5 1.89464E+04
113.0 1.86493E+04
113.5 1.83531E+04
114.0 1.80577E+04
114.5 1.77632E+04
115.0 1.74695E+04
115.5 1.71767E+04
116.0 1.68848E+04
116.5 1.65937E+04
117.0 1.63035E+04
117.5 1.60142E+04
118.0 1.57257E+04
118.5 1.54380E+04
119.0 1.51512E+04
119.5 1.48652E+04
120.0 1.45801E+04
120.5 1.42958E+04
121.0 1.40124E+04
121.5 1.37298E+04
122.0 1.34480E+04
122.5 1.31671E+04
123.0 1.28871E+04
123.5 1.26078E+04
124.0 1.23295E+04
124.5 1.20519E+04
125.0 1.17752E+04
125.5 1.14994E+04
126.0 1.12243E+04
126.5 1.09502E+04
127.0 1.06768E+04
127.5 1.04044E+04
128.0 1.01327E+04
128.5 9.86194E+03
129.0 9.59201E+03
129.5 9.32292E+03
130.0 9.05470E+03
130.5 8.78733E+03
131.0 8.52082E+03
131.5 8.25518E+03
132.0 7.99040E+03
132.5 7.72648E+03
133.0 7.46344E+03
133.5 7.20128E+03
134.0 6.93999E+03
134.5 6.67958E+03
135.0 6.42006E+03
135.5 6.16143E+03
136.0 5.90370E+03
136.5 5.64686E+03
137.0 5.39093E+03
137.5 5.13590E+03
138.0 4.88179E+03
138.5 4.62859E+03
139.0 4.37632E+03
139.5 4.12498E+03
140.0 3.87456E+03
140.5 3.62509E+03
141.0 3.37657E+03
141.5 3.12899E+03
142.0 2.88237E+03
142.5 2.63672E+03
143.0 2.39203E+03
143.5 2.14832E+03
144.0 1.90560E+03
144.5 1.66386E+03
145.0 1.42312E+03
145.5 1.18339E+03
146.0 9.44667E+02
146.5 7.06964E+02
147.0 4.70287E+02
147.5 2.34644E+02
148.0 1.95283E+01
