148K15D0W2
  0.5 0.00000E+00
  1.0 0.00000E+00
  1.5 0.00000E+00
  2.0 0.00000E+00
  2.5 0.00000E+00
  3.0 0.00000E+00
  3.5 2.01643E+04
  4.0 2.67318E+04
  4.5 3.36060E+04
  5.0 4.07739E+04
  5.5 4.82299E+04
  6.0 5.59719E+04
  6.5 6.39996E+04
  7.0 7.23153E+04
  7.5 8.09238E+04
  8.0 8.98341E+04
  8.5 6.99284E+05
  9.0 1.08623E+05
  9.5 8.55459E+05
 10.0 7.17637E+05
 10.5 5.14400E+04
 11.0 5.53291E+04
 11.5 8.81959E+04
 12.0 4.28676E+04
 12.5 4.00516E+04
 13.0 4.25867E+04
 13.5 4.51695E+04
 14.0 4.78009E+04
 14.5 5.04819E+04
 15.0 5.32138E+04
 15.5 5.59983E+04
 16.0 5.88367E+04
 16.5 6.17309E+04
 17.0 6.46820E+04
 17.5 6.76912E+04
 18.0 7.07583E+04
 18.5 7.38819E+04
 19.0 7.70591E+04
 19.5 8.02847E+04
 20.0 8.35513E+04
 20.5 8.68496E+04
 21.0 9.01675E+04
 21.5 9.34916E+04
 22.0 9.68065E+04
 22.5 1.00096E+05
 23.0 1.03342E+05
 23.5 1.06529E+05
 24.0 1.09638E+05
 24.5 1.12654E+05
 25.0 1.15561E+05
 25.5 1.18345E+05
 26.0 1.20994E+05
 26.5 1.23496E+05
 27.0 1.25844E+05
 27.5 1.28031E+05
 28.0 1.30049E+05
 28.5 1.31897E+05
 29.0 1.33572E+05
 29.5 1.35073E+05
 30.0 1.36402E+05
 30.5 1.37560E+05
 31.0 1.38550E+05
 31.5 1.39377E+05
 32.0 1.40046E+05
 32.5 1.40561E+05
 33.0 1.40929E+05
 33.5 1.41156E+05
 34.0 1.41248E+05
 34.5 1.41214E+05
 35.0 1.41058E+05
 35.5 1.40789E+05
 36.0 1.40413E+05
 36.5 1.39937E+05
 37.0 1.39368E+05
 37.5 1.38713E+05
 38.0 1.37977E+05
 38.5 1.37168E+05
 39.0 1.36291E+05
 39.5 1.35351E+05
 40.0 1.34355E+05
 40.5 1.33307E+05
 41.0 1.32212E+05
 41.5 1.31075E+05
 42.0 1.29901E+05
 42.5 1.28694E+05
 43.0 1.27457E+05
 43.5 1.26194E+05
 44.0 1.24909E+05
 44.5 1.23605E+05
 45.0 1.22284E+05
 45.5 1.20951E+05
 46.0 1.19607E+05
 46.5 1.18254E+05
 47.0 1.16896E+05
 47.5 1.15533E+05
 48.0 1.14169E+05
 48.5 1.12804E+05
 49.0 1.11441E+05
 49.5 1.10080E+05
 50.0 1.08724E+05
 50.5 1.07373E+05
 51.0 1.06029E+05
 51.5 1.04692E+05
 52.0 1.03364E+05
 52.5 1.02045E+05
 53.0 1.00737E+05
 53.5 9.94389E+04
 54.0 9.81524E+04
 54.5 9.68779E+04
 55.0 9.56158E+04
 55.5 9.43665E+04
 56.0 9.31304E+04
 56.5 9.19078E+04
 57.0 9.06990E+04
 57.5 8.95041E+04
 58.0 5.19080E+05
 58.5 8.71570E+04
 59.0 8.60050E+04
 59.5 8.47404E+05
 60.0 8.37445E+04
 60.5 8.26361E+04
 61.0 8.15423E+04
 61.5 8.04630E+04
 62.0 7.93982E+04
 62.5 7.83478E+04
 63.0 7.73119E+04
 63.5 7.62903E+04
 64.0 7.52828E+04
 64.5 7.42894E+04
 65.0 7.33099E+04
 65.5 7.23442E+04
 66.0 7.13922E+04
 66.5 7.04537E+04
 67.0 3.36527E+05
 67.5 6.86166E+04
 68.0 6.77177E+04
 68.5 6.68316E+04
 69.0 1.37050E+05
 69.5 6.19741E+04
 70.0 4.57817E+04
 70.5 4.54784E+04
 71.0 4.51726E+04
 71.5 4.48645E+04
 72.0 4.45543E+04
 72.5 4.42422E+04
 73.0 4.39282E+04
 73.5 4.36125E+04
 74.0 4.32953E+04
 74.5 4.29766E+04
 75.0 4.26565E+04
 75.5 4.23352E+04
 76.0 4.20127E+04
 76.5 4.16892E+04
 77.0 4.13648E+04
 77.5 4.10396E+04
 78.0 4.07136E+04
 78.5 4.03869E+04
 79.0 4.00596E+04
 79.5 3.97319E+04
 80.0 3.94037E+04
 80.5 3.90751E+04
 81.0 3.87462E+04
 81.5 3.84171E+04
 82.0 3.80879E+04
 82.5 3.77585E+04
 83.0 3.74290E+04
 83.5 3.70996E+04
 84.0 3.67702E+04
 84.5 3.64409E+04
 85.0 3.61117E+04
 85.5 3.57826E+04
 86.0 3.54539E+04
 86.5 3.51253E+04
 87.0 3.47971E+04
 87.5 3.44691E+04
 88.0 3.41416E+04
 88.5 3.38144E+04
 89.0 3.34876E+04
 89.5 3.31613E+04
 90.0 3.28354E+04
 90.5 3.25100E+04
 91.0 3.21851E+04
 91.5 3.18608E+04
 92.0 3.15370E+04
 92.5 3.12138E+04
 93.0 3.08911E+04
 93.5 3.05691E+04
 94.0 3.02477E+04
 94.5 2.99269E+04
 95.0 2.96067E+04
 95.5 2.92872E+04
 96.0 2.89684E+04
 96.5 2.86502E+04
 97.0 2.83327E+04
 97.5 2.80160E+04
 98.0 2.76999E+04
 98.5 2.73845E+04
 99.0 2.70698E+04
 99.5 2.67559E+04
100.0 2.64427E+04
100.5 2.61302E+04
101.0 2.58184E+04
101.5 2.55074E+04
102.0 2.51971E+04
102.5 2.48876E+04
103.0 2.45788E+04
103.5 2.42708E+04
104.0 2.39635E+04
104.5 2.36570E+04
105.0 2.33512E+04
105.5 2.30462E+04
106.0 2.27420E+04
106.5 2.24385E+04
107.0 2.21357E+04
107.5 2.18338E+04
108.0 2.15326E+04
108.5 2.12321E+04
109.0 2.09325E+04
109.5 2.06335E+04
110.0 2.03354E+04
110.5 2.00380E+04
111.0 1.97414E+04
111.5 1.94455E+04
112.0 1.91504E+04
112.5 1.88561E+04
113.0 1.85625E+04
113.5 1.82697E+04
114.0 1.79777E+04
114.5 1.76864E+04
115.0 1.73959E+04
115.5 1.71061E+04
116.0 1.68171E+04
116.5 1.65289E+04
117.0 1.62415E+04
117.5 1.59548E+04
118.0 1.56688E+04
118.5 1.53837E+04
119.0 1.50993E+04
119.5 1.48156E+04
120.0 1.45328E+04
120.5 1.42507E+04
121.0 1.39694E+04
121.5 1.36888E+04
122.0 1.34090E+04
122.5 1.31300E+04
123.0 1.28518E+04
123.5 1.25743E+04
124.0 1.22976E+04
124.5 1.20217E+04
125.0 1.17466E+04
125.5 1.14723E+04
126.0 1.11987E+04
126.5 1.09260E+04
127.0 1.06540E+04
127.5 1.03828E+04
128.0 1.01124E+04
128.5 9.84286E+03
129.0 9.57409E+03
129.5 9.30611E+03
130.0 9.03895E+03
130.5 8.77260E+03
131.0 8.50706E+03
131.5 8.24235E+03
132.0 7.97846E+03
132.5 7.71539E+03
133.0 7.45316E+03
133.5 7.19176E+03
134.0 6.93121E+03
134.5 6.67150E+03
135.0 6.41264E+03
135.5 6.15464E+03
136.0 5.89750E+03
136.5 5.64122E+03
137.0 5.38582E+03
137.5 5.13129E+03
138.0 4.87764E+03
138.5 4.62488E+03
139.0 4.37302E+03
139.5 4.12206E+03
140.0 3.87200E+03
140.5 3.62286E+03
141.0 3.37464E+03
141.5 3.12734E+03
142.0 2.88097E+03
142.5 2.63555E+03
143.0 2.39107E+03
143.5 2.14755E+03
144.0 1.90499E+03
144.5 1.66340E+03
145.0 1.42278E+03
145.5 1.18315E+03
146.0 9.44512E+02
146.5 7.06874E+02
147.0 4.70244E+02
147.5 2.34631E+02
148.0 1.95276E+01
