148K17D0W2
  0.5 0.00000E+00
  1.0 0.00000E+00
  1.5 0.00000E+00
  2.0 0.00000E+00
  2.5 0.00000E+00
  3.0 0.00000E+00
  3.5 2.37627E+04
  4.0 3.12066E+04
  4.5 3.90103E+04
  5.0 4.71641E+04
  5.5 5.56647E+04
  6.0 6.45118E+04
  6.5 7.37080E+04
  7.0 8.32595E+04
  7.5 9.31771E+04
  8.0 1.03478E+05
  8.5 1.06263E+06
  9.0 1.25347E+05
  9.5 1.15698E+06
 10.0 9.67238E+05
 10.5 5.92123E+04
 11.0 6.36955E+04
 11.5 1.19413E+05
 12.0 4.93394E+04
 12.5 4.60967E+04
 13.0 4.90146E+04
 13.5 5.19926E+04
 14.0 5.50326E+04
 14.5 5.81363E+04
 15.0 6.13061E+04
 15.5 6.45444E+04
 16.0 6.78535E+04
 16.5 7.12353E+04
 17.0 7.46905E+04
 17.5 7.82187E+04
 18.0 8.18170E+04
 18.5 8.54801E+04
 19.0 8.91996E+04
 19.5 9.29642E+04
 20.0 9.67597E+04
 20.5 1.00569E+05
 21.0 1.04373E+05
 21.5 1.08151E+05
 22.0 1.11881E+05
 22.5 1.15541E+05
 23.0 1.19110E+05
 23.5 1.22567E+05
 24.0 1.25893E+05
 24.5 1.29070E+05
 25.0 1.32084E+05
 25.5 1.34921E+05
 26.0 1.37570E+05
 26.5 1.40024E+05
 27.0 1.42277E+05
 27.5 1.44324E+05
 28.0 1.46164E+05
 28.5 1.47798E+05
 29.0 1.49227E+05
 29.5 1.50455E+05
 30.0 1.51486E+05
 30.5 1.52325E+05
 31.0 1.52980E+05
 31.5 1.53458E+05
 32.0 1.53766E+05
 32.5 1.53912E+05
 33.0 1.53906E+05
 33.5 1.53755E+05
 34.0 1.53468E+05
 34.5 1.53054E+05
 35.0 1.52522E+05
 35.5 1.51879E+05
 36.0 1.51134E+05
 36.5 1.50294E+05
 37.0 1.49368E+05
 37.5 1.48363E+05
 38.0 1.47285E+05
 38.5 1.46142E+05
 39.0 1.44939E+05
 39.5 1.43683E+05
 40.0 1.42379E+05
 40.5 1.41032E+05
 41.0 1.39649E+05
 41.5 1.38232E+05
 42.0 1.36788E+05
 42.5 1.35319E+05
 43.0 1.33829E+05
 43.5 1.32323E+05
 44.0 1.30803E+05
 44.5 1.29273E+05
 45.0 1.27735E+05
 45.5 1.26192E+05
 46.0 1.24646E+05
 46.5 1.23100E+05
 47.0 1.21555E+05
 47.5 1.20013E+05
 48.0 1.18476E+05
 48.5 1.16946E+05
 49.0 1.15424E+05
 49.5 1.13911E+05
 50.0 1.12408E+05
 50.5 1.10916E+05
 51.0 1.09437E+05
 51.5 1.07970E+05
 52.0 1.06518E+05
 52.5 1.05079E+05
 53.0 1.03656E+05
 53.5 1.02248E+05
 54.0 1.00856E+05
 54.5 9.94795E+04
 55.0 9.81200E+04
 55.5 9.67772E+04
 56.0 9.54513E+04
 56.5 9.41425E+04
 57.0 9.28509E+04
 57.5 9.15766E+04
 58.0 5.39327E+05
 58.5 8.90798E+04
 59.0 8.78574E+04
 59.5 8.79590E+05
 60.0 8.54644E+04
 60.5 8.42936E+04
 61.0 8.31398E+04
 61.5 8.20029E+04
 62.0 8.08827E+04
 62.5 7.97792E+04
 63.0 7.86921E+04
 63.5 7.76212E+04
 64.0 7.65664E+04
 64.5 7.55275E+04
 65.0 7.45043E+04
 65.5 7.34965E+04
 66.0 7.25040E+04
 66.5 7.15266E+04
 67.0 3.45232E+05
 67.5 6.96159E+04
 68.0 6.86822E+04
 68.5 6.77626E+04
 69.0 1.39836E+05
 69.5 6.31099E+04
 70.0 4.82113E+04
 70.5 4.78468E+04
 71.0 4.74811E+04
 71.5 4.71143E+04
 72.0 4.67466E+04
 72.5 4.63782E+04
 73.0 4.60091E+04
 73.5 4.56395E+04
 74.0 4.52694E+04
 74.5 4.48990E+04
 75.0 4.45283E+04
 75.5 4.41576E+04
 76.0 4.37868E+04
 76.5 4.34160E+04
 77.0 4.30454E+04
 77.5 4.26750E+04
 78.0 4.23049E+04
 78.5 4.19351E+04
 79.0 4.15657E+04
 79.5 4.11968E+04
 80.0 4.08284E+04
 80.5 4.04606E+04
 81.0 4.00935E+04
 81.5 3.97269E+04
 82.0 3.93612E+04
 82.5 3.89962E+04
 83.0 3.86319E+04
 83.5 3.82686E+04
 84.0 3.79060E+04
 84.5 3.75444E+04
 85.0 3.71838E+04
 85.5 3.68240E+04
 86.0 3.64653E+04
 86.5 3.61075E+04
 87.0 3.57508E+04
 87.5 3.53951E+04
 88.0 3.50404E+04
 88.5 3.46868E+04
 89.0 3.43343E+04
 89.5 3.39829E+04
 90.0 3.36326E+04
 90.5 3.32835E+04
 91.0 3.29354E+04
 91.5 3.25885E+04
 92.0 3.22426E+04
 92.5 3.18980E+04
 93.0 3.15545E+04
 93.5 3.12121E+04
 94.0 3.08709E+04
 94.5 3.05308E+04
 95.0 3.01919E+04
 95.5 2.98541E+04
 96.0 2.95175E+04
 96.5 2.91820E+04
 97.0 2.88477E+04
 97.5 2.85145E+04
 98.0 2.81824E+04
 98.5 2.78515E+04
 99.0 2.75217E+04
 99.5 2.71931E+04
100.0 2.68656E+04
100.5 2.65392E+04
101.0 2.62139E+04
101.5 2.58897E+04
102.0 2.55666E+04
102.5 2.52447E+04
103.0 2.49238E+04
103.5 2.46040E+04
104.0 2.42853E+04
104.5 2.39677E+04
105.0 2.36511E+04
105.5 2.33356E+04
106.0 2.30212E+04
106.5 2.27078E+04
107.0 2.23954E+04
107.5 2.20841E+04
108.0 2.17738E+04
108.5 2.14646E+04
109.0 2.11564E+04
109.5 2.08492E+04
110.0 2.05430E+04
110.5 2.02377E+04
111.0 1.99335E+04
111.5 1.96303E+04
112.0 1.93281E+04
112.5 1.90268E+04
113.0 1.87266E+04
113.5 1.84272E+04
114.0 1.81289E+04
114.5 1.78315E+04
115.0 1.75351E+04
115.5 1.72396E+04
116.0 1.69450E+04
116.5 1.66514E+04
117.0 1.63587E+04
117.5 1.60670E+04
118.0 1.57762E+04
118.5 1.54863E+04
119.0 1.51973E+04
119.5 1.49093E+04
120.0 1.46222E+04
120.5 1.43359E+04
121.0 1.40506E+04
121.5 1.37662E+04
122.0 1.34827E+04
122.5 1.32001E+04
123.0 1.29184E+04
123.5 1.26376E+04
124.0 1.23577E+04
124.5 1.20787E+04
125.0 1.18006E+04
125.5 1.15234E+04
126.0 1.12471E+04
126.5 1.09716E+04
127.0 1.06971E+04
127.5 1.04235E+04
128.0 1.01507E+04
128.5 9.87886E+03
129.0 9.60791E+03
129.5 9.33784E+03
130.0 9.06867E+03
130.5 8.80040E+03
131.0 8.53302E+03
131.5 8.26655E+03
132.0 8.00099E+03
132.5 7.73632E+03
133.0 7.47256E+03
133.5 7.20971E+03
134.0 6.94777E+03
134.5 6.68675E+03
135.0 6.42664E+03
135.5 6.16746E+03
136.0 5.90920E+03
136.5 5.65186E+03
137.0 5.39546E+03
137.5 5.13999E+03
138.0 4.88546E+03
138.5 4.63188E+03
139.0 4.37924E+03
139.5 4.12756E+03
140.0 3.87684E+03
140.5 3.62707E+03
141.0 3.37828E+03
141.5 3.13045E+03
142.0 2.88361E+03
142.5 2.63775E+03
143.0 2.39288E+03
143.5 2.14901E+03
144.0 1.90614E+03
144.5 1.66427E+03
145.0 1.42343E+03
145.5 1.18360E+03
146.0 9.44805E+02
146.5 7.07044E+02
147.0 4.70325E+02
147.5 2.34656E+02
148.0 1.95289E+01
