148K20D0W2
  0.5 0.00000E+00
  1.0 0.00000E+00
  1.5 0.00000E+00
  2.0 0.00000E+00
  2.5 0.00000E+00
  3.0 0.00000E+00
  3.5 2.93433E+04
  4.0 3.81354E+04
  4.5 4.73770E+04
  5.0 5.70627E+04
  5.5 6.71926E+04
  6.0 7.77714E+04
  6.5 8.88080E+04
  7.0 1.00319E+05
  7.5 1.12329E+05
  8.0 1.24877E+05
  8.5 1.73204E+06
  9.0 1.51816E+05
  9.5 1.64138E+06
 10.0 1.36825E+06
 10.5 7.13382E+04
 11.0 7.67729E+04
 11.5 1.78417E+05
 12.0 5.94298E+04
 12.5 5.55183E+04
 13.0 5.90467E+04
 13.5 6.26583E+04
 14.0 6.63565E+04
 14.5 7.01450E+04
 15.0 7.40279E+04
 15.5 7.80081E+04
 16.0 8.20878E+04
 16.5 8.62665E+04
 17.0 9.05406E+04
 17.5 9.49030E+04
 18.0 9.93417E+04
 18.5 1.03840E+05
 19.0 1.08379E+05
 19.5 1.12933E+05
 20.0 1.17475E+05
 20.5 1.21976E+05
 21.0 1.26407E+05
 21.5 1.30738E+05
 22.0 1.34940E+05
 22.5 1.38986E+05
 23.0 1.42851E+05
 23.5 1.46516E+05
 24.0 1.49961E+05
 24.5 1.53171E+05
 25.0 1.56136E+05
 25.5 1.58847E+05
 26.0 1.61300E+05
 26.5 1.63492E+05
 27.0 1.65424E+05
 27.5 1.67100E+05
 28.0 1.68523E+05
 28.5 1.69700E+05
 29.0 1.70640E+05
 29.5 1.71352E+05
 30.0 1.71845E+05
 30.5 1.72130E+05
 31.0 1.72219E+05
 31.5 1.72122E+05
 32.0 1.71852E+05
 32.5 1.71418E+05
 33.0 1.70834E+05
 33.5 1.70110E+05
 34.0 1.69256E+05
 34.5 1.68284E+05
 35.0 1.67203E+05
 35.5 1.66023E+05
 36.0 1.64753E+05
 36.5 1.63401E+05
 37.0 1.61977E+05
 37.5 1.60488E+05
 38.0 1.58941E+05
 38.5 1.57343E+05
 39.0 1.55701E+05
 39.5 1.54020E+05
 40.0 1.52306E+05
 40.5 1.50565E+05
 41.0 1.48800E+05
 41.5 1.47017E+05
 42.0 1.45220E+05
 42.5 1.43412E+05
 43.0 1.41597E+05
 43.5 1.39778E+05
 44.0 1.37958E+05
 44.5 1.36139E+05
 45.0 1.34325E+05
 45.5 1.32517E+05
 46.0 1.30717E+05
 46.5 1.28927E+05
 47.0 1.27148E+05
 47.5 1.25383E+05
 48.0 1.23631E+05
 48.5 1.21896E+05
 49.0 1.20177E+05
 49.5 1.18475E+05
 50.0 1.16791E+05
 50.5 1.15127E+05
 51.0 1.13482E+05
 51.5 1.11857E+05
 52.0 1.10252E+05
 52.5 1.08668E+05
 53.0 1.07105E+05
 53.5 1.05563E+05
 54.0 1.04043E+05
 54.5 1.02544E+05
 55.0 1.01067E+05
 55.5 9.96116E+04
 56.0 9.81777E+04
 56.5 9.67653E+04
 57.0 9.53745E+04
 57.5 9.40049E+04
 58.0 5.63315E+05
 58.5 9.13294E+04
 59.0 9.00230E+04
 59.5 9.17646E+05
 60.0 8.74721E+04
 60.5 8.62272E+04
 61.0 8.50022E+04
 61.5 8.37970E+04
 62.0 8.26112E+04
 62.5 8.14447E+04
 63.0 8.02971E+04
 63.5 7.91681E+04
 64.0 7.80575E+04
 64.5 7.69650E+04
 65.0 7.58902E+04
 65.5 7.48329E+04
 66.0 7.37928E+04
 66.5 7.27696E+04
 67.0 3.55404E+05
 67.5 7.07725E+04
 68.0 6.97981E+04
 68.5 6.88394E+04
 69.0 1.43078E+05
 69.5 6.44505E+04
 70.0 5.11827E+04
 70.5 5.07391E+04
 71.0 5.02961E+04
 71.5 4.98537E+04
 72.0 4.94123E+04
 72.5 4.89717E+04
 73.0 4.85323E+04
 73.5 4.80939E+04
 74.0 4.76567E+04
 74.5 4.72209E+04
 75.0 4.67864E+04
 75.5 4.63533E+04
 76.0 4.59216E+04
 76.5 4.54916E+04
 77.0 4.50631E+04
 77.5 4.46362E+04
 78.0 4.42111E+04
 78.5 4.37876E+04
 79.0 4.33659E+04
 79.5 4.29460E+04
 80.0 4.25279E+04
 80.5 4.21116E+04
 81.0 4.16972E+04
 81.5 4.12847E+04
 82.0 4.08740E+04
 82.5 4.04653E+04
 83.0 4.00585E+04
 83.5 3.96537E+04
 84.0 3.92508E+04
 84.5 3.88498E+04
 85.0 3.84508E+04
 85.5 3.80538E+04
 86.0 3.76587E+04
 86.5 3.72655E+04
 87.0 3.68743E+04
 87.5 3.64851E+04
 88.0 3.60978E+04
 88.5 3.57124E+04
 89.0 3.53290E+04
 89.5 3.49474E+04
 90.0 3.45678E+04
 90.5 3.41901E+04
 91.0 3.38143E+04
 91.5 3.34403E+04
 92.0 3.30682E+04
 92.5 3.26980E+04
 93.0 3.23296E+04
 93.5 3.19630E+04
 94.0 3.15982E+04
 94.5 3.12352E+04
 95.0 3.08740E+04
 95.5 3.05146E+04
 96.0 3.01568E+04
 96.5 2.98009E+04
 97.0 2.94466E+04
 97.5 2.90940E+04
 98.0 2.87432E+04
 98.5 2.83939E+04
 99.0 2.80463E+04
 99.5 2.77004E+04
100.0 2.73560E+04
100.5 2.70133E+04
101.0 2.66721E+04
101.5 2.63325E+04
102.0 2.59944E+04
102.5 2.56578E+04
103.0 2.53228E+04
103.5 2.49893E+04
104.0 2.46572E+04
104.5 2.43266E+04
105.0 2.39974E+04
105.5 2.36697E+04
106.0 2.33433E+04
106.5 2.30184E+04
107.0 2.26949E+04
107.5 2.23727E+04
108.0 2.20519E+04
108.5 2.17324E+04
109.0 2.14142E+04
109.5 2.10974E+04
110.0 2.07818E+04
110.5 2.04675E+04
111.0 2.01545E+04
111.5 1.98428E+04
112.0 1.95323E+04
112.5 1.92230E+04
113.0 1.89150E+04
113.5 1.86081E+04
114.0 1.83025E+04
114.5 1.79980E+04
115.0 1.76947E+04
115.5 1.73926E+04
116.0 1.70917E+04
116.5 1.67919E+04
117.0 1.64932E+04
117.5 1.61956E+04
118.0 1.58992E+04
118.5 1.56039E+04
119.0 1.53096E+04
119.5 1.50165E+04
120.0 1.47245E+04
120.5 1.44335E+04
121.0 1.41436E+04
121.5 1.38548E+04
122.0 1.35670E+04
122.5 1.32803E+04
123.0 1.29946E+04
123.5 1.27100E+04
124.0 1.24264E+04
124.5 1.21438E+04
125.0 1.18623E+04
125.5 1.15818E+04
126.0 1.13023E+04
126.5 1.10238E+04
127.0 1.07463E+04
127.5 1.04698E+04
128.0 1.01944E+04
128.5 9.91993E+03
129.0 9.64647E+03
129.5 9.37401E+03
130.0 9.10255E+03
130.5 8.83209E+03
131.0 8.56262E+03
131.5 8.29414E+03
132.0 8.02665E+03
132.5 7.76016E+03
133.0 7.49466E+03
133.5 7.23015E+03
134.0 6.96663E+03
134.5 6.70411E+03
135.0 6.44258E+03
135.5 6.18205E+03
136.0 5.92251E+03
136.5 5.66397E+03
137.0 5.40643E+03
137.5 5.14990E+03
138.0 4.89436E+03
138.5 4.63984E+03
139.0 4.38632E+03
139.5 4.13382E+03
140.0 3.88233E+03
140.5 3.63186E+03
141.0 3.38241E+03
141.5 3.13399E+03
142.0 2.88661E+03
142.5 2.64025E+03
143.0 2.39494E+03
143.5 2.15066E+03
144.0 1.90744E+03
144.5 1.66527E+03
145.0 1.42416E+03
145.5 1.18411E+03
146.0 9.45138E+02
146.5 7.07236E+02
147.0 4.70417E+02
147.5 2.34684E+02
148.0 1.95304E+01
