149K07D0W2
  0.5 0.00000E+00
  1.0 0.00000E+00
  1.5 0.00000E+00
  2.0 0.00000E+00
  2.5 0.00000E+00
  3.0 0.00000E+00
  3.5 6.67005E+03
  4.0 9.76325E+03
  4.5 1.30272E+04
  5.0 1.64165E+04
  5.5 1.99119E+04
  6.0 2.35041E+04
  6.5 2.71882E+04
  7.0 3.09606E+04
  7.5 3.48187E+04
  8.0 3.87603E+04
  8.5 4.98075E+04
  9.0 4.68877E+04
  9.5 8.24160E+04
 10.0 7.49161E+04
 10.5 2.21191E+04
 11.0 2.38607E+04
 11.5 2.42885E+04
 12.0 1.84293E+04
 12.5 1.72123E+04
 13.0 1.83551E+04
 13.5 1.95113E+04
 14.0 2.06807E+04
 14.5 2.18634E+04
 15.0 2.30590E+04
 15.5 2.42675E+04
 16.0 2.54888E+04
 16.5 2.67227E+04
 17.0 2.79691E+04
 17.5 2.92279E+04
 18.0 3.04989E+04
 18.5 3.17822E+04
 19.0 3.30776E+04
 19.5 3.43850E+04
 20.0 3.57046E+04
 20.5 3.70361E+04
 21.0 3.83796E+04
 21.5 3.97351E+04
 22.0 4.11024E+04
 22.5 4.24814E+04
 23.0 4.38719E+04
 23.5 4.52733E+04
 24.0 4.66851E+04
 24.5 4.81065E+04
 25.0 4.95362E+04
 25.5 5.09729E+04
 26.0 5.24146E+04
 26.5 5.38593E+04
 27.0 5.53044E+04
 27.5 5.67472E+04
 28.0 5.81844E+04
 28.5 5.96126E+04
 29.0 6.10282E+04
 29.5 6.24275E+04
 30.0 6.38065E+04
 30.5 6.51613E+04
 31.0 6.64880E+04
 31.5 6.77828E+04
 32.0 6.90421E+04
 32.5 7.02623E+04
 33.0 7.14403E+04
 33.5 7.25730E+04
 34.0 7.36577E+04
 34.5 7.46920E+04
 35.0 7.56739E+04
 35.5 7.66015E+04
 36.0 7.74736E+04
 36.5 7.82890E+04
 37.0 7.90468E+04
 37.5 7.97468E+04
 38.0 8.03886E+04
 38.5 8.09723E+04
 39.0 8.14982E+04
 39.5 8.19671E+04
 40.0 8.23794E+04
 40.5 8.27364E+04
 41.0 8.30390E+04
 41.5 8.32885E+04
 42.0 8.34863E+04
 42.5 8.36340E+04
 43.0 8.37331E+04
 43.5 8.37852E+04
 44.0 8.37922E+04
 44.5 8.37556E+04
 45.0 8.36774E+04
 45.5 8.35593E+04
 46.0 8.34031E+04
 46.5 8.32107E+04
 47.0 8.29838E+04
 47.5 8.27243E+04
 48.0 8.24338E+04
 48.5 8.21140E+04
 49.0 8.17667E+04
 49.5 8.13935E+04
 50.0 8.09959E+04
 50.5 8.05756E+04
 51.0 8.01340E+04
 51.5 7.96726E+04
 52.0 7.91926E+04
 52.5 7.86956E+04
 53.0 7.81828E+04
 53.5 7.76554E+04
 54.0 7.71146E+04
 54.5 7.65615E+04
 55.0 7.59973E+04
 55.5 7.54229E+04
 56.0 7.48392E+04
 56.5 7.42474E+04
 57.0 7.36482E+04
 57.5 7.30424E+04
 58.0 3.65405E+05
 58.5 7.18143E+04
 59.0 7.11935E+04
 59.5 6.01546E+05
 60.0 6.99416E+04
 60.5 6.93117E+04
 61.0 6.86800E+04
 61.5 6.80469E+04
 62.0 6.74131E+04
 62.5 6.67788E+04
 63.0 6.61445E+04
 63.5 6.55108E+04
 64.0 6.48778E+04
 64.5 6.42459E+04
 65.0 6.36156E+04
 65.5 6.29870E+04
 66.0 6.23605E+04
 66.5 6.17362E+04
 67.0 2.67713E+05
 67.5 6.04957E+04
 68.0 5.98797E+04
 68.5 5.92669E+04
 69.0 1.14822E+05
 69.5 5.33134E+04
 70.0 2.93305E+04
 70.5 2.93445E+04
 71.0 2.93539E+04
 71.5 2.93587E+04
 72.0 2.93590E+04
 72.5 2.93547E+04
 73.0 2.93459E+04
 73.5 2.93325E+04
 74.0 2.93145E+04
 74.5 2.92920E+04
 75.0 2.92649E+04
 75.5 2.92334E+04
 76.0 2.91974E+04
 76.5 2.91569E+04
 77.0 2.91120E+04
 77.5 2.90627E+04
 78.0 2.90090E+04
 78.5 2.89510E+04
 79.0 2.88887E+04
 79.5 2.88221E+04
 80.0 2.87513E+04
 80.5 2.86764E+04
 81.0 2.85973E+04
 81.5 2.85142E+04
 82.0 2.84270E+04
 82.5 2.83359E+04
 83.0 2.82408E+04
 83.5 2.81419E+04
 84.0 2.80391E+04
 84.5 2.79325E+04
 85.0 2.78223E+04
 85.5 2.77083E+04
 86.0 2.75908E+04
 86.5 2.74697E+04
 87.0 2.73452E+04
 87.5 2.72172E+04
 88.0 2.70858E+04
 88.5 2.69511E+04
 89.0 2.68132E+04
 89.5 2.66720E+04
 90.0 2.65277E+04
 90.5 2.63803E+04
 91.0 2.62299E+04
 91.5 2.60765E+04
 92.0 2.59203E+04
 92.5 2.57611E+04
 93.0 2.55992E+04
 93.5 2.54345E+04
 94.0 2.52671E+04
 94.5 2.50971E+04
 95.0 2.49246E+04
 95.5 2.47495E+04
 96.0 2.45719E+04
 96.5 2.43920E+04
 97.0 2.42097E+04
 97.5 2.40251E+04
 98.0 2.38383E+04
 98.5 2.36492E+04
 99.0 2.34581E+04
 99.5 2.32648E+04
100.0 2.30695E+04
100.5 2.28722E+04
101.0 2.26730E+04
101.5 2.24718E+04
102.0 2.22689E+04
102.5 2.20641E+04
103.0 2.18576E+04
103.5 2.16494E+04
104.0 2.14395E+04
104.5 2.12280E+04
105.0 2.10150E+04
105.5 2.08004E+04
106.0 2.05844E+04
106.5 2.03669E+04
107.0 2.01480E+04
107.5 1.99278E+04
108.0 1.97062E+04
108.5 1.94834E+04
109.0 1.92593E+04
109.5 1.90341E+04
110.0 1.88077E+04
110.5 1.85802E+04
111.0 1.83516E+04
111.5 1.81219E+04
112.0 1.78913E+04
112.5 1.76597E+04
113.0 1.74271E+04
113.5 1.71936E+04
114.0 1.69593E+04
114.5 1.67241E+04
115.0 1.64882E+04
115.5 1.62514E+04
116.0 1.60140E+04
116.5 1.57758E+04
117.0 1.55369E+04
117.5 1.52974E+04
118.0 1.50573E+04
118.5 1.48166E+04
119.0 1.45754E+04
119.5 1.43336E+04
120.0 1.40913E+04
120.5 1.38485E+04
121.0 1.36054E+04
121.5 1.33618E+04
122.0 1.31178E+04
122.5 1.28734E+04
123.0 1.26287E+04
123.5 1.23837E+04
124.0 1.21384E+04
124.5 1.18929E+04
125.0 1.16471E+04
125.5 1.14011E+04
126.0 1.11550E+04
126.5 1.09086E+04
127.0 1.06622E+04
127.5 1.04156E+04
128.0 1.01689E+04
128.5 9.92217E+03
129.0 9.67538E+03
129.5 9.42857E+03
130.0 9.18176E+03
130.5 8.93497E+03
131.0 8.68822E+03
131.5 8.44154E+03
132.0 8.19493E+03
132.5 7.94844E+03
133.0 7.70207E+03
133.5 7.45585E+03
134.0 7.20979E+03
134.5 6.96392E+03
135.0 6.71826E+03
135.5 6.47283E+03
136.0 6.22764E+03
136.5 5.98272E+03
137.0 5.73808E+03
137.5 5.49375E+03
138.0 5.24974E+03
138.5 5.00607E+03
139.0 4.76276E+03
139.5 4.51983E+03
140.0 4.27730E+03
140.5 4.03519E+03
141.0 3.79351E+03
141.5 3.55228E+03
142.0 3.31152E+03
142.5 3.07125E+03
143.0 2.83148E+03
143.5 2.59224E+03
144.0 2.35354E+03
144.5 2.11539E+03
145.0 1.87783E+03
145.5 1.64085E+03
146.0 1.40448E+03
146.5 1.16874E+03
147.0 9.33645E+02
147.5 6.99209E+02
148.0 4.65450E+02
148.5 2.32385E+02
149.0 1.93479E+01
