149K06D0W2
  0.5 0.00000E+00
  1.0 0.00000E+00
  1.5 0.00000E+00
  2.0 0.00000E+00
  2.5 0.00000E+00
  3.0 0.00000E+00
  3.5 5.14637E+03
  4.0 7.78712E+03
  4.5 1.05982E+04
  5.0 1.35249E+04
  5.5 1.65432E+04
  6.0 1.96419E+04
  6.5 2.28148E+04
  7.0 2.60582E+04
  7.5 2.93695E+04
  8.0 3.27462E+04
  8.5 3.79664E+04
  9.0 3.96890E+04
  9.5 5.50704E+04
 10.0 5.13900E+04
 10.5 1.86442E+04
 11.0 2.01389E+04
 11.5 2.03946E+04
 12.0 1.55299E+04
 12.5 1.45011E+04
 13.0 1.54829E+04
 13.5 1.64751E+04
 14.0 1.74778E+04
 14.5 1.84906E+04
 15.0 1.95135E+04
 15.5 2.05462E+04
 16.0 2.15888E+04
 16.5 2.26410E+04
 17.0 2.37026E+04
 17.5 2.47736E+04
 18.0 2.58537E+04
 18.5 2.69429E+04
 19.0 2.80410E+04
 19.5 2.91479E+04
 20.0 3.02634E+04
 20.5 3.13876E+04
 21.0 3.25202E+04
 21.5 3.36612E+04
 22.0 3.48105E+04
 22.5 3.59680E+04
 23.0 3.71335E+04
 23.5 3.83069E+04
 24.0 3.94880E+04
 24.5 4.06764E+04
 25.0 4.18718E+04
 25.5 4.30735E+04
 26.0 4.42807E+04
 26.5 4.54925E+04
 27.0 4.67078E+04
 27.5 4.79252E+04
 28.0 4.91429E+04
 28.5 5.03592E+04
 29.0 5.15719E+04
 29.5 5.27787E+04
 30.0 5.39772E+04
 30.5 5.51646E+04
 31.0 5.63383E+04
 31.5 5.74955E+04
 32.0 5.86332E+04
 32.5 5.97487E+04
 33.0 6.08390E+04
 33.5 6.19016E+04
 34.0 6.29338E+04
 34.5 6.39332E+04
 35.0 6.48974E+04
 35.5 6.58243E+04
 36.0 6.67121E+04
 36.5 6.75591E+04
 37.0 6.83638E+04
 37.5 6.91251E+04
 38.0 6.98418E+04
 38.5 7.05133E+04
 39.0 7.11391E+04
 39.5 7.17187E+04
 40.0 7.22520E+04
 40.5 7.27392E+04
 41.0 7.31804E+04
 41.5 7.35760E+04
 42.0 7.39266E+04
 42.5 7.42329E+04
 43.0 7.44957E+04
 43.5 7.47158E+04
 44.0 7.48944E+04
 44.5 7.50324E+04
 45.0 7.51311E+04
 45.5 7.51916E+04
 46.0 7.52153E+04
 46.5 7.52034E+04
 47.0 7.51573E+04
 47.5 7.50783E+04
 48.0 7.49677E+04
 48.5 7.48270E+04
 49.0 7.46574E+04
 49.5 7.44603E+04
 50.0 7.42372E+04
 50.5 7.39891E+04
 51.0 7.37176E+04
 51.5 7.34237E+04
 52.0 7.31089E+04
 52.5 7.27742E+04
 53.0 7.24209E+04
 53.5 7.20501E+04
 54.0 7.16628E+04
 54.5 7.12602E+04
 55.0 7.08434E+04
 55.5 7.04131E+04
 56.0 6.99705E+04
 56.5 6.95165E+04
 57.0 6.90519E+04
 57.5 6.85775E+04
 58.0 3.26684E+05
 58.5 6.76028E+04
 59.0 6.71040E+04
 59.5 5.38658E+05
 60.0 6.60867E+04
 60.5 6.55696E+04
 61.0 6.50477E+04
 61.5 6.45215E+04
 62.0 6.39915E+04
 62.5 6.34584E+04
 63.0 6.29225E+04
 63.5 6.23844E+04
 64.0 6.18443E+04
 64.5 6.13028E+04
 65.0 6.07602E+04
 65.5 6.02169E+04
 66.0 5.96733E+04
 66.5 5.91295E+04
 67.0 2.48309E+05
 67.5 5.80429E+04
 68.0 5.75006E+04
 68.5 5.69593E+04
 69.0 1.08327E+05
 69.5 5.09291E+04
 70.0 2.59298E+04
 70.5 2.59811E+04
 71.0 2.60287E+04
 71.5 2.60724E+04
 72.0 2.61122E+04
 72.5 2.61481E+04
 73.0 2.61801E+04
 73.5 2.62080E+04
 74.0 2.62319E+04
 74.5 2.62517E+04
 75.0 2.62674E+04
 75.5 2.62790E+04
 76.0 2.62864E+04
 76.5 2.62896E+04
 77.0 2.62886E+04
 77.5 2.62834E+04
 78.0 2.62740E+04
 78.5 2.62604E+04
 79.0 2.62426E+04
 79.5 2.62206E+04
 80.0 2.61944E+04
 80.5 2.61639E+04
 81.0 2.61293E+04
 81.5 2.60905E+04
 82.0 2.60476E+04
 82.5 2.60006E+04
 83.0 2.59494E+04
 83.5 2.58942E+04
 84.0 2.58349E+04
 84.5 2.57716E+04
 85.0 2.57043E+04
 85.5 2.56330E+04
 86.0 2.55578E+04
 86.5 2.54787E+04
 87.0 2.53958E+04
 87.5 2.53091E+04
 88.0 2.52186E+04
 88.5 2.51244E+04
 89.0 2.50265E+04
 89.5 2.49250E+04
 90.0 2.48199E+04
 90.5 2.47113E+04
 91.0 2.45991E+04
 91.5 2.44835E+04
 92.0 2.43646E+04
 92.5 2.42423E+04
 93.0 2.41167E+04
 93.5 2.39878E+04
 94.0 2.38558E+04
 94.5 2.37206E+04
 95.0 2.35823E+04
 95.5 2.34410E+04
 96.0 2.32967E+04
 96.5 2.31495E+04
 97.0 2.29994E+04
 97.5 2.28464E+04
 98.0 2.26907E+04
 98.5 2.25323E+04
 99.0 2.23712E+04
 99.5 2.22074E+04
100.0 2.20411E+04
100.5 2.18723E+04
101.0 2.17010E+04
101.5 2.15274E+04
102.0 2.13513E+04
102.5 2.11729E+04
103.0 2.09923E+04
103.5 2.08095E+04
104.0 2.06245E+04
104.5 2.04373E+04
105.0 2.02481E+04
105.5 2.00569E+04
106.0 1.98637E+04
106.5 1.96686E+04
107.0 1.94717E+04
107.5 1.92728E+04
108.0 1.90723E+04
108.5 1.88699E+04
109.0 1.86659E+04
109.5 1.84602E+04
110.0 1.82529E+04
110.5 1.80441E+04
111.0 1.78337E+04
111.5 1.76218E+04
112.0 1.74086E+04
112.5 1.71939E+04
113.0 1.69779E+04
113.5 1.67605E+04
114.0 1.65419E+04
114.5 1.63221E+04
115.0 1.61010E+04
115.5 1.58788E+04
116.0 1.56555E+04
116.5 1.54311E+04
117.0 1.52057E+04
117.5 1.49792E+04
118.0 1.47518E+04
118.5 1.45234E+04
119.0 1.42942E+04
119.5 1.40641E+04
120.0 1.38331E+04
120.5 1.36014E+04
121.0 1.33688E+04
121.5 1.31356E+04
122.0 1.29017E+04
122.5 1.26671E+04
123.0 1.24318E+04
123.5 1.21960E+04
124.0 1.19596E+04
124.5 1.17226E+04
125.0 1.14851E+04
125.5 1.12472E+04
126.0 1.10088E+04
126.5 1.07700E+04
127.0 1.05307E+04
127.5 1.02912E+04
128.0 1.00512E+04
128.5 9.81102E+03
129.0 9.57050E+03
129.5 9.32974E+03
130.0 9.08874E+03
130.5 8.84754E+03
131.0 8.60617E+03
131.5 8.36464E+03
132.0 8.12300E+03
132.5 7.88125E+03
133.0 7.63943E+03
133.5 7.39756E+03
134.0 7.15567E+03
134.5 6.91377E+03
135.0 6.67190E+03
135.5 6.43008E+03
136.0 6.18833E+03
136.5 5.94667E+03
137.0 5.70513E+03
137.5 5.46373E+03
138.0 5.22249E+03
138.5 4.98144E+03
139.0 4.74060E+03
139.5 4.49998E+03
140.0 4.25962E+03
140.5 4.01953E+03
141.0 3.77974E+03
141.5 3.54026E+03
142.0 3.30112E+03
142.5 3.06234E+03
143.0 2.82393E+03
143.5 2.58593E+03
144.0 2.34835E+03
144.5 2.11120E+03
145.0 1.87452E+03
145.5 1.63832E+03
146.0 1.40262E+03
146.5 1.16744E+03
147.0 9.32798E+02
147.5 6.98717E+02
148.0 4.65216E+02
148.5 2.32312E+02
149.0 1.93442E+01
