149K10D0W2
  0.5 0.00000E+00
  1.0 0.00000E+00
  1.5 0.00000E+00
  2.0 0.00000E+00
  2.5 0.00000E+00
  3.0 0.00000E+00
  3.5 1.14910E+04
  4.0 1.58878E+04
  4.5 2.04861E+04
  5.0 2.52588E+04
  5.5 3.01944E+04
  6.0 3.52872E+04
  6.5 4.05334E+04
  7.0 4.59307E+04
  7.5 5.14770E+04
  8.0 5.71718E+04
  8.5 1.46723E+05
  9.0 6.90083E+04
  9.5 2.57475E+05
 10.0 2.21734E+05
 10.5 3.27332E+04
 11.0 3.52377E+04
 11.5 3.88298E+04
 12.0 2.72829E+04
 12.5 2.54896E+04
 13.0 2.71289E+04
 13.5 2.87921E+04
 14.0 3.04790E+04
 14.5 3.21898E+04
 15.0 3.39245E+04
 15.5 3.56831E+04
 16.0 3.74658E+04
 16.5 3.92727E+04
 17.0 4.11040E+04
 17.5 4.29601E+04
 18.0 4.48411E+04
 18.5 4.67476E+04
 19.0 4.86798E+04
 19.5 5.06379E+04
 20.0 5.26221E+04
 20.5 5.46322E+04
 21.0 5.66676E+04
 21.5 5.87270E+04
 22.0 6.08088E+04
 22.5 6.29103E+04
 23.0 6.50283E+04
 23.5 6.71583E+04
 24.0 6.92955E+04
 24.5 7.14338E+04
 25.0 7.35669E+04
 25.5 7.56874E+04
 26.0 7.77879E+04
 26.5 7.98605E+04
 27.0 8.18974E+04
 27.5 8.38906E+04
 28.0 8.58325E+04
 28.5 8.77157E+04
 29.0 8.95335E+04
 29.5 9.12795E+04
 30.0 9.29479E+04
 30.5 9.45340E+04
 31.0 9.60333E+04
 31.5 9.74424E+04
 32.0 9.87584E+04
 32.5 9.99793E+04
 33.0 1.01104E+05
 33.5 1.02131E+05
 34.0 1.03061E+05
 34.5 1.03893E+05
 35.0 1.04630E+05
 35.5 1.05272E+05
 36.0 1.05821E+05
 36.5 1.06280E+05
 37.0 1.06651E+05
 37.5 1.06936E+05
 38.0 1.07138E+05
 38.5 1.07261E+05
 39.0 1.07308E+05
 39.5 1.07282E+05
 40.0 1.07187E+05
 40.5 1.07025E+05
 41.0 1.06801E+05
 41.5 1.06517E+05
 42.0 1.06178E+05
 42.5 1.05786E+05
 43.0 1.05345E+05
 43.5 1.04857E+05
 44.0 1.04327E+05
 44.5 1.03756E+05
 45.0 1.03148E+05
 45.5 1.02506E+05
 46.0 1.01832E+05
 46.5 1.01129E+05
 47.0 1.00400E+05
 47.5 9.96457E+04
 48.0 9.88697E+04
 48.5 9.80737E+04
 49.0 9.72596E+04
 49.5 9.64295E+04
 50.0 9.55852E+04
 50.5 9.47283E+04
 51.0 9.38605E+04
 51.5 9.29832E+04
 52.0 9.20979E+04
 52.5 9.12059E+04
 53.0 9.03085E+04
 53.5 8.94068E+04
 54.0 8.85019E+04
 54.5 8.75949E+04
 55.0 8.66866E+04
 55.5 8.57780E+04
 56.0 8.48699E+04
 56.5 8.39630E+04
 57.0 8.30580E+04
 57.5 8.21556E+04
 58.0 4.48286E+05
 58.5 8.03609E+04
 59.0 7.94697E+04
 59.5 7.35152E+05
 60.0 7.77016E+04
 60.5 7.68256E+04
 61.0 7.59554E+04
 61.5 7.50914E+04
 62.0 7.42338E+04
 62.5 7.33828E+04
 63.0 7.25388E+04
 63.5 7.17019E+04
 64.0 7.08722E+04
 64.5 7.00500E+04
 65.0 6.92353E+04
 65.5 6.84283E+04
 66.0 6.76291E+04
 66.5 6.68377E+04
 67.0 3.07005E+05
 67.5 6.52787E+04
 68.0 6.45112E+04
 68.5 6.37516E+04
 69.0 1.27753E+05
 69.5 5.81834E+04
 70.0 3.73933E+04
 70.5 3.72804E+04
 71.0 3.71626E+04
 71.5 3.70400E+04
 72.0 3.69128E+04
 72.5 3.67809E+04
 73.0 3.66446E+04
 73.5 3.65040E+04
 74.0 3.63590E+04
 74.5 3.62099E+04
 75.0 3.60568E+04
 75.5 3.58997E+04
 76.0 3.57388E+04
 76.5 3.55740E+04
 77.0 3.54057E+04
 77.5 3.52338E+04
 78.0 3.50584E+04
 78.5 3.48796E+04
 79.0 3.46975E+04
 79.5 3.45123E+04
 80.0 3.43239E+04
 80.5 3.41326E+04
 81.0 3.39383E+04
 81.5 3.37411E+04
 82.0 3.35413E+04
 82.5 3.33387E+04
 83.0 3.31336E+04
 83.5 3.29259E+04
 84.0 3.27158E+04
 84.5 3.25034E+04
 85.0 3.22886E+04
 85.5 3.20717E+04
 86.0 3.18526E+04
 86.5 3.16314E+04
 87.0 3.14082E+04
 87.5 3.11831E+04
 88.0 3.09562E+04
 88.5 3.07274E+04
 89.0 3.04968E+04
 89.5 3.02646E+04
 90.0 3.00308E+04
 90.5 2.97953E+04
 91.0 2.95584E+04
 91.5 2.93200E+04
 92.0 2.90802E+04
 92.5 2.88390E+04
 93.0 2.85966E+04
 93.5 2.83529E+04
 94.0 2.81080E+04
 94.5 2.78619E+04
 95.0 2.76147E+04
 95.5 2.73664E+04
 96.0 2.71171E+04
 96.5 2.68669E+04
 97.0 2.66157E+04
 97.5 2.63636E+04
 98.0 2.61106E+04
 98.5 2.58568E+04
 99.0 2.56022E+04
 99.5 2.53469E+04
100.0 2.50908E+04
100.5 2.48341E+04
101.0 2.45767E+04
101.5 2.43187E+04
102.0 2.40601E+04
102.5 2.38010E+04
103.0 2.35413E+04
103.5 2.32811E+04
104.0 2.30205E+04
104.5 2.27594E+04
105.0 2.24980E+04
105.5 2.22361E+04
106.0 2.19739E+04
106.5 2.17113E+04
107.0 2.14484E+04
107.5 2.11853E+04
108.0 2.09219E+04
108.5 2.06582E+04
109.0 2.03943E+04
109.5 2.01303E+04
110.0 1.98660E+04
110.5 1.96016E+04
111.0 1.93371E+04
111.5 1.90724E+04
112.0 1.88077E+04
112.5 1.85429E+04
113.0 1.82780E+04
113.5 1.80131E+04
114.0 1.77481E+04
114.5 1.74832E+04
115.0 1.72183E+04
115.5 1.69534E+04
116.0 1.66886E+04
116.5 1.64238E+04
117.0 1.61591E+04
117.5 1.58945E+04
118.0 1.56300E+04
118.5 1.53656E+04
119.0 1.51014E+04
119.5 1.48374E+04
120.0 1.45735E+04
120.5 1.43098E+04
121.0 1.40463E+04
121.5 1.37830E+04
122.0 1.35199E+04
122.5 1.32571E+04
123.0 1.29946E+04
123.5 1.27323E+04
124.0 1.24703E+04
124.5 1.22085E+04
125.0 1.19471E+04
125.5 1.16861E+04
126.0 1.14253E+04
126.5 1.11649E+04
127.0 1.09049E+04
127.5 1.06452E+04
128.0 1.03859E+04
128.5 1.01270E+04
129.0 9.86854E+03
129.5 9.61048E+03
130.0 9.35285E+03
130.5 9.09567E+03
131.0 8.83895E+03
131.5 8.58269E+03
132.0 8.32692E+03
132.5 8.07163E+03
133.0 7.81685E+03
133.5 7.56259E+03
134.0 7.30886E+03
134.5 7.05566E+03
135.0 6.80302E+03
135.5 6.55094E+03
136.0 6.29943E+03
136.5 6.04851E+03
137.0 5.79819E+03
137.5 5.54848E+03
138.0 5.29939E+03
138.5 5.05093E+03
139.0 4.80311E+03
139.5 4.55595E+03
140.0 4.30946E+03
140.5 4.06365E+03
141.0 3.81853E+03
141.5 3.57411E+03
142.0 3.33040E+03
142.5 3.08742E+03
143.0 2.84518E+03
143.5 2.60368E+03
144.0 2.36295E+03
144.5 2.12299E+03
145.0 1.88381E+03
145.5 1.64543E+03
146.0 1.40785E+03
146.5 1.17110E+03
147.0 9.35176E+02
147.5 7.00097E+02
148.0 4.65872E+02
148.5 2.32515E+02
149.0 1.93548E+01
