149K17D0W2
  0.5 0.00000E+00
  1.0 0.00000E+00
  1.5 0.00000E+00
  2.0 0.00000E+00
  2.5 0.00000E+00
  3.0 0.00000E+00
  3.5 2.36291E+04
  4.0 3.10389E+04
  4.5 3.88069E+04
  5.0 4.69234E+04
  5.5 5.53847E+04
  6.0 6.41906E+04
  6.5 7.33434E+04
  7.0 8.28491E+04
  7.5 9.27180E+04
  8.0 1.02967E+05
  8.5 1.04121E+06
  9.0 1.24717E+05
  9.5 1.14333E+06
 10.0 9.55962E+05
 10.5 5.89411E+04
 11.0 6.34052E+04
 11.5 1.17621E+05
 12.0 4.91221E+04
 12.5 4.58965E+04
 13.0 4.88033E+04
 13.5 5.17700E+04
 14.0 5.47984E+04
 14.5 5.78901E+04
 15.0 6.10477E+04
 15.5 6.42733E+04
 16.0 6.75694E+04
 16.5 7.09380E+04
 17.0 7.43799E+04
 17.5 7.78951E+04
 18.0 8.14808E+04
 18.5 8.51323E+04
 19.0 8.88417E+04
 19.5 9.25984E+04
 20.0 9.63885E+04
 20.5 1.00196E+05
 21.0 1.04001E+05
 21.5 1.07784E+05
 22.0 1.11524E+05
 22.5 1.15198E+05
 23.0 1.18786E+05
 23.5 1.22266E+05
 24.0 1.25619E+05
 24.5 1.28827E+05
 25.0 1.31876E+05
 25.5 1.34751E+05
 26.0 1.37441E+05
 26.5 1.39938E+05
 27.0 1.42236E+05
 27.5 1.44331E+05
 28.0 1.46220E+05
 28.5 1.47902E+05
 29.0 1.49381E+05
 29.5 1.50658E+05
 30.0 1.51737E+05
 30.5 1.52625E+05
 31.0 1.53328E+05
 31.5 1.53852E+05
 32.0 1.54205E+05
 32.5 1.54395E+05
 33.0 1.54430E+05
 33.5 1.54320E+05
 34.0 1.54071E+05
 34.5 1.53694E+05
 35.0 1.53197E+05
 35.5 1.52587E+05
 36.0 1.51873E+05
 36.5 1.51063E+05
 37.0 1.50164E+05
 37.5 1.49184E+05
 38.0 1.48130E+05
 38.5 1.47008E+05
 39.0 1.45826E+05
 39.5 1.44588E+05
 40.0 1.43301E+05
 40.5 1.41970E+05
 41.0 1.40600E+05
 41.5 1.39196E+05
 42.0 1.37763E+05
 42.5 1.36303E+05
 43.0 1.34823E+05
 43.5 1.33324E+05
 44.0 1.31810E+05
 44.5 1.30285E+05
 45.0 1.28751E+05
 45.5 1.27212E+05
 46.0 1.25668E+05
 46.5 1.24123E+05
 47.0 1.22579E+05
 47.5 1.21038E+05
 48.0 1.19500E+05
 48.5 1.17969E+05
 49.0 1.16445E+05
 49.5 1.14929E+05
 50.0 1.13424E+05
 50.5 1.11929E+05
 51.0 1.10445E+05
 51.5 1.08975E+05
 52.0 1.07517E+05
 52.5 1.06074E+05
 53.0 1.04645E+05
 53.5 1.03232E+05
 54.0 1.01834E+05
 54.5 1.00452E+05
 55.0 9.90861E+04
 55.5 9.77369E+04
 56.0 9.64044E+04
 56.5 9.50888E+04
 57.0 9.37904E+04
 57.5 9.25090E+04
 58.0 5.48014E+05
 58.5 8.99980E+04
 59.0 8.87683E+04
 59.5 8.94374E+05
 60.0 8.63605E+04
 60.5 8.51823E+04
 61.0 8.40210E+04
 61.5 8.28767E+04
 62.0 8.17490E+04
 62.5 8.06380E+04
 63.0 7.95435E+04
 63.5 7.84651E+04
 64.0 7.74030E+04
 64.5 7.63567E+04
 65.0 7.53261E+04
 65.5 7.43110E+04
 66.0 7.33113E+04
 66.5 7.23266E+04
 67.0 3.51106E+05
 67.5 7.04017E+04
 68.0 6.94610E+04
 68.5 6.85345E+04
 69.0 1.41965E+05
 69.5 6.38040E+04
 70.0 4.85826E+04
 70.5 4.82198E+04
 71.0 4.78557E+04
 71.5 4.74905E+04
 72.0 4.71242E+04
 72.5 4.67571E+04
 73.0 4.63893E+04
 73.5 4.60209E+04
 74.0 4.56520E+04
 74.5 4.52827E+04
 75.0 4.49132E+04
 75.5 4.45434E+04
 76.0 4.41736E+04
 76.5 4.38037E+04
 77.0 4.34340E+04
 77.5 4.30644E+04
 78.0 4.26951E+04
 78.5 4.23260E+04
 79.0 4.19574E+04
 79.5 4.15892E+04
 80.0 4.12214E+04
 80.5 4.08543E+04
 81.0 4.04877E+04
 81.5 4.01218E+04
 82.0 3.97566E+04
 82.5 3.93921E+04
 83.0 3.90284E+04
 83.5 3.86656E+04
 84.0 3.83035E+04
 84.5 3.79424E+04
 85.0 3.75822E+04
 85.5 3.72230E+04
 86.0 3.68647E+04
 86.5 3.65074E+04
 87.0 3.61511E+04
 87.5 3.57958E+04
 88.0 3.54416E+04
 88.5 3.50884E+04
 89.0 3.47364E+04
 89.5 3.43854E+04
 90.0 3.40355E+04
 90.5 3.36868E+04
 91.0 3.33391E+04
 91.5 3.29926E+04
 92.0 3.26473E+04
 92.5 3.23031E+04
 93.0 3.19600E+04
 93.5 3.16181E+04
 94.0 3.12773E+04
 94.5 3.09377E+04
 95.0 3.05992E+04
 95.5 3.02619E+04
 96.0 2.99258E+04
 96.5 2.95908E+04
 97.0 2.92570E+04
 97.5 2.89243E+04
 98.0 2.85927E+04
 98.5 2.82623E+04
 99.0 2.79331E+04
 99.5 2.76050E+04
100.0 2.72780E+04
100.5 2.69522E+04
101.0 2.66274E+04
101.5 2.63038E+04
102.0 2.59813E+04
102.5 2.56600E+04
103.0 2.53397E+04
103.5 2.50205E+04
104.0 2.47024E+04
104.5 2.43854E+04
105.0 2.40695E+04
105.5 2.37546E+04
106.0 2.34408E+04
106.5 2.31281E+04
107.0 2.28164E+04
107.5 2.25058E+04
108.0 2.21962E+04
108.5 2.18876E+04
109.0 2.15801E+04
109.5 2.12735E+04
110.0 2.09680E+04
110.5 2.06635E+04
111.0 2.03601E+04
111.5 2.00576E+04
112.0 1.97560E+04
112.5 1.94555E+04
113.0 1.91560E+04
113.5 1.88574E+04
114.0 1.85598E+04
114.5 1.82632E+04
115.0 1.79675E+04
115.5 1.76727E+04
116.0 1.73789E+04
116.5 1.70861E+04
117.0 1.67942E+04
117.5 1.65032E+04
118.0 1.62131E+04
118.5 1.59240E+04
119.0 1.56358E+04
119.5 1.53485E+04
120.0 1.50621E+04
120.5 1.47767E+04
121.0 1.44921E+04
121.5 1.42085E+04
122.0 1.39257E+04
122.5 1.36439E+04
123.0 1.33629E+04
123.5 1.30829E+04
124.0 1.28037E+04
124.5 1.25254E+04
125.0 1.22480E+04
125.5 1.19715E+04
126.0 1.16959E+04
126.5 1.14212E+04
127.0 1.11474E+04
127.5 1.08744E+04
128.0 1.06023E+04
128.5 1.03311E+04
129.0 1.00609E+04
129.5 9.79144E+03
130.0 9.52291E+03
130.5 9.25527E+03
131.0 8.98852E+03
131.5 8.72266E+03
132.0 8.45768E+03
132.5 8.19360E+03
133.0 7.93041E+03
133.5 7.66812E+03
134.0 7.40672E+03
134.5 7.14622E+03
135.0 6.88663E+03
135.5 6.62794E+03
136.0 6.37016E+03
136.5 6.11329E+03
137.0 5.85733E+03
137.5 5.60229E+03
138.0 5.34817E+03
138.5 5.09497E+03
139.0 4.84271E+03
139.5 4.59138E+03
140.0 4.34098E+03
140.5 4.09153E+03
141.0 3.84302E+03
141.5 3.59546E+03
142.0 3.34886E+03
142.5 3.10322E+03
143.0 2.85855E+03
143.5 2.61485E+03
144.0 2.37213E+03
144.5 2.13039E+03
145.0 1.88964E+03
145.5 1.64989E+03
146.0 1.41114E+03
146.5 1.17339E+03
147.0 9.36666E+02
147.5 7.00960E+02
148.0 4.66283E+02
148.5 2.32642E+02
149.0 1.93614E+01
