149K14D0W2
  0.5 0.00000E+00
  1.0 0.00000E+00
  1.5 0.00000E+00
  2.0 0.00000E+00
  2.5 0.00000E+00
  3.0 0.00000E+00
  3.5 1.82925E+04
  4.0 2.43990E+04
  4.5 3.07866E+04
  5.0 3.74402E+04
  5.5 4.43533E+04
  6.0 5.15229E+04
  6.5 5.89475E+04
  7.0 6.66279E+04
  7.5 7.45666E+04
  8.0 8.27693E+04
  8.5 5.33183E+05
  9.0 1.00009E+05
  9.5 7.03728E+05
 10.0 5.92022E+05
 10.5 4.74194E+04
 11.0 5.10072E+04
 11.5 7.40937E+04
 12.0 3.95251E+04
 12.5 3.69310E+04
 13.0 3.92725E+04
 13.5 4.16561E+04
 14.0 4.40823E+04
 14.5 4.65519E+04
 15.0 4.90658E+04
 15.5 5.16249E+04
 16.0 5.42306E+04
 16.5 5.68841E+04
 17.0 5.95867E+04
 17.5 6.23396E+04
 18.0 6.51432E+04
 18.5 6.79976E+04
 19.0 7.09015E+04
 19.5 7.38524E+04
 20.0 7.68457E+04
 20.5 7.98756E+04
 21.0 8.29338E+04
 21.5 8.60103E+04
 22.0 8.90938E+04
 22.5 9.21710E+04
 23.0 9.52280E+04
 23.5 9.82498E+04
 24.0 1.01222E+05
 24.5 1.04128E+05
 25.0 1.06955E+05
 25.5 1.09689E+05
 26.0 1.12316E+05
 26.5 1.14826E+05
 27.0 1.17209E+05
 27.5 1.19455E+05
 28.0 1.21558E+05
 28.5 1.23512E+05
 29.0 1.25313E+05
 29.5 1.26959E+05
 30.0 1.28448E+05
 30.5 1.29781E+05
 31.0 1.30958E+05
 31.5 1.31982E+05
 32.0 1.32855E+05
 32.5 1.33582E+05
 33.0 1.34166E+05
 33.5 1.34613E+05
 34.0 1.34927E+05
 34.5 1.35115E+05
 35.0 1.35182E+05
 35.5 1.35134E+05
 36.0 1.34978E+05
 36.5 1.34719E+05
 37.0 1.34364E+05
 37.5 1.33918E+05
 38.0 1.33388E+05
 38.5 1.32779E+05
 39.0 1.32098E+05
 39.5 1.31349E+05
 40.0 1.30537E+05
 40.5 1.29669E+05
 41.0 1.28748E+05
 41.5 1.27779E+05
 42.0 1.26768E+05
 42.5 1.25717E+05
 43.0 1.24631E+05
 43.5 1.23514E+05
 44.0 1.22368E+05
 44.5 1.21199E+05
 45.0 1.20008E+05
 45.5 1.18798E+05
 46.0 1.17573E+05
 46.5 1.16335E+05
 47.0 1.15086E+05
 47.5 1.13828E+05
 48.0 1.12564E+05
 48.5 1.11296E+05
 49.0 1.10024E+05
 49.5 1.08751E+05
 50.0 1.07479E+05
 50.5 1.06208E+05
 51.0 1.04940E+05
 51.5 1.03677E+05
 52.0 1.02419E+05
 52.5 1.01166E+05
 53.0 9.99212E+04
 53.5 9.86840E+04
 54.0 9.74554E+04
 54.5 9.62360E+04
 55.0 9.50265E+04
 55.5 9.38274E+04
 56.0 9.26390E+04
 56.5 9.14620E+04
 57.0 9.02965E+04
 57.5 8.91429E+04
 58.0 5.14988E+05
 58.5 8.68727E+04
 59.0 8.57564E+04
 59.5 8.41815E+05
 60.0 8.35624E+04
 60.5 8.24848E+04
 61.0 8.14203E+04
 61.5 8.03690E+04
 62.0 7.93308E+04
 62.5 7.83058E+04
 63.0 7.72939E+04
 63.5 7.62952E+04
 64.0 7.53095E+04
 64.5 7.43368E+04
 65.0 7.33771E+04
 65.5 7.24302E+04
 66.0 7.14960E+04
 66.5 7.05745E+04
 67.0 3.36832E+05
 67.5 6.87689E+04
 68.0 6.78845E+04
 68.5 6.70123E+04
 69.0 1.37397E+05
 69.5 6.19606E+04
 70.0 4.46924E+04
 70.5 4.44251E+04
 71.0 4.41546E+04
 71.5 4.38812E+04
 72.0 4.36051E+04
 72.5 4.33263E+04
 73.0 4.30450E+04
 73.5 4.27614E+04
 74.0 4.24756E+04
 74.5 4.21876E+04
 75.0 4.18977E+04
 75.5 4.16059E+04
 76.0 4.13124E+04
 76.5 4.10172E+04
 77.0 4.07205E+04
 77.5 4.04224E+04
 78.0 4.01229E+04
 78.5 3.98222E+04
 79.0 3.95204E+04
 79.5 3.92175E+04
 80.0 3.89136E+04
 80.5 3.86088E+04
 81.0 3.83031E+04
 81.5 3.79968E+04
 82.0 3.76897E+04
 82.5 3.73820E+04
 83.0 3.70738E+04
 83.5 3.67651E+04
 84.0 3.64559E+04
 84.5 3.61464E+04
 85.0 3.58366E+04
 85.5 3.55265E+04
 86.0 3.52161E+04
 86.5 3.49057E+04
 87.0 3.45950E+04
 87.5 3.42843E+04
 88.0 3.39736E+04
 88.5 3.36628E+04
 89.0 3.33520E+04
 89.5 3.30414E+04
 90.0 3.27308E+04
 90.5 3.24203E+04
 91.0 3.21101E+04
 91.5 3.18000E+04
 92.0 3.14901E+04
 92.5 3.11804E+04
 93.0 3.08711E+04
 93.5 3.05620E+04
 94.0 3.02532E+04
 94.5 2.99447E+04
 95.0 2.96366E+04
 95.5 2.93289E+04
 96.0 2.90216E+04
 96.5 2.87146E+04
 97.0 2.84081E+04
 97.5 2.81020E+04
 98.0 2.77964E+04
 98.5 2.74912E+04
 99.0 2.71865E+04
 99.5 2.68822E+04
100.0 2.65785E+04
100.5 2.62753E+04
101.0 2.59726E+04
101.5 2.56704E+04
102.0 2.53687E+04
102.5 2.50676E+04
103.0 2.47670E+04
103.5 2.44670E+04
104.0 2.41676E+04
104.5 2.38687E+04
105.0 2.35704E+04
105.5 2.32727E+04
106.0 2.29755E+04
106.5 2.26790E+04
107.0 2.23831E+04
107.5 2.20877E+04
108.0 2.17930E+04
108.5 2.14988E+04
109.0 2.12053E+04
109.5 2.09124E+04
110.0 2.06201E+04
110.5 2.03285E+04
111.0 2.00374E+04
111.5 1.97470E+04
112.0 1.94573E+04
112.5 1.91681E+04
113.0 1.88797E+04
113.5 1.85918E+04
114.0 1.83046E+04
114.5 1.80180E+04
115.0 1.77321E+04
115.5 1.74469E+04
116.0 1.71623E+04
116.5 1.68783E+04
117.0 1.65950E+04
117.5 1.63124E+04
118.0 1.60304E+04
118.5 1.57491E+04
119.0 1.54685E+04
119.5 1.51886E+04
120.0 1.49093E+04
120.5 1.46307E+04
121.0 1.43528E+04
121.5 1.40755E+04
122.0 1.37990E+04
122.5 1.35231E+04
123.0 1.32479E+04
123.5 1.29735E+04
124.0 1.26997E+04
124.5 1.24266E+04
125.0 1.21542E+04
125.5 1.18826E+04
126.0 1.16116E+04
126.5 1.13414E+04
127.0 1.10719E+04
127.5 1.08031E+04
128.0 1.05350E+04
128.5 1.02677E+04
129.0 1.00011E+04
129.5 9.73519E+03
130.0 9.47007E+03
130.5 9.20569E+03
131.0 8.94207E+03
131.5 8.67920E+03
132.0 8.41709E+03
132.5 8.15575E+03
133.0 7.89518E+03
133.5 7.63539E+03
134.0 7.37638E+03
134.5 7.11815E+03
135.0 6.86071E+03
135.5 6.60408E+03
136.0 6.34825E+03
136.5 6.09323E+03
137.0 5.83902E+03
137.5 5.58563E+03
138.0 5.33307E+03
138.5 5.08134E+03
139.0 4.83046E+03
139.5 4.58042E+03
140.0 4.33123E+03
140.5 4.08291E+03
141.0 3.83545E+03
141.5 3.58886E+03
142.0 3.34316E+03
142.5 3.09834E+03
143.0 2.85442E+03
143.5 2.61140E+03
144.0 2.36929E+03
144.5 2.12810E+03
145.0 1.88784E+03
145.5 1.64851E+03
146.0 1.41012E+03
146.5 1.17269E+03
147.0 9.36206E+02
147.5 7.00694E+02
148.0 4.66156E+02
148.5 2.32603E+02
149.0 1.93594E+01
