149K22D0W2
  0.5 0.00000E+00
  1.0 0.00000E+00
  1.5 0.00000E+00
  2.0 0.00000E+00
  2.5 0.00000E+00
  3.0 0.00000E+00
  3.5 3.30184E+04
  4.0 4.26933E+04
  4.5 5.28810E+04
  5.0 6.35790E+04
  5.5 7.47904E+04
  6.0 8.65238E+04
  6.5 9.87945E+04
  7.0 1.11628E+05
  7.5 1.25062E+05
  8.0 1.39157E+05
  8.5 2.21292E+06
  9.0 1.69640E+05
  9.5 1.96073E+06
 10.0 1.63272E+06
 10.5 7.94124E+04
 11.0 8.55004E+04
 11.5 2.22055E+05
 12.0 6.61553E+04
 12.5 6.17995E+04
 13.0 6.57470E+04
 13.5 6.97958E+04
 14.0 7.39508E+04
 14.5 7.82169E+04
 15.0 8.25986E+04
 15.5 8.70985E+04
 16.0 9.17165E+04
 16.5 9.64486E+04
 17.0 1.01286E+05
 17.5 1.06214E+05
 18.0 1.11212E+05
 18.5 1.16257E+05
 19.0 1.21317E+05
 19.5 1.26360E+05
 20.0 1.31351E+05
 20.5 1.36255E+05
 21.0 1.41035E+05
 21.5 1.45660E+05
 22.0 1.50097E+05
 22.5 1.54319E+05
 23.0 1.58303E+05
 23.5 1.62028E+05
 24.0 1.65479E+05
 24.5 1.68646E+05
 25.0 1.71519E+05
 25.5 1.74096E+05
 26.0 1.76375E+05
 26.5 1.78360E+05
 27.0 1.80055E+05
 27.5 1.81467E+05
 28.0 1.82606E+05
 28.5 1.83480E+05
 29.0 1.84103E+05
 29.5 1.84487E+05
 30.0 1.84644E+05
 30.5 1.84587E+05
 31.0 1.84331E+05
 31.5 1.83887E+05
 32.0 1.83271E+05
 32.5 1.82494E+05
 33.0 1.81570E+05
 33.5 1.80510E+05
 34.0 1.79327E+05
 34.5 1.78032E+05
 35.0 1.76634E+05
 35.5 1.75145E+05
 36.0 1.73575E+05
 36.5 1.71931E+05
 37.0 1.70223E+05
 37.5 1.68459E+05
 38.0 1.66645E+05
 38.5 1.64789E+05
 39.0 1.62897E+05
 39.5 1.60975E+05
 40.0 1.59029E+05
 40.5 1.57063E+05
 41.0 1.55082E+05
 41.5 1.53091E+05
 42.0 1.51093E+05
 42.5 1.49092E+05
 43.0 1.47091E+05
 43.5 1.45092E+05
 44.0 1.43100E+05
 44.5 1.41116E+05
 45.0 1.39142E+05
 45.5 1.37180E+05
 46.0 1.35233E+05
 46.5 1.33301E+05
 47.0 1.31386E+05
 47.5 1.29490E+05
 48.0 1.27612E+05
 48.5 1.25755E+05
 49.0 1.23920E+05
 49.5 1.22106E+05
 50.0 1.20314E+05
 50.5 1.18546E+05
 51.0 1.16801E+05
 51.5 1.15080E+05
 52.0 1.13382E+05
 52.5 1.11709E+05
 53.0 1.10060E+05
 53.5 1.08436E+05
 54.0 1.06836E+05
 54.5 1.05261E+05
 55.0 1.03710E+05
 55.5 1.02183E+05
 56.0 1.00681E+05
 56.5 9.92023E+04
 57.0 9.77476E+04
 57.5 9.63165E+04
 58.0 5.86030E+05
 58.5 9.35245E+04
 59.0 9.21629E+04
 59.5 9.54686E+05
 60.0 8.95072E+04
 60.5 8.82125E+04
 61.0 8.69395E+04
 61.5 8.56879E+04
 62.0 8.44573E+04
 62.5 8.32475E+04
 63.0 8.20581E+04
 63.5 8.08887E+04
 64.0 7.97389E+04
 64.5 7.86086E+04
 65.0 7.74972E+04
 65.5 7.64045E+04
 66.0 7.53302E+04
 66.5 7.42738E+04
 67.0 3.67178E+05
 67.5 7.22136E+04
 68.0 7.12091E+04
 68.5 7.02213E+04
 69.0 1.47076E+05
 69.5 6.59134E+04
 70.0 5.32922E+04
 70.5 5.28028E+04
 71.0 5.23151E+04
 71.5 5.18293E+04
 72.0 5.13453E+04
 72.5 5.08633E+04
 73.0 5.03833E+04
 73.5 4.99055E+04
 74.0 4.94298E+04
 74.5 4.89563E+04
 75.0 4.84852E+04
 75.5 4.80163E+04
 76.0 4.75499E+04
 76.5 4.70858E+04
 77.0 4.66242E+04
 77.5 4.61651E+04
 78.0 4.57084E+04
 78.5 4.52543E+04
 79.0 4.48027E+04
 79.5 4.43537E+04
 80.0 4.39072E+04
 80.5 4.34634E+04
 81.0 4.30221E+04
 81.5 4.25834E+04
 82.0 4.21472E+04
 82.5 4.17137E+04
 83.0 4.12827E+04
 83.5 4.08543E+04
 84.0 4.04285E+04
 84.5 4.00052E+04
 85.0 3.95845E+04
 85.5 3.91664E+04
 86.0 3.87507E+04
 86.5 3.83376E+04
 87.0 3.79269E+04
 87.5 3.75188E+04
 88.0 3.71131E+04
 88.5 3.67098E+04
 89.0 3.63089E+04
 89.5 3.59105E+04
 90.0 3.55144E+04
 90.5 3.51207E+04
 91.0 3.47294E+04
 91.5 3.43403E+04
 92.0 3.39535E+04
 92.5 3.35690E+04
 93.0 3.31868E+04
 93.5 3.28067E+04
 94.0 3.24289E+04
 94.5 3.20532E+04
 95.0 3.16797E+04
 95.5 3.13083E+04
 96.0 3.09390E+04
 96.5 3.05717E+04
 97.0 3.02065E+04
 97.5 2.98433E+04
 98.0 2.94821E+04
 98.5 2.91229E+04
 99.0 2.87656E+04
 99.5 2.84103E+04
100.0 2.80568E+04
100.5 2.77053E+04
101.0 2.73555E+04
101.5 2.70076E+04
102.0 2.66615E+04
102.5 2.63172E+04
103.0 2.59746E+04
103.5 2.56338E+04
104.0 2.52946E+04
104.5 2.49572E+04
105.0 2.46214E+04
105.5 2.42873E+04
106.0 2.39548E+04
106.5 2.36238E+04
107.0 2.32945E+04
107.5 2.29667E+04
108.0 2.26405E+04
108.5 2.23158E+04
109.0 2.19926E+04
109.5 2.16709E+04
110.0 2.13507E+04
110.5 2.10319E+04
111.0 2.07145E+04
111.5 2.03985E+04
112.0 2.00840E+04
112.5 1.97708E+04
113.0 1.94590E+04
113.5 1.91485E+04
114.0 1.88394E+04
114.5 1.85316E+04
115.0 1.82251E+04
115.5 1.79198E+04
116.0 1.76159E+04
116.5 1.73132E+04
117.0 1.70118E+04
117.5 1.67116E+04
118.0 1.64126E+04
118.5 1.61149E+04
119.0 1.58183E+04
119.5 1.55230E+04
120.0 1.52288E+04
120.5 1.49358E+04
121.0 1.46440E+04
121.5 1.43533E+04
122.0 1.40637E+04
122.5 1.37753E+04
123.0 1.34880E+04
123.5 1.32018E+04
124.0 1.29168E+04
124.5 1.26328E+04
125.0 1.23499E+04
125.5 1.20682E+04
126.0 1.17875E+04
126.5 1.15078E+04
127.0 1.12293E+04
127.5 1.09518E+04
128.0 1.06754E+04
128.5 1.04000E+04
129.0 1.01257E+04
129.5 9.85240E+03
130.0 9.58018E+03
130.5 9.30898E+03
131.0 9.03883E+03
131.5 8.76971E+03
132.0 8.50162E+03
132.5 8.23456E+03
133.0 7.96853E+03
133.5 7.70352E+03
134.0 7.43954E+03
134.5 7.17658E+03
135.0 6.91464E+03
135.5 6.65373E+03
136.0 6.39383E+03
136.5 6.13496E+03
137.0 5.87711E+03
137.5 5.62028E+03
138.0 5.36447E+03
138.5 5.10969E+03
139.0 4.85593E+03
139.5 4.60320E+03
140.0 4.35150E+03
140.5 4.10082E+03
141.0 3.85118E+03
141.5 3.60258E+03
142.0 3.35501E+03
142.5 3.10849E+03
143.0 2.86300E+03
143.5 2.61857E+03
144.0 2.37518E+03
144.5 2.13285E+03
145.0 1.89158E+03
145.5 1.65137E+03
146.0 1.41223E+03
146.5 1.17416E+03
147.0 9.37160E+02
147.5 7.01246E+02
148.0 4.66419E+02
148.5 2.32684E+02
149.0 1.93636E+01
