150K12D0W2
  0.5 0.00000E+00
  1.0 0.00000E+00
  1.5 0.00000E+00
  2.0 0.00000E+00
  2.5 0.00000E+00
  3.0 0.00000E+00
  3.5 1.47584E+04
  4.0 1.99853E+04
  4.5 2.54488E+04
  5.0 3.11286E+04
  5.5 3.70162E+04
  6.0 4.31072E+04
  6.5 4.93988E+04
  7.0 5.58894E+04
  7.5 6.25788E+04
  8.0 6.94684E+04
  8.5 2.89115E+05
  9.0 8.38638E+04
  9.5 4.45945E+05
 10.0 3.78393E+05
 10.5 3.98112E+04
 11.0 4.28349E+04
 11.5 5.28614E+04
 12.0 3.31897E+04
 12.5 3.10124E+04
 13.0 3.29895E+04
 13.5 3.49987E+04
 14.0 3.70404E+04
 14.5 3.91148E+04
 15.0 4.12222E+04
 15.5 4.33630E+04
 16.0 4.55378E+04
 16.5 4.77472E+04
 17.0 4.99918E+04
 17.5 5.22725E+04
 18.0 5.45900E+04
 18.5 5.69449E+04
 19.0 5.93376E+04
 19.5 6.17678E+04
 20.0 6.42347E+04
 20.5 6.67365E+04
 21.0 6.92702E+04
 21.5 7.18317E+04
 22.0 7.44157E+04
 22.5 7.70154E+04
 23.0 7.96228E+04
 23.5 8.22288E+04
 24.0 8.48236E+04
 24.5 8.73965E+04
 25.0 8.99365E+04
 25.5 9.24323E+04
 26.0 9.48730E+04
 26.5 9.72477E+04
 27.0 9.95464E+04
 27.5 1.01760E+05
 28.0 1.03879E+05
 28.5 1.05896E+05
 29.0 1.07805E+05
 29.5 1.09600E+05
 30.0 1.11277E+05
 30.5 1.12832E+05
 31.0 1.14264E+05
 31.5 1.15570E+05
 32.0 1.16750E+05
 32.5 1.17806E+05
 33.0 1.18737E+05
 33.5 1.19546E+05
 34.0 1.20236E+05
 34.5 1.20808E+05
 35.0 1.21267E+05
 35.5 1.21617E+05
 36.0 1.21861E+05
 36.5 1.22003E+05
 37.0 1.22049E+05
 37.5 1.22002E+05
 38.0 1.21868E+05
 38.5 1.21651E+05
 39.0 1.21355E+05
 39.5 1.20985E+05
 40.0 1.20546E+05
 40.5 1.20043E+05
 41.0 1.19478E+05
 41.5 1.18858E+05
 42.0 1.18186E+05
 42.5 1.17465E+05
 43.0 1.16700E+05
 43.5 1.15894E+05
 44.0 1.15051E+05
 44.5 1.14175E+05
 45.0 1.13267E+05
 45.5 1.12332E+05
 46.0 1.11371E+05
 46.5 1.10389E+05
 47.0 1.09386E+05
 47.5 1.08367E+05
 48.0 1.07332E+05
 48.5 1.06284E+05
 49.0 1.05226E+05
 49.5 1.04158E+05
 50.0 1.03083E+05
 50.5 1.02002E+05
 51.0 1.00916E+05
 51.5 9.98282E+04
 52.0 9.87384E+04
 52.5 9.76482E+04
 53.0 9.65588E+04
 53.5 9.54711E+04
 54.0 9.43860E+04
 54.5 9.33045E+04
 55.0 9.22273E+04
 55.5 9.11552E+04
 56.0 9.00889E+04
 56.5 8.90289E+04
 57.0 8.79758E+04
 57.5 8.69301E+04
 58.0 4.92870E+05
 58.5 8.48626E+04
 59.0 8.38416E+04
 59.5 8.07384E+05
 60.0 8.18267E+04
 60.5 8.08333E+04
 61.0 7.98496E+04
 61.5 7.88758E+04
 62.0 7.79119E+04
 62.5 7.69583E+04
 63.0 7.60149E+04
 63.5 7.50819E+04
 64.0 7.41593E+04
 64.5 7.32471E+04
 65.0 7.23455E+04
 65.5 7.14544E+04
 66.0 7.05738E+04
 66.5 6.97036E+04
 67.0 3.29099E+05
 67.5 6.79947E+04
 68.0 6.71558E+04
 68.5 6.63273E+04
 69.0 1.35155E+05
 69.5 6.09433E+04
 70.0 4.16612E+04
 70.5 4.14703E+04
 71.0 4.12753E+04
 71.5 4.10761E+04
 72.0 4.08731E+04
 72.5 4.06663E+04
 73.0 4.04558E+04
 73.5 4.02418E+04
 74.0 4.00245E+04
 74.5 3.98038E+04
 75.0 3.95800E+04
 75.5 3.93532E+04
 76.0 3.91235E+04
 76.5 3.88910E+04
 77.0 3.86558E+04
 77.5 3.84180E+04
 78.0 3.81777E+04
 78.5 3.79351E+04
 79.0 3.76902E+04
 79.5 3.74432E+04
 80.0 3.71940E+04
 80.5 3.69429E+04
 81.0 3.66898E+04
 81.5 3.64349E+04
 82.0 3.61784E+04
 82.5 3.59201E+04
 83.0 3.56603E+04
 83.5 3.53990E+04
 84.0 3.51362E+04
 84.5 3.48721E+04
 85.0 3.46067E+04
 85.5 3.43401E+04
 86.0 3.40723E+04
 86.5 3.38034E+04
 87.0 3.35335E+04
 87.5 3.32626E+04
 88.0 3.29908E+04
 88.5 3.27181E+04
 89.0 3.24445E+04
 89.5 3.21703E+04
 90.0 3.18952E+04
 90.5 3.16196E+04
 91.0 3.13432E+04
 91.5 3.10663E+04
 92.0 3.07889E+04
 92.5 3.05109E+04
 93.0 3.02325E+04
 93.5 2.99537E+04
 94.0 2.96744E+04
 94.5 2.93948E+04
 95.0 2.91149E+04
 95.5 2.88347E+04
 96.0 2.85542E+04
 96.5 2.82735E+04
 97.0 2.79925E+04
 97.5 2.77114E+04
 98.0 2.74302E+04
 98.5 2.71488E+04
 99.0 2.68674E+04
 99.5 2.65858E+04
100.0 2.63042E+04
100.5 2.60226E+04
101.0 2.57409E+04
101.5 2.54593E+04
102.0 2.51777E+04
102.5 2.48962E+04
103.0 2.46147E+04
103.5 2.43333E+04
104.0 2.40520E+04
104.5 2.37709E+04
105.0 2.34898E+04
105.5 2.32089E+04
106.0 2.29282E+04
106.5 2.26477E+04
107.0 2.23673E+04
107.5 2.20872E+04
108.0 2.18073E+04
108.5 2.15276E+04
109.0 2.12482E+04
109.5 2.09690E+04
110.0 2.06901E+04
110.5 2.04115E+04
111.0 2.01331E+04
111.5 1.98551E+04
112.0 1.95774E+04
112.5 1.93000E+04
113.0 1.90229E+04
113.5 1.87462E+04
114.0 1.84698E+04
114.5 1.81938E+04
115.0 1.79181E+04
115.5 1.76428E+04
116.0 1.73680E+04
116.5 1.70935E+04
117.0 1.68194E+04
117.5 1.65457E+04
118.0 1.62725E+04
118.5 1.59996E+04
119.0 1.57272E+04
119.5 1.54553E+04
120.0 1.51838E+04
120.5 1.49127E+04
121.0 1.46422E+04
121.5 1.43721E+04
122.0 1.41024E+04
122.5 1.38333E+04
123.0 1.35647E+04
123.5 1.32965E+04
124.0 1.30289E+04
124.5 1.27618E+04
125.0 1.24952E+04
125.5 1.22291E+04
126.0 1.19636E+04
126.5 1.16986E+04
127.0 1.14342E+04
127.5 1.11704E+04
128.0 1.09071E+04
128.5 1.06444E+04
129.0 1.03822E+04
129.5 1.01207E+04
130.0 9.85972E+03
130.5 9.59937E+03
131.0 9.33963E+03
131.5 9.08051E+03
132.0 8.82202E+03
132.5 8.56416E+03
133.0 8.30694E+03
133.5 8.05037E+03
134.0 7.79445E+03
134.5 7.53920E+03
135.0 7.28462E+03
135.5 7.03071E+03
136.0 6.77750E+03
136.5 6.52498E+03
137.0 6.27316E+03
137.5 6.02205E+03
138.0 5.77166E+03
138.5 5.52200E+03
139.0 5.27307E+03
139.5 5.02488E+03
140.0 4.77745E+03
140.5 4.53077E+03
141.0 4.28487E+03
141.5 4.03974E+03
142.0 3.79540E+03
142.5 3.55185E+03
143.0 3.30910E+03
143.5 3.06717E+03
144.0 2.82605E+03
144.5 2.58577E+03
145.0 2.34632E+03
145.5 2.10773E+03
146.0 1.86998E+03
146.5 1.63311E+03
147.0 1.39711E+03
147.5 1.16200E+03
148.0 9.27778E+02
148.5 6.94463E+02
149.0 4.62062E+02
149.5 2.30584E+02
150.0 1.91925E+01
