150K15D0W2
  0.5 0.00000E+00
  1.0 0.00000E+00
  1.5 0.00000E+00
  2.0 0.00000E+00
  2.5 0.00000E+00
  3.0 0.00000E+00
  3.5 1.99349E+04
  4.0 2.64430E+04
  4.5 3.32552E+04
  5.0 4.03583E+04
  5.5 4.77469E+04
  6.0 5.54184E+04
  6.5 6.33724E+04
  7.0 7.16107E+04
  7.5 8.01379E+04
  8.0 8.89622E+04
  8.5 6.66858E+05
  9.0 1.07560E+05
  9.5 8.30912E+05
 10.0 6.97375E+05
 10.5 5.09748E+04
 11.0 5.48321E+04
 11.5 8.56283E+04
 12.0 4.24943E+04
 12.5 3.97075E+04
 13.0 4.22242E+04
 13.5 4.47882E+04
 14.0 4.74006E+04
 14.5 5.00621E+04
 15.0 5.27743E+04
 15.5 5.55384E+04
 16.0 5.83561E+04
 16.5 6.12290E+04
 17.0 6.41585E+04
 17.5 6.71459E+04
 18.0 7.01912E+04
 18.5 7.32938E+04
 19.0 7.64511E+04
 19.5 7.96587E+04
 20.0 8.29101E+04
 20.5 8.61968E+04
 21.0 8.95076E+04
 21.5 9.28297E+04
 22.0 9.61487E+04
 22.5 9.94486E+04
 23.0 1.02713E+05
 23.5 1.05924E+05
 24.0 1.09065E+05
 24.5 1.12121E+05
 25.0 1.15074E+05
 25.5 1.17911E+05
 26.0 1.20620E+05
 26.5 1.23188E+05
 27.0 1.25606E+05
 27.5 1.27866E+05
 28.0 1.29963E+05
 28.5 1.31892E+05
 29.0 1.33650E+05
 29.5 1.35236E+05
 30.0 1.36651E+05
 30.5 1.37895E+05
 31.0 1.38972E+05
 31.5 1.39884E+05
 32.0 1.40637E+05
 32.5 1.41234E+05
 33.0 1.41683E+05
 33.5 1.41988E+05
 34.0 1.42157E+05
 34.5 1.42195E+05
 35.0 1.42110E+05
 35.5 1.41908E+05
 36.0 1.41597E+05
 36.5 1.41182E+05
 37.0 1.40672E+05
 37.5 1.40071E+05
 38.0 1.39388E+05
 38.5 1.38627E+05
 39.0 1.37795E+05
 39.5 1.36898E+05
 40.0 1.35941E+05
 40.5 1.34929E+05
 41.0 1.33868E+05
 41.5 1.32762E+05
 42.0 1.31616E+05
 42.5 1.30434E+05
 43.0 1.29220E+05
 43.5 1.27978E+05
 44.0 1.26712E+05
 44.5 1.25424E+05
 45.0 1.24118E+05
 45.5 1.22797E+05
 46.0 1.21463E+05
 46.5 1.20120E+05
 47.0 1.18768E+05
 47.5 1.17411E+05
 48.0 1.16051E+05
 48.5 1.14689E+05
 49.0 1.13327E+05
 49.5 1.11967E+05
 50.0 1.10609E+05
 50.5 1.09256E+05
 51.0 1.07909E+05
 51.5 1.06568E+05
 52.0 1.05235E+05
 52.5 1.03911E+05
 53.0 1.02596E+05
 53.5 1.01291E+05
 54.0 9.99964E+04
 54.5 9.87134E+04
 55.0 9.74423E+04
 55.5 9.61836E+04
 56.0 9.49375E+04
 56.5 9.37046E+04
 57.0 9.24850E+04
 57.5 9.12791E+04
 58.0 5.35276E+05
 58.5 8.89090E+04
 59.0 8.77452E+04
 59.5 8.75071E+05
 60.0 8.54603E+04
 60.5 8.43395E+04
 61.0 8.32331E+04
 61.5 8.21411E+04
 62.0 8.10636E+04
 62.5 8.00004E+04
 63.0 7.89515E+04
 63.5 7.79170E+04
 64.0 7.68966E+04
 64.5 7.58902E+04
 65.0 7.48978E+04
 65.5 7.39192E+04
 66.0 7.29544E+04
 66.5 7.20031E+04
 67.0 3.47759E+05
 67.5 7.01405E+04
 68.0 6.92290E+04
 68.5 6.83303E+04
 69.0 1.41150E+05
 69.5 6.33109E+04
 70.0 4.64287E+04
 70.5 4.61299E+04
 71.0 4.58286E+04
 71.5 4.55249E+04
 72.0 4.52189E+04
 72.5 4.49107E+04
 73.0 4.46006E+04
 73.5 4.42887E+04
 74.0 4.39751E+04
 74.5 4.36598E+04
 75.0 4.33431E+04
 75.5 4.30251E+04
 76.0 4.27058E+04
 76.5 4.23854E+04
 77.0 4.20640E+04
 77.5 4.17416E+04
 78.0 4.14184E+04
 78.5 4.10944E+04
 79.0 4.07698E+04
 79.5 4.04446E+04
 80.0 4.01189E+04
 80.5 3.97927E+04
 81.0 3.94662E+04
 81.5 3.91395E+04
 82.0 3.88124E+04
 82.5 3.84852E+04
 83.0 3.81580E+04
 83.5 3.78306E+04
 84.0 3.75032E+04
 84.5 3.71760E+04
 85.0 3.68487E+04
 85.5 3.65217E+04
 86.0 3.61948E+04
 86.5 3.58682E+04
 87.0 3.55418E+04
 87.5 3.52157E+04
 88.0 3.48899E+04
 88.5 3.45645E+04
 89.0 3.42395E+04
 89.5 3.39150E+04
 90.0 3.35909E+04
 90.5 3.32672E+04
 91.0 3.29441E+04
 91.5 3.26214E+04
 92.0 3.22994E+04
 92.5 3.19778E+04
 93.0 3.16569E+04
 93.5 3.13365E+04
 94.0 3.10168E+04
 94.5 3.06977E+04
 95.0 3.03793E+04
 95.5 3.00615E+04
 96.0 2.97443E+04
 96.5 2.94278E+04
 97.0 2.91121E+04
 97.5 2.87970E+04
 98.0 2.84826E+04
 98.5 2.81689E+04
 99.0 2.78560E+04
 99.5 2.75438E+04
100.0 2.72323E+04
100.5 2.69215E+04
101.0 2.66115E+04
101.5 2.63022E+04
102.0 2.59937E+04
102.5 2.56859E+04
103.0 2.53789E+04
103.5 2.50727E+04
104.0 2.47672E+04
104.5 2.44624E+04
105.0 2.41585E+04
105.5 2.38553E+04
106.0 2.35528E+04
106.5 2.32511E+04
107.0 2.29502E+04
107.5 2.26501E+04
108.0 2.23507E+04
108.5 2.20521E+04
109.0 2.17543E+04
109.5 2.14572E+04
110.0 2.11609E+04
110.5 2.08654E+04
111.0 2.05707E+04
111.5 2.02767E+04
112.0 1.99834E+04
112.5 1.96910E+04
113.0 1.93993E+04
113.5 1.91084E+04
114.0 1.88182E+04
114.5 1.85288E+04
115.0 1.82402E+04
115.5 1.79523E+04
116.0 1.76652E+04
116.5 1.73788E+04
117.0 1.70932E+04
117.5 1.68084E+04
118.0 1.65243E+04
118.5 1.62410E+04
119.0 1.59585E+04
119.5 1.56767E+04
120.0 1.53957E+04
120.5 1.51154E+04
121.0 1.48359E+04
121.5 1.45572E+04
122.0 1.42792E+04
122.5 1.40020E+04
123.0 1.37255E+04
123.5 1.34498E+04
124.0 1.31749E+04
124.5 1.29007E+04
125.0 1.26274E+04
125.5 1.23547E+04
126.0 1.20829E+04
126.5 1.18118E+04
127.0 1.15415E+04
127.5 1.12719E+04
128.0 1.10032E+04
128.5 1.07352E+04
129.0 1.04680E+04
129.5 1.02016E+04
130.0 9.93593E+03
130.5 9.67108E+03
131.0 9.40702E+03
131.5 9.14376E+03
132.0 8.88129E+03
132.5 8.61962E+03
133.0 8.35876E+03
133.5 8.09870E+03
134.0 7.83945E+03
134.5 7.58101E+03
135.0 7.32339E+03
135.5 7.06660E+03
136.0 6.81063E+03
136.5 6.55549E+03
137.0 6.30118E+03
137.5 6.04771E+03
138.0 5.79509E+03
138.5 5.54331E+03
139.0 5.29240E+03
139.5 5.04233E+03
140.0 4.79314E+03
140.5 4.54481E+03
141.0 4.29736E+03
141.5 4.05078E+03
142.0 3.80510E+03
142.5 3.56031E+03
143.0 3.31642E+03
143.5 3.07343E+03
144.0 2.83135E+03
144.5 2.59019E+03
145.0 2.34996E+03
145.5 2.11066E+03
146.0 1.87230E+03
146.5 1.63488E+03
147.0 1.39841E+03
147.5 1.16291E+03
148.0 9.28369E+02
148.5 6.94805E+02
149.0 4.62225E+02
149.5 2.30634E+02
150.0 1.91952E+01
