150K14D0W2
  0.5 0.00000E+00
  1.0 0.00000E+00
  1.5 0.00000E+00
  2.0 0.00000E+00
  2.5 0.00000E+00
  3.0 0.00000E+00
  3.5 1.81874E+04
  4.0 2.42664E+04
  4.5 3.06253E+04
  5.0 3.72491E+04
  5.5 4.41311E+04
  6.0 5.12684E+04
  6.5 5.86594E+04
  7.0 6.63045E+04
  7.5 7.42064E+04
  8.0 8.23703E+04
  8.5 5.19773E+05
  9.0 9.95250E+04
  9.5 6.92491E+05
 10.0 5.82748E+05
 10.5 4.72059E+04
 11.0 5.07793E+04
 11.5 7.30575E+04
 12.0 3.93536E+04
 12.5 3.67729E+04
 13.0 3.91061E+04
 13.5 4.14812E+04
 14.0 4.38989E+04
 14.5 4.63597E+04
 15.0 4.88647E+04
 15.5 5.14149E+04
 16.0 5.40114E+04
 16.5 5.66555E+04
 17.0 5.93485E+04
 17.5 6.20916E+04
 18.0 6.48856E+04
 18.5 6.77303E+04
 19.0 7.06249E+04
 19.5 7.35669E+04
 20.0 7.65524E+04
 20.5 7.95755E+04
 21.0 8.26286E+04
 21.5 8.57020E+04
 22.0 8.87846E+04
 22.5 9.18637E+04
 23.0 9.49254E+04
 23.5 9.79551E+04
 24.0 1.00938E+05
 24.5 1.03859E+05
 25.0 1.06704E+05
 25.5 1.09458E+05
 26.0 1.12109E+05
 26.5 1.14646E+05
 27.0 1.17057E+05
 27.5 1.19335E+05
 28.0 1.21472E+05
 28.5 1.23461E+05
 29.0 1.25300E+05
 29.5 1.26984E+05
 30.0 1.28512E+05
 30.5 1.29884E+05
 31.0 1.31102E+05
 31.5 1.32165E+05
 32.0 1.33078E+05
 32.5 1.33844E+05
 33.0 1.34467E+05
 33.5 1.34952E+05
 34.0 1.35303E+05
 34.5 1.35527E+05
 35.0 1.35629E+05
 35.5 1.35615E+05
 36.0 1.35491E+05
 36.5 1.35263E+05
 37.0 1.34937E+05
 37.5 1.34520E+05
 38.0 1.34016E+05
 38.5 1.33433E+05
 39.0 1.32775E+05
 39.5 1.32048E+05
 40.0 1.31258E+05
 40.5 1.30409E+05
 41.0 1.29506E+05
 41.5 1.28555E+05
 42.0 1.27559E+05
 42.5 1.26522E+05
 43.0 1.25449E+05
 43.5 1.24344E+05
 44.0 1.23210E+05
 44.5 1.22050E+05
 45.0 1.20867E+05
 45.5 1.19666E+05
 46.0 1.18447E+05
 46.5 1.17215E+05
 47.0 1.15971E+05
 47.5 1.14718E+05
 48.0 1.13457E+05
 48.5 1.12191E+05
 49.0 1.10922E+05
 49.5 1.09650E+05
 50.0 1.08379E+05
 50.5 1.07108E+05
 51.0 1.05840E+05
 51.5 1.04576E+05
 52.0 1.03316E+05
 52.5 1.02063E+05
 53.0 1.00815E+05
 53.5 9.95757E+04
 54.0 9.83442E+04
 54.5 9.71217E+04
 55.0 9.59087E+04
 55.5 9.47058E+04
 56.0 9.35135E+04
 56.5 9.23321E+04
 57.0 9.11622E+04
 57.5 9.00040E+04
 58.0 5.22743E+05
 58.5 8.77239E+04
 59.0 8.66025E+04
 59.5 8.55094E+05
 60.0 8.43978E+04
 60.5 8.33147E+04
 61.0 8.22446E+04
 61.5 8.11876E+04
 62.0 8.01436E+04
 62.5 7.91128E+04
 63.0 7.80951E+04
 63.5 7.70905E+04
 64.0 7.60989E+04
 64.5 7.51203E+04
 65.0 7.41546E+04
 65.5 7.32017E+04
 66.0 7.22616E+04
 66.5 7.13342E+04
 67.0 3.42299E+05
 67.5 6.95167E+04
 68.0 6.86265E+04
 68.5 6.77484E+04
 69.0 1.39401E+05
 69.5 6.26140E+04
 70.0 4.49890E+04
 70.5 4.47242E+04
 71.0 4.44563E+04
 71.5 4.41854E+04
 72.0 4.39116E+04
 72.5 4.36352E+04
 73.0 4.33562E+04
 73.5 4.30747E+04
 74.0 4.27910E+04
 74.5 4.25051E+04
 75.0 4.22172E+04
 75.5 4.19274E+04
 76.0 4.16357E+04
 76.5 4.13424E+04
 77.0 4.10475E+04
 77.5 4.07512E+04
 78.0 4.04534E+04
 78.5 4.01544E+04
 79.0 3.98541E+04
 79.5 3.95528E+04
 80.0 3.92504E+04
 80.5 3.89471E+04
 81.0 3.86430E+04
 81.5 3.83381E+04
 82.0 3.80324E+04
 82.5 3.77261E+04
 83.0 3.74193E+04
 83.5 3.71119E+04
 84.0 3.68041E+04
 84.5 3.64958E+04
 85.0 3.61872E+04
 85.5 3.58784E+04
 86.0 3.55693E+04
 86.5 3.52600E+04
 87.0 3.49506E+04
 87.5 3.46410E+04
 88.0 3.43314E+04
 88.5 3.40218E+04
 89.0 3.37122E+04
 89.5 3.34027E+04
 90.0 3.30932E+04
 90.5 3.27838E+04
 91.0 3.24747E+04
 91.5 3.21656E+04
 92.0 3.18568E+04
 92.5 3.15483E+04
 93.0 3.12400E+04
 93.5 3.09320E+04
 94.0 3.06242E+04
 94.5 3.03168E+04
 95.0 3.00098E+04
 95.5 2.97031E+04
 96.0 2.93968E+04
 96.5 2.90909E+04
 97.0 2.87854E+04
 97.5 2.84804E+04
 98.0 2.81758E+04
 98.5 2.78716E+04
 99.0 2.75679E+04
 99.5 2.72648E+04
100.0 2.69621E+04
100.5 2.66599E+04
101.0 2.63582E+04
101.5 2.60570E+04
102.0 2.57564E+04
102.5 2.54563E+04
103.0 2.51568E+04
103.5 2.48578E+04
104.0 2.45594E+04
104.5 2.42616E+04
105.0 2.39644E+04
105.5 2.36677E+04
106.0 2.33716E+04
106.5 2.30761E+04
107.0 2.27812E+04
107.5 2.24869E+04
108.0 2.21932E+04
108.5 2.19001E+04
109.0 2.16077E+04
109.5 2.13158E+04
110.0 2.10246E+04
110.5 2.07340E+04
111.0 2.04440E+04
111.5 2.01547E+04
112.0 1.98660E+04
112.5 1.95779E+04
113.0 1.92904E+04
113.5 1.90036E+04
114.0 1.87175E+04
114.5 1.84320E+04
115.0 1.81471E+04
115.5 1.78629E+04
116.0 1.75793E+04
116.5 1.72964E+04
117.0 1.70142E+04
117.5 1.67326E+04
118.0 1.64516E+04
118.5 1.61714E+04
119.0 1.58918E+04
119.5 1.56128E+04
120.0 1.53346E+04
120.5 1.50570E+04
121.0 1.47800E+04
121.5 1.45038E+04
122.0 1.42282E+04
122.5 1.39534E+04
123.0 1.36792E+04
123.5 1.34057E+04
124.0 1.31328E+04
124.5 1.28607E+04
125.0 1.25893E+04
125.5 1.23186E+04
126.0 1.20485E+04
126.5 1.17792E+04
127.0 1.15106E+04
127.5 1.12427E+04
128.0 1.09755E+04
128.5 1.07091E+04
129.0 1.04433E+04
129.5 1.01783E+04
130.0 9.91401E+03
130.5 9.65046E+03
131.0 9.38765E+03
131.5 9.12558E+03
132.0 8.86425E+03
132.5 8.60368E+03
133.0 8.34386E+03
133.5 8.08481E+03
134.0 7.82652E+03
134.5 7.56900E+03
135.0 7.31225E+03
135.5 7.05629E+03
136.0 6.80111E+03
136.5 6.54672E+03
137.0 6.29313E+03
137.5 6.04034E+03
138.0 5.78836E+03
138.5 5.53719E+03
139.0 5.28685E+03
139.5 5.03732E+03
140.0 4.78863E+03
140.5 4.54078E+03
141.0 4.29377E+03
141.5 4.04761E+03
142.0 3.80232E+03
142.5 3.55788E+03
143.0 3.31432E+03
143.5 3.07163E+03
144.0 2.82983E+03
144.5 2.58892E+03
145.0 2.34892E+03
145.5 2.10982E+03
146.0 1.87163E+03
146.5 1.63437E+03
147.0 1.39804E+03
147.5 1.16265E+03
148.0 9.28199E+02
148.5 6.94707E+02
149.0 4.62178E+02
149.5 2.30620E+02
150.0 1.91944E+01
