150K11D0W2
  0.5 0.00000E+00
  1.0 0.00000E+00
  1.5 0.00000E+00
  2.0 0.00000E+00
  2.5 0.00000E+00
  3.0 0.00000E+00
  3.5 1.30775E+04
  4.0 1.78797E+04
  4.5 2.28995E+04
  5.0 2.81137E+04
  5.5 3.35122E+04
  6.0 3.90900E+04
  6.5 4.48439E+04
  7.0 5.07717E+04
  7.5 5.68722E+04
  8.0 6.31455E+04
  8.5 2.05774E+05
  9.0 7.62182E+04
  9.5 3.41435E+05
 10.0 2.91617E+05
 10.5 3.61791E+04
 11.0 3.89360E+04
 11.5 4.50346E+04
 12.0 3.01611E+04
 12.5 2.81817E+04
 13.0 2.99856E+04
 13.5 3.18174E+04
 14.0 3.36772E+04
 14.5 3.55650E+04
 15.0 3.74810E+04
 15.5 3.94255E+04
 16.0 4.13987E+04
 16.5 4.34011E+04
 17.0 4.54328E+04
 17.5 4.74947E+04
 18.0 4.95871E+04
 18.5 5.17106E+04
 19.0 5.38656E+04
 19.5 5.60524E+04
 20.0 5.82706E+04
 20.5 6.05198E+04
 21.0 6.27983E+04
 21.5 6.51040E+04
 22.0 6.74336E+04
 22.5 6.97829E+04
 23.0 7.21464E+04
 23.5 7.45178E+04
 24.0 7.68898E+04
 24.5 7.92542E+04
 25.0 8.16024E+04
 25.5 8.39250E+04
 26.0 8.62127E+04
 26.5 8.84560E+04
 27.0 9.06457E+04
 27.5 9.27728E+04
 28.0 9.48289E+04
 28.5 9.68062E+04
 29.0 9.86978E+04
 29.5 1.00497E+05
 30.0 1.02200E+05
 30.5 1.03800E+05
 31.0 1.05295E+05
 31.5 1.06682E+05
 32.0 1.07960E+05
 32.5 1.09126E+05
 33.0 1.10182E+05
 33.5 1.11126E+05
 34.0 1.11961E+05
 34.5 1.12689E+05
 35.0 1.13310E+05
 35.5 1.13828E+05
 36.0 1.14245E+05
 36.5 1.14565E+05
 37.0 1.14791E+05
 37.5 1.14927E+05
 38.0 1.14977E+05
 38.5 1.14944E+05
 39.0 1.14833E+05
 39.5 1.14647E+05
 40.0 1.14390E+05
 40.5 1.14067E+05
 41.0 1.13682E+05
 41.5 1.13238E+05
 42.0 1.12738E+05
 42.5 1.12188E+05
 43.0 1.11590E+05
 43.5 1.10947E+05
 44.0 1.10264E+05
 44.5 1.09543E+05
 45.0 1.08787E+05
 45.5 1.07999E+05
 46.0 1.07183E+05
 46.5 1.06341E+05
 47.0 1.05474E+05
 47.5 1.04587E+05
 48.0 1.03680E+05
 48.5 1.02757E+05
 49.0 1.01818E+05
 49.5 1.00867E+05
 50.0 9.99048E+04
 50.5 9.89330E+04
 51.0 9.79533E+04
 51.5 9.69673E+04
 52.0 9.59761E+04
 52.5 9.49813E+04
 53.0 9.39839E+04
 53.5 9.29851E+04
 54.0 9.19860E+04
 54.5 9.09873E+04
 55.0 8.99902E+04
 55.5 8.89952E+04
 56.0 8.80034E+04
 56.5 8.70153E+04
 57.0 8.60315E+04
 57.5 8.50526E+04
 58.0 4.74868E+05
 58.5 8.31119E+04
 59.0 8.21509E+04
 59.5 7.78566E+05
 60.0 8.02496E+04
 60.5 7.93100E+04
 61.0 7.83782E+04
 61.5 7.74545E+04
 62.0 7.65389E+04
 62.5 7.56318E+04
 63.0 7.47333E+04
 63.5 7.38436E+04
 64.0 7.29628E+04
 64.5 7.20909E+04
 65.0 7.12281E+04
 65.5 7.03745E+04
 66.0 6.95300E+04
 66.5 6.86947E+04
 67.0 3.21012E+05
 67.5 6.70520E+04
 68.0 6.62444E+04
 68.5 6.54461E+04
 69.0 1.32540E+05
 69.5 5.99286E+04
 70.0 3.97258E+04
 70.5 3.95748E+04
 71.0 3.94191E+04
 71.5 3.92590E+04
 72.0 3.90945E+04
 72.5 3.89257E+04
 73.0 3.87529E+04
 73.5 3.85760E+04
 74.0 3.83952E+04
 74.5 3.82107E+04
 75.0 3.80226E+04
 75.5 3.78308E+04
 76.0 3.76357E+04
 76.5 3.74373E+04
 77.0 3.72356E+04
 77.5 3.70309E+04
 78.0 3.68231E+04
 78.5 3.66124E+04
 79.0 3.63989E+04
 79.5 3.61828E+04
 80.0 3.59640E+04
 80.5 3.57427E+04
 81.0 3.55189E+04
 81.5 3.52928E+04
 82.0 3.50645E+04
 82.5 3.48339E+04
 83.0 3.46013E+04
 83.5 3.43666E+04
 84.0 3.41300E+04
 84.5 3.38916E+04
 85.0 3.36513E+04
 85.5 3.34094E+04
 86.0 3.31657E+04
 86.5 3.29205E+04
 87.0 3.26738E+04
 87.5 3.24256E+04
 88.0 3.21760E+04
 88.5 3.19251E+04
 89.0 3.16729E+04
 89.5 3.14194E+04
 90.0 3.11648E+04
 90.5 3.09091E+04
 91.0 3.06523E+04
 91.5 3.03945E+04
 92.0 3.01358E+04
 92.5 2.98761E+04
 93.0 2.96155E+04
 93.5 2.93541E+04
 94.0 2.90919E+04
 94.5 2.88290E+04
 95.0 2.85653E+04
 95.5 2.83010E+04
 96.0 2.80361E+04
 96.5 2.77705E+04
 97.0 2.75044E+04
 97.5 2.72378E+04
 98.0 2.69707E+04
 98.5 2.67031E+04
 99.0 2.64350E+04
 99.5 2.61666E+04
100.0 2.58978E+04
100.5 2.56287E+04
101.0 2.53592E+04
101.5 2.50895E+04
102.0 2.48195E+04
102.5 2.45492E+04
103.0 2.42788E+04
103.5 2.40081E+04
104.0 2.37373E+04
104.5 2.34663E+04
105.0 2.31952E+04
105.5 2.29240E+04
106.0 2.26527E+04
106.5 2.23813E+04
107.0 2.21099E+04
107.5 2.18385E+04
108.0 2.15671E+04
108.5 2.12956E+04
109.0 2.10242E+04
109.5 2.07528E+04
110.0 2.04815E+04
110.5 2.02103E+04
111.0 1.99391E+04
111.5 1.96681E+04
112.0 1.93972E+04
112.5 1.91264E+04
113.0 1.88557E+04
113.5 1.85852E+04
114.0 1.83149E+04
114.5 1.80448E+04
115.0 1.77749E+04
115.5 1.75051E+04
116.0 1.72356E+04
116.5 1.69664E+04
117.0 1.66974E+04
117.5 1.64286E+04
118.0 1.61601E+04
118.5 1.58919E+04
119.0 1.56240E+04
119.5 1.53565E+04
120.0 1.50892E+04
120.5 1.48222E+04
121.0 1.45556E+04
121.5 1.42893E+04
122.0 1.40234E+04
122.5 1.37579E+04
123.0 1.34927E+04
123.5 1.32279E+04
124.0 1.29635E+04
124.5 1.26996E+04
125.0 1.24360E+04
125.5 1.21729E+04
126.0 1.19102E+04
126.5 1.16479E+04
127.0 1.13861E+04
127.5 1.11248E+04
128.0 1.08640E+04
128.5 1.06036E+04
129.0 1.03437E+04
129.5 1.00844E+04
130.0 9.82550E+03
130.5 9.56717E+03
131.0 9.30936E+03
131.5 9.05209E+03
132.0 8.79538E+03
132.5 8.53923E+03
133.0 8.28364E+03
133.5 8.02863E+03
134.0 7.77421E+03
134.5 7.52039E+03
135.0 7.26717E+03
135.5 7.01456E+03
136.0 6.76258E+03
136.5 6.51124E+03
137.0 6.26054E+03
137.5 6.01049E+03
138.0 5.76110E+03
138.5 5.51239E+03
139.0 5.26435E+03
139.5 5.01701E+03
140.0 4.77037E+03
140.5 4.52444E+03
141.0 4.27923E+03
141.5 4.03476E+03
142.0 3.79102E+03
142.5 3.54803E+03
143.0 3.30580E+03
143.5 3.06434E+03
144.0 2.82366E+03
144.5 2.58377E+03
145.0 2.34468E+03
145.5 2.10640E+03
146.0 1.86894E+03
146.5 1.63231E+03
147.0 1.39652E+03
147.5 1.16159E+03
148.0 9.27512E+02
148.5 6.94309E+02
149.0 4.61988E+02
149.5 2.30561E+02
150.0 1.91914E+01
