150K22D0W2
  0.5 0.00000E+00
  1.0 0.00000E+00
  1.5 0.00000E+00
  2.0 0.00000E+00
  2.5 0.00000E+00
  3.0 0.00000E+00
  3.5 3.28399E+04
  4.0 4.24703E+04
  4.5 5.26108E+04
  5.0 6.32589E+04
  5.5 7.44172E+04
  6.0 8.60940E+04
  6.5 9.83042E+04
  7.0 1.11072E+05
  7.5 1.24435E+05
  8.0 1.38451E+05
  8.5 2.18265E+06
  9.0 1.68746E+05
  9.5 1.94692E+06
 10.0 1.62127E+06
 10.5 7.90438E+04
 11.0 8.51031E+04
 11.5 2.19169E+05
 12.0 6.58602E+04
 12.5 6.15280E+04
 13.0 6.54591E+04
 13.5 6.94908E+04
 14.0 7.36280E+04
 14.5 7.78755E+04
 15.0 8.22380E+04
 15.5 8.67184E+04
 16.0 9.13169E+04
 16.5 9.60303E+04
 17.0 1.00850E+05
 17.5 1.05763E+05
 18.0 1.10750E+05
 18.5 1.15787E+05
 19.0 1.20844E+05
 19.5 1.25890E+05
 20.0 1.30891E+05
 20.5 1.35810E+05
 21.0 1.40613E+05
 21.5 1.45265E+05
 22.0 1.49737E+05
 22.5 1.54000E+05
 23.0 1.58029E+05
 23.5 1.61805E+05
 24.0 1.65311E+05
 24.5 1.68534E+05
 25.0 1.71468E+05
 25.5 1.74107E+05
 26.0 1.76450E+05
 26.5 1.78498E+05
 27.0 1.80257E+05
 27.5 1.81733E+05
 28.0 1.82934E+05
 28.5 1.83871E+05
 29.0 1.84554E+05
 29.5 1.84995E+05
 30.0 1.85208E+05
 30.5 1.85205E+05
 31.0 1.85000E+05
 31.5 1.84606E+05
 32.0 1.84035E+05
 32.5 1.83302E+05
 33.0 1.82419E+05
 33.5 1.81398E+05
 34.0 1.80250E+05
 34.5 1.78988E+05
 35.0 1.77621E+05
 35.5 1.76160E+05
 36.0 1.74616E+05
 36.5 1.72996E+05
 37.0 1.71309E+05
 37.5 1.69563E+05
 38.0 1.67767E+05
 38.5 1.65926E+05
 39.0 1.64048E+05
 39.5 1.62138E+05
 40.0 1.60202E+05
 40.5 1.58244E+05
 41.0 1.56271E+05
 41.5 1.54285E+05
 42.0 1.52292E+05
 42.5 1.50294E+05
 43.0 1.48295E+05
 43.5 1.46298E+05
 44.0 1.44305E+05
 44.5 1.42320E+05
 45.0 1.40345E+05
 45.5 1.38381E+05
 46.0 1.36430E+05
 46.5 1.34494E+05
 47.0 1.32575E+05
 47.5 1.30673E+05
 48.0 1.28790E+05
 48.5 1.26927E+05
 49.0 1.25085E+05
 49.5 1.23264E+05
 50.0 1.21465E+05
 50.5 1.19689E+05
 51.0 1.17936E+05
 51.5 1.16207E+05
 52.0 1.14501E+05
 52.5 1.12819E+05
 53.0 1.11161E+05
 53.5 1.09528E+05
 54.0 1.07919E+05
 54.5 1.06334E+05
 55.0 1.04774E+05
 55.5 1.03238E+05
 56.0 1.01725E+05
 56.5 1.00237E+05
 57.0 9.87730E+04
 57.5 9.73323E+04
 58.0 5.95850E+05
 58.5 9.45207E+04
 59.0 9.31494E+04
 59.5 9.71311E+05
 60.0 9.04744E+04
 60.5 8.91701E+04
 61.0 8.78876E+04
 61.5 8.66265E+04
 62.0 8.53865E+04
 62.5 8.41673E+04
 63.0 8.29685E+04
 63.5 8.17899E+04
 64.0 8.06311E+04
 64.5 7.94917E+04
 65.0 7.83714E+04
 65.5 7.72699E+04
 66.0 7.61867E+04
 66.5 7.51217E+04
 67.0 3.73563E+05
 67.5 7.30445E+04
 68.0 7.20317E+04
 68.5 7.10357E+04
 69.0 1.49362E+05
 69.5 6.66567E+04
 70.0 5.37563E+04
 70.5 5.32671E+04
 71.0 5.27795E+04
 71.5 5.22935E+04
 72.0 5.18094E+04
 72.5 5.13272E+04
 73.0 5.08471E+04
 73.5 5.03689E+04
 74.0 4.98929E+04
 74.5 4.94191E+04
 75.0 4.89475E+04
 75.5 4.84782E+04
 76.0 4.80113E+04
 76.5 4.75467E+04
 77.0 4.70846E+04
 77.5 4.66249E+04
 78.0 4.61677E+04
 78.5 4.57130E+04
 79.0 4.52608E+04
 79.5 4.48112E+04
 80.0 4.43641E+04
 80.5 4.39196E+04
 81.0 4.34776E+04
 81.5 4.30382E+04
 82.0 4.26014E+04
 82.5 4.21672E+04
 83.0 4.17356E+04
 83.5 4.13066E+04
 84.0 4.08801E+04
 84.5 4.04562E+04
 85.0 4.00349E+04
 85.5 3.96161E+04
 86.0 3.91998E+04
 86.5 3.87860E+04
 87.0 3.83748E+04
 87.5 3.79660E+04
 88.0 3.75598E+04
 88.5 3.71559E+04
 89.0 3.67545E+04
 89.5 3.63555E+04
 90.0 3.59590E+04
 90.5 3.55647E+04
 91.0 3.51729E+04
 91.5 3.47834E+04
 92.0 3.43961E+04
 92.5 3.40112E+04
 93.0 3.36285E+04
 93.5 3.32481E+04
 94.0 3.28699E+04
 94.5 3.24938E+04
 95.0 3.21200E+04
 95.5 3.17482E+04
 96.0 3.13786E+04
 96.5 3.10111E+04
 97.0 3.06457E+04
 97.5 3.02822E+04
 98.0 2.99208E+04
 98.5 2.95614E+04
 99.0 2.92040E+04
 99.5 2.88485E+04
100.0 2.84949E+04
100.5 2.81432E+04
101.0 2.77934E+04
101.5 2.74454E+04
102.0 2.70992E+04
102.5 2.67549E+04
103.0 2.64123E+04
103.5 2.60714E+04
104.0 2.57323E+04
104.5 2.53949E+04
105.0 2.50592E+04
105.5 2.47252E+04
106.0 2.43928E+04
106.5 2.40620E+04
107.0 2.37328E+04
107.5 2.34051E+04
108.0 2.30791E+04
108.5 2.27546E+04
109.0 2.24316E+04
109.5 2.21101E+04
110.0 2.17901E+04
110.5 2.14715E+04
111.0 2.11544E+04
111.5 2.08387E+04
112.0 2.05244E+04
112.5 2.02115E+04
113.0 1.99000E+04
113.5 1.95899E+04
114.0 1.92811E+04
114.5 1.89736E+04
115.0 1.86675E+04
115.5 1.83626E+04
116.0 1.80590E+04
116.5 1.77568E+04
117.0 1.74557E+04
117.5 1.71559E+04
118.0 1.68574E+04
118.5 1.65600E+04
119.0 1.62639E+04
119.5 1.59690E+04
120.0 1.56752E+04
120.5 1.53826E+04
121.0 1.50912E+04
121.5 1.48010E+04
122.0 1.45119E+04
122.5 1.42239E+04
123.0 1.39371E+04
123.5 1.36514E+04
124.0 1.33668E+04
124.5 1.30833E+04
125.0 1.28008E+04
125.5 1.25195E+04
126.0 1.22393E+04
126.5 1.19601E+04
127.0 1.16820E+04
127.5 1.14050E+04
128.0 1.11290E+04
128.5 1.08541E+04
129.0 1.05802E+04
129.5 1.03074E+04
130.0 1.00356E+04
130.5 9.76479E+03
131.0 9.49505E+03
131.5 9.22634E+03
132.0 8.95866E+03
132.5 8.69199E+03
133.0 8.42634E+03
133.5 8.16172E+03
134.0 7.89810E+03
134.5 7.63550E+03
135.0 7.37391E+03
135.5 7.11332E+03
136.0 6.85375E+03
136.5 6.59519E+03
137.0 6.33764E+03
137.5 6.08109E+03
138.0 5.82556E+03
138.5 5.57103E+03
139.0 5.31751E+03
139.5 5.06501E+03
140.0 4.81351E+03
140.5 4.56303E+03
141.0 4.31357E+03
141.5 4.06512E+03
142.0 3.81769E+03
142.5 3.57128E+03
143.0 3.32590E+03
143.5 3.08154E+03
144.0 2.83822E+03
144.5 2.59593E+03
145.0 2.35467E+03
145.5 2.11446E+03
146.0 1.87529E+03
146.5 1.63716E+03
147.0 1.40010E+03
147.5 1.16408E+03
148.0 9.29132E+02
148.5 6.95248E+02
149.0 4.62435E+02
149.5 2.30699E+02
150.0 1.91986E+01
