150K20D0W2
  0.5 0.00000E+00
  1.0 0.00000E+00
  1.5 0.00000E+00
  2.0 0.00000E+00
  2.5 0.00000E+00
  3.0 0.00000E+00
  3.5 2.90222E+04
  4.0 3.77338E+04
  4.5 4.68904E+04
  5.0 5.64863E+04
  5.5 6.65216E+04
  6.0 7.69999E+04
  6.5 8.79298E+04
  7.0 9.93263E+04
  7.5 1.11213E+05
  8.0 1.23626E+05
  8.5 1.67712E+06
  9.0 1.50250E+05
  9.5 1.61296E+06
 10.0 1.34473E+06
 10.5 7.06810E+04
 11.0 7.60666E+04
 11.5 1.73442E+05
 12.0 5.89034E+04
 12.5 5.50337E+04
 13.0 5.85340E+04
 13.5 6.21163E+04
 14.0 6.57843E+04
 14.5 6.95415E+04
 15.0 7.33918E+04
 15.5 7.73386E+04
 16.0 8.13843E+04
 16.5 8.55292E+04
 17.0 8.97708E+04
 17.5 9.41030E+04
 18.0 9.85153E+04
 18.5 1.02993E+05
 19.0 1.07517E+05
 19.5 1.12066E+05
 20.0 1.16612E+05
 20.5 1.21127E+05
 21.0 1.25583E+05
 21.5 1.29951E+05
 22.0 1.34200E+05
 22.5 1.38305E+05
 23.0 1.42240E+05
 23.5 1.45983E+05
 24.0 1.49515E+05
 24.5 1.52821E+05
 25.0 1.55887E+05
 25.5 1.58705E+05
 26.0 1.61268E+05
 26.5 1.63574E+05
 27.0 1.65622E+05
 27.5 1.67414E+05
 28.0 1.68953E+05
 28.5 1.70246E+05
 29.0 1.71300E+05
 29.5 1.72123E+05
 30.0 1.72724E+05
 30.5 1.73115E+05
 31.0 1.73305E+05
 31.5 1.73305E+05
 32.0 1.73128E+05
 32.5 1.72783E+05
 33.0 1.72283E+05
 33.5 1.71638E+05
 34.0 1.70859E+05
 34.5 1.69957E+05
 35.0 1.68942E+05
 35.5 1.67822E+05
 36.0 1.66609E+05
 36.5 1.65309E+05
 37.0 1.63933E+05
 37.5 1.62488E+05
 38.0 1.60981E+05
 38.5 1.59419E+05
 39.0 1.57809E+05
 39.5 1.56157E+05
 40.0 1.54469E+05
 40.5 1.52750E+05
 41.0 1.51005E+05
 41.5 1.49239E+05
 42.0 1.47455E+05
 42.5 1.45659E+05
 43.0 1.43853E+05
 43.5 1.42041E+05
 44.0 1.40226E+05
 44.5 1.38410E+05
 45.0 1.36597E+05
 45.5 1.34788E+05
 46.0 1.32985E+05
 46.5 1.31191E+05
 47.0 1.29408E+05
 47.5 1.27636E+05
 48.0 1.25877E+05
 48.5 1.24133E+05
 49.0 1.22404E+05
 49.5 1.20692E+05
 50.0 1.18997E+05
 50.5 1.17320E+05
 51.0 1.15662E+05
 51.5 1.14023E+05
 52.0 1.12404E+05
 52.5 1.10806E+05
 53.0 1.09227E+05
 53.5 1.07670E+05
 54.0 1.06134E+05
 54.5 1.04619E+05
 55.0 1.03125E+05
 55.5 1.01653E+05
 56.0 1.00202E+05
 56.5 9.87724E+04
 57.0 9.73641E+04
 57.5 9.59771E+04
 58.0 5.82138E+05
 58.5 9.32664E+04
 59.0 9.19423E+04
 59.5 9.49569E+05
 60.0 8.93561E+04
 60.5 8.80935E+04
 61.0 8.68509E+04
 61.5 8.56281E+04
 62.0 8.44249E+04
 62.5 8.32410E+04
 63.0 8.20761E+04
 63.5 8.09299E+04
 64.0 7.98023E+04
 64.5 7.86929E+04
 65.0 7.76013E+04
 65.5 7.65274E+04
 66.0 7.54709E+04
 66.5 7.44314E+04
 67.0 3.67803E+05
 67.5 7.24023E+04
 68.0 7.14122E+04
 68.5 7.04379E+04
 69.0 1.47536E+05
 69.5 6.59018E+04
 70.0 5.20436E+04
 70.5 5.16013E+04
 71.0 5.11596E+04
 71.5 5.07184E+04
 72.0 5.02779E+04
 72.5 4.98382E+04
 73.0 4.93994E+04
 73.5 4.89617E+04
 74.0 4.85250E+04
 74.5 4.80895E+04
 75.0 4.76553E+04
 75.5 4.72225E+04
 76.0 4.67910E+04
 76.5 4.63610E+04
 77.0 4.59325E+04
 77.5 4.55056E+04
 78.0 4.50803E+04
 78.5 4.46567E+04
 79.0 4.42347E+04
 79.5 4.38146E+04
 80.0 4.33962E+04
 80.5 4.29796E+04
 81.0 4.25648E+04
 81.5 4.21519E+04
 82.0 4.17409E+04
 82.5 4.13318E+04
 83.0 4.09246E+04
 83.5 4.05193E+04
 84.0 4.01159E+04
 84.5 3.97145E+04
 85.0 3.93151E+04
 85.5 3.89176E+04
 86.0 3.85220E+04
 86.5 3.81284E+04
 87.0 3.77368E+04
 87.5 3.73471E+04
 88.0 3.69594E+04
 88.5 3.65737E+04
 89.0 3.61898E+04
 89.5 3.58080E+04
 90.0 3.54280E+04
 90.5 3.50500E+04
 91.0 3.46738E+04
 91.5 3.42996E+04
 92.0 3.39273E+04
 92.5 3.35568E+04
 93.0 3.31882E+04
 93.5 3.28214E+04
 94.0 3.24565E+04
 94.5 3.20934E+04
 95.0 3.17321E+04
 95.5 3.13726E+04
 96.0 3.10149E+04
 96.5 3.06589E+04
 97.0 3.03047E+04
 97.5 2.99522E+04
 98.0 2.96014E+04
 98.5 2.92523E+04
 99.0 2.89049E+04
 99.5 2.85591E+04
100.0 2.82150E+04
100.5 2.78725E+04
101.0 2.75316E+04
101.5 2.71924E+04
102.0 2.68546E+04
102.5 2.65185E+04
103.0 2.61838E+04
103.5 2.58507E+04
104.0 2.55192E+04
104.5 2.51891E+04
105.0 2.48604E+04
105.5 2.45333E+04
106.0 2.42075E+04
106.5 2.38832E+04
107.0 2.35603E+04
107.5 2.32388E+04
108.0 2.29187E+04
108.5 2.25999E+04
109.0 2.22825E+04
109.5 2.19665E+04
110.0 2.16517E+04
110.5 2.13383E+04
111.0 2.10261E+04
111.5 2.07152E+04
112.0 2.04056E+04
112.5 2.00972E+04
113.0 1.97901E+04
113.5 1.94842E+04
114.0 1.91796E+04
114.5 1.88761E+04
115.0 1.85738E+04
115.5 1.82727E+04
116.0 1.79727E+04
116.5 1.76740E+04
117.0 1.73763E+04
117.5 1.70798E+04
118.0 1.67845E+04
118.5 1.64902E+04
119.0 1.61971E+04
119.5 1.59050E+04
120.0 1.56141E+04
120.5 1.53242E+04
121.0 1.50354E+04
121.5 1.47477E+04
122.0 1.44611E+04
122.5 1.41755E+04
123.0 1.38909E+04
123.5 1.36074E+04
124.0 1.33249E+04
124.5 1.30434E+04
125.0 1.27630E+04
125.5 1.24836E+04
126.0 1.22052E+04
126.5 1.19278E+04
127.0 1.16514E+04
127.5 1.13760E+04
128.0 1.11016E+04
128.5 1.08282E+04
129.0 1.05557E+04
129.5 1.02843E+04
130.0 1.00139E+04
130.5 9.74438E+03
131.0 9.47589E+03
131.5 9.20836E+03
132.0 8.94182E+03
132.5 8.67624E+03
133.0 8.41164E+03
133.5 8.14800E+03
134.0 7.88534E+03
134.5 7.62365E+03
135.0 7.36292E+03
135.5 7.10317E+03
136.0 6.84438E+03
136.5 6.58656E+03
137.0 6.32971E+03
137.5 6.07384E+03
138.0 5.81894E+03
138.5 5.56501E+03
139.0 5.31206E+03
139.5 5.06008E+03
140.0 4.80909E+03
140.5 4.55907E+03
141.0 4.31005E+03
141.5 4.06201E+03
142.0 3.81496E+03
142.5 3.56890E+03
143.0 3.32384E+03
143.5 3.07978E+03
144.0 2.83673E+03
144.5 2.59468E+03
145.0 2.35365E+03
145.5 2.11363E+03
146.0 1.87464E+03
146.5 1.63667E+03
147.0 1.39973E+03
147.5 1.16383E+03
148.0 9.28967E+02
148.5 6.95152E+02
149.0 4.62389E+02
149.5 2.30685E+02
150.0 1.91978E+01
